id, img1, img2
1, 432, 854
2, 37, 185
3, 187, 937
4, 373, 531
5, 78, 266
6, 497, 935
7, 153, 552
8, 6, 348
9, 211, 258
10, 421, 487
11, 404, 942
12, 478, 484
13, 643, 850
14, 450, 803
15, 70, 342
16, 40, 405
17, 86, 757
18, 68, 89
19, 174, 285
20, 418, 755
21, 31, 526
22, 713, 791
23, 94, 480
24, 527, 705
25, 209, 718
26, 226, 788
27, 479, 748
28, 419, 687
29, 646, 806
30, 359, 475
31, 44, 254
32, 91, 219
33, 283, 481
34, 140, 580
35, 169, 938
36, 315, 444
37, 61, 391
38, 164, 640
39, 289, 662
40, 338, 539
41, 454, 597
42, 493, 835
43, 496, 891
44, 385, 467
45, 740, 786
46, 575, 857
47, 167, 828
48, 103, 928
49, 126, 318
50, 322, 654
51, 5, 744
52, 50, 428
53, 9, 403
54, 437, 884
55, 509, 846
56, 596, 724
57, 230, 699
58, 335, 409
59, 328, 399
60, 551, 648
61, 448, 912
62, 543, 784
63, 677, 837
64, 145, 909
65, 345, 859
66, 387, 663
67, 13, 922
68, 557, 881
69, 193, 525
70, 17, 636
71, 485, 950
72, 459, 973
73, 59, 110
74, 776, 936
75, 12, 847
76, 593, 647
77, 111, 875
78, 393, 946
79, 512, 799
80, 34, 971
81, 538, 659
82, 216, 996
83, 272, 990
84, 65, 236
85, 781, 975
86, 499, 728
87, 685, 968
88, 644, 979
89, 154, 898
90, 3, 327
91, 571, 572
92, 132, 864
93, 114, 830
94, 25, 809
95, 81, 907
96, 41, 908
97, 245, 861
98, 398, 840
99, 29, 563
100, 340, 712
101, 400, 507
102, 279, 948
103, 333, 491
104, 582, 658
105, 123, 816
106, 127, 329
107, 369, 589
108, 179, 960
109, 125, 579
110, 98, 730
111, 54, 545
112, 73, 237
113, 637, 987
114, 635, 896
115, 401, 745
116, 256, 814
117, 434, 993
118, 131, 142
119, 420, 604
120, 215, 888
121, 383, 954
122, 363, 577
123, 312, 826
124, 243, 813
125, 873, 994
126, 472, 877
127, 292, 603
128, 355, 738
129, 184, 855
130, 903, 955
131, 67, 598
132, 134, 890
133, 892, 930
134, 461, 899
135, 314, 576
136, 770, 802
137, 265, 326
138, 267, 697
139, 808, 917
140, 590, 731
141, 360, 924
142, 666, 749
143, 162, 173
144, 465, 482
145, 783, 984
146, 264, 638
147, 47, 228
148, 49, 439
149, 435, 536
150, 900, 972
151, 189, 392
152, 206, 610
153, 904, 956
154, 92, 468
155, 578, 910
156, 686, 918
157, 227, 722
158, 370, 528
159, 356, 945
160, 30, 982
161, 82, 586
162, 665, 870
163, 822, 839
164, 587, 1000
165, 113, 649
166, 316, 779
167, 684, 812
168, 762, 841
169, 282, 771
170, 241, 623
171, 149, 443
172, 139, 449
173, 21, 765
174, 542, 761
175, 351, 777
176, 87, 346
177, 521, 606
178, 102, 827
179, 630, 709
180, 795, 992
181, 494, 849
182, 517, 561
183, 612, 963
184, 446, 629
185, 203, 727
186, 365, 592
187, 199, 231
188, 332, 893
189, 700, 844
190, 205, 311
191, 147, 339
192, 453, 965
193, 445, 473
194, 715, 752
195, 133, 235
196, 650, 951
197, 452, 804
198, 35, 368
199, 691, 721
200, 306, 698
201, 374, 901
202, 222, 506
203, 138, 916
204, 276, 962
205, 7, 251
206, 620, 701
207, 28, 633
208, 532, 879
209, 675, 720
210, 45, 191
211, 250, 457
212, 106, 522
213, 831, 986
214, 734, 868
215, 627, 919
216, 278, 710
217, 574, 615
218, 367, 716
219, 119, 207
220, 513, 793
221, 14, 372
222, 412, 961
223, 277, 805
224, 516, 547
225, 274, 725
226, 611, 676
227, 183, 553
228, 271, 529
229, 270, 280
230, 117, 871
231, 377, 810
232, 386, 708
233, 196, 413
234, 197, 905
235, 194, 442
236, 48, 895
237, 486, 651
238, 352, 735
239, 259, 845
240, 281, 390
241, 366, 673
242, 23, 462
243, 477, 773
244, 456, 978
245, 388, 463
246, 455, 514
247, 144, 782
248, 42, 848
249, 36, 498
250, 301, 626
251, 121, 953
252, 661, 760
253, 411, 567
254, 253, 618
255, 818, 851
256, 151, 471
257, 632, 778
258, 190, 867
259, 416, 500
260, 394, 934
261, 74, 79
262, 337, 780
263, 122, 681
264, 97, 501
265, 269, 944
266, 334, 717
267, 642, 876
268, 19, 232
269, 155, 913
270, 288, 354
271, 248, 787
272, 108, 549
273, 376, 653
274, 27, 146
275, 171, 958
276, 436, 733
277, 330, 537
278, 341, 706
279, 331, 753
280, 165, 843
281, 560, 874
282, 608, 921
283, 423, 548
284, 80, 625
285, 100, 424
286, 303, 358
287, 51, 732
288, 284, 683
289, 438, 657
290, 72, 882
291, 1, 407
292, 225, 729
293, 396, 989
294, 546, 679
295, 688, 774
296, 69, 350
297, 137, 624
298, 43, 249
299, 309, 819
300, 321, 427
301, 417, 768
302, 584, 794
303, 490, 609
304, 380, 862
305, 158, 872
306, 834, 949
307, 11, 836
308, 124, 923
309, 702, 999
310, 515, 926
311, 375, 474
312, 200, 469
313, 357, 440
314, 554, 943
315, 415, 682
316, 24, 99
317, 4, 970
318, 175, 353
319, 694, 796
320, 595, 602
321, 343, 983
322, 218, 313
323, 178, 739
324, 195, 906
325, 15, 566
326, 470, 558
327, 613, 911
328, 22, 378
329, 224, 655
330, 83, 743
331, 156, 985
332, 55, 832
333, 244, 769
334, 172, 751
335, 71, 605
336, 533, 792
337, 38, 692
338, 364, 932
339, 488, 772
340, 775, 807
341, 565, 599
342, 247, 746
343, 483, 680
344, 120, 825
345, 128, 570
346, 186, 902
347, 229, 674
348, 57, 406
349, 524, 915
350, 347, 476
351, 305, 519
352, 660, 852
353, 163, 287
354, 255, 395
355, 118, 495
356, 204, 300
357, 20, 583
358, 641, 865
359, 170, 678
360, 429, 925
361, 308, 959
362, 325, 397
363, 290, 371
364, 510, 616
365, 296, 634
366, 829, 991
367, 670, 741
368, 628, 886
369, 320, 696
370, 534, 897
371, 344, 594
372, 88, 408
373, 159, 460
374, 297, 747
375, 46, 361
376, 672, 704
377, 64, 143
378, 176, 260
379, 750, 759
380, 430, 581
381, 101, 853
382, 790, 842
383, 129, 168
384, 821, 940
385, 63, 591
386, 619, 894
387, 601, 997
388, 838, 880
389, 77, 703
390, 217, 883
391, 820, 967
392, 223, 299
393, 85, 116
394, 502, 669
395, 192, 964
396, 556, 927
397, 62, 866
398, 384, 966
399, 32, 976
400, 489, 664
401, 518, 719
402, 214, 797
403, 540, 885
404, 202, 389
405, 362, 492
406, 130, 559
407, 56, 160
408, 600, 929
409, 210, 252
410, 246, 379
411, 52, 833
412, 262, 823
413, 152, 382
414, 135, 707
415, 66, 523
416, 607, 801
417, 414, 758
418, 323, 568
419, 198, 324
420, 75, 689
421, 585, 939
422, 221, 319
423, 690, 714
424, 257, 645
425, 503, 920
426, 785, 998
427, 317, 889
428, 573, 767
429, 811, 941
430, 466, 988
431, 667, 969
432, 233, 286
433, 569, 656
434, 952, 974
435, 8, 201
436, 26, 631
437, 161, 763
438, 39, 239
439, 464, 668
440, 293, 425
441, 10, 213
442, 107, 562
443, 291, 336
444, 726, 817
445, 544, 617
446, 671, 742
447, 84, 90
448, 181, 410
449, 273, 995
450, 76, 295
451, 294, 764
452, 58, 304
453, 505, 981
454, 157, 307
455, 381, 737
456, 212, 858
457, 96, 550
458, 33, 349
459, 535, 860
460, 754, 933
461, 112, 652
462, 824, 887
463, 555, 980
464, 426, 856
465, 166, 298
466, 234, 622
467, 800, 869
468, 302, 402
469, 105, 177
470, 150, 639
471, 104, 148
472, 268, 530
473, 263, 723
474, 240, 508
475, 422, 693
476, 511, 695
477, 109, 451
478, 16, 238
479, 447, 957
480, 115, 458
481, 220, 977
482, 136, 433
483, 18, 431
484, 182, 275
485, 621, 815
486, 141, 798
487, 441, 789
488, 93, 180
489, 863, 914
490, 188, 504
491, 520, 588
492, 208, 878
493, 310, 931
494, 541, 766
495, 60, 711
496, 95, 736
497, 261, 614
498, 2, 756
499, 53, 564
500, 242, 947
501, 825, 890
502, 228, 236
503, 189, 589
504, 923, 972
505, 289, 524
506, 184, 587
507, 179, 641
508, 216, 544
509, 227, 964
510, 628, 802
511, 207, 993
512, 245, 442
513, 28, 521
514, 124, 125
515, 453, 762
516, 548, 757
517, 383, 810
518, 37, 56
519, 775, 915
520, 462, 739
521, 443, 869
522, 176, 608
523, 691, 965
524, 376, 883
525, 253, 824
526, 160, 721
527, 197, 381
528, 87, 450
529, 293, 506
530, 60, 234
531, 363, 946
532, 419, 626
533, 409, 634
534, 817, 868
535, 597, 927
536, 237, 670
537, 542, 580
538, 416, 920
539, 365, 579
540, 218, 652
541, 362, 633
542, 437, 527
543, 21, 728
544, 487, 613
545, 93, 971
546, 350, 706
547, 426, 723
548, 269, 324
549, 155, 943
550, 323, 724
551, 173, 674
552, 45, 486
553, 342, 753
554, 282, 326
555, 14, 141
556, 73, 311
557, 6, 816
558, 415, 538
559, 718, 968
560, 246, 390
561, 113, 708
562, 120, 366
563, 213, 604
564, 530, 590
565, 673, 958
566, 13, 98
567, 153, 480
568, 552, 819
569, 447, 549
570, 199, 601
571, 52, 434
572, 445, 493
573, 171, 464
574, 77, 201
575, 51, 266
576, 310, 655
577, 609, 693
578, 248, 880
579, 375, 502
580, 35, 358
581, 61, 798
582, 24, 731
583, 152, 676
584, 7, 23
585, 929, 931
586, 474, 500
587, 115, 599
588, 256, 513
589, 631, 680
590, 241, 659
591, 33, 354
592, 460, 581
593, 244, 551
594, 271, 570
595, 68, 973
596, 891, 918
597, 622, 738
598, 433, 649
599, 95, 867
600, 76, 114
601, 343, 618
602, 291, 484
603, 74, 807
604, 593, 600
605, 846, 865
606, 203, 651
607, 46, 307
608, 232, 308
609, 215, 408
610, 71, 518
611, 221, 909
612, 347, 714
613, 148, 866
614, 223, 962
615, 158, 545
616, 379, 933
617, 110, 981
618, 454, 784
619, 292, 720
620, 162, 864
621, 240, 987
622, 410, 663
623, 736, 805
624, 669, 922
625, 275, 288
626, 3, 198
627, 455, 809
628, 368, 835
629, 165, 555
630, 305, 953
631, 117, 401
632, 9, 382
633, 399, 719
634, 653, 790
635, 681, 806
636, 360, 615
637, 422, 895
638, 181, 772
639, 235, 754
640, 80, 983
641, 475, 607
642, 897, 984
643, 444, 629
644, 185, 451
645, 214, 539
646, 178, 911
647, 853, 878
648, 528, 832
649, 371, 630
650, 436, 997
651, 678, 833
652, 828, 830
653, 334, 734
654, 170, 683
655, 301, 873
656, 494, 686
657, 578, 963
658, 831, 874
659, 104, 695
660, 150, 848
661, 281, 711
662, 298, 372
663, 11, 83
664, 550, 780
665, 67, 770
666, 481, 829
667, 85, 959
668, 157, 479
669, 217, 407
670, 744, 826
671, 620, 755
672, 345, 429
673, 174, 452
674, 568, 947
675, 62, 446
676, 97, 956
677, 138, 393
678, 18, 78
679, 314, 541
680, 89, 985
681, 330, 854
682, 564, 871
683, 64, 328
684, 430, 586
685, 22, 321
686, 259, 397
687, 105, 698
688, 495, 788
689, 190, 485
690, 20, 224
691, 2, 657
692, 536, 782
693, 111, 795
694, 270, 531
695, 619, 876
696, 361, 812
697, 378, 789
698, 210, 302
699, 143, 682
700, 715, 783
701, 336, 627
702, 4, 477
703, 265, 405
704, 503, 742
705, 129, 337
706, 306, 750
707, 279, 534
708, 276, 759
709, 389, 532
710, 664, 899
711, 107, 872
712, 414, 845
713, 106, 163
714, 194, 569
715, 309, 476
716, 519, 735
717, 261, 746
718, 417, 859
719, 36, 992
720, 72, 672
721, 796, 800
722, 92, 665
723, 226, 792
724, 712, 732
725, 84, 596
726, 131, 779
727, 499, 940
728, 5, 402
729, 349, 818
730, 951, 974
731, 200, 675
732, 304, 424
733, 128, 490
734, 38, 283
735, 58, 851
736, 533, 733
737, 255, 928
738, 196, 662
739, 212, 335
740, 327, 605
741, 39, 86
742, 501, 614
743, 169, 571
744, 286, 666
745, 8, 287
746, 49, 573
747, 140, 511
748, 230, 761
749, 290, 356
750, 53, 146
751, 257, 636
752, 575, 713
753, 473, 863
754, 431, 941
755, 127, 522
756, 156, 884
757, 94, 403
758, 438, 642
759, 209, 220
760, 498, 574
761, 576, 727
762, 950, 970
763, 373, 566
764, 109, 543
765, 16, 910
766, 10, 699
767, 526, 577
768, 603, 893
769, 121, 624
770, 610, 764
771, 300, 916
772, 489, 694
773, 297, 752
774, 461, 808
775, 331, 945
776, 471, 837
777, 726, 969
778, 34, 919
779, 315, 638
780, 268, 745
781, 668, 862
782, 509, 856
783, 249, 932
784, 48, 822
785, 483, 999
786, 463, 777
787, 717, 857
788, 701, 840
789, 482, 811
790, 860, 967
791, 827, 925
792, 136, 885
793, 585, 602
794, 31, 103
795, 353, 598
796, 243, 823
797, 280, 702
798, 560, 858
799, 188, 998
800, 671, 758
801, 813, 815
802, 229, 617
803, 488, 537
804, 211, 710
805, 654, 934
806, 704, 760
807, 935, 977
808, 144, 797
809, 637, 986
810, 748, 774
811, 525, 658
812, 43, 151
813, 344, 370
814, 547, 771
815, 277, 938
816, 135, 584
817, 100, 285
818, 142, 591
819, 469, 767
820, 112, 949
821, 514, 716
822, 254, 995
823, 650, 656
824, 99, 960
825, 367, 700
826, 421, 435
827, 316, 913
828, 385, 975
829, 535, 667
830, 540, 838
831, 404, 821
832, 322, 888
833, 529, 554
834, 147, 472
835, 258, 765
836, 612, 616
837, 623, 803
838, 595, 889
839, 357, 722
840, 149, 338
841, 592, 905
842, 15, 908
843, 329, 787
844, 205, 517
845, 116, 299
846, 66, 333
847, 632, 639
848, 134, 791
849, 369, 852
850, 384, 785
851, 175, 980
852, 814, 877
853, 40, 510
854, 478, 994
855, 567, 944
856, 123, 398
857, 558, 955
858, 707, 778
859, 459, 952
860, 130, 729
861, 50, 359
862, 70, 386
863, 572, 679
864, 54, 341
865, 186, 272
866, 747, 921
867, 855, 907
868, 172, 841
869, 126, 193
870, 640, 991
871, 32, 957
872, 42, 887
873, 252, 768
874, 65, 794
875, 247, 505
876, 611, 988
877, 219, 439
878, 296, 507
879, 79, 990
880, 119, 208
881, 81, 836
882, 423, 924
883, 263, 588
884, 508, 898
885, 644, 926
886, 44, 167
887, 515, 696
888, 448, 705
889, 27, 75
890, 625, 961
891, 412, 820
892, 766, 773
893, 374, 737
894, 233, 645
895, 395, 917
896, 122, 882
897, 677, 690
898, 325, 948
899, 88, 332
900, 709, 776
901, 101, 222
902, 799, 834
903, 457, 556
904, 139, 647
905, 29, 180
906, 392, 441
907, 546, 725
908, 563, 939
909, 102, 192
910, 465, 685
911, 512, 741
912, 17, 749
913, 914, 982
914, 497, 557
915, 278, 396
916, 154, 583
917, 69, 320
918, 346, 801
919, 553, 904
920, 159, 902
921, 425, 1000
922, 250, 492
923, 621, 687
924, 468, 565
925, 19, 260
926, 182, 786
927, 470, 804
928, 25, 427
929, 118, 730
930, 183, 400
931, 225, 839
932, 231, 420
933, 284, 850
934, 317, 703
935, 684, 989
936, 491, 849
937, 688, 900
938, 59, 377
939, 204, 635
940, 594, 896
941, 239, 894
942, 47, 391
943, 251, 870
944, 191, 996
945, 63, 348
946, 108, 743
947, 312, 313
948, 82, 319
949, 264, 413
950, 91, 411
951, 606, 879
952, 168, 496
953, 467, 692
954, 352, 660
955, 340, 582
956, 339, 456
957, 57, 881
958, 387, 394
959, 30, 763
960, 166, 842
961, 26, 145
962, 440, 861
963, 262, 418
964, 648, 844
965, 90, 954
966, 132, 906
967, 781, 886
968, 294, 562
969, 458, 936
970, 303, 428
971, 133, 976
972, 661, 979
973, 41, 364
974, 137, 380
975, 161, 295
976, 177, 318
977, 55, 164
978, 449, 903
979, 238, 466
980, 206, 740
981, 559, 843
982, 12, 901
983, 202, 355
984, 847, 875
985, 242, 643
986, 1, 520
987, 187, 516
988, 751, 756
989, 96, 523
990, 195, 351
991, 930, 978
992, 432, 892
993, 388, 793
994, 912, 937
995, 273, 274
996, 267, 966
997, 689, 697
998, 406, 769
999, 504, 646
1000, 561, 942
1001, 46, 281
1002, 20, 966
1003, 625, 688
1004, 160, 666
1005, 83, 915
1006, 118, 129
1007, 638, 918
1008, 56, 137
1009, 455, 788
1010, 76, 421
1011, 964, 979
1012, 381, 582
1013, 151, 253
1014, 107, 530
1015, 613, 869
1016, 477, 856
1017, 50, 237
1018, 92, 102
1019, 134, 362
1020, 464, 790
1021, 89, 508
1022, 777, 871
1023, 291, 657
1024, 347, 944
1025, 778, 863
1026, 204, 740
1027, 310, 456
1028, 143, 402
1029, 600, 697
1030, 43, 443
1031, 757, 891
1032, 49, 518
1033, 197, 206
1034, 15, 398
1035, 136, 257
1036, 675, 768
1037, 17, 428
1038, 279, 425
1039, 225, 315
1040, 412, 534
1041, 198, 360
1042, 519, 686
1043, 759, 949
1044, 494, 668
1045, 370, 595
1046, 787, 973
1047, 106, 511
1048, 457, 899
1049, 208, 532
1050, 393, 670
1051, 39, 411
1052, 86, 824
1053, 242, 539
1054, 570, 954
1055, 234, 957
1056, 888, 938
1057, 410, 900
1058, 179, 626
1059, 338, 637
1060, 394, 597
1061, 184, 678
1062, 162, 909
1063, 34, 399
1064, 854, 996
1065, 754, 935
1066, 289, 988
1067, 202, 983
1068, 301, 436
1069, 246, 251
1070, 395, 642
1071, 187, 645
1072, 67, 290
1073, 573, 998
1074, 37, 203
1075, 533, 805
1076, 191, 892
1077, 390, 426
1078, 156, 833
1079, 859, 921
1080, 569, 728
1081, 182, 255
1082, 810, 929
1083, 742, 932
1084, 103, 417
1085, 500, 548
1086, 293, 433
1087, 79, 755
1088, 513, 834
1089, 21, 47
1090, 149, 422
1091, 199, 737
1092, 93, 985
1093, 442, 923
1094, 285, 874
1095, 12, 132
1096, 88, 181
1097, 363, 897
1098, 276, 526
1099, 577, 867
1100, 41, 427
1101, 372, 801
1102, 147, 980
1103, 119, 721
1104, 262, 689
1105, 69, 349
1106, 283, 388
1107, 505, 870
1108, 91, 95
1109, 195, 414
1110, 33, 228
1111, 193, 709
1112, 57, 528
1113, 201, 430
1114, 846, 961
1115, 278, 604
1116, 571, 621
1117, 19, 128
1118, 565, 812
1119, 294, 493
1120, 461, 994
1121, 397, 432
1122, 77, 316
1123, 216, 247
1124, 217, 392
1125, 227, 783
1126, 693, 781
1127, 280, 606
1128, 860, 908
1129, 26, 484
1130, 233, 468
1131, 324, 558
1132, 170, 361
1133, 650, 724
1134, 502, 763
1135, 38, 173
1136, 341, 704
1137, 441, 490
1138, 212, 583
1139, 765, 948
1140, 249, 997
1141, 121, 811
1142, 707, 840
1143, 168, 431
1144, 364, 609
1145, 7, 286
1146, 307, 644
1147, 54, 140
1148, 258, 910
1149, 133, 953
1150, 190, 368
1151, 743, 760
1152, 153, 448
1153, 231, 241
1154, 10, 466
1155, 145, 440
1156, 480, 919
1157, 104, 159
1158, 62, 951
1159, 462, 523
1160, 607, 660
1161, 272, 838
1162, 226, 306
1163, 326, 541
1164, 165, 305
1165, 117, 617
1166, 520, 587
1167, 722, 785
1168, 60, 485
1169, 819, 883
1170, 677, 680
1171, 356, 736
1172, 213, 346
1173, 387, 584
1174, 146, 741
1175, 351, 837
1176, 328, 800
1177, 634, 986
1178, 269, 836
1179, 420, 770
1180, 180, 406
1181, 123, 313
1182, 752, 850
1183, 263, 386
1184, 735, 927
1185, 651, 835
1186, 250, 592
1187, 635, 685
1188, 674, 989
1189, 292, 717
1190, 423, 542
1191, 207, 495
1192, 599, 706
1193, 652, 924
1194, 274, 299
1195, 229, 384
1196, 605, 858
1197, 28, 807
1198, 380, 439
1199, 861, 978
1200, 327, 726
1201, 112, 734
1202, 529, 809
1203, 97, 537
1204, 830, 906
1205, 273, 890
1206, 261, 473
1207, 671, 881
1208, 375, 543
1209, 629, 753
1210, 36, 45
1211, 588, 922
1212, 877, 958
1213, 127, 174
1214, 614, 933
1215, 75, 547
1216, 14, 535
1217, 265, 751
1218, 87, 672
1219, 506, 907
1220, 109, 771
1221, 355, 476
1222, 407, 647
1223, 732, 982
1224, 369, 749
1225, 139, 610
1226, 758, 828
1227, 633, 744
1228, 554, 965
1229, 912, 952
1230, 478, 746
1231, 383, 649
1232, 711, 784
1233, 158, 572
1234, 30, 221
1235, 68, 382
1236, 23, 352
1237, 55, 559
1238, 656, 797
1239, 183, 813
1240, 64, 545
1241, 175, 447
1242, 438, 776
1243, 245, 330
1244, 608, 956
1245, 344, 832
1246, 725, 967
1247, 232, 525
1248, 619, 774
1249, 296, 914
1250, 665, 780
1251, 699, 968
1252, 336, 483
1253, 320, 886
1254, 40, 366
1255, 662, 676
1256, 653, 694
1257, 337, 451
1258, 400, 999
1259, 98, 931
1260, 311, 974
1261, 243, 845
1262, 65, 589
1263, 4, 926
1264, 596, 829
1265, 808, 852
1266, 236, 646
1267, 590, 855
1268, 114, 916
1269, 458, 499
1270, 401, 632
1271, 555, 882
1272, 507, 955
1273, 847, 945
1274, 63, 522
1275, 32, 762
1276, 322, 792
1277, 138, 452
1278, 287, 603
1279, 192, 240
1280, 795, 839
1281, 353, 970
1282, 277, 960
1283, 319, 623
1284, 309, 687
1285, 126, 510
1286, 710, 939
1287, 636, 894
1288, 695, 844
1289, 460, 865
1290, 643, 748
1291, 342, 827
1292, 157, 574
1293, 630, 878
1294, 391, 691
1295, 503, 934
1296, 576, 898
1297, 764, 806
1298, 1, 295
1299, 194, 779
1300, 804, 849
1301, 200, 424
1302, 66, 879
1303, 702, 851
1304, 345, 444
1305, 29, 437
1306, 141, 445
1307, 639, 679
1308, 152, 993
1309, 562, 873
1310, 747, 913
1311, 82, 101
1312, 105, 733
1313, 144, 564
1314, 333, 818
1315, 31, 260
1316, 403, 920
1317, 3, 889
1318, 148, 270
1319, 218, 767
1320, 16, 540
1321, 472, 509
1322, 61, 308
1323, 235, 814
1324, 553, 901
1325, 718, 904
1326, 546, 930
1327, 297, 703
1328, 416, 712
1329, 769, 842
1330, 135, 663
1331, 81, 359
1332, 275, 664
1333, 5, 339
1334, 731, 941
1335, 176, 325
1336, 823, 880
1337, 862, 987
1338, 715, 940
1339, 166, 239
1340, 917, 972
1341, 25, 418
1342, 142, 474
1343, 357, 661
1344, 373, 729
1345, 111, 615
1346, 489, 903
1347, 501, 504
1348, 708, 947
1349, 74, 268
1350, 44, 94
1351, 682, 816
1352, 171, 371
1353, 521, 992
1354, 435, 673
1355, 267, 730
1356, 378, 658
1357, 756, 815
1358, 188, 413
1359, 177, 654
1360, 551, 593
1361, 214, 864
1362, 713, 773
1363, 211, 516
1364, 624, 990
1365, 365, 556
1366, 51, 271
1367, 655, 876
1368, 161, 389
1369, 479, 514
1370, 304, 496
1371, 196, 259
1372, 42, 648
1373, 317, 575
1374, 340, 669
1375, 115, 515
1376, 256, 696
1377, 113, 775
1378, 585, 772
1379, 219, 512
1380, 419, 887
1381, 189, 789
1382, 185, 335
1383, 150, 409
1384, 396, 817
1385, 467, 984
1386, 552, 937
1387, 450, 579
1388, 329, 488
1389, 172, 230
1390, 557, 692
1391, 415, 487
1392, 404, 586
1393, 701, 802
1394, 714, 872
1395, 826, 895
1396, 475, 866
1397, 321, 727
1398, 567, 976
1399, 469, 684
1400, 821, 963
1401, 120, 223
1402, 210, 449
1403, 254, 820
1404, 302, 374
1405, 491, 750
1406, 683, 942
1407, 465, 681
1408, 470, 602
1409, 358, 482
1410, 6, 640
1411, 803, 950
1412, 53, 220
1413, 536, 786
1414, 298, 405
1415, 598, 868
1416, 300, 492
1417, 163, 549
1418, 385, 981
1419, 209, 288
1420, 154, 631
1421, 591, 946
1422, 793, 902
1423, 48, 705
1424, 9, 905
1425, 99, 618
1426, 215, 766
1427, 8, 563
1428, 739, 885
1429, 601, 720
1430, 222, 745
1431, 616, 794
1432, 71, 318
1433, 155, 971
1434, 568, 580
1435, 925, 977
1436, 354, 544
1437, 453, 561
1438, 35, 314
1439, 18, 578
1440, 611, 761
1441, 332, 799
1442, 100, 446
1443, 581, 991
1444, 22, 376
1445, 343, 434
1446, 527, 566
1447, 454, 782
1448, 11, 334
1449, 167, 969
1450, 73, 841
1451, 131, 627
1452, 594, 936
1453, 116, 1000
1454, 463, 798
1455, 96, 831
1456, 72, 108
1457, 244, 312
1458, 620, 628
1459, 27, 641
1460, 125, 875
1461, 124, 486
1462, 825, 884
1463, 169, 896
1464, 2, 377
1465, 323, 723
1466, 893, 995
1467, 52, 59
1468, 186, 622
1469, 78, 719
1470, 70, 303
1471, 110, 164
1472, 84, 524
1473, 498, 560
1474, 481, 853
1475, 716, 791
1476, 331, 408
1477, 224, 848
1478, 13, 90
1479, 205, 284
1480, 459, 538
1481, 80, 471
1482, 252, 367
1483, 130, 698
1484, 85, 282
1485, 531, 911
1486, 517, 796
1487, 667, 738
1488, 58, 959
1489, 248, 264
1490, 350, 612
1491, 266, 700
1492, 238, 348
1493, 178, 928
1494, 24, 822
1495, 379, 943
1496, 429, 497
1497, 550, 857
1498, 659, 962
1499, 690, 975
1500, 122, 843
1501, 250, 315
1502, 68, 492
1503, 50, 963
1504, 97, 323
1505, 8, 926
1506, 43, 928
1507, 21, 954
1508, 229, 718
1509, 606, 650
1510, 456, 745
1511, 515, 673
1512, 810, 822
1513, 343, 370
1514, 248, 900
1515, 452, 720
1516, 856, 985
1517, 680, 911
1518, 9, 861
1519, 353, 684
1520, 73, 595
1521, 70, 930
1522, 58, 824
1523, 159, 593
1524, 239, 645
1525, 262, 337
1526, 130, 524
1527, 145, 857
1528, 60, 358
1529, 61, 747
1530, 319, 785
1531, 83, 935
1532, 244, 758
1533, 149, 421
1534, 195, 541
1535, 506, 783
1536, 196, 876
1537, 689, 754
1538, 394, 426
1539, 558, 659
1540, 344, 596
1541, 416, 800
1542, 554, 637
1543, 646, 725
1544, 520, 969
1545, 74, 124
1546, 497, 931
1547, 231, 273
1548, 275, 690
1549, 177, 653
1550, 298, 778
1551, 709, 734
1552, 439, 773
1553, 585, 814
1554, 110, 346
1555, 540, 867
1556, 224, 289
1557, 189, 998
1558, 341, 462
1559, 686, 717
1560, 316, 925
1561, 280, 975
1562, 85, 141
1563, 843, 995
1564, 37, 580
1565, 352, 594
1566, 392, 884
1567, 25, 620
1568, 408, 582
1569, 338, 840
1570, 664, 997
1571, 503, 581
1572, 245, 254
1573, 693, 792
1574, 381, 444
1575, 257, 635
1576, 351, 896
1577, 836, 958
1578, 125, 587
1579, 164, 348
1580, 626, 711
1581, 215, 604
1582, 397, 784
1583, 106, 263
1584, 313, 529
1585, 478, 780
1586, 328, 611
1587, 94, 249
1588, 221, 629
1589, 817, 932
1590, 227, 501
1591, 564, 770
1592, 86, 387
1593, 624, 816
1594, 22, 363
1595, 485, 728
1596, 54, 648
1597, 95, 153
1598, 105, 133
1599, 677, 819
1600, 373, 943
1601, 605, 716
1602, 682, 909
1603, 142, 218
1604, 166, 532
1605, 510, 879
1606, 26, 326
1607, 516, 996
1608, 488, 779
1609, 300, 304
1610, 13, 335
1611, 467, 924
1612, 853, 872
1613, 283, 946
1614, 291, 749
1615, 367, 615
1616, 435, 668
1617, 574, 916
1618, 184, 669
1619, 223, 744
1620, 553, 966
1621, 34, 590
1622, 459, 942
1623, 222, 347
1624, 357, 811
1625, 48, 100
1626, 253, 272
1627, 331, 632
1628, 874, 904
1629, 35, 701
1630, 345, 649
1631, 813, 846
1632, 847, 910
1633, 712, 735
1634, 470, 794
1635, 460, 870
1636, 19, 511
1637, 787, 989
1638, 230, 775
1639, 372, 964
1640, 483, 498
1641, 18, 509
1642, 705, 852
1643, 11, 526
1644, 548, 576
1645, 246, 865
1646, 507, 782
1647, 235, 834
1648, 265, 676
1649, 588, 854
1650, 464, 893
1651, 627, 799
1652, 411, 923
1653, 33, 603
1654, 455, 789
1655, 256, 395
1656, 406, 869
1657, 667, 952
1658, 616, 698
1659, 23, 123
1660, 4, 713
1661, 116, 579
1662, 307, 425
1663, 658, 722
1664, 71, 490
1665, 389, 479
1666, 623, 992
1667, 398, 631
1668, 294, 885
1669, 438, 589
1670, 78, 109
1671, 437, 873
1672, 295, 308
1673, 268, 560
1674, 111, 556
1675, 512, 613
1676, 429, 430
1677, 845, 940
1678, 434, 671
1679, 117, 496
1680, 739, 766
1681, 299, 774
1682, 178, 573
1683, 80, 432
1684, 51, 401
1685, 642, 724
1686, 647, 888
1687, 158, 892
1688, 706, 868
1689, 384, 607
1690, 20, 981
1691, 45, 726
1692, 379, 889
1693, 715, 827
1694, 269, 781
1695, 3, 243
1696, 175, 260
1697, 143, 277
1698, 484, 755
1699, 93, 535
1700, 152, 369
1701, 278, 303
1702, 405, 762
1703, 290, 561
1704, 639, 662
1705, 170, 839
1706, 236, 788
1707, 634, 832
1708, 466, 803
1709, 612, 837
1710, 120, 871
1711, 292, 618
1712, 630, 906
1713, 572, 831
1714, 614, 990
1715, 47, 670
1716, 169, 310
1717, 562, 753
1718, 327, 504
1719, 546, 830
1720, 234, 608
1721, 570, 973
1722, 174, 400
1723, 448, 866
1724, 311, 557
1725, 66, 404
1726, 38, 92
1727, 267, 949
1728, 287, 829
1729, 91, 959
1730, 663, 945
1731, 107, 890
1732, 259, 733
1733, 719, 927
1734, 144, 763
1735, 568, 950
1736, 453, 697
1737, 391, 491
1738, 160, 936
1739, 226, 674
1740, 692, 736
1741, 2, 114
1742, 282, 533
1743, 41, 443
1744, 132, 150
1745, 27, 707
1746, 147, 436
1747, 489, 551
1748, 82, 190
1749, 752, 979
1750, 654, 960
1751, 365, 598
1752, 399, 858
1753, 28, 187
1754, 602, 741
1755, 415, 531
1756, 463, 683
1757, 148, 913
1758, 32, 727
1759, 777, 881
1760, 342, 957
1761, 214, 306
1762, 200, 610
1763, 52, 776
1764, 518, 999
1765, 710, 796
1766, 182, 742
1767, 402, 842
1768, 31, 113
1769, 318, 886
1770, 62, 469
1771, 96, 225
1772, 119, 284
1773, 349, 751
1774, 270, 428
1775, 899, 933
1776, 156, 364
1777, 219, 714
1778, 1, 812
1779, 738, 921
1780, 877, 974
1781, 108, 447
1782, 55, 746
1783, 336, 563
1784, 251, 919
1785, 427, 619
1786, 461, 815
1787, 176, 420
1788, 549, 905
1789, 168, 199
1790, 569, 984
1791, 194, 211
1792, 39, 617
1793, 675, 688
1794, 317, 759
1795, 521, 729
1796, 247, 971
1797, 134, 418
1798, 115, 476
1799, 600, 859
1800, 57, 258
1801, 67, 334
1802, 441, 609
1803, 126, 851
1804, 15, 864
1805, 321, 457
1806, 233, 474
1807, 419, 855
1808, 565, 661
1809, 212, 601
1810, 844, 978
1811, 495, 640
1812, 314, 848
1813, 621, 656
1814, 12, 274
1815, 161, 513
1816, 898, 955
1817, 104, 934
1818, 325, 528
1819, 16, 878
1820, 29, 941
1821, 44, 953
1822, 655, 929
1823, 472, 793
1824, 186, 410
1825, 505, 804
1826, 471, 802
1827, 808, 991
1828, 571, 976
1829, 201, 329
1830, 388, 944
1831, 64, 354
1832, 681, 694
1833, 205, 320
1834, 53, 786
1835, 157, 578
1836, 643, 863
1837, 271, 530
1838, 732, 838
1839, 232, 377
1840, 24, 920
1841, 121, 508
1842, 636, 841
1843, 286, 743
1844, 127, 980
1845, 458, 514
1846, 5, 451
1847, 171, 862
1848, 375, 633
1849, 403, 823
1850, 293, 644
1851, 240, 875
1852, 440, 638
1853, 465, 767
1854, 473, 908
1855, 84, 915
1856, 172, 901
1857, 279, 993
1858, 641, 835
1859, 450, 454
1860, 708, 918
1861, 208, 807
1862, 163, 383
1863, 542, 938
1864, 118, 296
1865, 764, 987
1866, 378, 382
1867, 49, 173
1868, 355, 584
1869, 81, 312
1870, 445, 657
1871, 586, 761
1872, 699, 902
1873, 559, 912
1874, 137, 700
1875, 167, 522
1876, 238, 672
1877, 42, 592
1878, 481, 939
1879, 305, 333
1880, 818, 994
1881, 519, 825
1882, 36, 237
1883, 409, 702
1884, 695, 737
1885, 198, 538
1886, 517, 805
1887, 206, 748
1888, 731, 821
1889, 76, 79
1890, 988, 1000
1891, 193, 366
1892, 477, 703
1893, 213, 894
1894, 217, 412
1895, 140, 860
1896, 179, 678
1897, 63, 552
1898, 545, 567
1899, 65, 970
1900, 122, 983
1901, 139, 210
1902, 442, 968
1903, 216, 809
1904, 413, 597
1905, 98, 704
1906, 188, 628
1907, 10, 204
1908, 332, 393
1909, 407, 679
1910, 203, 820
1911, 390, 487
1912, 340, 482
1913, 494, 791
1914, 138, 324
1915, 264, 468
1916, 350, 760
1917, 288, 956
1918, 302, 887
1919, 396, 583
1920, 493, 903
1921, 414, 730
1922, 386, 962
1923, 162, 180
1924, 380, 660
1925, 6, 360
1926, 696, 797
1927, 165, 502
1928, 795, 965
1929, 750, 982
1930, 88, 849
1931, 309, 666
1932, 7, 202
1933, 56, 914
1934, 276, 769
1935, 691, 798
1936, 151, 322
1937, 424, 566
1938, 577, 986
1939, 77, 431
1940, 297, 433
1941, 241, 685
1942, 385, 534
1943, 339, 891
1944, 197, 544
1945, 207, 937
1946, 72, 220
1947, 356, 376
1948, 500, 895
1949, 192, 446
1950, 30, 185
1951, 285, 651
1952, 146, 362
1953, 101, 883
1954, 131, 575
1955, 255, 266
1956, 368, 550
1957, 622, 801
1958, 527, 826
1959, 89, 828
1960, 252, 423
1961, 14, 102
1962, 135, 771
1963, 417, 547
1964, 46, 539
1965, 136, 977
1966, 422, 555
1967, 40, 103
1968, 154, 882
1969, 374, 947
1970, 128, 967
1971, 90, 951
1972, 757, 897
1973, 523, 723
1974, 371, 765
1975, 99, 228
1976, 155, 537
1977, 922, 961
1978, 112, 330
1979, 772, 917
1980, 361, 480
1981, 59, 591
1982, 17, 972
1983, 806, 907
1984, 449, 756
1985, 475, 499
1986, 261, 880
1987, 242, 281
1988, 625, 665
1989, 87, 181
1990, 536, 948
1991, 129, 486
1992, 599, 768
1993, 183, 652
1994, 721, 850
1995, 75, 191
1996, 209, 687
1997, 69, 790
1998, 301, 833
1999, 359, 525
2000, 543, 740
2001, 211, 477
2002, 299, 762
2003, 213, 859
2004, 791, 947
2005, 609, 825
2006, 60, 980
2007, 294, 958
2008, 34, 443
2009, 246, 262
2010, 50, 502
2011, 288, 854
2012, 862, 976
2013, 824, 925
2014, 290, 680
2015, 432, 597
2016, 137, 344
2017, 219, 346
2018, 93, 514
2019, 254, 800
2020, 136, 548
2021, 348, 489
2022, 367, 574
2023, 770, 922
2024, 806, 891
2025, 511, 642
2026, 509, 560
2027, 364, 524
2028, 522, 969
2029, 41, 400
2030, 469, 473
2031, 416, 468
2032, 230, 534
2033, 184, 241
2034, 7, 623
2035, 457, 625
2036, 498, 827
2037, 843, 971
2038, 576, 596
2039, 243, 440
2040, 67, 90
2041, 545, 986
2042, 65, 120
2043, 315, 907
2044, 561, 793
2045, 441, 923
2046, 765, 805
2047, 429, 893
2048, 4, 69
2049, 566, 678
2050, 651, 695
2051, 180, 619
2052, 497, 842
2053, 56, 964
2054, 383, 386
2055, 570, 571
2056, 192, 214
2057, 45, 989
2058, 739, 945
2059, 5, 599
2060, 583, 984
2061, 71, 628
2062, 138, 913
2063, 728, 799
2064, 318, 328
2065, 307, 640
2066, 97, 449
2067, 121, 828
2068, 188, 911
2069, 203, 486
2070, 310, 569
2071, 215, 354
2072, 218, 433
2073, 226, 780
2074, 44, 754
2075, 13, 929
2076, 322, 899
2077, 439, 763
2078, 359, 638
2079, 327, 660
2080, 46, 665
2081, 311, 957
2082, 490, 747
2083, 878, 979
2084, 356, 442
2085, 627, 681
2086, 407, 527
2087, 456, 927
2088, 279, 701
2089, 263, 521
2090, 494, 788
2091, 6, 918
2092, 876, 983
2093, 70, 387
2094, 406, 900
2095, 177, 306
2096, 392, 593
2097, 316, 787
2098, 197, 954
2099, 428, 683
2100, 250, 608
2101, 141, 779
2102, 615, 620
2103, 81, 309
2104, 481, 921
2105, 144, 613
2106, 148, 626
2107, 663, 786
2108, 303, 603
2109, 342, 368
2110, 26, 587
2111, 549, 935
2112, 66, 807
2113, 376, 783
2114, 74, 403
2115, 94, 831
2116, 113, 496
2117, 157, 221
2118, 601, 873
2119, 391, 460
2120, 434, 813
2121, 320, 520
2122, 131, 282
2123, 182, 206
2124, 298, 894
2125, 38, 949
2126, 647, 875
2127, 709, 729
2128, 25, 267
2129, 245, 550
2130, 408, 909
2131, 100, 450
2132, 669, 944
2133, 287, 700
2134, 174, 838
2135, 286, 353
2136, 165, 890
2137, 129, 676
2138, 897, 975
2139, 297, 352
2140, 202, 682
2141, 264, 733
2142, 114, 149
2143, 743, 934
2144, 553, 578
2145, 84, 88
2146, 542, 784
2147, 380, 705
2148, 388, 962
2149, 78, 466
2150, 334, 937
2151, 540, 689
2152, 54, 493
2153, 455, 507
2154, 292, 961
2155, 362, 835
2156, 708, 837
2157, 691, 872
2158, 794, 848
2159, 191, 711
2160, 175, 413
2161, 375, 865
2162, 159, 302
2163, 10, 135
2164, 485, 488
2165, 125, 411
2166, 248, 881
2167, 132, 621
2168, 62, 698
2169, 399, 559
2170, 91, 397
2171, 573, 629
2172, 694, 707
2173, 178, 258
2174, 240, 804
2175, 598, 798
2176, 476, 506
2177, 645, 809
2178, 68, 128
2179, 536, 998
2180, 111, 133
2181, 385, 956
2182, 463, 796
2183, 222, 396
2184, 95, 795
2185, 187, 836
2186, 53, 606
2187, 29, 205
2188, 329, 410
2189, 982, 995
2190, 223, 370
2191, 667, 816
2192, 21, 321
2193, 474, 589
2194, 3, 48
2195, 236, 978
2196, 389, 419
2197, 14, 156
2198, 42, 775
2199, 479, 659
2200, 666, 782
2201, 193, 275
2202, 47, 519
2203, 139, 324
2204, 269, 543
2205, 152, 703
2206, 176, 544
2207, 168, 889
2208, 584, 841
2209, 259, 285
2210, 326, 974
2211, 726, 950
2212, 679, 789
2213, 164, 955
2214, 261, 741
2215, 253, 617
2216, 555, 999
2217, 834, 973
2218, 563, 972
2219, 345, 600
2220, 255, 953
2221, 112, 167
2222, 361, 461
2223, 30, 338
2224, 242, 554
2225, 220, 869
2226, 314, 965
2227, 712, 919
2228, 451, 547
2229, 36, 905
2230, 244, 785
2231, 312, 769
2232, 80, 199
2233, 212, 633
2234, 632, 734
2235, 37, 814
2236, 123, 260
2237, 151, 592
2238, 981, 985
2239, 844, 1000
2240, 568, 830
2241, 349, 686
2242, 127, 677
2243, 556, 839
2244, 382, 528
2245, 518, 688
2246, 501, 803
2247, 16, 61
2248, 51, 928
2249, 79, 590
2250, 404, 840
2251, 20, 257
2252, 119, 860
2253, 171, 340
2254, 643, 939
2255, 802, 968
2256, 142, 994
2257, 414, 674
2258, 277, 357
2259, 546, 732
2260, 565, 790
2261, 575, 721
2262, 308, 946
2263, 339, 752
2264, 697, 930
2265, 459, 895
2266, 198, 624
2267, 1, 595
2268, 585, 861
2269, 233, 832
2270, 631, 910
2271, 283, 582
2272, 22, 904
2273, 224, 853
2274, 652, 778
2275, 207, 722
2276, 744, 874
2277, 77, 987
2278, 447, 941
2279, 52, 401
2280, 105, 510
2281, 87, 418
2282, 19, 256
2283, 115, 140
2284, 823, 959
2285, 393, 967
2286, 126, 516
2287, 714, 880
2288, 163, 716
2289, 284, 808
2290, 96, 448
2291, 692, 845
2292, 293, 535
2293, 102, 458
2294, 122, 735
2295, 417, 472
2296, 381, 916
2297, 504, 650
2298, 684, 877
2299, 614, 699
2300, 551, 951
2301, 18, 933
2302, 710, 963
2303, 438, 886
2304, 579, 849
2305, 484, 495
2306, 9, 480
2307, 715, 996
2308, 395, 888
2309, 208, 272
2310, 281, 766
2311, 591, 815
2312, 15, 852
2313, 63, 492
2314, 365, 369
2315, 850, 851
2316, 266, 792
2317, 43, 300
2318, 145, 358
2319, 332, 483
2320, 296, 970
2321, 317, 776
2322, 630, 818
2323, 271, 611
2324, 153, 817
2325, 341, 539
2326, 696, 997
2327, 99, 717
2328, 977, 988
2329, 196, 725
2330, 190, 295
2331, 101, 641
2332, 109, 768
2333, 304, 671
2334, 40, 718
2335, 228, 736
2336, 179, 801
2337, 89, 405
2338, 160, 194
2339, 952, 992
2340, 422, 649
2341, 464, 746
2342, 276, 673
2343, 431, 833
2344, 181, 756
2345, 446, 731
2346, 812, 857
2347, 204, 526
2348, 758, 993
2349, 530, 942
2350, 12, 657
2351, 394, 656
2352, 117, 616
2353, 445, 903
2354, 150, 172
2355, 444, 558
2356, 693, 867
2357, 350, 748
2358, 635, 908
2359, 330, 797
2360, 73, 201
2361, 185, 580
2362, 371, 966
2363, 425, 648
2364, 531, 685
2365, 237, 557
2366, 508, 915
2367, 2, 110
2368, 538, 724
2369, 581, 820
2370, 847, 868
2371, 162, 426
2372, 491, 753
2373, 537, 738
2374, 209, 505
2375, 161, 336
2376, 235, 274
2377, 347, 372
2378, 92, 662
2379, 552, 882
2380, 437, 892
2381, 435, 523
2382, 533, 896
2383, 17, 59
2384, 143, 713
2385, 636, 822
2386, 313, 774
2387, 124, 378
2388, 658, 760
2389, 238, 687
2390, 512, 884
2391, 57, 333
2392, 82, 773
2393, 610, 863
2394, 331, 943
2395, 430, 727
2396, 104, 586
2397, 8, 654
2398, 588, 668
2399, 210, 887
2400, 24, 706
2401, 75, 118
2402, 740, 960
2403, 249, 499
2404, 31, 811
2405, 55, 467
2406, 291, 453
2407, 421, 452
2408, 532, 767
2409, 217, 936
2410, 755, 761
2411, 704, 730
2412, 231, 525
2413, 195, 513
2414, 470, 912
2415, 572, 902
2416, 173, 427
2417, 155, 926
2418, 27, 158
2419, 402, 723
2420, 265, 990
2421, 134, 398
2422, 72, 612
2423, 225, 239
2424, 58, 229
2425, 605, 737
2426, 720, 938
2427, 517, 924
2428, 35, 130
2429, 515, 675
2430, 116, 879
2431, 146, 289
2432, 32, 917
2433, 366, 567
2434, 661, 750
2435, 690, 885
2436, 98, 170
2437, 644, 829
2438, 373, 991
2439, 147, 424
2440, 49, 154
2441, 423, 898
2442, 305, 672
2443, 273, 639
2444, 562, 940
2445, 103, 742
2446, 529, 719
2447, 634, 759
2448, 169, 420
2449, 64, 335
2450, 216, 232
2451, 781, 855
2452, 33, 764
2453, 325, 503
2454, 227, 471
2455, 11, 415
2456, 374, 390
2457, 166, 920
2458, 819, 870
2459, 200, 670
2460, 106, 189
2461, 482, 664
2462, 541, 751
2463, 183, 810
2464, 454, 702
2465, 379, 604
2466, 607, 622
2467, 462, 901
2468, 475, 653
2469, 772, 864
2470, 280, 564
2471, 108, 363
2472, 412, 931
2473, 745, 906
2474, 76, 355
2475, 270, 602
2476, 86, 948
2477, 301, 771
2478, 247, 409
2479, 351, 932
2480, 500, 858
2481, 252, 856
2482, 319, 337
2483, 107, 323
2484, 436, 465
2485, 487, 646
2486, 83, 377
2487, 251, 618
2488, 85, 883
2489, 39, 186
2490, 28, 914
2491, 777, 846
2492, 23, 871
2493, 384, 577
2494, 343, 655
2495, 478, 826
2496, 278, 757
2497, 821, 866
2498, 234, 637
2499, 360, 594
2500, 268, 749
2501, 120, 456
2502, 897, 968
2503, 654, 777
2504, 521, 785
2505, 524, 924
2506, 551, 876
2507, 234, 322
2508, 88, 687
2509, 451, 517
2510, 83, 834
2511, 27, 675
2512, 627, 694
2513, 131, 557
2514, 222, 988
2515, 13, 721
2516, 242, 733
2517, 788, 936
2518, 169, 866
2519, 251, 898
2520, 833, 843
2521, 849, 993
2522, 573, 670
2523, 87, 604
2524, 839, 948
2525, 108, 398
2526, 447, 875
2527, 257, 768
2528, 702, 969
2529, 313, 731
2530, 239, 269
2531, 538, 726
2532, 200, 606
2533, 221, 778
2534, 45, 103
2535, 403, 578
2536, 518, 580
2537, 554, 597
2538, 421, 757
2539, 42, 94
2540, 191, 730
2541, 202, 902
2542, 515, 699
2543, 528, 630
2544, 167, 553
2545, 536, 854
2546, 66, 284
2547, 412, 648
2548, 73, 992
2549, 385, 784
2550, 215, 417
2551, 217, 585
2552, 114, 587
2553, 237, 693
2554, 645, 688
2555, 343, 610
2556, 59, 883
2557, 157, 966
2558, 371, 602
2559, 377, 433
2560, 25, 273
2561, 454, 472
2562, 315, 612
2563, 774, 1000
2564, 274, 328
2565, 380, 445
2566, 333, 676
2567, 4, 832
2568, 354, 819
2569, 176, 550
2570, 407, 943
2571, 678, 886
2572, 2, 246
2573, 525, 856
2574, 57, 102
2575, 296, 584
2576, 183, 444
2577, 413, 618
2578, 348, 697
2579, 122, 205
2580, 681, 812
2581, 91, 956
2582, 707, 964
2583, 481, 972
2584, 265, 695
2585, 287, 816
2586, 712, 736
2587, 140, 271
2588, 272, 848
2589, 81, 959
2590, 641, 673
2591, 68, 160
2592, 54, 814
2593, 293, 838
2594, 18, 162
2595, 152, 852
2596, 43, 978
2597, 314, 947
2598, 283, 341
2599, 116, 504
2600, 151, 544
2601, 39, 690
2602, 631, 685
2603, 150, 436
2604, 462, 817
2605, 391, 446
2606, 253, 665
2607, 119, 276
2608, 155, 794
2609, 375, 516
2610, 470, 623
2611, 266, 879
2612, 809, 954
2613, 178, 325
2614, 290, 629
2615, 355, 568
2616, 818, 965
2617, 30, 309
2618, 294, 982
2619, 747, 957
2620, 15, 260
2621, 40, 935
2622, 48, 821
2623, 593, 803
2624, 352, 571
2625, 599, 826
2626, 340, 909
2627, 1, 907
2628, 642, 933
2629, 229, 560
2630, 344, 760
2631, 671, 763
2632, 613, 998
2633, 324, 700
2634, 463, 844
2635, 53, 105
2636, 104, 507
2637, 250, 913
2638, 308, 460
2639, 62, 991
2640, 60, 338
2641, 414, 830
2642, 123, 429
2643, 156, 316
2644, 206, 212
2645, 498, 529
2646, 672, 873
2647, 82, 486
2648, 360, 911
2649, 582, 727
2650, 303, 404
2651, 98, 893
2652, 789, 892
2653, 75, 337
2654, 494, 713
2655, 800, 967
2656, 226, 552
2657, 213, 563
2658, 47, 280
2659, 233, 492
2660, 190, 981
2661, 248, 611
2662, 207, 286
2663, 32, 853
2664, 258, 449
2665, 467, 489
2666, 327, 430
2667, 566, 985
2668, 35, 572
2669, 434, 776
2670, 6, 590
2671, 497, 845
2672, 607, 850
2673, 350, 827
2674, 545, 600
2675, 369, 754
2676, 487, 601
2677, 179, 558
2678, 465, 979
2679, 28, 802
2680, 109, 347
2681, 10, 34
2682, 559, 598
2683, 710, 739
2684, 464, 889
2685, 318, 951
2686, 14, 668
2687, 12, 264
2688, 632, 942
2689, 910, 952
2690, 468, 569
2691, 74, 144
2692, 268, 740
2693, 793, 884
2694, 189, 984
2695, 64, 95
2696, 16, 277
2697, 168, 418
2698, 7, 142
2699, 247, 259
2700, 782, 837
2701, 175, 752
2702, 738, 971
2703, 29, 767
2704, 292, 917
2705, 482, 792
2706, 367, 756
2707, 894, 932
2708, 366, 934
2709, 624, 625
2710, 307, 523
2711, 484, 639
2712, 706, 923
2713, 466, 899
2714, 501, 963
2715, 236, 305
2716, 76, 841
2717, 356, 493
2718, 500, 722
2719, 67, 510
2720, 79, 596
2721, 110, 196
2722, 312, 944
2723, 402, 656
2724, 192, 773
2725, 511, 657
2726, 535, 806
2727, 530, 881
2728, 888, 921
2729, 851, 940
2730, 255, 783
2731, 704, 962
2732, 220, 961
2733, 537, 677
2734, 435, 562
2735, 807, 927
2736, 126, 651
2737, 134, 764
2738, 23, 374
2739, 361, 652
2740, 351, 790
2741, 136, 282
2742, 194, 450
2743, 106, 820
2744, 289, 297
2745, 154, 662
2746, 56, 390
2747, 97, 735
2748, 633, 855
2749, 791, 920
2750, 141, 682
2751, 605, 659
2752, 485, 796
2753, 870, 989
2754, 77, 908
2755, 591, 658
2756, 330, 761
2757, 857, 860
2758, 419, 440
2759, 425, 709
2760, 453, 946
2761, 508, 723
2762, 653, 999
2763, 31, 210
2764, 635, 926
2765, 17, 994
2766, 379, 555
2767, 223, 473
2768, 799, 835
2769, 332, 955
2770, 491, 686
2771, 132, 346
2772, 368, 405
2773, 245, 734
2774, 299, 540
2775, 36, 526
2776, 335, 805
2777, 345, 661
2778, 55, 397
2779, 146, 438
2780, 187, 616
2781, 254, 895
2782, 539, 564
2783, 174, 363
2784, 395, 565
2785, 133, 664
2786, 172, 749
2787, 204, 588
2788, 871, 880
2789, 148, 579
2790, 89, 718
2791, 452, 869
2792, 643, 679
2793, 61, 868
2794, 846, 983
2795, 576, 960
2796, 231, 496
2797, 331, 976
2798, 164, 900
2799, 424, 696
2800, 567, 617
2801, 92, 609
2802, 319, 714
2803, 130, 502
2804, 381, 753
2805, 401, 469
2806, 193, 256
2807, 197, 765
2808, 471, 775
2809, 532, 930
2810, 177, 986
2811, 373, 772
2812, 638, 896
2813, 182, 474
2814, 241, 762
2815, 218, 882
2816, 121, 903
2817, 58, 938
2818, 135, 495
2819, 432, 931
2820, 3, 506
2821, 232, 795
2822, 52, 622
2823, 249, 859
2824, 208, 689
2825, 847, 885
2826, 288, 461
2827, 199, 655
2828, 479, 621
2829, 275, 918
2830, 636, 751
2831, 111, 165
2832, 261, 477
2833, 230, 357
2834, 228, 990
2835, 759, 953
2836, 634, 717
2837, 416, 975
2838, 741, 977
2839, 326, 476
2840, 758, 872
2841, 362, 520
2842, 41, 166
2843, 744, 780
2844, 556, 929
2845, 173, 878
2846, 408, 949
2847, 267, 509
2848, 415, 945
2849, 78, 320
2850, 227, 666
2851, 589, 840
2852, 399, 499
2853, 505, 533
2854, 393, 683
2855, 531, 831
2856, 99, 301
2857, 129, 877
2858, 387, 410
2859, 748, 771
2860, 244, 711
2861, 137, 595
2862, 127, 503
2863, 72, 674
2864, 586, 628
2865, 145, 458
2866, 372, 427
2867, 716, 836
2868, 310, 916
2869, 46, 914
2870, 243, 939
2871, 649, 669
2872, 21, 574
2873, 480, 824
2874, 211, 919
2875, 263, 620
2876, 238, 358
2877, 50, 353
2878, 38, 439
2879, 365, 422
2880, 118, 811
2881, 570, 823
2882, 420, 797
2883, 209, 750
2884, 386, 728
2885, 149, 457
2886, 291, 912
2887, 184, 692
2888, 442, 915
2889, 252, 543
2890, 329, 737
2891, 240, 400
2892, 626, 786
2893, 180, 186
2894, 389, 581
2895, 459, 719
2896, 475, 637
2897, 478, 667
2898, 5, 20
2899, 705, 715
2900, 334, 724
2901, 115, 428
2902, 701, 995
2903, 522, 865
2904, 33, 729
2905, 69, 561
2906, 311, 441
2907, 359, 382
2908, 9, 891
2909, 745, 829
2910, 181, 862
2911, 336, 801
2912, 161, 619
2913, 100, 974
2914, 592, 828
2915, 376, 490
2916, 647, 660
2917, 514, 720
2918, 822, 922
2919, 323, 615
2920, 577, 787
2921, 339, 443
2922, 519, 867
2923, 384, 997
2924, 159, 548
2925, 11, 113
2926, 125, 746
2927, 302, 904
2928, 128, 770
2929, 378, 698
2930, 26, 455
2931, 285, 928
2932, 90, 640
2933, 527, 804
2934, 198, 650
2935, 388, 937
2936, 96, 406
2937, 107, 996
2938, 225, 603
2939, 941, 958
2940, 423, 950
2941, 188, 304
2942, 342, 644
2943, 171, 409
2944, 224, 394
2945, 216, 798
2946, 396, 431
2947, 364, 863
2948, 163, 743
2949, 684, 779
2950, 86, 890
2951, 742, 925
2952, 426, 541
2953, 80, 542
2954, 44, 317
2955, 139, 270
2956, 185, 235
2957, 680, 858
2958, 19, 755
2959, 93, 411
2960, 138, 732
2961, 22, 85
2962, 203, 306
2963, 370, 970
2964, 815, 864
2965, 147, 810
2966, 117, 546
2967, 214, 905
2968, 300, 769
2969, 84, 725
2970, 437, 825
2971, 383, 987
2972, 112, 488
2973, 279, 808
2974, 448, 861
2975, 594, 608
2976, 195, 278
2977, 158, 262
2978, 51, 813
2979, 37, 980
2980, 49, 153
2981, 703, 973
2982, 124, 483
2983, 71, 547
2984, 321, 842
2985, 646, 766
2986, 614, 691
2987, 201, 534
2988, 70, 349
2989, 513, 583
2990, 295, 901
2991, 24, 906
2992, 512, 887
2993, 143, 170
2994, 219, 781
2995, 663, 874
2996, 8, 549
2997, 63, 392
2998, 298, 708
2999, 65, 575
3000, 101, 281
3001, 145, 805
3002, 36, 632
3003, 31, 292
3004, 232, 864
3005, 472, 973
3006, 309, 622
3007, 598, 992
3008, 365, 688
3009, 59, 162
3010, 77, 900
3011, 873, 937
3012, 181, 913
3013, 487, 807
3014, 333, 599
3015, 229, 574
3016, 205, 696
3017, 530, 842
3018, 500, 552
3019, 252, 998
3020, 35, 592
3021, 684, 849
3022, 114, 901
3023, 116, 386
3024, 350, 667
3025, 268, 453
3026, 81, 390
3027, 76, 549
3028, 682, 823
3029, 61, 228
3030, 135, 576
3031, 194, 200
3032, 245, 983
3033, 832, 952
3034, 359, 915
3035, 476, 493
3036, 142, 212
3037, 82, 397
3038, 9, 109
3039, 46, 947
3040, 559, 706
3041, 507, 609
3042, 683, 988
3043, 249, 806
3044, 342, 971
3045, 256, 548
3046, 458, 580
3047, 161, 868
3048, 505, 945
3049, 459, 640
3050, 345, 786
3051, 66, 647
3052, 645, 852
3053, 97, 281
3054, 27, 655
3055, 532, 643
3056, 316, 867
3057, 442, 601
3058, 551, 571
3059, 676, 734
3060, 471, 660
3061, 310, 737
3062, 16, 778
3063, 71, 891
3064, 466, 833
3065, 248, 473
3066, 711, 976
3067, 735, 793
3068, 585, 884
3069, 357, 959
3070, 289, 791
3071, 188, 834
3072, 238, 273
3073, 745, 997
3074, 443, 701
3075, 141, 370
3076, 29, 912
3077, 277, 656
3078, 753, 812
3079, 134, 428
3080, 460, 822
3081, 166, 528
3082, 394, 669
3083, 182, 270
3084, 501, 977
3085, 75, 368
3086, 157, 565
3087, 118, 271
3088, 187, 474
3089, 467, 587
3090, 540, 649
3091, 131, 434
3092, 302, 989
3093, 33, 975
3094, 2, 163
3095, 243, 424
3096, 258, 420
3097, 171, 378
3098, 203, 578
3099, 356, 400
3100, 445, 639
3101, 724, 982
3102, 417, 447
3103, 297, 542
3104, 63, 723
3105, 329, 907
3106, 847, 991
3107, 227, 566
3108, 193, 396
3109, 20, 489
3110, 151, 225
3111, 216, 958
3112, 775, 839
3113, 360, 927
3114, 254, 693
3115, 448, 787
3116, 355, 509
3117, 446, 750
3118, 122, 324
3119, 756, 938
3120, 49, 140
3121, 529, 855
3122, 802, 904
3123, 314, 339
3124, 48, 83
3125, 819, 850
3126, 872, 957
3127, 367, 663
3128, 449, 626
3129, 55, 641
3130, 139, 481
3131, 413, 844
3132, 687, 831
3133, 498, 570
3134, 372, 589
3135, 497, 538
3136, 24, 421
3137, 213, 547
3138, 648, 659
3139, 56, 673
3140, 224, 581
3141, 349, 414
3142, 137, 865
3143, 517, 766
3144, 733, 961
3145, 689, 694
3146, 262, 875
3147, 433, 942
3148, 661, 996
3149, 64, 244
3150, 416, 488
3151, 412, 810
3152, 336, 857
3153, 186, 826
3154, 44, 512
3155, 246, 953
3156, 95, 353
3157, 511, 896
3158, 600, 634
3159, 382, 888
3160, 679, 902
3161, 790, 999
3162, 130, 606
3163, 652, 840
3164, 107, 436
3165, 713, 877
3166, 168, 740
3167, 167, 347
3168, 773, 1000
3169, 595, 764
3170, 330, 429
3171, 67, 708
3172, 738, 860
3173, 226, 728
3174, 437, 972
3175, 568, 803
3176, 184, 785
3177, 499, 731
3178, 190, 282
3179, 352, 653
3180, 259, 709
3181, 257, 408
3182, 422, 518
3183, 383, 393
3184, 654, 825
3185, 621, 936
3186, 74, 699
3187, 111, 482
3188, 105, 411
3189, 133, 727
3190, 43, 341
3191, 189, 220
3192, 371, 876
3193, 885, 944
3194, 267, 692
3195, 628, 744
3196, 550, 675
3197, 183, 612
3198, 376, 615
3199, 99, 979
3200, 604, 670
3201, 418, 534
3202, 132, 391
3203, 21, 204
3204, 749, 926
3205, 344, 616
3206, 32, 627
3207, 47, 558
3208, 620, 909
3209, 322, 898
3210, 1, 354
3211, 124, 835
3212, 236, 556
3213, 364, 799
3214, 73, 561
3215, 39, 215
3216, 423, 747
3217, 657, 941
3218, 295, 987
3219, 514, 603
3220, 288, 591
3221, 234, 674
3222, 906, 923
3223, 401, 613
3224, 520, 697
3225, 298, 950
3226, 165, 515
3227, 374, 508
3228, 239, 899
3229, 68, 889
3230, 546, 718
3231, 14, 880
3232, 206, 375
3233, 666, 925
3234, 269, 881
3235, 495, 584
3236, 6, 610
3237, 463, 981
3238, 426, 801
3239, 284, 503
3240, 45, 890
3241, 53, 922
3242, 919, 966
3243, 404, 757
3244, 457, 878
3245, 176, 887
3246, 154, 469
3247, 169, 217
3248, 313, 967
3249, 80, 452
3250, 5, 425
3251, 197, 406
3252, 110, 755
3253, 794, 879
3254, 156, 768
3255, 629, 908
3256, 296, 492
3257, 624, 719
3258, 136, 788
3259, 12, 523
3260, 155, 946
3261, 60, 969
3262, 8, 87
3263, 285, 994
3264, 70, 312
3265, 128, 836
3266, 303, 782
3267, 299, 962
3268, 485, 510
3269, 202, 883
3270, 815, 854
3271, 25, 306
3272, 573, 843
3273, 106, 579
3274, 3, 335
3275, 651, 690
3276, 207, 377
3277, 804, 939
3278, 332, 949
3279, 149, 777
3280, 644, 703
3281, 231, 700
3282, 15, 726
3283, 454, 935
3284, 125, 260
3285, 28, 721
3286, 544, 665
3287, 138, 261
3288, 739, 978
3289, 129, 965
3290, 526, 824
3291, 409, 859
3292, 439, 821
3293, 222, 650
3294, 143, 444
3295, 702, 813
3296, 209, 264
3297, 113, 932
3298, 233, 725
3299, 123, 522
3300, 334, 672
3301, 536, 605
3302, 148, 746
3303, 108, 827
3304, 191, 237
3305, 419, 828
3306, 283, 974
3307, 483, 608
3308, 179, 441
3309, 90, 920
3310, 146, 403
3311, 199, 583
3312, 575, 577
3313, 387, 567
3314, 11, 160
3315, 677, 795
3316, 337, 931
3317, 307, 911
3318, 103, 380
3319, 450, 525
3320, 358, 395
3321, 741, 754
3322, 743, 951
3323, 564, 668
3324, 235, 614
3325, 263, 388
3326, 196, 710
3327, 170, 468
3328, 120, 563
3329, 317, 830
3330, 698, 776
3331, 502, 892
3332, 373, 410
3333, 897, 960
3334, 177, 461
3335, 219, 541
3336, 37, 486
3337, 34, 984
3338, 848, 921
3339, 562, 678
3340, 340, 796
3341, 451, 916
3342, 379, 691
3343, 96, 990
3344, 280, 619
3345, 52, 630
3346, 362, 882
3347, 432, 995
3348, 279, 707
3349, 319, 732
3350, 51, 240
3351, 230, 315
3352, 86, 798
3353, 250, 331
3354, 159, 759
3355, 17, 862
3356, 792, 869
3357, 326, 814
3358, 79, 716
3359, 779, 871
3360, 596, 809
3361, 456, 496
3362, 10, 537
3363, 172, 642
3364, 158, 351
3365, 363, 817
3366, 26, 65
3367, 455, 861
3368, 478, 637
3369, 480, 774
3370, 218, 631
3371, 94, 846
3372, 153, 816
3373, 300, 491
3374, 308, 346
3375, 69, 147
3376, 381, 431
3377, 763, 770
3378, 399, 572
3379, 635, 918
3380, 304, 681
3381, 117, 555
3382, 895, 933
3383, 539, 597
3384, 705, 910
3385, 287, 968
3386, 93, 863
3387, 837, 956
3388, 276, 305
3389, 50, 730
3390, 57, 874
3391, 251, 553
3392, 272, 664
3393, 513, 980
3394, 633, 784
3395, 84, 671
3396, 761, 929
3397, 736, 940
3398, 494, 516
3399, 435, 504
3400, 91, 178
3401, 150, 438
3402, 560, 970
3403, 781, 789
3404, 338, 348
3405, 286, 535
3406, 398, 985
3407, 384, 930
3408, 521, 866
3409, 274, 593
3410, 533, 917
3411, 278, 590
3412, 18, 119
3413, 405, 477
3414, 311, 543
3415, 112, 717
3416, 253, 275
3417, 100, 479
3418, 42, 402
3419, 185, 557
3420, 588, 838
3421, 127, 715
3422, 214, 646
3423, 602, 853
3424, 527, 704
3425, 7, 41
3426, 607, 851
3427, 752, 924
3428, 582, 685
3429, 769, 800
3430, 89, 519
3431, 662, 820
3432, 265, 327
3433, 62, 152
3434, 427, 465
3435, 722, 928
3436, 328, 934
3437, 524, 963
3438, 173, 464
3439, 54, 85
3440, 115, 914
3441, 294, 986
3442, 223, 886
3443, 72, 490
3444, 856, 903
3445, 266, 714
3446, 30, 211
3447, 290, 760
3448, 765, 964
3449, 531, 625
3450, 88, 638
3451, 126, 783
3452, 291, 829
3453, 144, 192
3454, 611, 797
3455, 758, 893
3456, 385, 808
3457, 13, 22
3458, 98, 430
3459, 78, 440
3460, 195, 762
3461, 475, 686
3462, 208, 767
3463, 242, 415
3464, 101, 389
3465, 174, 210
3466, 241, 407
3467, 680, 772
3468, 201, 594
3469, 320, 343
3470, 255, 484
3471, 58, 293
3472, 102, 325
3473, 301, 841
3474, 623, 742
3475, 506, 943
3476, 366, 894
3477, 247, 955
3478, 545, 811
3479, 369, 658
3480, 175, 618
3481, 818, 993
3482, 586, 712
3483, 323, 720
3484, 164, 361
3485, 905, 954
3486, 858, 870
3487, 617, 748
3488, 92, 554
3489, 771, 845
3490, 392, 751
3491, 104, 470
3492, 19, 38
3493, 180, 780
3494, 321, 569
3495, 121, 695
3496, 221, 729
3497, 23, 40
3498, 198, 318
3499, 4, 462
3500, 636, 948
3501, 364, 501
3502, 306, 687
3503, 778, 934
3504, 105, 932
3505, 61, 129
3506, 178, 300
3507, 318, 738
3508, 185, 997
3509, 592, 874
3510, 224, 589
3511, 82, 833
3512, 383, 848
3513, 766, 807
3514, 745, 877
3515, 424, 673
3516, 324, 796
3517, 104, 978
3518, 439, 762
3519, 8, 263
3520, 797, 894
3521, 304, 511
3522, 157, 447
3523, 665, 845
3524, 119, 406
3525, 548, 924
3526, 249, 549
3527, 407, 440
3528, 487, 536
3529, 202, 837
3530, 426, 889
3531, 83, 617
3532, 212, 720
3533, 313, 392
3534, 330, 453
3535, 182, 964
3536, 327, 521
3537, 456, 994
3538, 195, 703
3539, 438, 774
3540, 557, 888
3541, 581, 926
3542, 785, 858
3543, 391, 966
3544, 480, 618
3545, 201, 393
3546, 150, 731
3547, 35, 984
3548, 532, 671
3549, 312, 466
3550, 420, 996
3551, 141, 384
3552, 663, 988
3553, 650, 735
3554, 403, 551
3555, 153, 569
3556, 199, 310
3557, 475, 657
3558, 414, 425
3559, 96, 142
3560, 933, 969
3561, 115, 266
3562, 46, 57
3563, 449, 538
3564, 208, 533
3565, 279, 345
3566, 601, 814
3567, 661, 823
3568, 171, 810
3569, 899, 952
3570, 913, 918
3571, 378, 799
3572, 236, 836
3573, 111, 415
3574, 93, 214
3575, 148, 669
3576, 17, 192
3577, 290, 505
3578, 50, 154
3579, 278, 442
3580, 272, 302
3581, 63, 795
3582, 213, 943
3583, 26, 927
3584, 337, 730
3585, 467, 755
3586, 251, 260
3587, 288, 303
3588, 237, 546
3589, 301, 675
3590, 517, 570
3591, 109, 534
3592, 555, 998
3593, 507, 594
3594, 571, 865
3595, 252, 577
3596, 226, 733
3597, 48, 879
3598, 190, 235
3599, 552, 690
3600, 97, 242
3601, 19, 693
3602, 416, 780
3603, 773, 813
3604, 211, 267
3605, 336, 492
3606, 206, 264
3607, 204, 716
3608, 756, 761
3609, 658, 764
3610, 146, 829
3611, 305, 478
3612, 632, 700
3613, 43, 887
3614, 90, 971
3615, 27, 514
3616, 238, 423
3617, 784, 875
3618, 929, 946
3619, 45, 243
3620, 191, 975
3621, 520, 831
3622, 630, 834
3623, 198, 919
3624, 798, 860
3625, 229, 993
3626, 53, 776
3627, 307, 668
3628, 587, 882
3629, 167, 715
3630, 531, 906
3631, 515, 986
3632, 296, 830
3633, 73, 94
3634, 188, 758
3635, 653, 718
3636, 68, 942
3637, 357, 458
3638, 32, 701
3639, 92, 462
3640, 164, 602
3641, 473, 768
3642, 757, 985
3643, 377, 713
3644, 231, 579
3645, 334, 972
3646, 132, 605
3647, 222, 460
3648, 311, 588
3649, 497, 744
3650, 130, 444
3651, 76, 151
3652, 431, 631
3653, 108, 287
3654, 664, 947
3655, 152, 863
3656, 838, 902
3657, 374, 862
3658, 396, 474
3659, 120, 737
3660, 315, 565
3661, 850, 871
3662, 292, 792
3663, 25, 593
3664, 240, 787
3665, 404, 880
3666, 295, 642
3667, 674, 695
3668, 472, 678
3669, 22, 726
3670, 194, 910
3671, 127, 708
3672, 370, 496
3673, 339, 376
3674, 612, 973
3675, 51, 494
3676, 118, 777
3677, 772, 954
3678, 16, 951
3679, 371, 457
3680, 88, 283
3681, 485, 685
3682, 126, 333
3683, 575, 767
3684, 183, 982
3685, 156, 488
3686, 544, 832
3687, 218, 873
3688, 782, 806
3689, 381, 523
3690, 445, 603
3691, 165, 277
3692, 84, 321
3693, 62, 216
3694, 220, 398
3695, 342, 977
3696, 481, 864
3697, 362, 597
3698, 69, 883
3699, 159, 622
3700, 537, 912
3701, 265, 794
3702, 117, 542
3703, 359, 580
3704, 71, 654
3705, 176, 455
3706, 402, 900
3707, 147, 681
3708, 352, 827
3709, 276, 714
3710, 428, 443
3711, 9, 760
3712, 728, 736
3713, 31, 138
3714, 545, 646
3715, 2, 808
3716, 256, 647
3717, 177, 388
3718, 14, 429
3719, 493, 781
3720, 15, 417
3721, 343, 387
3722, 145, 968
3723, 181, 643
3724, 11, 21
3725, 563, 702
3726, 52, 373
3727, 54, 625
3728, 627, 812
3729, 245, 923
3730, 75, 870
3731, 86, 259
3732, 513, 614
3733, 29, 286
3734, 227, 250
3735, 6, 347
3736, 114, 329
3737, 172, 739
3738, 386, 721
3739, 102, 610
3740, 490, 866
3741, 56, 270
3742, 291, 499
3743, 219, 722
3744, 7, 136
3745, 670, 890
3746, 155, 849
3747, 41, 805
3748, 58, 356
3749, 322, 640
3750, 143, 667
3751, 297, 884
3752, 95, 409
3753, 112, 325
3754, 524, 666
3755, 482, 895
3756, 124, 230
3757, 560, 676
3758, 680, 944
3759, 309, 468
3760, 723, 974
3761, 180, 743
3762, 652, 705
3763, 221, 422
3764, 448, 543
3765, 3, 173
3766, 332, 922
3767, 397, 644
3768, 42, 522
3769, 285, 635
3770, 759, 915
3771, 294, 483
3772, 541, 916
3773, 405, 704
3774, 651, 891
3775, 412, 608
3776, 207, 872
3777, 262, 802
3778, 683, 846
3779, 540, 817
3780, 24, 358
3781, 839, 892
3782, 170, 215
3783, 323, 746
3784, 269, 825
3785, 361, 489
3786, 688, 750
3787, 131, 516
3788, 246, 980
3789, 803, 816
3790, 175, 754
3791, 753, 901
3792, 822, 835
3793, 49, 168
3794, 909, 1000
3795, 261, 917
3796, 590, 800
3797, 495, 572
3798, 67, 162
3799, 103, 399
3800, 271, 469
3801, 512, 526
3802, 613, 898
3803, 133, 450
3804, 64, 193
3805, 85, 878
3806, 867, 885
3807, 20, 619
3808, 189, 783
3809, 451, 561
3810, 98, 682
3811, 179, 751
3812, 110, 395
3813, 641, 981
3814, 498, 956
3815, 4, 979
3816, 789, 939
3817, 465, 941
3818, 284, 729
3819, 732, 819
3820, 78, 411
3821, 37, 584
3822, 583, 897
3823, 225, 937
3824, 135, 999
3825, 44, 645
3826, 72, 106
3827, 649, 983
3828, 253, 621
3829, 293, 686
3830, 553, 886
3831, 186, 461
3832, 184, 607
3833, 79, 809
3834, 506, 921
3835, 28, 564
3836, 163, 765
3837, 258, 779
3838, 421, 824
3839, 233, 338
3840, 637, 960
3841, 38, 991
3842, 123, 940
3843, 255, 609
3844, 1, 158
3845, 948, 995
3846, 346, 793
3847, 308, 711
3848, 503, 696
3849, 559, 616
3850, 629, 935
3851, 74, 274
3852, 719, 747
3853, 394, 914
3854, 596, 791
3855, 851, 852
3856, 273, 856
3857, 144, 604
3858, 203, 568
3859, 360, 712
3860, 30, 691
3861, 434, 470
3862, 257, 818
3863, 174, 298
3864, 591, 936
3865, 66, 529
3866, 80, 326
3867, 149, 893
3868, 491, 707
3869, 354, 957
3870, 842, 907
3871, 606, 820
3872, 413, 582
3873, 401, 752
3874, 430, 920
3875, 254, 316
3876, 33, 684
3877, 385, 437
3878, 116, 432
3879, 39, 801
3880, 232, 706
3881, 55, 390
3882, 530, 853
3883, 197, 770
3884, 348, 771
3885, 463, 510
3886, 740, 815
3887, 59, 418
3888, 275, 427
3889, 905, 990
3890, 137, 234
3891, 13, 471
3892, 314, 699
3893, 77, 128
3894, 87, 100
3895, 196, 331
3896, 36, 958
3897, 121, 615
3898, 341, 578
3899, 504, 749
3900, 241, 656
3901, 811, 930
3902, 134, 961
3903, 623, 804
3904, 786, 841
3905, 166, 502
3906, 351, 446
3907, 624, 710
3908, 662, 840
3909, 709, 989
3910, 698, 962
3911, 23, 953
3912, 107, 869
3913, 328, 408
3914, 200, 539
3915, 335, 556
3916, 724, 788
3917, 268, 280
3918, 389, 727
3919, 81, 282
3920, 558, 992
3921, 528, 931
3922, 99, 659
3923, 344, 725
3924, 486, 500
3925, 576, 911
3926, 379, 775
3927, 366, 970
3928, 459, 620
3929, 217, 355
3930, 380, 965
3931, 585, 648
3932, 626, 908
3933, 34, 655
3934, 40, 70
3935, 600, 925
3936, 244, 567
3937, 289, 959
3938, 18, 634
3939, 441, 477
3940, 586, 790
3941, 239, 881
3942, 60, 633
3943, 89, 763
3944, 101, 847
3945, 5, 367
3946, 47, 741
3947, 519, 628
3948, 161, 861
3949, 122, 160
3950, 317, 353
3951, 139, 697
3952, 205, 599
3953, 527, 547
3954, 375, 562
3955, 382, 694
3956, 319, 400
3957, 169, 859
3958, 365, 479
3959, 452, 595
3960, 550, 638
3961, 554, 844
3962, 223, 464
3963, 320, 369
3964, 535, 928
3965, 372, 525
3966, 125, 904
3967, 574, 903
3968, 454, 769
3969, 679, 843
3970, 476, 639
3971, 518, 828
3972, 672, 855
3973, 436, 636
3974, 12, 340
3975, 113, 854
3976, 210, 419
3977, 508, 868
3978, 484, 611
3979, 826, 896
3980, 717, 976
3981, 228, 248
3982, 10, 689
3983, 187, 660
3984, 742, 949
3985, 209, 734
3986, 368, 598
3987, 433, 955
3988, 299, 566
3989, 350, 692
3990, 140, 573
3991, 938, 963
3992, 435, 987
3993, 91, 857
3994, 748, 950
3995, 821, 945
3996, 247, 677
3997, 363, 967
3998, 65, 281
3999, 509, 876
4000, 349, 410
