id, img1, img2
1, 512, 700
2, 848, 853
3, 749, 888
4, 641, 735
5, 321, 884
6, 439, 528
7, 51, 110
8, 422, 730
9, 49, 801
10, 695, 951
11, 325, 376
12, 141, 510
13, 126, 943
14, 278, 389
15, 432, 901
16, 166, 445
17, 336, 925
18, 552, 780
19, 488, 994
20, 703, 760
21, 136, 705
22, 591, 644
23, 238, 477
24, 255, 973
25, 482, 771
26, 383, 887
27, 461, 938
28, 165, 402
29, 405, 763
30, 698, 723
31, 805, 906
32, 58, 537
33, 66, 113
34, 40, 897
35, 598, 785
36, 132, 766
37, 592, 981
38, 69, 83
39, 534, 796
40, 394, 733
41, 82, 342
42, 26, 301
43, 33, 818
44, 273, 401
45, 174, 323
46, 53, 932
47, 171, 663
48, 410, 629
49, 395, 889
50, 693, 910
51, 437, 661
52, 4, 465
53, 186, 803
54, 431, 656
55, 90, 442
56, 216, 288
57, 309, 377
58, 37, 350
59, 490, 978
60, 385, 672
61, 125, 921
62, 590, 665
63, 577, 741
64, 6, 622
65, 122, 858
66, 302, 557
67, 144, 370
68, 5, 752
69, 812, 958
70, 1, 653
71, 363, 485
72, 2, 870
73, 345, 652
74, 239, 845
75, 658, 711
76, 446, 543
77, 205, 940
78, 204, 272
79, 23, 42
80, 770, 835
81, 349, 963
82, 47, 509
83, 106, 605
84, 35, 232
85, 755, 881
86, 400, 497
87, 551, 736
88, 265, 572
89, 409, 789
90, 419, 608
91, 556, 587
92, 532, 754
93, 306, 523
94, 243, 944
95, 871, 998
96, 9, 221
97, 746, 987
98, 602, 670
99, 507, 545
100, 913, 959
101, 30, 571
102, 396, 969
103, 727, 825
104, 44, 104
105, 671, 927
106, 642, 676
107, 28, 650
108, 391, 815
109, 666, 933
110, 816, 877
111, 114, 562
112, 839, 965
113, 242, 550
114, 155, 946
115, 287, 778
116, 433, 466
117, 516, 991
118, 146, 522
119, 212, 807
120, 214, 984
121, 338, 895
122, 202, 346
123, 583, 621
124, 211, 631
125, 201, 627
126, 531, 864
127, 386, 850
128, 677, 854
129, 628, 761
130, 348, 724
131, 280, 514
132, 451, 797
133, 282, 430
134, 260, 576
135, 93, 688
136, 121, 647
137, 769, 823
138, 128, 298
139, 784, 837
140, 397, 526
141, 147, 251
142, 13, 179
143, 832, 912
144, 847, 899
145, 87, 824
146, 357, 842
147, 39, 515
148, 227, 436
149, 762, 972
150, 474, 997
151, 158, 726
152, 54, 130
153, 861, 977
154, 177, 922
155, 501, 893
156, 252, 709
157, 356, 843
158, 193, 492
159, 368, 375
160, 68, 115
161, 279, 380
162, 381, 384
163, 685, 716
164, 563, 779
165, 518, 625
166, 525, 917
167, 462, 521
168, 343, 907
169, 340, 957
170, 339, 744
171, 776, 971
172, 217, 941
173, 406, 585
174, 636, 992
175, 67, 267
176, 748, 894
177, 866, 968
178, 353, 469
179, 560, 678
180, 274, 581
181, 103, 840
182, 426, 794
183, 98, 299
184, 140, 215
185, 440, 949
186, 76, 694
187, 52, 120
188, 868, 952
189, 725, 890
190, 131, 535
191, 623, 710
192, 248, 536
193, 696, 935
194, 765, 820
195, 143, 429
196, 250, 517
197, 699, 1000
198, 195, 589
199, 79, 270
200, 190, 865
201, 289, 292
202, 244, 438
203, 59, 169
204, 157, 996
205, 235, 715
206, 382, 511
207, 116, 929
208, 46, 876
209, 57, 454
210, 310, 503
211, 574, 740
212, 603, 914
213, 404, 460
214, 290, 480
215, 281, 833
216, 95, 220
217, 421, 915
218, 150, 626
219, 398, 597
220, 63, 297
221, 415, 524
222, 237, 588
223, 568, 788
224, 253, 668
225, 328, 347
226, 332, 611
227, 97, 208
228, 751, 979
229, 502, 900
230, 109, 891
231, 412, 704
232, 595, 616
233, 236, 614
234, 393, 911
235, 145, 774
236, 634, 713
237, 32, 108
238, 27, 259
239, 262, 878
240, 326, 834
241, 176, 327
242, 315, 956
243, 16, 390
244, 178, 999
245, 448, 651
246, 85, 633
247, 821, 916
248, 148, 286
249, 192, 967
250, 673, 721
251, 737, 976
252, 657, 961
253, 669, 739
254, 610, 646
255, 151, 802
256, 757, 985
257, 101, 799
258, 428, 580
259, 180, 548
260, 269, 719
261, 100, 307
262, 453, 648
263, 311, 467
264, 231, 558
265, 324, 682
266, 450, 630
267, 335, 674
268, 62, 245
269, 149, 773
270, 300, 640
271, 697, 882
272, 284, 829
273, 137, 904
274, 249, 948
275, 359, 569
276, 197, 411
277, 745, 960
278, 3, 856
279, 153, 966
280, 378, 905
281, 435, 756
282, 65, 407
283, 468, 624
284, 313, 732
285, 743, 791
286, 559, 596
287, 330, 931
288, 464, 880
289, 246, 620
290, 218, 261
291, 107, 138
292, 417, 859
293, 102, 329
294, 12, 89
295, 112, 529
296, 162, 247
297, 38, 995
298, 156, 909
299, 367, 505
300, 161, 268
301, 34, 607
302, 885, 982
303, 230, 841
304, 303, 939
305, 175, 312
306, 20, 86
307, 320, 934
308, 318, 712
309, 172, 187
310, 11, 111
311, 17, 575
312, 263, 513
313, 229, 486
314, 364, 457
315, 360, 643
316, 352, 954
317, 584, 753
318, 331, 714
319, 72, 222
320, 777, 902
321, 374, 408
322, 613, 782
323, 77, 371
324, 48, 160
325, 241, 341
326, 478, 675
327, 185, 686
328, 173, 926
329, 680, 849
330, 170, 354
331, 91, 520
332, 194, 456
333, 291, 418
334, 234, 664
335, 427, 593
336, 81, 105
337, 365, 481
338, 60, 813
339, 689, 970
340, 612, 883
341, 73, 635
342, 362, 599
343, 164, 781
344, 183, 573
345, 452, 722
346, 333, 366
347, 444, 875
348, 266, 950
349, 152, 684
350, 19, 831
351, 55, 316
352, 496, 619
353, 61, 604
354, 139, 936
355, 99, 873
356, 424, 993
357, 228, 499
358, 819, 918
359, 475, 667
360, 319, 923
361, 264, 928
362, 388, 826
363, 547, 930
364, 734, 942
365, 43, 226
366, 541, 687
367, 304, 459
368, 720, 988
369, 25, 119
370, 566, 919
371, 167, 852
372, 344, 567
373, 472, 810
374, 334, 441
375, 84, 606
376, 223, 493
377, 75, 233
378, 56, 213
379, 92, 565
380, 413, 458
381, 729, 838
382, 504, 986
383, 78, 154
384, 96, 924
385, 135, 337
386, 808, 869
387, 373, 691
388, 285, 759
389, 692, 772
390, 455, 544
391, 123, 127
392, 64, 443
393, 196, 609
394, 793, 945
395, 549, 828
396, 283, 855
397, 254, 387
398, 731, 758
399, 491, 750
400, 22, 768
401, 519, 896
402, 533, 817
403, 564, 792
404, 618, 655
405, 449, 637
406, 809, 903
407, 41, 886
408, 555, 645
409, 219, 308
410, 570, 707
411, 133, 800
412, 708, 836
413, 600, 601
414, 257, 487
415, 358, 701
416, 295, 857
417, 399, 483
418, 80, 953
419, 258, 783
420, 142, 947
421, 182, 484
422, 414, 660
423, 188, 209
424, 561, 874
425, 615, 728
426, 425, 764
427, 506, 990
428, 314, 473
429, 224, 275
430, 317, 594
431, 447, 582
432, 200, 361
433, 74, 403
434, 355, 639
435, 29, 124
436, 129, 134
437, 706, 974
438, 423, 844
439, 527, 937
440, 181, 798
441, 31, 975
442, 7, 21
443, 8, 690
444, 159, 586
445, 24, 775
446, 271, 989
447, 296, 392
448, 908, 964
449, 738, 872
450, 45, 540
451, 18, 494
452, 70, 498
453, 277, 420
454, 184, 542
455, 811, 955
456, 36, 500
457, 538, 806
458, 10, 191
459, 71, 898
460, 322, 530
461, 14, 860
462, 827, 867
463, 163, 578
464, 434, 553
465, 372, 787
466, 649, 747
467, 554, 804
468, 718, 795
469, 659, 790
470, 276, 862
471, 198, 662
472, 225, 476
473, 470, 617
474, 94, 416
475, 118, 495
476, 168, 479
477, 351, 851
478, 702, 786
479, 189, 546
480, 579, 962
481, 240, 654
482, 206, 207
483, 638, 980
484, 88, 742
485, 199, 203
486, 50, 983
487, 369, 683
488, 539, 892
489, 717, 920
490, 681, 822
491, 463, 879
492, 15, 471
493, 305, 814
494, 846, 863
495, 294, 508
496, 293, 767
497, 210, 256
498, 117, 489
499, 679, 830
500, 379, 632
501, 247, 316
502, 104, 845
503, 620, 803
504, 169, 723
505, 87, 369
506, 184, 196
507, 377, 727
508, 419, 835
509, 157, 995
510, 318, 838
511, 170, 636
512, 202, 688
513, 18, 19
514, 84, 278
515, 21, 453
516, 111, 866
517, 477, 917
518, 97, 412
519, 132, 383
520, 379, 783
521, 134, 982
522, 260, 805
523, 69, 933
524, 353, 770
525, 262, 539
526, 231, 450
527, 50, 791
528, 882, 984
529, 109, 152
530, 192, 449
531, 164, 893
532, 527, 793
533, 36, 394
534, 32, 715
535, 365, 907
536, 323, 334
537, 488, 714
538, 284, 437
539, 670, 929
540, 462, 587
541, 443, 808
542, 649, 773
543, 78, 731
544, 73, 794
545, 3, 17
546, 86, 796
547, 58, 482
548, 597, 884
549, 214, 941
550, 949, 999
551, 9, 296
552, 62, 151
553, 207, 566
554, 40, 830
555, 263, 329
556, 876, 985
557, 683, 795
558, 206, 339
559, 725, 992
560, 291, 445
561, 887, 964
562, 413, 486
563, 249, 378
564, 931, 937
565, 34, 131
566, 359, 916
567, 324, 901
568, 266, 389
569, 842, 981
570, 175, 935
571, 138, 891
572, 194, 747
573, 826, 883
574, 484, 919
575, 279, 967
576, 983, 998
577, 244, 509
578, 614, 875
579, 42, 573
580, 651, 757
581, 148, 872
582, 626, 820
583, 376, 501
584, 285, 602
585, 534, 736
586, 70, 927
587, 356, 987
588, 474, 685
589, 6, 53
590, 144, 712
591, 100, 145
592, 401, 713
593, 47, 558
594, 654, 979
595, 81, 190
596, 256, 766
597, 711, 968
598, 684, 870
599, 172, 728
600, 864, 986
601, 540, 603
602, 133, 574
603, 121, 779
604, 386, 429
605, 431, 564
606, 222, 788
607, 110, 310
608, 411, 605
609, 687, 739
610, 436, 611
611, 179, 811
612, 639, 707
613, 13, 127
614, 510, 745
615, 66, 519
616, 308, 800
617, 479, 668
618, 741, 914
619, 149, 792
620, 681, 774
621, 64, 428
622, 242, 613
623, 400, 503
624, 72, 212
625, 304, 593
626, 108, 177
627, 829, 831
628, 336, 434
629, 147, 370
630, 220, 496
631, 281, 695
632, 250, 313
633, 277, 355
634, 548, 700
635, 546, 624
636, 438, 797
637, 123, 993
638, 223, 554
639, 303, 825
640, 397, 525
641, 116, 860
642, 309, 846
643, 325, 514
644, 582, 965
645, 867, 920
646, 288, 388
647, 464, 669
648, 427, 678
649, 385, 961
650, 77, 928
651, 101, 136
652, 103, 637
653, 854, 948
654, 265, 790
655, 59, 526
656, 363, 490
657, 137, 235
658, 352, 547
659, 135, 390
660, 513, 590
661, 33, 679
662, 315, 617
663, 183, 239
664, 219, 912
665, 71, 634
666, 894, 896
667, 224, 561
668, 188, 415
669, 114, 516
670, 738, 946
671, 52, 499
672, 468, 814
673, 532, 553
674, 751, 913
675, 686, 807
676, 201, 535
677, 381, 467
678, 289, 772
679, 113, 150
680, 584, 962
681, 79, 895
682, 186, 342
683, 37, 362
684, 340, 763
685, 119, 657
686, 372, 638
687, 630, 824
688, 373, 858
689, 93, 354
690, 680, 988
691, 344, 971
692, 455, 888
693, 463, 646
694, 65, 615
695, 461, 905
696, 225, 936
697, 259, 469
698, 211, 960
699, 549, 719
700, 112, 254
701, 319, 944
702, 240, 616
703, 476, 886
704, 163, 925
705, 364, 753
706, 380, 416
707, 384, 850
708, 495, 966
709, 345, 667
710, 536, 765
711, 710, 862
712, 306, 500
713, 41, 530
714, 563, 851
715, 118, 570
716, 117, 245
717, 60, 810
718, 57, 392
719, 647, 996
720, 784, 890
721, 375, 659
722, 666, 832
723, 290, 760
724, 557, 703
725, 305, 421
726, 221, 550
727, 154, 271
728, 447, 705
729, 232, 717
730, 91, 314
731, 61, 821
732, 391, 633
733, 272, 787
734, 26, 115
735, 902, 915
736, 191, 333
737, 128, 327
738, 80, 267
739, 167, 991
740, 203, 665
741, 730, 777
742, 8, 877
743, 395, 682
744, 592, 604
745, 702, 841
746, 518, 629
747, 287, 756
748, 215, 645
749, 408, 953
750, 88, 963
751, 641, 799
752, 317, 930
753, 297, 644
754, 178, 844
755, 819, 923
756, 648, 758
757, 410, 632
758, 818, 970
759, 571, 608
760, 556, 997
761, 511, 704
762, 264, 721
763, 11, 14
764, 185, 335
765, 2, 15
766, 426, 752
767, 589, 594
768, 23, 126
769, 642, 868
770, 255, 331
771, 230, 541
772, 435, 932
773, 460, 951
774, 473, 871
775, 252, 716
776, 349, 954
777, 233, 531
778, 45, 505
779, 420, 729
780, 924, 955
781, 27, 229
782, 43, 124
783, 146, 778
784, 403, 898
785, 321, 609
786, 5, 576
787, 448, 493
788, 63, 581
789, 269, 569
790, 236, 815
791, 276, 451
792, 67, 454
793, 49, 341
794, 54, 528
795, 241, 498
796, 575, 627
797, 610, 809
798, 292, 430
799, 218, 338
800, 199, 544
801, 282, 466
802, 478, 595
803, 139, 143
804, 585, 771
805, 51, 990
806, 205, 483
807, 38, 481
808, 48, 320
809, 155, 182
810, 168, 208
811, 237, 542
812, 750, 813
813, 441, 489
814, 85, 904
815, 748, 769
816, 187, 863
817, 628, 822
818, 102, 780
819, 789, 918
820, 204, 577
821, 270, 414
822, 129, 599
823, 107, 977
824, 46, 696
825, 274, 517
826, 348, 732
827, 332, 487
828, 337, 562
829, 601, 847
830, 529, 899
831, 74, 346
832, 227, 452
833, 216, 706
834, 246, 251
835, 248, 301
836, 351, 480
837, 311, 658
838, 122, 555
839, 106, 399
840, 193, 740
841, 326, 785
842, 900, 939
843, 856, 969
844, 44, 533
845, 273, 545
846, 371, 374
847, 367, 423
848, 213, 552
849, 226, 906
850, 105, 692
851, 90, 330
852, 690, 947
853, 286, 458
854, 35, 874
855, 22, 565
856, 619, 754
857, 161, 522
858, 802, 972
859, 189, 507
860, 572, 786
861, 293, 801
862, 82, 718
863, 393, 812
864, 892, 952
865, 7, 295
866, 567, 744
867, 28, 852
868, 283, 366
869, 4, 302
870, 405, 761
871, 492, 660
872, 29, 833
873, 328, 538
874, 56, 583
875, 956, 957
876, 360, 664
877, 156, 234
878, 298, 299
879, 76, 709
880, 402, 910
881, 198, 855
882, 504, 677
883, 20, 836
884, 387, 586
885, 174, 300
886, 694, 817
887, 693, 975
888, 494, 673
889, 68, 521
890, 280, 653
891, 873, 908
892, 446, 689
893, 560, 976
894, 268, 418
895, 456, 880
896, 406, 911
897, 698, 889
898, 676, 749
899, 358, 759
900, 382, 578
901, 600, 743
902, 261, 322
903, 849, 926
904, 442, 848
905, 508, 675
906, 142, 806
907, 95, 407
908, 294, 307
909, 75, 767
910, 950, 973
911, 607, 781
912, 125, 598
913, 347, 958
914, 655, 897
915, 699, 839
916, 368, 623
917, 465, 885
918, 209, 506
919, 742, 764
920, 176, 940
921, 253, 396
922, 650, 691
923, 606, 735
924, 404, 485
925, 672, 974
926, 55, 656
927, 140, 843
928, 409, 865
929, 425, 798
930, 166, 343
931, 238, 943
932, 631, 938
933, 433, 588
934, 275, 724
935, 89, 978
936, 153, 512
937, 130, 859
938, 662, 762
939, 471, 708
940, 210, 776
941, 361, 661
942, 96, 674
943, 491, 720
944, 1, 722
945, 357, 591
946, 350, 640
947, 737, 879
948, 524, 827
949, 559, 934
950, 180, 1000
951, 816, 945
952, 141, 497
953, 457, 671
954, 568, 922
955, 200, 543
956, 439, 459
957, 621, 755
958, 197, 612
959, 99, 909
960, 24, 159
961, 257, 921
962, 258, 903
963, 158, 171
964, 579, 643
965, 537, 746
966, 162, 853
967, 83, 398
968, 173, 837
969, 663, 804
970, 31, 782
971, 422, 635
972, 523, 618
973, 470, 861
974, 823, 828
975, 502, 625
976, 217, 596
977, 444, 878
978, 92, 834
979, 243, 989
980, 440, 942
981, 726, 733
982, 165, 622
983, 580, 840
984, 869, 959
985, 30, 424
986, 12, 195
987, 312, 701
988, 432, 475
989, 10, 697
990, 472, 515
991, 25, 652
992, 94, 520
993, 181, 857
994, 16, 228
995, 551, 881
996, 160, 768
997, 734, 994
998, 775, 980
999, 98, 120
1000, 39, 417
1001, 85, 598
1002, 151, 444
1003, 796, 999
1004, 329, 590
1005, 407, 507
1006, 327, 694
1007, 9, 979
1008, 614, 736
1009, 165, 874
1010, 667, 890
1011, 22, 955
1012, 48, 64
1013, 238, 954
1014, 445, 800
1015, 125, 456
1016, 542, 795
1017, 176, 422
1018, 98, 355
1019, 13, 229
1020, 116, 365
1021, 127, 156
1022, 285, 848
1023, 663, 729
1024, 46, 731
1025, 420, 690
1026, 143, 994
1027, 558, 967
1028, 84, 784
1029, 179, 250
1030, 249, 917
1031, 50, 534
1032, 576, 723
1033, 163, 231
1034, 95, 904
1035, 83, 961
1036, 228, 429
1037, 220, 695
1038, 242, 295
1039, 501, 725
1040, 520, 686
1041, 763, 850
1042, 399, 734
1043, 70, 504
1044, 305, 921
1045, 430, 623
1046, 20, 771
1047, 436, 548
1048, 130, 346
1049, 343, 551
1050, 333, 459
1051, 419, 711
1052, 75, 888
1053, 72, 410
1054, 157, 676
1055, 439, 963
1056, 575, 834
1057, 286, 464
1058, 214, 586
1059, 263, 635
1060, 203, 922
1061, 815, 991
1062, 283, 902
1063, 705, 949
1064, 44, 535
1065, 57, 697
1066, 475, 845
1067, 323, 762
1068, 336, 387
1069, 493, 633
1070, 102, 621
1071, 750, 863
1072, 175, 990
1073, 613, 691
1074, 198, 566
1075, 219, 265
1076, 4, 322
1077, 438, 687
1078, 965, 981
1079, 294, 402
1080, 120, 658
1081, 320, 497
1082, 552, 812
1083, 52, 847
1084, 722, 944
1085, 565, 681
1086, 375, 769
1087, 251, 581
1088, 32, 512
1089, 5, 296
1090, 641, 688
1091, 227, 984
1092, 28, 530
1093, 340, 400
1094, 489, 788
1095, 43, 225
1096, 30, 884
1097, 240, 684
1098, 716, 721
1099, 318, 628
1100, 100, 122
1101, 500, 754
1102, 643, 775
1103, 302, 389
1104, 822, 913
1105, 54, 383
1106, 226, 678
1107, 699, 792
1108, 879, 995
1109, 87, 648
1110, 696, 755
1111, 529, 932
1112, 270, 919
1113, 79, 448
1114, 204, 662
1115, 546, 680
1116, 26, 637
1117, 254, 299
1118, 366, 704
1119, 59, 583
1120, 579, 677
1121, 6, 563
1122, 255, 744
1123, 525, 776
1124, 106, 418
1125, 868, 892
1126, 101, 842
1127, 74, 668
1128, 131, 692
1129, 14, 63
1130, 726, 728
1131, 212, 588
1132, 714, 774
1133, 114, 264
1134, 256, 989
1135, 187, 193
1136, 243, 657
1137, 99, 599
1138, 672, 682
1139, 166, 334
1140, 437, 864
1141, 441, 766
1142, 16, 380
1143, 577, 820
1144, 274, 547
1145, 601, 732
1146, 211, 371
1147, 194, 527
1148, 751, 808
1149, 150, 414
1150, 224, 513
1151, 281, 931
1152, 94, 354
1153, 478, 706
1154, 77, 91
1155, 794, 891
1156, 177, 636
1157, 602, 634
1158, 21, 885
1159, 364, 1000
1160, 638, 669
1161, 488, 761
1162, 112, 471
1163, 259, 301
1164, 373, 870
1165, 271, 872
1166, 720, 777
1167, 158, 201
1168, 712, 743
1169, 128, 985
1170, 474, 615
1171, 186, 839
1172, 466, 764
1173, 205, 415
1174, 160, 780
1175, 27, 199
1176, 451, 617
1177, 553, 908
1178, 103, 675
1179, 702, 741
1180, 80, 268
1181, 524, 630
1182, 58, 939
1183, 631, 896
1184, 159, 938
1185, 350, 911
1186, 785, 935
1187, 462, 878
1188, 69, 528
1189, 260, 455
1190, 396, 951
1191, 267, 332
1192, 244, 487
1193, 592, 773
1194, 104, 344
1195, 339, 807
1196, 604, 610
1197, 452, 689
1198, 124, 718
1199, 137, 656
1200, 393, 627
1201, 86, 977
1202, 894, 927
1203, 443, 778
1204, 248, 435
1205, 190, 308
1206, 440, 945
1207, 239, 749
1208, 556, 865
1209, 213, 837
1210, 35, 169
1211, 60, 693
1212, 660, 805
1213, 416, 814
1214, 465, 993
1215, 473, 841
1216, 24, 651
1217, 222, 252
1218, 67, 536
1219, 12, 849
1220, 607, 907
1221, 109, 665
1222, 326, 899
1223, 801, 971
1224, 297, 609
1225, 76, 756
1226, 352, 832
1227, 31, 880
1228, 508, 538
1229, 518, 925
1230, 118, 819
1231, 405, 537
1232, 192, 247
1233, 218, 647
1234, 739, 803
1235, 71, 96
1236, 181, 423
1237, 310, 983
1238, 183, 342
1239, 582, 767
1240, 234, 857
1241, 313, 916
1242, 81, 209
1243, 605, 701
1244, 88, 463
1245, 372, 853
1246, 356, 545
1247, 1, 425
1248, 485, 632
1249, 482, 869
1250, 23, 33
1251, 108, 496
1252, 673, 873
1253, 698, 960
1254, 90, 574
1255, 171, 321
1256, 223, 639
1257, 742, 830
1258, 521, 644
1259, 153, 398
1260, 855, 980
1261, 349, 476
1262, 236, 450
1263, 390, 408
1264, 97, 467
1265, 674, 816
1266, 353, 724
1267, 34, 522
1268, 293, 449
1269, 68, 202
1270, 974, 988
1271, 573, 998
1272, 65, 560
1273, 550, 715
1274, 246, 866
1275, 266, 358
1276, 36, 152
1277, 555, 603
1278, 363, 572
1279, 208, 886
1280, 111, 889
1281, 167, 549
1282, 279, 752
1283, 427, 490
1284, 300, 655
1285, 382, 670
1286, 53, 914
1287, 123, 494
1288, 78, 950
1289, 324, 953
1290, 666, 747
1291, 469, 912
1292, 381, 970
1293, 367, 540
1294, 182, 516
1295, 45, 923
1296, 117, 134
1297, 411, 671
1298, 119, 189
1299, 138, 619
1300, 47, 261
1301, 491, 876
1302, 929, 996
1303, 446, 915
1304, 146, 306
1305, 568, 570
1306, 170, 757
1307, 62, 200
1308, 468, 768
1309, 25, 645
1310, 291, 309
1311, 388, 625
1312, 571, 883
1313, 709, 838
1314, 499, 685
1315, 206, 289
1316, 384, 719
1317, 404, 903
1318, 510, 746
1319, 149, 174
1320, 379, 624
1321, 338, 368
1322, 287, 909
1323, 92, 595
1324, 727, 828
1325, 18, 132
1326, 826, 946
1327, 374, 765
1328, 38, 986
1329, 164, 517
1330, 461, 900
1331, 760, 937
1332, 376, 770
1333, 89, 331
1334, 178, 557
1335, 37, 82
1336, 273, 881
1337, 424, 737
1338, 162, 509
1339, 361, 924
1340, 319, 802
1341, 824, 926
1342, 107, 798
1343, 700, 959
1344, 858, 957
1345, 139, 290
1346, 298, 789
1347, 49, 893
1348, 417, 531
1349, 42, 56
1350, 421, 541
1351, 385, 472
1352, 486, 748
1353, 115, 786
1354, 359, 567
1355, 523, 831
1356, 7, 253
1357, 406, 453
1358, 442, 783
1359, 511, 758
1360, 197, 817
1361, 215, 432
1362, 185, 987
1363, 126, 129
1364, 93, 330
1365, 629, 948
1366, 280, 717
1367, 395, 544
1368, 312, 480
1369, 679, 811
1370, 15, 457
1371, 110, 813
1372, 539, 854
1373, 804, 871
1374, 315, 597
1375, 526, 618
1376, 397, 484
1377, 317, 806
1378, 434, 620
1379, 431, 867
1380, 275, 370
1381, 608, 956
1382, 10, 147
1383, 133, 235
1384, 292, 898
1385, 851, 918
1386, 654, 713
1387, 357, 740
1388, 105, 325
1389, 66, 314
1390, 779, 818
1391, 173, 840
1392, 113, 587
1393, 11, 148
1394, 217, 369
1395, 141, 640
1396, 188, 303
1397, 55, 454
1398, 378, 506
1399, 17, 277
1400, 41, 564
1401, 391, 825
1402, 233, 611
1403, 377, 584
1404, 272, 278
1405, 258, 703
1406, 237, 335
1407, 307, 856
1408, 216, 569
1409, 593, 934
1410, 257, 968
1411, 276, 596
1412, 514, 862
1413, 622, 846
1414, 559, 962
1415, 470, 901
1416, 707, 710
1417, 269, 958
1418, 196, 392
1419, 519, 661
1420, 652, 930
1421, 477, 594
1422, 40, 351
1423, 492, 646
1424, 505, 790
1425, 140, 591
1426, 403, 920
1427, 3, 910
1428, 503, 966
1429, 458, 653
1430, 172, 833
1431, 447, 978
1432, 412, 515
1433, 844, 969
1434, 345, 735
1435, 145, 284
1436, 121, 328
1437, 612, 976
1438, 29, 232
1439, 195, 887
1440, 135, 799
1441, 580, 787
1442, 532, 533
1443, 481, 650
1444, 347, 897
1445, 502, 793
1446, 230, 460
1447, 562, 859
1448, 386, 426
1449, 433, 600
1450, 413, 626
1451, 282, 860
1452, 180, 409
1453, 781, 882
1454, 348, 992
1455, 360, 753
1456, 730, 861
1457, 311, 362
1458, 154, 940
1459, 73, 221
1460, 809, 942
1461, 745, 982
1462, 304, 341
1463, 606, 664
1464, 495, 875
1465, 498, 852
1466, 772, 997
1467, 316, 683
1468, 51, 288
1469, 659, 928
1470, 61, 791
1471, 337, 479
1472, 39, 241
1473, 708, 810
1474, 877, 906
1475, 835, 943
1476, 168, 936
1477, 19, 161
1478, 394, 843
1479, 155, 733
1480, 245, 616
1481, 2, 964
1482, 738, 797
1483, 401, 947
1484, 585, 782
1485, 759, 973
1486, 142, 642
1487, 262, 554
1488, 823, 829
1489, 827, 941
1490, 578, 589
1491, 207, 428
1492, 933, 975
1493, 136, 895
1494, 191, 821
1495, 8, 972
1496, 144, 836
1497, 483, 952
1498, 561, 649
1499, 210, 543
1500, 184, 905
1501, 118, 396
1502, 200, 958
1503, 171, 959
1504, 316, 926
1505, 669, 686
1506, 795, 853
1507, 52, 722
1508, 499, 868
1509, 58, 847
1510, 137, 969
1511, 148, 314
1512, 404, 471
1513, 472, 836
1514, 32, 307
1515, 198, 287
1516, 4, 31
1517, 342, 910
1518, 75, 195
1519, 208, 763
1520, 549, 906
1521, 442, 947
1522, 54, 818
1523, 210, 311
1524, 305, 469
1525, 524, 651
1526, 14, 845
1527, 392, 824
1528, 560, 720
1529, 191, 650
1530, 710, 894
1531, 748, 968
1532, 90, 629
1533, 232, 639
1534, 573, 701
1535, 385, 578
1536, 310, 891
1537, 219, 887
1538, 487, 687
1539, 205, 221
1540, 165, 270
1541, 359, 705
1542, 354, 880
1543, 602, 614
1544, 86, 444
1545, 152, 761
1546, 371, 387
1547, 138, 215
1548, 367, 461
1549, 542, 913
1550, 289, 863
1551, 422, 660
1552, 179, 781
1553, 71, 561
1554, 262, 299
1555, 285, 388
1556, 35, 830
1557, 257, 870
1558, 731, 908
1559, 467, 957
1560, 216, 665
1561, 274, 518
1562, 192, 427
1563, 682, 948
1564, 253, 584
1565, 214, 659
1566, 481, 559
1567, 320, 360
1568, 431, 516
1569, 57, 733
1570, 540, 574
1571, 485, 783
1572, 547, 551
1573, 141, 988
1574, 595, 603
1575, 273, 978
1576, 792, 860
1577, 605, 641
1578, 501, 984
1579, 69, 812
1580, 935, 980
1581, 449, 657
1582, 917, 987
1583, 172, 876
1584, 510, 759
1585, 416, 505
1586, 776, 932
1587, 760, 773
1588, 642, 881
1589, 218, 541
1590, 49, 620
1591, 168, 534
1592, 402, 429
1593, 430, 466
1594, 390, 580
1595, 506, 509
1596, 281, 975
1597, 638, 643
1598, 15, 885
1599, 246, 842
1600, 25, 127
1601, 99, 326
1602, 341, 348
1603, 277, 394
1604, 527, 888
1605, 122, 337
1606, 2, 377
1607, 41, 920
1608, 666, 698
1609, 873, 916
1610, 544, 563
1611, 500, 771
1612, 33, 820
1613, 517, 833
1614, 378, 401
1615, 301, 788
1616, 73, 366
1617, 493, 982
1618, 674, 899
1619, 351, 464
1620, 261, 370
1621, 280, 893
1622, 128, 683
1623, 530, 553
1624, 193, 772
1625, 187, 631
1626, 492, 727
1627, 347, 608
1628, 386, 655
1629, 291, 840
1630, 201, 961
1631, 393, 993
1632, 395, 490
1633, 319, 849
1634, 283, 973
1635, 275, 817
1636, 325, 426
1637, 166, 747
1638, 775, 896
1639, 356, 960
1640, 355, 479
1641, 64, 343
1642, 480, 943
1643, 46, 535
1644, 564, 709
1645, 508, 582
1646, 353, 928
1647, 303, 636
1648, 164, 345
1649, 664, 780
1650, 238, 919
1651, 726, 918
1652, 204, 882
1653, 282, 302
1654, 85, 155
1655, 38, 693
1656, 222, 971
1657, 266, 751
1658, 522, 581
1659, 80, 177
1660, 425, 815
1661, 170, 583
1662, 644, 679
1663, 462, 767
1664, 11, 413
1665, 13, 423
1666, 260, 886
1667, 160, 579
1668, 752, 927
1669, 154, 831
1670, 30, 380
1671, 846, 966
1672, 107, 297
1673, 231, 313
1674, 162, 293
1675, 539, 721
1676, 53, 120
1677, 318, 942
1678, 181, 640
1679, 94, 408
1680, 714, 862
1681, 1, 576
1682, 27, 838
1683, 477, 777
1684, 357, 653
1685, 526, 785
1686, 199, 852
1687, 411, 735
1688, 223, 754
1689, 102, 784
1690, 24, 66
1691, 391, 925
1692, 159, 365
1693, 986, 997
1694, 65, 545
1695, 84, 707
1696, 304, 624
1697, 20, 398
1698, 207, 904
1699, 414, 889
1700, 511, 953
1701, 598, 711
1702, 475, 746
1703, 268, 336
1704, 600, 994
1705, 591, 615
1706, 294, 741
1707, 344, 346
1708, 29, 239
1709, 445, 819
1710, 463, 647
1711, 139, 295
1712, 419, 859
1713, 67, 816
1714, 950, 991
1715, 213, 267
1716, 7, 245
1717, 206, 717
1718, 12, 745
1719, 37, 593
1720, 586, 697
1721, 240, 397
1722, 867, 977
1723, 309, 787
1724, 196, 774
1725, 288, 597
1726, 358, 753
1727, 132, 494
1728, 415, 828
1729, 156, 821
1730, 428, 940
1731, 290, 974
1732, 332, 447
1733, 685, 981
1734, 504, 871
1735, 135, 937
1736, 322, 884
1737, 258, 503
1738, 339, 491
1739, 88, 588
1740, 646, 750
1741, 794, 866
1742, 153, 764
1743, 151, 443
1744, 62, 872
1745, 372, 963
1746, 454, 827
1747, 43, 174
1748, 34, 538
1749, 930, 979
1750, 742, 951
1751, 778, 855
1752, 101, 465
1753, 79, 519
1754, 36, 265
1755, 435, 843
1756, 441, 537
1757, 244, 743
1758, 111, 556
1759, 298, 333
1760, 109, 610
1761, 203, 368
1762, 457, 567
1763, 594, 699
1764, 478, 897
1765, 3, 972
1766, 769, 825
1767, 375, 671
1768, 278, 634
1769, 455, 911
1770, 451, 592
1771, 263, 489
1772, 59, 470
1773, 185, 446
1774, 26, 546
1775, 70, 255
1776, 39, 211
1777, 209, 251
1778, 512, 552
1779, 230, 924
1780, 613, 938
1781, 10, 601
1782, 51, 104
1783, 719, 875
1784, 569, 931
1785, 736, 762
1786, 76, 807
1787, 108, 227
1788, 300, 323
1789, 495, 684
1790, 8, 330
1791, 570, 879
1792, 497, 864
1793, 438, 834
1794, 589, 848
1795, 804, 933
1796, 379, 857
1797, 389, 895
1798, 349, 400
1799, 403, 424
1800, 440, 677
1801, 279, 965
1802, 93, 728
1803, 672, 724
1804, 180, 989
1805, 801, 903
1806, 338, 662
1807, 523, 694
1808, 690, 890
1809, 555, 689
1810, 384, 453
1811, 468, 652
1812, 98, 149
1813, 124, 621
1814, 514, 525
1815, 21, 907
1816, 143, 249
1817, 6, 587
1818, 119, 194
1819, 250, 625
1820, 409, 692
1821, 837, 967
1822, 146, 786
1823, 173, 483
1824, 439, 844
1825, 144, 604
1826, 228, 488
1827, 315, 531
1828, 96, 352
1829, 502, 802
1830, 242, 757
1831, 256, 813
1832, 140, 606
1833, 163, 632
1834, 105, 129
1835, 381, 796
1836, 482, 695
1837, 45, 373
1838, 566, 839
1839, 220, 557
1840, 212, 236
1841, 649, 841
1842, 81, 434
1843, 5, 364
1844, 496, 915
1845, 718, 803
1846, 202, 995
1847, 521, 805
1848, 100, 110
1849, 161, 869
1850, 688, 976
1851, 459, 985
1852, 486, 675
1853, 183, 235
1854, 184, 912
1855, 585, 956
1856, 374, 770
1857, 233, 723
1858, 334, 696
1859, 17, 450
1860, 133, 704
1861, 136, 190
1862, 528, 543
1863, 730, 874
1864, 254, 929
1865, 670, 799
1866, 949, 996
1867, 87, 715
1868, 131, 611
1869, 82, 1000
1870, 513, 548
1871, 738, 990
1872, 616, 617
1873, 217, 382
1874, 964, 998
1875, 452, 571
1876, 28, 702
1877, 97, 809
1878, 188, 575
1879, 797, 854
1880, 123, 706
1881, 167, 678
1882, 703, 789
1883, 114, 756
1884, 269, 865
1885, 456, 623
1886, 533, 622
1887, 147, 713
1888, 626, 954
1889, 134, 436
1890, 241, 822
1891, 324, 369
1892, 328, 861
1893, 22, 91
1894, 63, 729
1895, 44, 826
1896, 72, 936
1897, 74, 335
1898, 55, 562
1899, 50, 329
1900, 182, 376
1901, 225, 658
1902, 47, 663
1903, 648, 680
1904, 125, 458
1905, 667, 712
1906, 554, 902
1907, 361, 619
1908, 95, 520
1909, 252, 739
1910, 296, 691
1911, 56, 832
1912, 243, 515
1913, 18, 178
1914, 635, 808
1915, 432, 856
1916, 306, 473
1917, 19, 577
1918, 955, 983
1919, 596, 725
1920, 130, 433
1921, 317, 914
1922, 630, 708
1923, 77, 590
1924, 9, 905
1925, 909, 962
1926, 276, 599
1927, 248, 421
1928, 103, 312
1929, 272, 999
1930, 308, 749
1931, 331, 448
1932, 399, 900
1933, 565, 716
1934, 645, 782
1935, 186, 791
1936, 460, 568
1937, 117, 169
1938, 23, 150
1939, 106, 934
1940, 40, 829
1941, 737, 922
1942, 618, 814
1943, 437, 633
1944, 321, 779
1945, 157, 476
1946, 668, 740
1947, 417, 744
1948, 406, 612
1949, 529, 944
1950, 42, 412
1951, 145, 271
1952, 823, 939
1953, 121, 474
1954, 234, 877
1955, 507, 858
1956, 484, 536
1957, 89, 878
1958, 259, 654
1959, 16, 224
1960, 363, 901
1961, 142, 793
1962, 883, 946
1963, 661, 734
1964, 226, 607
1965, 112, 970
1966, 68, 732
1967, 175, 892
1968, 532, 850
1969, 362, 798
1970, 83, 609
1971, 558, 628
1972, 676, 921
1973, 405, 407
1974, 420, 941
1975, 327, 835
1976, 681, 952
1977, 229, 758
1978, 116, 700
1979, 550, 851
1980, 78, 176
1981, 264, 800
1982, 60, 126
1983, 48, 637
1984, 197, 768
1985, 158, 790
1986, 498, 806
1987, 286, 383
1988, 237, 627
1989, 656, 673
1990, 284, 755
1991, 92, 350
1992, 247, 811
1993, 945, 992
1994, 572, 923
1995, 189, 410
1996, 61, 292
1997, 765, 898
1998, 115, 340
1999, 113, 766
2000, 418, 810
2001, 269, 987
2002, 89, 774
2003, 648, 834
2004, 320, 567
2005, 544, 894
2006, 775, 934
2007, 423, 957
2008, 63, 448
2009, 589, 761
2010, 17, 472
2011, 155, 843
2012, 218, 863
2013, 496, 622
2014, 391, 540
2015, 28, 584
2016, 59, 838
2017, 981, 999
2018, 308, 734
2019, 407, 724
2020, 881, 972
2021, 770, 889
2022, 599, 825
2023, 179, 628
2024, 542, 781
2025, 74, 899
2026, 189, 477
2027, 564, 841
2028, 66, 259
2029, 64, 252
2030, 341, 412
2031, 42, 299
2032, 660, 689
2033, 409, 621
2034, 173, 193
2035, 441, 645
2036, 436, 624
2037, 159, 203
2038, 129, 958
2039, 417, 593
2040, 659, 963
2041, 330, 611
2042, 27, 166
2043, 71, 708
2044, 43, 515
2045, 474, 845
2046, 14, 505
2047, 581, 849
2048, 888, 932
2049, 33, 762
2050, 428, 685
2051, 619, 918
2052, 69, 295
2053, 29, 458
2054, 151, 175
2055, 583, 879
2056, 476, 954
2057, 197, 303
2058, 47, 291
2059, 701, 811
2060, 36, 735
2061, 15, 205
2062, 802, 984
2063, 387, 686
2064, 268, 454
2065, 468, 896
2066, 121, 808
2067, 588, 935
2068, 274, 565
2069, 552, 726
2070, 662, 788
2071, 331, 691
2072, 529, 830
2073, 229, 257
2074, 86, 237
2075, 309, 443
2076, 332, 839
2077, 113, 337
2078, 286, 910
2079, 548, 913
2080, 85, 797
2081, 489, 951
2082, 209, 459
2083, 293, 371
2084, 164, 962
2085, 372, 432
2086, 473, 940
2087, 34, 305
2088, 435, 549
2089, 864, 900
2090, 217, 651
2091, 150, 640
2092, 491, 523
2093, 675, 771
2094, 576, 697
2095, 812, 986
2096, 87, 442
2097, 461, 698
2098, 143, 684
2099, 261, 749
2100, 316, 780
2101, 608, 712
2102, 16, 177
2103, 202, 497
2104, 135, 368
2105, 180, 587
2106, 955, 980
2107, 53, 362
2108, 231, 375
2109, 182, 557
2110, 343, 711
2111, 131, 236
2112, 753, 930
2113, 171, 710
2114, 222, 253
2115, 373, 452
2116, 359, 938
2117, 65, 210
2118, 482, 574
2119, 112, 521
2120, 162, 485
2121, 426, 536
2122, 243, 520
2123, 340, 885
2124, 30, 661
2125, 561, 636
2126, 547, 1000
2127, 157, 877
2128, 325, 556
2129, 402, 876
2130, 321, 498
2131, 105, 276
2132, 727, 997
2133, 655, 755
2134, 787, 994
2135, 83, 241
2136, 154, 874
2137, 116, 750
2138, 235, 251
2139, 814, 865
2140, 413, 656
2141, 78, 630
2142, 488, 625
2143, 133, 288
2144, 100, 242
2145, 882, 883
2146, 582, 785
2147, 95, 805
2148, 355, 969
2149, 226, 284
2150, 82, 604
2151, 315, 434
2152, 605, 666
2153, 101, 147
2154, 425, 886
2155, 32, 326
2156, 88, 298
2157, 181, 665
2158, 366, 995
2159, 277, 902
2160, 244, 817
2161, 264, 664
2162, 45, 695
2163, 46, 280
2164, 444, 757
2165, 703, 848
2166, 411, 924
2167, 10, 313
2168, 437, 532
2169, 141, 868
2170, 510, 543
2171, 401, 952
2172, 196, 990
2173, 573, 860
2174, 249, 694
2175, 140, 385
2176, 137, 377
2177, 7, 322
2178, 239, 263
2179, 145, 232
2180, 39, 610
2181, 767, 971
2182, 688, 739
2183, 653, 824
2184, 54, 356
2185, 748, 988
2186, 11, 201
2187, 50, 714
2188, 128, 917
2189, 612, 906
2190, 820, 922
2191, 314, 333
2192, 117, 693
2193, 349, 676
2194, 725, 747
2195, 247, 559
2196, 56, 929
2197, 847, 941
2198, 8, 818
2199, 200, 415
2200, 380, 745
2201, 270, 466
2202, 80, 566
2203, 405, 641
2204, 192, 992
2205, 852, 982
2206, 470, 658
2207, 92, 647
2208, 52, 97
2209, 255, 754
2210, 690, 926
2211, 327, 950
2212, 438, 884
2213, 287, 301
2214, 569, 947
2215, 109, 872
2216, 272, 959
2217, 342, 857
2218, 354, 800
2219, 296, 487
2220, 223, 915
2221, 31, 718
2222, 126, 516
2223, 72, 854
2224, 22, 721
2225, 512, 677
2226, 134, 722
2227, 687, 730
2228, 306, 490
2229, 219, 393
2230, 300, 792
2231, 663, 961
2232, 571, 985
2233, 79, 998
2234, 453, 699
2235, 517, 979
2236, 23, 430
2237, 136, 964
2238, 335, 570
2239, 118, 254
2240, 302, 784
2241, 211, 679
2242, 456, 715
2243, 433, 484
2244, 37, 989
2245, 172, 396
2246, 463, 973
2247, 256, 535
2248, 399, 782
2249, 212, 525
2250, 455, 475
2251, 692, 895
2252, 26, 732
2253, 403, 738
2254, 123, 367
2255, 81, 720
2256, 480, 709
2257, 9, 716
2258, 324, 579
2259, 1, 558
2260, 654, 682
2261, 130, 374
2262, 345, 420
2263, 35, 801
2264, 122, 225
2265, 386, 495
2266, 114, 220
2267, 351, 623
2268, 707, 850
2269, 606, 846
2270, 786, 835
2271, 49, 363
2272, 657, 967
2273, 527, 607
2274, 213, 638
2275, 275, 696
2276, 138, 486
2277, 44, 873
2278, 772, 921
2279, 469, 546
2280, 20, 893
2281, 483, 948
2282, 328, 603
2283, 120, 334
2284, 562, 991
2285, 369, 736
2286, 188, 806
2287, 586, 898
2288, 248, 760
2289, 77, 598
2290, 892, 983
2291, 353, 719
2292, 76, 365
2293, 336, 737
2294, 271, 390
2295, 634, 946
2296, 518, 903
2297, 670, 844
2298, 731, 927
2299, 67, 421
2300, 550, 870
2301, 68, 996
2302, 176, 429
2303, 406, 615
2304, 234, 798
2305, 186, 790
2306, 153, 513
2307, 398, 851
2308, 318, 538
2309, 756, 815
2310, 379, 667
2311, 609, 617
2312, 503, 759
2313, 281, 376
2314, 614, 822
2315, 381, 880
2316, 743, 796
2317, 61, 394
2318, 307, 828
2319, 384, 652
2320, 207, 464
2321, 285, 358
2322, 104, 585
2323, 132, 823
2324, 21, 575
2325, 84, 633
2326, 471, 858
2327, 108, 224
2328, 99, 312
2329, 766, 819
2330, 768, 837
2331, 793, 978
2332, 530, 639
2333, 289, 431
2334, 183, 260
2335, 649, 744
2336, 18, 317
2337, 908, 993
2338, 152, 283
2339, 103, 204
2340, 439, 779
2341, 526, 740
2342, 91, 292
2343, 70, 705
2344, 125, 534
2345, 776, 799
2346, 245, 644
2347, 728, 866
2348, 501, 635
2349, 233, 238
2350, 13, 479
2351, 382, 809
2352, 208, 227
2353, 568, 939
2354, 158, 907
2355, 230, 859
2356, 73, 674
2357, 419, 629
2358, 416, 936
2359, 388, 700
2360, 537, 789
2361, 360, 592
2362, 265, 507
2363, 40, 149
2364, 414, 923
2365, 508, 890
2366, 258, 764
2367, 12, 107
2368, 509, 519
2369, 347, 554
2370, 601, 602
2371, 504, 742
2372, 191, 702
2373, 169, 329
2374, 2, 361
2375, 184, 215
2376, 594, 912
2377, 553, 920
2378, 93, 867
2379, 319, 953
2380, 773, 827
2381, 506, 522
2382, 842, 949
2383, 478, 960
2384, 499, 620
2385, 446, 671
2386, 115, 813
2387, 352, 465
2388, 178, 297
2389, 240, 869
2390, 683, 791
2391, 524, 836
2392, 572, 905
2393, 160, 221
2394, 763, 901
2395, 400, 632
2396, 861, 919
2397, 279, 933
2398, 751, 937
2399, 492, 539
2400, 357, 706
2401, 551, 681
2402, 338, 976
2403, 41, 626
2404, 282, 618
2405, 580, 758
2406, 462, 783
2407, 246, 364
2408, 829, 956
2409, 102, 545
2410, 4, 395
2411, 124, 493
2412, 163, 741
2413, 111, 146
2414, 206, 250
2415, 713, 891
2416, 96, 500
2417, 560, 911
2418, 383, 977
2419, 294, 765
2420, 370, 752
2421, 346, 680
2422, 460, 627
2423, 795, 831
2424, 62, 304
2425, 51, 875
2426, 467, 904
2427, 38, 170
2428, 451, 600
2429, 418, 897
2430, 3, 595
2431, 596, 945
2432, 424, 832
2433, 533, 931
2434, 156, 578
2435, 555, 916
2436, 862, 887
2437, 194, 975
2438, 165, 427
2439, 127, 397
2440, 717, 853
2441, 311, 746
2442, 24, 457
2443, 19, 25
2444, 778, 803
2445, 139, 404
2446, 278, 942
2447, 378, 447
2448, 528, 777
2449, 267, 273
2450, 531, 704
2451, 187, 541
2452, 198, 408
2453, 98, 840
2454, 94, 174
2455, 58, 494
2456, 389, 878
2457, 5, 723
2458, 613, 970
2459, 514, 673
2460, 214, 590
2461, 646, 943
2462, 90, 678
2463, 55, 440
2464, 339, 925
2465, 190, 794
2466, 148, 350
2467, 511, 591
2468, 804, 944
2469, 161, 631
2470, 168, 669
2471, 668, 856
2472, 266, 672
2473, 6, 445
2474, 597, 642
2475, 60, 965
2476, 142, 290
2477, 48, 855
2478, 195, 502
2479, 422, 968
2480, 216, 410
2481, 643, 909
2482, 119, 185
2483, 577, 769
2484, 637, 928
2485, 450, 871
2486, 449, 563
2487, 650, 821
2488, 826, 914
2489, 729, 810
2490, 310, 344
2491, 144, 199
2492, 262, 733
2493, 616, 833
2494, 392, 481
2495, 167, 348
2496, 57, 110
2497, 228, 816
2498, 75, 323
2499, 106, 807
2500, 966, 974
2501, 122, 844
2502, 579, 753
2503, 23, 741
2504, 324, 418
2505, 40, 920
2506, 524, 622
2507, 353, 373
2508, 155, 590
2509, 237, 976
2510, 613, 901
2511, 472, 475
2512, 592, 805
2513, 281, 581
2514, 681, 903
2515, 194, 195
2516, 114, 254
2517, 248, 727
2518, 252, 356
2519, 141, 274
2520, 913, 988
2521, 202, 444
2522, 661, 716
2523, 325, 809
2524, 633, 723
2525, 652, 660
2526, 350, 504
2527, 44, 916
2528, 73, 678
2529, 583, 984
2530, 821, 992
2531, 443, 827
2532, 407, 485
2533, 410, 990
2534, 127, 409
2535, 32, 634
2536, 594, 876
2537, 575, 626
2538, 25, 312
2539, 297, 966
2540, 405, 479
2541, 26, 511
2542, 46, 456
2543, 469, 840
2544, 203, 551
2545, 554, 766
2546, 673, 897
2547, 360, 445
2548, 212, 571
2549, 8, 268
2550, 158, 574
2551, 164, 336
2552, 70, 183
2553, 4, 466
2554, 677, 938
2555, 10, 933
2556, 484, 803
2557, 224, 505
2558, 785, 882
2559, 189, 830
2560, 792, 895
2561, 333, 794
2562, 379, 650
2563, 36, 68
2564, 782, 985
2565, 365, 798
2566, 226, 262
2567, 143, 687
2568, 577, 801
2569, 211, 653
2570, 322, 763
2571, 119, 352
2572, 713, 860
2573, 296, 493
2574, 657, 834
2575, 267, 559
2576, 35, 145
2577, 193, 607
2578, 305, 702
2579, 587, 828
2580, 67, 746
2581, 455, 646
2582, 52, 880
2583, 564, 570
2584, 512, 837
2585, 340, 703
2586, 21, 705
2587, 272, 740
2588, 244, 308
2589, 112, 233
2590, 148, 775
2591, 317, 318
2592, 208, 949
2593, 866, 910
2594, 717, 885
2595, 210, 292
2596, 263, 950
2597, 199, 722
2598, 15, 542
2599, 167, 298
2600, 271, 997
2601, 207, 939
2602, 442, 690
2603, 62, 751
2604, 217, 861
2605, 618, 800
2606, 168, 685
2607, 258, 435
2608, 102, 532
2609, 103, 483
2610, 306, 863
2611, 764, 883
2612, 149, 243
2613, 507, 647
2614, 94, 343
2615, 328, 896
2616, 395, 697
2617, 470, 969
2618, 162, 530
2619, 38, 698
2620, 96, 393
2621, 293, 380
2622, 130, 238
2623, 144, 270
2624, 315, 656
2625, 42, 529
2626, 66, 206
2627, 378, 878
2628, 842, 968
2629, 234, 849
2630, 180, 498
2631, 97, 701
2632, 351, 820
2633, 57, 856
2634, 465, 599
2635, 651, 672
2636, 372, 625
2637, 307, 813
2638, 371, 659
2639, 383, 619
2640, 192, 819
2641, 74, 108
2642, 572, 826
2643, 431, 870
2644, 593, 736
2645, 738, 742
2646, 547, 604
2647, 53, 750
2648, 99, 865
2649, 185, 523
2650, 289, 434
2651, 17, 596
2652, 121, 754
2653, 515, 822
2654, 89, 170
2655, 156, 679
2656, 708, 781
2657, 440, 668
2658, 184, 277
2659, 288, 361
2660, 720, 868
2661, 733, 807
2662, 666, 890
2663, 561, 627
2664, 404, 929
2665, 181, 491
2666, 186, 810
2667, 150, 576
2668, 546, 937
2669, 300, 796
2670, 366, 989
2671, 573, 765
2672, 257, 999
2673, 490, 767
2674, 132, 467
2675, 91, 527
2676, 123, 853
2677, 249, 327
2678, 755, 867
2679, 215, 611
2680, 227, 816
2681, 28, 841
2682, 605, 824
2683, 135, 357
2684, 691, 789
2685, 54, 664
2686, 334, 478
2687, 488, 839
2688, 423, 923
2689, 544, 899
2690, 235, 728
2691, 313, 522
2692, 239, 1000
2693, 411, 731
2694, 29, 439
2695, 904, 994
2696, 190, 463
2697, 663, 973
2698, 430, 643
2699, 125, 508
2700, 260, 710
2701, 724, 772
2702, 808, 919
2703, 269, 521
2704, 216, 276
2705, 631, 825
2706, 584, 953
2707, 301, 908
2708, 377, 412
2709, 80, 934
2710, 33, 848
2711, 50, 857
2712, 384, 790
2713, 43, 78
2714, 421, 441
2715, 283, 947
2716, 34, 671
2717, 374, 585
2718, 448, 531
2719, 47, 761
2720, 83, 759
2721, 303, 397
2722, 344, 667
2723, 784, 833
2724, 72, 482
2725, 649, 881
2726, 497, 555
2727, 105, 951
2728, 191, 545
2729, 838, 936
2730, 815, 943
2731, 109, 957
2732, 133, 692
2733, 615, 694
2734, 138, 369
2735, 209, 869
2736, 115, 310
2737, 107, 280
2738, 120, 349
2739, 134, 747
2740, 452, 525
2741, 39, 714
2742, 425, 859
2743, 331, 855
2744, 222, 932
2745, 786, 965
2746, 284, 416
2747, 169, 386
2748, 166, 606
2749, 623, 871
2750, 106, 707
2751, 415, 770
2752, 63, 769
2753, 219, 960
2754, 591, 744
2755, 603, 924
2756, 59, 147
2757, 294, 549
2758, 221, 730
2759, 48, 171
2760, 161, 768
2761, 375, 780
2762, 19, 737
2763, 346, 387
2764, 163, 928
2765, 806, 852
2766, 501, 712
2767, 85, 319
2768, 92, 159
2769, 711, 787
2770, 541, 658
2771, 427, 749
2772, 175, 563
2773, 739, 771
2774, 887, 888
2775, 536, 562
2776, 600, 907
2777, 560, 948
2778, 6, 116
2779, 151, 847
2780, 526, 588
2781, 911, 926
2782, 13, 49
2783, 101, 241
2784, 153, 886
2785, 461, 556
2786, 79, 236
2787, 220, 946
2788, 420, 689
2789, 454, 930
2790, 628, 684
2791, 609, 637
2792, 111, 927
2793, 204, 316
2794, 11, 982
2795, 58, 157
2796, 793, 935
2797, 748, 909
2798, 178, 941
2799, 146, 354
2800, 31, 752
2801, 632, 864
2802, 630, 729
2803, 330, 557
2804, 18, 851
2805, 1, 250
2806, 60, 654
2807, 614, 986
2808, 496, 534
2809, 128, 391
2810, 617, 709
2811, 88, 514
2812, 65, 621
2813, 290, 332
2814, 140, 732
2815, 86, 915
2816, 218, 967
2817, 406, 959
2818, 136, 788
2819, 811, 894
2820, 37, 528
2821, 417, 756
2822, 118, 400
2823, 388, 735
2824, 64, 464
2825, 326, 359
2826, 104, 862
2827, 644, 854
2828, 518, 726
2829, 510, 774
2830, 225, 891
2831, 139, 991
2832, 20, 320
2833, 566, 974
2834, 486, 676
2835, 458, 892
2836, 381, 797
2837, 640, 645
2838, 113, 370
2839, 394, 601
2840, 275, 704
2841, 363, 961
2842, 398, 745
2843, 389, 956
2844, 675, 978
2845, 655, 734
2846, 182, 279
2847, 295, 309
2848, 597, 680
2849, 187, 196
2850, 266, 802
2851, 494, 944
2852, 286, 608
2853, 299, 845
2854, 273, 548
2855, 453, 538
2856, 321, 376
2857, 686, 688
2858, 188, 669
2859, 347, 850
2860, 589, 715
2861, 247, 993
2862, 914, 918
2863, 126, 940
2864, 323, 348
2865, 902, 942
2866, 291, 804
2867, 117, 506
2868, 598, 693
2869, 30, 823
2870, 636, 836
2871, 41, 831
2872, 779, 812
2873, 240, 817
2874, 471, 616
2875, 489, 995
2876, 437, 979
2877, 565, 917
2878, 670, 983
2879, 93, 955
2880, 230, 355
2881, 198, 256
2882, 231, 520
2883, 516, 533
2884, 176, 586
2885, 367, 921
2886, 337, 580
2887, 436, 553
2888, 719, 884
2889, 602, 682
2890, 460, 699
2891, 495, 499
2892, 69, 368
2893, 278, 696
2894, 962, 981
2895, 329, 760
2896, 285, 535
2897, 174, 931
2898, 335, 912
2899, 24, 396
2900, 893, 906
2901, 629, 700
2902, 569, 980
2903, 424, 639
2904, 500, 777
2905, 75, 81
2906, 382, 476
2907, 98, 433
2908, 832, 874
2909, 503, 582
2910, 414, 473
2911, 402, 958
2912, 7, 14
2913, 5, 229
2914, 264, 413
2915, 362, 438
2916, 451, 459
2917, 129, 341
2918, 509, 642
2919, 124, 142
2920, 246, 552
2921, 390, 620
2922, 245, 725
2923, 399, 408
2924, 56, 214
2925, 84, 449
2926, 519, 778
2927, 82, 492
2928, 253, 706
2929, 385, 641
2930, 447, 665
2931, 55, 977
2932, 16, 450
2933, 540, 674
2934, 3, 90
2935, 71, 477
2936, 22, 773
2937, 358, 791
2938, 624, 877
2939, 61, 304
2940, 201, 282
2941, 205, 952
2942, 110, 137
2943, 648, 783
2944, 403, 662
2945, 179, 558
2946, 429, 964
2947, 160, 843
2948, 345, 996
2949, 232, 683
2950, 487, 873
2951, 27, 419
2952, 165, 972
2953, 513, 610
2954, 95, 338
2955, 251, 970
2956, 762, 987
2957, 426, 468
2958, 213, 502
2959, 51, 905
2960, 457, 799
2961, 428, 922
2962, 480, 578
2963, 152, 339
2964, 302, 314
2965, 539, 743
2966, 77, 758
2967, 872, 963
2968, 261, 925
2969, 481, 776
2970, 846, 858
2971, 223, 265
2972, 818, 900
2973, 835, 945
2974, 517, 635
2975, 228, 474
2976, 446, 898
2977, 12, 695
2978, 100, 638
2979, 889, 975
2980, 45, 242
2981, 718, 879
2982, 2, 287
2983, 172, 795
2984, 154, 954
2985, 550, 829
2986, 9, 131
2987, 173, 721
2988, 568, 814
2989, 200, 311
2990, 392, 757
2991, 177, 998
2992, 422, 971
2993, 197, 462
2994, 567, 875
2995, 364, 595
2996, 76, 342
2997, 255, 543
2998, 87, 612
2999, 401, 432
3000, 259, 537
3001, 558, 934
3002, 70, 217
3003, 118, 351
3004, 646, 851
3005, 32, 309
3006, 324, 401
3007, 144, 333
3008, 505, 767
3009, 127, 819
3010, 334, 487
3011, 723, 886
3012, 554, 594
3013, 156, 548
3014, 406, 670
3015, 490, 584
3016, 718, 923
3017, 112, 612
3018, 168, 801
3019, 580, 791
3020, 304, 387
3021, 497, 498
3022, 424, 551
3023, 739, 969
3024, 98, 270
3025, 598, 823
3026, 287, 624
3027, 202, 456
3028, 256, 481
3029, 41, 419
3030, 3, 781
3031, 94, 383
3032, 284, 520
3033, 178, 776
3034, 45, 179
3035, 298, 428
3036, 44, 912
3037, 190, 321
3038, 46, 164
3039, 90, 538
3040, 578, 836
3041, 782, 972
3042, 234, 744
3043, 247, 695
3044, 72, 84
3045, 135, 192
3046, 715, 992
3047, 355, 713
3048, 396, 597
3049, 638, 877
3050, 350, 716
3051, 813, 999
3052, 398, 967
3053, 229, 418
3054, 53, 869
3055, 941, 955
3056, 458, 946
3057, 693, 721
3058, 858, 965
3059, 245, 329
3060, 226, 328
3061, 816, 898
3062, 173, 656
3063, 425, 746
3064, 115, 605
3065, 330, 466
3066, 611, 752
3067, 420, 820
3068, 218, 518
3069, 58, 461
3070, 354, 509
3071, 626, 900
3072, 172, 606
3073, 238, 249
3074, 266, 480
3075, 82, 502
3076, 469, 541
3077, 607, 750
3078, 724, 976
3079, 236, 808
3080, 78, 625
3081, 517, 521
3082, 722, 903
3083, 567, 687
3084, 870, 966
3085, 421, 588
3086, 710, 775
3087, 441, 901
3088, 544, 824
3089, 165, 810
3090, 48, 403
3091, 250, 600
3092, 464, 845
3093, 303, 736
3094, 196, 841
3095, 582, 589
3096, 114, 905
3097, 102, 216
3098, 445, 981
3099, 308, 698
3100, 370, 651
3101, 152, 252
3102, 499, 944
3103, 274, 774
3104, 615, 809
3105, 272, 786
3106, 126, 160
3107, 220, 697
3108, 89, 208
3109, 66, 761
3110, 315, 468
3111, 193, 491
3112, 57, 985
3113, 1, 9
3114, 209, 915
3115, 437, 623
3116, 240, 359
3117, 51, 83
3118, 644, 883
3119, 292, 953
3120, 276, 971
3121, 853, 968
3122, 682, 814
3123, 54, 336
3124, 838, 993
3125, 109, 740
3126, 185, 353
3127, 341, 850
3128, 212, 772
3129, 577, 592
3130, 289, 681
3131, 154, 183
3132, 268, 472
3133, 549, 963
3134, 344, 440
3135, 806, 868
3136, 675, 811
3137, 140, 267
3138, 150, 815
3139, 203, 550
3140, 18, 726
3141, 23, 559
3142, 408, 526
3143, 603, 741
3144, 27, 476
3145, 426, 504
3146, 64, 733
3147, 652, 942
3148, 452, 667
3149, 56, 97
3150, 251, 685
3151, 205, 357
3152, 161, 286
3153, 381, 527
3154, 38, 641
3155, 310, 766
3156, 322, 871
3157, 67, 85
3158, 473, 628
3159, 720, 758
3160, 33, 71
3161, 42, 893
3162, 690, 865
3163, 211, 362
3164, 486, 962
3165, 19, 457
3166, 294, 745
3167, 880, 892
3168, 295, 446
3169, 846, 918
3170, 100, 586
3171, 404, 874
3172, 5, 732
3173, 214, 834
3174, 884, 933
3175, 175, 747
3176, 590, 688
3177, 222, 948
3178, 664, 975
3179, 134, 553
3180, 88, 617
3181, 8, 610
3182, 75, 737
3183, 139, 768
3184, 429, 500
3185, 124, 388
3186, 666, 828
3187, 525, 756
3188, 170, 325
3189, 503, 897
3190, 377, 762
3191, 395, 832
3192, 405, 616
3193, 198, 524
3194, 683, 866
3195, 157, 380
3196, 564, 961
3197, 501, 719
3198, 6, 764
3199, 686, 839
3200, 349, 385
3201, 327, 891
3202, 807, 852
3203, 47, 748
3204, 12, 265
3205, 262, 407
3206, 275, 830
3207, 233, 704
3208, 528, 717
3209, 224, 379
3210, 65, 492
3211, 352, 706
3212, 397, 409
3213, 106, 982
3214, 279, 307
3215, 159, 228
3216, 166, 631
3217, 132, 956
3218, 110, 917
3219, 439, 742
3220, 273, 702
3221, 182, 812
3222, 244, 535
3223, 180, 689
3224, 14, 29
3225, 73, 668
3226, 96, 633
3227, 137, 176
3228, 225, 803
3229, 206, 435
3230, 255, 494
3231, 562, 665
3232, 36, 113
3233, 191, 701
3234, 364, 906
3235, 629, 650
3236, 757, 943
3237, 326, 759
3238, 62, 957
3239, 215, 939
3240, 37, 345
3241, 508, 573
3242, 789, 799
3243, 219, 281
3244, 99, 447
3245, 146, 907
3246, 331, 661
3247, 204, 751
3248, 529, 672
3249, 848, 978
3250, 195, 857
3251, 596, 649
3252, 431, 771
3253, 50, 829
3254, 40, 459
3255, 93, 155
3256, 416, 795
3257, 317, 599
3258, 25, 593
3259, 916, 919
3260, 360, 485
3261, 378, 882
3262, 52, 635
3263, 302, 990
3264, 312, 632
3265, 282, 621
3266, 455, 860
3267, 620, 927
3268, 197, 692
3269, 49, 730
3270, 545, 951
3271, 556, 970
3272, 26, 536
3273, 673, 709
3274, 133, 569
3275, 372, 392
3276, 200, 291
3277, 696, 867
3278, 116, 889
3279, 386, 935
3280, 805, 833
3281, 280, 879
3282, 414, 462
3283, 117, 475
3284, 618, 798
3285, 162, 259
3286, 121, 773
3287, 570, 913
3288, 227, 647
3289, 571, 591
3290, 532, 676
3291, 104, 639
3292, 237, 484
3293, 382, 537
3294, 80, 436
3295, 384, 678
3296, 207, 232
3297, 260, 642
3298, 371, 645
3299, 300, 1000
3300, 707, 840
3301, 797, 890
3302, 674, 770
3303, 130, 519
3304, 122, 507
3305, 7, 523
3306, 434, 496
3307, 574, 825
3308, 258, 296
3309, 540, 547
3310, 755, 854
3311, 346, 560
3312, 363, 712
3313, 17, 347
3314, 412, 856
3315, 563, 921
3316, 230, 896
3317, 79, 920
3318, 657, 783
3319, 20, 108
3320, 316, 534
3321, 293, 787
3322, 601, 983
3323, 13, 714
3324, 143, 285
3325, 148, 648
3326, 22, 323
3327, 297, 872
3328, 28, 760
3329, 663, 995
3330, 167, 777
3331, 552, 922
3332, 105, 188
3333, 111, 653
3334, 847, 940
3335, 60, 700
3336, 400, 837
3337, 342, 432
3338, 660, 743
3339, 595, 932
3340, 264, 493
3341, 818, 987
3342, 478, 991
3343, 263, 655
3344, 680, 804
3345, 74, 784
3346, 189, 959
3347, 394, 788
3348, 417, 477
3349, 138, 522
3350, 399, 986
3351, 358, 609
3352, 557, 925
3353, 373, 539
3354, 187, 734
3355, 128, 271
3356, 658, 945
3357, 194, 422
3358, 171, 278
3359, 454, 974
3360, 319, 821
3361, 149, 669
3362, 516, 659
3363, 467, 679
3364, 107, 391
3365, 95, 950
3366, 583, 778
3367, 413, 415
3368, 101, 587
3369, 438, 619
3370, 120, 169
3371, 375, 822
3372, 511, 738
3373, 444, 910
3374, 581, 614
3375, 367, 988
3376, 235, 640
3377, 389, 510
3378, 81, 123
3379, 411, 542
3380, 30, 142
3381, 103, 949
3382, 34, 546
3383, 899, 936
3384, 314, 576
3385, 339, 613
3386, 842, 929
3387, 301, 827
3388, 904, 931
3389, 802, 973
3390, 817, 849
3391, 16, 186
3392, 465, 876
3393, 31, 790
3394, 423, 449
3395, 348, 938
3396, 248, 958
3397, 911, 924
3398, 2, 568
3399, 288, 691
3400, 627, 928
3401, 725, 835
3402, 512, 881
3403, 87, 699
3404, 241, 313
3405, 299, 366
3406, 68, 410
3407, 671, 888
3408, 223, 727
3409, 729, 980
3410, 514, 634
3411, 561, 878
3412, 24, 427
3413, 602, 779
3414, 630, 654
3415, 361, 565
3416, 10, 43
3417, 433, 637
3418, 305, 513
3419, 119, 793
3420, 136, 947
3421, 246, 708
3422, 184, 579
3423, 290, 843
3424, 335, 463
3425, 572, 926
3426, 91, 954
3427, 543, 575
3428, 4, 145
3429, 59, 998
3430, 242, 895
3431, 61, 684
3432, 471, 489
3433, 151, 826
3434, 306, 862
3435, 257, 909
3436, 213, 643
3437, 483, 662
3438, 873, 930
3439, 453, 952
3440, 443, 908
3441, 311, 997
3442, 530, 796
3443, 442, 996
3444, 201, 994
3445, 430, 964
3446, 239, 450
3447, 254, 460
3448, 792, 960
3449, 374, 470
3450, 199, 765
3451, 269, 887
3452, 221, 728
3453, 35, 984
3454, 55, 181
3455, 21, 902
3456, 69, 479
3457, 495, 703
3458, 63, 338
3459, 210, 531
3460, 131, 253
3461, 376, 863
3462, 243, 332
3463, 369, 885
3464, 125, 390
3465, 636, 844
3466, 451, 474
3467, 340, 977
3468, 393, 763
3469, 705, 711
3470, 608, 989
3471, 368, 864
3472, 141, 769
3473, 754, 914
3474, 129, 566
3475, 153, 937
3476, 76, 320
3477, 147, 753
3478, 515, 861
3479, 177, 318
3480, 488, 622
3481, 39, 894
3482, 337, 794
3483, 402, 855
3484, 604, 785
3485, 735, 831
3486, 15, 749
3487, 482, 585
3488, 555, 800
3489, 356, 448
3490, 694, 979
3491, 277, 365
3492, 11, 77
3493, 158, 780
3494, 86, 533
3495, 174, 859
3496, 261, 875
3497, 92, 283
3498, 343, 677
3499, 163, 731
3500, 231, 506
3501, 214, 944
3502, 303, 537
3503, 277, 791
3504, 12, 678
3505, 220, 433
3506, 28, 615
3507, 233, 563
3508, 183, 323
3509, 298, 427
3510, 88, 843
3511, 463, 788
3512, 435, 737
3513, 810, 866
3514, 48, 730
3515, 495, 680
3516, 428, 612
3517, 41, 116
3518, 520, 832
3519, 342, 714
3520, 69, 591
3521, 142, 332
3522, 114, 819
3523, 143, 720
3524, 632, 966
3525, 97, 817
3526, 953, 970
3527, 213, 217
3528, 177, 510
3529, 344, 864
3530, 351, 684
3531, 408, 532
3532, 155, 339
3533, 531, 824
3534, 538, 800
3535, 751, 967
3536, 785, 923
3537, 704, 999
3538, 437, 598
3539, 100, 450
3540, 105, 137
3541, 367, 725
3542, 384, 845
3543, 708, 815
3544, 774, 814
3545, 599, 839
3546, 27, 790
3547, 604, 888
3548, 474, 775
3549, 119, 357
3550, 49, 455
3551, 319, 934
3552, 310, 705
3553, 313, 996
3554, 241, 957
3555, 111, 169
3556, 192, 976
3557, 879, 909
3558, 485, 606
3559, 749, 892
3560, 786, 991
3561, 72, 773
3562, 86, 872
3563, 276, 965
3564, 37, 781
3565, 164, 223
3566, 288, 776
3567, 167, 415
3568, 723, 816
3569, 193, 929
3570, 379, 664
3571, 61, 454
3572, 84, 515
3573, 572, 868
3574, 460, 635
3575, 381, 752
3576, 205, 410
3577, 232, 993
3578, 573, 581
3579, 198, 867
3580, 194, 761
3581, 294, 431
3582, 699, 709
3583, 56, 118
3584, 452, 724
3585, 172, 782
3586, 540, 744
3587, 487, 958
3588, 95, 803
3589, 139, 597
3590, 14, 148
3591, 326, 698
3592, 2, 80
3593, 458, 853
3594, 125, 430
3595, 533, 805
3596, 315, 649
3597, 1, 444
3598, 482, 523
3599, 607, 963
3600, 163, 472
3601, 54, 349
3602, 134, 851
3603, 8, 582
3604, 535, 794
3605, 694, 738
3606, 246, 286
3607, 147, 812
3608, 3, 376
3609, 733, 880
3610, 459, 831
3611, 104, 910
3612, 611, 983
3613, 397, 924
3614, 231, 252
3615, 207, 347
3616, 273, 561
3617, 141, 236
3618, 491, 969
3619, 32, 260
3620, 373, 504
3621, 469, 856
3622, 443, 981
3623, 671, 933
3624, 81, 1000
3625, 628, 899
3626, 211, 544
3627, 952, 988
3628, 25, 623
3629, 793, 857
3630, 256, 257
3631, 108, 820
3632, 475, 499
3633, 219, 500
3634, 267, 390
3635, 646, 918
3636, 91, 695
3637, 436, 997
3638, 46, 701
3639, 330, 641
3640, 173, 949
3641, 480, 717
3642, 57, 971
3643, 117, 874
3644, 394, 939
3645, 152, 543
3646, 166, 354
3647, 34, 216
3648, 70, 362
3649, 129, 842
3650, 551, 930
3651, 262, 468
3652, 195, 692
3653, 109, 254
3654, 264, 490
3655, 200, 754
3656, 743, 756
3657, 570, 927
3658, 53, 765
3659, 36, 343
3660, 672, 833
3661, 862, 962
3662, 503, 546
3663, 101, 764
3664, 852, 975
3665, 662, 759
3666, 382, 505
3667, 175, 703
3668, 473, 980
3669, 457, 658
3670, 59, 652
3671, 670, 760
3672, 263, 789
3673, 887, 926
3674, 567, 586
3675, 75, 860
3676, 15, 687
3677, 461, 932
3678, 305, 372
3679, 24, 893
3680, 188, 719
3681, 555, 745
3682, 212, 826
3683, 82, 702
3684, 620, 639
3685, 878, 987
3686, 197, 881
3687, 42, 311
3688, 356, 389
3689, 304, 669
3690, 511, 640
3691, 18, 711
3692, 432, 659
3693, 110, 846
3694, 40, 691
3695, 502, 626
3696, 338, 471
3697, 112, 584
3698, 23, 779
3699, 133, 552
3700, 284, 360
3701, 135, 320
3702, 204, 825
3703, 922, 994
3704, 439, 545
3705, 386, 979
3706, 178, 977
3707, 416, 681
3708, 259, 496
3709, 636, 916
3710, 300, 964
3711, 50, 157
3712, 456, 712
3713, 334, 579
3714, 93, 921
3715, 526, 777
3716, 350, 566
3717, 68, 688
3718, 569, 801
3719, 728, 920
3720, 65, 707
3721, 35, 413
3722, 886, 935
3723, 47, 648
3724, 58, 406
3725, 63, 651
3726, 364, 903
3727, 378, 451
3728, 476, 497
3729, 10, 585
3730, 90, 608
3731, 900, 992
3732, 224, 301
3733, 548, 998
3734, 391, 440
3735, 215, 690
3736, 19, 524
3737, 610, 667
3738, 66, 261
3739, 235, 308
3740, 609, 763
3741, 380, 580
3742, 753, 821
3743, 464, 861
3744, 6, 434
3745, 253, 509
3746, 140, 521
3747, 171, 508
3748, 477, 571
3749, 237, 534
3750, 530, 830
3751, 115, 715
3752, 562, 645
3753, 179, 547
3754, 199, 322
3755, 209, 919
3756, 942, 945
3757, 340, 388
3758, 336, 618
3759, 9, 823
3760, 395, 827
3761, 123, 718
3762, 180, 629
3763, 120, 266
3764, 76, 541
3765, 77, 601
3766, 131, 873
3767, 271, 885
3768, 289, 307
3769, 282, 365
3770, 159, 507
3771, 98, 936
3772, 642, 722
3773, 556, 583
3774, 783, 835
3775, 201, 494
3776, 244, 677
3777, 422, 513
3778, 226, 605
3779, 79, 683
3780, 290, 595
3781, 270, 883
3782, 553, 769
3783, 268, 889
3784, 85, 902
3785, 393, 982
3786, 238, 275
3787, 622, 850
3788, 587, 894
3789, 337, 359
3790, 170, 884
3791, 113, 321
3792, 149, 488
3793, 399, 614
3794, 302, 519
3795, 445, 914
3796, 948, 985
3797, 603, 780
3798, 225, 734
3799, 280, 729
3800, 492, 682
3801, 161, 446
3802, 230, 363
3803, 202, 911
3804, 158, 281
3805, 45, 771
3806, 594, 710
3807, 126, 806
3808, 370, 747
3809, 250, 807
3810, 489, 653
3811, 438, 757
3812, 838, 951
3813, 210, 317
3814, 954, 986
3815, 331, 679
3816, 402, 676
3817, 240, 989
3818, 414, 650
3819, 465, 891
3820, 181, 638
3821, 187, 990
3822, 221, 287
3823, 429, 865
3824, 400, 736
3825, 293, 295
3826, 83, 539
3827, 371, 643
3828, 306, 329
3829, 44, 657
3830, 741, 768
3831, 420, 634
3832, 203, 447
3833, 917, 973
3834, 73, 549
3835, 138, 762
3836, 787, 844
3837, 274, 296
3838, 16, 78
3839, 160, 318
3840, 385, 655
3841, 559, 959
3842, 153, 314
3843, 184, 686
3844, 417, 423
3845, 575, 836
3846, 107, 961
3847, 411, 442
3848, 124, 162
3849, 145, 931
3850, 96, 522
3851, 501, 904
3852, 165, 405
3853, 299, 941
3854, 590, 798
3855, 128, 312
3856, 478, 627
3857, 912, 995
3858, 94, 333
3859, 186, 840
3860, 62, 822
3861, 602, 950
3862, 258, 855
3863, 38, 661
3864, 870, 908
3865, 20, 52
3866, 136, 361
3867, 11, 974
3868, 29, 748
3869, 453, 808
3870, 617, 621
3871, 696, 742
3872, 407, 731
3873, 103, 368
3874, 33, 222
3875, 309, 841
3876, 697, 837
3877, 327, 901
3878, 341, 693
3879, 448, 804
3880, 404, 558
3881, 106, 882
3882, 498, 726
3883, 144, 283
3884, 928, 946
3885, 7, 87
3886, 665, 809
3887, 291, 528
3888, 245, 441
3889, 325, 739
3890, 182, 426
3891, 64, 506
3892, 151, 366
3893, 829, 847
3894, 796, 834
3895, 355, 483
3896, 51, 596
3897, 316, 854
3898, 493, 660
3899, 616, 813
3900, 536, 706
3901, 285, 514
3902, 176, 685
3903, 130, 449
3904, 146, 943
3905, 689, 905
3906, 89, 328
3907, 196, 577
3908, 353, 600
3909, 265, 348
3910, 60, 554
3911, 818, 938
3912, 190, 467
3913, 279, 770
3914, 278, 799
3915, 208, 898
3916, 746, 849
3917, 792, 828
3918, 484, 625
3919, 358, 557
3920, 168, 940
3921, 375, 713
3922, 486, 907
3923, 668, 956
3924, 346, 462
3925, 527, 592
3926, 21, 517
3927, 22, 512
3928, 39, 374
3929, 189, 784
3930, 637, 663
3931, 228, 876
3932, 255, 481
3933, 396, 412
3934, 185, 968
3935, 55, 890
3936, 550, 897
3937, 156, 466
3938, 13, 755
3939, 398, 425
3940, 74, 234
3941, 654, 848
3942, 863, 915
3943, 5, 392
3944, 644, 674
3945, 560, 802
3946, 150, 937
3947, 17, 565
3948, 227, 247
3949, 631, 960
3950, 248, 383
3951, 269, 913
3952, 633, 984
3953, 542, 875
3954, 67, 470
3955, 335, 858
3956, 272, 419
3957, 418, 896
3958, 613, 647
3959, 218, 387
3960, 122, 292
3961, 593, 758
3962, 324, 574
3963, 700, 955
3964, 518, 716
3965, 421, 925
3966, 624, 795
3967, 249, 673
3968, 31, 906
3969, 4, 377
3970, 132, 732
3971, 242, 750
3972, 401, 656
3973, 352, 424
3974, 92, 972
3975, 71, 154
3976, 43, 99
3977, 121, 479
3978, 229, 588
3979, 206, 403
3980, 564, 859
3981, 30, 630
3982, 127, 578
3983, 174, 297
3984, 369, 772
3985, 675, 947
3986, 778, 811
3987, 525, 735
3988, 516, 619
3989, 251, 871
3990, 877, 895
3991, 409, 568
3992, 345, 576
3993, 529, 721
3994, 26, 727
3995, 740, 978
3996, 239, 767
3997, 102, 191
3998, 243, 666
3999, 589, 797
4000, 766, 869
