id, img1, img2
1, 853, 911
2, 611, 793
3, 742, 837
4, 84, 422
5, 295, 632
6, 303, 772
7, 73, 133
8, 354, 379
9, 7, 550
10, 683, 852
11, 485, 955
12, 263, 715
13, 533, 935
14, 151, 378
15, 608, 850
16, 525, 973
17, 804, 921
18, 51, 428
19, 162, 559
20, 79, 392
21, 208, 873
22, 609, 650
23, 483, 902
24, 185, 390
25, 231, 572
26, 159, 269
27, 362, 517
28, 429, 597
29, 266, 304
30, 915, 993
31, 820, 872
32, 194, 627
33, 463, 868
34, 28, 599
35, 663, 931
36, 233, 563
37, 241, 424
38, 593, 692
39, 441, 576
40, 785, 975
41, 12, 44
42, 606, 752
43, 212, 243
44, 96, 865
45, 578, 932
46, 182, 674
47, 111, 723
48, 797, 899
49, 180, 968
50, 170, 875
51, 325, 880
52, 323, 744
53, 600, 720
54, 136, 682
55, 333, 901
56, 88, 581
57, 49, 678
58, 359, 488
59, 38, 684
60, 748, 887
61, 50, 228
62, 140, 251
63, 25, 291
64, 827, 943
65, 345, 624
66, 293, 649
67, 232, 781
68, 167, 607
69, 403, 594
70, 443, 783
71, 257, 999
72, 188, 782
73, 375, 836
74, 412, 816
75, 101, 482
76, 635, 997
77, 298, 669
78, 9, 211
79, 709, 806
80, 629, 917
81, 570, 659
82, 85, 341
83, 758, 812
84, 186, 451
85, 130, 944
86, 363, 992
87, 637, 790
88, 736, 858
89, 614, 621
90, 272, 831
91, 657, 904
92, 285, 338
93, 380, 743
94, 384, 391
95, 671, 995
96, 239, 800
97, 98, 553
98, 654, 818
99, 31, 142
100, 11, 947
101, 299, 358
102, 646, 679
103, 481, 493
104, 520, 616
105, 618, 640
106, 74, 864
107, 326, 954
108, 42, 110
109, 499, 825
110, 271, 445
111, 634, 987
112, 177, 524
113, 589, 694
114, 143, 766
115, 281, 707
116, 883, 967
117, 52, 487
118, 568, 951
119, 55, 504
120, 222, 516
121, 2, 747
122, 175, 910
123, 252, 301
124, 249, 685
125, 908, 927
126, 83, 750
127, 370, 457
128, 236, 842
129, 172, 199
130, 116, 456
131, 1, 546
132, 168, 702
133, 779, 846
134, 537, 919
135, 625, 801
136, 220, 385
137, 431, 996
138, 583, 653
139, 60, 575
140, 75, 117
141, 224, 364
142, 207, 626
143, 741, 845
144, 795, 974
145, 255, 288
146, 158, 959
147, 639, 749
148, 356, 693
149, 39, 981
150, 296, 365
151, 226, 229
152, 16, 470
153, 72, 866
154, 149, 292
155, 21, 612
156, 556, 778
157, 144, 280
158, 132, 711
159, 310, 925
160, 480, 712
161, 367, 739
162, 386, 407
163, 447, 814
164, 189, 662
165, 389, 562
166, 316, 849
167, 355, 906
168, 69, 100
169, 92, 557
170, 660, 792
171, 244, 644
172, 270, 324
173, 219, 840
174, 519, 540
175, 113, 164
176, 196, 297
177, 461, 496
178, 169, 415
179, 206, 822
180, 566, 828
181, 636, 939
182, 751, 938
183, 466, 666
184, 34, 805
185, 302, 619
186, 440, 675
187, 664, 985
188, 687, 969
189, 155, 701
190, 115, 564
191, 580, 628
192, 104, 273
193, 340, 829
194, 349, 598
195, 826, 877
196, 282, 474
197, 555, 881
198, 53, 536
199, 213, 860
200, 97, 478
201, 530, 965
202, 934, 942
203, 620, 738
204, 645, 832
205, 290, 399
206, 552, 567
207, 17, 160
208, 77, 526
209, 227, 615
210, 76, 948
211, 14, 153
212, 258, 810
213, 551, 577
214, 48, 439
215, 605, 755
216, 885, 920
217, 410, 897
218, 473, 735
219, 124, 998
220, 560, 898
221, 760, 882
222, 261, 381
223, 163, 859
224, 534, 976
225, 203, 843
226, 531, 937
227, 225, 508
228, 622, 922
229, 234, 462
230, 300, 548
231, 89, 426
232, 82, 710
233, 166, 502
234, 223, 405
235, 61, 554
236, 161, 631
237, 763, 884
238, 667, 855
239, 94, 774
240, 103, 369
241, 210, 730
242, 586, 876
243, 914, 970
244, 505, 765
245, 574, 691
246, 46, 656
247, 591, 862
248, 655, 986
249, 99, 978
250, 23, 892
251, 209, 319
252, 641, 983
253, 547, 733
254, 314, 489
255, 141, 961
256, 165, 703
257, 764, 794
258, 425, 839
259, 278, 497
260, 105, 139
261, 665, 721
262, 114, 759
263, 465, 538
264, 437, 716
265, 107, 337
266, 267, 397
267, 54, 722
268, 318, 888
269, 216, 807
270, 542, 802
271, 501, 960
272, 484, 661
273, 86, 321
274, 686, 956
275, 350, 377
276, 307, 988
277, 433, 912
278, 59, 193
279, 398, 756
280, 156, 848
281, 289, 697
282, 259, 262
283, 448, 595
284, 32, 945
285, 332, 841
286, 383, 980
287, 128, 351
288, 311, 408
289, 137, 946
290, 221, 769
291, 145, 361
292, 178, 670
293, 601, 677
294, 147, 284
295, 81, 129
296, 205, 387
297, 204, 699
298, 29, 689
299, 157, 395
300, 70, 539
301, 500, 791
302, 498, 602
303, 264, 459
304, 67, 788
305, 328, 770
306, 928, 972
307, 347, 734
308, 215, 376
309, 695, 768
310, 592, 964
311, 283, 737
312, 108, 940
313, 260, 414
314, 93, 127
315, 200, 603
316, 532, 740
317, 668, 891
318, 276, 803
319, 515, 585
320, 432, 823
321, 421, 727
322, 784, 808
323, 4, 65
324, 171, 896
325, 8, 821
326, 120, 617
327, 247, 430
328, 334, 638
329, 123, 630
330, 64, 658
331, 472, 963
332, 467, 512
333, 352, 522
334, 190, 541
335, 420, 535
336, 353, 879
337, 253, 874
338, 513, 613
339, 43, 335
340, 37, 913
341, 235, 453
342, 417, 434
343, 106, 971
344, 471, 726
345, 569, 579
346, 348, 905
347, 286, 930
348, 248, 477
349, 274, 809
350, 154, 322
351, 573, 886
352, 176, 475
353, 330, 796
354, 413, 713
355, 643, 811
356, 571, 651
357, 41, 780
358, 179, 706
359, 256, 757
360, 118, 372
361, 138, 767
362, 775, 890
363, 511, 929
364, 214, 393
365, 327, 411
366, 56, 184
367, 90, 990
368, 652, 753
369, 218, 719
370, 388, 705
371, 131, 191
372, 844, 907
373, 718, 979
374, 446, 824
375, 146, 681
376, 813, 977
377, 95, 798
378, 197, 994
379, 87, 329
380, 279, 819
381, 331, 690
382, 148, 708
383, 495, 544
384, 121, 435
385, 514, 610
386, 518, 1000
387, 268, 277
388, 561, 724
389, 776, 991
390, 449, 941
391, 71, 254
392, 469, 761
393, 192, 889
394, 464, 565
395, 125, 771
396, 230, 835
397, 122, 400
398, 374, 851
399, 527, 847
400, 91, 401
401, 587, 857
402, 396, 455
403, 78, 490
404, 732, 787
405, 419, 893
406, 582, 918
407, 15, 371
408, 871, 966
409, 68, 895
410, 18, 870
411, 195, 486
412, 423, 838
413, 198, 916
414, 20, 680
415, 306, 789
416, 57, 558
417, 491, 894
418, 442, 717
419, 700, 936
420, 238, 957
421, 623, 863
422, 45, 642
423, 150, 731
424, 633, 982
425, 201, 382
426, 246, 673
427, 344, 933
428, 427, 647
429, 543, 900
430, 134, 648
431, 476, 949
432, 30, 529
433, 173, 287
434, 102, 305
435, 588, 745
436, 394, 452
437, 6, 22
438, 187, 958
439, 19, 308
440, 58, 854
441, 242, 507
442, 5, 869
443, 112, 183
444, 479, 773
445, 458, 714
446, 604, 696
447, 63, 360
448, 492, 834
449, 237, 468
450, 181, 830
451, 406, 418
452, 275, 728
453, 336, 817
454, 80, 202
455, 346, 402
456, 27, 62
457, 312, 523
458, 688, 903
459, 13, 343
460, 35, 438
461, 250, 856
462, 786, 867
463, 135, 444
464, 36, 777
465, 26, 549
466, 320, 342
467, 373, 953
468, 454, 545
469, 174, 436
470, 339, 754
471, 152, 878
472, 503, 962
473, 450, 676
474, 33, 317
475, 799, 924
476, 294, 366
477, 217, 494
478, 698, 861
479, 404, 509
480, 815, 909
481, 3, 584
482, 24, 729
483, 309, 926
484, 10, 109
485, 40, 989
486, 521, 746
487, 833, 923
488, 240, 506
489, 313, 510
490, 47, 368
491, 315, 590
492, 704, 984
493, 126, 725
494, 245, 672
495, 950, 952
496, 265, 762
497, 528, 596
498, 409, 416
499, 66, 357
500, 119, 460
501, 455, 963
502, 52, 969
503, 557, 753
504, 393, 741
505, 171, 942
506, 284, 790
507, 815, 951
508, 504, 630
509, 281, 743
510, 542, 771
511, 59, 727
512, 432, 873
513, 332, 491
514, 976, 978
515, 244, 998
516, 576, 710
517, 578, 870
518, 490, 892
519, 145, 848
520, 690, 770
521, 73, 273
522, 358, 826
523, 38, 550
524, 547, 821
525, 166, 265
526, 403, 460
527, 392, 794
528, 204, 787
529, 229, 819
530, 155, 409
531, 415, 650
532, 412, 451
533, 421, 567
534, 237, 959
535, 40, 548
536, 697, 961
537, 269, 945
538, 481, 934
539, 257, 512
540, 376, 608
541, 68, 764
542, 312, 477
543, 55, 881
544, 81, 661
545, 835, 939
546, 579, 604
547, 507, 825
548, 443, 668
549, 206, 820
550, 772, 898
551, 143, 340
552, 295, 427
553, 198, 386
554, 361, 858
555, 214, 761
556, 709, 786
557, 334, 782
558, 46, 396
559, 535, 568
560, 168, 430
561, 6, 810
562, 162, 669
563, 549, 715
564, 391, 628
565, 416, 775
566, 7, 529
567, 123, 996
568, 329, 713
569, 51, 203
570, 559, 970
571, 313, 702
572, 39, 802
573, 114, 854
574, 362, 890
575, 126, 337
576, 521, 627
577, 16, 809
578, 538, 757
579, 18, 909
580, 147, 789
581, 484, 792
582, 158, 936
583, 632, 654
584, 89, 855
585, 290, 609
586, 378, 776
587, 518, 980
588, 779, 893
589, 131, 793
590, 501, 552
591, 146, 249
592, 306, 428
593, 83, 670
594, 160, 738
595, 522, 905
596, 91, 163
597, 274, 755
598, 24, 908
599, 495, 729
600, 429, 464
601, 215, 571
602, 195, 289
603, 182, 884
604, 285, 498
605, 816, 885
606, 408, 593
607, 657, 763
608, 201, 533
609, 502, 531
610, 389, 463
611, 138, 728
612, 104, 479
613, 120, 941
614, 239, 497
615, 144, 423
616, 457, 910
617, 473, 688
618, 467, 895
619, 27, 938
620, 560, 960
621, 478, 621
622, 365, 916
623, 797, 861
624, 369, 644
625, 87, 137
626, 53, 212
627, 379, 962
628, 357, 708
629, 411, 622
630, 115, 920
631, 437, 859
632, 172, 774
633, 305, 458
634, 3, 867
635, 190, 213
636, 536, 966
637, 48, 678
638, 297, 483
639, 643, 714
640, 682, 993
641, 61, 65
642, 232, 554
643, 130, 343
644, 26, 161
645, 635, 883
646, 476, 494
647, 641, 839
648, 45, 230
649, 264, 505
650, 843, 872
651, 410, 921
652, 299, 564
653, 181, 917
654, 585, 726
655, 99, 426
656, 656, 716
657, 746, 986
658, 29, 402
659, 401, 492
660, 371, 551
661, 454, 803
662, 222, 525
663, 406, 640
664, 20, 805
665, 94, 927
666, 125, 164
667, 283, 851
668, 76, 540
669, 149, 374
670, 336, 387
671, 514, 580
672, 250, 280
673, 247, 539
674, 77, 323
675, 221, 638
676, 12, 407
677, 103, 310
678, 242, 833
679, 352, 932
680, 119, 453
681, 58, 748
682, 106, 923
683, 799, 845
684, 385, 879
685, 148, 586
686, 86, 400
687, 112, 122
688, 465, 679
689, 173, 245
690, 32, 600
691, 197, 874
692, 127, 165
693, 705, 832
694, 1, 672
695, 78, 487
696, 511, 984
697, 282, 914
698, 124, 911
699, 838, 903
700, 706, 949
701, 21, 840
702, 177, 555
703, 425, 994
704, 186, 865
705, 193, 626
706, 398, 592
707, 19, 175
708, 254, 964
709, 311, 925
710, 431, 979
711, 74, 780
712, 350, 720
713, 526, 594
714, 97, 404
715, 418, 631
716, 573, 711
717, 50, 768
718, 102, 778
719, 303, 719
720, 223, 731
721, 80, 466
722, 353, 985
723, 184, 373
724, 364, 673
725, 788, 814
726, 625, 899
727, 344, 405
728, 62, 179
729, 300, 489
730, 653, 675
731, 676, 904
732, 335, 946
733, 194, 243
734, 445, 975
735, 543, 597
736, 663, 889
737, 133, 159
738, 419, 513
739, 556, 612
740, 105, 944
741, 629, 940
742, 5, 907
743, 210, 751
744, 613, 922
745, 14, 23
746, 474, 607
747, 224, 824
748, 107, 459
749, 339, 537
750, 588, 823
751, 33, 749
752, 732, 972
753, 493, 929
754, 602, 677
755, 383, 671
756, 92, 587
757, 231, 355
758, 798, 977
759, 176, 217
760, 345, 876
761, 267, 888
762, 434, 919
763, 366, 766
764, 707, 878
765, 185, 762
766, 43, 785
767, 846, 897
768, 205, 901
769, 56, 276
770, 152, 990
771, 742, 864
772, 72, 997
773, 452, 519
774, 736, 765
775, 449, 801
776, 227, 965
777, 187, 450
778, 2, 82
779, 647, 683
780, 79, 982
781, 69, 228
782, 397, 651
783, 88, 252
784, 63, 377
785, 196, 503
786, 266, 704
787, 572, 769
788, 30, 202
789, 470, 634
790, 616, 999
791, 482, 582
792, 381, 1000
793, 338, 953
794, 896, 918
795, 71, 417
796, 47, 444
797, 109, 767
798, 200, 240
799, 101, 952
800, 485, 733
801, 100, 496
802, 113, 700
803, 84, 438
804, 150, 844
805, 42, 275
806, 121, 263
807, 754, 804
808, 117, 577
809, 292, 691
810, 116, 563
811, 442, 880
812, 234, 342
813, 317, 326
814, 480, 800
815, 225, 701
816, 420, 462
817, 151, 834
818, 93, 354
819, 737, 900
820, 270, 315
821, 170, 699
822, 96, 853
823, 545, 562
824, 199, 614
825, 328, 506
826, 488, 856
827, 510, 664
828, 209, 827
829, 330, 349
830, 351, 850
831, 648, 735
832, 773, 796
833, 135, 304
834, 906, 954
835, 11, 44
836, 218, 987
837, 390, 812
838, 331, 596
839, 207, 887
840, 869, 971
841, 324, 937
842, 9, 610
843, 118, 930
844, 220, 991
845, 37, 293
846, 241, 288
847, 836, 935
848, 517, 989
849, 111, 724
850, 395, 695
851, 436, 681
852, 508, 943
853, 13, 717
854, 255, 721
855, 756, 973
856, 516, 606
857, 322, 394
858, 375, 515
859, 435, 599
860, 301, 784
861, 139, 760
862, 235, 456
863, 658, 837
864, 583, 813
865, 259, 558
866, 524, 581
867, 360, 520
868, 649, 950
869, 67, 637
870, 530, 877
871, 718, 849
872, 380, 968
873, 652, 983
874, 534, 992
875, 448, 591
876, 251, 527
877, 192, 928
878, 384, 620
879, 744, 862
880, 639, 830
881, 238, 894
882, 433, 439
883, 320, 841
884, 413, 847
885, 666, 981
886, 500, 723
887, 153, 316
888, 327, 781
889, 22, 633
890, 189, 955
891, 156, 829
892, 291, 399
893, 136, 318
894, 618, 660
895, 603, 808
896, 574, 783
897, 806, 933
898, 110, 665
899, 642, 722
900, 208, 348
901, 17, 248
902, 4, 842
903, 49, 868
904, 589, 988
905, 307, 368
906, 75, 319
907, 260, 686
908, 791, 811
909, 674, 915
910, 191, 272
911, 31, 595
912, 253, 655
913, 359, 569
914, 541, 739
915, 277, 570
916, 66, 258
917, 611, 623
918, 486, 546
919, 561, 857
920, 287, 685
921, 108, 211
922, 321, 891
923, 154, 740
924, 544, 882
925, 85, 286
926, 57, 98
927, 624, 871
928, 95, 958
929, 178, 565
930, 216, 863
931, 382, 913
932, 566, 807
933, 236, 828
934, 70, 188
935, 414, 469
936, 28, 142
937, 831, 912
938, 346, 694
939, 447, 703
940, 532, 852
941, 601, 752
942, 36, 333
943, 262, 750
944, 8, 730
945, 667, 712
946, 167, 745
947, 54, 615
948, 347, 636
949, 356, 475
950, 141, 696
951, 590, 689
952, 693, 734
953, 169, 692
954, 388, 758
955, 584, 598
956, 157, 174
957, 10, 747
958, 446, 886
959, 41, 646
960, 219, 967
961, 308, 441
962, 129, 777
963, 140, 298
964, 302, 499
965, 278, 817
966, 684, 795
967, 261, 523
968, 363, 974
969, 528, 680
970, 471, 553
971, 34, 370
972, 818, 926
973, 64, 662
974, 619, 956
975, 440, 957
976, 132, 860
977, 25, 947
978, 309, 948
979, 325, 866
980, 226, 372
981, 90, 128
982, 35, 605
983, 246, 271
984, 509, 645
985, 60, 314
986, 134, 180
987, 233, 296
988, 268, 367
989, 725, 759
990, 15, 687
991, 279, 472
992, 256, 822
993, 422, 902
994, 294, 575
995, 183, 931
996, 341, 659
997, 424, 617
998, 924, 995
999, 461, 698
1000, 468, 875
1001, 97, 475
1002, 95, 921
1003, 502, 772
1004, 48, 929
1005, 5, 330
1006, 243, 386
1007, 546, 725
1008, 31, 987
1009, 183, 864
1010, 215, 838
1011, 355, 441
1012, 270, 785
1013, 6, 457
1014, 77, 861
1015, 370, 515
1016, 438, 601
1017, 280, 986
1018, 479, 613
1019, 674, 816
1020, 189, 720
1021, 561, 826
1022, 164, 254
1023, 741, 744
1024, 682, 828
1025, 567, 718
1026, 145, 310
1027, 813, 859
1028, 170, 690
1029, 259, 862
1030, 403, 494
1031, 743, 903
1032, 87, 92
1033, 566, 747
1034, 64, 759
1035, 119, 287
1036, 139, 339
1037, 240, 723
1038, 688, 934
1039, 38, 82
1040, 343, 463
1041, 100, 997
1042, 142, 522
1043, 572, 716
1044, 206, 836
1045, 15, 193
1046, 500, 547
1047, 608, 645
1048, 447, 633
1049, 530, 925
1050, 387, 805
1051, 161, 208
1052, 422, 883
1053, 86, 293
1054, 896, 931
1055, 239, 793
1056, 643, 821
1057, 42, 179
1058, 696, 946
1059, 625, 976
1060, 804, 833
1061, 476, 623
1062, 9, 922
1063, 228, 379
1064, 680, 721
1065, 750, 939
1066, 727, 763
1067, 83, 248
1068, 648, 822
1069, 598, 698
1070, 73, 538
1071, 336, 738
1072, 81, 943
1073, 481, 963
1074, 691, 780
1075, 286, 369
1076, 451, 933
1077, 407, 609
1078, 140, 890
1079, 373, 539
1080, 392, 508
1081, 155, 714
1082, 296, 678
1083, 309, 810
1084, 552, 982
1085, 147, 512
1086, 51, 659
1087, 517, 961
1088, 496, 685
1089, 604, 856
1090, 352, 954
1091, 114, 663
1092, 271, 485
1093, 305, 367
1094, 658, 817
1095, 101, 357
1096, 37, 235
1097, 178, 262
1098, 611, 794
1099, 110, 518
1100, 824, 942
1101, 617, 755
1102, 187, 511
1103, 337, 684
1104, 443, 837
1105, 328, 958
1106, 913, 915
1107, 75, 335
1108, 124, 185
1109, 362, 452
1110, 397, 869
1111, 541, 886
1112, 497, 529
1113, 149, 269
1114, 402, 654
1115, 591, 918
1116, 211, 333
1117, 489, 867
1118, 180, 324
1119, 166, 599
1120, 564, 703
1121, 327, 777
1122, 1, 162
1123, 263, 279
1124, 173, 844
1125, 244, 557
1126, 182, 774
1127, 338, 904
1128, 28, 825
1129, 56, 577
1130, 218, 597
1131, 477, 676
1132, 78, 644
1133, 562, 993
1134, 94, 543
1135, 72, 872
1136, 23, 989
1137, 231, 990
1138, 536, 770
1139, 34, 410
1140, 260, 595
1141, 399, 638
1142, 62, 835
1143, 68, 847
1144, 695, 801
1145, 906, 984
1146, 57, 131
1147, 445, 615
1148, 313, 944
1149, 359, 442
1150, 559, 726
1151, 109, 760
1152, 184, 418
1153, 480, 603
1154, 346, 507
1155, 584, 994
1156, 76, 160
1157, 582, 842
1158, 510, 882
1159, 401, 955
1160, 292, 768
1161, 175, 620
1162, 46, 971
1163, 91, 151
1164, 385, 907
1165, 59, 454
1166, 200, 390
1167, 303, 764
1168, 213, 812
1169, 29, 207
1170, 404, 474
1171, 80, 284
1172, 174, 693
1173, 408, 662
1174, 297, 792
1175, 167, 227
1176, 752, 831
1177, 767, 800
1178, 273, 873
1179, 298, 344
1180, 588, 789
1181, 237, 323
1182, 340, 846
1183, 739, 818
1184, 444, 484
1185, 223, 884
1186, 473, 860
1187, 342, 513
1188, 150, 331
1189, 532, 670
1190, 93, 740
1191, 466, 920
1192, 236, 737
1193, 107, 888
1194, 198, 600
1195, 429, 877
1196, 537, 769
1197, 188, 899
1198, 245, 440
1199, 952, 969
1200, 840, 845
1201, 156, 694
1202, 108, 790
1203, 375, 405
1204, 154, 776
1205, 102, 848
1206, 74, 928
1207, 656, 672
1208, 472, 634
1209, 377, 979
1210, 216, 430
1211, 191, 332
1212, 592, 754
1213, 314, 363
1214, 544, 618
1215, 171, 470
1216, 312, 909
1217, 274, 811
1218, 238, 902
1219, 112, 632
1220, 195, 669
1221, 144, 919
1222, 229, 849
1223, 400, 516
1224, 439, 465
1225, 493, 797
1226, 569, 612
1227, 115, 998
1228, 316, 320
1229, 128, 894
1230, 40, 350
1231, 729, 991
1232, 222, 505
1233, 202, 573
1234, 579, 607
1235, 409, 771
1236, 365, 437
1237, 556, 863
1238, 661, 788
1239, 52, 972
1240, 799, 841
1241, 715, 784
1242, 450, 619
1243, 27, 527
1244, 366, 700
1245, 8, 668
1246, 325, 433
1247, 372, 449
1248, 103, 639
1249, 519, 910
1250, 491, 854
1251, 190, 230
1252, 177, 589
1253, 118, 322
1254, 574, 983
1255, 214, 278
1256, 321, 745
1257, 266, 653
1258, 253, 748
1259, 85, 855
1260, 152, 348
1261, 247, 815
1262, 288, 779
1263, 548, 850
1264, 728, 843
1265, 289, 317
1266, 146, 300
1267, 258, 778
1268, 704, 980
1269, 172, 881
1270, 165, 568
1271, 137, 434
1272, 415, 949
1273, 158, 308
1274, 453, 912
1275, 391, 866
1276, 713, 751
1277, 414, 587
1278, 132, 756
1279, 315, 524
1280, 533, 936
1281, 622, 646
1282, 35, 488
1283, 32, 940
1284, 69, 204
1285, 186, 814
1286, 458, 660
1287, 60, 823
1288, 757, 992
1289, 199, 492
1290, 261, 610
1291, 130, 576
1292, 43, 627
1293, 16, 194
1294, 136, 389
1295, 675, 898
1296, 487, 908
1297, 382, 735
1298, 4, 626
1299, 63, 868
1300, 380, 786
1301, 50, 734
1302, 673, 975
1303, 26, 272
1304, 299, 834
1305, 39, 781
1306, 294, 446
1307, 630, 953
1308, 256, 692
1309, 820, 981
1310, 70, 469
1311, 285, 930
1312, 707, 917
1313, 25, 277
1314, 17, 914
1315, 388, 459
1316, 12, 924
1317, 456, 730
1318, 106, 306
1319, 24, 874
1320, 117, 282
1321, 11, 79
1322, 749, 893
1323, 381, 827
1324, 311, 526
1325, 384, 509
1326, 2, 950
1327, 762, 832
1328, 570, 795
1329, 413, 583
1330, 220, 666
1331, 581, 719
1332, 116, 642
1333, 361, 652
1334, 376, 616
1335, 783, 807
1336, 558, 724
1337, 468, 636
1338, 264, 870
1339, 267, 705
1340, 54, 551
1341, 224, 436
1342, 651, 819
1343, 412, 555
1344, 326, 879
1345, 471, 495
1346, 219, 710
1347, 534, 970
1348, 462, 681
1349, 19, 773
1350, 148, 153
1351, 378, 964
1352, 374, 708
1353, 21, 560
1354, 427, 885
1355, 159, 358
1356, 428, 935
1357, 7, 406
1358, 120, 602
1359, 14, 329
1360, 122, 995
1361, 143, 421
1362, 30, 123
1363, 486, 746
1364, 210, 941
1365, 197, 246
1366, 233, 395
1367, 205, 631
1368, 203, 974
1369, 416, 596
1370, 44, 889
1371, 499, 758
1372, 257, 302
1373, 84, 830
1374, 217, 432
1375, 121, 962
1376, 565, 697
1377, 181, 353
1378, 635, 829
1379, 104, 563
1380, 383, 927
1381, 521, 655
1382, 629, 742
1383, 420, 542
1384, 169, 506
1385, 945, 960
1386, 341, 900
1387, 345, 347
1388, 295, 722
1389, 13, 671
1390, 276, 396
1391, 212, 802
1392, 586, 624
1393, 61, 571
1394, 66, 923
1395, 423, 677
1396, 36, 192
1397, 411, 540
1398, 22, 301
1399, 490, 667
1400, 461, 683
1401, 10, 141
1402, 157, 858
1403, 45, 431
1404, 932, 957
1405, 249, 460
1406, 545, 732
1407, 650, 701
1408, 196, 514
1409, 709, 996
1410, 665, 999
1411, 33, 796
1412, 464, 947
1413, 356, 580
1414, 129, 798
1415, 18, 911
1416, 448, 806
1417, 3, 281
1418, 225, 549
1419, 127, 252
1420, 290, 349
1421, 176, 520
1422, 501, 787
1423, 111, 234
1424, 126, 133
1425, 67, 251
1426, 255, 483
1427, 417, 706
1428, 775, 905
1429, 689, 736
1430, 89, 937
1431, 766, 977
1432, 168, 731
1433, 593, 782
1434, 478, 965
1435, 535, 966
1436, 371, 733
1437, 138, 554
1438, 606, 839
1439, 90, 967
1440, 58, 550
1441, 241, 978
1442, 647, 649
1443, 163, 291
1444, 702, 916
1445, 628, 686
1446, 531, 553
1447, 351, 891
1448, 354, 875
1449, 435, 525
1450, 938, 1000
1451, 498, 951
1452, 105, 585
1453, 226, 368
1454, 242, 878
1455, 96, 871
1456, 55, 125
1457, 307, 895
1458, 926, 985
1459, 504, 687
1460, 49, 360
1461, 853, 857
1462, 865, 959
1463, 482, 761
1464, 467, 590
1465, 523, 968
1466, 594, 614
1467, 41, 304
1468, 275, 880
1469, 318, 897
1470, 20, 892
1471, 319, 503
1472, 113, 765
1473, 98, 657
1474, 232, 808
1475, 265, 973
1476, 47, 578
1477, 791, 876
1478, 425, 712
1479, 393, 640
1480, 711, 956
1481, 455, 851
1482, 426, 637
1483, 53, 419
1484, 528, 803
1485, 221, 575
1486, 135, 424
1487, 250, 364
1488, 134, 852
1489, 201, 679
1490, 394, 605
1491, 334, 753
1492, 65, 398
1493, 209, 268
1494, 621, 988
1495, 71, 699
1496, 664, 717
1497, 887, 948
1498, 99, 641
1499, 809, 901
1500, 88, 283
1501, 480, 791
1502, 314, 760
1503, 354, 648
1504, 200, 389
1505, 477, 912
1506, 148, 566
1507, 466, 497
1508, 465, 833
1509, 217, 698
1510, 628, 713
1511, 575, 762
1512, 282, 772
1513, 164, 984
1514, 344, 703
1515, 155, 396
1516, 30, 965
1517, 960, 979
1518, 950, 1000
1519, 702, 749
1520, 6, 196
1521, 281, 540
1522, 187, 382
1523, 76, 677
1524, 160, 753
1525, 841, 903
1526, 880, 897
1527, 722, 788
1528, 243, 771
1529, 223, 355
1530, 104, 809
1531, 646, 842
1532, 352, 617
1533, 308, 518
1534, 208, 317
1535, 537, 866
1536, 230, 484
1537, 496, 526
1538, 152, 927
1539, 380, 759
1540, 558, 894
1541, 199, 260
1542, 340, 770
1543, 273, 801
1544, 659, 952
1545, 242, 452
1546, 57, 676
1547, 430, 822
1548, 843, 896
1549, 292, 625
1550, 174, 491
1551, 201, 361
1552, 360, 499
1553, 619, 696
1554, 683, 806
1555, 42, 764
1556, 121, 215
1557, 553, 623
1558, 8, 681
1559, 9, 315
1560, 318, 532
1561, 701, 752
1562, 139, 978
1563, 191, 275
1564, 118, 849
1565, 207, 734
1566, 471, 883
1567, 513, 789
1568, 172, 227
1569, 115, 448
1570, 385, 824
1571, 61, 784
1572, 478, 876
1573, 154, 523
1574, 274, 926
1575, 401, 592
1576, 509, 745
1577, 728, 969
1578, 287, 322
1579, 384, 601
1580, 277, 414
1581, 397, 679
1582, 170, 262
1583, 213, 928
1584, 146, 444
1585, 289, 440
1586, 736, 796
1587, 18, 69
1588, 94, 413
1589, 87, 410
1590, 429, 672
1591, 40, 602
1592, 129, 442
1593, 343, 376
1594, 16, 539
1595, 79, 424
1596, 92, 859
1597, 695, 862
1598, 398, 884
1599, 561, 850
1600, 585, 768
1601, 622, 870
1602, 828, 987
1603, 167, 192
1604, 605, 616
1605, 434, 983
1606, 400, 567
1607, 165, 489
1608, 67, 808
1609, 38, 819
1610, 28, 994
1611, 109, 787
1612, 326, 388
1613, 640, 663
1614, 48, 660
1615, 447, 506
1616, 81, 688
1617, 194, 891
1618, 159, 835
1619, 372, 596
1620, 219, 238
1621, 21, 922
1622, 278, 932
1623, 189, 652
1624, 49, 259
1625, 421, 709
1626, 5, 31
1627, 325, 863
1628, 334, 504
1629, 335, 415
1630, 873, 997
1631, 295, 775
1632, 126, 867
1633, 428, 583
1634, 144, 924
1635, 290, 700
1636, 2, 186
1637, 188, 299
1638, 103, 858
1639, 36, 359
1640, 97, 756
1641, 423, 993
1642, 443, 531
1643, 39, 829
1644, 662, 782
1645, 60, 705
1646, 357, 544
1647, 439, 821
1648, 62, 80
1649, 794, 813
1650, 20, 609
1651, 800, 981
1652, 485, 607
1653, 173, 475
1654, 135, 986
1655, 502, 704
1656, 594, 951
1657, 356, 968
1658, 407, 941
1659, 254, 882
1660, 205, 803
1661, 790, 971
1662, 127, 731
1663, 377, 974
1664, 15, 820
1665, 358, 379
1666, 85, 435
1667, 247, 725
1668, 210, 464
1669, 399, 608
1670, 503, 871
1671, 327, 347
1672, 488, 649
1673, 137, 291
1674, 522, 992
1675, 678, 886
1676, 761, 852
1677, 19, 538
1678, 461, 554
1679, 297, 697
1680, 150, 320
1681, 272, 505
1682, 369, 670
1683, 70, 564
1684, 536, 861
1685, 468, 815
1686, 515, 900
1687, 240, 312
1688, 52, 565
1689, 338, 350
1690, 37, 630
1691, 143, 715
1692, 300, 412
1693, 183, 508
1694, 766, 793
1695, 579, 612
1696, 25, 431
1697, 686, 985
1698, 168, 720
1699, 123, 246
1700, 597, 856
1701, 406, 860
1702, 418, 975
1703, 283, 331
1704, 125, 682
1705, 239, 547
1706, 171, 294
1707, 457, 956
1708, 405, 708
1709, 35, 534
1710, 620, 637
1711, 285, 445
1712, 302, 959
1713, 634, 778
1714, 102, 624
1715, 364, 486
1716, 845, 865
1717, 520, 529
1718, 147, 450
1719, 823, 898
1720, 68, 711
1721, 142, 719
1722, 244, 714
1723, 73, 972
1724, 252, 913
1725, 91, 130
1726, 516, 958
1727, 43, 179
1728, 72, 712
1729, 82, 145
1730, 470, 614
1731, 216, 783
1732, 202, 642
1733, 562, 645
1734, 46, 507
1735, 848, 933
1736, 249, 494
1737, 74, 587
1738, 493, 514
1739, 11, 90
1740, 99, 296
1741, 323, 816
1742, 591, 980
1743, 270, 917
1744, 241, 559
1745, 776, 909
1746, 56, 279
1747, 133, 729
1748, 13, 341
1749, 462, 740
1750, 618, 639
1751, 633, 907
1752, 3, 543
1753, 47, 807
1754, 840, 977
1755, 375, 765
1756, 78, 935
1757, 773, 777
1758, 34, 727
1759, 225, 947
1760, 329, 570
1761, 668, 991
1762, 138, 942
1763, 650, 996
1764, 353, 525
1765, 528, 999
1766, 671, 721
1767, 83, 264
1768, 303, 603
1769, 220, 316
1770, 175, 546
1771, 234, 631
1772, 116, 132
1773, 131, 563
1774, 311, 568
1775, 730, 779
1776, 441, 692
1777, 483, 498
1778, 449, 467
1779, 557, 814
1780, 169, 381
1781, 63, 751
1782, 572, 885
1783, 362, 854
1784, 232, 973
1785, 50, 869
1786, 319, 839
1787, 95, 576
1788, 288, 664
1789, 180, 519
1790, 248, 527
1791, 157, 176
1792, 651, 944
1793, 391, 940
1794, 586, 916
1795, 590, 963
1796, 378, 825
1797, 307, 844
1798, 100, 889
1799, 258, 684
1800, 51, 511
1801, 184, 754
1802, 877, 895
1803, 654, 769
1804, 198, 495
1805, 229, 613
1806, 549, 797
1807, 687, 827
1808, 10, 263
1809, 212, 893
1810, 487, 817
1811, 195, 402
1812, 351, 589
1813, 584, 966
1814, 7, 426
1815, 349, 545
1816, 333, 560
1817, 235, 298
1818, 370, 463
1819, 108, 627
1820, 733, 910
1821, 55, 599
1822, 136, 826
1823, 811, 954
1824, 655, 738
1825, 416, 747
1826, 96, 937
1827, 336, 919
1828, 328, 976
1829, 206, 373
1830, 29, 588
1831, 111, 600
1832, 209, 799
1833, 12, 153
1834, 666, 899
1835, 71, 929
1836, 691, 872
1837, 59, 657
1838, 163, 550
1839, 211, 265
1840, 533, 569
1841, 84, 767
1842, 134, 970
1843, 26, 417
1844, 632, 661
1845, 383, 458
1846, 151, 732
1847, 367, 868
1848, 638, 653
1849, 266, 474
1850, 346, 479
1851, 228, 857
1852, 392, 548
1853, 831, 890
1854, 44, 610
1855, 222, 838
1856, 178, 964
1857, 75, 902
1858, 832, 855
1859, 456, 990
1860, 177, 853
1861, 185, 204
1862, 24, 193
1863, 812, 949
1864, 197, 574
1865, 455, 750
1866, 390, 957
1867, 112, 128
1868, 476, 851
1869, 718, 878
1870, 23, 946
1871, 304, 339
1872, 438, 710
1873, 305, 446
1874, 492, 757
1875, 86, 306
1876, 395, 469
1877, 33, 665
1878, 122, 580
1879, 245, 644
1880, 724, 744
1881, 675, 735
1882, 22, 936
1883, 643, 763
1884, 45, 332
1885, 162, 577
1886, 231, 324
1887, 156, 437
1888, 595, 669
1889, 226, 256
1890, 149, 847
1891, 89, 101
1892, 269, 309
1893, 110, 706
1894, 345, 512
1895, 425, 636
1896, 158, 366
1897, 717, 948
1898, 834, 846
1899, 490, 604
1900, 261, 535
1901, 914, 961
1902, 393, 934
1903, 403, 875
1904, 432, 874
1905, 141, 962
1906, 251, 408
1907, 124, 758
1908, 342, 741
1909, 739, 802
1910, 54, 925
1911, 629, 892
1912, 214, 923
1913, 716, 792
1914, 685, 988
1915, 394, 460
1916, 510, 748
1917, 41, 989
1918, 271, 667
1919, 120, 742
1920, 286, 472
1921, 107, 313
1922, 454, 939
1923, 386, 930
1924, 280, 810
1925, 58, 365
1926, 436, 582
1927, 182, 330
1928, 53, 723
1929, 551, 918
1930, 119, 420
1931, 433, 556
1932, 805, 881
1933, 117, 422
1934, 250, 680
1935, 1, 905
1936, 113, 901
1937, 4, 453
1938, 737, 921
1939, 694, 781
1940, 140, 615
1941, 481, 552
1942, 371, 879
1943, 530, 641
1944, 542, 830
1945, 409, 726
1946, 105, 743
1947, 411, 938
1948, 647, 920
1949, 32, 181
1950, 14, 755
1951, 218, 237
1952, 293, 953
1953, 17, 573
1954, 888, 904
1955, 224, 348
1956, 524, 658
1957, 255, 276
1958, 77, 284
1959, 221, 363
1960, 785, 795
1961, 321, 818
1962, 626, 656
1963, 690, 931
1964, 88, 404
1965, 593, 598
1966, 482, 798
1967, 374, 982
1968, 915, 995
1969, 190, 887
1970, 203, 774
1971, 387, 836
1972, 27, 967
1973, 606, 621
1974, 673, 693
1975, 451, 500
1976, 106, 943
1977, 427, 635
1978, 804, 945
1979, 310, 908
1980, 166, 581
1981, 65, 541
1982, 114, 746
1983, 268, 674
1984, 236, 257
1985, 473, 611
1986, 253, 955
1987, 707, 906
1988, 66, 699
1989, 301, 911
1990, 578, 780
1991, 368, 419
1992, 161, 689
1993, 267, 521
1994, 93, 517
1995, 233, 786
1996, 501, 555
1997, 98, 998
1998, 337, 837
1999, 459, 864
2000, 64, 571
2001, 526, 731
2002, 452, 466
2003, 53, 487
2004, 816, 856
2005, 358, 787
2006, 485, 896
2007, 514, 902
2008, 204, 739
2009, 612, 878
2010, 140, 323
2011, 302, 471
2012, 433, 999
2013, 236, 291
2014, 20, 139
2015, 308, 425
2016, 633, 663
2017, 125, 756
2018, 497, 922
2019, 205, 309
2020, 941, 986
2021, 106, 658
2022, 435, 844
2023, 490, 923
2024, 736, 755
2025, 557, 636
2026, 112, 359
2027, 228, 519
2028, 543, 643
2029, 256, 277
2030, 775, 805
2031, 25, 300
2032, 472, 820
2033, 275, 587
2034, 353, 419
2035, 582, 687
2036, 28, 294
2037, 169, 769
2038, 512, 520
2039, 96, 299
2040, 606, 814
2041, 218, 871
2042, 854, 947
2043, 594, 945
2044, 263, 795
2045, 59, 653
2046, 383, 507
2047, 2, 215
2048, 686, 767
2049, 143, 161
2050, 64, 219
2051, 132, 413
2052, 271, 713
2053, 521, 683
2054, 906, 944
2055, 592, 627
2056, 83, 500
2057, 127, 831
2058, 248, 915
2059, 282, 671
2060, 381, 810
2061, 437, 967
2062, 142, 508
2063, 361, 799
2064, 253, 439
2065, 86, 913
2066, 811, 819
2067, 336, 609
2068, 55, 193
2069, 549, 882
2070, 761, 785
2071, 166, 411
2072, 576, 804
2073, 669, 885
2074, 6, 77
2075, 227, 238
2076, 4, 35
2077, 172, 870
2078, 222, 524
2079, 339, 536
2080, 130, 516
2081, 540, 791
2082, 182, 365
2083, 3, 124
2084, 673, 889
2085, 243, 890
2086, 63, 806
2087, 32, 367
2088, 417, 758
2089, 412, 682
2090, 621, 789
2091, 742, 746
2092, 418, 679
2093, 235, 954
2094, 456, 675
2095, 659, 855
2096, 624, 828
2097, 201, 217
2098, 522, 533
2099, 541, 691
2100, 492, 692
2101, 776, 793
2102, 229, 518
2103, 89, 716
2104, 48, 121
2105, 818, 849
2106, 493, 617
2107, 160, 771
2108, 688, 786
2109, 131, 446
2110, 29, 319
2111, 343, 853
2112, 416, 766
2113, 400, 892
2114, 547, 773
2115, 151, 842
2116, 223, 453
2117, 556, 567
2118, 504, 933
2119, 405, 943
2120, 298, 304
2121, 281, 976
2122, 119, 726
2123, 165, 615
2124, 237, 898
2125, 763, 839
2126, 87, 676
2127, 700, 830
2128, 696, 836
2129, 146, 852
2130, 401, 660
2131, 180, 952
2132, 15, 666
2133, 97, 866
2134, 33, 893
2135, 198, 464
2136, 168, 938
2137, 912, 985
2138, 189, 738
2139, 837, 939
2140, 209, 783
2141, 239, 600
2142, 174, 414
2143, 483, 897
2144, 374, 937
2145, 486, 845
2146, 369, 389
2147, 554, 581
2148, 334, 984
2149, 340, 344
2150, 13, 170
2151, 203, 644
2152, 754, 993
2153, 113, 377
2154, 748, 903
2155, 176, 354
2156, 76, 640
2157, 380, 960
2158, 100, 155
2159, 548, 631
2160, 584, 829
2161, 231, 427
2162, 467, 616
2163, 430, 510
2164, 375, 602
2165, 258, 670
2166, 918, 980
2167, 152, 402
2168, 135, 940
2169, 270, 494
2170, 698, 956
2171, 832, 970
2172, 873, 907
2173, 255, 881
2174, 542, 639
2175, 363, 703
2176, 266, 595
2177, 212, 287
2178, 71, 908
2179, 116, 213
2180, 54, 474
2181, 623, 946
2182, 61, 833
2183, 31, 917
2184, 315, 914
2185, 42, 68
2186, 195, 415
2187, 171, 348
2188, 589, 613
2189, 220, 476
2190, 62, 657
2191, 296, 768
2192, 103, 564
2193, 579, 877
2194, 247, 745
2195, 575, 753
2196, 11, 732
2197, 14, 792
2198, 570, 955
2199, 7, 744
2200, 173, 777
2201, 17, 242
2202, 18, 81
2203, 276, 461
2204, 349, 574
2205, 44, 226
2206, 38, 678
2207, 190, 278
2208, 221, 884
2209, 250, 515
2210, 469, 998
2211, 295, 677
2212, 341, 895
2213, 109, 445
2214, 73, 153
2215, 332, 760
2216, 163, 499
2217, 225, 874
2218, 458, 724
2219, 373, 652
2220, 424, 586
2221, 260, 462
2222, 267, 591
2223, 114, 454
2224, 712, 867
2225, 261, 642
2226, 534, 665
2227, 550, 843
2228, 491, 701
2229, 479, 719
2230, 689, 823
2231, 273, 449
2232, 355, 951
2233, 772, 982
2234, 655, 931
2235, 396, 681
2236, 620, 782
2237, 921, 988
2238, 352, 525
2239, 707, 809
2240, 577, 714
2241, 245, 991
2242, 496, 994
2243, 428, 661
2244, 224, 394
2245, 351, 664
2246, 60, 289
2247, 626, 690
2248, 108, 868
2249, 206, 697
2250, 717, 975
2251, 216, 272
2252, 252, 841
2253, 312, 630
2254, 330, 674
2255, 208, 262
2256, 184, 232
2257, 468, 619
2258, 506, 680
2259, 178, 322
2260, 52, 156
2261, 601, 662
2262, 886, 928
2263, 268, 728
2264, 410, 434
2265, 695, 910
2266, 24, 774
2267, 137, 473
2268, 118, 932
2269, 532, 879
2270, 47, 74
2271, 727, 729
2272, 21, 134
2273, 98, 392
2274, 815, 865
2275, 335, 429
2276, 528, 825
2277, 149, 409
2278, 826, 1000
2279, 49, 57
2280, 457, 489
2281, 126, 596
2282, 84, 880
2283, 393, 788
2284, 598, 981
2285, 404, 436
2286, 244, 517
2287, 5, 80
2288, 572, 702
2289, 280, 904
2290, 407, 790
2291, 648, 797
2292, 385, 751
2293, 635, 920
2294, 284, 421
2295, 538, 722
2296, 51, 331
2297, 90, 891
2298, 391, 637
2299, 192, 968
2300, 649, 725
2301, 808, 996
2302, 75, 699
2303, 470, 527
2304, 864, 953
2305, 46, 214
2306, 128, 360
2307, 406, 942
2308, 551, 958
2309, 264, 859
2310, 513, 847
2311, 58, 531
2312, 37, 313
2313, 685, 900
2314, 368, 370
2315, 36, 175
2316, 535, 603
2317, 185, 971
2318, 585, 899
2319, 386, 498
2320, 102, 646
2321, 162, 366
2322, 448, 475
2323, 378, 762
2324, 314, 802
2325, 8, 862
2326, 12, 318
2327, 179, 851
2328, 117, 503
2329, 460, 622
2330, 181, 961
2331, 316, 647
2332, 553, 710
2333, 733, 909
2334, 45, 737
2335, 447, 590
2336, 120, 668
2337, 372, 583
2338, 614, 778
2339, 138, 983
2340, 1, 269
2341, 537, 796
2342, 329, 803
2343, 85, 233
2344, 544, 632
2345, 408, 817
2346, 105, 929
2347, 529, 559
2348, 734, 812
2349, 41, 966
2350, 150, 711
2351, 99, 188
2352, 115, 423
2353, 930, 963
2354, 382, 801
2355, 451, 927
2356, 718, 798
2357, 752, 848
2358, 599, 765
2359, 539, 950
2360, 645, 781
2361, 561, 827
2362, 167, 333
2363, 66, 667
2364, 251, 562
2365, 835, 911
2366, 23, 705
2367, 901, 924
2368, 199, 568
2369, 19, 995
2370, 246, 371
2371, 78, 840
2372, 92, 894
2373, 743, 770
2374, 43, 133
2375, 328, 364
2376, 22, 290
2377, 301, 990
2378, 211, 305
2379, 838, 972
2380, 376, 935
2381, 502, 723
2382, 444, 989
2383, 395, 708
2384, 104, 638
2385, 558, 919
2386, 148, 455
2387, 95, 740
2388, 356, 784
2389, 872, 957
2390, 672, 813
2391, 110, 254
2392, 863, 992
2393, 285, 608
2394, 505, 704
2395, 465, 555
2396, 443, 821
2397, 265, 347
2398, 384, 545
2399, 501, 560
2400, 157, 735
2401, 107, 629
2402, 656, 905
2403, 279, 338
2404, 654, 694
2405, 27, 259
2406, 286, 969
2407, 593, 888
2408, 230, 463
2409, 320, 398
2410, 56, 326
2411, 88, 973
2412, 565, 715
2413, 459, 887
2414, 50, 997
2415, 403, 959
2416, 122, 477
2417, 101, 440
2418, 79, 240
2419, 530, 794
2420, 307, 936
2421, 69, 482
2422, 741, 779
2423, 210, 846
2424, 303, 588
2425, 325, 397
2426, 16, 709
2427, 159, 420
2428, 91, 158
2429, 288, 869
2430, 604, 949
2431, 34, 780
2432, 310, 362
2433, 65, 324
2434, 387, 523
2435, 438, 800
2436, 478, 488
2437, 311, 948
2438, 249, 634
2439, 72, 916
2440, 706, 822
2441, 10, 484
2442, 141, 257
2443, 40, 684
2444, 569, 834
2445, 747, 925
2446, 154, 426
2447, 571, 693
2448, 129, 317
2449, 807, 934
2450, 200, 399
2451, 509, 883
2452, 618, 964
2453, 194, 431
2454, 388, 546
2455, 26, 164
2456, 327, 345
2457, 123, 605
2458, 628, 749
2459, 186, 342
2460, 876, 974
2461, 573, 610
2462, 350, 597
2463, 111, 566
2464, 144, 234
2465, 337, 450
2466, 196, 241
2467, 70, 858
2468, 9, 495
2469, 67, 563
2470, 82, 757
2471, 297, 357
2472, 764, 965
2473, 197, 611
2474, 442, 650
2475, 293, 481
2476, 750, 977
2477, 191, 641
2478, 432, 987
2479, 292, 860
2480, 274, 978
2481, 390, 480
2482, 283, 861
2483, 147, 824
2484, 94, 720
2485, 857, 979
2486, 306, 578
2487, 39, 187
2488, 422, 962
2489, 136, 207
2490, 177, 651
2491, 30, 759
2492, 625, 875
2493, 730, 926
2494, 93, 580
2495, 202, 552
2496, 145, 511
2497, 379, 607
2498, 321, 850
2499, 346, 721
2500, 183, 441
2501, 74, 827
2502, 345, 803
2503, 76, 529
2504, 12, 503
2505, 342, 740
2506, 243, 422
2507, 236, 675
2508, 415, 477
2509, 604, 710
2510, 25, 638
2511, 3, 590
2512, 86, 210
2513, 700, 881
2514, 361, 375
2515, 438, 869
2516, 114, 358
2517, 353, 683
2518, 822, 902
2519, 799, 904
2520, 303, 336
2521, 182, 500
2522, 121, 457
2523, 161, 497
2524, 34, 746
2525, 270, 756
2526, 347, 384
2527, 207, 439
2528, 23, 810
2529, 428, 673
2530, 167, 885
2531, 582, 779
2532, 771, 835
2533, 836, 992
2534, 129, 390
2535, 400, 741
2536, 388, 755
2537, 75, 379
2538, 16, 982
2539, 196, 733
2540, 524, 648
2541, 670, 997
2542, 214, 952
2543, 135, 677
2544, 895, 898
2545, 360, 373
2546, 518, 650
2547, 241, 912
2548, 874, 939
2549, 108, 405
2550, 297, 612
2551, 775, 859
2552, 151, 920
2553, 184, 505
2554, 10, 878
2555, 99, 283
2556, 886, 957
2557, 35, 119
2558, 290, 693
2559, 27, 413
2560, 41, 877
2561, 221, 280
2562, 401, 929
2563, 32, 485
2564, 17, 720
2565, 597, 636
2566, 325, 716
2567, 278, 449
2568, 431, 558
2569, 124, 329
2570, 30, 897
2571, 154, 635
2572, 308, 313
2573, 584, 766
2574, 44, 202
2575, 51, 406
2576, 189, 956
2577, 133, 848
2578, 512, 637
2579, 9, 699
2580, 411, 691
2581, 28, 567
2582, 178, 272
2583, 22, 433
2584, 499, 502
2585, 298, 348
2586, 534, 930
2587, 876, 950
2588, 498, 627
2589, 166, 964
2590, 60, 140
2591, 36, 703
2592, 402, 681
2593, 261, 626
2594, 470, 713
2595, 43, 577
2596, 209, 515
2597, 94, 421
2598, 688, 791
2599, 761, 805
2600, 84, 674
2601, 47, 267
2602, 640, 846
2603, 302, 987
2604, 82, 600
2605, 350, 372
2606, 488, 828
2607, 67, 176
2608, 288, 316
2609, 18, 175
2610, 376, 967
2611, 205, 625
2612, 263, 665
2613, 216, 723
2614, 522, 660
2615, 150, 476
2616, 177, 644
2617, 398, 843
2618, 458, 844
2619, 258, 393
2620, 227, 845
2621, 344, 977
2622, 222, 309
2623, 95, 364
2624, 493, 684
2625, 69, 860
2626, 103, 598
2627, 134, 286
2628, 510, 698
2629, 155, 946
2630, 571, 777
2631, 164, 851
2632, 13, 287
2633, 451, 491
2634, 24, 531
2635, 454, 849
2636, 256, 721
2637, 33, 759
2638, 157, 796
2639, 72, 739
2640, 200, 251
2641, 77, 537
2642, 423, 595
2643, 40, 935
2644, 188, 281
2645, 159, 695
2646, 11, 559
2647, 543, 632
2648, 455, 725
2649, 110, 832
2650, 614, 727
2651, 480, 762
2652, 549, 941
2653, 269, 588
2654, 356, 921
2655, 92, 701
2656, 679, 850
2657, 187, 461
2658, 186, 444
2659, 706, 750
2660, 968, 973
2661, 138, 620
2662, 242, 749
2663, 323, 680
2664, 765, 893
2665, 374, 900
2666, 2, 539
2667, 320, 831
2668, 576, 863
2669, 450, 658
2670, 732, 995
2671, 45, 122
2672, 540, 562
2673, 7, 63
2674, 430, 621
2675, 250, 459
2676, 478, 819
2677, 173, 853
2678, 231, 855
2679, 237, 907
2680, 111, 149
2681, 774, 841
2682, 441, 472
2683, 334, 564
2684, 14, 158
2685, 225, 437
2686, 735, 933
2687, 414, 764
2688, 204, 425
2689, 293, 694
2690, 631, 812
2691, 479, 842
2692, 381, 591
2693, 194, 434
2694, 255, 352
2695, 816, 938
2696, 484, 561
2697, 126, 152
2698, 592, 662
2699, 289, 942
2700, 306, 633
2701, 228, 815
2702, 162, 574
2703, 73, 663
2704, 291, 608
2705, 538, 975
2706, 163, 983
2707, 59, 523
2708, 128, 420
2709, 206, 927
2710, 70, 230
2711, 837, 913
2712, 50, 463
2713, 317, 918
2714, 4, 825
2715, 100, 963
2716, 285, 910
2717, 148, 618
2718, 657, 872
2719, 321, 911
2720, 65, 889
2721, 923, 994
2722, 101, 922
2723, 232, 315
2724, 572, 955
2725, 6, 811
2726, 31, 724
2727, 517, 916
2728, 310, 824
2729, 29, 690
2730, 265, 652
2731, 15, 351
2732, 68, 783
2733, 378, 654
2734, 802, 945
2735, 570, 903
2736, 666, 676
2737, 371, 628
2738, 563, 951
2739, 408, 410
2740, 380, 656
2741, 104, 858
2742, 1, 986
2743, 442, 702
2744, 607, 960
2745, 368, 875
2746, 417, 634
2747, 566, 587
2748, 560, 924
2749, 339, 890
2750, 49, 530
2751, 714, 830
2752, 257, 667
2753, 492, 508
2754, 432, 993
2755, 483, 605
2756, 180, 486
2757, 404, 536
2758, 546, 686
2759, 113, 589
2760, 542, 745
2761, 385, 883
2762, 856, 896
2763, 719, 857
2764, 292, 520
2765, 218, 409
2766, 453, 586
2767, 435, 705
2768, 511, 726
2769, 610, 729
2770, 48, 769
2771, 772, 981
2772, 326, 966
2773, 399, 616
2774, 79, 80
2775, 279, 494
2776, 215, 943
2777, 418, 481
2778, 639, 972
2779, 460, 792
2780, 668, 781
2781, 130, 328
2782, 19, 578
2783, 839, 965
2784, 464, 465
2785, 333, 807
2786, 169, 829
2787, 109, 804
2788, 193, 369
2789, 516, 979
2790, 471, 528
2791, 235, 991
2792, 311, 661
2793, 603, 867
2794, 389, 482
2795, 5, 990
2796, 203, 834
2797, 445, 722
2798, 107, 958
2799, 248, 295
2800, 763, 978
2801, 87, 854
2802, 106, 813
2803, 341, 366
2804, 788, 790
2805, 260, 452
2806, 62, 396
2807, 447, 753
2808, 93, 446
2809, 407, 630
2810, 213, 696
2811, 271, 985
2812, 519, 730
2813, 535, 882
2814, 545, 891
2815, 653, 664
2816, 144, 244
2817, 318, 865
2818, 443, 795
2819, 643, 817
2820, 744, 760
2821, 565, 642
2822, 136, 773
2823, 689, 709
2824, 324, 596
2825, 26, 314
2826, 90, 659
2827, 211, 581
2828, 85, 426
2829, 174, 914
2830, 56, 487
2831, 39, 252
2832, 66, 715
2833, 91, 346
2834, 21, 718
2835, 247, 307
2836, 217, 868
2837, 239, 573
2838, 296, 557
2839, 46, 619
2840, 58, 102
2841, 917, 988
2842, 322, 879
2843, 78, 980
2844, 254, 456
2845, 299, 609
2846, 909, 936
2847, 734, 852
2848, 617, 752
2849, 504, 692
2850, 89, 786
2851, 871, 944
2852, 141, 731
2853, 553, 976
2854, 754, 757
2855, 234, 533
2856, 276, 525
2857, 98, 145
2858, 521, 906
2859, 284, 840
2860, 38, 747
2861, 97, 440
2862, 223, 507
2863, 506, 645
2864, 52, 496
2865, 81, 901
2866, 711, 961
2867, 61, 120
2868, 304, 748
2869, 201, 959
2870, 229, 708
2871, 338, 770
2872, 53, 548
2873, 55, 335
2874, 143, 622
2875, 395, 556
2876, 365, 382
2877, 123, 526
2878, 139, 954
2879, 387, 611
2880, 212, 861
2881, 312, 789
2882, 327, 416
2883, 814, 894
2884, 532, 873
2885, 294, 866
2886, 370, 594
2887, 116, 195
2888, 198, 615
2889, 712, 969
2890, 259, 377
2891, 105, 147
2892, 669, 888
2893, 165, 569
2894, 359, 392
2895, 153, 156
2896, 343, 892
2897, 183, 332
2898, 547, 785
2899, 142, 707
2900, 751, 947
2901, 88, 541
2902, 226, 474
2903, 64, 264
2904, 171, 685
2905, 554, 971
2906, 168, 550
2907, 489, 501
2908, 179, 672
2909, 462, 999
2910, 240, 274
2911, 42, 555
2912, 117, 697
2913, 191, 349
2914, 742, 833
2915, 185, 794
2916, 115, 273
2917, 127, 340
2918, 580, 926
2919, 475, 514
2920, 337, 919
2921, 330, 821
2922, 864, 940
2923, 357, 1000
2924, 585, 932
2925, 682, 776
2926, 847, 870
2927, 245, 466
2928, 57, 737
2929, 233, 331
2930, 319, 606
2931, 170, 647
2932, 268, 641
2933, 132, 490
2934, 583, 602
2935, 208, 300
2936, 800, 989
2937, 253, 767
2938, 219, 354
2939, 552, 826
2940, 118, 429
2941, 809, 908
2942, 125, 277
2943, 266, 419
2944, 544, 758
2945, 83, 782
2946, 551, 974
2947, 246, 649
2948, 305, 884
2949, 192, 780
2950, 20, 146
2951, 262, 931
2952, 238, 646
2953, 224, 601
2954, 593, 623
2955, 220, 728
2956, 787, 905
2957, 301, 624
2958, 424, 784
2959, 137, 948
2960, 249, 495
2961, 275, 427
2962, 391, 862
2963, 513, 937
2964, 655, 778
2965, 190, 397
2966, 798, 998
2967, 8, 818
2968, 448, 887
2969, 54, 473
2970, 412, 527
2971, 687, 704
2972, 613, 793
2973, 468, 568
2974, 925, 934
2975, 362, 386
2976, 96, 808
2977, 131, 355
2978, 181, 282
2979, 820, 928
2980, 367, 509
2981, 112, 953
2982, 629, 797
2983, 71, 651
2984, 899, 962
2985, 806, 996
2986, 197, 970
2987, 363, 823
2988, 768, 838
2989, 579, 915
2990, 599, 738
2991, 678, 801
2992, 880, 949
2993, 436, 743
2994, 383, 469
2995, 467, 984
2996, 37, 403
2997, 160, 172
2998, 575, 717
2999, 671, 736
3000, 199, 394
3001, 284, 592
3002, 403, 754
3003, 578, 814
3004, 55, 888
3005, 222, 391
3006, 209, 213
3007, 229, 627
3008, 694, 997
3009, 249, 548
3010, 104, 285
3011, 51, 635
3012, 683, 768
3013, 745, 858
3014, 132, 959
3015, 310, 702
3016, 503, 954
3017, 594, 636
3018, 708, 739
3019, 141, 345
3020, 262, 316
3021, 609, 718
3022, 321, 603
3023, 114, 145
3024, 412, 423
3025, 148, 505
3026, 885, 1000
3027, 395, 530
3028, 53, 338
3029, 709, 923
3030, 27, 278
3031, 270, 797
3032, 493, 934
3033, 77, 621
3034, 628, 818
3035, 320, 742
3036, 633, 833
3037, 93, 850
3038, 822, 982
3039, 116, 622
3040, 217, 871
3041, 297, 632
3042, 886, 905
3043, 367, 679
3044, 307, 614
3045, 66, 465
3046, 738, 897
3047, 374, 943
3048, 459, 973
3049, 415, 922
3050, 175, 383
3051, 181, 517
3052, 710, 812
3053, 260, 990
3054, 642, 757
3055, 410, 629
3056, 335, 830
3057, 231, 573
3058, 92, 315
3059, 171, 860
3060, 125, 199
3061, 454, 565
3062, 218, 623
3063, 495, 805
3064, 268, 339
3065, 624, 680
3066, 43, 261
3067, 226, 400
3068, 179, 298
3069, 142, 469
3070, 246, 725
3071, 646, 803
3072, 450, 513
3073, 9, 542
3074, 736, 919
3075, 177, 289
3076, 342, 770
3077, 449, 942
3078, 166, 606
3079, 515, 892
3080, 602, 869
3081, 11, 201
3082, 192, 644
3083, 362, 588
3084, 243, 612
3085, 274, 641
3086, 324, 555
3087, 240, 432
3088, 448, 968
3089, 108, 553
3090, 247, 813
3091, 98, 387
3092, 2, 873
3093, 48, 206
3094, 330, 788
3095, 673, 999
3096, 207, 404
3097, 359, 421
3098, 356, 414
3099, 472, 575
3100, 346, 613
3101, 118, 127
3102, 233, 290
3103, 327, 740
3104, 164, 938
3105, 761, 804
3106, 787, 816
3107, 890, 989
3108, 257, 490
3109, 647, 904
3110, 456, 527
3111, 237, 952
3112, 598, 947
3113, 133, 855
3114, 332, 502
3115, 431, 783
3116, 178, 706
3117, 47, 992
3118, 405, 701
3119, 473, 690
3120, 549, 918
3121, 30, 219
3122, 82, 319
3123, 541, 782
3124, 379, 879
3125, 211, 467
3126, 234, 617
3127, 479, 832
3128, 364, 713
3129, 163, 907
3130, 180, 438
3131, 537, 697
3132, 371, 881
3133, 58, 671
3134, 280, 958
3135, 12, 580
3136, 343, 724
3137, 136, 571
3138, 139, 829
3139, 294, 747
3140, 314, 666
3141, 409, 760
3142, 625, 807
3143, 13, 733
3144, 844, 884
3145, 825, 937
3146, 5, 719
3147, 766, 780
3148, 26, 173
3149, 526, 856
3150, 106, 157
3151, 119, 221
3152, 159, 820
3153, 510, 715
3154, 69, 460
3155, 41, 52
3156, 227, 419
3157, 699, 951
3158, 184, 381
3159, 3, 993
3160, 698, 864
3161, 475, 597
3162, 129, 480
3163, 56, 901
3164, 375, 895
3165, 411, 440
3166, 265, 344
3167, 903, 966
3168, 781, 889
3169, 183, 821
3170, 97, 789
3171, 595, 849
3172, 389, 393
3173, 115, 538
3174, 353, 994
3175, 801, 868
3176, 323, 979
3177, 737, 930
3178, 809, 872
3179, 143, 318
3180, 29, 774
3181, 150, 216
3182, 72, 753
3183, 121, 728
3184, 492, 506
3185, 4, 650
3186, 704, 866
3187, 49, 283
3188, 499, 769
3189, 522, 906
3190, 236, 529
3191, 15, 559
3192, 103, 195
3193, 263, 511
3194, 21, 684
3195, 311, 676
3196, 649, 655
3197, 489, 693
3198, 811, 953
3199, 519, 731
3200, 252, 981
3201, 354, 691
3202, 434, 466
3203, 267, 668
3204, 295, 859
3205, 264, 969
3206, 317, 508
3207, 137, 928
3208, 149, 910
3209, 299, 305
3210, 57, 601
3211, 584, 865
3212, 360, 891
3213, 447, 929
3214, 534, 880
3215, 123, 134
3216, 128, 544
3217, 223, 408
3218, 340, 965
3219, 547, 931
3220, 34, 309
3221, 235, 281
3222, 842, 854
3223, 478, 660
3224, 158, 883
3225, 279, 735
3226, 60, 507
3227, 402, 607
3228, 564, 726
3229, 73, 572
3230, 444, 687
3231, 46, 349
3232, 313, 631
3233, 293, 552
3234, 653, 914
3235, 256, 326
3236, 38, 763
3237, 912, 949
3238, 37, 593
3239, 113, 678
3240, 6, 567
3241, 661, 681
3242, 200, 531
3243, 131, 174
3244, 535, 956
3245, 497, 861
3246, 102, 963
3247, 358, 521
3248, 366, 576
3249, 528, 843
3250, 20, 238
3251, 186, 827
3252, 35, 618
3253, 396, 682
3254, 94, 382
3255, 170, 214
3256, 486, 920
3257, 85, 476
3258, 638, 980
3259, 546, 696
3260, 939, 955
3261, 91, 775
3262, 273, 730
3263, 251, 674
3264, 244, 877
3265, 152, 675
3266, 433, 560
3267, 124, 194
3268, 427, 764
3269, 563, 615
3270, 169, 983
3271, 78, 664
3272, 61, 439
3273, 269, 430
3274, 384, 894
3275, 385, 791
3276, 663, 778
3277, 351, 651
3278, 259, 579
3279, 187, 657
3280, 483, 568
3281, 193, 482
3282, 658, 717
3283, 355, 909
3284, 90, 398
3285, 406, 957
3286, 144, 935
3287, 100, 146
3288, 452, 835
3289, 228, 337
3290, 45, 70
3291, 458, 634
3292, 539, 857
3293, 31, 656
3294, 533, 945
3295, 357, 748
3296, 518, 898
3297, 348, 562
3298, 242, 707
3299, 824, 845
3300, 109, 558
3301, 111, 156
3302, 341, 591
3303, 258, 477
3304, 33, 328
3305, 334, 586
3306, 794, 826
3307, 172, 176
3308, 369, 974
3309, 752, 837
3310, 168, 210
3311, 162, 924
3312, 67, 392
3313, 120, 991
3314, 10, 292
3315, 255, 504
3316, 640, 755
3317, 40, 817
3318, 501, 654
3319, 639, 689
3320, 302, 793
3321, 746, 839
3322, 630, 705
3323, 276, 463
3324, 557, 998
3325, 84, 985
3326, 32, 570
3327, 147, 443
3328, 566, 716
3329, 135, 300
3330, 25, 545
3331, 23, 556
3332, 426, 610
3333, 239, 266
3334, 429, 700
3335, 107, 377
3336, 79, 645
3337, 198, 462
3338, 282, 616
3339, 524, 561
3340, 271, 608
3341, 208, 600
3342, 723, 767
3343, 245, 611
3344, 445, 496
3345, 18, 306
3346, 677, 711
3347, 212, 220
3348, 455, 596
3349, 24, 350
3350, 574, 815
3351, 333, 543
3352, 17, 388
3353, 620, 750
3354, 204, 863
3355, 441, 977
3356, 71, 838
3357, 83, 272
3358, 361, 569
3359, 248, 461
3360, 155, 585
3361, 762, 927
3362, 841, 946
3363, 976, 987
3364, 101, 215
3365, 89, 986
3366, 86, 996
3367, 428, 847
3368, 154, 790
3369, 810, 823
3370, 105, 589
3371, 729, 893
3372, 19, 669
3373, 468, 712
3374, 509, 940
3375, 250, 491
3376, 743, 862
3377, 96, 140
3378, 372, 975
3379, 554, 772
3380, 196, 626
3381, 540, 695
3382, 224, 921
3383, 378, 470
3384, 22, 933
3385, 322, 605
3386, 828, 887
3387, 291, 481
3388, 399, 870
3389, 325, 765
3390, 87, 536
3391, 64, 581
3392, 779, 950
3393, 422, 848
3394, 14, 784
3395, 652, 744
3396, 76, 960
3397, 583, 604
3398, 99, 376
3399, 352, 840
3400, 331, 916
3401, 407, 474
3402, 437, 917
3403, 587, 882
3404, 301, 685
3405, 908, 913
3406, 50, 692
3407, 185, 721
3408, 202, 984
3409, 457, 550
3410, 488, 799
3411, 28, 336
3412, 397, 741
3413, 732, 936
3414, 370, 665
3415, 167, 189
3416, 68, 852
3417, 277, 394
3418, 688, 874
3419, 16, 899
3420, 182, 424
3421, 532, 900
3422, 203, 853
3423, 254, 970
3424, 287, 703
3425, 846, 925
3426, 95, 773
3427, 75, 758
3428, 1, 205
3429, 74, 834
3430, 582, 808
3431, 63, 714
3432, 347, 365
3433, 191, 836
3434, 380, 670
3435, 599, 749
3436, 446, 751
3437, 303, 926
3438, 275, 734
3439, 759, 876
3440, 637, 777
3441, 288, 756
3442, 188, 417
3443, 253, 967
3444, 329, 915
3445, 516, 796
3446, 112, 435
3447, 867, 995
3448, 308, 988
3449, 442, 520
3450, 138, 436
3451, 122, 390
3452, 54, 59
3453, 500, 948
3454, 126, 420
3455, 401, 413
3456, 80, 304
3457, 643, 795
3458, 161, 232
3459, 8, 792
3460, 312, 978
3461, 451, 722
3462, 551, 962
3463, 65, 851
3464, 525, 932
3465, 42, 514
3466, 62, 686
3467, 786, 972
3468, 130, 368
3469, 36, 902
3470, 165, 286
3471, 494, 806
3472, 720, 941
3473, 471, 659
3474, 88, 590
3475, 672, 911
3476, 39, 485
3477, 7, 896
3478, 110, 296
3479, 151, 776
3480, 416, 484
3481, 117, 971
3482, 373, 425
3483, 498, 819
3484, 464, 944
3485, 197, 727
3486, 225, 523
3487, 386, 648
3488, 153, 241
3489, 230, 878
3490, 662, 667
3491, 160, 487
3492, 418, 771
3493, 363, 512
3494, 453, 798
3495, 81, 190
3496, 44, 875
3497, 961, 964
3498, 802, 831
3499, 577, 619
3500, 785, 800
3501, 292, 757
3502, 108, 127
3503, 386, 831
3504, 596, 816
3505, 286, 705
3506, 101, 599
3507, 55, 184
3508, 401, 768
3509, 9, 703
3510, 64, 378
3511, 485, 874
3512, 568, 987
3513, 200, 613
3514, 467, 563
3515, 513, 766
3516, 242, 283
3517, 3, 648
3518, 65, 877
3519, 848, 962
3520, 93, 219
3521, 453, 717
3522, 490, 743
3523, 354, 424
3524, 447, 927
3525, 502, 656
3526, 262, 862
3527, 34, 339
3528, 140, 971
3529, 249, 352
3530, 112, 284
3531, 167, 679
3532, 421, 627
3533, 117, 410
3534, 332, 357
3535, 518, 665
3536, 341, 586
3537, 531, 923
3538, 624, 695
3539, 203, 647
3540, 335, 898
3541, 202, 259
3542, 551, 896
3543, 403, 733
3544, 194, 318
3545, 21, 79
3546, 726, 907
3547, 334, 872
3548, 512, 699
3549, 342, 381
3550, 227, 383
3551, 367, 912
3552, 22, 48
3553, 355, 675
3554, 86, 989
3555, 317, 994
3556, 308, 947
3557, 588, 751
3558, 59, 429
3559, 210, 673
3560, 13, 75
3561, 23, 759
3562, 125, 126
3563, 303, 934
3564, 6, 402
3565, 162, 901
3566, 437, 521
3567, 471, 566
3568, 139, 395
3569, 39, 535
3570, 84, 740
3571, 91, 663
3572, 304, 919
3573, 468, 871
3574, 523, 655
3575, 2, 426
3576, 152, 338
3577, 775, 777
3578, 868, 917
3579, 121, 976
3580, 56, 899
3581, 736, 904
3582, 248, 978
3583, 163, 694
3584, 696, 981
3585, 500, 728
3586, 708, 821
3587, 823, 951
3588, 230, 542
3589, 134, 343
3590, 94, 115
3591, 771, 906
3592, 487, 643
3593, 137, 204
3594, 528, 555
3595, 319, 797
3596, 7, 397
3597, 234, 993
3598, 150, 888
3599, 373, 597
3600, 133, 251
3601, 154, 431
3602, 52, 328
3603, 269, 602
3604, 201, 358
3605, 914, 992
3606, 278, 968
3607, 474, 873
3608, 603, 875
3609, 123, 764
3610, 480, 616
3611, 239, 430
3612, 700, 719
3613, 217, 882
3614, 69, 887
3615, 636, 813
3616, 110, 331
3617, 452, 678
3618, 206, 275
3619, 820, 879
3620, 76, 409
3621, 42, 957
3622, 814, 960
3623, 265, 935
3624, 209, 669
3625, 306, 337
3626, 584, 778
3627, 309, 371
3628, 287, 782
3629, 87, 995
3630, 243, 779
3631, 991, 996
3632, 711, 770
3633, 99, 267
3634, 295, 866
3635, 466, 506
3636, 24, 359
3637, 236, 790
3638, 215, 387
3639, 483, 791
3640, 15, 649
3641, 131, 842
3642, 277, 385
3643, 144, 216
3644, 245, 667
3645, 501, 945
3646, 727, 983
3647, 327, 856
3648, 185, 454
3649, 614, 765
3650, 499, 637
3651, 96, 353
3652, 692, 844
3653, 330, 411
3654, 141, 785
3655, 414, 857
3656, 718, 910
3657, 135, 817
3658, 394, 800
3659, 40, 956
3660, 63, 448
3661, 852, 880
3662, 486, 772
3663, 54, 928
3664, 432, 446
3665, 16, 199
3666, 364, 930
3667, 30, 802
3668, 90, 514
3669, 46, 686
3670, 157, 916
3671, 19, 384
3672, 524, 526
3673, 166, 891
3674, 497, 832
3675, 20, 299
3676, 552, 746
3677, 684, 970
3678, 175, 260
3679, 730, 828
3680, 884, 972
3681, 182, 876
3682, 510, 629
3683, 818, 966
3684, 246, 594
3685, 17, 312
3686, 95, 895
3687, 495, 642
3688, 297, 415
3689, 41, 51
3690, 92, 595
3691, 417, 573
3692, 348, 504
3693, 263, 853
3694, 632, 967
3695, 279, 366
3696, 940, 944
3697, 207, 211
3698, 607, 843
3699, 10, 949
3700, 29, 323
3701, 116, 244
3702, 544, 827
3703, 156, 282
3704, 539, 557
3705, 187, 795
3706, 89, 225
3707, 186, 915
3708, 85, 422
3709, 270, 320
3710, 50, 801
3711, 537, 986
3712, 28, 589
3713, 118, 280
3714, 218, 549
3715, 296, 867
3716, 349, 413
3717, 553, 721
3718, 67, 712
3719, 221, 404
3720, 169, 255
3721, 723, 861
3722, 165, 593
3723, 558, 754
3724, 781, 941
3725, 188, 889
3726, 176, 990
3727, 532, 881
3728, 14, 405
3729, 83, 598
3730, 477, 529
3731, 445, 653
3732, 97, 806
3733, 58, 569
3734, 458, 701
3735, 264, 735
3736, 288, 472
3737, 66, 659
3738, 547, 860
3739, 11, 106
3740, 70, 716
3741, 25, 109
3742, 77, 611
3743, 291, 515
3744, 807, 921
3745, 677, 794
3746, 130, 961
3747, 436, 851
3748, 344, 744
3749, 476, 496
3750, 311, 742
3751, 567, 926
3752, 583, 661
3753, 346, 954
3754, 837, 885
3755, 174, 849
3756, 196, 478
3757, 27, 438
3758, 145, 621
3759, 418, 457
3760, 35, 153
3761, 370, 543
3762, 451, 635
3763, 192, 809
3764, 44, 988
3765, 305, 900
3766, 38, 442
3767, 892, 929
3768, 434, 909
3769, 82, 132
3770, 554, 938
3771, 591, 936
3772, 340, 575
3773, 105, 160
3774, 195, 709
3775, 12, 143
3776, 274, 631
3777, 113, 605
3778, 191, 619
3779, 80, 682
3780, 71, 965
3781, 321, 391
3782, 301, 835
3783, 256, 519
3784, 124, 985
3785, 298, 525
3786, 461, 509
3787, 473, 482
3788, 612, 808
3789, 164, 576
3790, 148, 964
3791, 462, 980
3792, 450, 530
3793, 753, 975
3794, 455, 706
3795, 324, 601
3796, 4, 953
3797, 400, 830
3798, 615, 858
3799, 633, 769
3800, 698, 725
3801, 158, 824
3802, 654, 774
3803, 347, 854
3804, 261, 609
3805, 361, 556
3806, 325, 931
3807, 369, 489
3808, 439, 491
3809, 592, 829
3810, 687, 894
3811, 32, 825
3812, 220, 752
3813, 433, 946
3814, 197, 920
3815, 488, 582
3816, 428, 783
3817, 36, 833
3818, 53, 78
3819, 61, 449
3820, 237, 745
3821, 147, 924
3822, 322, 911
3823, 228, 984
3824, 580, 788
3825, 190, 600
3826, 81, 850
3827, 316, 702
3828, 441, 776
3829, 714, 789
3830, 541, 902
3831, 43, 222
3832, 57, 590
3833, 104, 345
3834, 33, 393
3835, 548, 662
3836, 74, 773
3837, 456, 674
3838, 31, 212
3839, 606, 908
3840, 540, 565
3841, 178, 570
3842, 173, 604
3843, 628, 670
3844, 138, 585
3845, 610, 846
3846, 819, 958
3847, 47, 811
3848, 463, 481
3849, 240, 626
3850, 688, 815
3851, 368, 574
3852, 638, 676
3853, 786, 982
3854, 8, 671
3855, 161, 644
3856, 724, 834
3857, 336, 406
3858, 859, 999
3859, 388, 668
3860, 60, 639
3861, 412, 729
3862, 49, 731
3863, 420, 826
3864, 392, 484
3865, 572, 784
3866, 72, 119
3867, 233, 886
3868, 479, 710
3869, 792, 925
3870, 198, 963
3871, 707, 738
3872, 350, 780
3873, 741, 762
3874, 517, 625
3875, 129, 310
3876, 250, 943
3877, 300, 494
3878, 205, 302
3879, 763, 932
3880, 640, 979
3881, 159, 183
3882, 155, 652
3883, 181, 238
3884, 151, 356
3885, 293, 622
3886, 363, 737
3887, 360, 396
3888, 107, 382
3889, 1, 511
3890, 651, 750
3891, 307, 313
3892, 883, 997
3893, 423, 863
3894, 177, 333
3895, 193, 869
3896, 98, 760
3897, 180, 253
3898, 796, 973
3899, 685, 942
3900, 276, 977
3901, 416, 587
3902, 68, 294
3903, 545, 959
3904, 231, 933
3905, 88, 376
3906, 533, 812
3907, 37, 747
3908, 469, 893
3909, 18, 799
3910, 103, 464
3911, 508, 749
3912, 408, 617
3913, 146, 1000
3914, 666, 793
3915, 435, 918
3916, 102, 798
3917, 756, 761
3918, 681, 955
3919, 266, 722
3920, 465, 948
3921, 683, 734
3922, 114, 375
3923, 720, 952
3924, 492, 689
3925, 578, 646
3926, 223, 840
3927, 111, 890
3928, 213, 507
3929, 577, 579
3930, 171, 691
3931, 168, 839
3932, 273, 561
3933, 189, 232
3934, 149, 289
3935, 493, 998
3936, 128, 254
3937, 285, 903
3938, 459, 520
3939, 475, 564
3940, 805, 969
3941, 100, 399
3942, 664, 704
3943, 62, 241
3944, 374, 732
3945, 505, 865
3946, 226, 235
3947, 550, 680
3948, 390, 560
3949, 170, 444
3950, 351, 389
3951, 122, 329
3952, 142, 179
3953, 693, 697
3954, 271, 272
3955, 380, 913
3956, 407, 758
3957, 315, 905
3958, 618, 650
3959, 536, 939
3960, 224, 878
3961, 229, 657
3962, 581, 803
3963, 247, 630
3964, 372, 427
3965, 419, 522
3966, 136, 658
3967, 498, 841
3968, 516, 836
3969, 268, 281
3970, 172, 257
3971, 379, 672
3972, 713, 937
3973, 5, 690
3974, 45, 503
3975, 208, 847
3976, 538, 645
3977, 290, 362
3978, 443, 767
3979, 634, 810
3980, 314, 822
3981, 258, 804
3982, 864, 974
3983, 377, 571
3984, 470, 838
3985, 641, 870
3986, 787, 922
3987, 527, 739
3988, 252, 755
3989, 460, 897
3990, 73, 950
3991, 620, 660
3992, 214, 326
3993, 559, 845
3994, 546, 748
3995, 562, 855
3996, 120, 425
3997, 26, 608
3998, 398, 440
3999, 623, 715
4000, 365, 534
