id, img1, img2
1, 546, 714
2, 406, 425
3, 276, 657
4, 318, 328
5, 729, 908
6, 144, 715
7, 223, 507
8, 70, 257
9, 909, 985
10, 753, 941
11, 185, 611
12, 192, 605
13, 323, 522
14, 770, 813
15, 218, 238
16, 44, 329
17, 155, 208
18, 287, 843
19, 101, 487
20, 161, 334
21, 253, 933
22, 731, 952
23, 588, 986
24, 372, 397
25, 794, 935
26, 568, 831
27, 169, 989
28, 772, 899
29, 677, 839
30, 410, 696
31, 141, 865
32, 204, 316
33, 519, 925
34, 131, 583
35, 567, 569
36, 529, 747
37, 383, 895
38, 800, 852
39, 602, 906
40, 536, 582
41, 615, 644
42, 55, 675
43, 460, 488
44, 48, 138
45, 285, 994
46, 73, 599
47, 629, 720
48, 194, 284
49, 689, 825
50, 267, 485
51, 180, 584
52, 243, 755
53, 508, 680
54, 897, 917
55, 610, 791
56, 783, 810
57, 636, 907
58, 228, 448
59, 107, 256
60, 215, 886
61, 514, 679
62, 667, 990
63, 540, 927
64, 681, 739
65, 86, 300
66, 538, 803
67, 416, 817
68, 60, 771
69, 140, 435
70, 263, 411
71, 762, 996
72, 236, 776
73, 259, 407
74, 585, 616
75, 197, 749
76, 133, 701
77, 67, 175
78, 480, 784
79, 111, 880
80, 214, 232
81, 147, 418
82, 774, 863
83, 119, 962
84, 386, 476
85, 81, 379
86, 412, 595
87, 498, 972
88, 79, 464
89, 235, 635
90, 182, 966
91, 311, 606
92, 47, 706
93, 221, 958
94, 626, 744
95, 556, 717
96, 384, 896
97, 85, 427
98, 272, 881
99, 368, 374
100, 207, 914
101, 106, 979
102, 430, 477
103, 662, 875
104, 516, 683
105, 35, 575
106, 65, 838
107, 242, 969
108, 2, 324
109, 492, 949
110, 58, 105
111, 398, 987
112, 275, 790
113, 160, 844
114, 773, 923
115, 163, 266
116, 167, 241
117, 98, 289
118, 878, 884
119, 32, 693
120, 15, 139
121, 224, 699
122, 14, 553
123, 766, 818
124, 219, 733
125, 45, 961
126, 315, 322
127, 496, 709
128, 346, 404
129, 891, 922
130, 687, 876
131, 174, 894
132, 82, 305
133, 76, 728
134, 95, 811
135, 478, 921
136, 331, 833
137, 210, 704
138, 463, 627
139, 619, 860
140, 466, 973
141, 231, 769
142, 310, 735
143, 647, 756
144, 168, 226
145, 734, 748
146, 377, 500
147, 123, 613
148, 183, 338
149, 549, 950
150, 763, 847
151, 273, 470
152, 240, 625
153, 1, 191
154, 10, 975
155, 691, 924
156, 421, 468
157, 156, 251
158, 638, 919
159, 61, 158
160, 321, 428
161, 49, 83
162, 80, 761
163, 230, 573
164, 510, 903
165, 135, 205
166, 708, 793
167, 244, 957
168, 202, 306
169, 97, 342
170, 152, 533
171, 21, 792
172, 415, 821
173, 725, 999
174, 247, 527
175, 317, 877
176, 170, 171
177, 501, 879
178, 116, 668
179, 7, 187
180, 56, 277
181, 898, 911
182, 295, 539
183, 302, 869
184, 154, 308
185, 361, 450
186, 186, 846
187, 777, 960
188, 280, 441
189, 451, 524
190, 390, 475
191, 314, 385
192, 459, 579
193, 695, 984
194, 3, 654
195, 18, 564
196, 363, 812
197, 93, 109
198, 115, 718
199, 381, 768
200, 722, 883
201, 345, 705
202, 760, 905
203, 367, 571
204, 126, 353
205, 291, 727
206, 889, 918
207, 286, 312
208, 290, 736
209, 190, 541
210, 40, 671
211, 39, 617
212, 125, 868
213, 335, 534
214, 399, 786
215, 25, 222
216, 196, 959
217, 38, 598
218, 262, 837
219, 84, 669
220, 63, 938
221, 96, 229
222, 53, 348
223, 482, 548
224, 41, 370
225, 535, 628
226, 716, 778
227, 17, 559
228, 580, 801
229, 51, 71
230, 19, 873
231, 344, 932
232, 645, 740
233, 432, 684
234, 122, 220
235, 20, 59
236, 213, 423
237, 176, 313
238, 9, 767
239, 447, 561
240, 326, 469
241, 319, 358
242, 550, 826
243, 513, 688
244, 663, 809
245, 518, 528
246, 337, 649
247, 54, 143
248, 112, 820
249, 66, 997
250, 465, 764
251, 43, 798
252, 440, 483
253, 521, 741
254, 444, 511
255, 420, 890
256, 349, 814
257, 217, 624
258, 499, 730
259, 162, 823
260, 373, 594
261, 108, 437
262, 5, 652
263, 69, 943
264, 355, 840
265, 676, 819
266, 157, 929
267, 173, 673
268, 754, 805
269, 279, 443
270, 145, 956
271, 438, 512
272, 68, 129
273, 330, 931
274, 400, 656
275, 237, 293
276, 562, 678
277, 446, 620
278, 354, 393
279, 449, 797
280, 274, 489
281, 12, 413
282, 301, 537
283, 249, 557
284, 26, 885
285, 159, 968
286, 325, 702
287, 239, 953
288, 408, 565
289, 87, 618
290, 572, 945
291, 270, 576
292, 609, 707
293, 52, 815
294, 913, 974
295, 380, 850
296, 486, 710
297, 431, 497
298, 118, 359
299, 282, 517
300, 30, 298
301, 16, 283
302, 882, 900
303, 128, 608
304, 134, 206
305, 297, 785
306, 509, 866
307, 227, 474
308, 395, 887
309, 746, 799
310, 563, 816
311, 523, 737
312, 409, 912
313, 732, 980
314, 864, 874
315, 75, 828
316, 456, 640
317, 216, 269
318, 31, 503
319, 371, 532
320, 104, 604
321, 378, 750
322, 77, 998
323, 360, 915
324, 587, 942
325, 62, 700
326, 479, 861
327, 630, 993
328, 13, 902
329, 181, 481
330, 268, 660
331, 50, 136
332, 102, 296
333, 255, 834
334, 195, 795
335, 100, 849
336, 110, 375
337, 271, 991
338, 505, 612
339, 189, 738
340, 166, 525
341, 712, 930
342, 164, 491
343, 452, 711
344, 336, 751
345, 153, 552
346, 146, 692
347, 574, 726
348, 90, 387
349, 417, 951
350, 544, 983
351, 233, 560
352, 365, 623
353, 121, 607
354, 445, 841
355, 117, 601
356, 341, 836
357, 99, 830
358, 713, 835
359, 592, 824
360, 467, 928
361, 299, 551
362, 343, 939
363, 394, 851
364, 149, 586
365, 151, 426
366, 258, 461
367, 64, 685
368, 690, 947
369, 659, 752
370, 332, 637
371, 672, 995
372, 655, 757
373, 261, 651
374, 577, 796
375, 23, 172
376, 455, 621
377, 670, 723
378, 252, 855
379, 458, 724
380, 203, 806
381, 278, 603
382, 303, 822
383, 103, 641
384, 74, 936
385, 165, 807
386, 6, 634
387, 148, 666
388, 631, 643
389, 36, 871
390, 578, 653
391, 130, 646
392, 347, 490
393, 502, 639
394, 369, 424
395, 362, 614
396, 590, 600
397, 642, 963
398, 547, 765
399, 327, 597
400, 137, 758
401, 436, 742
402, 570, 888
403, 72, 981
404, 493, 782
405, 401, 848
406, 545, 664
407, 392, 484
408, 382, 504
409, 120, 333
410, 494, 788
411, 91, 827
412, 682, 745
413, 419, 442
414, 288, 515
415, 453, 904
416, 114, 434
417, 11, 29
418, 260, 633
419, 471, 719
420, 309, 988
421, 248, 402
422, 554, 589
423, 57, 686
424, 433, 926
425, 88, 389
426, 366, 388
427, 28, 429
428, 42, 558
429, 4, 954
430, 526, 893
431, 780, 854
432, 703, 970
433, 124, 457
434, 555, 829
435, 234, 967
436, 265, 842
437, 339, 530
438, 211, 439
439, 364, 422
440, 965, 971
441, 294, 910
442, 743, 858
443, 178, 403
444, 92, 721
445, 78, 698
446, 225, 250
447, 832, 992
448, 304, 506
449, 292, 789
450, 307, 859
451, 781, 862
452, 320, 697
453, 201, 948
454, 24, 33
455, 473, 853
456, 472, 944
457, 356, 872
458, 495, 870
459, 127, 802
460, 184, 520
461, 531, 665
462, 113, 955
463, 596, 892
464, 200, 264
465, 177, 566
466, 808, 856
467, 94, 937
468, 658, 867
469, 150, 946
470, 901, 976
471, 376, 978
472, 199, 964
473, 8, 198
474, 22, 661
475, 37, 581
476, 132, 857
477, 775, 982
478, 804, 940
479, 27, 391
480, 89, 779
481, 254, 920
482, 357, 648
483, 591, 593
484, 352, 674
485, 212, 340
486, 632, 1000
487, 246, 396
488, 188, 650
489, 454, 759
490, 787, 845
491, 46, 193
492, 245, 462
493, 142, 351
494, 179, 405
495, 542, 694
496, 543, 916
497, 209, 934
498, 281, 622
499, 350, 414
500, 34, 977
501, 833, 981
502, 79, 237
503, 479, 984
504, 756, 800
505, 538, 768
506, 543, 716
507, 541, 610
508, 239, 636
509, 549, 887
510, 60, 472
511, 330, 557
512, 37, 979
513, 363, 938
514, 493, 851
515, 167, 209
516, 634, 849
517, 572, 953
518, 426, 427
519, 189, 194
520, 14, 409
521, 951, 997
522, 373, 724
523, 255, 966
524, 199, 269
525, 333, 801
526, 617, 847
527, 798, 910
528, 10, 923
529, 335, 946
530, 581, 848
531, 2, 410
532, 282, 565
533, 38, 292
534, 254, 331
535, 285, 729
536, 12, 905
537, 40, 539
538, 150, 455
539, 739, 908
540, 123, 854
541, 125, 976
542, 659, 778
543, 233, 869
544, 712, 1000
545, 368, 861
546, 81, 857
547, 192, 490
548, 871, 924
549, 244, 642
550, 669, 884
551, 36, 354
552, 154, 640
553, 371, 439
554, 281, 775
555, 191, 764
556, 162, 179
557, 385, 469
558, 324, 999
559, 109, 158
560, 395, 474
561, 91, 694
562, 316, 942
563, 364, 965
564, 336, 534
565, 733, 770
566, 113, 360
567, 631, 714
568, 609, 920
569, 349, 647
570, 228, 414
571, 243, 308
572, 700, 807
573, 720, 721
574, 725, 765
575, 8, 681
576, 142, 420
577, 42, 743
578, 661, 916
579, 381, 921
580, 141, 467
581, 107, 736
582, 433, 506
583, 169, 275
584, 17, 930
585, 67, 618
586, 342, 958
587, 11, 988
588, 225, 656
589, 128, 176
590, 393, 657
591, 217, 769
592, 259, 540
593, 117, 232
594, 442, 918
595, 535, 726
596, 307, 405
597, 525, 723
598, 270, 423
599, 844, 899
600, 383, 654
601, 280, 298
602, 25, 236
603, 415, 741
604, 76, 718
605, 436, 783
606, 89, 509
607, 224, 672
608, 147, 834
609, 49, 578
610, 9, 96
611, 561, 964
612, 547, 914
613, 276, 421
614, 575, 665
615, 767, 860
616, 553, 919
617, 88, 580
618, 13, 350
619, 157, 945
620, 689, 810
621, 1, 220
622, 207, 648
623, 375, 787
624, 345, 972
625, 68, 458
626, 440, 837
627, 546, 772
628, 873, 878
629, 116, 915
630, 751, 867
631, 114, 361
632, 790, 912
633, 460, 464
634, 311, 366
635, 99, 773
636, 448, 826
637, 155, 286
638, 265, 748
639, 632, 802
640, 171, 470
641, 31, 727
642, 445, 940
643, 44, 77
644, 451, 471
645, 459, 730
646, 53, 836
647, 303, 891
648, 494, 840
649, 200, 731
650, 98, 796
651, 477, 734
652, 230, 929
653, 7, 250
654, 193, 222
655, 82, 814
656, 132, 180
657, 140, 819
658, 369, 573
659, 85, 206
660, 221, 808
661, 18, 507
662, 384, 398
663, 339, 652
664, 39, 302
665, 186, 948
666, 27, 615
667, 229, 978
668, 816, 989
669, 662, 793
670, 6, 955
671, 499, 791
672, 639, 673
673, 310, 598
674, 136, 832
675, 26, 831
676, 347, 933
677, 73, 329
678, 148, 855
679, 238, 284
680, 47, 797
681, 435, 588
682, 399, 776
683, 489, 533
684, 152, 701
685, 247, 522
686, 227, 667
687, 138, 690
688, 880, 890
689, 663, 781
690, 208, 737
691, 19, 418
692, 173, 825
693, 593, 902
694, 394, 498
695, 195, 314
696, 143, 548
697, 447, 680
698, 122, 853
699, 585, 971
700, 400, 980
701, 291, 692
702, 645, 900
703, 564, 622
704, 600, 850
705, 48, 355
706, 397, 995
707, 505, 628
708, 59, 696
709, 402, 913
710, 621, 856
711, 86, 635
712, 408, 992
713, 108, 379
714, 129, 288
715, 514, 950
716, 359, 952
717, 443, 906
718, 121, 687
719, 323, 676
720, 251, 754
721, 15, 586
722, 161, 643
723, 272, 377
724, 56, 763
725, 293, 749
726, 391, 877
727, 708, 936
728, 590, 886
729, 322, 358
730, 412, 740
731, 204, 987
732, 450, 574
733, 105, 411
734, 328, 497
735, 638, 715
736, 289, 599
737, 64, 481
738, 16, 93
739, 517, 545
740, 290, 738
741, 804, 969
742, 124, 188
743, 240, 352
744, 263, 306
745, 429, 571
746, 198, 774
747, 214, 828
748, 58, 413
749, 313, 688
750, 683, 753
751, 216, 529
752, 234, 674
753, 201, 351
754, 523, 698
755, 568, 895
756, 144, 174
757, 697, 911
758, 437, 975
759, 163, 528
760, 190, 686
761, 542, 949
762, 205, 818
763, 504, 735
764, 139, 901
765, 396, 611
766, 23, 608
767, 273, 815
768, 896, 991
769, 211, 587
770, 102, 452
771, 63, 431
772, 219, 456
773, 57, 127
774, 417, 963
775, 51, 821
776, 813, 983
777, 872, 994
778, 406, 675
779, 226, 706
780, 178, 786
781, 766, 939
782, 133, 338
783, 187, 903
784, 362, 960
785, 341, 483
786, 149, 260
787, 92, 502
788, 28, 197
789, 119, 392
790, 387, 556
791, 120, 401
792, 72, 262
793, 112, 941
794, 34, 115
795, 78, 403
796, 348, 428
797, 444, 532
798, 601, 820
799, 175, 212
800, 560, 596
801, 792, 883
802, 256, 666
803, 485, 889
804, 589, 876
805, 32, 90
806, 71, 614
807, 181, 327
808, 297, 606
809, 744, 935
810, 248, 567
811, 404, 612
812, 353, 518
813, 550, 670
814, 87, 928
815, 476, 584
816, 480, 962
817, 4, 21
818, 492, 693
819, 760, 785
820, 376, 566
821, 299, 468
822, 235, 829
823, 159, 370
824, 386, 719
825, 710, 917
826, 337, 795
827, 168, 603
828, 344, 607
829, 357, 487
830, 682, 957
831, 245, 602
832, 340, 655
833, 203, 510
834, 841, 898
835, 511, 809
836, 520, 824
837, 118, 904
838, 301, 407
839, 69, 457
840, 104, 576
841, 80, 315
842, 249, 554
843, 41, 465
844, 583, 732
845, 319, 495
846, 630, 865
847, 325, 559
848, 94, 843
849, 874, 875
850, 378, 486
851, 145, 649
852, 888, 973
853, 267, 463
854, 750, 990
855, 678, 845
856, 416, 651
857, 305, 453
858, 516, 927
859, 644, 817
860, 246, 382
861, 130, 312
862, 62, 594
863, 202, 811
864, 419, 827
865, 300, 835
866, 660, 996
867, 131, 653
868, 512, 892
869, 110, 332
870, 218, 907
871, 478, 685
872, 508, 552
873, 277, 922
874, 46, 562
875, 473, 954
876, 70, 317
877, 343, 595
878, 762, 985
879, 794, 868
880, 304, 846
881, 551, 788
882, 633, 993
883, 287, 488
884, 29, 944
885, 83, 496
886, 101, 623
887, 84, 185
888, 425, 536
889, 266, 897
890, 52, 852
891, 50, 641
892, 374, 519
893, 863, 956
894, 271, 823
895, 137, 789
896, 461, 862
897, 438, 806
898, 3, 624
899, 184, 422
900, 434, 967
901, 134, 616
902, 146, 982
903, 747, 931
904, 268, 513
905, 296, 613
906, 454, 937
907, 475, 579
908, 74, 695
909, 126, 658
910, 668, 684
911, 210, 699
912, 66, 959
913, 577, 759
914, 441, 691
915, 111, 466
916, 165, 758
917, 380, 604
918, 866, 947
919, 605, 704
920, 61, 501
921, 555, 882
922, 35, 627
923, 449, 925
924, 515, 752
925, 321, 650
926, 372, 619
927, 591, 679
928, 713, 803
929, 97, 893
930, 65, 746
931, 177, 258
932, 164, 745
933, 563, 757
934, 55, 637
935, 283, 830
936, 544, 620
937, 22, 705
938, 231, 761
939, 43, 252
940, 527, 570
941, 30, 365
942, 153, 881
943, 257, 294
944, 722, 961
945, 223, 784
946, 309, 646
947, 170, 261
948, 367, 870
949, 356, 524
950, 390, 805
951, 521, 531
952, 569, 771
953, 446, 970
954, 592, 709
955, 334, 998
956, 172, 664
957, 484, 491
958, 20, 183
959, 241, 500
960, 318, 934
961, 242, 812
962, 780, 858
963, 346, 742
964, 703, 838
965, 5, 160
966, 33, 779
967, 677, 755
968, 388, 526
969, 75, 879
970, 432, 909
971, 859, 977
972, 597, 864
973, 213, 932
974, 503, 626
975, 103, 625
976, 253, 822
977, 24, 926
978, 95, 166
979, 326, 968
980, 462, 885
981, 215, 974
982, 54, 156
983, 106, 711
984, 151, 274
985, 264, 707
986, 671, 782
987, 537, 777
988, 100, 135
989, 278, 530
990, 582, 717
991, 45, 279
992, 424, 629
993, 182, 482
994, 196, 839
995, 430, 943
996, 702, 799
997, 389, 894
998, 295, 558
999, 320, 728
1000, 842, 986
1001, 456, 543
1002, 14, 42
1003, 211, 450
1004, 377, 847
1005, 167, 400
1006, 775, 835
1007, 233, 251
1008, 616, 867
1009, 338, 836
1010, 432, 879
1011, 611, 617
1012, 325, 376
1013, 144, 493
1014, 581, 826
1015, 491, 789
1016, 457, 529
1017, 50, 310
1018, 34, 887
1019, 466, 534
1020, 181, 318
1021, 72, 552
1022, 662, 811
1023, 340, 690
1024, 265, 331
1025, 160, 980
1026, 176, 686
1027, 782, 931
1028, 268, 607
1029, 483, 490
1030, 31, 134
1031, 423, 507
1032, 665, 944
1033, 94, 691
1034, 183, 635
1035, 503, 614
1036, 298, 962
1037, 339, 825
1038, 238, 693
1039, 363, 920
1040, 96, 828
1041, 289, 673
1042, 632, 678
1043, 103, 963
1044, 33, 560
1045, 776, 987
1046, 324, 812
1047, 64, 790
1048, 2, 738
1049, 751, 956
1050, 30, 535
1051, 23, 788
1052, 179, 257
1053, 151, 196
1054, 143, 813
1055, 40, 100
1056, 263, 577
1057, 856, 870
1058, 187, 615
1059, 411, 990
1060, 146, 682
1061, 80, 304
1062, 676, 894
1063, 203, 713
1064, 157, 989
1065, 592, 916
1066, 287, 997
1067, 301, 702
1068, 172, 613
1069, 526, 584
1070, 63, 216
1071, 214, 731
1072, 273, 744
1073, 7, 87
1074, 467, 726
1075, 352, 634
1076, 896, 924
1077, 687, 902
1078, 153, 919
1079, 159, 484
1080, 171, 538
1081, 794, 832
1082, 174, 223
1083, 39, 169
1084, 69, 786
1085, 162, 852
1086, 737, 981
1087, 246, 618
1088, 61, 407
1089, 195, 936
1090, 277, 397
1091, 125, 220
1092, 83, 688
1093, 141, 736
1094, 882, 901
1095, 960, 1000
1096, 252, 437
1097, 858, 898
1098, 180, 299
1099, 111, 207
1100, 161, 213
1101, 278, 355
1102, 345, 802
1103, 495, 732
1104, 13, 137
1105, 389, 585
1106, 135, 875
1107, 638, 823
1108, 787, 947
1109, 105, 680
1110, 425, 792
1111, 609, 774
1112, 508, 995
1113, 89, 253
1114, 237, 315
1115, 388, 745
1116, 197, 677
1117, 439, 591
1118, 149, 619
1119, 719, 853
1120, 522, 549
1121, 18, 189
1122, 430, 447
1123, 232, 514
1124, 800, 926
1125, 130, 977
1126, 291, 671
1127, 38, 721
1128, 720, 966
1129, 28, 347
1130, 438, 930
1131, 643, 849
1132, 43, 48
1133, 8, 659
1134, 259, 519
1135, 630, 672
1136, 271, 938
1137, 274, 747
1138, 601, 795
1139, 209, 704
1140, 563, 818
1141, 155, 539
1142, 336, 547
1143, 5, 809
1144, 368, 848
1145, 509, 891
1146, 834, 929
1147, 343, 953
1148, 804, 913
1149, 311, 633
1150, 218, 927
1151, 71, 748
1152, 10, 429
1153, 332, 382
1154, 201, 550
1155, 679, 881
1156, 99, 370
1157, 20, 25
1158, 269, 546
1159, 102, 845
1160, 177, 799
1161, 670, 874
1162, 37, 109
1163, 337, 700
1164, 244, 942
1165, 667, 928
1166, 685, 968
1167, 51, 305
1168, 248, 842
1169, 148, 556
1170, 734, 820
1171, 136, 746
1172, 164, 443
1173, 208, 572
1174, 396, 806
1175, 104, 925
1176, 76, 831
1177, 768, 994
1178, 97, 846
1179, 82, 166
1180, 695, 754
1181, 561, 854
1182, 622, 910
1183, 780, 976
1184, 460, 941
1185, 186, 647
1186, 578, 903
1187, 410, 440
1188, 850, 973
1189, 527, 629
1190, 36, 504
1191, 126, 496
1192, 524, 531
1193, 156, 967
1194, 478, 639
1195, 86, 810
1196, 98, 124
1197, 228, 986
1198, 733, 884
1199, 755, 964
1200, 668, 906
1201, 116, 525
1202, 658, 815
1203, 512, 574
1204, 255, 553
1205, 67, 706
1206, 565, 971
1207, 241, 743
1208, 657, 904
1209, 275, 961
1210, 178, 231
1211, 486, 612
1212, 689, 857
1213, 778, 935
1214, 47, 862
1215, 24, 451
1216, 498, 821
1217, 229, 576
1218, 1, 459
1219, 46, 669
1220, 610, 984
1221, 129, 283
1222, 761, 978
1223, 654, 710
1224, 225, 714
1225, 391, 458
1226, 740, 922
1227, 412, 681
1228, 165, 537
1229, 683, 918
1230, 74, 518
1231, 664, 817
1232, 230, 650
1233, 260, 300
1234, 75, 979
1235, 582, 752
1236, 114, 245
1237, 371, 974
1238, 11, 284
1239, 342, 441
1240, 270, 421
1241, 361, 394
1242, 333, 540
1243, 590, 779
1244, 212, 475
1245, 649, 969
1246, 9, 206
1247, 492, 763
1248, 571, 950
1249, 341, 422
1250, 122, 594
1251, 112, 933
1252, 349, 912
1253, 294, 991
1254, 200, 988
1255, 276, 380
1256, 19, 346
1257, 256, 327
1258, 505, 723
1259, 637, 728
1260, 463, 873
1261, 348, 865
1262, 379, 603
1263, 4, 264
1264, 22, 95
1265, 588, 623
1266, 350, 434
1267, 90, 494
1268, 188, 356
1269, 267, 626
1270, 132, 729
1271, 93, 711
1272, 133, 897
1273, 221, 859
1274, 646, 914
1275, 373, 452
1276, 375, 666
1277, 250, 406
1278, 911, 923
1279, 119, 479
1280, 481, 652
1281, 448, 480
1282, 117, 227
1283, 781, 783
1284, 168, 285
1285, 579, 595
1286, 198, 465
1287, 128, 724
1288, 515, 756
1289, 91, 757
1290, 420, 435
1291, 118, 860
1292, 354, 851
1293, 428, 708
1294, 210, 471
1295, 6, 184
1296, 395, 442
1297, 741, 951
1298, 545, 653
1299, 32, 628
1300, 320, 364
1301, 589, 624
1302, 648, 803
1303, 121, 716
1304, 489, 921
1305, 107, 712
1306, 401, 468
1307, 154, 824
1308, 142, 642
1309, 444, 469
1310, 446, 871
1311, 841, 895
1312, 49, 262
1313, 193, 554
1314, 749, 762
1315, 290, 807
1316, 92, 247
1317, 44, 599
1318, 266, 476
1319, 326, 532
1320, 433, 869
1321, 88, 295
1322, 409, 684
1323, 497, 816
1324, 242, 663
1325, 551, 722
1326, 297, 321
1327, 365, 905
1328, 570, 868
1329, 419, 957
1330, 185, 952
1331, 627, 766
1332, 357, 608
1333, 261, 784
1334, 314, 939
1335, 282, 758
1336, 302, 946
1337, 54, 568
1338, 192, 843
1339, 769, 822
1340, 329, 877
1341, 194, 785
1342, 239, 596
1343, 558, 863
1344, 280, 777
1345, 353, 605
1346, 383, 641
1347, 145, 907
1348, 573, 992
1349, 381, 660
1350, 359, 661
1351, 474, 651
1352, 322, 705
1353, 453, 890
1354, 717, 889
1355, 703, 908
1356, 602, 727
1357, 334, 544
1358, 516, 674
1359, 56, 254
1360, 698, 759
1361, 29, 541
1362, 402, 999
1363, 127, 699
1364, 533, 837
1365, 580, 970
1366, 58, 972
1367, 309, 915
1368, 742, 772
1369, 57, 934
1370, 313, 328
1371, 222, 226
1372, 35, 937
1373, 249, 528
1374, 139, 170
1375, 199, 955
1376, 335, 351
1377, 101, 303
1378, 506, 872
1379, 593, 636
1380, 555, 996
1381, 21, 408
1382, 814, 866
1383, 360, 470
1384, 855, 948
1385, 41, 374
1386, 499, 523
1387, 323, 482
1388, 566, 675
1389, 694, 932
1390, 70, 696
1391, 182, 385
1392, 150, 427
1393, 899, 965
1394, 190, 949
1395, 84, 569
1396, 85, 975
1397, 113, 791
1398, 152, 387
1399, 68, 398
1400, 17, 888
1401, 286, 485
1402, 598, 764
1403, 79, 530
1404, 557, 753
1405, 26, 464
1406, 392, 500
1407, 559, 718
1408, 52, 403
1409, 564, 940
1410, 158, 477
1411, 163, 399
1412, 369, 586
1413, 426, 765
1414, 415, 620
1415, 215, 414
1416, 330, 472
1417, 562, 701
1418, 62, 715
1419, 78, 316
1420, 45, 838
1421, 60, 65
1422, 120, 982
1423, 487, 645
1424, 217, 644
1425, 258, 501
1426, 272, 604
1427, 205, 805
1428, 587, 597
1429, 15, 77
1430, 234, 773
1431, 175, 739
1432, 147, 945
1433, 502, 511
1434, 243, 312
1435, 296, 830
1436, 548, 993
1437, 138, 880
1438, 521, 985
1439, 306, 600
1440, 307, 575
1441, 16, 829
1442, 308, 445
1443, 81, 473
1444, 27, 878
1445, 801, 983
1446, 59, 798
1447, 771, 917
1448, 517, 909
1449, 12, 707
1450, 417, 631
1451, 725, 876
1452, 106, 892
1453, 583, 640
1454, 520, 692
1455, 542, 819
1456, 454, 606
1457, 235, 797
1458, 462, 709
1459, 131, 998
1460, 386, 656
1461, 123, 796
1462, 362, 900
1463, 366, 536
1464, 240, 404
1465, 367, 730
1466, 53, 770
1467, 513, 567
1468, 488, 886
1469, 293, 839
1470, 413, 436
1471, 115, 449
1472, 3, 55
1473, 405, 808
1474, 73, 750
1475, 344, 861
1476, 66, 224
1477, 236, 833
1478, 372, 461
1479, 358, 621
1480, 191, 279
1481, 219, 418
1482, 110, 378
1483, 108, 202
1484, 173, 958
1485, 655, 883
1486, 416, 864
1487, 292, 384
1488, 767, 893
1489, 943, 954
1490, 827, 959
1491, 281, 760
1492, 319, 424
1493, 455, 840
1494, 140, 393
1495, 793, 885
1496, 288, 735
1497, 317, 625
1498, 431, 697
1499, 204, 844
1500, 390, 510
1501, 924, 965
1502, 200, 259
1503, 596, 857
1504, 577, 807
1505, 659, 676
1506, 366, 881
1507, 6, 171
1508, 407, 752
1509, 703, 759
1510, 550, 614
1511, 235, 809
1512, 240, 417
1513, 373, 963
1514, 195, 607
1515, 480, 866
1516, 341, 697
1517, 370, 439
1518, 26, 394
1519, 154, 681
1520, 186, 803
1521, 457, 493
1522, 956, 979
1523, 699, 814
1524, 492, 767
1525, 136, 510
1526, 471, 967
1527, 437, 942
1528, 34, 376
1529, 322, 724
1530, 20, 764
1531, 624, 674
1532, 46, 619
1533, 1, 553
1534, 818, 847
1535, 440, 566
1536, 197, 719
1537, 168, 720
1538, 14, 124
1539, 324, 413
1540, 181, 888
1541, 604, 646
1542, 323, 824
1543, 266, 714
1544, 116, 705
1545, 44, 226
1546, 387, 896
1547, 364, 491
1548, 910, 957
1549, 486, 906
1550, 85, 225
1551, 649, 756
1552, 365, 532
1553, 315, 762
1554, 947, 985
1555, 385, 933
1556, 454, 994
1557, 97, 419
1558, 468, 945
1559, 75, 587
1560, 517, 533
1561, 586, 902
1562, 15, 421
1563, 657, 980
1564, 563, 647
1565, 185, 728
1566, 163, 350
1567, 129, 473
1568, 631, 723
1569, 64, 192
1570, 40, 119
1571, 145, 765
1572, 143, 825
1573, 673, 846
1574, 495, 731
1575, 398, 935
1576, 74, 294
1577, 261, 305
1578, 456, 572
1579, 169, 526
1580, 100, 559
1581, 117, 650
1582, 23, 858
1583, 613, 898
1584, 710, 998
1585, 271, 334
1586, 249, 871
1587, 106, 164
1588, 476, 617
1589, 158, 769
1590, 450, 820
1591, 472, 865
1592, 203, 721
1593, 230, 530
1594, 287, 895
1595, 215, 660
1596, 352, 538
1597, 47, 726
1598, 160, 432
1599, 69, 466
1600, 449, 688
1601, 579, 853
1602, 416, 875
1603, 445, 695
1604, 592, 600
1605, 27, 313
1606, 222, 920
1607, 184, 677
1608, 120, 990
1609, 422, 602
1610, 309, 363
1611, 585, 988
1612, 283, 412
1613, 488, 540
1614, 447, 593
1615, 252, 941
1616, 362, 734
1617, 537, 570
1618, 149, 754
1619, 219, 358
1620, 94, 444
1621, 886, 948
1622, 641, 964
1623, 5, 986
1624, 42, 527
1625, 57, 663
1626, 448, 692
1627, 325, 478
1628, 52, 279
1629, 475, 668
1630, 36, 296
1631, 590, 926
1632, 882, 982
1633, 684, 851
1634, 339, 367
1635, 107, 805
1636, 622, 943
1637, 512, 802
1638, 588, 901
1639, 253, 761
1640, 661, 691
1641, 630, 925
1642, 375, 399
1643, 201, 536
1644, 151, 799
1645, 321, 859
1646, 76, 950
1647, 497, 813
1648, 276, 806
1649, 725, 966
1650, 176, 301
1651, 236, 651
1652, 237, 551
1653, 231, 620
1654, 388, 556
1655, 891, 944
1656, 746, 837
1657, 314, 997
1658, 53, 589
1659, 372, 591
1660, 22, 255
1661, 187, 628
1662, 71, 347
1663, 227, 779
1664, 462, 687
1665, 788, 839
1666, 698, 845
1667, 598, 848
1668, 574, 729
1669, 694, 876
1670, 436, 960
1671, 70, 130
1672, 95, 114
1673, 329, 623
1674, 490, 955
1675, 863, 949
1676, 742, 794
1677, 423, 959
1678, 89, 380
1679, 121, 484
1680, 479, 482
1681, 331, 840
1682, 38, 704
1683, 518, 842
1684, 429, 616
1685, 280, 544
1686, 316, 798
1687, 216, 916
1688, 409, 608
1689, 245, 290
1690, 132, 879
1691, 103, 508
1692, 138, 414
1693, 861, 878
1694, 777, 810
1695, 256, 525
1696, 580, 894
1697, 561, 822
1698, 29, 161
1699, 108, 686
1700, 743, 907
1701, 87, 220
1702, 369, 542
1703, 232, 427
1704, 401, 418
1705, 25, 917
1706, 18, 272
1707, 393, 892
1708, 137, 356
1709, 88, 615
1710, 135, 500
1711, 451, 768
1712, 583, 800
1713, 443, 584
1714, 175, 569
1715, 49, 931
1716, 670, 961
1717, 351, 741
1718, 73, 115
1719, 978, 983
1720, 268, 383
1721, 118, 209
1722, 405, 774
1723, 156, 855
1724, 338, 344
1725, 854, 973
1726, 470, 545
1727, 159, 689
1728, 207, 308
1729, 241, 739
1730, 139, 701
1731, 612, 923
1732, 24, 496
1733, 874, 940
1734, 487, 557
1735, 2, 342
1736, 224, 930
1737, 174, 937
1738, 382, 519
1739, 664, 690
1740, 348, 829
1741, 397, 632
1742, 359, 727
1743, 763, 962
1744, 274, 850
1745, 67, 299
1746, 552, 711
1747, 521, 918
1748, 453, 740
1749, 499, 766
1750, 177, 716
1751, 735, 927
1752, 760, 834
1753, 33, 112
1754, 281, 349
1755, 123, 337
1756, 286, 992
1757, 514, 852
1758, 307, 390
1759, 523, 603
1760, 218, 606
1761, 408, 903
1762, 633, 817
1763, 189, 360
1764, 141, 844
1765, 243, 953
1766, 41, 897
1767, 66, 594
1768, 244, 883
1769, 30, 900
1770, 178, 262
1771, 82, 733
1772, 90, 264
1773, 304, 993
1774, 485, 621
1775, 452, 995
1776, 782, 999
1777, 263, 644
1778, 582, 706
1779, 55, 529
1780, 303, 836
1781, 77, 989
1782, 148, 554
1783, 150, 841
1784, 104, 821
1785, 461, 575
1786, 61, 833
1787, 62, 984
1788, 191, 258
1789, 13, 605
1790, 140, 188
1791, 511, 908
1792, 183, 333
1793, 330, 970
1794, 234, 700
1795, 111, 909
1796, 273, 976
1797, 438, 672
1798, 477, 904
1799, 205, 648
1800, 21, 223
1801, 516, 547
1802, 389, 884
1803, 92, 126
1804, 503, 946
1805, 214, 567
1806, 504, 611
1807, 127, 165
1808, 609, 667
1809, 543, 753
1810, 83, 217
1811, 152, 796
1812, 732, 913
1813, 320, 626
1814, 43, 310
1815, 198, 679
1816, 31, 312
1817, 278, 403
1818, 343, 426
1819, 601, 826
1820, 60, 99
1821, 758, 915
1822, 502, 715
1823, 430, 682
1824, 109, 505
1825, 157, 254
1826, 386, 669
1827, 65, 571
1828, 113, 539
1829, 498, 880
1830, 210, 250
1831, 776, 991
1832, 58, 599
1833, 306, 790
1834, 326, 396
1835, 391, 849
1836, 576, 921
1837, 627, 792
1838, 629, 838
1839, 749, 812
1840, 128, 708
1841, 425, 481
1842, 573, 780
1843, 722, 808
1844, 353, 951
1845, 295, 489
1846, 506, 718
1847, 914, 968
1848, 377, 737
1849, 541, 789
1850, 122, 292
1851, 68, 929
1852, 147, 229
1853, 238, 750
1854, 638, 770
1855, 298, 781
1856, 45, 751
1857, 133, 653
1858, 211, 784
1859, 78, 709
1860, 289, 355
1861, 317, 693
1862, 9, 336
1863, 16, 778
1864, 32, 643
1865, 275, 474
1866, 357, 433
1867, 51, 870
1868, 242, 464
1869, 652, 952
1870, 446, 531
1871, 460, 815
1872, 293, 507
1873, 636, 856
1874, 441, 442
1875, 595, 804
1876, 199, 546
1877, 144, 685
1878, 170, 954
1879, 212, 783
1880, 463, 745
1881, 131, 771
1882, 93, 864
1883, 248, 368
1884, 549, 738
1885, 548, 793
1886, 180, 707
1887, 696, 785
1888, 277, 671
1889, 3, 936
1890, 371, 656
1891, 428, 565
1892, 890, 905
1893, 568, 811
1894, 402, 1000
1895, 297, 702
1896, 10, 483
1897, 635, 899
1898, 381, 867
1899, 775, 823
1900, 17, 893
1901, 63, 354
1902, 251, 862
1903, 379, 459
1904, 345, 618
1905, 153, 246
1906, 415, 509
1907, 469, 637
1908, 395, 889
1909, 247, 747
1910, 467, 581
1911, 79, 610
1912, 48, 302
1913, 819, 860
1914, 39, 142
1915, 748, 872
1916, 19, 528
1917, 424, 434
1918, 101, 843
1919, 4, 680
1920, 578, 712
1921, 239, 269
1922, 8, 202
1923, 757, 975
1924, 84, 791
1925, 81, 928
1926, 515, 797
1927, 291, 435
1928, 134, 404
1929, 11, 431
1930, 50, 270
1931, 288, 786
1932, 228, 494
1933, 37, 257
1934, 193, 311
1935, 208, 555
1936, 666, 977
1937, 182, 411
1938, 877, 912
1939, 91, 534
1940, 54, 772
1941, 98, 830
1942, 332, 730
1943, 125, 300
1944, 654, 873
1945, 645, 713
1946, 717, 869
1947, 662, 958
1948, 59, 374
1949, 318, 981
1950, 562, 922
1951, 190, 346
1952, 7, 102
1953, 501, 971
1954, 919, 974
1955, 816, 831
1956, 455, 939
1957, 96, 868
1958, 233, 755
1959, 56, 558
1960, 410, 458
1961, 155, 969
1962, 465, 827
1963, 625, 736
1964, 597, 887
1965, 744, 938
1966, 384, 801
1967, 560, 787
1968, 221, 640
1969, 267, 282
1970, 513, 932
1971, 86, 328
1972, 179, 284
1973, 420, 520
1974, 319, 996
1975, 204, 400
1976, 12, 335
1977, 675, 987
1978, 285, 678
1979, 378, 885
1980, 166, 173
1981, 146, 265
1982, 196, 642
1983, 80, 206
1984, 162, 683
1985, 167, 911
1986, 28, 634
1987, 327, 665
1988, 832, 934
1989, 340, 828
1990, 213, 658
1991, 392, 835
1992, 172, 522
1993, 406, 535
1994, 361, 972
1995, 105, 795
1996, 260, 639
1997, 72, 194
1998, 35, 524
1999, 655, 773
2000, 110, 564
2001, 143, 988
2002, 53, 781
2003, 933, 997
2004, 481, 930
2005, 690, 901
2006, 356, 916
2007, 595, 678
2008, 350, 872
2009, 195, 755
2010, 157, 303
2011, 296, 841
2012, 219, 279
2013, 307, 538
2014, 766, 968
2015, 359, 363
2016, 410, 871
2017, 211, 630
2018, 915, 946
2019, 83, 212
2020, 267, 919
2021, 148, 999
2022, 654, 980
2023, 244, 502
2024, 467, 569
2025, 482, 597
2026, 340, 583
2027, 325, 961
2028, 130, 682
2029, 978, 996
2030, 649, 761
2031, 788, 853
2032, 215, 375
2033, 79, 443
2034, 511, 821
2035, 513, 727
2036, 65, 304
2037, 471, 529
2038, 104, 106
2039, 47, 826
2040, 305, 782
2041, 572, 767
2042, 168, 497
2043, 128, 748
2044, 726, 795
2045, 262, 920
2046, 164, 399
2047, 393, 510
2048, 716, 831
2049, 558, 947
2050, 287, 456
2051, 75, 813
2052, 601, 896
2053, 94, 477
2054, 74, 92
2055, 228, 786
2056, 245, 276
2057, 550, 579
2058, 765, 887
2059, 453, 551
2060, 712, 943
2061, 70, 77
2062, 18, 956
2063, 82, 780
2064, 521, 908
2065, 468, 684
2066, 417, 785
2067, 383, 623
2068, 837, 925
2069, 413, 966
2070, 655, 740
2071, 628, 657
2072, 454, 787
2073, 573, 641
2074, 141, 866
2075, 349, 392
2076, 723, 728
2077, 577, 861
2078, 711, 732
2079, 170, 357
2080, 209, 268
2081, 6, 752
2082, 446, 718
2083, 405, 898
2084, 59, 921
2085, 26, 311
2086, 376, 979
2087, 700, 859
2088, 470, 744
2089, 68, 717
2090, 419, 592
2091, 21, 247
2092, 430, 465
2093, 88, 599
2094, 373, 437
2095, 474, 808
2096, 51, 391
2097, 13, 998
2098, 714, 876
2099, 40, 884
2100, 24, 591
2101, 354, 639
2102, 557, 857
2103, 198, 892
2104, 61, 874
2105, 2, 794
2106, 414, 774
2107, 15, 838
2108, 246, 386
2109, 289, 935
2110, 95, 909
2111, 493, 931
2112, 539, 724
2113, 345, 361
2114, 619, 910
2115, 499, 506
2116, 515, 593
2117, 126, 184
2118, 424, 830
2119, 147, 941
2120, 97, 301
2121, 374, 986
2122, 20, 30
2123, 438, 792
2124, 651, 885
2125, 172, 442
2126, 90, 877
2127, 828, 873
2128, 411, 783
2129, 889, 937
2130, 22, 754
2131, 527, 611
2132, 274, 929
2133, 806, 812
2134, 429, 778
2135, 153, 699
2136, 658, 731
2137, 298, 500
2138, 294, 390
2139, 241, 804
2140, 671, 736
2141, 58, 741
2142, 96, 273
2143, 402, 667
2144, 505, 953
2145, 277, 336
2146, 317, 590
2147, 129, 698
2148, 769, 796
2149, 197, 829
2150, 427, 835
2151, 814, 903
2152, 606, 945
2153, 574, 834
2154, 337, 548
2155, 199, 659
2156, 275, 322
2157, 202, 261
2158, 62, 627
2159, 36, 156
2160, 498, 750
2161, 254, 488
2162, 282, 436
2163, 522, 856
2164, 171, 914
2165, 204, 802
2166, 452, 886
2167, 549, 926
2168, 114, 973
2169, 33, 370
2170, 362, 738
2171, 553, 721
2172, 416, 695
2173, 747, 807
2174, 683, 869
2175, 585, 888
2176, 41, 689
2177, 266, 364
2178, 93, 260
2179, 19, 144
2180, 49, 571
2181, 285, 520
2182, 149, 332
2183, 355, 605
2184, 768, 928
2185, 52, 280
2186, 384, 433
2187, 306, 495
2188, 542, 951
2189, 379, 849
2190, 372, 608
2191, 385, 584
2192, 570, 616
2193, 318, 844
2194, 23, 281
2195, 525, 815
2196, 696, 936
2197, 169, 850
2198, 398, 967
2199, 819, 950
2200, 100, 216
2201, 85, 450
2202, 11, 955
2203, 99, 957
2204, 613, 704
2205, 308, 801
2206, 56, 733
2207, 91, 154
2208, 366, 987
2209, 581, 746
2210, 73, 891
2211, 50, 119
2212, 3, 918
2213, 537, 719
2214, 846, 944
2215, 663, 880
2216, 388, 763
2217, 644, 691
2218, 125, 226
2219, 117, 764
2220, 730, 770
2221, 496, 596
2222, 675, 677
2223, 173, 395
2224, 607, 632
2225, 186, 378
2226, 541, 580
2227, 101, 220
2228, 234, 435
2229, 225, 612
2230, 380, 543
2231, 123, 160
2232, 57, 315
2233, 265, 758
2234, 259, 394
2235, 598, 600
2236, 221, 545
2237, 368, 408
2238, 194, 567
2239, 817, 848
2240, 159, 638
2241, 485, 773
2242, 811, 969
2243, 286, 660
2244, 193, 546
2245, 179, 348
2246, 439, 666
2247, 369, 742
2248, 152, 523
2249, 105, 165
2250, 38, 693
2251, 210, 705
2252, 334, 464
2253, 327, 483
2254, 299, 342
2255, 576, 662
2256, 66, 790
2257, 501, 832
2258, 248, 917
2259, 224, 938
2260, 526, 970
2261, 478, 816
2262, 196, 610
2263, 284, 715
2264, 852, 984
2265, 116, 176
2266, 229, 725
2267, 103, 772
2268, 121, 426
2269, 187, 431
2270, 339, 400
2271, 310, 321
2272, 158, 664
2273, 14, 278
2274, 32, 653
2275, 133, 904
2276, 329, 833
2277, 312, 365
2278, 397, 972
2279, 631, 959
2280, 320, 710
2281, 190, 923
2282, 122, 161
2283, 4, 346
2284, 347, 881
2285, 847, 875
2286, 9, 142
2287, 640, 840
2288, 98, 377
2289, 650, 939
2290, 102, 713
2291, 232, 971
2292, 622, 798
2293, 507, 603
2294, 620, 737
2295, 251, 734
2296, 131, 328
2297, 818, 820
2298, 406, 434
2299, 594, 836
2300, 16, 200
2301, 223, 575
2302, 7, 63
2303, 1, 256
2304, 842, 952
2305, 111, 810
2306, 381, 490
2307, 489, 913
2308, 139, 270
2309, 588, 676
2310, 138, 894
2311, 547, 854
2312, 89, 729
2313, 177, 185
2314, 166, 421
2315, 389, 617
2316, 205, 960
2317, 64, 958
2318, 180, 911
2319, 115, 239
2320, 182, 208
2321, 316, 851
2322, 28, 300
2323, 673, 799
2324, 272, 707
2325, 352, 367
2326, 777, 879
2327, 110, 964
2328, 242, 243
2329, 531, 722
2330, 10, 288
2331, 524, 626
2332, 39, 670
2333, 451, 647
2334, 382, 685
2335, 178, 756
2336, 113, 333
2337, 46, 401
2338, 25, 990
2339, 484, 589
2340, 432, 680
2341, 269, 963
2342, 762, 784
2343, 55, 982
2344, 621, 751
2345, 633, 882
2346, 155, 409
2347, 31, 648
2348, 163, 839
2349, 109, 135
2350, 309, 776
2351, 214, 803
2352, 404, 992
2353, 508, 843
2354, 797, 985
2355, 67, 253
2356, 403, 865
2357, 137, 625
2358, 314, 679
2359, 250, 924
2360, 136, 466
2361, 293, 897
2362, 448, 656
2363, 353, 635
2364, 791, 822
2365, 27, 42
2366, 35, 412
2367, 192, 860
2368, 189, 942
2369, 71, 991
2370, 582, 867
2371, 895, 940
2372, 151, 518
2373, 37, 112
2374, 45, 692
2375, 132, 181
2376, 509, 536
2377, 425, 440
2378, 559, 578
2379, 341, 472
2380, 516, 565
2381, 344, 771
2382, 238, 271
2383, 118, 694
2384, 183, 560
2385, 487, 1000
2386, 86, 460
2387, 697, 825
2388, 475, 552
2389, 415, 652
2390, 34, 84
2391, 535, 974
2392, 249, 447
2393, 418, 672
2394, 295, 845
2395, 864, 962
2396, 227, 302
2397, 503, 823
2398, 688, 965
2399, 428, 981
2400, 793, 949
2401, 517, 805
2402, 902, 948
2403, 203, 753
2404, 108, 264
2405, 534, 745
2406, 629, 775
2407, 167, 218
2408, 870, 878
2409, 222, 519
2410, 371, 994
2411, 504, 995
2412, 618, 687
2413, 213, 927
2414, 422, 824
2415, 283, 533
2416, 127, 323
2417, 469, 932
2418, 331, 624
2419, 614, 681
2420, 360, 907
2421, 175, 983
2422, 145, 642
2423, 407, 855
2424, 292, 615
2425, 17, 686
2426, 528, 906
2427, 44, 703
2428, 396, 479
2429, 668, 863
2430, 562, 609
2431, 124, 343
2432, 291, 760
2433, 140, 862
2434, 87, 922
2435, 637, 893
2436, 8, 207
2437, 636, 759
2438, 335, 555
2439, 174, 709
2440, 230, 462
2441, 162, 561
2442, 486, 645
2443, 12, 80
2444, 146, 324
2445, 43, 351
2446, 235, 735
2447, 233, 661
2448, 297, 512
2449, 237, 912
2450, 120, 514
2451, 665, 706
2452, 134, 858
2453, 252, 975
2454, 586, 602
2455, 231, 554
2456, 444, 563
2457, 441, 883
2458, 476, 701
2459, 206, 330
2460, 72, 236
2461, 743, 954
2462, 217, 720
2463, 544, 789
2464, 604, 674
2465, 69, 290
2466, 150, 463
2467, 76, 827
2468, 423, 491
2469, 240, 976
2470, 480, 905
2471, 568, 900
2472, 646, 977
2473, 48, 459
2474, 5, 188
2475, 263, 494
2476, 530, 809
2477, 702, 739
2478, 358, 643
2479, 564, 934
2480, 255, 566
2481, 457, 779
2482, 60, 338
2483, 445, 461
2484, 107, 258
2485, 78, 313
2486, 257, 387
2487, 634, 993
2488, 54, 989
2489, 326, 868
2490, 81, 319
2491, 757, 890
2492, 540, 669
2493, 201, 532
2494, 458, 749
2495, 708, 899
2496, 473, 556
2497, 587, 800
2498, 29, 455
2499, 449, 492
2500, 191, 420
2501, 115, 572
2502, 245, 850
2503, 35, 770
2504, 148, 664
2505, 320, 637
2506, 394, 748
2507, 429, 579
2508, 687, 833
2509, 425, 835
2510, 27, 117
2511, 541, 885
2512, 108, 755
2513, 559, 674
2514, 895, 944
2515, 397, 605
2516, 140, 319
2517, 356, 587
2518, 564, 722
2519, 488, 883
2520, 457, 509
2521, 31, 998
2522, 489, 908
2523, 288, 841
2524, 771, 968
2525, 252, 292
2526, 218, 580
2527, 116, 314
2528, 374, 646
2529, 191, 305
2530, 21, 184
2531, 161, 677
2532, 265, 267
2533, 204, 792
2534, 695, 876
2535, 493, 652
2536, 467, 723
2537, 165, 571
2538, 157, 237
2539, 641, 740
2540, 272, 718
2541, 257, 283
2542, 167, 230
2543, 784, 985
2544, 705, 927
2545, 259, 434
2546, 105, 153
2547, 46, 329
2548, 367, 424
2549, 556, 603
2550, 5, 621
2551, 361, 745
2552, 271, 869
2553, 220, 767
2554, 454, 731
2555, 523, 757
2556, 442, 971
2557, 146, 249
2558, 282, 742
2559, 535, 680
2560, 929, 939
2561, 1, 819
2562, 61, 537
2563, 258, 827
2564, 779, 826
2565, 634, 681
2566, 820, 860
2567, 2, 546
2568, 269, 896
2569, 211, 904
2570, 372, 942
2571, 436, 892
2572, 32, 147
2573, 185, 668
2574, 226, 536
2575, 665, 714
2576, 94, 118
2577, 590, 645
2578, 380, 750
2579, 251, 365
2580, 461, 773
2581, 418, 913
2582, 222, 568
2583, 854, 893
2584, 177, 651
2585, 86, 711
2586, 53, 445
2587, 719, 831
2588, 693, 986
2589, 613, 716
2590, 315, 382
2591, 235, 323
2592, 174, 636
2593, 44, 996
2594, 694, 921
2595, 392, 782
2596, 593, 856
2597, 405, 444
2598, 640, 678
2599, 100, 713
2600, 900, 940
2601, 200, 357
2602, 905, 972
2603, 7, 34
2604, 419, 884
2605, 483, 487
2606, 154, 936
2607, 309, 339
2608, 552, 619
2609, 36, 49
2610, 532, 721
2611, 673, 736
2612, 758, 961
2613, 781, 795
2614, 246, 350
2615, 119, 542
2616, 823, 861
2617, 363, 656
2618, 545, 887
2619, 133, 205
2620, 342, 973
2621, 275, 653
2622, 310, 787
2623, 60, 982
2624, 500, 903
2625, 341, 423
2626, 71, 995
2627, 379, 438
2628, 756, 962
2629, 120, 334
2630, 496, 803
2631, 629, 643
2632, 182, 592
2633, 57, 712
2634, 772, 878
2635, 231, 821
2636, 181, 804
2637, 62, 114
2638, 480, 689
2639, 494, 582
2640, 360, 778
2641, 291, 304
2642, 746, 934
2643, 398, 809
2644, 704, 766
2645, 570, 647
2646, 598, 966
2647, 617, 666
2648, 549, 747
2649, 447, 508
2650, 635, 974
2651, 589, 620
2652, 311, 526
2653, 739, 752
2654, 128, 301
2655, 296, 322
2656, 515, 994
2657, 284, 417
2658, 633, 873
2659, 56, 631
2660, 657, 853
2661, 396, 663
2662, 26, 938
2663, 354, 815
2664, 172, 384
2665, 45, 662
2666, 260, 503
2667, 198, 676
2668, 441, 954
2669, 169, 378
2670, 569, 909
2671, 420, 644
2672, 159, 217
2673, 400, 691
2674, 17, 270
2675, 22, 888
2676, 129, 563
2677, 243, 671
2678, 326, 978
2679, 238, 654
2680, 743, 1000
2681, 72, 988
2682, 9, 368
2683, 142, 963
2684, 103, 898
2685, 813, 870
2686, 160, 872
2687, 33, 414
2688, 250, 431
2689, 610, 816
2690, 195, 421
2691, 155, 273
2692, 50, 618
2693, 575, 818
2694, 241, 362
2695, 670, 851
2696, 409, 993
2697, 534, 594
2698, 206, 566
2699, 202, 790
2700, 88, 937
2701, 881, 891
2702, 214, 399
2703, 774, 775
2704, 744, 817
2705, 472, 990
2706, 137, 347
2707, 175, 984
2708, 340, 531
2709, 29, 248
2710, 96, 989
2711, 279, 349
2712, 254, 764
2713, 219, 863
2714, 176, 408
2715, 324, 759
2716, 346, 834
2717, 724, 858
2718, 37, 659
2719, 209, 839
2720, 403, 783
2721, 435, 800
2722, 58, 751
2723, 601, 824
2724, 846, 866
2725, 189, 560
2726, 66, 92
2727, 558, 607
2728, 186, 789
2729, 68, 353
2730, 210, 280
2731, 538, 852
2732, 28, 777
2733, 10, 286
2734, 366, 553
2735, 507, 683
2736, 123, 413
2737, 77, 794
2738, 97, 547
2739, 733, 917
2740, 359, 591
2741, 197, 328
2742, 170, 256
2743, 79, 762
2744, 612, 710
2745, 307, 686
2746, 183, 626
2747, 836, 960
2748, 48, 73
2749, 331, 780
2750, 274, 448
2751, 842, 877
2752, 551, 825
2753, 650, 682
2754, 47, 459
2755, 150, 583
2756, 335, 829
2757, 213, 470
2758, 696, 845
2759, 193, 920
2760, 67, 332
2761, 81, 983
2762, 502, 847
2763, 306, 540
2764, 42, 639
2765, 661, 725
2766, 194, 555
2767, 585, 951
2768, 793, 868
2769, 278, 597
2770, 440, 948
2771, 54, 373
2772, 720, 785
2773, 345, 529
2774, 135, 298
2775, 932, 943
2776, 41, 377
2777, 285, 753
2778, 90, 924
2779, 528, 690
2780, 416, 667
2781, 143, 530
2782, 164, 179
2783, 465, 812
2784, 178, 352
2785, 343, 518
2786, 236, 497
2787, 225, 383
2788, 727, 796
2789, 132, 669
2790, 519, 761
2791, 576, 698
2792, 499, 941
2793, 390, 760
2794, 430, 449
2795, 658, 945
2796, 64, 828
2797, 655, 730
2798, 492, 738
2799, 63, 464
2800, 524, 857
2801, 287, 351
2802, 190, 956
2803, 228, 239
2804, 437, 581
2805, 144, 173
2806, 122, 923
2807, 139, 660
2808, 247, 484
2809, 168, 595
2810, 599, 922
2811, 203, 614
2812, 59, 330
2813, 207, 763
2814, 76, 152
2815, 101, 749
2816, 18, 244
2817, 539, 768
2818, 110, 411
2819, 141, 697
2820, 498, 709
2821, 786, 958
2822, 89, 428
2823, 87, 837
2824, 294, 443
2825, 754, 859
2826, 297, 337
2827, 427, 726
2828, 299, 573
2829, 121, 387
2830, 910, 916
2831, 544, 648
2832, 432, 511
2833, 187, 505
2834, 604, 684
2835, 478, 953
2836, 255, 495
2837, 15, 946
2838, 69, 277
2839, 376, 393
2840, 12, 627
2841, 156, 223
2842, 521, 700
2843, 99, 134
2844, 513, 979
2845, 476, 491
2846, 224, 981
2847, 80, 949
2848, 395, 548
2849, 196, 199
2850, 52, 162
2851, 791, 886
2852, 402, 844
2853, 344, 882
2854, 325, 608
2855, 557, 976
2856, 453, 473
2857, 25, 865
2858, 126, 584
2859, 623, 822
2860, 622, 717
2861, 701, 957
2862, 40, 875
2863, 93, 104
2864, 263, 611
2865, 338, 609
2866, 364, 471
2867, 127, 533
2868, 95, 136
2869, 358, 370
2870, 112, 124
2871, 899, 925
2872, 70, 318
2873, 3, 596
2874, 333, 737
2875, 91, 911
2876, 642, 999
2877, 16, 375
2878, 102, 514
2879, 85, 955
2880, 600, 959
2881, 950, 952
2882, 388, 456
2883, 477, 577
2884, 902, 918
2885, 290, 874
2886, 303, 889
2887, 810, 906
2888, 516, 992
2889, 261, 811
2890, 308, 321
2891, 317, 843
2892, 208, 912
2893, 355, 433
2894, 692, 980
2895, 234, 451
2896, 628, 915
2897, 8, 685
2898, 512, 806
2899, 675, 735
2900, 55, 232
2901, 84, 799
2902, 426, 520
2903, 734, 901
2904, 78, 227
2905, 171, 561
2906, 295, 506
2907, 838, 935
2908, 264, 522
2909, 406, 554
2910, 481, 486
2911, 216, 788
2912, 65, 832
2913, 125, 474
2914, 765, 849
2915, 138, 525
2916, 415, 504
2917, 848, 970
2918, 229, 233
2919, 624, 897
2920, 389, 638
2921, 212, 404
2922, 201, 574
2923, 422, 830
2924, 131, 977
2925, 14, 439
2926, 482, 625
2927, 706, 864
2928, 855, 933
2929, 679, 708
2930, 221, 688
2931, 149, 452
2932, 109, 840
2933, 630, 969
2934, 281, 586
2935, 469, 930
2936, 145, 975
2937, 151, 240
2938, 479, 565
2939, 562, 805
2940, 268, 703
2941, 336, 385
2942, 13, 463
2943, 699, 715
2944, 111, 490
2945, 369, 801
2946, 327, 991
2947, 879, 919
2948, 106, 907
2949, 130, 602
2950, 23, 543
2951, 386, 947
2952, 802, 964
2953, 19, 158
2954, 407, 588
2955, 466, 867
2956, 192, 458
2957, 266, 769
2958, 163, 649
2959, 215, 381
2960, 38, 871
2961, 776, 808
2962, 253, 412
2963, 74, 967
2964, 51, 807
2965, 450, 797
2966, 702, 931
2967, 113, 410
2968, 485, 814
2969, 276, 862
2970, 672, 728
2971, 262, 391
2972, 632, 729
2973, 24, 83
2974, 880, 965
2975, 741, 997
2976, 43, 527
2977, 460, 707
2978, 75, 550
2979, 446, 616
2980, 371, 401
2981, 313, 606
2982, 11, 517
2983, 293, 312
2984, 300, 468
2985, 166, 242
2986, 302, 501
2987, 188, 732
2988, 567, 914
2989, 462, 926
2990, 98, 578
2991, 180, 890
2992, 39, 348
2993, 20, 510
2994, 4, 82
2995, 289, 475
2996, 107, 987
2997, 30, 894
2998, 615, 798
2999, 6, 928
3000, 316, 455
3001, 430, 505
3002, 30, 387
3003, 392, 724
3004, 262, 489
3005, 400, 526
3006, 700, 919
3007, 35, 292
3008, 77, 592
3009, 188, 258
3010, 877, 963
3011, 113, 993
3012, 894, 932
3013, 221, 740
3014, 128, 245
3015, 173, 915
3016, 119, 704
3017, 477, 978
3018, 120, 948
3019, 515, 583
3020, 36, 350
3021, 86, 855
3022, 110, 167
3023, 83, 486
3024, 491, 746
3025, 19, 104
3026, 527, 712
3027, 665, 854
3028, 23, 340
3029, 674, 873
3030, 438, 509
3031, 66, 353
3032, 33, 320
3033, 184, 807
3034, 50, 627
3035, 215, 797
3036, 158, 815
3037, 202, 812
3038, 384, 481
3039, 349, 460
3040, 732, 994
3041, 546, 730
3042, 440, 851
3043, 284, 540
3044, 125, 310
3045, 304, 781
3046, 426, 632
3047, 92, 93
3048, 303, 563
3049, 40, 263
3050, 16, 170
3051, 132, 591
3052, 34, 925
3053, 343, 480
3054, 82, 895
3055, 547, 881
3056, 678, 902
3057, 18, 162
3058, 134, 157
3059, 249, 874
3060, 42, 819
3061, 160, 713
3062, 773, 866
3063, 554, 980
3064, 564, 647
3065, 265, 530
3066, 725, 987
3067, 393, 667
3068, 552, 805
3069, 376, 965
3070, 570, 837
3071, 246, 722
3072, 831, 832
3073, 141, 541
3074, 208, 703
3075, 99, 614
3076, 473, 494
3077, 172, 954
3078, 388, 728
3079, 49, 822
3080, 565, 793
3081, 385, 510
3082, 462, 499
3083, 291, 790
3084, 17, 287
3085, 314, 455
3086, 182, 671
3087, 512, 989
3088, 111, 427
3089, 11, 227
3090, 166, 992
3091, 20, 701
3092, 743, 922
3093, 89, 321
3094, 133, 983
3095, 355, 609
3096, 399, 467
3097, 145, 578
3098, 748, 1000
3099, 502, 603
3100, 6, 586
3101, 282, 912
3102, 150, 845
3103, 374, 656
3104, 611, 749
3105, 187, 418
3106, 286, 566
3107, 447, 754
3108, 273, 497
3109, 626, 675
3110, 475, 811
3111, 634, 744
3112, 774, 896
3113, 508, 787
3114, 216, 747
3115, 85, 391
3116, 559, 860
3117, 351, 366
3118, 275, 600
3119, 37, 253
3120, 404, 880
3121, 198, 545
3122, 299, 935
3123, 242, 309
3124, 433, 764
3125, 542, 898
3126, 312, 760
3127, 379, 641
3128, 4, 131
3129, 197, 276
3130, 410, 966
3131, 237, 625
3132, 504, 581
3133, 300, 852
3134, 378, 643
3135, 69, 686
3136, 226, 679
3137, 250, 849
3138, 631, 751
3139, 666, 943
3140, 278, 887
3141, 483, 988
3142, 801, 809
3143, 794, 909
3144, 205, 332
3145, 602, 635
3146, 687, 780
3147, 561, 937
3148, 217, 820
3149, 12, 995
3150, 213, 380
3151, 669, 813
3152, 51, 257
3153, 109, 624
3154, 597, 777
3155, 555, 888
3156, 169, 523
3157, 274, 782
3158, 699, 792
3159, 103, 833
3160, 280, 538
3161, 298, 737
3162, 613, 892
3163, 544, 938
3164, 108, 301
3165, 220, 710
3166, 165, 402
3167, 661, 825
3168, 685, 870
3169, 589, 850
3170, 356, 848
3171, 73, 668
3172, 416, 539
3173, 39, 537
3174, 79, 863
3175, 161, 621
3176, 637, 883
3177, 58, 218
3178, 206, 928
3179, 5, 373
3180, 254, 846
3181, 137, 317
3182, 80, 102
3183, 7, 970
3184, 834, 979
3185, 27, 71
3186, 114, 268
3187, 326, 673
3188, 328, 428
3189, 549, 829
3190, 640, 843
3191, 267, 490
3192, 222, 981
3193, 224, 425
3194, 177, 596
3195, 123, 330
3196, 381, 997
3197, 25, 654
3198, 406, 612
3199, 164, 212
3200, 692, 800
3201, 214, 901
3202, 236, 247
3203, 209, 361
3204, 360, 814
3205, 143, 853
3206, 302, 690
3207, 445, 727
3208, 444, 662
3209, 585, 842
3210, 142, 201
3211, 522, 789
3212, 838, 975
3213, 446, 816
3214, 369, 799
3215, 319, 359
3216, 98, 471
3217, 405, 779
3218, 644, 648
3219, 464, 823
3220, 193, 776
3221, 259, 493
3222, 520, 931
3223, 453, 672
3224, 469, 916
3225, 733, 929
3226, 441, 466
3227, 67, 962
3228, 88, 768
3229, 76, 836
3230, 153, 154
3231, 43, 365
3232, 148, 295
3233, 507, 885
3234, 60, 802
3235, 785, 876
3236, 731, 900
3237, 501, 772
3238, 529, 917
3239, 90, 663
3240, 100, 461
3241, 87, 735
3242, 607, 767
3243, 759, 952
3244, 492, 535
3245, 146, 969
3246, 238, 516
3247, 933, 955
3248, 458, 478
3249, 139, 325
3250, 52, 454
3251, 230, 924
3252, 10, 183
3253, 503, 594
3254, 140, 628
3255, 117, 297
3256, 269, 329
3257, 623, 696
3258, 738, 756
3259, 22, 81
3260, 56, 959
3261, 437, 865
3262, 435, 646
3263, 485, 808
3264, 45, 610
3265, 296, 649
3266, 231, 377
3267, 617, 817
3268, 84, 500
3269, 423, 606
3270, 277, 693
3271, 806, 910
3272, 138, 729
3273, 676, 720
3274, 495, 977
3275, 64, 660
3276, 156, 318
3277, 204, 653
3278, 616, 914
3279, 229, 828
3280, 322, 576
3281, 219, 923
3282, 144, 702
3283, 290, 709
3284, 389, 708
3285, 472, 795
3286, 256, 548
3287, 383, 657
3288, 580, 584
3289, 558, 971
3290, 397, 949
3291, 788, 907
3292, 514, 750
3293, 451, 694
3294, 149, 571
3295, 818, 868
3296, 575, 601
3297, 272, 698
3298, 715, 960
3299, 908, 968
3300, 207, 525
3301, 339, 569
3302, 136, 658
3303, 26, 633
3304, 324, 882
3305, 175, 770
3306, 395, 434
3307, 61, 179
3308, 362, 593
3309, 241, 683
3310, 74, 872
3311, 323, 484
3312, 41, 470
3313, 532, 636
3314, 151, 605
3315, 194, 264
3316, 285, 506
3317, 367, 681
3318, 431, 604
3319, 528, 769
3320, 871, 884
3321, 869, 936
3322, 394, 598
3323, 232, 333
3324, 223, 688
3325, 57, 358
3326, 95, 719
3327, 191, 203
3328, 72, 243
3329, 147, 762
3330, 24, 420
3331, 370, 775
3332, 96, 401
3333, 498, 939
3334, 3, 942
3335, 78, 556
3336, 363, 752
3337, 127, 553
3338, 185, 757
3339, 375, 897
3340, 335, 582
3341, 368, 967
3342, 533, 615
3343, 745, 858
3344, 13, 288
3345, 457, 824
3346, 53, 116
3347, 200, 655
3348, 186, 293
3349, 260, 364
3350, 180, 875
3351, 255, 911
3352, 14, 786
3353, 567, 864
3354, 459, 741
3355, 450, 926
3356, 112, 536
3357, 618, 707
3358, 711, 778
3359, 248, 905
3360, 54, 577
3361, 697, 835
3362, 336, 557
3363, 118, 429
3364, 308, 331
3365, 59, 266
3366, 189, 412
3367, 55, 927
3368, 345, 913
3369, 629, 990
3370, 717, 804
3371, 192, 463
3372, 798, 956
3373, 436, 443
3374, 338, 407
3375, 398, 543
3376, 68, 305
3377, 101, 985
3378, 91, 251
3379, 1, 129
3380, 487, 560
3381, 771, 998
3382, 347, 689
3383, 195, 739
3384, 307, 408
3385, 240, 608
3386, 622, 639
3387, 348, 476
3388, 261, 957
3389, 228, 409
3390, 252, 524
3391, 890, 984
3392, 579, 742
3393, 357, 716
3394, 620, 763
3395, 235, 413
3396, 417, 859
3397, 479, 645
3398, 44, 313
3399, 210, 465
3400, 65, 403
3401, 921, 972
3402, 342, 534
3403, 588, 684
3404, 918, 974
3405, 75, 334
3406, 122, 517
3407, 168, 396
3408, 903, 947
3409, 513, 840
3410, 176, 551
3411, 810, 961
3412, 211, 950
3413, 281, 390
3414, 574, 879
3415, 178, 784
3416, 327, 861
3417, 718, 976
3418, 761, 893
3419, 827, 973
3420, 691, 986
3421, 311, 844
3422, 38, 595
3423, 642, 695
3424, 753, 958
3425, 650, 889
3426, 21, 680
3427, 519, 857
3428, 496, 568
3429, 47, 638
3430, 294, 677
3431, 29, 341
3432, 371, 664
3433, 382, 456
3434, 422, 723
3435, 411, 651
3436, 289, 449
3437, 105, 839
3438, 964, 999
3439, 279, 316
3440, 706, 796
3441, 488, 562
3442, 354, 920
3443, 28, 758
3444, 63, 126
3445, 159, 414
3446, 891, 899
3447, 419, 652
3448, 70, 442
3449, 659, 904
3450, 337, 590
3451, 930, 941
3452, 9, 225
3453, 233, 982
3454, 130, 190
3455, 315, 847
3456, 452, 951
3457, 171, 270
3458, 31, 521
3459, 424, 630
3460, 468, 482
3461, 196, 878
3462, 62, 163
3463, 372, 830
3464, 174, 283
3465, 783, 996
3466, 124, 734
3467, 244, 682
3468, 726, 856
3469, 821, 841
3470, 511, 862
3471, 271, 415
3472, 152, 439
3473, 8, 670
3474, 32, 572
3475, 97, 550
3476, 474, 587
3477, 803, 934
3478, 518, 906
3479, 619, 721
3480, 115, 945
3481, 107, 944
3482, 199, 705
3483, 448, 940
3484, 234, 991
3485, 531, 765
3486, 766, 946
3487, 306, 736
3488, 48, 867
3489, 352, 886
3490, 135, 714
3491, 106, 386
3492, 121, 344
3493, 94, 155
3494, 2, 15
3495, 239, 573
3496, 46, 432
3497, 421, 953
3498, 181, 599
3499, 346, 791
3500, 755, 826
3501, 24, 676
3502, 855, 913
3503, 521, 862
3504, 608, 658
3505, 493, 964
3506, 195, 399
3507, 463, 556
3508, 442, 910
3509, 761, 951
3510, 163, 166
3511, 350, 433
3512, 77, 120
3513, 128, 390
3514, 501, 522
3515, 136, 614
3516, 153, 871
3517, 365, 486
3518, 394, 918
3519, 428, 782
3520, 165, 370
3521, 47, 431
3522, 762, 1000
3523, 118, 826
3524, 560, 885
3525, 509, 794
3526, 465, 587
3527, 645, 743
3528, 280, 400
3529, 429, 500
3530, 383, 479
3531, 289, 565
3532, 43, 469
3533, 667, 849
3534, 259, 689
3535, 730, 840
3536, 147, 830
3537, 64, 285
3538, 187, 293
3539, 558, 944
3540, 602, 909
3541, 117, 121
3542, 75, 954
3543, 652, 713
3544, 385, 760
3545, 473, 567
3546, 532, 998
3547, 63, 502
3548, 430, 638
3549, 731, 744
3550, 30, 84
3551, 310, 584
3552, 487, 962
3553, 9, 974
3554, 568, 604
3555, 381, 688
3556, 715, 979
3557, 618, 971
3558, 415, 630
3559, 242, 271
3560, 184, 330
3561, 733, 919
3562, 325, 977
3563, 613, 621
3564, 218, 779
3565, 378, 825
3566, 81, 815
3567, 228, 997
3568, 833, 973
3569, 122, 508
3570, 5, 452
3571, 61, 873
3572, 729, 906
3573, 93, 422
3574, 36, 261
3575, 392, 576
3576, 201, 983
3577, 262, 339
3578, 541, 551
3579, 380, 965
3580, 94, 446
3581, 362, 624
3582, 169, 547
3583, 660, 678
3584, 137, 666
3585, 408, 797
3586, 246, 403
3587, 189, 318
3588, 22, 846
3589, 112, 723
3590, 401, 511
3591, 294, 336
3592, 326, 637
3593, 88, 291
3594, 78, 268
3595, 80, 439
3596, 659, 824
3597, 466, 719
3598, 395, 868
3599, 750, 784
3600, 193, 359
3601, 92, 876
3602, 956, 987
3603, 852, 877
3604, 157, 253
3605, 880, 924
3606, 142, 902
3607, 884, 978
3608, 39, 119
3609, 33, 627
3610, 3, 904
3611, 322, 810
3612, 241, 800
3613, 793, 820
3614, 705, 888
3615, 838, 896
3616, 238, 455
3617, 234, 747
3618, 254, 712
3619, 443, 890
3620, 222, 331
3621, 329, 874
3622, 102, 459
3623, 780, 941
3624, 53, 367
3625, 69, 639
3626, 412, 755
3627, 783, 961
3628, 15, 79
3629, 555, 763
3630, 495, 671
3631, 410, 960
3632, 108, 181
3633, 531, 958
3634, 343, 585
3635, 127, 803
3636, 899, 922
3637, 437, 480
3638, 454, 528
3639, 252, 564
3640, 281, 720
3641, 89, 346
3642, 98, 99
3643, 308, 421
3644, 371, 653
3645, 191, 467
3646, 516, 842
3647, 286, 468
3648, 97, 673
3649, 130, 959
3650, 843, 914
3651, 295, 912
3652, 416, 807
3653, 159, 795
3654, 344, 832
3655, 698, 791
3656, 333, 458
3657, 266, 373
3658, 693, 771
3659, 386, 921
3660, 243, 859
3661, 303, 732
3662, 686, 704
3663, 384, 847
3664, 631, 894
3665, 49, 943
3666, 26, 82
3667, 269, 850
3668, 115, 646
3669, 183, 619
3670, 126, 540
3671, 57, 754
3672, 264, 768
3673, 25, 657
3674, 67, 835
3675, 411, 702
3676, 721, 727
3677, 492, 513
3678, 311, 569
3679, 237, 927
3680, 542, 903
3681, 648, 792
3682, 483, 966
3683, 7, 968
3684, 113, 860
3685, 177, 197
3686, 180, 317
3687, 188, 445
3688, 510, 588
3689, 423, 920
3690, 586, 851
3691, 425, 682
3692, 302, 695
3693, 436, 734
3694, 155, 203
3695, 46, 878
3696, 575, 717
3697, 32, 940
3698, 622, 788
3699, 525, 766
3700, 207, 327
3701, 389, 740
3702, 100, 406
3703, 86, 804
3704, 644, 988
3705, 828, 856
3706, 27, 146
3707, 20, 239
3708, 18, 900
3709, 256, 499
3710, 361, 982
3711, 811, 925
3712, 595, 990
3713, 200, 450
3714, 249, 312
3715, 161, 257
3716, 424, 893
3717, 737, 749
3718, 435, 992
3719, 42, 366
3720, 107, 818
3721, 158, 995
3722, 225, 288
3723, 656, 980
3724, 58, 68
3725, 578, 866
3726, 617, 950
3727, 223, 447
3728, 417, 546
3729, 379, 937
3730, 496, 505
3731, 527, 808
3732, 96, 517
3733, 247, 335
3734, 414, 728
3735, 506, 934
3736, 405, 707
3737, 132, 298
3738, 545, 736
3739, 328, 789
3740, 313, 986
3741, 735, 923
3742, 534, 691
3743, 544, 879
3744, 104, 864
3745, 398, 984
3746, 51, 935
3747, 134, 746
3748, 278, 742
3749, 457, 664
3750, 635, 942
3751, 407, 999
3752, 507, 647
3753, 154, 523
3754, 150, 911
3755, 476, 535
3756, 71, 867
3757, 829, 865
3758, 681, 738
3759, 214, 351
3760, 354, 872
3761, 192, 821
3762, 471, 796
3763, 460, 764
3764, 230, 817
3765, 54, 349
3766, 283, 306
3767, 226, 503
3768, 377, 767
3769, 561, 996
3770, 221, 284
3771, 258, 488
3772, 260, 572
3773, 172, 875
3774, 103, 590
3775, 441, 805
3776, 651, 692
3777, 196, 274
3778, 589, 706
3779, 38, 813
3780, 577, 882
3781, 125, 353
3782, 40, 85
3783, 48, 194
3784, 131, 409
3785, 633, 772
3786, 190, 287
3787, 70, 930
3788, 332, 583
3789, 482, 802
3790, 44, 571
3791, 198, 883
3792, 110, 474
3793, 677, 991
3794, 148, 895
3795, 426, 626
3796, 248, 669
3797, 388, 413
3798, 16, 538
3799, 679, 756
3800, 886, 947
3801, 160, 563
3802, 227, 957
3803, 236, 870
3804, 66, 931
3805, 105, 936
3806, 290, 857
3807, 60, 845
3808, 73, 520
3809, 570, 699
3810, 841, 905
3811, 23, 696
3812, 209, 529
3813, 140, 448
3814, 206, 892
3815, 123, 609
3816, 156, 889
3817, 440, 599
3818, 562, 684
3819, 173, 549
3820, 579, 785
3821, 358, 834
3822, 481, 751
3823, 232, 620
3824, 205, 778
3825, 404, 901
3826, 745, 949
3827, 323, 557
3828, 133, 345
3829, 432, 553
3830, 106, 554
3831, 129, 240
3832, 277, 304
3833, 151, 726
3834, 427, 714
3835, 21, 233
3836, 216, 643
3837, 475, 574
3838, 167, 887
3839, 309, 594
3840, 363, 722
3841, 182, 244
3842, 19, 640
3843, 391, 566
3844, 62, 315
3845, 141, 530
3846, 438, 881
3847, 299, 809
3848, 675, 741
3849, 372, 839
3850, 305, 536
3851, 360, 514
3852, 109, 781
3853, 217, 776
3854, 186, 827
3855, 265, 819
3856, 494, 891
3857, 321, 774
3858, 87, 270
3859, 661, 975
3860, 1, 668
3861, 174, 515
3862, 628, 708
3863, 314, 929
3864, 251, 933
3865, 8, 662
3866, 320, 340
3867, 419, 598
3868, 17, 273
3869, 765, 993
3870, 213, 580
3871, 665, 917
3872, 178, 916
3873, 498, 611
3874, 31, 387
3875, 101, 152
3876, 697, 798
3877, 4, 263
3878, 144, 497
3879, 185, 615
3880, 11, 748
3881, 219, 224
3882, 739, 994
3883, 6, 13
3884, 368, 672
3885, 52, 596
3886, 211, 245
3887, 255, 641
3888, 759, 869
3889, 491, 573
3890, 680, 854
3891, 135, 814
3892, 948, 953
3893, 753, 844
3894, 603, 687
3895, 220, 593
3896, 124, 752
3897, 35, 138
3898, 139, 863
3899, 369, 955
3900, 204, 279
3901, 83, 453
3902, 229, 342
3903, 787, 861
3904, 757, 952
3905, 34, 616
3906, 524, 823
3907, 29, 504
3908, 91, 490
3909, 649, 786
3910, 50, 928
3911, 582, 938
3912, 375, 777
3913, 341, 773
3914, 76, 518
3915, 95, 357
3916, 250, 606
3917, 376, 701
3918, 690, 711
3919, 199, 623
3920, 939, 969
3921, 179, 300
3922, 145, 548
3923, 337, 533
3924, 444, 461
3925, 650, 801
3926, 276, 970
3927, 718, 758
3928, 347, 963
3929, 316, 976
3930, 382, 972
3931, 12, 393
3932, 946, 989
3933, 111, 267
3934, 319, 550
3935, 397, 543
3936, 297, 462
3937, 464, 489
3938, 143, 775
3939, 210, 356
3940, 301, 674
3941, 591, 663
3942, 725, 831
3943, 45, 307
3944, 74, 685
3945, 632, 907
3946, 90, 634
3947, 162, 215
3948, 472, 694
3949, 355, 806
3950, 352, 926
3951, 72, 396
3952, 610, 769
3953, 790, 816
3954, 10, 231
3955, 149, 334
3956, 2, 655
3957, 324, 456
3958, 581, 607
3959, 175, 601
3960, 799, 837
3961, 348, 709
3962, 41, 485
3963, 526, 670
3964, 235, 600
3965, 967, 985
3966, 275, 592
3967, 170, 282
3968, 37, 552
3969, 296, 908
3970, 612, 724
3971, 484, 597
3972, 605, 642
3973, 292, 477
3974, 451, 559
3975, 932, 945
3976, 512, 858
3977, 374, 683
3978, 338, 434
3979, 703, 822
3980, 171, 897
3981, 116, 537
3982, 59, 202
3983, 418, 836
3984, 168, 654
3985, 710, 853
3986, 402, 478
3987, 470, 981
3988, 164, 449
3989, 539, 629
3990, 55, 812
3991, 14, 625
3992, 420, 519
3993, 212, 272
3994, 636, 700
3995, 114, 770
3996, 28, 716
3997, 56, 364
3998, 208, 898
3999, 848, 915
4000, 65, 176
