id, img1, img2
1, 658, 978
2, 168, 280
3, 184, 600
4, 613, 922
5, 415, 748
6, 301, 338
7, 141, 526
8, 277, 858
9, 702, 797
10, 109, 965
11, 177, 985
12, 87, 844
13, 258, 914
14, 921, 943
15, 520, 562
16, 124, 708
17, 315, 931
18, 483, 604
19, 178, 474
20, 447, 774
21, 128, 387
22, 691, 877
23, 589, 698
24, 271, 566
25, 276, 705
26, 37, 752
27, 530, 973
28, 162, 379
29, 142, 611
30, 901, 964
31, 215, 796
32, 64, 657
33, 519, 653
34, 308, 428
35, 68, 443
36, 73, 694
37, 21, 904
38, 22, 93
39, 118, 842
40, 300, 963
41, 264, 510
42, 380, 408
43, 732, 903
44, 56, 650
45, 461, 961
46, 218, 644
47, 286, 944
48, 98, 417
49, 81, 446
50, 187, 673
51, 671, 730
52, 133, 148
53, 356, 552
54, 224, 476
55, 668, 864
56, 675, 888
57, 340, 712
58, 266, 399
59, 207, 492
60, 94, 874
61, 174, 887
62, 430, 832
63, 706, 909
64, 249, 805
65, 160, 995
66, 269, 477
67, 790, 988
68, 75, 287
69, 438, 683
70, 291, 307
71, 382, 676
72, 664, 830
73, 23, 285
74, 226, 780
75, 90, 779
76, 506, 860
77, 66, 939
78, 197, 824
79, 110, 745
80, 593, 867
81, 557, 996
82, 527, 659
83, 120, 181
84, 459, 630
85, 225, 912
86, 558, 945
87, 493, 857
88, 62, 137
89, 84, 722
90, 220, 936
91, 145, 403
92, 103, 325
93, 11, 186
94, 422, 494
95, 670, 856
96, 236, 311
97, 841, 843
98, 102, 437
99, 216, 956
100, 123, 487
101, 333, 632
102, 194, 550
103, 136, 868
104, 182, 185
105, 227, 559
106, 10, 608
107, 789, 946
108, 74, 970
109, 107, 191
110, 765, 825
111, 25, 999
112, 648, 655
113, 419, 935
114, 372, 639
115, 514, 715
116, 70, 998
117, 9, 359
118, 776, 814
119, 836, 997
120, 50, 156
121, 297, 534
122, 478, 870
123, 247, 275
124, 200, 952
125, 560, 837
126, 625, 772
127, 208, 865
128, 950, 983
129, 406, 656
130, 849, 859
131, 34, 95
132, 6, 878
133, 114, 537
134, 813, 835
135, 131, 900
136, 238, 565
137, 343, 503
138, 539, 990
139, 77, 126
140, 15, 386
141, 16, 499
142, 458, 511
143, 2, 139
144, 445, 829
145, 777, 898
146, 155, 872
147, 756, 802
148, 642, 747
149, 361, 929
150, 196, 326
151, 463, 871
152, 741, 920
153, 470, 617
154, 100, 283
155, 804, 949
156, 228, 257
157, 615, 918
158, 591, 907
159, 318, 605
160, 579, 618
161, 429, 577
162, 586, 740
163, 444, 485
164, 666, 788
165, 366, 763
166, 464, 685
167, 555, 809
168, 497, 634
169, 167, 760
170, 906, 987
171, 410, 416
172, 603, 638
173, 278, 543
174, 108, 374
175, 801, 852
176, 26, 106
177, 45, 397
178, 341, 467
179, 570, 681
180, 198, 505
181, 67, 594
182, 491, 840
183, 268, 957
184, 482, 737
185, 690, 734
186, 219, 348
187, 202, 894
188, 292, 848
189, 369, 966
190, 231, 274
191, 293, 517
192, 402, 713
193, 677, 803
194, 5, 598
195, 105, 767
196, 48, 217
197, 113, 769
198, 486, 660
199, 212, 394
200, 101, 355
201, 30, 719
202, 452, 662
203, 743, 750
204, 165, 882
205, 242, 572
206, 620, 692
207, 239, 684
208, 495, 786
209, 172, 316
210, 346, 423
211, 140, 279
212, 544, 778
213, 457, 590
214, 576, 609
215, 320, 535
216, 96, 260
217, 820, 924
218, 342, 651
219, 731, 967
220, 164, 230
221, 324, 515
222, 911, 962
223, 471, 563
224, 195, 793
225, 627, 646
226, 328, 913
227, 270, 810
228, 235, 500
229, 111, 847
230, 47, 302
231, 724, 933
232, 190, 440
233, 424, 689
234, 317, 332
235, 629, 635
236, 781, 908
237, 367, 418
238, 456, 811
239, 158, 937
240, 540, 721
241, 150, 720
242, 12, 448
243, 587, 960
244, 294, 571
245, 152, 595
246, 425, 992
247, 72, 134
248, 554, 733
249, 82, 838
250, 61, 940
251, 237, 757
252, 373, 932
253, 243, 884
254, 758, 821
255, 263, 601
256, 92, 281
257, 717, 975
258, 262, 547
259, 370, 798
260, 449, 716
261, 159, 915
262, 523, 645
263, 58, 968
264, 246, 753
265, 358, 958
266, 404, 599
267, 496, 851
268, 728, 735
269, 490, 679
270, 349, 442
271, 203, 409
272, 193, 896
273, 310, 364
274, 686, 883
275, 345, 928
276, 7, 453
277, 384, 512
278, 678, 959
279, 272, 816
280, 36, 180
281, 395, 434
282, 104, 861
283, 819, 980
284, 138, 454
285, 378, 468
286, 783, 977
287, 24, 357
288, 583, 768
289, 739, 954
290, 54, 330
291, 51, 738
292, 435, 652
293, 354, 381
294, 398, 879
295, 221, 866
296, 112, 116
297, 321, 787
298, 27, 800
299, 548, 850
300, 89, 450
301, 536, 669
302, 76, 636
303, 175, 541
304, 405, 794
305, 20, 687
306, 582, 953
307, 762, 930
308, 267, 521
309, 729, 862
310, 309, 622
311, 351, 513
312, 296, 661
313, 327, 751
314, 368, 412
315, 245, 480
316, 568, 890
317, 284, 905
318, 282, 319
319, 13, 976
320, 199, 926
321, 233, 365
322, 8, 251
323, 619, 834
324, 223, 815
325, 873, 919
326, 80, 612
327, 352, 553
328, 261, 462
329, 596, 725
330, 3, 827
331, 49, 703
332, 151, 984
333, 91, 213
334, 57, 766
335, 39, 607
336, 32, 347
337, 581, 710
338, 377, 667
339, 314, 807
340, 19, 144
341, 306, 529
342, 18, 516
343, 288, 460
344, 941, 969
345, 886, 989
346, 125, 991
347, 475, 853
348, 210, 564
349, 130, 524
350, 44, 640
351, 33, 201
352, 472, 626
353, 40, 736
354, 209, 569
355, 248, 479
356, 383, 647
357, 755, 828
358, 135, 701
359, 229, 628
360, 43, 697
361, 205, 322
362, 439, 525
363, 214, 298
364, 313, 488
365, 489, 981
366, 426, 771
367, 567, 938
368, 407, 654
369, 192, 234
370, 353, 528
371, 29, 709
372, 63, 749
373, 643, 881
374, 556, 795
375, 4, 641
376, 122, 157
377, 35, 255
378, 179, 304
379, 580, 955
380, 375, 400
381, 290, 533
382, 391, 616
383, 764, 775
384, 948, 1000
385, 86, 597
386, 329, 388
387, 143, 699
388, 206, 808
389, 390, 839
390, 222, 584
391, 746, 799
392, 46, 504
393, 773, 846
394, 545, 863
395, 163, 602
396, 153, 507
397, 121, 473
398, 441, 711
399, 695, 726
400, 171, 934
401, 574, 974
402, 132, 707
403, 411, 784
404, 396, 413
405, 119, 323
406, 700, 979
407, 59, 289
408, 420, 693
409, 305, 891
410, 79, 885
411, 362, 393
412, 173, 392
413, 770, 869
414, 189, 204
415, 518, 588
416, 575, 917
417, 52, 785
418, 637, 942
419, 621, 727
420, 60, 339
421, 253, 331
422, 759, 889
423, 971, 993
424, 71, 88
425, 312, 761
426, 610, 723
427, 41, 714
428, 31, 754
429, 85, 363
430, 97, 484
431, 129, 250
432, 826, 854
433, 38, 335
434, 451, 502
435, 360, 414
436, 376, 688
437, 817, 951
438, 606, 994
439, 188, 806
440, 259, 295
441, 845, 895
442, 55, 986
443, 232, 833
444, 538, 812
445, 337, 551
446, 149, 876
447, 624, 927
448, 115, 154
449, 146, 469
450, 252, 455
451, 83, 481
452, 498, 925
453, 665, 791
454, 166, 465
455, 614, 649
456, 718, 947
457, 78, 663
458, 169, 350
459, 241, 427
460, 14, 672
461, 466, 823
462, 334, 385
463, 69, 183
464, 28, 897
465, 336, 633
466, 273, 782
467, 53, 344
468, 436, 592
469, 254, 696
470, 585, 910
471, 117, 401
472, 522, 818
473, 421, 831
474, 531, 674
475, 240, 389
476, 573, 682
477, 744, 916
478, 742, 822
479, 303, 923
480, 792, 892
481, 170, 704
482, 299, 631
483, 265, 542
484, 99, 880
485, 17, 371
486, 1, 875
487, 501, 982
488, 244, 532
489, 161, 433
490, 65, 680
491, 549, 972
492, 176, 546
493, 42, 508
494, 211, 893
495, 127, 147
496, 578, 623
497, 431, 509
498, 855, 899
499, 432, 561
500, 256, 902
501, 519, 621
502, 367, 862
503, 126, 845
504, 190, 384
505, 310, 878
506, 293, 904
507, 141, 222
508, 389, 826
509, 9, 859
510, 400, 441
511, 520, 997
512, 30, 173
513, 734, 933
514, 35, 160
515, 44, 176
516, 515, 863
517, 17, 442
518, 150, 330
519, 391, 724
520, 584, 593
521, 327, 429
522, 539, 665
523, 248, 874
524, 767, 979
525, 381, 972
526, 616, 931
527, 338, 571
528, 710, 881
529, 228, 799
530, 753, 991
531, 112, 537
532, 68, 610
533, 235, 467
534, 241, 790
535, 157, 642
536, 147, 958
537, 109, 152
538, 399, 406
539, 162, 818
540, 253, 529
541, 638, 761
542, 227, 766
543, 614, 708
544, 122, 431
545, 603, 952
546, 721, 911
547, 636, 751
548, 454, 491
549, 118, 882
550, 208, 916
551, 544, 775
552, 153, 404
553, 275, 892
554, 82, 528
555, 104, 309
556, 736, 784
557, 744, 851
558, 307, 535
559, 507, 755
560, 273, 720
561, 198, 836
562, 115, 591
563, 371, 941
564, 333, 820
565, 252, 297
566, 534, 877
567, 27, 163
568, 482, 772
569, 693, 914
570, 236, 742
571, 758, 809
572, 4, 968
573, 726, 880
574, 247, 957
575, 196, 413
576, 464, 699
577, 170, 947
578, 325, 939
579, 280, 808
580, 66, 945
581, 641, 946
582, 37, 69
583, 612, 683
584, 99, 611
585, 120, 961
586, 921, 948
587, 263, 816
588, 628, 943
589, 501, 637
590, 29, 148
591, 597, 631
592, 514, 732
593, 91, 218
594, 523, 864
595, 652, 715
596, 142, 649
597, 364, 886
598, 255, 910
599, 623, 823
600, 702, 876
601, 337, 445
602, 110, 503
603, 124, 709
604, 430, 821
605, 74, 567
606, 215, 322
607, 57, 283
608, 408, 803
609, 562, 706
610, 14, 366
611, 343, 747
612, 213, 605
613, 488, 615
614, 383, 822
615, 116, 850
616, 608, 682
617, 230, 944
618, 129, 956
619, 678, 733
620, 382, 595
621, 23, 600
622, 128, 713
623, 254, 827
624, 89, 242
625, 16, 870
626, 626, 667
627, 256, 530
628, 334, 842
629, 32, 998
630, 379, 936
631, 341, 925
632, 5, 294
633, 181, 348
634, 41, 915
635, 47, 669
636, 465, 954
637, 505, 793
638, 806, 867
639, 281, 526
640, 225, 258
641, 265, 329
642, 434, 797
643, 92, 735
644, 53, 319
645, 471, 533
646, 205, 354
647, 889, 989
648, 121, 185
649, 657, 675
650, 26, 950
651, 340, 417
652, 423, 801
653, 7, 132
654, 292, 300
655, 266, 375
656, 143, 976
657, 317, 658
658, 607, 856
659, 372, 810
660, 353, 835
661, 479, 765
662, 676, 865
663, 219, 220
664, 149, 774
665, 114, 262
666, 386, 898
667, 490, 495
668, 730, 831
669, 339, 995
670, 123, 929
671, 738, 934
672, 274, 714
673, 361, 728
674, 487, 999
675, 154, 286
676, 569, 756
677, 161, 358
678, 511, 577
679, 296, 718
680, 328, 905
681, 363, 525
682, 134, 202
683, 344, 782
684, 234, 833
685, 192, 299
686, 485, 888
687, 243, 695
688, 20, 432
689, 58, 771
690, 15, 145
691, 425, 557
692, 712, 748
693, 194, 362
694, 558, 912
695, 304, 312
696, 685, 980
697, 55, 707
698, 191, 776
699, 18, 451
700, 440, 978
701, 86, 893
702, 783, 788
703, 250, 546
704, 210, 757
705, 555, 967
706, 635, 786
707, 287, 815
708, 33, 342
709, 840, 894
710, 630, 858
711, 575, 700
712, 199, 903
713, 21, 785
714, 412, 473
715, 759, 902
716, 418, 861
717, 291, 620
718, 217, 385
719, 924, 971
720, 416, 768
721, 369, 568
722, 140, 580
723, 100, 688
724, 588, 875
725, 303, 435
726, 390, 653
727, 38, 177
728, 284, 288
729, 282, 780
730, 28, 698
731, 107, 966
732, 48, 697
733, 77, 795
734, 388, 719
735, 88, 95
736, 40, 639
737, 166, 942
738, 108, 368
739, 251, 839
740, 285, 953
741, 483, 647
742, 78, 306
743, 563, 824
744, 443, 531
745, 214, 838
746, 11, 602
747, 238, 398
748, 138, 336
749, 447, 677
750, 427, 849
751, 144, 723
752, 278, 324
753, 158, 666
754, 410, 542
755, 179, 478
756, 496, 983
757, 619, 955
758, 812, 927
759, 548, 598
760, 618, 974
761, 135, 509
762, 403, 746
763, 49, 65
764, 34, 405
765, 117, 497
766, 106, 992
767, 51, 564
768, 133, 654
769, 407, 590
770, 1, 492
771, 517, 566
772, 807, 975
773, 193, 394
774, 458, 866
775, 12, 518
776, 36, 402
777, 103, 814
778, 847, 908
779, 335, 996
780, 727, 935
781, 59, 900
782, 2, 500
783, 231, 640
784, 22, 633
785, 661, 792
786, 424, 805
787, 136, 204
788, 239, 844
789, 444, 508
790, 813, 962
791, 450, 609
792, 377, 477
793, 146, 233
794, 740, 837
795, 24, 846
796, 302, 832
797, 687, 750
798, 674, 731
799, 331, 565
800, 165, 895
801, 351, 791
802, 749, 964
803, 668, 985
804, 63, 741
805, 716, 969
806, 237, 504
807, 268, 532
808, 468, 917
809, 221, 453
810, 624, 701
811, 513, 770
812, 582, 951
813, 422, 560
814, 323, 906
815, 127, 737
816, 604, 673
817, 684, 717
818, 76, 356
819, 452, 606
820, 552, 829
821, 541, 670
822, 420, 578
823, 6, 182
824, 573, 970
825, 8, 365
826, 105, 232
827, 295, 475
828, 54, 171
829, 301, 959
830, 378, 777
831, 574, 625
832, 10, 993
833, 125, 692
834, 271, 879
835, 178, 276
836, 345, 764
837, 316, 779
838, 130, 189
839, 476, 576
840, 172, 313
841, 270, 645
842, 19, 897
843, 349, 510
844, 686, 963
845, 64, 409
846, 61, 960
847, 175, 499
848, 694, 990
849, 56, 592
850, 419, 932
851, 414, 973
852, 521, 965
853, 355, 493
854, 272, 289
855, 438, 778
856, 119, 745
857, 380, 899
858, 260, 704
859, 556, 773
860, 681, 789
861, 516, 896
862, 72, 462
863, 203, 460
864, 470, 918
865, 209, 690
866, 229, 522
867, 305, 982
868, 267, 938
869, 52, 1000
870, 656, 930
871, 102, 885
872, 79, 622
873, 46, 502
874, 401, 650
875, 352, 871
876, 357, 672
877, 207, 240
878, 98, 705
879, 159, 551
880, 446, 570
881, 290, 370
882, 376, 646
883, 315, 729
884, 561, 901
885, 481, 920
886, 84, 437
887, 484, 596
888, 67, 308
889, 489, 572
890, 547, 928
891, 90, 226
892, 689, 819
893, 206, 981
894, 373, 937
895, 433, 512
896, 257, 415
897, 655, 883
898, 691, 949
899, 43, 277
900, 80, 802
901, 393, 456
902, 85, 581
903, 101, 184
904, 524, 986
905, 269, 762
906, 486, 855
907, 538, 873
908, 131, 259
909, 73, 651
910, 318, 860
911, 825, 830
912, 469, 725
913, 45, 671
914, 540, 869
915, 763, 841
916, 139, 397
917, 279, 347
918, 71, 249
919, 245, 919
920, 350, 395
921, 680, 854
922, 459, 461
923, 264, 853
924, 42, 907
925, 96, 246
926, 421, 857
927, 332, 360
928, 711, 926
929, 75, 648
930, 448, 662
931, 137, 550
932, 663, 834
933, 113, 396
934, 93, 817
935, 223, 585
936, 94, 752
937, 87, 994
938, 411, 426
939, 374, 743
940, 13, 543
941, 174, 909
942, 627, 769
943, 594, 872
944, 25, 599
945, 387, 868
946, 314, 589
947, 739, 798
948, 186, 244
949, 587, 629
950, 554, 988
951, 457, 527
952, 167, 794
953, 31, 586
954, 97, 545
955, 466, 804
956, 201, 449
957, 50, 311
958, 81, 392
959, 60, 579
960, 781, 852
961, 70, 183
962, 216, 436
963, 617, 843
964, 3, 169
965, 506, 887
966, 536, 890
967, 83, 559
968, 474, 987
969, 601, 848
970, 643, 922
971, 583, 828
972, 760, 940
973, 62, 463
974, 212, 913
975, 800, 811
976, 39, 613
977, 200, 984
978, 211, 923
979, 156, 703
980, 632, 796
981, 180, 884
982, 188, 326
983, 111, 634
984, 428, 696
985, 549, 664
986, 320, 553
987, 754, 891
988, 472, 659
989, 346, 977
990, 187, 359
991, 151, 480
992, 261, 660
993, 197, 494
994, 168, 644
995, 164, 298
996, 439, 679
997, 224, 787
998, 321, 498
999, 155, 195
1000, 455, 722
1001, 302, 404
1002, 196, 551
1003, 471, 979
1004, 19, 720
1005, 566, 944
1006, 61, 885
1007, 753, 1000
1008, 265, 318
1009, 329, 536
1010, 179, 340
1011, 379, 991
1012, 675, 969
1013, 400, 978
1014, 541, 546
1015, 155, 645
1016, 141, 692
1017, 33, 214
1018, 431, 591
1019, 168, 335
1020, 456, 586
1021, 162, 290
1022, 790, 815
1023, 647, 745
1024, 223, 476
1025, 342, 521
1026, 91, 354
1027, 578, 825
1028, 213, 705
1029, 31, 557
1030, 27, 782
1031, 621, 812
1032, 13, 593
1033, 759, 852
1034, 499, 909
1035, 423, 429
1036, 855, 938
1037, 138, 500
1038, 564, 906
1039, 801, 860
1040, 252, 929
1041, 649, 673
1042, 684, 905
1043, 426, 607
1044, 197, 283
1045, 612, 655
1046, 496, 779
1047, 121, 584
1048, 528, 854
1049, 78, 248
1050, 124, 305
1051, 181, 477
1052, 674, 732
1053, 202, 352
1054, 50, 492
1055, 216, 954
1056, 205, 786
1057, 469, 913
1058, 148, 770
1059, 221, 371
1060, 255, 686
1061, 49, 174
1062, 384, 421
1063, 53, 639
1064, 588, 606
1065, 386, 657
1066, 180, 682
1067, 615, 781
1068, 475, 904
1069, 312, 877
1070, 60, 108
1071, 123, 771
1072, 478, 538
1073, 394, 642
1074, 428, 795
1075, 164, 618
1076, 459, 925
1077, 382, 858
1078, 17, 754
1079, 71, 118
1080, 94, 251
1081, 437, 671
1082, 624, 837
1083, 62, 190
1084, 127, 380
1085, 260, 474
1086, 356, 972
1087, 157, 489
1088, 447, 803
1089, 350, 687
1090, 6, 733
1091, 16, 896
1092, 568, 741
1093, 273, 473
1094, 195, 247
1095, 92, 347
1096, 70, 488
1097, 10, 490
1098, 304, 377
1099, 622, 752
1100, 806, 856
1101, 87, 150
1102, 311, 874
1103, 7, 695
1104, 585, 646
1105, 256, 519
1106, 219, 933
1107, 730, 952
1108, 876, 907
1109, 201, 619
1110, 320, 558
1111, 23, 163
1112, 160, 288
1113, 47, 688
1114, 246, 704
1115, 134, 808
1116, 706, 838
1117, 75, 799
1118, 182, 823
1119, 74, 450
1120, 498, 540
1121, 794, 872
1122, 12, 261
1123, 241, 945
1124, 129, 992
1125, 139, 319
1126, 807, 984
1127, 88, 187
1128, 369, 875
1129, 331, 432
1130, 527, 928
1131, 360, 373
1132, 82, 869
1133, 425, 805
1134, 418, 921
1135, 506, 717
1136, 192, 691
1137, 729, 757
1138, 408, 943
1139, 397, 912
1140, 766, 923
1141, 917, 957
1142, 38, 48
1143, 32, 738
1144, 458, 716
1145, 272, 391
1146, 242, 937
1147, 334, 784
1148, 330, 981
1149, 11, 669
1150, 112, 126
1151, 37, 570
1152, 462, 851
1153, 222, 949
1154, 83, 798
1155, 470, 793
1156, 660, 712
1157, 651, 703
1158, 341, 836
1159, 137, 143
1160, 590, 953
1161, 595, 748
1162, 524, 531
1163, 445, 542
1164, 103, 467
1165, 67, 237
1166, 689, 848
1167, 461, 696
1168, 363, 936
1169, 328, 505
1170, 736, 908
1171, 574, 946
1172, 167, 664
1173, 722, 931
1174, 310, 625
1175, 3, 274
1176, 105, 393
1177, 627, 819
1178, 39, 644
1179, 296, 965
1180, 702, 902
1181, 194, 964
1182, 631, 828
1183, 211, 761
1184, 228, 532
1185, 169, 569
1186, 218, 560
1187, 406, 724
1188, 613, 878
1189, 281, 512
1190, 1, 839
1191, 96, 977
1192, 73, 236
1193, 259, 814
1194, 723, 816
1195, 279, 746
1196, 756, 889
1197, 254, 900
1198, 297, 710
1199, 42, 734
1200, 453, 553
1201, 244, 643
1202, 486, 897
1203, 267, 443
1204, 189, 472
1205, 206, 667
1206, 626, 680
1207, 317, 336
1208, 85, 859
1209, 525, 990
1210, 577, 764
1211, 95, 116
1212, 390, 988
1213, 29, 451
1214, 34, 533
1215, 355, 873
1216, 86, 628
1217, 145, 343
1218, 485, 575
1219, 402, 901
1220, 30, 884
1221, 376, 601
1222, 563, 804
1223, 818, 961
1224, 810, 910
1225, 481, 843
1226, 351, 392
1227, 517, 550
1228, 217, 511
1229, 424, 640
1230, 81, 487
1231, 537, 898
1232, 556, 865
1233, 142, 383
1234, 294, 713
1235, 480, 835
1236, 372, 509
1237, 436, 629
1238, 191, 911
1239, 633, 773
1240, 410, 886
1241, 623, 935
1242, 120, 161
1243, 227, 800
1244, 530, 768
1245, 587, 597
1246, 90, 958
1247, 529, 827
1248, 434, 999
1249, 104, 666
1250, 258, 951
1251, 125, 919
1252, 367, 602
1253, 57, 635
1254, 338, 545
1255, 8, 326
1256, 313, 637
1257, 327, 966
1258, 22, 787
1259, 144, 349
1260, 89, 323
1261, 668, 765
1262, 63, 707
1263, 679, 699
1264, 276, 346
1265, 460, 822
1266, 21, 409
1267, 268, 840
1268, 238, 468
1269, 43, 520
1270, 719, 879
1271, 287, 888
1272, 35, 758
1273, 59, 737
1274, 212, 821
1275, 80, 947
1276, 411, 942
1277, 66, 708
1278, 128, 846
1279, 353, 731
1280, 52, 834
1281, 427, 989
1282, 580, 776
1283, 547, 941
1284, 785, 894
1285, 220, 711
1286, 403, 747
1287, 638, 915
1288, 185, 986
1289, 240, 275
1290, 887, 930
1291, 14, 235
1292, 307, 690
1293, 366, 583
1294, 465, 516
1295, 504, 740
1296, 159, 685
1297, 665, 895
1298, 56, 544
1299, 263, 755
1300, 122, 650
1301, 172, 582
1302, 209, 976
1303, 106, 980
1304, 97, 715
1305, 417, 611
1306, 230, 797
1307, 592, 857
1308, 18, 303
1309, 149, 559
1310, 285, 494
1311, 199, 250
1312, 295, 948
1313, 518, 950
1314, 697, 744
1315, 891, 955
1316, 608, 971
1317, 572, 662
1318, 69, 77
1319, 672, 863
1320, 170, 769
1321, 339, 830
1322, 364, 881
1323, 332, 449
1324, 158, 899
1325, 165, 316
1326, 632, 962
1327, 780, 811
1328, 610, 653
1329, 314, 510
1330, 375, 508
1331, 385, 760
1332, 207, 452
1333, 463, 535
1334, 573, 721
1335, 522, 995
1336, 413, 616
1337, 51, 388
1338, 576, 903
1339, 362, 916
1340, 345, 357
1341, 131, 370
1342, 548, 824
1343, 368, 714
1344, 65, 359
1345, 308, 802
1346, 4, 871
1347, 269, 973
1348, 271, 998
1349, 286, 479
1350, 25, 381
1351, 140, 594
1352, 154, 604
1353, 398, 581
1354, 502, 791
1355, 152, 407
1356, 694, 792
1357, 176, 849
1358, 344, 507
1359, 231, 442
1360, 226, 920
1361, 817, 996
1362, 115, 940
1363, 117, 278
1364, 178, 985
1365, 396, 868
1366, 232, 552
1367, 727, 777
1368, 842, 926
1369, 28, 549
1370, 420, 466
1371, 55, 270
1372, 513, 599
1373, 132, 448
1374, 173, 820
1375, 412, 789
1376, 282, 763
1377, 100, 659
1378, 136, 963
1379, 198, 539
1380, 153, 405
1381, 253, 567
1382, 249, 433
1383, 709, 922
1384, 300, 444
1385, 401, 890
1386, 110, 306
1387, 441, 743
1388, 210, 932
1389, 378, 862
1390, 146, 374
1391, 293, 735
1392, 188, 956
1393, 109, 994
1394, 245, 774
1395, 652, 861
1396, 101, 440
1397, 829, 892
1398, 58, 84
1399, 239, 676
1400, 491, 993
1401, 514, 959
1402, 151, 571
1403, 203, 483
1404, 40, 678
1405, 9, 399
1406, 41, 229
1407, 15, 200
1408, 634, 663
1409, 184, 718
1410, 68, 853
1411, 277, 693
1412, 208, 841
1413, 36, 503
1414, 457, 918
1415, 114, 204
1416, 534, 772
1417, 26, 46
1418, 175, 482
1419, 79, 970
1420, 321, 893
1421, 589, 609
1422, 93, 845
1423, 299, 387
1424, 438, 561
1425, 826, 832
1426, 495, 677
1427, 788, 882
1428, 422, 778
1429, 291, 750
1430, 446, 630
1431, 617, 924
1432, 130, 193
1433, 523, 661
1434, 119, 555
1435, 543, 997
1436, 389, 603
1437, 133, 934
1438, 5, 968
1439, 726, 866
1440, 325, 864
1441, 44, 725
1442, 72, 298
1443, 605, 614
1444, 76, 171
1445, 292, 975
1446, 264, 813
1447, 598, 658
1448, 262, 454
1449, 166, 266
1450, 416, 767
1451, 562, 974
1452, 113, 670
1453, 742, 960
1454, 2, 656
1455, 365, 439
1456, 348, 620
1457, 280, 728
1458, 301, 939
1459, 751, 870
1460, 54, 701
1461, 177, 749
1462, 681, 698
1463, 107, 554
1464, 224, 234
1465, 24, 337
1466, 225, 358
1467, 289, 847
1468, 497, 982
1469, 215, 700
1470, 430, 565
1471, 526, 967
1472, 415, 636
1473, 484, 683
1474, 309, 419
1475, 515, 927
1476, 600, 850
1477, 395, 435
1478, 579, 883
1479, 98, 361
1480, 183, 914
1481, 315, 762
1482, 111, 414
1483, 20, 833
1484, 284, 983
1485, 147, 987
1486, 455, 464
1487, 501, 867
1488, 243, 648
1489, 99, 324
1490, 233, 322
1491, 45, 831
1492, 102, 333
1493, 493, 844
1494, 64, 135
1495, 156, 809
1496, 186, 775
1497, 654, 739
1498, 641, 796
1499, 783, 880
1500, 257, 596
1501, 298, 324
1502, 121, 576
1503, 384, 937
1504, 650, 894
1505, 753, 945
1506, 137, 379
1507, 419, 824
1508, 130, 420
1509, 713, 866
1510, 164, 374
1511, 264, 811
1512, 109, 979
1513, 185, 771
1514, 232, 385
1515, 896, 931
1516, 180, 509
1517, 551, 571
1518, 247, 687
1519, 235, 848
1520, 237, 426
1521, 416, 892
1522, 450, 654
1523, 514, 592
1524, 65, 587
1525, 467, 678
1526, 17, 648
1527, 314, 632
1528, 279, 798
1529, 665, 820
1530, 485, 817
1531, 396, 986
1532, 159, 709
1533, 690, 909
1534, 721, 913
1535, 31, 639
1536, 96, 865
1537, 219, 679
1538, 2, 723
1539, 799, 857
1540, 112, 476
1541, 248, 614
1542, 547, 969
1543, 81, 822
1544, 177, 638
1545, 769, 849
1546, 75, 269
1547, 376, 628
1548, 572, 594
1549, 624, 714
1550, 72, 142
1551, 74, 445
1552, 757, 981
1553, 233, 808
1554, 578, 590
1555, 118, 606
1556, 63, 959
1557, 101, 719
1558, 446, 681
1559, 801, 898
1560, 267, 775
1561, 85, 997
1562, 119, 939
1563, 32, 134
1564, 78, 473
1565, 352, 398
1566, 980, 996
1567, 351, 422
1568, 748, 755
1569, 91, 876
1570, 199, 382
1571, 239, 457
1572, 41, 579
1573, 456, 564
1574, 313, 699
1575, 253, 810
1576, 356, 987
1577, 25, 874
1578, 670, 935
1579, 218, 526
1580, 389, 558
1581, 345, 364
1582, 454, 683
1583, 548, 990
1584, 192, 611
1585, 99, 166
1586, 97, 816
1587, 676, 743
1588, 312, 688
1589, 106, 538
1590, 73, 885
1591, 883, 921
1592, 357, 815
1593, 315, 546
1594, 363, 696
1595, 198, 348
1596, 333, 601
1597, 722, 870
1598, 442, 706
1599, 208, 358
1600, 145, 553
1601, 136, 742
1602, 412, 673
1603, 460, 812
1604, 340, 663
1605, 784, 805
1606, 501, 962
1607, 61, 704
1608, 619, 952
1609, 508, 707
1610, 540, 783
1611, 95, 604
1612, 56, 533
1613, 160, 868
1614, 655, 701
1615, 151, 228
1616, 225, 764
1617, 117, 487
1618, 536, 891
1619, 539, 963
1620, 158, 846
1621, 418, 958
1622, 28, 375
1623, 246, 669
1624, 656, 738
1625, 71, 695
1626, 616, 844
1627, 5, 661
1628, 666, 667
1629, 11, 972
1630, 522, 942
1631, 623, 929
1632, 685, 899
1633, 86, 999
1634, 8, 440
1635, 516, 550
1636, 69, 697
1637, 107, 975
1638, 378, 977
1639, 574, 973
1640, 68, 763
1641, 618, 881
1642, 544, 677
1643, 90, 507
1644, 659, 960
1645, 273, 835
1646, 43, 230
1647, 53, 277
1648, 610, 795
1649, 836, 888
1650, 311, 387
1651, 513, 591
1652, 34, 105
1653, 629, 880
1654, 100, 525
1655, 791, 1000
1656, 621, 672
1657, 148, 642
1658, 245, 252
1659, 220, 511
1660, 144, 739
1661, 469, 715
1662, 842, 916
1663, 77, 588
1664, 455, 530
1665, 221, 321
1666, 124, 361
1667, 265, 737
1668, 297, 974
1669, 128, 432
1670, 102, 747
1671, 484, 716
1672, 182, 927
1673, 44, 439
1674, 444, 886
1675, 290, 749
1676, 406, 797
1677, 877, 878
1678, 27, 641
1679, 111, 429
1680, 189, 765
1681, 827, 855
1682, 466, 933
1683, 184, 635
1684, 200, 477
1685, 438, 608
1686, 39, 589
1687, 407, 433
1688, 229, 983
1689, 326, 978
1690, 307, 482
1691, 168, 785
1692, 498, 781
1693, 108, 732
1694, 346, 904
1695, 83, 529
1696, 520, 717
1697, 401, 411
1698, 534, 932
1699, 6, 776
1700, 120, 430
1701, 174, 750
1702, 542, 946
1703, 255, 792
1704, 343, 915
1705, 55, 936
1706, 634, 689
1707, 30, 66
1708, 260, 821
1709, 176, 918
1710, 447, 711
1711, 955, 989
1712, 162, 819
1713, 93, 400
1714, 47, 236
1715, 52, 318
1716, 391, 459
1717, 193, 948
1718, 510, 603
1719, 724, 911
1720, 322, 569
1721, 521, 806
1722, 10, 138
1723, 436, 992
1724, 335, 560
1725, 555, 943
1726, 211, 949
1727, 582, 698
1728, 299, 462
1729, 181, 543
1730, 212, 388
1731, 585, 928
1732, 205, 222
1733, 282, 746
1734, 42, 646
1735, 281, 938
1736, 13, 300
1737, 82, 761
1738, 18, 804
1739, 631, 744
1740, 545, 702
1741, 287, 912
1742, 890, 926
1743, 261, 793
1744, 884, 957
1745, 505, 790
1746, 405, 770
1747, 397, 675
1748, 435, 512
1749, 496, 879
1750, 794, 837
1751, 19, 615
1752, 116, 491
1753, 89, 503
1754, 733, 902
1755, 556, 984
1756, 231, 818
1757, 46, 464
1758, 383, 875
1759, 70, 276
1760, 67, 850
1761, 353, 652
1762, 336, 766
1763, 320, 869
1764, 362, 612
1765, 37, 280
1766, 599, 889
1767, 316, 523
1768, 250, 966
1769, 286, 327
1770, 873, 940
1771, 471, 597
1772, 49, 169
1773, 241, 731
1774, 270, 609
1775, 188, 409
1776, 304, 319
1777, 7, 244
1778, 323, 394
1779, 506, 664
1780, 486, 845
1781, 658, 760
1782, 694, 813
1783, 154, 251
1784, 472, 756
1785, 80, 577
1786, 23, 404
1787, 226, 371
1788, 567, 703
1789, 622, 692
1790, 171, 518
1791, 16, 712
1792, 50, 705
1793, 35, 369
1794, 408, 463
1795, 830, 861
1796, 262, 403
1797, 807, 851
1798, 217, 566
1799, 59, 207
1800, 581, 965
1801, 441, 919
1802, 288, 291
1803, 372, 826
1804, 283, 475
1805, 392, 410
1806, 204, 360
1807, 515, 773
1808, 293, 691
1809, 368, 910
1810, 240, 390
1811, 800, 924
1812, 87, 344
1813, 289, 871
1814, 242, 330
1815, 284, 627
1816, 774, 786
1817, 224, 941
1818, 14, 858
1819, 152, 825
1820, 258, 480
1821, 474, 494
1822, 103, 607
1823, 274, 402
1824, 132, 788
1825, 9, 194
1826, 173, 682
1827, 57, 167
1828, 583, 834
1829, 110, 726
1830, 674, 993
1831, 24, 708
1832, 296, 373
1833, 191, 814
1834, 424, 630
1835, 431, 903
1836, 595, 867
1837, 143, 906
1838, 115, 196
1839, 754, 856
1840, 40, 768
1841, 26, 367
1842, 332, 565
1843, 153, 206
1844, 349, 700
1845, 882, 967
1846, 488, 562
1847, 535, 950
1848, 838, 964
1849, 1, 740
1850, 831, 908
1851, 342, 563
1852, 238, 832
1853, 254, 395
1854, 381, 789
1855, 787, 860
1856, 728, 782
1857, 355, 365
1858, 4, 947
1859, 377, 780
1860, 517, 778
1861, 479, 499
1862, 489, 751
1863, 88, 317
1864, 38, 671
1865, 45, 427
1866, 275, 443
1867, 736, 796
1868, 465, 839
1869, 651, 767
1870, 779, 823
1871, 366, 620
1872, 209, 573
1873, 141, 415
1874, 308, 596
1875, 531, 828
1876, 613, 640
1877, 863, 923
1878, 905, 934
1879, 3, 350
1880, 21, 301
1881, 127, 417
1882, 554, 626
1883, 268, 741
1884, 203, 215
1885, 263, 991
1886, 249, 532
1887, 257, 710
1888, 448, 495
1889, 259, 339
1890, 380, 994
1891, 15, 334
1892, 36, 519
1893, 309, 893
1894, 223, 421
1895, 537, 602
1896, 461, 900
1897, 234, 414
1898, 195, 995
1899, 210, 968
1900, 20, 92
1901, 84, 125
1902, 104, 961
1903, 266, 337
1904, 580, 662
1905, 643, 668
1906, 187, 772
1907, 872, 985
1908, 549, 647
1909, 285, 524
1910, 483, 758
1911, 48, 129
1912, 451, 561
1913, 680, 833
1914, 201, 843
1915, 186, 393
1916, 809, 971
1917, 183, 278
1918, 271, 437
1919, 720, 922
1920, 122, 570
1921, 131, 853
1922, 493, 998
1923, 370, 434
1924, 161, 303
1925, 214, 490
1926, 452, 895
1927, 500, 730
1928, 557, 653
1929, 227, 840
1930, 803, 944
1931, 458, 552
1932, 453, 859
1933, 165, 310
1934, 94, 425
1935, 123, 907
1936, 559, 897
1937, 951, 954
1938, 51, 497
1939, 718, 854
1940, 33, 295
1941, 294, 852
1942, 156, 605
1943, 178, 759
1944, 645, 829
1945, 625, 841
1946, 22, 636
1947, 62, 243
1948, 216, 528
1949, 197, 584
1950, 170, 752
1951, 172, 976
1952, 58, 292
1953, 901, 914
1954, 762, 982
1955, 686, 745
1956, 163, 575
1957, 399, 423
1958, 139, 190
1959, 147, 272
1960, 126, 179
1961, 79, 734
1962, 114, 302
1963, 586, 693
1964, 325, 930
1965, 202, 600
1966, 413, 684
1967, 60, 155
1968, 157, 478
1969, 150, 637
1970, 146, 527
1971, 468, 657
1972, 568, 777
1973, 54, 140
1974, 953, 970
1975, 470, 862
1976, 306, 347
1977, 12, 847
1978, 329, 428
1979, 492, 925
1980, 113, 920
1981, 29, 135
1982, 213, 481
1983, 449, 502
1984, 802, 956
1985, 331, 644
1986, 504, 864
1987, 593, 887
1988, 64, 359
1989, 256, 649
1990, 725, 729
1991, 133, 617
1992, 541, 660
1993, 149, 988
1994, 305, 735
1995, 338, 341
1996, 76, 354
1997, 598, 727
1998, 328, 917
1999, 98, 633
2000, 175, 386
2001, 292, 849
2002, 385, 841
2003, 265, 986
2004, 307, 544
2005, 323, 923
2006, 14, 324
2007, 327, 613
2008, 606, 824
2009, 69, 970
2010, 256, 419
2011, 538, 622
2012, 427, 944
2013, 82, 107
2014, 333, 420
2015, 940, 948
2016, 220, 330
2017, 293, 475
2018, 18, 833
2019, 480, 532
2020, 239, 380
2021, 205, 826
2022, 316, 837
2023, 149, 609
2024, 959, 972
2025, 111, 325
2026, 15, 222
2027, 941, 958
2028, 734, 776
2029, 198, 436
2030, 255, 963
2031, 759, 999
2032, 474, 839
2033, 460, 663
2034, 503, 788
2035, 204, 817
2036, 657, 951
2037, 141, 967
2038, 481, 868
2039, 114, 208
2040, 363, 698
2041, 232, 991
2042, 261, 896
2043, 914, 982
2044, 310, 894
2045, 121, 223
2046, 379, 537
2047, 512, 625
2048, 639, 715
2049, 587, 711
2050, 72, 740
2051, 367, 851
2052, 124, 163
2053, 156, 167
2054, 132, 288
2055, 7, 656
2056, 4, 848
2057, 665, 978
2058, 68, 245
2059, 33, 502
2060, 719, 806
2061, 572, 702
2062, 274, 303
2063, 728, 872
2064, 311, 664
2065, 51, 862
2066, 154, 334
2067, 213, 490
2068, 432, 731
2069, 26, 762
2070, 547, 691
2071, 238, 615
2072, 854, 977
2073, 252, 559
2074, 800, 953
2075, 129, 878
2076, 624, 853
2077, 945, 975
2078, 522, 987
2079, 77, 937
2080, 473, 913
2081, 637, 757
2082, 712, 773
2083, 534, 897
2084, 627, 781
2085, 652, 679
2086, 453, 687
2087, 377, 514
2088, 746, 780
2089, 341, 882
2090, 577, 995
2091, 394, 650
2092, 67, 564
2093, 140, 993
2094, 88, 760
2095, 151, 554
2096, 348, 823
2097, 235, 724
2098, 725, 919
2099, 8, 130
2100, 328, 524
2101, 381, 815
2102, 183, 369
2103, 801, 971
2104, 113, 281
2105, 461, 553
2106, 278, 675
2107, 400, 590
2108, 563, 744
2109, 116, 495
2110, 520, 660
2111, 17, 23
2112, 421, 686
2113, 24, 701
2114, 31, 283
2115, 282, 496
2116, 411, 822
2117, 34, 372
2118, 210, 926
2119, 29, 199
2120, 38, 748
2121, 221, 560
2122, 593, 900
2123, 290, 716
2124, 93, 237
2125, 269, 384
2126, 285, 499
2127, 354, 462
2128, 433, 876
2129, 452, 721
2130, 736, 778
2131, 193, 562
2132, 417, 771
2133, 355, 618
2134, 43, 918
2135, 567, 641
2136, 703, 909
2137, 423, 915
2138, 241, 865
2139, 115, 309
2140, 166, 589
2141, 169, 803
2142, 188, 526
2143, 228, 902
2144, 500, 506
2145, 782, 960
2146, 100, 509
2147, 678, 816
2148, 891, 950
2149, 515, 805
2150, 527, 591
2151, 212, 566
2152, 249, 551
2153, 391, 885
2154, 291, 368
2155, 596, 614
2156, 236, 357
2157, 90, 787
2158, 569, 869
2159, 344, 739
2160, 85, 655
2161, 94, 576
2162, 5, 486
2163, 548, 670
2164, 104, 628
2165, 647, 766
2166, 125, 518
2167, 251, 821
2168, 174, 264
2169, 160, 165
2170, 214, 612
2171, 530, 847
2172, 893, 988
2173, 60, 101
2174, 168, 819
2175, 127, 829
2176, 181, 254
2177, 634, 858
2178, 47, 191
2179, 388, 921
2180, 611, 717
2181, 790, 871
2182, 133, 765
2183, 709, 758
2184, 302, 409
2185, 11, 297
2186, 200, 961
2187, 936, 949
2188, 319, 749
2189, 185, 536
2190, 454, 980
2191, 89, 942
2192, 98, 774
2193, 99, 533
2194, 718, 775
2195, 557, 770
2196, 332, 700
2197, 172, 890
2198, 505, 798
2199, 6, 485
2200, 76, 373
2201, 79, 888
2202, 180, 690
2203, 53, 729
2204, 162, 957
2205, 126, 361
2206, 477, 996
2207, 466, 668
2208, 464, 855
2209, 206, 426
2210, 407, 601
2211, 226, 645
2212, 190, 912
2213, 430, 722
2214, 142, 306
2215, 359, 501
2216, 171, 895
2217, 531, 784
2218, 783, 850
2219, 434, 904
2220, 87, 561
2221, 371, 907
2222, 1, 42
2223, 54, 873
2224, 397, 968
2225, 74, 727
2226, 523, 568
2227, 138, 786
2228, 521, 570
2229, 25, 621
2230, 658, 842
2231, 410, 424
2232, 102, 692
2233, 705, 745
2234, 451, 672
2235, 441, 545
2236, 173, 795
2237, 259, 444
2238, 27, 828
2239, 329, 832
2240, 680, 825
2241, 659, 846
2242, 62, 247
2243, 272, 317
2244, 767, 956
2245, 103, 989
2246, 308, 331
2247, 529, 604
2248, 414, 666
2249, 184, 455
2250, 108, 242
2251, 117, 356
2252, 662, 917
2253, 189, 207
2254, 144, 818
2255, 131, 339
2256, 22, 313
2257, 492, 540
2258, 342, 713
2259, 276, 684
2260, 70, 901
2261, 299, 640
2262, 314, 375
2263, 516, 592
2264, 578, 852
2265, 685, 704
2266, 227, 892
2267, 194, 300
2268, 404, 585
2269, 258, 750
2270, 211, 875
2271, 187, 747
2272, 653, 814
2273, 106, 779
2274, 128, 275
2275, 20, 425
2276, 137, 392
2277, 64, 543
2278, 387, 406
2279, 61, 844
2280, 401, 412
2281, 440, 946
2282, 343, 910
2283, 528, 688
2284, 294, 932
2285, 289, 429
2286, 378, 431
2287, 230, 835
2288, 279, 364
2289, 267, 470
2290, 693, 799
2291, 268, 884
2292, 556, 708
2293, 494, 979
2294, 616, 677
2295, 123, 883
2296, 122, 457
2297, 153, 322
2298, 812, 845
2299, 304, 542
2300, 161, 635
2301, 695, 924
2302, 439, 935
2303, 120, 785
2304, 52, 405
2305, 629, 998
2306, 472, 671
2307, 376, 981
2308, 45, 730
2309, 44, 931
2310, 489, 584
2311, 97, 1000
2312, 390, 969
2313, 30, 366
2314, 402, 599
2315, 59, 78
2316, 602, 811
2317, 40, 753
2318, 633, 864
2319, 63, 927
2320, 196, 287
2321, 336, 654
2322, 413, 541
2323, 177, 209
2324, 487, 791
2325, 65, 135
2326, 925, 930
2327, 41, 445
2328, 435, 467
2329, 382, 720
2330, 320, 620
2331, 159, 519
2332, 326, 836
2333, 353, 796
2334, 50, 813
2335, 229, 352
2336, 689, 965
2337, 175, 761
2338, 482, 583
2339, 535, 966
2340, 36, 202
2341, 422, 468
2342, 447, 595
2343, 458, 605
2344, 186, 295
2345, 21, 600
2346, 438, 571
2347, 145, 810
2348, 764, 916
2349, 450, 723
2350, 10, 649
2351, 203, 636
2352, 733, 866
2353, 623, 673
2354, 619, 674
2355, 150, 874
2356, 28, 148
2357, 415, 644
2358, 442, 607
2359, 81, 699
2360, 525, 754
2361, 231, 360
2362, 830, 877
2363, 349, 555
2364, 96, 456
2365, 755, 879
2366, 95, 215
2367, 248, 648
2368, 340, 827
2369, 270, 350
2370, 246, 794
2371, 737, 905
2372, 71, 459
2373, 511, 580
2374, 484, 898
2375, 476, 694
2376, 437, 710
2377, 49, 743
2378, 312, 756
2379, 16, 763
2380, 182, 856
2381, 793, 886
2382, 195, 603
2383, 395, 443
2384, 626, 682
2385, 58, 889
2386, 478, 549
2387, 741, 768
2388, 298, 365
2389, 19, 943
2390, 110, 661
2391, 39, 56
2392, 243, 676
2393, 631, 667
2394, 714, 859
2395, 588, 651
2396, 178, 463
2397, 448, 992
2398, 109, 804
2399, 345, 994
2400, 809, 838
2401, 139, 219
2402, 216, 449
2403, 517, 646
2404, 305, 906
2405, 508, 726
2406, 158, 483
2407, 351, 732
2408, 170, 257
2409, 75, 386
2410, 418, 964
2411, 13, 983
2412, 807, 863
2413, 346, 398
2414, 118, 362
2415, 315, 428
2416, 46, 253
2417, 73, 772
2418, 146, 266
2419, 179, 610
2420, 403, 469
2421, 321, 617
2422, 479, 769
2423, 244, 870
2424, 347, 393
2425, 408, 493
2426, 446, 831
2427, 789, 857
2428, 504, 947
2429, 83, 840
2430, 84, 416
2431, 86, 301
2432, 134, 880
2433, 933, 954
2434, 271, 399
2435, 152, 638
2436, 217, 546
2437, 632, 867
2438, 35, 201
2439, 92, 820
2440, 558, 752
2441, 218, 939
2442, 465, 608
2443, 861, 928
2444, 575, 579
2445, 157, 973
2446, 338, 630
2447, 358, 597
2448, 3, 934
2449, 176, 683
2450, 389, 922
2451, 9, 396
2452, 2, 80
2453, 383, 574
2454, 57, 539
2455, 707, 860
2456, 277, 738
2457, 284, 955
2458, 192, 370
2459, 240, 565
2460, 55, 250
2461, 66, 929
2462, 374, 552
2463, 497, 507
2464, 550, 984
2465, 234, 681
2466, 119, 881
2467, 887, 952
2468, 598, 797
2469, 112, 997
2470, 510, 792
2471, 280, 985
2472, 143, 669
2473, 224, 273
2474, 91, 974
2475, 808, 834
2476, 155, 296
2477, 260, 513
2478, 164, 976
2479, 263, 706
2480, 233, 582
2481, 32, 498
2482, 899, 911
2483, 136, 697
2484, 12, 488
2485, 197, 990
2486, 581, 908
2487, 471, 643
2488, 225, 337
2489, 147, 491
2490, 594, 843
2491, 586, 751
2492, 573, 696
2493, 642, 735
2494, 938, 962
2495, 262, 903
2496, 48, 105
2497, 286, 920
2498, 335, 777
2499, 37, 742
2500, 318, 802
2501, 3, 795
2502, 146, 938
2503, 633, 635
2504, 324, 639
2505, 180, 308
2506, 548, 763
2507, 452, 681
2508, 78, 924
2509, 586, 915
2510, 318, 788
2511, 260, 888
2512, 108, 724
2513, 338, 342
2514, 455, 874
2515, 353, 653
2516, 33, 376
2517, 155, 237
2518, 599, 956
2519, 225, 664
2520, 69, 239
2521, 408, 828
2522, 581, 884
2523, 26, 968
2524, 116, 427
2525, 279, 710
2526, 175, 619
2527, 44, 93
2528, 115, 231
2529, 119, 895
2530, 451, 970
2531, 65, 490
2532, 688, 815
2533, 281, 985
2534, 54, 659
2535, 469, 880
2536, 272, 500
2537, 513, 584
2538, 379, 436
2539, 105, 983
2540, 674, 845
2541, 809, 984
2542, 615, 789
2543, 607, 796
2544, 705, 758
2545, 88, 577
2546, 157, 702
2547, 778, 835
2548, 605, 892
2549, 131, 296
2550, 222, 697
2551, 179, 989
2552, 906, 972
2553, 748, 999
2554, 267, 299
2555, 305, 563
2556, 240, 930
2557, 366, 368
2558, 707, 897
2559, 70, 654
2560, 183, 604
2561, 570, 596
2562, 74, 947
2563, 802, 853
2564, 153, 671
2565, 524, 662
2566, 421, 785
2567, 94, 202
2568, 358, 601
2569, 75, 643
2570, 506, 550
2571, 919, 940
2572, 241, 460
2573, 230, 838
2574, 648, 804
2575, 68, 328
2576, 30, 36
2577, 375, 712
2578, 220, 416
2579, 188, 974
2580, 793, 965
2581, 545, 783
2582, 158, 590
2583, 208, 722
2584, 43, 151
2585, 191, 269
2586, 106, 774
2587, 450, 471
2588, 312, 618
2589, 178, 739
2590, 16, 572
2591, 484, 568
2592, 474, 636
2593, 696, 907
2594, 238, 482
2595, 642, 918
2596, 649, 841
2597, 709, 863
2598, 140, 535
2599, 9, 442
2600, 367, 413
2601, 359, 941
2602, 135, 721
2603, 537, 799
2604, 575, 670
2605, 827, 949
2606, 679, 887
2607, 143, 258
2608, 350, 397
2609, 609, 756
2610, 329, 554
2611, 40, 136
2612, 462, 826
2613, 631, 767
2614, 326, 786
2615, 414, 743
2616, 865, 894
2617, 813, 818
2618, 447, 470
2619, 491, 987
2620, 787, 931
2621, 133, 334
2622, 757, 904
2623, 165, 210
2624, 110, 384
2625, 257, 629
2626, 406, 410
2627, 130, 847
2628, 411, 668
2629, 695, 780
2630, 114, 518
2631, 156, 878
2632, 28, 899
2633, 168, 576
2634, 533, 595
2635, 101, 715
2636, 256, 858
2637, 755, 805
2638, 713, 836
2639, 48, 56
2640, 891, 932
2641, 377, 714
2642, 347, 463
2643, 4, 995
2644, 773, 901
2645, 578, 620
2646, 275, 544
2647, 148, 585
2648, 389, 512
2649, 612, 860
2650, 499, 699
2651, 277, 700
2652, 920, 959
2653, 431, 628
2654, 196, 309
2655, 380, 521
2656, 203, 752
2657, 11, 336
2658, 15, 935
2659, 560, 997
2660, 228, 418
2661, 529, 663
2662, 574, 611
2663, 104, 270
2664, 357, 676
2665, 204, 893
2666, 61, 630
2667, 517, 687
2668, 869, 929
2669, 370, 741
2670, 242, 316
2671, 91, 623
2672, 438, 948
2673, 955, 973
2674, 686, 692
2675, 72, 726
2676, 87, 903
2677, 117, 365
2678, 190, 363
2679, 55, 925
2680, 102, 587
2681, 746, 822
2682, 321, 873
2683, 19, 236
2684, 213, 754
2685, 523, 856
2686, 276, 579
2687, 371, 832
2688, 261, 650
2689, 323, 876
2690, 588, 839
2691, 273, 520
2692, 50, 582
2693, 149, 369
2694, 287, 981
2695, 660, 803
2696, 638, 781
2697, 83, 444
2698, 259, 426
2699, 331, 488
2700, 264, 388
2701, 532, 747
2702, 593, 732
2703, 627, 992
2704, 394, 749
2705, 223, 765
2706, 262, 698
2707, 173, 909
2708, 79, 870
2709, 562, 942
2710, 425, 435
2711, 200, 885
2712, 454, 492
2713, 254, 268
2714, 181, 461
2715, 18, 39
2716, 90, 867
2717, 98, 120
2718, 673, 716
2719, 432, 912
2720, 302, 625
2721, 439, 569
2722, 656, 833
2723, 364, 857
2724, 113, 494
2725, 298, 341
2726, 12, 978
2727, 717, 916
2728, 198, 224
2729, 197, 680
2730, 53, 597
2731, 150, 910
2732, 446, 503
2733, 221, 351
2734, 285, 784
2735, 233, 770
2736, 465, 613
2737, 790, 814
2738, 391, 917
2739, 121, 626
2740, 209, 603
2741, 489, 538
2742, 291, 621
2743, 340, 706
2744, 171, 555
2745, 333, 453
2746, 424, 850
2747, 526, 583
2748, 501, 817
2749, 295, 652
2750, 186, 193
2751, 551, 729
2752, 129, 169
2753, 383, 902
2754, 483, 806
2755, 123, 415
2756, 558, 928
2757, 21, 429
2758, 573, 896
2759, 112, 665
2760, 195, 248
2761, 214, 846
2762, 458, 634
2763, 675, 922
2764, 159, 373
2765, 13, 226
2766, 80, 864
2767, 206, 738
2768, 252, 844
2769, 820, 961
2770, 14, 900
2771, 63, 753
2772, 691, 708
2773, 160, 283
2774, 111, 602
2775, 800, 980
2776, 723, 731
2777, 472, 644
2778, 218, 735
2779, 769, 797
2780, 134, 658
2781, 51, 249
2782, 387, 898
2783, 142, 443
2784, 782, 952
2785, 22, 614
2786, 170, 565
2787, 20, 591
2788, 496, 934
2789, 289, 547
2790, 834, 943
2791, 725, 946
2792, 67, 536
2793, 498, 539
2794, 396, 527
2795, 422, 849
2796, 322, 794
2797, 247, 829
2798, 343, 456
2799, 719, 927
2800, 86, 549
2801, 219, 288
2802, 32, 362
2803, 144, 807
2804, 59, 349
2805, 385, 913
2806, 319, 843
2807, 393, 821
2808, 47, 861
2809, 854, 871
2810, 6, 400
2811, 137, 546
2812, 760, 993
2813, 531, 994
2814, 486, 852
2815, 73, 641
2816, 138, 669
2817, 31, 404
2818, 493, 616
2819, 559, 962
2820, 100, 232
2821, 35, 161
2822, 212, 791
2823, 216, 733
2824, 34, 381
2825, 840, 990
2826, 292, 617
2827, 303, 344
2828, 354, 734
2829, 301, 883
2830, 553, 694
2831, 145, 194
2832, 201, 412
2833, 192, 592
2834, 92, 315
2835, 478, 957
2836, 307, 728
2837, 417, 637
2838, 306, 640
2839, 855, 960
2840, 128, 139
2841, 185, 515
2842, 399, 580
2843, 346, 967
2844, 126, 557
2845, 29, 975
2846, 875, 944
2847, 7, 740
2848, 339, 372
2849, 251, 986
2850, 163, 166
2851, 437, 689
2852, 132, 511
2853, 147, 571
2854, 325, 345
2855, 477, 963
2856, 361, 744
2857, 52, 851
2858, 282, 286
2859, 172, 868
2860, 507, 657
2861, 8, 720
2862, 395, 979
2863, 164, 646
2864, 409, 768
2865, 154, 246
2866, 41, 382
2867, 167, 244
2868, 297, 933
2869, 624, 812
2870, 914, 1000
2871, 37, 182
2872, 207, 407
2873, 440, 964
2874, 392, 886
2875, 122, 751
2876, 184, 610
2877, 718, 982
2878, 152, 566
2879, 771, 939
2880, 211, 859
2881, 97, 530
2882, 2, 96
2883, 81, 103
2884, 510, 988
2885, 76, 528
2886, 60, 522
2887, 775, 811
2888, 508, 600
2889, 645, 954
2890, 278, 905
2891, 118, 977
2892, 842, 951
2893, 473, 730
2894, 255, 651
2895, 378, 889
2896, 423, 457
2897, 234, 467
2898, 62, 441
2899, 177, 737
2900, 176, 310
2901, 205, 516
2902, 24, 84
2903, 187, 798
2904, 266, 594
2905, 403, 543
2906, 215, 911
2907, 38, 608
2908, 58, 433
2909, 682, 759
2910, 727, 998
2911, 245, 761
2912, 525, 552
2913, 162, 405
2914, 1, 837
2915, 704, 808
2916, 85, 819
2917, 762, 823
2918, 402, 764
2919, 632, 825
2920, 46, 564
2921, 304, 685
2922, 5, 45
2923, 556, 779
2924, 293, 487
2925, 189, 320
2926, 95, 667
2927, 235, 540
2928, 99, 398
2929, 174, 217
2930, 360, 448
2931, 199, 294
2932, 356, 926
2933, 428, 481
2934, 127, 475
2935, 300, 872
2936, 317, 890
2937, 606, 882
2938, 495, 514
2939, 561, 776
2940, 534, 684
2941, 877, 966
2942, 10, 969
2943, 703, 921
2944, 77, 801
2945, 327, 666
2946, 23, 505
2947, 330, 996
2948, 274, 420
2949, 445, 976
2950, 468, 683
2951, 567, 958
2952, 64, 227
2953, 66, 816
2954, 57, 314
2955, 647, 736
2956, 866, 936
2957, 253, 332
2958, 89, 502
2959, 504, 792
2960, 622, 655
2961, 125, 672
2962, 109, 229
2963, 280, 497
2964, 71, 862
2965, 25, 374
2966, 124, 464
2967, 881, 950
2968, 541, 766
2969, 335, 480
2970, 386, 434
2971, 263, 693
2972, 49, 459
2973, 479, 690
2974, 430, 777
2975, 311, 830
2976, 290, 661
2977, 27, 831
2978, 107, 449
2979, 542, 908
2980, 589, 848
2981, 701, 772
2982, 284, 879
2983, 519, 953
2984, 677, 971
2985, 476, 485
2986, 355, 419
2987, 337, 678
2988, 390, 711
2989, 250, 598
2990, 17, 945
2991, 271, 348
2992, 243, 745
2993, 824, 923
2994, 937, 991
2995, 466, 509
2996, 265, 742
2997, 750, 810
2998, 313, 352
2999, 82, 141
3000, 42, 401
3001, 92, 931
3002, 312, 711
3003, 501, 825
3004, 584, 611
3005, 419, 946
3006, 62, 288
3007, 428, 937
3008, 516, 729
3009, 388, 995
3010, 199, 221
3011, 571, 651
3012, 99, 512
3013, 555, 859
3014, 450, 589
3015, 297, 541
3016, 277, 838
3017, 323, 659
3018, 395, 660
3019, 192, 389
3020, 412, 696
3021, 294, 344
3022, 918, 968
3023, 796, 934
3024, 396, 871
3025, 509, 840
3026, 375, 783
3027, 520, 811
3028, 250, 664
3029, 239, 349
3030, 64, 563
3031, 274, 728
3032, 80, 263
3033, 53, 203
3034, 113, 697
3035, 306, 791
3036, 67, 863
3037, 668, 751
3038, 135, 533
3039, 315, 713
3040, 612, 884
3041, 129, 566
3042, 768, 833
3043, 178, 727
3044, 594, 923
3045, 185, 363
3046, 7, 87
3047, 442, 663
3048, 285, 558
3049, 145, 198
3050, 383, 399
3051, 301, 662
3052, 624, 723
3053, 517, 828
3054, 447, 826
3055, 352, 422
3056, 403, 903
3057, 265, 313
3058, 525, 969
3059, 52, 337
3060, 168, 482
3061, 94, 404
3062, 40, 212
3063, 361, 628
3064, 205, 390
3065, 331, 688
3066, 588, 892
3067, 371, 973
3068, 114, 438
3069, 382, 648
3070, 167, 497
3071, 194, 458
3072, 676, 990
3073, 252, 267
3074, 243, 679
3075, 440, 761
3076, 155, 672
3077, 233, 953
3078, 413, 698
3079, 425, 529
3080, 832, 1000
3081, 234, 689
3082, 513, 777
3083, 309, 374
3084, 70, 575
3085, 187, 757
3086, 11, 386
3087, 202, 817
3088, 670, 785
3089, 730, 867
3090, 454, 874
3091, 324, 475
3092, 637, 705
3093, 392, 870
3094, 495, 504
3095, 157, 816
3096, 146, 548
3097, 21, 505
3098, 242, 573
3099, 338, 364
3100, 539, 820
3101, 276, 837
3102, 557, 769
3103, 492, 997
3104, 27, 150
3105, 477, 565
3106, 318, 735
3107, 39, 645
3108, 14, 132
3109, 875, 915
3110, 721, 747
3111, 469, 528
3112, 460, 599
3113, 68, 476
3114, 10, 229
3115, 90, 830
3116, 230, 984
3117, 321, 986
3118, 719, 776
3119, 393, 978
3120, 213, 636
3121, 376, 929
3122, 57, 626
3123, 227, 627
3124, 20, 217
3125, 254, 443
3126, 572, 814
3127, 58, 614
3128, 534, 578
3129, 89, 704
3130, 765, 872
3131, 98, 653
3132, 107, 282
3133, 228, 355
3134, 127, 649
3135, 61, 926
3136, 372, 941
3137, 703, 732
3138, 373, 707
3139, 901, 933
3140, 29, 862
3141, 268, 522
3142, 902, 908
3143, 170, 598
3144, 197, 722
3145, 159, 733
3146, 510, 924
3147, 621, 887
3148, 503, 617
3149, 290, 772
3150, 336, 852
3151, 345, 947
3152, 574, 775
3153, 130, 515
3154, 346, 415
3155, 186, 779
3156, 300, 302
3157, 296, 622
3158, 623, 831
3159, 327, 858
3160, 248, 982
3161, 152, 295
3162, 666, 913
3163, 706, 762
3164, 116, 546
3165, 432, 885
3166, 105, 895
3167, 100, 911
3168, 13, 43
3169, 59, 690
3170, 191, 619
3171, 474, 844
3172, 42, 740
3173, 770, 802
3174, 421, 601
3175, 334, 536
3176, 562, 618
3177, 164, 208
3178, 514, 640
3179, 434, 597
3180, 471, 699
3181, 417, 499
3182, 161, 322
3183, 183, 784
3184, 691, 850
3185, 602, 873
3186, 147, 680
3187, 237, 795
3188, 122, 683
3189, 12, 455
3190, 725, 818
3191, 253, 633
3192, 121, 200
3193, 216, 484
3194, 431, 449
3195, 279, 570
3196, 108, 472
3197, 95, 891
3198, 610, 764
3199, 586, 823
3200, 179, 511
3201, 954, 981
3202, 490, 632
3203, 34, 527
3204, 173, 905
3205, 111, 940
3206, 736, 906
3207, 77, 554
3208, 73, 822
3209, 734, 907
3210, 888, 987
3211, 625, 793
3212, 502, 962
3213, 256, 441
3214, 370, 989
3215, 366, 815
3216, 310, 326
3217, 642, 855
3218, 972, 993
3219, 367, 444
3220, 488, 665
3221, 51, 160
3222, 414, 737
3223, 600, 701
3224, 176, 824
3225, 406, 616
3226, 456, 481
3227, 241, 678
3228, 423, 877
3229, 848, 994
3230, 9, 269
3231, 224, 639
3232, 466, 551
3233, 44, 262
3234, 206, 547
3235, 416, 427
3236, 693, 980
3237, 264, 709
3238, 128, 964
3239, 661, 979
3240, 448, 977
3241, 508, 716
3242, 71, 780
3243, 215, 480
3244, 320, 948
3245, 439, 744
3246, 153, 521
3247, 48, 408
3248, 31, 162
3249, 18, 667
3250, 154, 255
3251, 148, 175
3252, 359, 631
3253, 190, 686
3254, 695, 920
3255, 126, 251
3256, 405, 805
3257, 54, 283
3258, 214, 532
3259, 120, 410
3260, 342, 348
3261, 881, 925
3262, 451, 991
3263, 102, 876
3264, 880, 963
3265, 163, 568
3266, 103, 638
3267, 307, 579
3268, 272, 856
3269, 91, 166
3270, 180, 654
3271, 819, 959
3272, 280, 368
3273, 569, 710
3274, 398, 582
3275, 397, 966
3276, 201, 261
3277, 136, 890
3278, 75, 942
3279, 141, 669
3280, 356, 766
3281, 560, 904
3282, 278, 357
3283, 220, 893
3284, 671, 808
3285, 177, 806
3286, 17, 66
3287, 605, 657
3288, 543, 549
3289, 407, 866
3290, 245, 712
3291, 209, 606
3292, 211, 316
3293, 123, 258
3294, 24, 143
3295, 218, 401
3296, 646, 949
3297, 724, 743
3298, 182, 542
3299, 340, 608
3300, 210, 749
3301, 172, 426
3302, 139, 789
3303, 76, 317
3304, 581, 720
3305, 325, 430
3306, 436, 553
3307, 487, 531
3308, 402, 759
3309, 238, 593
3310, 381, 489
3311, 424, 462
3312, 319, 950
3313, 165, 983
3314, 110, 156
3315, 47, 524
3316, 478, 591
3317, 561, 821
3318, 93, 235
3319, 351, 715
3320, 500, 861
3321, 655, 842
3322, 101, 656
3323, 377, 498
3324, 332, 620
3325, 226, 750
3326, 435, 464
3327, 78, 544
3328, 758, 841
3329, 702, 755
3330, 493, 951
3331, 63, 559
3332, 275, 760
3333, 151, 682
3334, 270, 849
3335, 174, 365
3336, 463, 797
3337, 84, 613
3338, 957, 967
3339, 418, 787
3340, 259, 889
3341, 328, 590
3342, 193, 673
3343, 22, 350
3344, 362, 899
3345, 104, 429
3346, 1, 938
3347, 384, 960
3348, 169, 836
3349, 23, 897
3350, 266, 742
3351, 473, 958
3352, 369, 857
3353, 330, 919
3354, 335, 807
3355, 650, 985
3356, 353, 790
3357, 25, 86
3358, 184, 965
3359, 19, 786
3360, 26, 868
3361, 119, 291
3362, 115, 917
3363, 387, 718
3364, 69, 609
3365, 453, 781
3366, 391, 835
3367, 8, 851
3368, 222, 894
3369, 411, 470
3370, 308, 339
3371, 33, 879
3372, 767, 788
3373, 30, 847
3374, 45, 731
3375, 483, 635
3376, 643, 792
3377, 437, 827
3378, 644, 675
3379, 754, 998
3380, 112, 909
3381, 289, 910
3382, 149, 607
3383, 479, 864
3384, 658, 800
3385, 109, 974
3386, 286, 976
3387, 445, 778
3388, 804, 883
3389, 134, 912
3390, 196, 677
3391, 28, 81
3392, 281, 900
3393, 752, 771
3394, 181, 674
3395, 96, 798
3396, 117, 853
3397, 556, 939
3398, 803, 935
3399, 333, 952
3400, 523, 585
3401, 249, 943
3402, 244, 452
3403, 60, 124
3404, 158, 869
3405, 681, 878
3406, 223, 971
3407, 37, 82
3408, 83, 652
3409, 465, 975
3410, 240, 921
3411, 74, 380
3412, 32, 756
3413, 131, 641
3414, 125, 142
3415, 378, 540
3416, 38, 741
3417, 685, 956
3418, 538, 745
3419, 284, 394
3420, 496, 860
3421, 526, 992
3422, 140, 518
3423, 225, 232
3424, 85, 360
3425, 3, 694
3426, 5, 914
3427, 409, 773
3428, 189, 467
3429, 287, 845
3430, 55, 846
3431, 138, 171
3432, 810, 999
3433, 692, 739
3434, 314, 955
3435, 459, 774
3436, 700, 854
3437, 468, 537
3438, 714, 738
3439, 763, 799
3440, 49, 329
3441, 647, 961
3442, 257, 506
3443, 292, 576
3444, 271, 298
3445, 485, 829
3446, 400, 753
3447, 507, 812
3448, 634, 687
3449, 16, 629
3450, 577, 996
3451, 88, 839
3452, 260, 865
3453, 50, 936
3454, 446, 595
3455, 36, 207
3456, 2, 801
3457, 564, 708
3458, 137, 188
3459, 195, 843
3460, 41, 603
3461, 305, 896
3462, 79, 809
3463, 56, 246
3464, 204, 354
3465, 457, 717
3466, 491, 519
3467, 133, 299
3468, 494, 794
3469, 379, 928
3470, 545, 886
3471, 35, 834
3472, 552, 596
3473, 144, 882
3474, 604, 927
3475, 304, 535
3476, 6, 587
3477, 65, 726
3478, 247, 550
3479, 273, 898
3480, 530, 988
3481, 106, 486
3482, 347, 684
3483, 782, 945
3484, 293, 813
3485, 72, 231
3486, 385, 930
3487, 583, 970
3488, 746, 916
3489, 236, 358
3490, 97, 592
3491, 118, 932
3492, 219, 461
3493, 748, 944
3494, 343, 567
3495, 4, 15
3496, 311, 615
3497, 46, 303
3498, 341, 433
3499, 630, 922
3500, 420, 580
3501, 6, 206
3502, 168, 484
3503, 262, 354
3504, 575, 784
3505, 181, 478
3506, 280, 998
3507, 434, 813
3508, 459, 897
3509, 266, 669
3510, 647, 829
3511, 485, 859
3512, 413, 632
3513, 750, 883
3514, 46, 660
3515, 547, 898
3516, 68, 426
3517, 389, 527
3518, 386, 621
3519, 409, 802
3520, 387, 395
3521, 599, 712
3522, 501, 818
3523, 730, 938
3524, 109, 158
3525, 630, 685
3526, 259, 740
3527, 112, 276
3528, 449, 822
3529, 65, 382
3530, 322, 551
3531, 803, 840
3532, 381, 878
3533, 345, 479
3534, 284, 361
3535, 506, 657
3536, 16, 904
3537, 843, 951
3538, 445, 582
3539, 748, 894
3540, 163, 293
3541, 224, 935
3542, 273, 911
3543, 175, 340
3544, 147, 706
3545, 231, 249
3546, 285, 704
3547, 407, 848
3548, 93, 641
3549, 761, 925
3550, 105, 471
3551, 111, 169
3552, 182, 274
3553, 858, 946
3554, 96, 334
3555, 118, 245
3556, 921, 982
3557, 472, 808
3558, 544, 570
3559, 17, 192
3560, 695, 939
3561, 133, 618
3562, 520, 674
3563, 127, 388
3564, 507, 731
3565, 320, 619
3566, 558, 971
3567, 80, 664
3568, 724, 789
3569, 792, 955
3570, 526, 744
3571, 713, 918
3572, 596, 845
3573, 254, 495
3574, 75, 350
3575, 366, 799
3576, 475, 620
3577, 202, 687
3578, 15, 230
3579, 20, 348
3580, 251, 888
3581, 120, 598
3582, 43, 801
3583, 476, 865
3584, 530, 567
3585, 178, 352
3586, 45, 502
3587, 379, 832
3588, 196, 291
3589, 12, 823
3590, 483, 643
3591, 287, 837
3592, 98, 764
3593, 418, 900
3594, 499, 844
3595, 431, 902
3596, 360, 707
3597, 188, 453
3598, 346, 561
3599, 333, 913
3600, 514, 680
3601, 384, 524
3602, 430, 545
3603, 356, 644
3604, 136, 391
3605, 715, 942
3606, 39, 473
3607, 353, 569
3608, 494, 637
3609, 708, 714
3610, 214, 964
3611, 623, 905
3612, 60, 919
3613, 775, 791
3614, 57, 903
3615, 29, 728
3616, 349, 835
3617, 910, 967
3618, 591, 992
3619, 157, 866
3620, 534, 867
3621, 639, 826
3622, 463, 836
3623, 242, 827
3624, 604, 988
3625, 650, 658
3626, 917, 931
3627, 94, 390
3628, 892, 963
3629, 170, 920
3630, 58, 208
3631, 222, 711
3632, 28, 890
3633, 421, 737
3634, 344, 795
3635, 67, 853
3636, 19, 146
3637, 171, 873
3638, 339, 439
3639, 299, 469
3640, 62, 509
3641, 673, 874
3642, 739, 780
3643, 160, 303
3644, 135, 541
3645, 282, 297
3646, 300, 500
3647, 243, 816
3648, 66, 995
3649, 110, 811
3650, 225, 819
3651, 212, 554
3652, 221, 336
3653, 219, 372
3654, 423, 763
3655, 155, 436
3656, 281, 755
3657, 486, 876
3658, 25, 787
3659, 252, 518
3660, 49, 782
3661, 424, 771
3662, 4, 257
3663, 568, 850
3664, 207, 962
3665, 115, 235
3666, 186, 451
3667, 565, 766
3668, 566, 742
3669, 548, 692
3670, 461, 703
3671, 305, 871
3672, 261, 415
3673, 290, 294
3674, 8, 562
3675, 559, 626
3676, 528, 798
3677, 223, 371
3678, 131, 1000
3679, 733, 794
3680, 355, 450
3681, 132, 682
3682, 238, 306
3683, 5, 36
3684, 143, 705
3685, 128, 732
3686, 529, 861
3687, 114, 515
3688, 429, 493
3689, 292, 640
3690, 347, 491
3691, 373, 578
3692, 250, 411
3693, 574, 828
3694, 73, 437
3695, 119, 318
3696, 213, 456
3697, 108, 759
3698, 22, 922
3699, 448, 652
3700, 447, 601
3701, 270, 279
3702, 510, 772
3703, 363, 378
3704, 72, 638
3705, 216, 301
3706, 435, 830
3707, 414, 629
3708, 139, 593
3709, 313, 512
3710, 776, 899
3711, 416, 594
3712, 50, 958
3713, 513, 929
3714, 842, 932
3715, 718, 726
3716, 417, 872
3717, 161, 857
3718, 86, 420
3719, 438, 746
3720, 428, 908
3721, 26, 351
3722, 11, 124
3723, 56, 237
3724, 542, 589
3725, 165, 204
3726, 370, 855
3727, 614, 688
3728, 533, 665
3729, 40, 820
3730, 37, 700
3731, 84, 847
3732, 30, 329
3733, 535, 560
3734, 720, 923
3735, 129, 234
3736, 205, 667
3737, 557, 757
3738, 408, 651
3739, 87, 321
3740, 330, 611
3741, 256, 365
3742, 298, 635
3743, 3, 232
3744, 505, 537
3745, 341, 975
3746, 113, 885
3747, 585, 747
3748, 790, 852
3749, 197, 396
3750, 14, 63
3751, 253, 987
3752, 61, 950
3753, 756, 806
3754, 503, 762
3755, 492, 956
3756, 23, 466
3757, 44, 255
3758, 106, 307
3759, 99, 607
3760, 7, 553
3761, 82, 150
3762, 487, 656
3763, 185, 976
3764, 272, 603
3765, 676, 736
3766, 549, 631
3767, 357, 521
3768, 239, 686
3769, 263, 699
3770, 48, 209
3771, 226, 425
3772, 193, 571
3773, 52, 924
3774, 805, 959
3775, 375, 672
3776, 32, 358
3777, 9, 107
3778, 247, 440
3779, 248, 634
3780, 101, 815
3781, 697, 986
3782, 577, 926
3783, 452, 907
3784, 278, 412
3785, 1, 543
3786, 123, 584
3787, 27, 817
3788, 833, 880
3789, 191, 838
3790, 90, 564
3791, 362, 659
3792, 78, 768
3793, 13, 675
3794, 511, 977
3795, 508, 875
3796, 148, 765
3797, 311, 684
3798, 79, 195
3799, 296, 760
3800, 583, 625
3801, 145, 162
3802, 481, 689
3803, 70, 655
3804, 51, 954
3805, 10, 696
3806, 283, 610
3807, 403, 464
3808, 587, 779
3809, 91, 613
3810, 89, 974
3811, 76, 717
3812, 328, 966
3813, 308, 973
3814, 125, 745
3815, 683, 937
3816, 103, 893
3817, 229, 399
3818, 130, 649
3819, 654, 691
3820, 64, 834
3821, 315, 482
3822, 312, 522
3823, 661, 777
3824, 359, 605
3825, 467, 701
3826, 338, 914
3827, 928, 936
3828, 156, 972
3829, 126, 265
3830, 723, 980
3831, 246, 841
3832, 393, 441
3833, 233, 786
3834, 74, 400
3835, 47, 597
3836, 77, 422
3837, 258, 960
3838, 138, 220
3839, 702, 969
3840, 34, 462
3841, 53, 88
3842, 519, 882
3843, 141, 317
3844, 540, 608
3845, 427, 628
3846, 304, 999
3847, 137, 627
3848, 796, 906
3849, 18, 504
3850, 33, 896
3851, 419, 941
3852, 203, 698
3853, 895, 953
3854, 122, 807
3855, 218, 385
3856, 260, 788
3857, 286, 642
3858, 152, 538
3859, 71, 934
3860, 85, 749
3861, 324, 402
3862, 636, 645
3863, 406, 887
3864, 54, 332
3865, 401, 983
3866, 179, 592
3867, 489, 666
3868, 442, 770
3869, 957, 970
3870, 648, 774
3871, 134, 241
3872, 92, 839
3873, 490, 517
3874, 679, 681
3875, 563, 694
3876, 877, 881
3877, 337, 470
3878, 316, 729
3879, 97, 380
3880, 121, 646
3881, 653, 804
3882, 309, 376
3883, 201, 854
3884, 83, 727
3885, 754, 944
3886, 947, 949
3887, 457, 901
3888, 325, 377
3889, 240, 758
3890, 398, 916
3891, 572, 721
3892, 810, 814
3893, 172, 394
3894, 573, 670
3895, 199, 743
3896, 154, 785
3897, 24, 532
3898, 184, 271
3899, 851, 997
3900, 383, 546
3901, 190, 886
3902, 236, 909
3903, 849, 996
3904, 364, 725
3905, 144, 677
3906, 200, 915
3907, 194, 210
3908, 477, 600
3909, 722, 868
3910, 846, 933
3911, 310, 856
3912, 81, 624
3913, 690, 769
3914, 580, 735
3915, 35, 38
3916, 116, 525
3917, 174, 269
3918, 523, 812
3919, 433, 809
3920, 100, 176
3921, 183, 864
3922, 217, 767
3923, 555, 615
3924, 227, 405
3925, 59, 468
3926, 443, 498
3927, 738, 927
3928, 167, 961
3929, 153, 693
3930, 831, 952
3931, 166, 617
3932, 140, 821
3933, 215, 410
3934, 335, 536
3935, 374, 824
3936, 539, 943
3937, 516, 945
3938, 319, 496
3939, 404, 781
3940, 295, 531
3941, 392, 579
3942, 397, 616
3943, 288, 342
3944, 164, 879
3945, 323, 862
3946, 267, 889
3947, 326, 990
3948, 480, 940
3949, 228, 488
3950, 2, 825
3951, 314, 432
3952, 331, 367
3953, 117, 981
3954, 368, 994
3955, 446, 590
3956, 275, 985
3957, 159, 244
3958, 21, 716
3959, 552, 863
3960, 142, 719
3961, 268, 343
3962, 151, 264
3963, 187, 454
3964, 211, 595
3965, 149, 884
3966, 104, 734
3967, 773, 797
3968, 177, 460
3969, 102, 984
3970, 633, 800
3971, 173, 662
3972, 69, 783
3973, 778, 993
3974, 465, 497
3975, 612, 978
3976, 753, 968
3977, 327, 606
3978, 277, 671
3979, 42, 189
3980, 302, 678
3981, 602, 793
3982, 588, 751
3983, 55, 458
3984, 41, 576
3985, 198, 965
3986, 586, 609
3987, 455, 581
3988, 741, 752
3989, 663, 991
3990, 550, 860
3991, 31, 710
3992, 180, 444
3993, 289, 870
3994, 369, 869
3995, 709, 930
3996, 948, 979
3997, 474, 891
3998, 622, 912
3999, 95, 556
4000, 668, 989
