id, img1, img2
1, 705, 866
2, 67, 172
3, 710, 851
4, 645, 653
5, 218, 769
6, 247, 254
7, 262, 941
8, 284, 848
9, 171, 994
10, 472, 896
11, 296, 548
12, 756, 864
13, 117, 575
14, 333, 540
15, 157, 623
16, 119, 588
17, 480, 583
18, 246, 535
19, 598, 948
20, 383, 489
21, 514, 738
22, 141, 180
23, 46, 794
24, 515, 669
25, 18, 433
26, 122, 268
27, 381, 699
28, 227, 873
29, 82, 856
30, 84, 414
31, 427, 702
32, 179, 764
33, 127, 592
34, 389, 650
35, 444, 692
36, 375, 666
37, 501, 977
38, 80, 818
39, 453, 765
40, 231, 815
41, 201, 331
42, 299, 880
43, 64, 543
44, 159, 766
45, 473, 828
46, 682, 846
47, 88, 671
48, 193, 446
49, 194, 829
50, 470, 596
51, 464, 916
52, 443, 733
53, 551, 567
54, 245, 874
55, 841, 934
56, 590, 928
57, 933, 961
58, 322, 508
59, 261, 950
60, 112, 557
61, 238, 882
62, 26, 855
63, 440, 574
64, 308, 541
65, 726, 980
66, 329, 993
67, 264, 665
68, 115, 831
69, 36, 399
70, 335, 597
71, 136, 300
72, 286, 969
73, 55, 257
74, 374, 743
75, 160, 854
76, 615, 618
77, 29, 717
78, 78, 275
79, 113, 224
80, 378, 420
81, 110, 773
82, 260, 840
83, 142, 774
84, 655, 899
85, 483, 842
86, 280, 582
87, 334, 432
88, 359, 559
89, 4, 681
90, 419, 903
91, 495, 661
92, 89, 327
93, 34, 471
94, 54, 611
95, 853, 962
96, 129, 237
97, 725, 967
98, 65, 938
99, 8, 616
100, 233, 395
101, 687, 757
102, 151, 510
103, 550, 754
104, 315, 981
105, 711, 718
106, 387, 886
107, 242, 915
108, 449, 474
109, 168, 858
110, 720, 1000
111, 683, 845
112, 301, 913
113, 357, 488
114, 850, 912
115, 271, 952
116, 191, 376
117, 595, 965
118, 81, 303
119, 314, 517
120, 347, 895
121, 532, 712
122, 638, 771
123, 287, 362
124, 131, 546
125, 139, 755
126, 613, 784
127, 221, 475
128, 116, 630
129, 59, 258
130, 121, 562
131, 24, 479
132, 295, 371
133, 210, 767
134, 155, 947
135, 133, 843
136, 70, 391
137, 462, 988
138, 174, 789
139, 176, 898
140, 812, 995
141, 170, 455
142, 85, 932
143, 922, 944
144, 225, 323
145, 279, 372
146, 200, 326
147, 79, 309
148, 229, 761
149, 749, 905
150, 569, 799
151, 150, 734
152, 196, 973
153, 822, 875
154, 348, 599
155, 405, 544
156, 94, 917
157, 703, 753
158, 152, 656
159, 188, 926
160, 365, 688
161, 44, 413
162, 66, 750
163, 367, 394
164, 442, 999
165, 277, 975
166, 691, 751
167, 154, 817
168, 288, 838
169, 37, 617
170, 498, 585
171, 377, 379
172, 91, 278
173, 125, 577
174, 786, 893
175, 73, 417
176, 202, 820
177, 189, 199
178, 226, 608
179, 14, 253
180, 49, 722
181, 536, 871
182, 146, 721
183, 970, 983
184, 674, 852
185, 563, 564
186, 203, 552
187, 162, 545
188, 639, 891
189, 324, 953
190, 118, 885
191, 124, 396
192, 114, 670
193, 123, 672
194, 434, 892
195, 158, 424
196, 41, 894
197, 537, 748
198, 524, 547
199, 528, 868
200, 465, 614
201, 658, 707
202, 361, 804
203, 276, 525
204, 285, 320
205, 216, 931
206, 463, 927
207, 270, 636
208, 19, 572
209, 178, 780
210, 529, 629
211, 255, 290
212, 256, 900
213, 22, 523
214, 358, 857
215, 368, 909
216, 477, 558
217, 13, 143
218, 243, 511
219, 448, 746
220, 466, 772
221, 43, 984
222, 35, 936
223, 490, 816
224, 792, 990
225, 51, 534
226, 690, 735
227, 531, 902
228, 504, 624
229, 15, 351
230, 512, 861
231, 38, 109
232, 411, 509
233, 102, 686
234, 468, 867
235, 520, 539
236, 148, 779
237, 28, 208
238, 75, 940
239, 306, 888
240, 363, 519
241, 56, 884
242, 493, 920
243, 456, 835
244, 408, 693
245, 458, 644
246, 184, 663
247, 678, 793
248, 459, 503
249, 98, 145
250, 487, 795
251, 345, 486
252, 161, 228
253, 234, 602
254, 132, 949
255, 728, 809
256, 128, 673
257, 126, 222
258, 601, 676
259, 77, 930
260, 7, 788
261, 164, 526
262, 213, 957
263, 797, 914
264, 223, 282
265, 239, 304
266, 369, 485
267, 173, 689
268, 111, 283
269, 204, 979
270, 31, 289
271, 441, 513
272, 332, 533
273, 680, 954
274, 337, 729
275, 72, 992
276, 45, 679
277, 192, 447
278, 12, 881
279, 165, 758
280, 69, 719
281, 135, 991
282, 366, 553
283, 106, 589
284, 340, 578
285, 281, 744
286, 530, 697
287, 776, 876
288, 40, 416
289, 412, 452
290, 294, 610
291, 11, 439
292, 2, 325
293, 20, 33
294, 421, 628
295, 566, 594
296, 830, 859
297, 409, 507
298, 263, 708
299, 21, 643
300, 310, 943
301, 573, 701
302, 298, 968
303, 476, 635
304, 360, 373
305, 3, 556
306, 384, 518
307, 156, 641
308, 181, 778
309, 219, 542
310, 752, 997
311, 57, 945
312, 217, 649
313, 166, 425
314, 522, 759
315, 207, 998
316, 187, 849
317, 516, 836
318, 428, 715
319, 929, 989
320, 319, 834
321, 30, 297
322, 232, 777
323, 388, 878
324, 604, 709
325, 496, 808
326, 704, 736
327, 402, 960
328, 305, 605
329, 215, 668
330, 819, 837
331, 429, 806
332, 380, 925
333, 397, 587
334, 291, 906
335, 107, 632
336, 823, 919
337, 195, 685
338, 824, 863
339, 727, 956
340, 6, 190
341, 93, 700
342, 350, 521
343, 39, 346
344, 382, 796
345, 269, 648
346, 401, 762
347, 591, 814
348, 431, 657
349, 175, 586
350, 633, 713
351, 251, 607
352, 600, 706
353, 492, 839
354, 312, 760
355, 167, 454
356, 130, 958
357, 742, 763
358, 445, 775
359, 500, 684
360, 438, 654
361, 807, 877
362, 47, 230
363, 538, 833
364, 660, 803
365, 317, 781
366, 185, 798
367, 74, 696
368, 92, 100
369, 108, 393
370, 844, 918
371, 186, 265
372, 451, 811
373, 355, 677
374, 302, 626
375, 385, 732
376, 244, 407
377, 862, 935
378, 147, 739
379, 32, 266
380, 104, 214
381, 60, 484
382, 400, 651
383, 403, 741
384, 747, 901
385, 457, 791
386, 321, 627
387, 785, 865
388, 505, 937
389, 924, 996
390, 149, 964
391, 163, 612
392, 730, 908
393, 134, 478
394, 96, 740
395, 568, 832
396, 10, 634
397, 62, 144
398, 790, 974
399, 1, 959
400, 631, 963
401, 426, 827
402, 182, 249
403, 105, 212
404, 274, 801
405, 61, 946
406, 951, 976
407, 826, 887
408, 802, 942
409, 571, 869
410, 675, 972
411, 560, 659
412, 330, 418
413, 177, 341
414, 336, 768
415, 293, 584
416, 27, 404
417, 410, 904
418, 220, 461
419, 406, 782
420, 273, 502
421, 197, 248
422, 120, 985
423, 48, 68
424, 390, 971
425, 209, 356
426, 423, 982
427, 467, 910
428, 506, 694
429, 90, 235
430, 318, 450
431, 313, 622
432, 58, 87
433, 554, 860
434, 240, 549
435, 561, 652
436, 787, 810
437, 95, 737
438, 50, 103
439, 99, 576
440, 311, 647
441, 205, 437
442, 183, 241
443, 581, 987
444, 63, 821
445, 579, 921
446, 140, 435
447, 386, 481
448, 565, 955
449, 5, 494
450, 606, 609
451, 206, 370
452, 422, 870
453, 236, 724
454, 292, 497
455, 137, 698
456, 527, 847
457, 17, 83
458, 252, 625
459, 349, 911
460, 328, 352
461, 153, 978
462, 342, 889
463, 430, 783
464, 640, 813
465, 354, 646
466, 198, 716
467, 169, 259
468, 307, 353
469, 662, 897
470, 436, 883
471, 23, 620
472, 272, 642
473, 723, 770
474, 805, 923
475, 621, 890
476, 101, 593
477, 392, 939
478, 138, 619
479, 343, 745
480, 469, 637
481, 9, 667
482, 52, 580
483, 25, 872
484, 491, 555
485, 344, 415
486, 76, 86
487, 879, 986
488, 570, 731
489, 97, 907
490, 211, 250
491, 316, 966
492, 339, 460
493, 42, 499
494, 16, 364
495, 398, 695
496, 53, 800
497, 338, 482
498, 603, 714
499, 664, 825
500, 71, 267
501, 552, 848
502, 548, 663
503, 87, 419
504, 671, 692
505, 70, 566
506, 211, 912
507, 478, 884
508, 118, 286
509, 513, 750
510, 93, 188
511, 405, 657
512, 100, 538
513, 443, 654
514, 433, 998
515, 337, 364
516, 312, 350
517, 78, 491
518, 369, 393
519, 389, 426
520, 182, 484
521, 617, 700
522, 423, 666
523, 190, 921
524, 417, 851
525, 359, 447
526, 929, 987
527, 696, 798
528, 124, 759
529, 16, 553
530, 39, 338
531, 267, 756
532, 655, 920
533, 397, 554
534, 221, 779
535, 35, 255
536, 95, 421
537, 88, 526
538, 178, 427
539, 374, 385
540, 317, 892
541, 960, 978
542, 185, 475
543, 64, 160
544, 247, 498
545, 293, 777
546, 301, 614
547, 251, 406
548, 23, 942
549, 25, 525
550, 287, 628
551, 322, 580
552, 503, 705
553, 707, 893
554, 394, 631
555, 72, 664
556, 289, 496
557, 136, 234
558, 152, 280
559, 102, 821
560, 61, 713
561, 327, 866
562, 194, 535
563, 873, 923
564, 318, 974
565, 489, 645
566, 273, 807
567, 46, 890
568, 388, 706
569, 180, 425
570, 279, 716
571, 564, 797
572, 408, 724
573, 469, 838
574, 228, 741
575, 161, 522
576, 375, 885
577, 373, 534
578, 437, 454
579, 275, 635
580, 731, 919
581, 54, 429
582, 348, 814
583, 187, 751
584, 511, 995
585, 265, 944
586, 852, 857
587, 92, 997
588, 85, 600
589, 1, 658
590, 472, 518
591, 14, 274
592, 27, 859
593, 732, 941
594, 109, 787
595, 131, 806
596, 71, 744
597, 474, 930
598, 75, 459
599, 517, 711
600, 89, 789
601, 155, 561
602, 652, 954
603, 383, 790
604, 7, 288
605, 45, 689
606, 606, 881
607, 147, 653
608, 602, 719
609, 309, 378
610, 20, 360
611, 219, 965
612, 183, 684
613, 647, 971
614, 55, 436
615, 482, 876
616, 823, 889
617, 396, 660
618, 573, 786
619, 377, 936
620, 721, 986
621, 33, 278
622, 346, 515
623, 697, 896
624, 577, 766
625, 589, 601
626, 356, 850
627, 321, 686
628, 557, 723
629, 242, 299
630, 76, 166
631, 306, 702
632, 49, 781
633, 171, 785
634, 558, 667
635, 874, 993
636, 84, 212
637, 842, 915
638, 142, 380
639, 863, 879
640, 201, 476
641, 584, 774
642, 94, 200
643, 344, 643
644, 358, 537
645, 752, 989
646, 41, 47
647, 141, 776
648, 710, 800
649, 544, 878
650, 367, 949
651, 3, 931
652, 80, 860
653, 455, 982
654, 531, 882
655, 755, 827
656, 270, 627
657, 146, 765
658, 170, 925
659, 607, 623
660, 620, 994
661, 493, 939
662, 164, 968
663, 157, 224
664, 308, 371
665, 257, 815
666, 520, 726
667, 38, 868
668, 29, 780
669, 79, 956
670, 223, 468
671, 540, 937
672, 19, 753
673, 379, 598
674, 261, 767
675, 139, 416
676, 611, 714
677, 259, 487
678, 466, 796
679, 244, 911
680, 497, 730
681, 712, 791
682, 400, 763
683, 202, 948
684, 325, 816
685, 237, 594
686, 199, 339
687, 683, 811
688, 192, 368
689, 581, 999
690, 370, 453
691, 502, 839
692, 633, 708
693, 181, 969
694, 438, 656
695, 216, 470
696, 8, 887
697, 57, 938
698, 366, 808
699, 268, 549
700, 413, 690
701, 191, 640
702, 330, 662
703, 316, 825
704, 659, 1000
705, 245, 984
706, 30, 74
707, 745, 934
708, 357, 784
709, 159, 704
710, 634, 940
711, 533, 846
712, 63, 340
713, 444, 688
714, 283, 812
715, 563, 590
716, 210, 729
717, 467, 644
718, 48, 409
719, 243, 384
720, 60, 81
721, 126, 736
722, 314, 451
723, 52, 292
724, 110, 326
725, 616, 845
726, 297, 991
727, 794, 853
728, 528, 904
729, 137, 140
730, 494, 593
731, 291, 933
732, 24, 432
733, 391, 746
734, 6, 922
735, 661, 748
736, 556, 836
737, 156, 362
738, 382, 742
739, 179, 672
740, 22, 900
741, 313, 619
742, 778, 822
743, 818, 967
744, 363, 618
745, 519, 541
746, 402, 801
747, 284, 462
748, 208, 973
749, 331, 670
750, 597, 875
751, 545, 869
752, 583, 733
753, 213, 473
754, 97, 351
755, 204, 277
756, 282, 782
757, 361, 567
758, 162, 510
759, 407, 646
760, 669, 962
761, 332, 717
762, 236, 649
763, 65, 349
764, 410, 599
765, 449, 574
766, 271, 539
767, 69, 492
768, 177, 305
769, 304, 901
770, 189, 834
771, 91, 507
772, 445, 898
773, 163, 981
774, 403, 578
775, 119, 240
776, 418, 895
777, 148, 679
778, 527, 596
779, 186, 448
780, 5, 246
781, 592, 762
782, 250, 996
783, 412, 612
784, 665, 966
785, 260, 486
786, 395, 886
787, 637, 698
788, 603, 833
789, 551, 572
790, 132, 231
791, 98, 958
792, 82, 113
793, 151, 841
794, 58, 450
795, 576, 906
796, 256, 865
797, 727, 872
798, 117, 743
799, 197, 990
800, 625, 961
801, 28, 456
802, 17, 51
803, 4, 295
804, 32, 943
805, 10, 442
806, 115, 302
807, 483, 819
808, 422, 463
809, 43, 894
810, 975, 979
811, 512, 793
812, 490, 626
813, 446, 830
814, 134, 530
815, 40, 977
816, 441, 955
817, 387, 867
818, 53, 294
819, 105, 509
820, 193, 262
821, 258, 747
822, 622, 675
823, 195, 770
824, 2, 73
825, 586, 715
826, 323, 352
827, 435, 992
828, 218, 926
829, 411, 571
830, 591, 883
831, 460, 844
832, 215, 263
833, 307, 555
834, 143, 550
835, 636, 788
836, 205, 404
837, 249, 521
838, 226, 908
839, 99, 957
840, 477, 725
841, 114, 854
842, 319, 760
843, 695, 847
844, 121, 174
845, 37, 575
846, 281, 728
847, 103, 880
848, 248, 682
849, 514, 932
850, 266, 532
851, 217, 668
852, 903, 907
853, 300, 855
854, 149, 676
855, 414, 909
856, 916, 988
857, 345, 609
858, 90, 734
859, 615, 835
860, 222, 505
861, 813, 831
862, 754, 983
863, 184, 817
864, 229, 499
865, 239, 428
866, 543, 950
867, 802, 985
868, 150, 610
869, 9, 329
870, 169, 430
871, 252, 959
872, 464, 914
873, 42, 832
874, 913, 947
875, 642, 804
876, 343, 840
877, 173, 837
878, 196, 927
879, 253, 757
880, 630, 632
881, 127, 206
882, 106, 214
883, 568, 792
884, 56, 296
885, 67, 810
886, 165, 902
887, 111, 276
888, 431, 687
889, 154, 235
890, 399, 828
891, 153, 424
892, 86, 897
893, 335, 905
894, 336, 980
895, 737, 783
896, 805, 824
897, 241, 963
898, 809, 946
899, 415, 849
900, 303, 604
901, 341, 570
902, 50, 749
903, 420, 639
904, 709, 924
905, 13, 129
906, 681, 951
907, 605, 648
908, 546, 739
909, 722, 870
910, 107, 238
911, 910, 918
912, 31, 77
913, 372, 595
914, 120, 562
915, 680, 964
916, 83, 693
917, 772, 871
918, 673, 864
919, 26, 62
920, 167, 928
921, 125, 829
922, 138, 547
923, 116, 891
924, 718, 775
925, 112, 738
926, 342, 481
927, 465, 769
928, 461, 674
929, 18, 536
930, 108, 917
931, 315, 613
932, 128, 333
933, 458, 976
934, 542, 862
935, 230, 565
936, 773, 945
937, 135, 145
938, 227, 758
939, 392, 877
940, 133, 233
941, 524, 861
942, 324, 381
943, 495, 650
944, 480, 516
945, 207, 899
946, 104, 440
947, 376, 501
948, 66, 803
949, 588, 761
950, 504, 694
951, 320, 500
952, 44, 479
953, 624, 638
954, 439, 970
955, 59, 285
956, 699, 701
957, 579, 795
958, 843, 856
959, 11, 641
960, 529, 691
961, 225, 386
962, 685, 972
963, 471, 740
964, 144, 232
965, 559, 569
966, 703, 720
967, 488, 585
968, 264, 608
969, 290, 735
970, 523, 764
971, 176, 799
972, 298, 629
973, 96, 678
974, 12, 168
975, 123, 347
976, 254, 353
977, 15, 560
978, 220, 398
979, 621, 858
980, 771, 952
981, 36, 365
982, 457, 768
983, 68, 508
984, 401, 587
985, 485, 935
986, 677, 888
987, 122, 272
988, 203, 310
989, 354, 820
990, 328, 434
991, 34, 101
992, 452, 506
993, 334, 390
994, 130, 582
995, 269, 953
996, 158, 651
997, 21, 198
998, 175, 826
999, 172, 311
1000, 209, 355
1001, 623, 766
1002, 108, 586
1003, 512, 952
1004, 692, 781
1005, 74, 75
1006, 142, 861
1007, 124, 213
1008, 393, 765
1009, 207, 995
1010, 677, 686
1011, 73, 272
1012, 469, 981
1013, 437, 587
1014, 374, 762
1015, 1, 133
1016, 760, 929
1017, 20, 580
1018, 594, 879
1019, 685, 968
1020, 195, 372
1021, 350, 917
1022, 319, 799
1023, 147, 578
1024, 418, 785
1025, 97, 281
1026, 539, 876
1027, 39, 837
1028, 296, 945
1029, 171, 628
1030, 242, 442
1031, 49, 726
1032, 631, 691
1033, 369, 863
1034, 400, 443
1035, 308, 852
1036, 475, 712
1037, 84, 114
1038, 270, 314
1039, 655, 770
1040, 523, 934
1041, 599, 661
1042, 200, 653
1043, 197, 938
1044, 500, 862
1045, 376, 568
1046, 433, 505
1047, 803, 964
1048, 567, 957
1049, 208, 498
1050, 189, 752
1051, 190, 472
1052, 93, 128
1053, 575, 796
1054, 118, 931
1055, 519, 997
1056, 45, 833
1057, 409, 499
1058, 707, 896
1059, 311, 820
1060, 2, 545
1061, 187, 231
1062, 607, 754
1063, 154, 614
1064, 179, 251
1065, 265, 649
1066, 669, 884
1067, 22, 157
1068, 138, 571
1069, 68, 474
1070, 455, 832
1071, 280, 638
1072, 55, 163
1073, 223, 630
1074, 422, 615
1075, 94, 536
1076, 277, 848
1077, 868, 993
1078, 194, 363
1079, 77, 344
1080, 547, 869
1081, 646, 774
1082, 510, 746
1083, 59, 389
1084, 201, 569
1085, 379, 976
1086, 829, 991
1087, 71, 225
1088, 82, 354
1089, 295, 315
1090, 27, 490
1091, 13, 695
1092, 6, 105
1093, 816, 939
1094, 891, 915
1095, 58, 217
1096, 202, 514
1097, 506, 743
1098, 553, 721
1099, 548, 737
1100, 436, 961
1101, 342, 373
1102, 99, 332
1103, 439, 902
1104, 543, 716
1105, 144, 579
1106, 122, 657
1107, 164, 330
1108, 126, 585
1109, 216, 381
1110, 258, 769
1111, 286, 492
1112, 232, 802
1113, 173, 805
1114, 141, 831
1115, 421, 822
1116, 465, 718
1117, 476, 564
1118, 23, 791
1119, 191, 635
1120, 284, 782
1121, 271, 291
1122, 427, 840
1123, 243, 597
1124, 211, 893
1125, 441, 588
1126, 17, 459
1127, 241, 356
1128, 100, 511
1129, 632, 667
1130, 111, 468
1131, 259, 320
1132, 405, 845
1133, 113, 694
1134, 130, 701
1135, 353, 642
1136, 167, 432
1137, 501, 738
1138, 104, 719
1139, 345, 452
1140, 31, 312
1141, 233, 798
1142, 885, 927
1143, 64, 889
1144, 224, 397
1145, 382, 899
1146, 411, 839
1147, 755, 921
1148, 193, 515
1149, 710, 971
1150, 900, 980
1151, 63, 139
1152, 238, 689
1153, 222, 800
1154, 33, 834
1155, 456, 581
1156, 290, 495
1157, 740, 838
1158, 399, 911
1159, 294, 867
1160, 313, 457
1161, 788, 826
1162, 196, 956
1163, 220, 827
1164, 671, 916
1165, 340, 394
1166, 365, 406
1167, 341, 384
1168, 236, 784
1169, 325, 380
1170, 289, 751
1171, 491, 808
1172, 489, 496
1173, 212, 326
1174, 10, 780
1175, 601, 859
1176, 19, 254
1177, 159, 561
1178, 26, 95
1179, 78, 366
1180, 414, 898
1181, 329, 408
1182, 602, 897
1183, 676, 910
1184, 41, 250
1185, 129, 283
1186, 767, 851
1187, 416, 683
1188, 415, 779
1189, 83, 426
1190, 310, 996
1191, 43, 268
1192, 337, 702
1193, 255, 633
1194, 51, 941
1195, 351, 892
1196, 67, 221
1197, 612, 627
1198, 177, 525
1199, 322, 664
1200, 92, 872
1201, 605, 714
1202, 62, 813
1203, 300, 641
1204, 388, 982
1205, 497, 595
1206, 305, 739
1207, 103, 360
1208, 304, 546
1209, 102, 458
1210, 777, 909
1211, 282, 479
1212, 522, 720
1213, 203, 306
1214, 733, 937
1215, 267, 878
1216, 9, 398
1217, 215, 672
1218, 136, 518
1219, 621, 756
1220, 651, 786
1221, 276, 656
1222, 666, 985
1223, 79, 954
1224, 819, 974
1225, 210, 566
1226, 235, 988
1227, 463, 992
1228, 176, 285
1229, 460, 624
1230, 355, 904
1231, 558, 768
1232, 18, 477
1233, 517, 865
1234, 395, 634
1235, 180, 562
1236, 521, 849
1237, 198, 850
1238, 244, 247
1239, 117, 609
1240, 385, 670
1241, 688, 841
1242, 309, 419
1243, 274, 1000
1244, 814, 928
1245, 375, 824
1246, 361, 757
1247, 582, 715
1248, 494, 810
1249, 158, 338
1250, 52, 890
1251, 183, 425
1252, 541, 620
1253, 693, 871
1254, 8, 462
1255, 181, 943
1256, 870, 877
1257, 636, 640
1258, 503, 556
1259, 228, 410
1260, 89, 172
1261, 278, 844
1262, 747, 817
1263, 912, 944
1264, 204, 866
1265, 279, 989
1266, 76, 358
1267, 86, 815
1268, 234, 888
1269, 112, 946
1270, 80, 812
1271, 668, 764
1272, 40, 936
1273, 155, 367
1274, 12, 935
1275, 5, 565
1276, 534, 552
1277, 60, 110
1278, 275, 371
1279, 343, 560
1280, 227, 377
1281, 447, 895
1282, 143, 790
1283, 598, 730
1284, 711, 922
1285, 301, 883
1286, 287, 857
1287, 654, 864
1288, 85, 741
1289, 789, 978
1290, 205, 807
1291, 28, 248
1292, 645, 854
1293, 775, 793
1294, 818, 920
1295, 524, 979
1296, 249, 699
1297, 266, 963
1298, 445, 538
1299, 178, 930
1300, 678, 703
1301, 134, 412
1302, 386, 429
1303, 335, 736
1304, 387, 464
1305, 616, 821
1306, 316, 674
1307, 252, 855
1308, 516, 773
1309, 593, 950
1310, 48, 349
1311, 263, 542
1312, 401, 555
1313, 87, 493
1314, 132, 209
1315, 481, 544
1316, 292, 526
1317, 98, 697
1318, 269, 583
1319, 449, 482
1320, 32, 619
1321, 36, 245
1322, 3, 847
1323, 705, 913
1324, 298, 970
1325, 328, 990
1326, 533, 965
1327, 37, 347
1328, 148, 809
1329, 783, 958
1330, 116, 120
1331, 317, 629
1332, 925, 953
1333, 483, 801
1334, 182, 434
1335, 348, 625
1336, 70, 230
1337, 253, 706
1338, 38, 709
1339, 30, 590
1340, 206, 219
1341, 151, 728
1342, 368, 998
1343, 293, 708
1344, 467, 772
1345, 140, 874
1346, 119, 378
1347, 390, 811
1348, 318, 663
1349, 430, 771
1350, 288, 987
1351, 146, 682
1352, 4, 675
1353, 577, 763
1354, 734, 951
1355, 444, 745
1356, 327, 983
1357, 174, 175
1358, 168, 650
1359, 145, 576
1360, 257, 591
1361, 717, 966
1362, 149, 894
1363, 787, 994
1364, 214, 273
1365, 362, 679
1366, 162, 396
1367, 480, 596
1368, 323, 600
1369, 370, 732
1370, 169, 680
1371, 135, 364
1372, 502, 960
1373, 451, 919
1374, 557, 967
1375, 520, 622
1376, 161, 391
1377, 359, 637
1378, 260, 959
1379, 574, 933
1380, 404, 485
1381, 7, 662
1382, 321, 551
1383, 407, 846
1384, 748, 940
1385, 192, 969
1386, 698, 836
1387, 91, 804
1388, 160, 239
1389, 170, 402
1390, 261, 554
1391, 226, 825
1392, 478, 647
1393, 835, 947
1394, 34, 704
1395, 61, 537
1396, 25, 156
1397, 333, 603
1398, 121, 357
1399, 729, 918
1400, 438, 461
1401, 65, 652
1402, 446, 908
1403, 123, 237
1404, 307, 528
1405, 660, 744
1406, 14, 47
1407, 218, 975
1408, 153, 795
1409, 735, 823
1410, 81, 794
1411, 473, 563
1412, 229, 610
1413, 559, 723
1414, 324, 643
1415, 50, 471
1416, 453, 611
1417, 101, 508
1418, 336, 687
1419, 54, 648
1420, 504, 903
1421, 46, 681
1422, 150, 431
1423, 424, 759
1424, 658, 972
1425, 450, 907
1426, 403, 858
1427, 584, 806
1428, 16, 550
1429, 152, 856
1430, 165, 532
1431, 860, 984
1432, 334, 761
1433, 11, 185
1434, 413, 618
1435, 592, 696
1436, 830, 977
1437, 420, 901
1438, 88, 302
1439, 540, 923
1440, 875, 906
1441, 21, 749
1442, 530, 842
1443, 644, 905
1444, 131, 665
1445, 53, 914
1446, 96, 926
1447, 127, 949
1448, 470, 962
1449, 428, 886
1450, 488, 573
1451, 417, 724
1452, 435, 487
1453, 722, 758
1454, 90, 466
1455, 513, 887
1456, 166, 753
1457, 125, 608
1458, 448, 731
1459, 184, 589
1460, 109, 673
1461, 690, 924
1462, 606, 843
1463, 440, 999
1464, 626, 973
1465, 331, 549
1466, 106, 509
1467, 246, 264
1468, 44, 262
1469, 57, 137
1470, 15, 107
1471, 750, 880
1472, 42, 725
1473, 240, 572
1474, 454, 507
1475, 531, 776
1476, 72, 346
1477, 56, 942
1478, 188, 948
1479, 423, 932
1480, 24, 700
1481, 570, 684
1482, 297, 727
1483, 383, 604
1484, 527, 986
1485, 29, 792
1486, 256, 882
1487, 392, 828
1488, 486, 797
1489, 639, 659
1490, 529, 955
1491, 778, 881
1492, 303, 742
1493, 186, 339
1494, 617, 713
1495, 35, 352
1496, 66, 853
1497, 69, 873
1498, 115, 535
1499, 299, 613
1500, 199, 484
1501, 772, 787
1502, 462, 709
1503, 410, 630
1504, 699, 775
1505, 398, 950
1506, 86, 764
1507, 2, 786
1508, 239, 554
1509, 912, 983
1510, 51, 535
1511, 599, 751
1512, 123, 180
1513, 189, 347
1514, 122, 817
1515, 395, 782
1516, 697, 921
1517, 100, 665
1518, 528, 607
1519, 125, 669
1520, 883, 958
1521, 69, 275
1522, 476, 935
1523, 77, 676
1524, 28, 187
1525, 461, 469
1526, 928, 946
1527, 101, 498
1528, 164, 768
1529, 604, 605
1530, 12, 500
1531, 71, 262
1532, 609, 845
1533, 70, 332
1534, 932, 943
1535, 308, 343
1536, 326, 965
1537, 771, 949
1538, 106, 598
1539, 900, 934
1540, 641, 650
1541, 6, 266
1542, 213, 627
1543, 109, 115
1544, 399, 859
1545, 67, 887
1546, 165, 389
1547, 37, 651
1548, 269, 448
1549, 374, 638
1550, 65, 223
1551, 34, 920
1552, 229, 745
1553, 155, 611
1554, 427, 633
1555, 300, 415
1556, 148, 335
1557, 3, 895
1558, 201, 753
1559, 636, 875
1560, 458, 507
1561, 789, 986
1562, 63, 973
1563, 898, 923
1564, 58, 938
1565, 16, 285
1566, 512, 727
1567, 340, 591
1568, 124, 342
1569, 111, 321
1570, 346, 724
1571, 525, 734
1572, 206, 988
1573, 680, 941
1574, 383, 661
1575, 274, 319
1576, 370, 833
1577, 451, 666
1578, 670, 968
1579, 715, 792
1580, 255, 657
1581, 173, 192
1582, 139, 281
1583, 80, 763
1584, 841, 980
1585, 693, 788
1586, 66, 936
1587, 84, 689
1588, 586, 750
1589, 303, 798
1590, 159, 901
1591, 75, 718
1592, 366, 720
1593, 102, 629
1594, 258, 924
1595, 735, 839
1596, 241, 726
1597, 208, 260
1598, 474, 990
1599, 288, 942
1600, 299, 585
1601, 219, 436
1602, 298, 760
1603, 679, 809
1604, 177, 785
1605, 741, 953
1606, 802, 927
1607, 268, 354
1608, 853, 956
1609, 485, 712
1610, 166, 529
1611, 130, 758
1612, 456, 618
1613, 418, 747
1614, 361, 725
1615, 245, 538
1616, 784, 796
1617, 569, 780
1618, 480, 542
1619, 129, 866
1620, 870, 971
1621, 686, 733
1622, 438, 482
1623, 81, 446
1624, 297, 431
1625, 441, 999
1626, 800, 981
1627, 157, 822
1628, 487, 801
1629, 4, 175
1630, 445, 464
1631, 182, 220
1632, 25, 92
1633, 654, 714
1634, 472, 674
1635, 50, 449
1636, 273, 477
1637, 150, 857
1638, 141, 400
1639, 82, 509
1640, 38, 874
1641, 376, 738
1642, 447, 791
1643, 174, 553
1644, 222, 756
1645, 401, 929
1646, 371, 799
1647, 852, 854
1648, 8, 708
1649, 55, 773
1650, 840, 966
1651, 79, 972
1652, 202, 504
1653, 95, 834
1654, 9, 200
1655, 562, 905
1656, 315, 471
1657, 19, 360
1658, 459, 601
1659, 426, 961
1660, 57, 256
1661, 17, 417
1662, 163, 227
1663, 419, 731
1664, 539, 545
1665, 235, 278
1666, 110, 359
1667, 144, 277
1668, 41, 692
1669, 848, 998
1670, 136, 948
1671, 602, 880
1672, 382, 744
1673, 682, 914
1674, 584, 681
1675, 279, 407
1676, 94, 294
1677, 302, 341
1678, 225, 575
1679, 325, 703
1680, 133, 287
1681, 183, 903
1682, 96, 440
1683, 690, 967
1684, 358, 568
1685, 497, 746
1686, 18, 263
1687, 112, 405
1688, 59, 831
1689, 309, 616
1690, 212, 373
1691, 231, 540
1692, 156, 769
1693, 117, 254
1694, 26, 894
1695, 411, 434
1696, 52, 888
1697, 490, 779
1698, 179, 815
1699, 571, 892
1700, 336, 996
1701, 210, 211
1702, 236, 414
1703, 728, 951
1704, 62, 596
1705, 610, 906
1706, 264, 995
1707, 380, 620
1708, 161, 314
1709, 381, 615
1710, 131, 864
1711, 7, 74
1712, 876, 915
1713, 31, 909
1714, 344, 409
1715, 372, 465
1716, 320, 564
1717, 238, 473
1718, 385, 603
1719, 280, 818
1720, 671, 977
1721, 729, 872
1722, 246, 656
1723, 138, 151
1724, 329, 527
1725, 216, 978
1726, 433, 759
1727, 23, 178
1728, 593, 696
1729, 520, 594
1730, 88, 286
1731, 494, 790
1732, 249, 710
1733, 455, 483
1734, 22, 49
1735, 272, 623
1736, 421, 683
1737, 160, 393
1738, 205, 491
1739, 45, 99
1740, 248, 804
1741, 339, 821
1742, 752, 803
1743, 672, 1000
1744, 40, 723
1745, 317, 574
1746, 481, 578
1747, 647, 826
1748, 181, 993
1749, 143, 558
1750, 517, 997
1751, 145, 233
1752, 304, 673
1753, 614, 867
1754, 632, 899
1755, 24, 694
1756, 475, 970
1757, 479, 794
1758, 375, 416
1759, 306, 333
1760, 533, 619
1761, 403, 807
1762, 293, 322
1763, 675, 937
1764, 103, 307
1765, 583, 878
1766, 29, 365
1767, 582, 963
1768, 10, 90
1769, 331, 819
1770, 743, 926
1771, 128, 318
1772, 108, 423
1773, 197, 861
1774, 489, 534
1775, 637, 659
1776, 652, 719
1777, 510, 518
1778, 454, 836
1779, 147, 974
1780, 87, 484
1781, 516, 907
1782, 730, 865
1783, 73, 631
1784, 543, 902
1785, 312, 345
1786, 486, 502
1787, 185, 590
1788, 195, 349
1789, 251, 432
1790, 364, 677
1791, 868, 919
1792, 97, 706
1793, 644, 646
1794, 146, 167
1795, 242, 541
1796, 532, 737
1797, 355, 544
1798, 910, 994
1799, 311, 424
1800, 367, 589
1801, 572, 664
1802, 204, 653
1803, 463, 808
1804, 357, 881
1805, 250, 925
1806, 217, 975
1807, 530, 767
1808, 721, 722
1809, 422, 537
1810, 420, 660
1811, 316, 969
1812, 120, 352
1813, 14, 556
1814, 259, 781
1815, 43, 663
1816, 701, 945
1817, 39, 524
1818, 132, 891
1819, 523, 658
1820, 643, 774
1821, 327, 882
1822, 119, 649
1823, 169, 209
1824, 193, 877
1825, 581, 964
1826, 135, 330
1827, 338, 628
1828, 576, 783
1829, 324, 645
1830, 567, 635
1831, 295, 705
1832, 379, 835
1833, 221, 313
1834, 44, 565
1835, 93, 842
1836, 186, 191
1837, 207, 511
1838, 253, 778
1839, 691, 832
1840, 240, 577
1841, 68, 749
1842, 116, 885
1843, 20, 687
1844, 198, 230
1845, 27, 551
1846, 105, 844
1847, 270, 296
1848, 531, 770
1849, 495, 755
1850, 356, 897
1851, 685, 776
1852, 56, 856
1853, 850, 873
1854, 30, 184
1855, 170, 397
1856, 408, 642
1857, 503, 869
1858, 60, 247
1859, 546, 595
1860, 21, 42
1861, 114, 991
1862, 695, 711
1863, 64, 849
1864, 194, 552
1865, 218, 757
1866, 33, 113
1867, 573, 765
1868, 53, 522
1869, 428, 450
1870, 513, 600
1871, 394, 443
1872, 158, 606
1873, 467, 662
1874, 413, 570
1875, 11, 550
1876, 879, 944
1877, 107, 289
1878, 351, 499
1879, 171, 579
1880, 684, 984
1881, 1, 739
1882, 810, 855
1883, 72, 748
1884, 384, 548
1885, 140, 766
1886, 811, 860
1887, 188, 559
1888, 162, 940
1889, 83, 716
1890, 154, 825
1891, 435, 555
1892, 348, 460
1893, 134, 505
1894, 353, 742
1895, 893, 989
1896, 439, 626
1897, 48, 985
1898, 152, 933
1899, 85, 793
1900, 214, 863
1901, 215, 824
1902, 176, 199
1903, 404, 911
1904, 153, 761
1905, 470, 889
1906, 35, 291
1907, 707, 862
1908, 386, 813
1909, 547, 962
1910, 271, 608
1911, 127, 904
1912, 369, 930
1913, 142, 588
1914, 257, 828
1915, 323, 406
1916, 858, 979
1917, 823, 957
1918, 492, 717
1919, 76, 625
1920, 754, 890
1921, 261, 736
1922, 196, 732
1923, 566, 827
1924, 292, 688
1925, 453, 820
1926, 396, 992
1927, 168, 655
1928, 391, 952
1929, 468, 587
1930, 425, 812
1931, 908, 955
1932, 32, 634
1933, 814, 960
1934, 104, 884
1935, 563, 947
1936, 237, 506
1937, 334, 777
1938, 466, 526
1939, 560, 713
1940, 78, 452
1941, 667, 830
1942, 310, 871
1943, 149, 301
1944, 15, 846
1945, 305, 816
1946, 46, 617
1947, 244, 640
1948, 388, 429
1949, 284, 740
1950, 282, 493
1951, 203, 762
1952, 916, 954
1953, 501, 613
1954, 265, 350
1955, 172, 488
1956, 118, 797
1957, 457, 805
1958, 621, 847
1959, 234, 624
1960, 362, 557
1961, 137, 597
1962, 89, 592
1963, 54, 795
1964, 232, 700
1965, 243, 913
1966, 668, 976
1967, 402, 648
1968, 496, 519
1969, 430, 442
1970, 437, 931
1971, 622, 917
1972, 121, 337
1973, 378, 702
1974, 226, 478
1975, 13, 704
1976, 47, 267
1977, 252, 639
1978, 91, 561
1979, 549, 829
1980, 368, 521
1981, 412, 843
1982, 377, 515
1983, 126, 678
1984, 290, 328
1985, 61, 896
1986, 5, 939
1987, 228, 508
1988, 224, 886
1989, 276, 959
1990, 612, 987
1991, 838, 982
1992, 698, 922
1993, 36, 444
1994, 283, 918
1995, 837, 851
1996, 98, 390
1997, 363, 392
1998, 580, 806
1999, 190, 514
2000, 387, 536
2001, 101, 336
2002, 418, 767
2003, 140, 172
2004, 396, 466
2005, 123, 928
2006, 558, 962
2007, 532, 603
2008, 13, 289
2009, 717, 960
2010, 590, 936
2011, 215, 867
2012, 307, 919
2013, 97, 440
2014, 499, 874
2015, 794, 925
2016, 803, 866
2017, 69, 971
2018, 379, 623
2019, 230, 859
2020, 116, 749
2021, 58, 789
2022, 454, 897
2023, 317, 386
2024, 171, 799
2025, 342, 703
2026, 664, 694
2027, 111, 238
2028, 89, 269
2029, 488, 724
2030, 258, 839
2031, 465, 647
2032, 498, 758
2033, 190, 463
2034, 826, 864
2035, 137, 791
2036, 479, 709
2037, 765, 880
2038, 7, 687
2039, 39, 130
2040, 207, 574
2041, 476, 688
2042, 242, 493
2043, 62, 814
2044, 387, 842
2045, 15, 785
2046, 280, 861
2047, 822, 860
2048, 259, 492
2049, 195, 876
2050, 265, 984
2051, 30, 720
2052, 216, 360
2053, 344, 807
2054, 382, 432
2055, 169, 502
2056, 224, 389
2057, 149, 926
2058, 365, 595
2059, 820, 917
2060, 500, 564
2061, 319, 512
2062, 261, 972
2063, 43, 565
2064, 448, 734
2065, 2, 620
2066, 225, 871
2067, 212, 844
2068, 131, 483
2069, 621, 920
2070, 567, 644
2071, 750, 838
2072, 430, 806
2073, 8, 932
2074, 762, 809
2075, 95, 354
2076, 206, 719
2077, 194, 728
2078, 133, 611
2079, 737, 983
2080, 3, 906
2081, 885, 896
2082, 362, 890
2083, 11, 625
2084, 385, 641
2085, 562, 670
2086, 80, 679
2087, 120, 388
2088, 144, 643
2089, 554, 751
2090, 252, 731
2091, 18, 45
2092, 682, 909
2093, 46, 834
2094, 605, 883
2095, 380, 840
2096, 229, 618
2097, 333, 914
2098, 421, 707
2099, 935, 992
2100, 40, 376
2101, 256, 777
2102, 373, 656
2103, 534, 733
2104, 211, 293
2105, 568, 940
2106, 4, 132
2107, 425, 657
2108, 510, 857
2109, 192, 585
2110, 684, 796
2111, 456, 528
2112, 33, 329
2113, 545, 973
2114, 209, 854
2115, 458, 716
2116, 964, 979
2117, 352, 474
2118, 127, 946
2119, 112, 415
2120, 235, 738
2121, 250, 291
2122, 198, 954
2123, 426, 437
2124, 480, 982
2125, 462, 710
2126, 494, 757
2127, 650, 985
2128, 55, 855
2129, 337, 872
2130, 398, 571
2131, 129, 302
2132, 139, 444
2133, 340, 761
2134, 626, 868
2135, 237, 326
2136, 245, 755
2137, 175, 619
2138, 445, 675
2139, 88, 572
2140, 485, 937
2141, 810, 949
2142, 531, 575
2143, 179, 579
2144, 49, 869
2145, 597, 911
2146, 152, 529
2147, 48, 408
2148, 217, 533
2149, 471, 851
2150, 53, 158
2151, 541, 663
2152, 241, 800
2153, 21, 787
2154, 135, 174
2155, 473, 818
2156, 270, 908
2157, 515, 660
2158, 71, 484
2159, 526, 630
2160, 617, 899
2161, 164, 423
2162, 74, 547
2163, 113, 628
2164, 10, 347
2165, 297, 726
2166, 345, 997
2167, 570, 968
2168, 277, 615
2169, 699, 986
2170, 231, 745
2171, 220, 887
2172, 262, 640
2173, 652, 790
2174, 582, 843
2175, 145, 378
2176, 672, 953
2177, 17, 706
2178, 148, 156
2179, 267, 943
2180, 278, 468
2181, 821, 990
2182, 530, 566
2183, 433, 517
2184, 701, 828
2185, 495, 989
2186, 32, 457
2187, 461, 967
2188, 203, 942
2189, 271, 981
2190, 188, 405
2191, 51, 633
2192, 394, 708
2193, 455, 927
2194, 366, 559
2195, 886, 934
2196, 328, 577
2197, 924, 929
2198, 24, 240
2199, 467, 783
2200, 134, 202
2201, 836, 931
2202, 52, 951
2203, 659, 774
2204, 827, 837
2205, 587, 770
2206, 477, 768
2207, 335, 346
2208, 29, 690
2209, 260, 295
2210, 272, 829
2211, 98, 434
2212, 204, 725
2213, 6, 998
2214, 443, 596
2215, 246, 560
2216, 47, 431
2217, 205, 522
2218, 436, 486
2219, 187, 739
2220, 64, 189
2221, 244, 263
2222, 524, 705
2223, 276, 598
2224, 292, 435
2225, 1, 339
2226, 542, 955
2227, 412, 722
2228, 257, 489
2229, 438, 606
2230, 193, 286
2231, 417, 581
2232, 356, 667
2233, 460, 879
2234, 407, 674
2235, 181, 519
2236, 535, 743
2237, 662, 877
2238, 447, 507
2239, 808, 847
2240, 372, 958
2241, 284, 323
2242, 38, 305
2243, 511, 551
2244, 68, 75
2245, 390, 711
2246, 22, 732
2247, 715, 957
2248, 102, 299
2249, 478, 666
2250, 543, 584
2251, 301, 714
2252, 383, 520
2253, 569, 637
2254, 208, 692
2255, 191, 508
2256, 359, 729
2257, 613, 849
2258, 802, 987
2259, 87, 104
2260, 775, 888
2261, 153, 266
2262, 368, 923
2263, 105, 683
2264, 154, 546
2265, 141, 636
2266, 110, 147
2267, 162, 680
2268, 324, 377
2269, 427, 905
2270, 160, 786
2271, 330, 975
2272, 835, 912
2273, 96, 513
2274, 384, 693
2275, 20, 285
2276, 166, 965
2277, 227, 298
2278, 315, 459
2279, 406, 413
2280, 505, 825
2281, 183, 491
2282, 402, 903
2283, 290, 446
2284, 26, 222
2285, 90, 723
2286, 691, 759
2287, 371, 974
2288, 320, 712
2289, 779, 969
2290, 450, 846
2291, 114, 583
2292, 36, 167
2293, 150, 403
2294, 686, 824
2295, 902, 993
2296, 367, 482
2297, 92, 350
2298, 848, 875
2299, 85, 893
2300, 685, 863
2301, 422, 622
2302, 392, 586
2303, 99, 780
2304, 228, 624
2305, 833, 891
2306, 182, 665
2307, 77, 773
2308, 830, 841
2309, 121, 961
2310, 248, 651
2311, 357, 938
2312, 594, 831
2313, 537, 889
2314, 451, 730
2315, 697, 898
2316, 168, 552
2317, 76, 702
2318, 318, 506
2319, 57, 232
2320, 37, 858
2321, 236, 573
2322, 275, 922
2323, 61, 538
2324, 763, 930
2325, 218, 331
2326, 873, 947
2327, 255, 704
2328, 654, 795
2329, 73, 540
2330, 419, 678
2331, 25, 126
2332, 9, 950
2333, 375, 793
2334, 106, 752
2335, 251, 610
2336, 199, 895
2337, 274, 629
2338, 56, 312
2339, 233, 784
2340, 428, 736
2341, 309, 948
2342, 424, 639
2343, 748, 894
2344, 186, 781
2345, 93, 306
2346, 72, 264
2347, 35, 490
2348, 653, 721
2349, 28, 138
2350, 118, 247
2351, 316, 792
2352, 631, 994
2353, 119, 638
2354, 108, 602
2355, 124, 351
2356, 553, 804
2357, 481, 845
2358, 627, 892
2359, 115, 548
2360, 94, 970
2361, 54, 695
2362, 525, 576
2363, 184, 769
2364, 588, 676
2365, 44, 966
2366, 718, 939
2367, 84, 287
2368, 661, 852
2369, 81, 668
2370, 86, 221
2371, 146, 503
2372, 416, 607
2373, 79, 742
2374, 591, 671
2375, 176, 313
2376, 363, 918
2377, 107, 677
2378, 157, 200
2379, 753, 811
2380, 523, 609
2381, 472, 642
2382, 470, 977
2383, 19, 449
2384, 355, 978
2385, 78, 83
2386, 60, 995
2387, 353, 900
2388, 561, 634
2389, 601, 870
2390, 645, 741
2391, 310, 801
2392, 555, 604
2393, 142, 669
2394, 614, 823
2395, 288, 303
2396, 400, 539
2397, 516, 756
2398, 23, 527
2399, 197, 963
2400, 239, 518
2401, 161, 395
2402, 311, 771
2403, 196, 325
2404, 109, 381
2405, 673, 904
2406, 420, 744
2407, 374, 401
2408, 91, 599
2409, 369, 956
2410, 27, 881
2411, 213, 439
2412, 760, 764
2413, 65, 910
2414, 143, 646
2415, 563, 632
2416, 122, 681
2417, 497, 766
2418, 128, 475
2419, 805, 916
2420, 391, 788
2421, 819, 933
2422, 59, 991
2423, 103, 279
2424, 404, 878
2425, 16, 698
2426, 300, 1000
2427, 341, 593
2428, 592, 735
2429, 453, 557
2430, 180, 578
2431, 223, 254
2432, 249, 959
2433, 501, 649
2434, 210, 696
2435, 850, 907
2436, 63, 798
2437, 31, 304
2438, 817, 915
2439, 41, 778
2440, 268, 901
2441, 655, 944
2442, 414, 746
2443, 125, 913
2444, 177, 399
2445, 370, 856
2446, 50, 397
2447, 173, 283
2448, 163, 727
2449, 988, 999
2450, 348, 549
2451, 219, 754
2452, 332, 364
2453, 589, 700
2454, 740, 976
2455, 151, 544
2456, 580, 612
2457, 273, 689
2458, 214, 616
2459, 165, 452
2460, 635, 747
2461, 338, 816
2462, 321, 862
2463, 14, 294
2464, 442, 496
2465, 429, 865
2466, 117, 713
2467, 487, 797
2468, 469, 776
2469, 282, 884
2470, 343, 410
2471, 67, 832
2472, 42, 509
2473, 201, 234
2474, 853, 980
2475, 66, 812
2476, 178, 253
2477, 608, 782
2478, 155, 349
2479, 409, 952
2480, 322, 464
2481, 327, 945
2482, 243, 996
2483, 314, 813
2484, 308, 658
2485, 12, 882
2486, 226, 358
2487, 170, 648
2488, 136, 361
2489, 521, 815
2490, 441, 550
2491, 34, 393
2492, 536, 772
2493, 296, 504
2494, 70, 281
2495, 100, 514
2496, 159, 941
2497, 82, 411
2498, 334, 556
2499, 5, 921
2500, 185, 600
2501, 691, 921
2502, 312, 387
2503, 361, 783
2504, 288, 649
2505, 32, 264
2506, 253, 740
2507, 69, 794
2508, 353, 440
2509, 637, 864
2510, 761, 830
2511, 426, 658
2512, 40, 140
2513, 586, 903
2514, 471, 486
2515, 591, 628
2516, 654, 702
2517, 509, 982
2518, 235, 817
2519, 7, 910
2520, 103, 631
2521, 259, 379
2522, 41, 113
2523, 307, 733
2524, 583, 841
2525, 526, 978
2526, 538, 878
2527, 262, 521
2528, 48, 227
2529, 208, 294
2530, 109, 734
2531, 496, 877
2532, 393, 953
2533, 514, 821
2534, 191, 412
2535, 42, 138
2536, 88, 502
2537, 131, 744
2538, 320, 640
2539, 666, 674
2540, 697, 996
2541, 608, 751
2542, 226, 435
2543, 153, 784
2544, 61, 71
2545, 128, 676
2546, 383, 914
2547, 323, 758
2548, 47, 747
2549, 50, 722
2550, 165, 432
2551, 33, 106
2552, 836, 969
2553, 595, 838
2554, 23, 581
2555, 516, 551
2556, 116, 534
2557, 446, 929
2558, 43, 75
2559, 274, 571
2560, 451, 618
2561, 206, 314
2562, 318, 685
2563, 594, 998
2564, 107, 788
2565, 214, 984
2566, 373, 453
2567, 389, 977
2568, 197, 266
2569, 334, 816
2570, 130, 363
2571, 623, 749
2572, 491, 933
2573, 44, 952
2574, 826, 895
2575, 12, 700
2576, 315, 825
2577, 464, 813
2578, 22, 584
2579, 198, 204
2580, 299, 799
2581, 438, 922
2582, 362, 754
2583, 209, 988
2584, 10, 295
2585, 400, 568
2586, 119, 146
2587, 433, 465
2588, 577, 956
2589, 301, 543
2590, 375, 796
2591, 671, 682
2592, 19, 277
2593, 625, 948
2594, 519, 851
2595, 890, 990
2596, 365, 633
2597, 141, 804
2598, 559, 592
2599, 78, 414
2600, 210, 809
2601, 546, 798
2602, 139, 417
2603, 237, 616
2604, 578, 732
2605, 286, 340
2606, 5, 381
2607, 166, 974
2608, 115, 429
2609, 174, 487
2610, 54, 84
2611, 328, 711
2612, 292, 574
2613, 620, 791
2614, 4, 585
2615, 331, 672
2616, 504, 755
2617, 26, 632
2618, 445, 750
2619, 341, 474
2620, 25, 780
2621, 178, 217
2622, 263, 507
2623, 376, 737
2624, 408, 520
2625, 396, 963
2626, 34, 170
2627, 285, 857
2628, 77, 448
2629, 80, 719
2630, 706, 846
2631, 650, 886
2632, 193, 425
2633, 117, 736
2634, 29, 768
2635, 93, 243
2636, 355, 479
2637, 476, 678
2638, 447, 959
2639, 212, 832
2640, 127, 767
2641, 59, 811
2642, 279, 617
2643, 358, 655
2644, 57, 211
2645, 125, 610
2646, 49, 570
2647, 297, 369
2648, 255, 823
2649, 468, 704
2650, 265, 954
2651, 172, 364
2652, 493, 905
2653, 144, 812
2654, 644, 738
2655, 39, 367
2656, 157, 881
2657, 698, 713
2658, 18, 748
2659, 382, 883
2660, 293, 979
2661, 542, 912
2662, 155, 171
2663, 173, 924
2664, 566, 657
2665, 306, 814
2666, 67, 726
2667, 132, 463
2668, 539, 720
2669, 336, 647
2670, 696, 995
2671, 194, 839
2672, 725, 909
2673, 284, 917
2674, 163, 366
2675, 613, 934
2676, 597, 652
2677, 180, 999
2678, 13, 645
2679, 105, 835
2680, 466, 865
2681, 108, 505
2682, 394, 773
2683, 450, 745
2684, 187, 549
2685, 587, 901
2686, 260, 935
2687, 3, 547
2688, 441, 544
2689, 156, 576
2690, 723, 776
2691, 168, 919
2692, 258, 844
2693, 273, 964
2694, 728, 854
2695, 129, 406
2696, 99, 765
2697, 8, 524
2698, 238, 627
2699, 74, 152
2700, 477, 686
2701, 562, 931
2702, 806, 831
2703, 575, 837
2704, 81, 96
2705, 401, 407
2706, 162, 329
2707, 772, 892
2708, 248, 739
2709, 322, 391
2710, 256, 848
2711, 413, 876
2712, 291, 695
2713, 598, 894
2714, 234, 975
2715, 800, 923
2716, 111, 677
2717, 803, 850
2718, 311, 343
2719, 289, 458
2720, 822, 847
2721, 510, 764
2722, 337, 769
2723, 195, 561
2724, 492, 958
2725, 779, 962
2726, 469, 820
2727, 51, 359
2728, 201, 759
2729, 560, 753
2730, 236, 310
2731, 653, 669
2732, 866, 942
2733, 482, 843
2734, 557, 789
2735, 192, 278
2736, 497, 815
2737, 94, 216
2738, 327, 992
2739, 79, 169
2740, 680, 950
2741, 380, 639
2742, 133, 641
2743, 612, 693
2744, 333, 518
2745, 308, 411
2746, 98, 473
2747, 246, 1000
2748, 397, 531
2749, 143, 853
2750, 498, 925
2751, 268, 499
2752, 567, 980
2753, 503, 888
2754, 56, 893
2755, 664, 840
2756, 898, 937
2757, 687, 762
2758, 300, 506
2759, 160, 987
2760, 104, 716
2761, 145, 339
2762, 85, 662
2763, 681, 976
2764, 729, 829
2765, 207, 968
2766, 124, 225
2767, 202, 885
2768, 385, 418
2769, 83, 350
2770, 185, 777
2771, 374, 580
2772, 86, 961
2773, 213, 807
2774, 223, 989
2775, 60, 642
2776, 298, 409
2777, 372, 535
2778, 540, 994
2779, 35, 344
2780, 92, 123
2781, 371, 939
2782, 342, 699
2783, 670, 715
2784, 21, 882
2785, 70, 151
2786, 603, 718
2787, 122, 692
2788, 232, 555
2789, 37, 326
2790, 176, 646
2791, 30, 564
2792, 20, 842
2793, 101, 404
2794, 727, 967
2795, 724, 872
2796, 82, 135
2797, 76, 271
2798, 403, 907
2799, 28, 918
2800, 190, 930
2801, 797, 845
2802, 154, 478
2803, 196, 267
2804, 281, 972
2805, 556, 869
2806, 186, 548
2807, 536, 875
2808, 636, 940
2809, 52, 462
2810, 605, 920
2811, 224, 517
2812, 554, 673
2813, 667, 801
2814, 532, 593
2815, 601, 849
2816, 472, 624
2817, 120, 325
2818, 634, 915
2819, 200, 943
2820, 269, 460
2821, 614, 906
2822, 38, 527
2823, 205, 966
2824, 550, 766
2825, 58, 437
2826, 159, 609
2827, 188, 965
2828, 423, 563
2829, 572, 714
2830, 511, 973
2831, 599, 756
2832, 182, 427
2833, 63, 867
2834, 296, 785
2835, 14, 501
2836, 257, 545
2837, 68, 346
2838, 73, 430
2839, 252, 957
2840, 31, 275
2841, 377, 971
2842, 280, 874
2843, 388, 824
2844, 530, 665
2845, 242, 955
2846, 781, 986
2847, 161, 177
2848, 899, 913
2849, 760, 902
2850, 149, 470
2851, 53, 993
2852, 6, 17
2853, 454, 752
2854, 335, 946
2855, 701, 742
2856, 24, 705
2857, 390, 651
2858, 244, 415
2859, 416, 873
2860, 158, 261
2861, 240, 707
2862, 810, 861
2863, 332, 480
2864, 229, 488
2865, 629, 795
2866, 11, 579
2867, 386, 949
2868, 606, 983
2869, 321, 870
2870, 659, 757
2871, 351, 790
2872, 330, 452
2873, 231, 852
2874, 553, 709
2875, 203, 889
2876, 721, 944
2877, 302, 475
2878, 490, 694
2879, 46, 287
2880, 184, 305
2881, 27, 656
2882, 589, 774
2883, 442, 879
2884, 436, 887
2885, 360, 941
2886, 489, 763
2887, 66, 434
2888, 582, 833
2889, 786, 787
2890, 421, 891
2891, 643, 660
2892, 218, 805
2893, 569, 596
2894, 419, 858
2895, 457, 860
2896, 65, 621
2897, 112, 221
2898, 424, 528
2899, 179, 981
2900, 431, 936
2901, 615, 880
2902, 167, 802
2903, 220, 529
2904, 303, 951
2905, 245, 619
2906, 357, 541
2907, 731, 945
2908, 402, 456
2909, 126, 354
2910, 222, 290
2911, 392, 525
2912, 600, 855
2913, 422, 494
2914, 282, 911
2915, 102, 283
2916, 114, 449
2917, 684, 970
2918, 533, 602
2919, 590, 668
2920, 675, 712
2921, 689, 770
2922, 45, 862
2923, 348, 485
2924, 87, 638
2925, 91, 828
2926, 635, 871
2927, 420, 428
2928, 819, 834
2929, 137, 378
2930, 522, 928
2931, 97, 856
2932, 868, 947
2933, 439, 717
2934, 15, 661
2935, 459, 863
2936, 352, 690
2937, 495, 558
2938, 304, 793
2939, 16, 175
2940, 484, 927
2941, 233, 916
2942, 72, 317
2943, 219, 735
2944, 62, 370
2945, 134, 626
2946, 611, 683
2947, 622, 648
2948, 148, 349
2949, 443, 746
2950, 410, 960
2951, 455, 985
2952, 55, 573
2953, 703, 778
2954, 338, 775
2955, 313, 515
2956, 247, 926
2957, 199, 997
2958, 136, 405
2959, 36, 230
2960, 276, 512
2961, 444, 679
2962, 110, 467
2963, 150, 896
2964, 356, 743
2965, 90, 398
2966, 908, 932
2967, 9, 991
2968, 142, 523
2969, 254, 884
2970, 100, 663
2971, 183, 607
2972, 121, 241
2973, 2, 316
2974, 395, 730
2975, 552, 782
2976, 215, 904
2977, 537, 741
2978, 118, 249
2979, 859, 938
2980, 189, 319
2981, 771, 808
2982, 251, 827
2983, 565, 792
2984, 89, 272
2985, 384, 399
2986, 64, 368
2987, 228, 483
2988, 481, 508
2989, 309, 588
2990, 270, 324
2991, 147, 818
2992, 1, 181
2993, 95, 710
2994, 461, 604
2995, 688, 708
2996, 164, 897
2997, 500, 900
2998, 345, 513
2999, 239, 250
3000, 347, 630
3001, 35, 800
3002, 829, 986
3003, 143, 755
3004, 52, 58
3005, 321, 758
3006, 633, 989
3007, 676, 980
3008, 166, 442
3009, 158, 354
3010, 400, 872
3011, 256, 305
3012, 250, 888
3013, 339, 759
3014, 532, 674
3015, 879, 970
3016, 658, 664
3017, 88, 844
3018, 202, 734
3019, 601, 637
3020, 149, 974
3021, 56, 97
3022, 11, 788
3023, 39, 112
3024, 208, 319
3025, 243, 673
3026, 681, 735
3027, 180, 694
3028, 187, 757
3029, 274, 394
3030, 275, 490
3031, 46, 217
3032, 437, 858
3033, 431, 859
3034, 165, 221
3035, 27, 677
3036, 184, 714
3037, 32, 497
3038, 746, 789
3039, 152, 228
3040, 389, 924
3041, 29, 162
3042, 148, 765
3043, 443, 748
3044, 407, 718
3045, 539, 638
3046, 351, 928
3047, 47, 579
3048, 268, 378
3049, 568, 853
3050, 667, 668
3051, 678, 786
3052, 13, 270
3053, 283, 304
3054, 104, 752
3055, 96, 932
3056, 583, 695
3057, 340, 774
3058, 42, 628
3059, 48, 424
3060, 397, 501
3061, 258, 951
3062, 916, 936
3063, 891, 937
3064, 546, 984
3065, 708, 963
3066, 98, 619
3067, 45, 754
3068, 33, 726
3069, 377, 428
3070, 308, 764
3071, 12, 379
3072, 509, 535
3073, 886, 912
3074, 207, 587
3075, 172, 899
3076, 467, 749
3077, 108, 550
3078, 37, 739
3079, 164, 917
3080, 500, 559
3081, 623, 665
3082, 10, 311
3083, 607, 909
3084, 447, 854
3085, 82, 193
3086, 606, 996
3087, 560, 608
3088, 105, 252
3089, 502, 956
3090, 150, 254
3091, 327, 687
3092, 155, 591
3093, 432, 440
3094, 272, 710
3095, 182, 556
3096, 488, 558
3097, 253, 507
3098, 9, 390
3099, 44, 867
3100, 290, 825
3101, 631, 828
3102, 259, 651
3103, 514, 605
3104, 580, 882
3105, 276, 814
3106, 702, 871
3107, 318, 455
3108, 23, 145
3109, 376, 423
3110, 566, 806
3111, 328, 743
3112, 94, 690
3113, 383, 846
3114, 457, 460
3115, 384, 499
3116, 267, 469
3117, 1, 597
3118, 553, 842
3119, 170, 620
3120, 55, 955
3121, 331, 798
3122, 262, 533
3123, 212, 570
3124, 320, 960
3125, 102, 997
3126, 22, 926
3127, 693, 722
3128, 26, 760
3129, 124, 358
3130, 248, 627
3131, 445, 581
3132, 625, 847
3133, 215, 835
3134, 196, 796
3135, 472, 877
3136, 125, 730
3137, 20, 334
3138, 504, 966
3139, 446, 683
3140, 139, 629
3141, 850, 945
3142, 417, 648
3143, 429, 948
3144, 326, 933
3145, 214, 517
3146, 31, 976
3147, 787, 941
3148, 201, 242
3149, 931, 943
3150, 347, 721
3151, 491, 541
3152, 163, 699
3153, 939, 968
3154, 28, 464
3155, 361, 452
3156, 61, 343
3157, 40, 680
3158, 144, 151
3159, 241, 967
3160, 487, 515
3161, 666, 679
3162, 64, 113
3163, 336, 818
3164, 727, 975
3165, 492, 843
3166, 85, 964
3167, 157, 753
3168, 869, 914
3169, 636, 838
3170, 233, 538
3171, 373, 408
3172, 281, 733
3173, 247, 791
3174, 574, 622
3175, 768, 884
3176, 236, 657
3177, 266, 567
3178, 134, 317
3179, 355, 792
3180, 289, 728
3181, 365, 881
3182, 122, 573
3183, 461, 878
3184, 426, 611
3185, 700, 811
3186, 698, 703
3187, 140, 147
3188, 116, 769
3189, 70, 285
3190, 15, 613
3191, 220, 537
3192, 433, 610
3193, 705, 799
3194, 183, 894
3195, 797, 950
3196, 219, 609
3197, 21, 949
3198, 418, 910
3199, 545, 725
3200, 751, 887
3201, 89, 265
3202, 77, 368
3203, 543, 575
3204, 14, 190
3205, 86, 962
3206, 216, 301
3207, 49, 600
3208, 402, 988
3209, 548, 585
3210, 349, 716
3211, 278, 531
3212, 222, 496
3213, 174, 602
3214, 480, 809
3215, 720, 876
3216, 337, 372
3217, 552, 715
3218, 615, 824
3219, 438, 643
3220, 341, 569
3221, 618, 855
3222, 345, 363
3223, 198, 466
3224, 310, 990
3225, 839, 987
3226, 362, 780
3227, 374, 436
3228, 135, 551
3229, 168, 868
3230, 409, 498
3231, 614, 729
3232, 584, 639
3233, 823, 908
3234, 322, 350
3235, 69, 244
3236, 8, 100
3237, 364, 925
3238, 251, 571
3239, 263, 901
3240, 129, 542
3241, 430, 900
3242, 711, 972
3243, 422, 655
3244, 660, 904
3245, 192, 624
3246, 905, 969
3247, 484, 686
3248, 483, 508
3249, 812, 981
3250, 544, 804
3251, 126, 516
3252, 191, 978
3253, 324, 599
3254, 286, 830
3255, 73, 862
3256, 177, 425
3257, 117, 176
3258, 475, 849
3259, 630, 817
3260, 103, 493
3261, 598, 954
3262, 482, 626
3263, 486, 921
3264, 195, 776
3265, 111, 992
3266, 756, 815
3267, 119, 840
3268, 785, 813
3269, 6, 669
3270, 330, 902
3271, 672, 866
3272, 831, 935
3273, 245, 946
3274, 577, 704
3275, 473, 953
3276, 127, 750
3277, 110, 919
3278, 38, 589
3279, 7, 947
3280, 747, 892
3281, 439, 983
3282, 71, 827
3283, 505, 586
3284, 688, 826
3285, 632, 634
3286, 204, 302
3287, 403, 740
3288, 315, 898
3289, 123, 731
3290, 179, 777
3291, 675, 781
3292, 63, 506
3293, 273, 603
3294, 200, 875
3295, 106, 576
3296, 385, 555
3297, 375, 448
3298, 411, 528
3299, 338, 465
3300, 68, 848
3301, 449, 713
3302, 81, 837
3303, 141, 510
3304, 235, 805
3305, 4, 979
3306, 36, 181
3307, 303, 927
3308, 458, 913
3309, 173, 534
3310, 57, 462
3311, 421, 526
3312, 213, 329
3313, 645, 646
3314, 138, 965
3315, 171, 993
3316, 19, 131
3317, 299, 998
3318, 519, 696
3319, 412, 712
3320, 59, 822
3321, 549, 793
3322, 87, 903
3323, 453, 944
3324, 227, 444
3325, 656, 784
3326, 282, 940
3327, 399, 604
3328, 160, 387
3329, 95, 478
3330, 197, 803
3331, 346, 525
3332, 481, 554
3333, 357, 860
3334, 663, 922
3335, 107, 224
3336, 563, 856
3337, 84, 738
3338, 261, 391
3339, 689, 929
3340, 41, 890
3341, 588, 692
3342, 2, 146
3343, 314, 717
3344, 238, 701
3345, 167, 557
3346, 359, 834
3347, 298, 851
3348, 772, 832
3349, 306, 594
3350, 463, 883
3351, 590, 697
3352, 395, 684
3353, 232, 841
3354, 226, 477
3355, 325, 973
3356, 582, 593
3357, 520, 864
3358, 237, 650
3359, 255, 994
3360, 434, 530
3361, 489, 564
3362, 511, 938
3363, 76, 120
3364, 101, 761
3365, 230, 896
3366, 366, 816
3367, 644, 861
3368, 522, 778
3369, 356, 873
3370, 83, 923
3371, 316, 420
3372, 416, 670
3373, 65, 239
3374, 459, 801
3375, 369, 382
3376, 159, 199
3377, 114, 388
3378, 74, 820
3379, 312, 561
3380, 92, 724
3381, 295, 640
3382, 367, 952
3383, 529, 982
3384, 91, 264
3385, 682, 783
3386, 419, 527
3387, 115, 396
3388, 62, 136
3389, 260, 654
3390, 807, 889
3391, 93, 810
3392, 495, 512
3393, 293, 414
3394, 958, 991
3395, 53, 133
3396, 709, 732
3397, 17, 476
3398, 572, 771
3399, 296, 342
3400, 218, 333
3401, 128, 485
3402, 154, 930
3403, 470, 621
3404, 323, 707
3405, 229, 284
3406, 188, 691
3407, 392, 821
3408, 269, 773
3409, 225, 706
3410, 309, 662
3411, 685, 957
3412, 406, 653
3413, 249, 794
3414, 175, 863
3415, 203, 332
3416, 762, 865
3417, 169, 942
3418, 536, 647
3419, 401, 494
3420, 348, 616
3421, 474, 907
3422, 386, 857
3423, 231, 288
3424, 25, 723
3425, 54, 565
3426, 540, 578
3427, 130, 915
3428, 451, 595
3429, 277, 659
3430, 5, 34
3431, 344, 775
3432, 335, 353
3433, 257, 381
3434, 782, 918
3435, 206, 802
3436, 90, 194
3437, 186, 779
3438, 279, 562
3439, 745, 766
3440, 50, 427
3441, 307, 893
3442, 109, 736
3443, 405, 833
3444, 297, 649
3445, 413, 934
3446, 404, 454
3447, 287, 313
3448, 205, 971
3449, 210, 744
3450, 240, 661
3451, 292, 742
3452, 79, 246
3453, 18, 852
3454, 790, 845
3455, 60, 161
3456, 118, 547
3457, 137, 280
3458, 870, 885
3459, 479, 977
3460, 294, 617
3461, 770, 985
3462, 16, 156
3463, 513, 1000
3464, 132, 415
3465, 612, 920
3466, 518, 874
3467, 67, 995
3468, 300, 450
3469, 380, 737
3470, 78, 468
3471, 521, 808
3472, 185, 435
3473, 30, 80
3474, 51, 142
3475, 635, 795
3476, 652, 895
3477, 3, 99
3478, 393, 398
3479, 503, 719
3480, 592, 767
3481, 43, 596
3482, 24, 72
3483, 410, 641
3484, 291, 763
3485, 121, 371
3486, 153, 523
3487, 441, 961
3488, 66, 360
3489, 234, 911
3490, 456, 741
3491, 223, 959
3492, 271, 999
3493, 178, 370
3494, 642, 906
3495, 524, 836
3496, 189, 880
3497, 471, 897
3498, 211, 352
3499, 209, 819
3500, 75, 671
3501, 170, 439
3502, 4, 406
3503, 328, 946
3504, 830, 866
3505, 584, 963
3506, 232, 389
3507, 220, 838
3508, 240, 960
3509, 13, 364
3510, 127, 797
3511, 46, 884
3512, 448, 880
3513, 612, 900
3514, 426, 944
3515, 231, 498
3516, 133, 544
3517, 186, 512
3518, 153, 877
3519, 425, 903
3520, 98, 563
3521, 782, 916
3522, 649, 926
3523, 887, 935
3524, 207, 405
3525, 9, 843
3526, 18, 414
3527, 101, 445
3528, 79, 513
3529, 86, 522
3530, 247, 613
3531, 306, 459
3532, 441, 986
3533, 692, 769
3534, 627, 755
3535, 238, 815
3536, 898, 955
3537, 105, 978
3538, 85, 294
3539, 210, 742
3540, 646, 802
3541, 16, 465
3542, 422, 826
3543, 169, 383
3544, 94, 629
3545, 590, 883
3546, 193, 309
3547, 521, 637
3548, 81, 567
3549, 19, 264
3550, 83, 276
3551, 609, 839
3552, 5, 307
3553, 15, 717
3554, 104, 631
3555, 765, 889
3556, 494, 675
3557, 34, 196
3558, 332, 579
3559, 402, 897
3560, 184, 733
3561, 411, 853
3562, 432, 678
3563, 528, 891
3564, 489, 811
3565, 144, 477
3566, 160, 533
3567, 141, 799
3568, 262, 650
3569, 73, 553
3570, 205, 549
3571, 316, 376
3572, 337, 676
3573, 123, 961
3574, 327, 681
3575, 298, 914
3576, 573, 868
3577, 616, 850
3578, 339, 379
3579, 42, 434
3580, 779, 923
3581, 686, 987
3582, 420, 833
3583, 277, 503
3584, 92, 836
3585, 121, 980
3586, 417, 873
3587, 684, 808
3588, 302, 435
3589, 263, 760
3590, 21, 428
3591, 244, 268
3592, 2, 90
3593, 356, 450
3594, 778, 913
3595, 371, 656
3596, 154, 997
3597, 585, 610
3598, 812, 828
3599, 326, 801
3600, 615, 972
3601, 598, 855
3602, 532, 756
3603, 518, 824
3604, 72, 390
3605, 583, 666
3606, 442, 710
3607, 132, 823
3608, 890, 954
3609, 107, 697
3610, 66, 886
3611, 150, 377
3612, 164, 255
3613, 368, 476
3614, 458, 669
3615, 654, 995
3616, 12, 265
3617, 400, 644
3618, 399, 832
3619, 76, 741
3620, 694, 709
3621, 227, 910
3622, 531, 664
3623, 59, 252
3624, 114, 212
3625, 651, 882
3626, 38, 355
3627, 408, 556
3628, 375, 462
3629, 499, 974
3630, 32, 829
3631, 29, 795
3632, 759, 874
3633, 517, 894
3634, 466, 845
3635, 841, 864
3636, 178, 596
3637, 620, 758
3638, 552, 569
3639, 303, 632
3640, 166, 394
3641, 230, 286
3642, 403, 872
3643, 396, 591
3644, 652, 862
3645, 287, 749
3646, 223, 747
3647, 233, 250
3648, 48, 750
3649, 818, 930
3650, 167, 374
3651, 354, 586
3652, 484, 762
3653, 100, 924
3654, 469, 991
3655, 835, 977
3656, 431, 575
3657, 129, 502
3658, 225, 380
3659, 138, 752
3660, 359, 856
3661, 291, 524
3662, 137, 638
3663, 200, 630
3664, 14, 945
3665, 189, 705
3666, 93, 674
3667, 510, 851
3668, 40, 837
3669, 744, 942
3670, 333, 915
3671, 557, 695
3672, 647, 948
3673, 158, 840
3674, 149, 151
3675, 202, 958
3676, 463, 847
3677, 229, 436
3678, 136, 827
3679, 467, 984
3680, 438, 781
3681, 790, 993
3682, 285, 592
3683, 300, 344
3684, 173, 976
3685, 566, 907
3686, 493, 657
3687, 120, 507
3688, 185, 746
3689, 506, 661
3690, 407, 599
3691, 245, 786
3692, 26, 940
3693, 485, 523
3694, 25, 224
3695, 55, 215
3696, 221, 366
3697, 342, 690
3698, 143, 177
3699, 449, 825
3700, 555, 628
3701, 305, 689
3702, 606, 770
3703, 568, 714
3704, 457, 482
3705, 187, 975
3706, 20, 677
3707, 468, 919
3708, 257, 988
3709, 31, 796
3710, 161, 274
3711, 803, 996
3712, 871, 878
3713, 392, 444
3714, 475, 723
3715, 648, 852
3716, 739, 780
3717, 3, 937
3718, 317, 548
3719, 201, 443
3720, 511, 947
3721, 842, 939
3722, 64, 859
3723, 124, 699
3724, 17, 204
3725, 474, 671
3726, 130, 424
3727, 134, 718
3728, 604, 901
3729, 623, 968
3730, 357, 673
3731, 602, 927
3732, 182, 731
3733, 58, 767
3734, 640, 730
3735, 128, 514
3736, 526, 775
3737, 271, 912
3738, 440, 639
3739, 43, 335
3740, 183, 561
3741, 95, 605
3742, 310, 751
3743, 237, 290
3744, 736, 895
3745, 51, 772
3746, 115, 527
3747, 96, 642
3748, 50, 911
3749, 319, 597
3750, 145, 682
3751, 861, 929
3752, 142, 577
3753, 410, 525
3754, 732, 983
3755, 159, 393
3756, 111, 369
3757, 570, 698
3758, 378, 621
3759, 77, 789
3760, 429, 715
3761, 483, 564
3762, 259, 430
3763, 234, 962
3764, 88, 922
3765, 446, 712
3766, 103, 385
3767, 792, 943
3768, 312, 384
3769, 139, 472
3770, 87, 349
3771, 353, 777
3772, 218, 497
3773, 766, 934
3774, 39, 281
3775, 52, 208
3776, 156, 998
3777, 571, 989
3778, 297, 455
3779, 487, 685
3780, 574, 753
3781, 146, 956
3782, 352, 743
3783, 547, 953
3784, 696, 700
3785, 495, 932
3786, 774, 849
3787, 165, 707
3788, 734, 979
3789, 108, 179
3790, 7, 601
3791, 301, 809
3792, 479, 761
3793, 550, 660
3794, 213, 283
3795, 35, 131
3796, 54, 633
3797, 99, 228
3798, 471, 876
3799, 110, 541
3800, 343, 641
3801, 716, 788
3802, 708, 726
3803, 437, 806
3804, 80, 163
3805, 347, 560
3806, 361, 680
3807, 157, 957
3808, 581, 737
3809, 65, 273
3810, 78, 982
3811, 537, 645
3812, 122, 340
3813, 148, 551
3814, 226, 515
3815, 413, 905
3816, 580, 757
3817, 10, 496
3818, 331, 706
3819, 62, 427
3820, 67, 985
3821, 8, 33
3822, 6, 870
3823, 44, 925
3824, 338, 665
3825, 608, 729
3826, 535, 543
3827, 295, 509
3828, 147, 959
3829, 216, 284
3830, 418, 562
3831, 330, 401
3832, 345, 362
3833, 155, 662
3834, 24, 363
3835, 217, 791
3836, 106, 738
3837, 140, 844
3838, 288, 668
3839, 516, 655
3840, 275, 382
3841, 289, 504
3842, 683, 904
3843, 530, 967
3844, 704, 860
3845, 346, 820
3846, 473, 635
3847, 311, 464
3848, 565, 618
3849, 451, 589
3850, 667, 973
3851, 299, 725
3852, 634, 990
3853, 190, 321
3854, 112, 672
3855, 740, 999
3856, 49, 659
3857, 412, 821
3858, 776, 834
3859, 30, 36
3860, 82, 404
3861, 492, 846
3862, 367, 395
3863, 323, 554
3864, 37, 663
3865, 398, 793
3866, 308, 899
3867, 191, 724
3868, 348, 763
3869, 879, 994
3870, 626, 931
3871, 933, 949
3872, 415, 617
3873, 480, 578
3874, 266, 508
3875, 336, 594
3876, 719, 754
3877, 260, 542
3878, 219, 969
3879, 47, 423
3880, 261, 397
3881, 68, 84
3882, 11, 292
3883, 239, 329
3884, 539, 624
3885, 279, 536
3886, 721, 848
3887, 419, 447
3888, 587, 703
3889, 773, 831
3890, 162, 559
3891, 1, 819
3892, 505, 546
3893, 322, 614
3894, 57, 192
3895, 113, 171
3896, 582, 885
3897, 888, 970
3898, 75, 278
3899, 817, 938
3900, 203, 454
3901, 251, 313
3902, 653, 950
3903, 519, 971
3904, 197, 918
3905, 372, 865
3906, 334, 917
3907, 63, 180
3908, 126, 520
3909, 256, 545
3910, 365, 370
3911, 906, 1000
3912, 214, 867
3913, 109, 246
3914, 194, 209
3915, 235, 785
3916, 102, 727
3917, 172, 921
3918, 125, 768
3919, 175, 181
3920, 60, 902
3921, 270, 822
3922, 119, 254
3923, 416, 807
3924, 296, 854
3925, 388, 964
3926, 70, 351
3927, 23, 713
3928, 501, 720
3929, 572, 896
3930, 152, 391
3931, 188, 687
3932, 241, 461
3933, 314, 460
3934, 787, 936
3935, 588, 679
3936, 282, 421
3937, 636, 693
3938, 242, 798
3939, 69, 325
3940, 534, 909
3941, 236, 272
3942, 269, 764
3943, 603, 813
3944, 701, 735
3945, 258, 814
3946, 53, 816
3947, 529, 745
3948, 622, 748
3949, 28, 117
3950, 195, 211
3951, 387, 452
3952, 643, 951
3953, 174, 490
3954, 658, 863
3955, 456, 794
3956, 576, 722
3957, 206, 381
3958, 453, 966
3959, 89, 952
3960, 688, 928
3961, 470, 500
3962, 91, 611
3963, 45, 800
3964, 168, 875
3965, 540, 728
3966, 248, 771
3967, 280, 318
3968, 71, 135
3969, 409, 702
3970, 595, 881
3971, 304, 784
3972, 804, 908
3973, 486, 558
3974, 783, 965
3975, 198, 433
3976, 350, 538
3977, 600, 869
3978, 74, 253
3979, 249, 619
3980, 118, 670
3981, 22, 176
3982, 491, 941
3983, 222, 324
3984, 243, 478
3985, 267, 607
3986, 691, 711
3987, 341, 810
3988, 97, 481
3989, 593, 625
3990, 61, 488
3991, 320, 920
3992, 805, 981
3993, 27, 116
3994, 315, 892
3995, 893, 992
3996, 199, 386
3997, 373, 857
3998, 358, 858
3999, 56, 293
4000, 41, 360
