id, img1, img2
1, 127, 859
2, 343, 563
3, 13, 745
4, 397, 811
5, 611, 756
6, 71, 204
7, 158, 679
8, 435, 910
9, 51, 123
10, 65, 298
11, 93, 971
12, 141, 786
13, 566, 758
14, 373, 546
15, 247, 355
16, 278, 556
17, 261, 595
18, 642, 779
19, 310, 508
20, 61, 882
21, 74, 210
22, 234, 993
23, 138, 166
24, 223, 335
25, 791, 905
26, 287, 521
27, 387, 975
28, 137, 483
29, 202, 351
30, 667, 968
31, 114, 279
32, 180, 831
33, 398, 436
34, 344, 893
35, 186, 305
36, 276, 881
37, 52, 506
38, 38, 448
39, 621, 935
40, 584, 605
41, 797, 860
42, 492, 527
43, 632, 953
44, 175, 665
45, 511, 774
46, 256, 713
47, 701, 747
48, 722, 746
49, 32, 239
50, 475, 946
51, 529, 677
52, 282, 789
53, 54, 582
54, 86, 120
55, 303, 505
56, 330, 490
57, 112, 145
58, 552, 815
59, 714, 835
60, 97, 363
61, 359, 969
62, 748, 785
63, 743, 896
64, 35, 681
65, 23, 686
66, 307, 339
67, 150, 897
68, 252, 309
69, 457, 612
70, 42, 130
71, 185, 325
72, 414, 428
73, 324, 576
74, 381, 488
75, 470, 590
76, 658, 717
77, 85, 887
78, 15, 769
79, 634, 735
80, 84, 467
81, 295, 316
82, 349, 716
83, 500, 899
84, 465, 955
85, 9, 759
86, 192, 890
87, 96, 585
88, 49, 70
89, 620, 923
90, 459, 947
91, 598, 647
92, 592, 750
93, 654, 854
94, 311, 991
95, 302, 784
96, 604, 940
97, 532, 661
98, 418, 839
99, 353, 471
100, 171, 504
101, 190, 193
102, 110, 165
103, 394, 727
104, 545, 829
105, 6, 719
106, 342, 346
107, 160, 308
108, 55, 782
109, 198, 290
110, 225, 493
111, 233, 688
112, 319, 559
113, 100, 385
114, 484, 740
115, 461, 824
116, 128, 463
117, 803, 956
118, 419, 852
119, 707, 908
120, 109, 476
121, 801, 977
122, 116, 959
123, 133, 964
124, 263, 433
125, 489, 542
126, 845, 943
127, 660, 698
128, 657, 739
129, 447, 696
130, 432, 907
131, 410, 498
132, 790, 837
133, 92, 426
134, 241, 711
135, 136, 692
136, 577, 942
137, 4, 618
138, 82, 984
139, 462, 814
140, 260, 651
141, 14, 616
142, 101, 129
143, 481, 760
144, 142, 586
145, 331, 767
146, 164, 799
147, 63, 390
148, 571, 623
149, 50, 830
150, 248, 486
151, 222, 928
152, 383, 676
153, 80, 174
154, 440, 574
155, 268, 597
156, 918, 986
157, 878, 983
158, 72, 843
159, 66, 581
160, 169, 376
161, 687, 783
162, 694, 816
163, 87, 451
164, 695, 706
165, 274, 458
166, 245, 437
167, 53, 958
168, 34, 915
169, 709, 744
170, 58, 742
171, 20, 495
172, 229, 565
173, 366, 670
174, 182, 868
175, 323, 872
176, 200, 902
177, 315, 424
178, 757, 988
179, 405, 933
180, 265, 320
181, 589, 666
182, 514, 857
183, 135, 454
184, 407, 821
185, 170, 487
186, 281, 541
187, 626, 629
188, 341, 950
189, 327, 914
190, 538, 700
191, 255, 838
192, 266, 593
193, 587, 832
194, 570, 721
195, 271, 416
196, 172, 299
197, 599, 932
198, 536, 861
199, 253, 555
200, 473, 804
201, 371, 729
202, 88, 613
203, 668, 817
204, 26, 807
205, 2, 678
206, 674, 737
207, 423, 934
208, 221, 987
209, 167, 187
210, 519, 871
211, 189, 963
212, 449, 608
213, 226, 874
214, 374, 965
215, 40, 322
216, 157, 213
217, 296, 502
218, 103, 625
219, 43, 472
220, 232, 429
221, 285, 948
222, 3, 575
223, 564, 972
224, 201, 870
225, 892, 936
226, 306, 464
227, 535, 960
228, 196, 264
229, 105, 710
230, 800, 916
231, 111, 215
232, 269, 826
233, 203, 384
234, 340, 379
235, 427, 733
236, 231, 777
237, 603, 981
238, 118, 684
239, 149, 979
240, 244, 849
241, 455, 507
242, 12, 648
243, 168, 197
244, 36, 516
245, 364, 549
246, 413, 796
247, 497, 886
248, 675, 842
249, 328, 903
250, 235, 544
251, 728, 951
252, 238, 764
253, 531, 919
254, 533, 715
255, 249, 630
256, 404, 515
257, 889, 952
258, 326, 528
259, 406, 619
260, 368, 873
261, 106, 446
262, 178, 228
263, 317, 646
264, 314, 400
265, 28, 503
266, 37, 425
267, 99, 321
268, 69, 906
269, 292, 509
270, 771, 847
271, 250, 869
272, 389, 856
273, 270, 336
274, 154, 794
275, 931, 974
276, 7, 195
277, 56, 491
278, 194, 641
279, 297, 301
280, 548, 985
281, 161, 329
282, 501, 653
283, 217, 401
284, 67, 286
285, 19, 148
286, 46, 755
287, 126, 976
288, 98, 636
289, 113, 761
290, 885, 901
291, 220, 337
292, 798, 841
293, 224, 539
294, 444, 708
295, 588, 644
296, 554, 802
297, 365, 724
298, 254, 909
299, 45, 547
300, 104, 494
301, 143, 806
302, 865, 980
303, 662, 961
304, 94, 844
305, 438, 624
306, 181, 827
307, 188, 218
308, 5, 57
309, 633, 723
310, 600, 768
311, 258, 553
312, 690, 738
313, 230, 526
314, 411, 880
315, 788, 900
316, 664, 795
317, 703, 954
318, 75, 409
319, 259, 614
320, 191, 557
321, 420, 863
322, 382, 480
323, 649, 792
324, 219, 417
325, 395, 819
326, 17, 828
327, 562, 913
328, 499, 578
329, 332, 982
330, 283, 920
331, 152, 348
332, 30, 809
333, 822, 912
334, 18, 122
335, 551, 848
336, 77, 183
337, 543, 770
338, 512, 671
339, 602, 884
340, 24, 360
341, 399, 867
342, 422, 997
343, 439, 766
344, 524, 891
345, 208, 995
346, 560, 825
347, 236, 569
348, 813, 846
349, 68, 895
350, 275, 466
351, 209, 345
352, 162, 572
353, 596, 834
354, 33, 855
355, 16, 866
356, 115, 749
357, 102, 693
358, 725, 736
359, 117, 787
360, 523, 864
361, 144, 243
362, 453, 930
363, 510, 732
364, 173, 567
365, 119, 477
366, 313, 380
367, 773, 990
368, 580, 765
369, 31, 853
370, 267, 775
371, 272, 992
372, 452, 922
373, 39, 652
374, 95, 741
375, 8, 431
376, 73, 237
377, 273, 591
378, 155, 251
379, 350, 805
380, 372, 640
381, 44, 518
382, 78, 643
383, 205, 996
384, 520, 945
385, 293, 927
386, 64, 421
387, 134, 718
388, 76, 184
389, 617, 752
390, 108, 291
391, 216, 402
392, 622, 763
393, 289, 938
394, 443, 957
395, 177, 333
396, 352, 474
397, 540, 680
398, 479, 883
399, 81, 720
400, 89, 924
401, 730, 949
402, 412, 898
403, 673, 683
404, 262, 441
405, 156, 778
406, 550, 594
407, 637, 705
408, 568, 627
409, 29, 450
410, 59, 375
411, 362, 937
412, 388, 482
413, 60, 781
414, 48, 83
415, 734, 989
416, 378, 998
417, 22, 655
418, 836, 862
419, 79, 434
420, 610, 888
421, 561, 820
422, 638, 699
423, 442, 810
424, 257, 941
425, 408, 579
426, 367, 685
427, 415, 808
428, 659, 772
429, 206, 347
430, 207, 978
431, 485, 669
432, 284, 357
433, 163, 179
434, 851, 858
435, 370, 469
436, 300, 356
437, 211, 691
438, 318, 682
439, 132, 753
440, 246, 534
441, 468, 731
442, 124, 522
443, 125, 403
444, 139, 962
445, 392, 823
446, 697, 879
447, 47, 628
448, 1, 358
449, 288, 530
450, 242, 926
451, 338, 921
452, 776, 939
453, 445, 609
454, 635, 967
455, 25, 583
456, 354, 1000
457, 517, 904
458, 214, 793
459, 146, 833
460, 631, 726
461, 393, 818
462, 91, 153
463, 294, 460
464, 396, 525
465, 41, 689
466, 277, 645
467, 639, 973
468, 754, 780
469, 672, 877
470, 391, 663
471, 876, 925
472, 107, 702
473, 994, 999
474, 147, 966
475, 131, 151
476, 62, 607
477, 121, 537
478, 334, 712
479, 159, 240
480, 227, 875
481, 312, 573
482, 386, 478
483, 369, 917
484, 601, 840
485, 11, 140
486, 27, 894
487, 456, 929
488, 361, 850
489, 656, 704
490, 558, 944
491, 606, 812
492, 280, 615
493, 10, 21
494, 430, 751
495, 496, 970
496, 176, 762
497, 199, 377
498, 212, 650
499, 90, 911
500, 304, 513
501, 172, 619
502, 309, 836
503, 267, 600
504, 161, 248
505, 550, 649
506, 337, 753
507, 141, 754
508, 467, 593
509, 358, 815
510, 365, 510
511, 27, 251
512, 235, 907
513, 97, 464
514, 388, 439
515, 399, 667
516, 148, 329
517, 506, 525
518, 128, 416
519, 330, 845
520, 316, 909
521, 39, 154
522, 247, 533
523, 837, 901
524, 53, 274
525, 35, 882
526, 56, 234
527, 21, 601
528, 468, 776
529, 570, 870
530, 42, 527
531, 217, 415
532, 482, 581
533, 546, 878
534, 92, 124
535, 102, 164
536, 36, 634
537, 197, 310
538, 65, 480
539, 611, 719
540, 229, 955
541, 408, 458
542, 314, 661
543, 734, 755
544, 584, 797
545, 304, 443
546, 296, 573
547, 347, 963
548, 343, 402
549, 361, 401
550, 114, 452
551, 257, 476
552, 308, 671
553, 587, 618
554, 569, 948
555, 307, 992
556, 338, 987
557, 829, 861
558, 752, 759
559, 773, 936
560, 221, 394
561, 519, 737
562, 212, 444
563, 485, 733
564, 627, 680
565, 496, 692
566, 664, 697
567, 513, 853
568, 511, 902
569, 111, 561
570, 282, 698
571, 390, 736
572, 24, 306
573, 173, 176
574, 404, 655
575, 602, 803
576, 494, 747
577, 59, 944
578, 300, 302
579, 683, 756
580, 185, 665
581, 264, 322
582, 130, 922
583, 57, 501
584, 371, 431
585, 203, 263
586, 397, 764
587, 22, 591
588, 360, 993
589, 155, 441
590, 204, 608
591, 335, 849
592, 640, 707
593, 574, 775
594, 389, 563
595, 145, 790
596, 638, 793
597, 106, 599
598, 571, 841
599, 456, 988
600, 662, 962
601, 462, 980
602, 556, 916
603, 701, 769
604, 566, 895
605, 63, 134
606, 364, 626
607, 929, 977
608, 270, 838
609, 554, 603
610, 327, 577
611, 810, 904
612, 614, 768
613, 703, 915
614, 249, 528
615, 681, 774
616, 324, 863
617, 478, 613
618, 711, 925
619, 55, 787
620, 237, 852
621, 507, 982
622, 445, 949
623, 179, 772
624, 258, 807
625, 142, 942
626, 553, 851
627, 477, 636
628, 899, 957
629, 2, 679
630, 200, 871
631, 880, 966
632, 125, 545
633, 202, 607
634, 487, 972
635, 543, 908
636, 5, 357
637, 352, 704
638, 346, 578
639, 167, 205
640, 121, 463
641, 69, 562
642, 517, 999
643, 12, 446
644, 799, 921
645, 637, 639
646, 850, 985
647, 442, 675
648, 410, 714
649, 81, 557
650, 127, 230
651, 503, 757
652, 90, 129
653, 437, 866
654, 162, 898
655, 68, 491
656, 879, 911
657, 688, 859
658, 516, 840
659, 334, 448
660, 377, 558
661, 393, 932
662, 192, 323
663, 351, 876
664, 138, 497
665, 77, 833
666, 284, 760
667, 354, 777
668, 379, 961
669, 153, 979
670, 522, 890
671, 169, 811
672, 46, 650
673, 632, 920
674, 440, 960
675, 699, 941
676, 109, 430
677, 165, 883
678, 82, 469
679, 723, 856
680, 225, 943
681, 243, 672
682, 220, 782
683, 843, 926
684, 367, 953
685, 297, 663
686, 515, 846
687, 580, 690
688, 332, 731
689, 209, 669
690, 436, 630
691, 216, 975
692, 195, 750
693, 696, 844
694, 940, 952
695, 15, 74
696, 392, 678
697, 104, 196
698, 67, 906
699, 331, 784
700, 438, 995
701, 275, 778
702, 409, 900
703, 474, 592
704, 745, 804
705, 149, 530
706, 239, 484
707, 79, 236
708, 9, 278
709, 80, 326
710, 18, 951
711, 420, 903
712, 188, 741
713, 34, 738
714, 214, 817
715, 551, 677
716, 45, 938
717, 30, 549
718, 25, 483
719, 260, 791
720, 177, 341
721, 344, 832
722, 449, 954
723, 792, 923
724, 877, 986
725, 781, 805
726, 19, 301
727, 288, 616
728, 596, 914
729, 123, 350
730, 58, 396
731, 433, 687
732, 151, 886
733, 265, 312
734, 99, 340
735, 105, 712
736, 210, 493
737, 6, 808
738, 49, 428
739, 631, 976
740, 26, 115
741, 54, 78
742, 254, 368
743, 479, 788
744, 88, 98
745, 110, 881
746, 33, 374
747, 576, 628
748, 378, 521
749, 541, 705
750, 259, 910
751, 475, 875
752, 60, 862
753, 434, 720
754, 644, 796
755, 41, 240
756, 135, 610
757, 150, 328
758, 184, 722
759, 287, 489
760, 514, 609
761, 572, 894
762, 72, 621
763, 241, 917
764, 246, 887
765, 715, 751
766, 559, 809
767, 432, 994
768, 157, 657
769, 48, 996
770, 86, 660
771, 144, 706
772, 872, 981
773, 535, 990
774, 739, 813
775, 103, 933
776, 742, 800
777, 786, 827
778, 269, 668
779, 495, 812
780, 84, 422
781, 724, 789
782, 280, 896
783, 16, 457
784, 73, 989
785, 455, 689
786, 175, 283
787, 8, 502
788, 47, 814
789, 182, 828
790, 231, 604
791, 333, 359
792, 4, 927
793, 245, 830
794, 702, 713
795, 424, 928
796, 29, 279
797, 823, 934
798, 423, 802
799, 37, 585
800, 500, 806
801, 87, 180
802, 313, 373
803, 893, 935
804, 252, 606
805, 126, 147
806, 170, 950
807, 305, 544
808, 710, 794
809, 321, 472
810, 1, 864
811, 273, 831
812, 795, 857
813, 315, 968
814, 615, 691
815, 919, 973
816, 317, 947
817, 783, 924
818, 629, 835
819, 311, 695
820, 224, 873
821, 286, 552
822, 512, 819
823, 281, 426
824, 589, 595
825, 583, 762
826, 146, 647
827, 403, 694
828, 31, 605
829, 152, 486
830, 348, 451
831, 548, 659
832, 120, 744
833, 171, 261
834, 50, 567
835, 159, 391
836, 356, 594
837, 163, 505
838, 38, 339
839, 64, 620
840, 277, 597
841, 623, 732
842, 386, 490
843, 227, 290
844, 653, 855
845, 454, 847
846, 136, 460
847, 897, 939
848, 400, 693
849, 181, 529
850, 564, 743
851, 641, 964
852, 266, 718
853, 450, 998
854, 709, 820
855, 85, 429
856, 118, 198
857, 223, 362
858, 187, 295
859, 538, 997
860, 395, 931
861, 547, 658
862, 598, 666
863, 160, 298
864, 383, 965
865, 447, 670
866, 189, 612
867, 471, 983
868, 473, 643
869, 117, 818
870, 299, 727
871, 291, 867
872, 208, 292
873, 363, 685
874, 588, 674
875, 504, 565
876, 342, 748
877, 17, 453
878, 43, 211
879, 271, 531
880, 14, 44
881, 190, 771
882, 66, 232
883, 244, 481
884, 96, 336
885, 174, 215
886, 133, 869
887, 414, 532
888, 646, 652
889, 95, 158
890, 370, 412
891, 222, 617
892, 139, 717
893, 11, 740
894, 108, 384
895, 186, 492
896, 268, 821
897, 648, 826
898, 23, 884
899, 676, 746
900, 353, 958
901, 238, 421
902, 91, 536
903, 193, 918
904, 320, 375
905, 40, 498
906, 461, 885
907, 183, 785
908, 488, 635
909, 930, 984
910, 10, 250
911, 100, 101
912, 406, 435
913, 508, 946
914, 137, 991
915, 411, 537
916, 70, 645
917, 143, 233
918, 700, 974
919, 228, 526
920, 413, 848
921, 319, 978
922, 201, 459
923, 206, 398
924, 51, 633
925, 131, 499
926, 122, 575
927, 255, 624
928, 405, 586
929, 119, 427
930, 725, 767
931, 213, 642
932, 256, 749
933, 112, 194
934, 7, 89
935, 156, 509
936, 622, 956
937, 770, 874
938, 651, 842
939, 834, 970
940, 52, 726
941, 107, 191
942, 568, 860
943, 140, 780
944, 407, 590
945, 294, 684
946, 376, 582
947, 289, 625
948, 303, 892
949, 730, 761
950, 523, 854
951, 83, 425
952, 470, 891
953, 686, 763
954, 293, 967
955, 285, 381
956, 32, 178
957, 76, 889
958, 3, 865
959, 132, 253
960, 199, 765
961, 539, 1000
962, 579, 766
963, 349, 465
964, 166, 937
965, 387, 654
966, 369, 905
967, 419, 735
968, 380, 682
969, 417, 868
970, 262, 560
971, 729, 971
972, 62, 318
973, 61, 913
974, 20, 218
975, 366, 945
976, 466, 779
977, 721, 824
978, 207, 382
979, 28, 969
980, 345, 728
981, 372, 959
982, 13, 94
983, 168, 555
984, 534, 888
985, 276, 355
986, 385, 673
987, 272, 656
988, 242, 708
989, 524, 858
990, 418, 758
991, 520, 798
992, 822, 825
993, 75, 116
994, 219, 226
995, 542, 801
996, 113, 716
997, 93, 540
998, 71, 325
999, 816, 839
1000, 518, 912
1001, 382, 406
1002, 781, 945
1003, 793, 843
1004, 151, 402
1005, 62, 110
1006, 23, 561
1007, 36, 542
1008, 652, 758
1009, 541, 903
1010, 546, 958
1011, 51, 103
1012, 93, 587
1013, 705, 880
1014, 22, 964
1015, 356, 516
1016, 230, 463
1017, 389, 692
1018, 552, 709
1019, 113, 236
1020, 612, 847
1021, 261, 499
1022, 89, 882
1023, 174, 443
1024, 718, 735
1025, 44, 337
1026, 328, 333
1027, 48, 585
1028, 222, 583
1029, 681, 978
1030, 390, 921
1031, 642, 956
1032, 424, 580
1033, 70, 228
1034, 255, 996
1035, 171, 615
1036, 557, 592
1037, 65, 707
1038, 47, 912
1039, 187, 699
1040, 251, 691
1041, 358, 558
1042, 440, 658
1043, 532, 898
1044, 158, 883
1045, 520, 811
1046, 611, 688
1047, 745, 935
1048, 313, 703
1049, 710, 768
1050, 343, 740
1051, 607, 942
1052, 648, 683
1053, 60, 436
1054, 749, 934
1055, 248, 845
1056, 231, 959
1057, 123, 827
1058, 918, 937
1059, 467, 842
1060, 175, 359
1061, 153, 549
1062, 478, 924
1063, 635, 873
1064, 33, 539
1065, 287, 613
1066, 161, 298
1067, 728, 943
1068, 736, 786
1069, 408, 871
1070, 181, 413
1071, 870, 987
1072, 17, 177
1073, 666, 834
1074, 602, 894
1075, 166, 534
1076, 380, 511
1077, 485, 600
1078, 363, 993
1079, 651, 835
1080, 606, 803
1081, 223, 595
1082, 74, 423
1083, 429, 525
1084, 427, 753
1085, 533, 690
1086, 56, 504
1087, 824, 977
1088, 272, 765
1089, 396, 829
1090, 701, 754
1091, 458, 973
1092, 685, 746
1093, 297, 985
1094, 18, 610
1095, 176, 905
1096, 279, 447
1097, 410, 830
1098, 372, 630
1099, 345, 568
1100, 453, 747
1101, 741, 770
1102, 81, 399
1103, 6, 789
1104, 159, 479
1105, 352, 473
1106, 844, 962
1107, 684, 930
1108, 112, 616
1109, 214, 269
1110, 239, 634
1111, 354, 790
1112, 732, 901
1113, 456, 677
1114, 102, 984
1115, 238, 766
1116, 31, 430
1117, 72, 405
1118, 263, 409
1119, 312, 569
1120, 106, 969
1121, 225, 301
1122, 852, 974
1123, 693, 792
1124, 391, 760
1125, 100, 904
1126, 131, 316
1127, 71, 466
1128, 188, 244
1129, 274, 625
1130, 160, 555
1131, 288, 540
1132, 219, 477
1133, 884, 990
1134, 321, 878
1135, 282, 290
1136, 530, 641
1137, 383, 627
1138, 296, 596
1139, 527, 940
1140, 21, 142
1141, 221, 257
1142, 118, 418
1143, 502, 815
1144, 536, 911
1145, 307, 326
1146, 498, 867
1147, 218, 242
1148, 122, 907
1149, 169, 953
1150, 650, 676
1151, 863, 908
1152, 40, 802
1153, 165, 726
1154, 324, 995
1155, 535, 702
1156, 460, 994
1157, 913, 968
1158, 566, 604
1159, 211, 306
1160, 10, 497
1161, 27, 730
1162, 848, 896
1163, 3, 906
1164, 393, 411
1165, 342, 821
1166, 42, 522
1167, 104, 365
1168, 776, 879
1169, 30, 186
1170, 639, 779
1171, 386, 682
1172, 644, 797
1173, 163, 874
1174, 220, 310
1175, 584, 614
1176, 414, 756
1177, 183, 763
1178, 433, 769
1179, 179, 1000
1180, 213, 914
1181, 421, 810
1182, 629, 850
1183, 335, 369
1184, 92, 576
1185, 157, 260
1186, 503, 620
1187, 172, 508
1188, 289, 687
1189, 605, 965
1190, 54, 619
1191, 12, 989
1192, 712, 966
1193, 53, 742
1194, 46, 581
1195, 35, 759
1196, 97, 370
1197, 201, 486
1198, 99, 570
1199, 190, 967
1200, 305, 654
1201, 61, 247
1202, 416, 881
1203, 82, 972
1204, 202, 344
1205, 572, 750
1206, 150, 662
1207, 556, 922
1208, 591, 833
1209, 265, 286
1210, 108, 865
1211, 624, 925
1212, 772, 991
1213, 426, 668
1214, 168, 941
1215, 465, 837
1216, 124, 686
1217, 138, 917
1218, 250, 761
1219, 43, 170
1220, 121, 820
1221, 637, 849
1222, 419, 590
1223, 322, 491
1224, 69, 812
1225, 45, 806
1226, 575, 780
1227, 145, 788
1228, 493, 855
1229, 379, 704
1230, 198, 577
1231, 320, 671
1232, 29, 205
1233, 398, 771
1234, 661, 885
1235, 270, 679
1236, 442, 853
1237, 309, 822
1238, 210, 970
1239, 28, 643
1240, 509, 839
1241, 725, 782
1242, 813, 997
1243, 311, 825
1244, 8, 814
1245, 111, 196
1246, 388, 633
1247, 208, 339
1248, 303, 374
1249, 330, 697
1250, 667, 794
1251, 513, 660
1252, 554, 695
1253, 141, 294
1254, 500, 805
1255, 78, 127
1256, 57, 826
1257, 11, 663
1258, 98, 647
1259, 91, 518
1260, 246, 947
1261, 5, 237
1262, 128, 401
1263, 531, 547
1264, 185, 526
1265, 361, 724
1266, 434, 737
1267, 603, 752
1268, 212, 340
1269, 164, 876
1270, 26, 932
1271, 67, 673
1272, 564, 757
1273, 823, 869
1274, 593, 669
1275, 7, 234
1276, 64, 931
1277, 664, 670
1278, 55, 980
1279, 256, 975
1280, 474, 744
1281, 95, 96
1282, 194, 588
1283, 193, 217
1284, 441, 738
1285, 85, 484
1286, 105, 961
1287, 254, 944
1288, 381, 494
1289, 24, 117
1290, 139, 777
1291, 621, 828
1292, 496, 563
1293, 360, 982
1294, 524, 831
1295, 32, 773
1296, 371, 887
1297, 579, 721
1298, 694, 727
1299, 101, 864
1300, 412, 437
1301, 146, 329
1302, 617, 655
1303, 130, 461
1304, 16, 915
1305, 192, 302
1306, 109, 232
1307, 774, 949
1308, 203, 489
1309, 646, 717
1310, 245, 659
1311, 19, 119
1312, 135, 483
1313, 15, 136
1314, 284, 926
1315, 200, 680
1316, 267, 657
1317, 13, 455
1318, 84, 719
1319, 376, 573
1320, 88, 384
1321, 156, 538
1322, 184, 999
1323, 357, 444
1324, 722, 866
1325, 397, 645
1326, 403, 471
1327, 300, 711
1328, 764, 787
1329, 387, 743
1330, 506, 528
1331, 224, 319
1332, 801, 976
1333, 167, 278
1334, 39, 778
1335, 75, 299
1336, 132, 293
1337, 378, 632
1338, 425, 457
1339, 544, 817
1340, 216, 438
1341, 854, 857
1342, 49, 890
1343, 672, 720
1344, 37, 545
1345, 268, 355
1346, 204, 327
1347, 349, 394
1348, 262, 325
1349, 375, 420
1350, 277, 723
1351, 553, 832
1352, 395, 893
1353, 338, 929
1354, 543, 674
1355, 149, 481
1356, 559, 734
1357, 341, 799
1358, 58, 784
1359, 243, 804
1360, 229, 868
1361, 713, 791
1362, 809, 946
1363, 59, 872
1364, 233, 715
1365, 314, 347
1366, 373, 472
1367, 207, 601
1368, 417, 698
1369, 550, 938
1370, 708, 775
1371, 162, 280
1372, 14, 377
1373, 4, 560
1374, 115, 798
1375, 73, 529
1376, 275, 334
1377, 38, 594
1378, 107, 295
1379, 431, 714
1380, 582, 899
1381, 510, 571
1382, 487, 889
1383, 597, 836
1384, 841, 950
1385, 25, 933
1386, 507, 716
1387, 598, 851
1388, 367, 862
1389, 209, 957
1390, 34, 331
1391, 521, 551
1392, 76, 939
1393, 469, 675
1394, 362, 578
1395, 20, 678
1396, 515, 586
1397, 120, 470
1398, 649, 897
1399, 264, 795
1400, 861, 891
1401, 796, 998
1402, 271, 445
1403, 134, 860
1404, 182, 706
1405, 628, 755
1406, 173, 249
1407, 415, 623
1408, 197, 838
1409, 148, 983
1410, 86, 215
1411, 729, 888
1412, 435, 928
1413, 816, 856
1414, 180, 960
1415, 404, 800
1416, 273, 892
1417, 1, 748
1418, 480, 785
1419, 308, 739
1420, 336, 407
1421, 129, 640
1422, 114, 920
1423, 464, 476
1424, 90, 283
1425, 226, 350
1426, 253, 636
1427, 199, 689
1428, 140, 909
1429, 318, 875
1430, 762, 807
1431, 392, 895
1432, 259, 462
1433, 252, 276
1434, 368, 439
1435, 783, 858
1436, 517, 846
1437, 126, 505
1438, 152, 266
1439, 41, 133
1440, 317, 859
1441, 490, 751
1442, 700, 886
1443, 281, 400
1444, 2, 155
1445, 125, 346
1446, 482, 900
1447, 87, 952
1448, 79, 178
1449, 304, 979
1450, 589, 927
1451, 116, 147
1452, 323, 512
1453, 364, 501
1454, 144, 315
1455, 137, 963
1456, 492, 562
1457, 235, 353
1458, 514, 523
1459, 432, 468
1460, 495, 981
1461, 206, 840
1462, 240, 877
1463, 428, 449
1464, 385, 519
1465, 653, 916
1466, 451, 548
1467, 52, 332
1468, 143, 195
1469, 285, 696
1470, 63, 609
1471, 348, 955
1472, 258, 626
1473, 459, 488
1474, 565, 665
1475, 292, 936
1476, 923, 986
1477, 452, 638
1478, 77, 366
1479, 9, 622
1480, 94, 351
1481, 567, 618
1482, 66, 954
1483, 819, 988
1484, 446, 450
1485, 574, 808
1486, 656, 951
1487, 154, 241
1488, 227, 818
1489, 68, 731
1490, 448, 475
1491, 191, 971
1492, 422, 537
1493, 454, 902
1494, 608, 992
1495, 50, 189
1496, 631, 733
1497, 910, 919
1498, 599, 767
1499, 80, 948
1500, 83, 291
1501, 83, 346
1502, 318, 329
1503, 184, 517
1504, 506, 621
1505, 246, 403
1506, 575, 929
1507, 579, 653
1508, 132, 675
1509, 325, 393
1510, 933, 952
1511, 61, 791
1512, 24, 973
1513, 389, 835
1514, 142, 748
1515, 67, 624
1516, 379, 641
1517, 299, 755
1518, 820, 921
1519, 274, 395
1520, 348, 646
1521, 115, 831
1522, 21, 697
1523, 224, 781
1524, 875, 986
1525, 104, 689
1526, 84, 841
1527, 206, 442
1528, 36, 995
1529, 26, 221
1530, 687, 877
1531, 394, 450
1532, 879, 956
1533, 148, 545
1534, 569, 779
1535, 731, 744
1536, 388, 666
1537, 433, 847
1538, 487, 652
1539, 829, 964
1540, 94, 935
1541, 96, 944
1542, 467, 488
1543, 493, 602
1544, 214, 535
1545, 32, 253
1546, 125, 795
1547, 576, 736
1548, 47, 292
1549, 208, 981
1550, 87, 910
1551, 495, 874
1552, 161, 982
1553, 554, 769
1554, 410, 667
1555, 280, 745
1556, 380, 674
1557, 508, 768
1558, 490, 671
1559, 29, 179
1560, 101, 177
1561, 296, 572
1562, 8, 256
1563, 370, 979
1564, 311, 557
1565, 57, 239
1566, 511, 698
1567, 223, 849
1568, 120, 229
1569, 790, 824
1570, 700, 898
1571, 759, 896
1572, 783, 934
1573, 515, 899
1574, 858, 941
1575, 135, 263
1576, 60, 523
1577, 108, 814
1578, 436, 950
1579, 423, 694
1580, 319, 774
1581, 443, 481
1582, 727, 936
1583, 878, 947
1584, 173, 996
1585, 268, 844
1586, 357, 749
1587, 54, 833
1588, 578, 890
1589, 129, 339
1590, 276, 913
1591, 447, 618
1592, 111, 692
1593, 708, 709
1594, 124, 680
1595, 501, 775
1596, 282, 297
1597, 884, 987
1598, 1, 838
1599, 326, 882
1600, 65, 352
1601, 347, 926
1602, 170, 497
1603, 75, 460
1604, 4, 644
1605, 35, 315
1606, 903, 917
1607, 804, 939
1608, 514, 975
1609, 584, 864
1610, 358, 758
1611, 573, 960
1612, 175, 852
1613, 290, 848
1614, 102, 961
1615, 17, 264
1616, 350, 412
1617, 340, 664
1618, 301, 612
1619, 12, 610
1620, 103, 940
1621, 414, 677
1622, 130, 640
1623, 580, 752
1624, 59, 649
1625, 15, 599
1626, 37, 695
1627, 44, 418
1628, 51, 243
1629, 247, 930
1630, 25, 673
1631, 630, 871
1632, 638, 855
1633, 303, 453
1634, 633, 742
1635, 63, 137
1636, 105, 972
1637, 58, 533
1638, 182, 954
1639, 245, 444
1640, 857, 880
1641, 138, 907
1642, 191, 642
1643, 868, 931
1644, 322, 722
1645, 226, 449
1646, 33, 431
1647, 230, 946
1648, 272, 918
1649, 448, 891
1650, 392, 928
1651, 304, 971
1652, 19, 56
1653, 809, 893
1654, 53, 723
1655, 378, 469
1656, 259, 845
1657, 459, 605
1658, 171, 323
1659, 629, 707
1660, 270, 685
1661, 28, 144
1662, 491, 798
1663, 312, 932
1664, 183, 277
1665, 5, 832
1666, 164, 565
1667, 419, 438
1668, 371, 661
1669, 235, 334
1670, 159, 754
1671, 659, 800
1672, 317, 401
1673, 540, 967
1674, 536, 654
1675, 353, 730
1676, 23, 375
1677, 628, 889
1678, 364, 662
1679, 133, 503
1680, 405, 464
1681, 341, 434
1682, 651, 757
1683, 498, 607
1684, 302, 738
1685, 544, 619
1686, 127, 366
1687, 362, 810
1688, 241, 741
1689, 240, 826
1690, 199, 248
1691, 335, 435
1692, 647, 693
1693, 657, 743
1694, 99, 166
1695, 593, 771
1696, 205, 369
1697, 439, 763
1698, 461, 583
1699, 158, 869
1700, 174, 289
1701, 377, 454
1702, 143, 827
1703, 507, 997
1704, 327, 500
1705, 45, 567
1706, 307, 670
1707, 682, 892
1708, 109, 623
1709, 147, 269
1710, 212, 494
1711, 69, 332
1712, 518, 839
1713, 167, 792
1714, 400, 550
1715, 211, 737
1716, 778, 812
1717, 314, 489
1718, 163, 441
1719, 555, 822
1720, 189, 803
1721, 122, 611
1722, 597, 866
1723, 201, 851
1724, 365, 529
1725, 354, 637
1726, 140, 777
1727, 799, 862
1728, 2, 691
1729, 106, 751
1730, 267, 895
1731, 172, 215
1732, 9, 530
1733, 546, 789
1734, 128, 724
1735, 320, 823
1736, 793, 978
1737, 473, 656
1738, 90, 938
1739, 355, 415
1740, 89, 474
1741, 386, 437
1742, 796, 993
1743, 571, 830
1744, 262, 807
1745, 50, 787
1746, 209, 660
1747, 71, 747
1748, 150, 286
1749, 475, 598
1750, 55, 113
1751, 551, 924
1752, 244, 492
1753, 152, 204
1754, 126, 440
1755, 46, 343
1756, 39, 72
1757, 338, 411
1758, 466, 957
1759, 62, 925
1760, 68, 681
1761, 100, 574
1762, 553, 631
1763, 566, 643
1764, 669, 797
1765, 31, 432
1766, 920, 943
1767, 195, 721
1768, 181, 225
1769, 178, 596
1770, 627, 976
1771, 217, 885
1772, 91, 767
1773, 900, 945
1774, 531, 587
1775, 80, 232
1776, 451, 703
1777, 349, 626
1778, 22, 636
1779, 316, 735
1780, 519, 606
1781, 76, 521
1782, 112, 294
1783, 300, 676
1784, 38, 287
1785, 233, 562
1786, 88, 594
1787, 867, 904
1788, 136, 556
1789, 753, 886
1790, 14, 992
1791, 250, 828
1792, 110, 344
1793, 186, 679
1794, 117, 765
1795, 74, 285
1796, 73, 391
1797, 16, 528
1798, 385, 396
1799, 462, 994
1800, 615, 720
1801, 591, 595
1802, 510, 876
1803, 157, 372
1804, 210, 912
1805, 197, 923
1806, 42, 107
1807, 445, 766
1808, 846, 859
1809, 980, 991
1810, 169, 222
1811, 200, 238
1812, 632, 806
1813, 538, 756
1814, 541, 563
1815, 249, 502
1816, 271, 860
1817, 586, 716
1818, 564, 785
1819, 408, 969
1820, 374, 696
1821, 608, 983
1822, 252, 914
1823, 260, 278
1824, 79, 726
1825, 387, 417
1826, 484, 760
1827, 808, 965
1828, 165, 853
1829, 70, 77
1830, 295, 894
1831, 499, 970
1832, 48, 714
1833, 234, 457
1834, 305, 837
1835, 782, 813
1836, 919, 1000
1837, 712, 989
1838, 373, 527
1839, 219, 446
1840, 614, 811
1841, 505, 861
1842, 309, 974
1843, 3, 718
1844, 427, 537
1845, 836, 906
1846, 397, 635
1847, 333, 922
1848, 185, 658
1849, 479, 734
1850, 360, 825
1851, 543, 609
1852, 203, 663
1853, 513, 949
1854, 430, 645
1855, 639, 788
1856, 425, 520
1857, 237, 725
1858, 187, 534
1859, 40, 815
1860, 359, 937
1861, 406, 409
1862, 231, 746
1863, 420, 483
1864, 118, 254
1865, 119, 854
1866, 220, 908
1867, 154, 888
1868, 485, 561
1869, 145, 577
1870, 313, 356
1871, 149, 504
1872, 368, 953
1873, 284, 668
1874, 559, 805
1875, 78, 331
1876, 308, 496
1877, 390, 776
1878, 190, 616
1879, 516, 772
1880, 176, 236
1881, 690, 911
1882, 512, 863
1883, 468, 801
1884, 95, 116
1885, 11, 622
1886, 279, 958
1887, 160, 198
1888, 255, 266
1889, 281, 585
1890, 6, 728
1891, 168, 962
1892, 428, 719
1893, 30, 684
1894, 547, 794
1895, 291, 310
1896, 452, 733
1897, 216, 625
1898, 41, 328
1899, 146, 865
1900, 7, 351
1901, 156, 998
1902, 228, 413
1903, 257, 705
1904, 18, 336
1905, 81, 999
1906, 539, 850
1907, 477, 570
1908, 93, 704
1909, 458, 818
1910, 509, 634
1911, 43, 589
1912, 424, 478
1913, 162, 202
1914, 261, 650
1915, 532, 732
1916, 34, 715
1917, 242, 265
1918, 870, 968
1919, 196, 384
1920, 273, 966
1921, 218, 762
1922, 20, 526
1923, 213, 470
1924, 604, 915
1925, 321, 856
1926, 134, 729
1927, 139, 786
1928, 552, 560
1929, 66, 524
1930, 404, 620
1931, 600, 883
1932, 376, 549
1933, 456, 770
1934, 655, 816
1935, 342, 802
1936, 345, 407
1937, 382, 422
1938, 97, 699
1939, 486, 905
1940, 750, 761
1941, 13, 251
1942, 480, 592
1943, 710, 739
1944, 683, 959
1945, 963, 990
1946, 306, 672
1947, 471, 873
1948, 123, 426
1949, 383, 421
1950, 588, 872
1951, 92, 686
1952, 713, 909
1953, 64, 988
1954, 601, 881
1955, 288, 706
1956, 522, 840
1957, 275, 402
1958, 194, 293
1959, 155, 843
1960, 337, 955
1961, 258, 897
1962, 482, 985
1963, 613, 648
1964, 429, 548
1965, 455, 764
1966, 227, 942
1967, 141, 416
1968, 361, 617
1969, 717, 842
1970, 463, 784
1971, 363, 902
1972, 399, 472
1973, 465, 780
1974, 330, 702
1975, 121, 193
1976, 98, 678
1977, 542, 568
1978, 86, 773
1979, 131, 665
1980, 114, 701
1981, 582, 948
1982, 207, 834
1983, 927, 951
1984, 52, 151
1985, 27, 324
1986, 688, 984
1987, 367, 977
1988, 85, 283
1989, 381, 603
1990, 398, 711
1991, 581, 590
1992, 192, 819
1993, 188, 821
1994, 476, 916
1995, 153, 887
1996, 180, 525
1997, 298, 817
1998, 10, 49
1999, 558, 740
2000, 82, 901
2001, 261, 351
2002, 539, 854
2003, 394, 735
2004, 356, 657
2005, 362, 958
2006, 159, 194
2007, 452, 950
2008, 876, 887
2009, 352, 666
2010, 364, 867
2011, 583, 915
2012, 224, 438
2013, 270, 357
2014, 358, 702
2015, 400, 510
2016, 267, 764
2017, 210, 779
2018, 113, 393
2019, 427, 653
2020, 542, 632
2021, 52, 301
2022, 699, 791
2023, 689, 748
2024, 204, 633
2025, 513, 516
2026, 756, 805
2027, 180, 388
2028, 258, 274
2029, 108, 360
2030, 89, 761
2031, 271, 287
2032, 795, 822
2033, 39, 664
2034, 723, 802
2035, 50, 936
2036, 375, 744
2037, 160, 223
2038, 590, 591
2039, 45, 169
2040, 141, 396
2041, 734, 978
2042, 42, 296
2043, 55, 71
2044, 150, 804
2045, 379, 709
2046, 211, 809
2047, 14, 577
2048, 630, 930
2049, 553, 794
2050, 502, 907
2051, 66, 692
2052, 704, 870
2053, 348, 987
2054, 447, 953
2055, 450, 548
2056, 116, 245
2057, 5, 893
2058, 627, 730
2059, 765, 904
2060, 153, 520
2061, 484, 691
2062, 437, 515
2063, 67, 767
2064, 517, 522
2065, 873, 957
2066, 473, 569
2067, 16, 976
2068, 18, 467
2069, 112, 572
2070, 83, 403
2071, 33, 755
2072, 329, 758
2073, 476, 751
2074, 136, 192
2075, 94, 962
2076, 37, 56
2077, 434, 544
2078, 680, 890
2079, 215, 721
2080, 129, 446
2081, 93, 788
2082, 325, 669
2083, 925, 993
2084, 659, 856
2085, 6, 313
2086, 262, 414
2087, 103, 337
2088, 283, 525
2089, 614, 898
2090, 25, 142
2091, 131, 882
2092, 780, 995
2093, 715, 863
2094, 855, 942
2095, 631, 806
2096, 74, 472
2097, 451, 865
2098, 881, 997
2099, 134, 135
2100, 507, 547
2101, 647, 848
2102, 682, 710
2103, 345, 373
2104, 275, 849
2105, 561, 679
2106, 342, 922
2107, 672, 773
2108, 250, 419
2109, 538, 550
2110, 531, 928
2111, 449, 917
2112, 293, 726
2113, 59, 306
2114, 901, 914
2115, 147, 178
2116, 69, 844
2117, 183, 324
2118, 158, 991
2119, 567, 923
2120, 289, 436
2121, 4, 168
2122, 616, 628
2123, 239, 383
2124, 100, 757
2125, 231, 711
2126, 323, 498
2127, 259, 719
2128, 235, 365
2129, 243, 557
2130, 796, 797
2131, 256, 518
2132, 381, 536
2133, 273, 485
2134, 101, 579
2135, 462, 770
2136, 286, 505
2137, 8, 674
2138, 128, 676
2139, 417, 580
2140, 167, 801
2141, 47, 527
2142, 125, 138
2143, 225, 242
2144, 170, 363
2145, 209, 586
2146, 421, 606
2147, 420, 424
2148, 494, 883
2149, 7, 257
2150, 555, 832
2151, 188, 402
2152, 186, 442
2153, 92, 776
2154, 124, 491
2155, 99, 433
2156, 179, 244
2157, 777, 967
2158, 237, 341
2159, 354, 463
2160, 119, 811
2161, 123, 878
2162, 176, 640
2163, 361, 418
2164, 34, 762
2165, 157, 588
2166, 122, 638
2167, 114, 465
2168, 260, 824
2169, 487, 939
2170, 370, 948
2171, 184, 965
2172, 578, 687
2173, 145, 428
2174, 82, 483
2175, 109, 969
2176, 509, 908
2177, 132, 766
2178, 617, 843
2179, 198, 816
2180, 790, 879
2181, 58, 864
2182, 217, 604
2183, 432, 833
2184, 130, 372
2185, 392, 508
2186, 304, 340
2187, 220, 903
2188, 592, 656
2189, 665, 694
2190, 415, 598
2191, 165, 202
2192, 493, 941
2193, 72, 504
2194, 163, 500
2195, 227, 683
2196, 369, 975
2197, 161, 185
2198, 571, 808
2199, 444, 558
2200, 783, 902
2201, 475, 934
2202, 697, 741
2203, 36, 190
2204, 40, 218
2205, 29, 443
2206, 831, 982
2207, 111, 565
2208, 576, 909
2209, 22, 298
2210, 91, 899
2211, 60, 422
2212, 661, 760
2213, 144, 530
2214, 774, 786
2215, 255, 703
2216, 146, 368
2217, 171, 181
2218, 456, 624
2219, 589, 746
2220, 556, 698
2221, 457, 880
2222, 199, 564
2223, 118, 861
2224, 43, 187
2225, 57, 559
2226, 20, 78
2227, 763, 859
2228, 65, 164
2229, 9, 729
2230, 404, 575
2231, 713, 913
2232, 21, 133
2233, 328, 829
2234, 107, 405
2235, 294, 552
2236, 44, 945
2237, 206, 238
2238, 441, 650
2239, 205, 282
2240, 127, 263
2241, 191, 938
2242, 377, 918
2243, 675, 701
2244, 382, 714
2245, 541, 952
2246, 568, 911
2247, 102, 570
2248, 479, 595
2249, 73, 750
2250, 173, 636
2251, 104, 626
2252, 605, 862
2253, 48, 482
2254, 295, 678
2255, 285, 546
2256, 152, 772
2257, 299, 312
2258, 973, 985
2259, 654, 681
2260, 53, 607
2261, 411, 998
2262, 474, 929
2263, 175, 759
2264, 62, 974
2265, 284, 609
2266, 252, 866
2267, 51, 851
2268, 532, 916
2269, 13, 347
2270, 968, 986
2271, 172, 353
2272, 731, 834
2273, 386, 860
2274, 423, 566
2275, 77, 254
2276, 32, 445
2277, 189, 943
2278, 23, 174
2279, 597, 996
2280, 503, 551
2281, 390, 468
2282, 70, 543
2283, 413, 894
2284, 339, 658
2285, 201, 615
2286, 343, 380
2287, 529, 956
2288, 80, 752
2289, 233, 305
2290, 523, 646
2291, 319, 690
2292, 214, 320
2293, 110, 501
2294, 81, 408
2295, 38, 747
2296, 477, 519
2297, 321, 742
2298, 535, 921
2299, 229, 981
2300, 278, 585
2301, 234, 425
2302, 327, 821
2303, 749, 815
2304, 30, 126
2305, 584, 612
2306, 162, 769
2307, 819, 944
2308, 853, 896
2309, 177, 671
2310, 355, 951
2311, 137, 984
2312, 496, 725
2313, 407, 448
2314, 219, 391
2315, 440, 886
2316, 334, 906
2317, 350, 563
2318, 378, 387
2319, 648, 931
2320, 106, 983
2321, 732, 927
2322, 197, 1000
2323, 35, 708
2324, 288, 596
2325, 241, 302
2326, 820, 846
2327, 426, 435
2328, 240, 331
2329, 471, 852
2330, 652, 789
2331, 810, 814
2332, 827, 910
2333, 120, 842
2334, 98, 399
2335, 384, 618
2336, 3, 784
2337, 667, 778
2338, 315, 877
2339, 216, 581
2340, 228, 545
2341, 322, 961
2342, 459, 994
2343, 310, 346
2344, 63, 740
2345, 330, 875
2346, 660, 926
2347, 87, 771
2348, 308, 840
2349, 232, 963
2350, 430, 895
2351, 695, 850
2352, 454, 869
2353, 874, 897
2354, 376, 395
2355, 280, 871
2356, 639, 696
2357, 745, 979
2358, 86, 838
2359, 226, 959
2360, 540, 727
2361, 121, 203
2362, 90, 919
2363, 905, 933
2364, 182, 469
2365, 610, 787
2366, 663, 836
2367, 61, 148
2368, 84, 230
2369, 455, 847
2370, 466, 489
2371, 613, 643
2372, 409, 619
2373, 64, 303
2374, 359, 800
2375, 246, 924
2376, 464, 970
2377, 401, 470
2378, 335, 371
2379, 336, 478
2380, 641, 947
2381, 560, 889
2382, 268, 512
2383, 622, 736
2384, 367, 620
2385, 634, 828
2386, 412, 891
2387, 688, 884
2388, 17, 495
2389, 718, 837
2390, 307, 486
2391, 115, 980
2392, 143, 272
2393, 600, 781
2394, 249, 799
2395, 139, 292
2396, 594, 733
2397, 385, 398
2398, 149, 200
2399, 207, 514
2400, 195, 416
2401, 720, 955
2402, 281, 892
2403, 196, 954
2404, 96, 738
2405, 151, 999
2406, 333, 655
2407, 251, 497
2408, 651, 782
2409, 277, 813
2410, 868, 966
2411, 317, 686
2412, 221, 499
2413, 344, 677
2414, 533, 835
2415, 587, 611
2416, 2, 754
2417, 76, 706
2418, 458, 728
2419, 490, 964
2420, 297, 406
2421, 481, 582
2422, 79, 97
2423, 410, 712
2424, 573, 673
2425, 775, 932
2426, 222, 608
2427, 166, 830
2428, 920, 990
2429, 818, 960
2430, 27, 992
2431, 601, 737
2432, 276, 602
2433, 637, 817
2434, 105, 872
2435, 15, 68
2436, 300, 722
2437, 574, 716
2438, 266, 684
2439, 46, 374
2440, 28, 845
2441, 54, 949
2442, 599, 670
2443, 264, 642
2444, 453, 629
2445, 154, 644
2446, 19, 649
2447, 940, 988
2448, 528, 621
2449, 492, 807
2450, 332, 823
2451, 717, 857
2452, 366, 724
2453, 213, 265
2454, 562, 972
2455, 269, 912
2456, 88, 858
2457, 839, 937
2458, 117, 739
2459, 279, 685
2460, 236, 753
2461, 291, 900
2462, 140, 316
2463, 309, 311
2464, 700, 977
2465, 41, 537
2466, 389, 693
2467, 625, 888
2468, 488, 935
2469, 662, 803
2470, 248, 798
2471, 521, 841
2472, 668, 705
2473, 49, 156
2474, 75, 429
2475, 635, 792
2476, 10, 460
2477, 12, 155
2478, 11, 826
2479, 193, 885
2480, 480, 971
2481, 24, 253
2482, 318, 989
2483, 431, 511
2484, 95, 623
2485, 326, 707
2486, 212, 645
2487, 506, 743
2488, 1, 793
2489, 397, 593
2490, 534, 785
2491, 314, 825
2492, 439, 603
2493, 31, 290
2494, 247, 812
2495, 461, 524
2496, 554, 946
2497, 26, 526
2498, 549, 768
2499, 85, 349
2500, 208, 338
2501, 895, 927
2502, 529, 641
2503, 753, 946
2504, 58, 570
2505, 144, 463
2506, 547, 643
2507, 720, 890
2508, 297, 352
2509, 105, 509
2510, 330, 706
2511, 249, 653
2512, 21, 930
2513, 24, 399
2514, 357, 742
2515, 33, 96
2516, 110, 627
2517, 28, 368
2518, 98, 434
2519, 928, 980
2520, 568, 808
2521, 138, 735
2522, 140, 804
2523, 78, 885
2524, 53, 100
2525, 192, 878
2526, 81, 849
2527, 272, 990
2528, 422, 487
2529, 650, 717
2530, 47, 268
2531, 97, 567
2532, 843, 871
2533, 76, 189
2534, 164, 539
2535, 179, 905
2536, 561, 899
2537, 615, 997
2538, 4, 540
2539, 246, 531
2540, 713, 903
2541, 407, 859
2542, 613, 869
2543, 90, 781
2544, 8, 551
2545, 341, 640
2546, 716, 725
2547, 604, 610
2548, 371, 803
2549, 108, 142
2550, 183, 944
2551, 721, 789
2552, 810, 965
2553, 7, 912
2554, 128, 316
2555, 251, 541
2556, 502, 867
2557, 728, 752
2558, 577, 579
2559, 127, 486
2560, 618, 967
2561, 642, 723
2562, 479, 537
2563, 515, 837
2564, 602, 632
2565, 129, 248
2566, 83, 710
2567, 93, 858
2568, 145, 724
2569, 237, 897
2570, 113, 938
2571, 645, 759
2572, 305, 496
2573, 264, 271
2574, 799, 898
2575, 596, 719
2576, 535, 771
2577, 119, 805
2578, 476, 882
2579, 500, 736
2580, 599, 876
2581, 87, 465
2582, 354, 690
2583, 85, 506
2584, 222, 696
2585, 470, 977
2586, 169, 731
2587, 611, 879
2588, 236, 374
2589, 220, 705
2590, 835, 994
2591, 582, 992
2592, 30, 925
2593, 671, 851
2594, 485, 644
2595, 102, 854
2596, 450, 576
2597, 698, 985
2598, 586, 666
2599, 798, 919
2600, 284, 598
2601, 80, 756
2602, 765, 981
2603, 101, 600
2604, 583, 788
2605, 350, 355
2606, 185, 883
2607, 375, 901
2608, 708, 779
2609, 483, 961
2610, 309, 676
2611, 768, 793
2612, 219, 257
2613, 304, 626
2614, 36, 180
2615, 60, 636
2616, 343, 709
2617, 658, 686
2618, 25, 356
2619, 155, 655
2620, 11, 559
2621, 223, 846
2622, 112, 419
2623, 528, 978
2624, 395, 877
2625, 369, 776
2626, 204, 394
2627, 243, 283
2628, 132, 224
2629, 474, 754
2630, 92, 543
2631, 214, 258
2632, 149, 166
2633, 406, 936
2634, 64, 177
2635, 20, 233
2636, 590, 908
2637, 661, 842
2638, 439, 467
2639, 332, 589
2640, 167, 400
2641, 749, 958
2642, 26, 880
2643, 125, 852
2644, 387, 915
2645, 168, 960
2646, 55, 718
2647, 517, 778
2648, 584, 683
2649, 174, 205
2650, 252, 460
2651, 88, 914
2652, 412, 761
2653, 691, 884
2654, 441, 949
2655, 226, 727
2656, 344, 622
2657, 351, 588
2658, 235, 376
2659, 208, 911
2660, 56, 472
2661, 631, 900
2662, 286, 695
2663, 294, 433
2664, 40, 955
2665, 461, 664
2666, 382, 507
2667, 353, 504
2668, 74, 498
2669, 740, 996
2670, 751, 838
2671, 729, 881
2672, 172, 950
2673, 564, 945
2674, 52, 116
2675, 414, 834
2676, 319, 887
2677, 44, 711
2678, 206, 524
2679, 282, 295
2680, 27, 130
2681, 136, 693
2682, 549, 932
2683, 777, 891
2684, 480, 648
2685, 346, 526
2686, 360, 681
2687, 61, 161
2688, 173, 923
2689, 308, 436
2690, 238, 637
2691, 322, 935
2692, 345, 654
2693, 39, 785
2694, 84, 385
2695, 440, 633
2696, 416, 697
2697, 334, 797
2698, 503, 801
2699, 951, 1000
2700, 210, 783
2701, 199, 866
2702, 241, 574
2703, 429, 555
2704, 511, 651
2705, 263, 839
2706, 122, 790
2707, 605, 910
2708, 388, 587
2709, 786, 824
2710, 299, 963
2711, 684, 707
2712, 700, 893
2713, 281, 542
2714, 43, 323
2715, 349, 741
2716, 820, 993
2717, 209, 954
2718, 38, 123
2719, 386, 635
2720, 405, 473
2721, 592, 699
2722, 245, 847
2723, 51, 826
2724, 22, 794
2725, 628, 823
2726, 392, 863
2727, 505, 594
2728, 121, 608
2729, 232, 702
2730, 9, 290
2731, 597, 607
2732, 277, 415
2733, 404, 616
2734, 816, 920
2735, 29, 966
2736, 218, 704
2737, 418, 953
2738, 94, 216
2739, 499, 795
2740, 411, 575
2741, 147, 482
2742, 510, 682
2743, 89, 234
2744, 550, 601
2745, 391, 870
2746, 12, 242
2747, 95, 324
2748, 336, 739
2749, 186, 888
2750, 438, 860
2751, 527, 780
2752, 269, 831
2753, 377, 734
2754, 367, 787
2755, 35, 814
2756, 146, 410
2757, 247, 957
2758, 538, 862
2759, 379, 677
2760, 34, 217
2761, 195, 211
2762, 432, 909
2763, 45, 784
2764, 158, 813
2765, 320, 556
2766, 398, 755
2767, 490, 979
2768, 221, 701
2769, 337, 425
2770, 193, 782
2771, 581, 775
2772, 488, 818
2773, 484, 942
2774, 737, 815
2775, 49, 746
2776, 366, 373
2777, 557, 774
2778, 261, 940
2779, 114, 530
2780, 267, 298
2781, 437, 947
2782, 3, 569
2783, 18, 982
2784, 196, 215
2785, 335, 370
2786, 23, 288
2787, 593, 896
2788, 137, 573
2789, 760, 874
2790, 280, 665
2791, 117, 853
2792, 293, 639
2793, 614, 773
2794, 796, 931
2795, 150, 443
2796, 844, 934
2797, 59, 187
2798, 397, 715
2799, 378, 421
2800, 758, 829
2801, 435, 904
2802, 380, 454
2803, 275, 396
2804, 359, 512
2805, 182, 750
2806, 66, 255
2807, 141, 478
2808, 764, 770
2809, 609, 989
2810, 104, 572
2811, 171, 273
2812, 361, 501
2813, 291, 428
2814, 48, 200
2815, 401, 971
2816, 163, 403
2817, 99, 431
2818, 14, 124
2819, 133, 413
2820, 424, 685
2821, 326, 497
2822, 390, 703
2823, 175, 546
2824, 201, 306
2825, 225, 464
2826, 674, 732
2827, 430, 668
2828, 889, 906
2829, 103, 688
2830, 240, 647
2831, 331, 970
2832, 347, 363
2833, 16, 766
2834, 135, 321
2835, 662, 929
2836, 621, 827
2837, 184, 548
2838, 42, 259
2839, 134, 939
2840, 254, 317
2841, 675, 973
2842, 198, 449
2843, 619, 964
2844, 212, 855
2845, 229, 315
2846, 230, 873
2847, 442, 800
2848, 91, 491
2849, 680, 743
2850, 75, 265
2851, 5, 143
2852, 111, 287
2853, 446, 667
2854, 448, 772
2855, 494, 913
2856, 162, 833
2857, 67, 560
2858, 50, 276
2859, 565, 580
2860, 544, 657
2861, 303, 475
2862, 278, 917
2863, 148, 445
2864, 629, 918
2865, 131, 514
2866, 457, 987
2867, 6, 534
2868, 311, 571
2869, 107, 886
2870, 545, 864
2871, 692, 712
2872, 79, 659
2873, 207, 455
2874, 176, 523
2875, 477, 624
2876, 471, 670
2877, 46, 892
2878, 274, 988
2879, 307, 679
2880, 109, 191
2881, 1, 481
2882, 71, 495
2883, 159, 520
2884, 976, 984
2885, 364, 807
2886, 63, 492
2887, 313, 314
2888, 285, 673
2889, 153, 302
2890, 745, 792
2891, 649, 812
2892, 522, 845
2893, 462, 617
2894, 2, 389
2895, 585, 638
2896, 948, 972
2897, 120, 250
2898, 239, 763
2899, 348, 562
2900, 325, 894
2901, 69, 231
2902, 417, 689
2903, 468, 563
2904, 420, 656
2905, 253, 943
2906, 508, 722
2907, 458, 578
2908, 72, 327
2909, 329, 518
2910, 68, 139
2911, 17, 57
2912, 453, 907
2913, 922, 924
2914, 115, 769
2915, 10, 921
2916, 256, 362
2917, 426, 663
2918, 744, 959
2919, 469, 533
2920, 342, 822
2921, 612, 999
2922, 552, 646
2923, 152, 190
2924, 409, 630
2925, 289, 998
2926, 154, 260
2927, 762, 791
2928, 213, 916
2929, 383, 941
2930, 188, 338
2931, 270, 423
2932, 558, 652
2933, 625, 821
2934, 62, 525
2935, 444, 521
2936, 77, 262
2937, 13, 203
2938, 937, 962
2939, 41, 451
2940, 32, 301
2941, 591, 806
2942, 73, 968
2943, 197, 493
2944, 65, 857
2945, 634, 848
2946, 687, 733
2947, 266, 402
2948, 339, 995
2949, 333, 384
2950, 160, 536
2951, 381, 738
2952, 82, 748
2953, 340, 868
2954, 427, 452
2955, 318, 926
2956, 244, 830
2957, 279, 459
2958, 312, 620
2959, 19, 836
2960, 296, 841
2961, 181, 767
2962, 456, 603
2963, 156, 872
2964, 694, 714
2965, 554, 956
2966, 151, 730
2967, 310, 595
2968, 228, 489
2969, 31, 669
2970, 54, 513
2971, 358, 952
2972, 819, 986
2973, 802, 828
2974, 532, 726
2975, 519, 933
2976, 865, 902
2977, 757, 825
2978, 372, 466
2979, 70, 194
2980, 170, 969
2981, 37, 983
2982, 566, 817
2983, 106, 202
2984, 516, 974
2985, 365, 850
2986, 747, 856
2987, 126, 606
2988, 811, 991
2989, 809, 875
2990, 840, 975
2991, 15, 157
2992, 292, 623
2993, 118, 832
2994, 165, 227
2995, 660, 678
2996, 328, 408
2997, 393, 447
2998, 86, 300
2999, 672, 861
3000, 178, 553
3001, 213, 706
3002, 530, 754
3003, 224, 954
3004, 684, 812
3005, 561, 864
3006, 744, 866
3007, 3, 448
3008, 470, 679
3009, 58, 563
3010, 593, 985
3011, 508, 820
3012, 272, 760
3013, 138, 575
3014, 357, 822
3015, 618, 928
3016, 328, 695
3017, 302, 633
3018, 26, 149
3019, 188, 899
3020, 181, 876
3021, 447, 756
3022, 641, 842
3023, 24, 616
3024, 197, 870
3025, 10, 953
3026, 691, 750
3027, 239, 292
3028, 900, 979
3029, 19, 322
3030, 776, 833
3031, 715, 949
3032, 135, 401
3033, 160, 584
3034, 200, 777
3035, 1, 57
3036, 515, 716
3037, 225, 605
3038, 295, 313
3039, 484, 907
3040, 195, 523
3041, 260, 596
3042, 96, 498
3043, 229, 549
3044, 466, 711
3045, 15, 510
3046, 368, 591
3047, 183, 873
3048, 628, 967
3049, 766, 935
3050, 341, 781
3051, 158, 458
3052, 732, 819
3053, 394, 452
3054, 610, 757
3055, 335, 608
3056, 625, 920
3057, 21, 104
3058, 61, 155
3059, 353, 463
3060, 418, 520
3061, 680, 690
3062, 268, 620
3063, 805, 838
3064, 689, 730
3065, 312, 673
3066, 666, 801
3067, 622, 930
3068, 297, 310
3069, 582, 720
3070, 77, 215
3071, 323, 927
3072, 504, 932
3073, 372, 883
3074, 562, 775
3075, 73, 976
3076, 53, 678
3077, 85, 102
3078, 11, 303
3079, 293, 895
3080, 83, 107
3081, 17, 685
3082, 376, 511
3083, 286, 532
3084, 119, 152
3085, 349, 412
3086, 245, 601
3087, 571, 904
3088, 122, 708
3089, 118, 430
3090, 404, 566
3091, 243, 522
3092, 38, 294
3093, 512, 662
3094, 277, 802
3095, 287, 391
3096, 14, 400
3097, 30, 41
3098, 296, 457
3099, 82, 109
3100, 660, 676
3101, 123, 982
3102, 8, 316
3103, 813, 867
3104, 336, 694
3105, 600, 908
3106, 199, 667
3107, 140, 503
3108, 172, 426
3109, 365, 693
3110, 42, 175
3111, 124, 792
3112, 217, 551
3113, 171, 944
3114, 780, 849
3115, 314, 443
3116, 78, 722
3117, 65, 490
3118, 44, 553
3119, 182, 745
3120, 50, 230
3121, 37, 473
3122, 31, 990
3123, 528, 830
3124, 269, 325
3125, 992, 997
3126, 12, 134
3127, 307, 311
3128, 209, 871
3129, 434, 570
3130, 474, 796
3131, 128, 177
3132, 612, 865
3133, 103, 677
3134, 133, 210
3135, 703, 831
3136, 375, 377
3137, 383, 809
3138, 87, 630
3139, 481, 878
3140, 350, 844
3141, 18, 68
3142, 576, 599
3143, 427, 749
3144, 52, 66
3145, 317, 671
3146, 70, 888
3147, 364, 799
3148, 93, 991
3149, 343, 347
3150, 141, 146
3151, 278, 942
3152, 413, 856
3153, 111, 860
3154, 609, 936
3155, 975, 994
3156, 304, 555
3157, 198, 853
3158, 710, 887
3159, 33, 770
3160, 184, 850
3161, 752, 966
3162, 505, 896
3163, 386, 786
3164, 465, 603
3165, 531, 906
3166, 717, 753
3167, 74, 475
3168, 226, 734
3169, 16, 774
3170, 482, 604
3171, 513, 536
3172, 40, 898
3173, 179, 804
3174, 779, 841
3175, 631, 658
3176, 787, 940
3177, 25, 587
3178, 267, 432
3179, 407, 969
3180, 193, 574
3181, 541, 543
3182, 454, 916
3183, 9, 672
3184, 861, 986
3185, 492, 590
3186, 355, 938
3187, 334, 491
3188, 701, 739
3189, 699, 839
3190, 547, 573
3191, 381, 729
3192, 299, 810
3193, 276, 686
3194, 91, 696
3195, 645, 818
3196, 108, 629
3197, 208, 647
3198, 117, 540
3199, 509, 943
3200, 493, 829
3201, 60, 211
3202, 339, 422
3203, 63, 300
3204, 232, 459
3205, 139, 428
3206, 444, 869
3207, 204, 234
3208, 106, 324
3209, 203, 565
3210, 84, 956
3211, 115, 399
3212, 165, 542
3213, 168, 194
3214, 826, 998
3215, 98, 113
3216, 81, 244
3217, 99, 617
3218, 89, 329
3219, 554, 597
3220, 67, 192
3221, 228, 687
3222, 29, 266
3223, 250, 379
3224, 351, 983
3225, 606, 874
3226, 725, 788
3227, 309, 811
3228, 338, 742
3229, 247, 926
3230, 259, 987
3231, 455, 564
3232, 639, 902
3233, 142, 367
3234, 657, 797
3235, 642, 808
3236, 533, 890
3237, 120, 467
3238, 86, 479
3239, 216, 978
3240, 27, 265
3241, 765, 817
3242, 688, 798
3243, 731, 973
3244, 423, 480
3245, 100, 344
3246, 624, 816
3247, 586, 648
3248, 382, 704
3249, 219, 768
3250, 548, 614
3251, 186, 905
3252, 258, 387
3253, 634, 989
3254, 48, 220
3255, 94, 494
3256, 469, 893
3257, 654, 736
3258, 64, 723
3259, 320, 880
3260, 80, 782
3261, 223, 957
3262, 332, 595
3263, 318, 955
3264, 588, 778
3265, 144, 521
3266, 263, 834
3267, 373, 534
3268, 20, 619
3269, 496, 763
3270, 331, 415
3271, 262, 843
3272, 32, 789
3273, 252, 807
3274, 471, 569
3275, 649, 747
3276, 718, 793
3277, 254, 380
3278, 121, 130
3279, 153, 912
3280, 308, 636
3281, 461, 485
3282, 125, 273
3283, 468, 709
3284, 519, 971
3285, 659, 984
3286, 360, 981
3287, 162, 698
3288, 126, 919
3289, 233, 762
3290, 319, 903
3291, 627, 751
3292, 857, 882
3293, 43, 105
3294, 163, 556
3295, 283, 598
3296, 7, 214
3297, 275, 389
3298, 518, 535
3299, 147, 395
3300, 143, 253
3301, 814, 886
3302, 79, 803
3303, 249, 851
3304, 288, 359
3305, 72, 1000
3306, 92, 892
3307, 170, 970
3308, 169, 282
3309, 862, 948
3310, 560, 707
3311, 356, 559
3312, 56, 414
3313, 348, 483
3314, 453, 737
3315, 825, 918
3316, 464, 755
3317, 362, 848
3318, 62, 240
3319, 164, 306
3320, 274, 615
3321, 157, 914
3322, 529, 846
3323, 201, 922
3324, 417, 526
3325, 110, 305
3326, 638, 719
3327, 148, 256
3328, 261, 939
3329, 746, 941
3330, 363, 854
3331, 451, 980
3332, 460, 581
3333, 151, 227
3334, 13, 159
3335, 446, 835
3336, 438, 668
3337, 340, 370
3338, 550, 759
3339, 544, 965
3340, 396, 863
3341, 231, 664
3342, 495, 674
3343, 607, 915
3344, 411, 420
3345, 580, 836
3346, 330, 419
3347, 173, 346
3348, 202, 333
3349, 952, 977
3350, 270, 572
3351, 167, 855
3352, 388, 901
3353, 321, 397
3354, 97, 959
3355, 743, 771
3356, 280, 327
3357, 187, 437
3358, 88, 281
3359, 176, 439
3360, 478, 502
3361, 402, 961
3362, 500, 832
3363, 185, 385
3364, 166, 735
3365, 644, 910
3366, 174, 713
3367, 189, 700
3368, 235, 894
3369, 361, 524
3370, 398, 421
3371, 489, 692
3372, 821, 852
3373, 291, 613
3374, 665, 881
3375, 132, 650
3376, 578, 602
3377, 35, 238
3378, 4, 366
3379, 429, 594
3380, 611, 897
3381, 218, 246
3382, 342, 655
3383, 621, 683
3384, 374, 651
3385, 525, 712
3386, 156, 442
3387, 279, 546
3388, 242, 271
3389, 393, 721
3390, 441, 663
3391, 69, 877
3392, 205, 767
3393, 71, 206
3394, 22, 378
3395, 934, 958
3396, 431, 682
3397, 49, 937
3398, 6, 795
3399, 298, 891
3400, 34, 824
3401, 191, 800
3402, 670, 947
3403, 675, 968
3404, 75, 190
3405, 791, 858
3406, 435, 552
3407, 568, 999
3408, 39, 828
3409, 46, 859
3410, 180, 806
3411, 129, 369
3412, 392, 988
3413, 207, 993
3414, 76, 592
3415, 5, 632
3416, 403, 879
3417, 875, 917
3418, 150, 681
3419, 635, 643
3420, 345, 845
3421, 101, 538
3422, 23, 486
3423, 178, 416
3424, 221, 764
3425, 506, 652
3426, 408, 885
3427, 539, 933
3428, 514, 872
3429, 222, 237
3430, 840, 964
3431, 406, 462
3432, 740, 790
3433, 47, 264
3434, 589, 921
3435, 794, 946
3436, 925, 962
3437, 290, 889
3438, 537, 785
3439, 154, 784
3440, 251, 257
3441, 315, 924
3442, 769, 909
3443, 487, 996
3444, 637, 738
3445, 440, 733
3446, 499, 567
3447, 585, 697
3448, 301, 425
3449, 212, 488
3450, 255, 640
3451, 583, 945
3452, 384, 409
3453, 289, 748
3454, 424, 868
3455, 36, 284
3456, 236, 656
3457, 758, 963
3458, 131, 714
3459, 326, 913
3460, 59, 705
3461, 51, 248
3462, 95, 127
3463, 577, 827
3464, 137, 726
3465, 196, 884
3466, 136, 815
3467, 116, 517
3468, 449, 847
3469, 626, 931
3470, 337, 661
3471, 445, 837
3472, 472, 653
3473, 476, 507
3474, 669, 772
3475, 728, 823
3476, 114, 545
3477, 951, 995
3478, 501, 923
3479, 579, 972
3480, 55, 112
3481, 497, 929
3482, 390, 558
3483, 450, 773
3484, 90, 960
3485, 28, 557
3486, 45, 436
3487, 285, 354
3488, 433, 761
3489, 2, 405
3490, 623, 950
3491, 727, 783
3492, 161, 911
3493, 241, 456
3494, 54, 477
3495, 145, 741
3496, 371, 974
3497, 358, 646
3498, 516, 527
3499, 410, 724
3500, 352, 702
3501, 186, 252
3502, 391, 425
3503, 625, 903
3504, 796, 885
3505, 281, 737
3506, 423, 777
3507, 681, 703
3508, 88, 808
3509, 314, 629
3510, 388, 600
3511, 683, 734
3512, 341, 490
3513, 282, 308
3514, 131, 820
3515, 454, 653
3516, 14, 912
3517, 316, 709
3518, 227, 878
3519, 401, 913
3520, 559, 595
3521, 901, 964
3522, 193, 906
3523, 594, 751
3524, 101, 291
3525, 166, 326
3526, 650, 739
3527, 38, 845
3528, 525, 577
3529, 829, 946
3530, 661, 747
3531, 71, 697
3532, 601, 809
3533, 745, 774
3534, 786, 855
3535, 372, 704
3536, 125, 586
3537, 542, 834
3538, 680, 934
3539, 62, 599
3540, 348, 675
3541, 220, 701
3542, 2, 896
3543, 462, 920
3544, 150, 264
3545, 366, 434
3546, 109, 169
3547, 64, 183
3548, 168, 384
3549, 655, 807
3550, 180, 278
3551, 800, 953
3552, 290, 383
3553, 13, 563
3554, 347, 619
3555, 170, 557
3556, 102, 865
3557, 271, 464
3558, 213, 519
3559, 127, 299
3560, 19, 506
3561, 317, 816
3562, 381, 416
3563, 151, 463
3564, 390, 647
3565, 26, 945
3566, 49, 256
3567, 430, 587
3568, 494, 996
3569, 113, 532
3570, 156, 968
3571, 310, 873
3572, 351, 790
3573, 770, 856
3574, 445, 935
3575, 163, 376
3576, 219, 986
3577, 604, 725
3578, 147, 528
3579, 344, 461
3580, 295, 958
3581, 499, 767
3582, 59, 414
3583, 573, 987
3584, 84, 989
3585, 190, 338
3586, 930, 937
3587, 8, 283
3588, 513, 718
3589, 560, 721
3590, 187, 954
3591, 143, 215
3592, 254, 966
3593, 438, 871
3594, 214, 982
3595, 485, 505
3596, 602, 924
3597, 44, 740
3598, 89, 137
3599, 750, 841
3600, 369, 449
3601, 138, 911
3602, 27, 817
3603, 312, 448
3604, 240, 259
3605, 142, 157
3606, 161, 346
3607, 202, 990
3608, 1, 244
3609, 129, 592
3610, 210, 797
3611, 433, 696
3612, 336, 564
3613, 81, 969
3614, 411, 466
3615, 748, 837
3616, 753, 756
3617, 354, 848
3618, 340, 637
3619, 762, 904
3620, 436, 992
3621, 79, 687
3622, 771, 818
3623, 926, 965
3624, 503, 936
3625, 769, 970
3626, 114, 643
3627, 324, 364
3628, 140, 467
3629, 154, 558
3630, 247, 536
3631, 741, 864
3632, 275, 978
3633, 402, 899
3634, 12, 404
3635, 795, 870
3636, 328, 441
3637, 789, 919
3638, 631, 940
3639, 635, 688
3640, 17, 785
3641, 99, 761
3642, 428, 572
3643, 549, 894
3644, 205, 651
3645, 624, 668
3646, 63, 849
3647, 496, 626
3648, 539, 851
3649, 746, 821
3650, 112, 553
3651, 306, 822
3652, 9, 652
3653, 221, 480
3654, 793, 884
3655, 206, 723
3656, 403, 548
3657, 373, 491
3658, 447, 960
3659, 409, 998
3660, 153, 955
3661, 356, 823
3662, 301, 547
3663, 141, 258
3664, 478, 606
3665, 659, 794
3666, 115, 853
3667, 48, 843
3668, 305, 947
3669, 198, 199
3670, 105, 337
3671, 274, 543
3672, 3, 910
3673, 359, 641
3674, 394, 479
3675, 483, 784
3676, 639, 642
3677, 39, 540
3678, 223, 731
3679, 512, 583
3680, 349, 502
3681, 288, 612
3682, 783, 977
3683, 122, 422
3684, 526, 698
3685, 268, 654
3686, 133, 833
3687, 242, 890
3688, 618, 887
3689, 294, 863
3690, 646, 995
3691, 633, 806
3692, 514, 562
3693, 55, 231
3694, 82, 165
3695, 571, 788
3696, 603, 707
3697, 333, 570
3698, 736, 963
3699, 589, 892
3700, 593, 607
3701, 284, 952
3702, 91, 248
3703, 516, 597
3704, 173, 922
3705, 118, 350
3706, 97, 575
3707, 7, 662
3708, 211, 632
3709, 100, 311
3710, 30, 798
3711, 267, 286
3712, 21, 429
3713, 437, 898
3714, 94, 331
3715, 207, 495
3716, 42, 327
3717, 566, 598
3718, 555, 824
3719, 484, 727
3720, 32, 804
3721, 803, 832
3722, 442, 700
3723, 77, 670
3724, 175, 765
3725, 621, 764
3726, 399, 971
3727, 83, 370
3728, 121, 452
3729, 222, 472
3730, 178, 1000
3731, 339, 957
3732, 714, 802
3733, 732, 763
3734, 68, 879
3735, 330, 676
3736, 145, 813
3737, 70, 929
3738, 148, 319
3739, 393, 418
3740, 389, 886
3741, 15, 184
3742, 73, 289
3743, 616, 891
3744, 132, 933
3745, 320, 900
3746, 613, 861
3747, 279, 500
3748, 126, 176
3749, 204, 815
3750, 457, 831
3751, 188, 233
3752, 617, 775
3753, 234, 545
3754, 75, 363
3755, 285, 378
3756, 840, 854
3757, 801, 939
3758, 262, 880
3759, 620, 918
3760, 257, 303
3761, 47, 638
3762, 123, 985
3763, 20, 237
3764, 420, 743
3765, 876, 907
3766, 152, 497
3767, 722, 846
3768, 325, 877
3769, 167, 772
3770, 432, 588
3771, 56, 610
3772, 419, 486
3773, 530, 665
3774, 41, 869
3775, 444, 872
3776, 304, 523
3777, 11, 738
3778, 124, 182
3779, 875, 997
3780, 120, 857
3781, 196, 984
3782, 487, 596
3783, 465, 679
3784, 117, 967
3785, 200, 453
3786, 61, 249
3787, 517, 554
3788, 18, 273
3789, 192, 368
3790, 149, 551
3791, 459, 518
3792, 241, 382
3793, 60, 658
3794, 656, 948
3795, 648, 847
3796, 31, 476
3797, 692, 776
3798, 413, 981
3799, 195, 657
3800, 194, 895
3801, 685, 882
3802, 292, 938
3803, 415, 666
3804, 673, 866
3805, 225, 686
3806, 5, 313
3807, 474, 649
3808, 87, 470
3809, 74, 245
3810, 155, 728
3811, 689, 827
3812, 162, 759
3813, 197, 451
3814, 699, 778
3815, 128, 537
3816, 293, 488
3817, 25, 111
3818, 724, 726
3819, 706, 708
3820, 307, 781
3821, 243, 280
3822, 86, 322
3823, 417, 582
3824, 343, 671
3825, 754, 944
3826, 23, 116
3827, 627, 805
3828, 250, 260
3829, 158, 455
3830, 235, 567
3831, 521, 812
3832, 24, 440
3833, 315, 994
3834, 961, 993
3835, 569, 792
3836, 360, 397
3837, 380, 634
3838, 396, 426
3839, 92, 839
3840, 208, 424
3841, 107, 443
3842, 104, 232
3843, 511, 533
3844, 270, 456
3845, 40, 76
3846, 181, 605
3847, 501, 950
3848, 332, 541
3849, 300, 705
3850, 826, 988
3851, 85, 943
3852, 515, 672
3853, 814, 842
3854, 377, 576
3855, 400, 780
3856, 556, 715
3857, 6, 664
3858, 568, 710
3859, 93, 868
3860, 212, 684
3861, 357, 677
3862, 277, 719
3863, 614, 766
3864, 298, 469
3865, 375, 520
3866, 371, 509
3867, 52, 690
3868, 255, 830
3869, 498, 883
3870, 825, 962
3871, 481, 630
3872, 585, 819
3873, 893, 921
3874, 172, 323
3875, 29, 752
3876, 860, 916
3877, 269, 669
3878, 711, 749
3879, 58, 67
3880, 578, 835
3881, 482, 717
3882, 406, 782
3883, 276, 663
3884, 253, 902
3885, 574, 975
3886, 427, 956
3887, 35, 909
3888, 203, 773
3889, 421, 915
3890, 51, 733
3891, 387, 510
3892, 136, 217
3893, 287, 917
3894, 96, 321
3895, 580, 828
3896, 508, 941
3897, 584, 927
3898, 365, 458
3899, 504, 799
3900, 130, 209
3901, 590, 862
3902, 10, 69
3903, 468, 702
3904, 475, 787
3905, 230, 527
3906, 405, 908
3907, 867, 897
3908, 66, 645
3909, 623, 923
3910, 412, 435
3911, 302, 972
3912, 53, 591
3913, 850, 959
3914, 334, 949
3915, 615, 983
3916, 261, 735
3917, 43, 174
3918, 45, 477
3919, 34, 712
3920, 335, 395
3921, 309, 768
3922, 398, 881
3923, 297, 640
3924, 164, 760
3925, 266, 296
3926, 224, 489
3927, 410, 859
3928, 534, 535
3929, 226, 976
3930, 361, 608
3931, 460, 579
3932, 660, 999
3933, 581, 874
3934, 37, 216
3935, 179, 561
3936, 524, 636
3937, 473, 493
3938, 171, 392
3939, 4, 546
3940, 236, 367
3941, 674, 838
3942, 134, 246
3943, 98, 185
3944, 229, 836
3945, 103, 889
3946, 189, 667
3947, 644, 974
3948, 72, 928
3949, 146, 925
3950, 353, 858
3951, 144, 355
3952, 228, 693
3953, 201, 342
3954, 272, 362
3955, 408, 779
3956, 345, 611
3957, 374, 682
3958, 54, 744
3959, 251, 942
3960, 239, 407
3961, 90, 95
3962, 538, 811
3963, 65, 980
3964, 191, 522
3965, 544, 720
3966, 46, 932
3967, 318, 550
3968, 492, 991
3969, 552, 931
3970, 139, 507
3971, 159, 329
3972, 36, 757
3973, 78, 694
3974, 385, 888
3975, 622, 852
3976, 16, 80
3977, 119, 691
3978, 160, 450
3979, 713, 755
3980, 218, 439
3981, 265, 810
3982, 135, 695
3983, 531, 791
3984, 57, 973
3985, 50, 742
3986, 529, 565
3987, 238, 471
3988, 263, 446
3989, 28, 33
3990, 628, 729
3991, 106, 905
3992, 844, 951
3993, 716, 979
3994, 110, 386
3995, 108, 914
3996, 352, 758
3997, 358, 730
3998, 22, 431
3999, 379, 609
4000, 177, 678
