id, img1, img2
1, 104, 665
2, 490, 920
3, 98, 226
4, 685, 905
5, 316, 846
6, 41, 288
7, 516, 729
8, 509, 850
9, 25, 381
10, 219, 542
11, 760, 839
12, 148, 297
13, 177, 206
14, 261, 962
15, 133, 173
16, 30, 38
17, 125, 918
18, 267, 855
19, 57, 215
20, 355, 529
21, 11, 399
22, 541, 768
23, 713, 749
24, 676, 797
25, 718, 877
26, 511, 709
27, 251, 822
28, 116, 567
29, 745, 748
30, 163, 208
31, 312, 439
32, 409, 911
33, 571, 840
34, 615, 908
35, 82, 586
36, 218, 723
37, 236, 710
38, 646, 821
39, 275, 829
40, 128, 853
41, 802, 876
42, 519, 835
43, 670, 996
44, 472, 799
45, 344, 592
46, 324, 671
47, 598, 616
48, 243, 378
49, 20, 299
50, 84, 891
51, 391, 468
52, 225, 274
53, 256, 584
54, 65, 811
55, 347, 683
56, 64, 139
57, 445, 608
58, 585, 979
59, 269, 350
60, 165, 644
61, 477, 756
62, 95, 719
63, 447, 858
64, 58, 711
65, 6, 651
66, 431, 809
67, 137, 162
68, 842, 916
69, 33, 734
70, 23, 775
71, 27, 865
72, 19, 898
73, 294, 448
74, 210, 937
75, 279, 433
76, 647, 837
77, 805, 947
78, 102, 195
79, 319, 333
80, 141, 882
81, 680, 910
82, 471, 823
83, 464, 514
84, 444, 623
85, 200, 327
86, 564, 854
87, 255, 875
88, 454, 645
89, 488, 610
90, 816, 862
91, 480, 990
92, 227, 250
93, 29, 220
94, 229, 690
95, 292, 481
96, 32, 502
97, 356, 872
98, 678, 791
99, 14, 638
100, 35, 489
101, 253, 878
102, 358, 733
103, 582, 944
104, 160, 889
105, 154, 170
106, 629, 813
107, 1, 900
108, 118, 178
109, 435, 798
110, 167, 228
111, 969, 985
112, 120, 308
113, 832, 932
114, 491, 966
115, 605, 975
116, 55, 68
117, 752, 967
118, 693, 888
119, 377, 653
120, 272, 620
121, 538, 981
122, 528, 925
123, 313, 959
124, 175, 701
125, 634, 954
126, 845, 924
127, 85, 386
128, 159, 956
129, 575, 935
130, 28, 76
131, 21, 260
132, 716, 999
133, 106, 184
134, 198, 833
135, 54, 815
136, 442, 577
137, 52, 112
138, 476, 494
139, 100, 830
140, 652, 860
141, 374, 507
142, 463, 695
143, 247, 907
144, 747, 844
145, 72, 859
146, 69, 242
147, 328, 590
148, 5, 455
149, 24, 388
150, 169, 945
151, 74, 306
152, 483, 725
153, 400, 864
154, 36, 896
155, 90, 612
156, 631, 834
157, 224, 759
158, 939, 961
159, 180, 330
160, 124, 868
161, 249, 887
162, 37, 948
163, 122, 157
164, 56, 199
165, 264, 290
166, 365, 793
167, 113, 345
168, 145, 371
169, 45, 407
170, 70, 495
171, 722, 852
172, 60, 349
173, 89, 379
174, 373, 897
175, 42, 561
176, 484, 950
177, 340, 883
178, 443, 559
179, 185, 544
180, 851, 980
181, 465, 735
182, 110, 655
183, 15, 188
184, 397, 704
185, 136, 298
186, 31, 202
187, 689, 849
188, 216, 807
189, 143, 792
190, 181, 359
191, 263, 295
192, 240, 936
193, 555, 917
194, 751, 863
195, 424, 820
196, 500, 513
197, 172, 212
198, 783, 788
199, 819, 836
200, 97, 625
201, 108, 317
202, 456, 479
203, 688, 761
204, 101, 972
205, 94, 393
206, 565, 949
207, 504, 743
208, 414, 458
209, 209, 717
210, 337, 613
211, 321, 919
212, 17, 843
213, 438, 926
214, 534, 960
215, 254, 643
216, 147, 291
217, 144, 183
218, 66, 307
219, 498, 861
220, 179, 632
221, 146, 570
222, 231, 984
223, 129, 339
224, 121, 466
225, 7, 697
226, 550, 938
227, 346, 826
228, 18, 530
229, 380, 385
230, 246, 470
231, 252, 730
232, 168, 387
233, 39, 965
234, 138, 762
235, 686, 988
236, 149, 449
237, 196, 560
238, 117, 657
239, 669, 740
240, 348, 764
241, 930, 986
242, 423, 946
243, 353, 384
244, 392, 482
245, 794, 922
246, 193, 554
247, 171, 376
248, 304, 838
249, 59, 801
250, 265, 992
251, 334, 957
252, 451, 974
253, 127, 767
254, 336, 784
255, 587, 696
256, 48, 63
257, 311, 404
258, 187, 289
259, 34, 420
260, 432, 884
261, 915, 929
262, 523, 824
263, 505, 606
264, 914, 933
265, 401, 785
266, 230, 398
267, 659, 894
268, 257, 679
269, 664, 692
270, 192, 789
271, 80, 361
272, 427, 618
273, 473, 958
274, 237, 873
275, 413, 867
276, 318, 437
277, 325, 549
278, 367, 411
279, 79, 152
280, 539, 1000
281, 223, 635
282, 268, 558
283, 684, 728
284, 366, 771
285, 150, 548
286, 660, 700
287, 115, 296
288, 396, 848
289, 591, 742
290, 233, 870
291, 91, 540
292, 305, 739
293, 16, 351
294, 92, 461
295, 235, 677
296, 485, 617
297, 51, 600
298, 576, 780
299, 119, 417
300, 453, 628
301, 44, 503
302, 83, 214
303, 189, 574
304, 363, 640
305, 232, 750
306, 705, 778
307, 553, 633
308, 258, 724
309, 81, 825
310, 970, 997
311, 61, 885
312, 4, 419
313, 593, 971
314, 105, 526
315, 841, 857
316, 75, 557
317, 569, 817
318, 245, 364
319, 53, 656
320, 572, 963
321, 135, 241
322, 403, 452
323, 527, 691
324, 698, 800
325, 259, 589
326, 828, 901
327, 781, 941
328, 332, 626
329, 26, 190
330, 161, 537
331, 394, 551
332, 276, 293
333, 88, 581
334, 469, 614
335, 827, 991
336, 262, 326
337, 421, 441
338, 331, 952
339, 515, 856
340, 457, 666
341, 370, 462
342, 244, 871
343, 493, 906
344, 786, 818
345, 201, 506
346, 191, 372
347, 627, 649
348, 782, 795
349, 166, 412
350, 153, 475
351, 708, 776
352, 662, 904
353, 478, 741
354, 706, 736
355, 765, 895
356, 282, 650
357, 302, 389
358, 123, 667
359, 624, 903
360, 109, 637
361, 362, 810
362, 221, 641
363, 284, 309
364, 281, 674
365, 207, 931
366, 604, 847
367, 301, 428
368, 410, 993
369, 460, 602
370, 300, 995
371, 13, 369
372, 594, 874
373, 416, 522
374, 222, 273
375, 663, 955
376, 517, 744
377, 520, 978
378, 111, 642
379, 186, 611
380, 73, 994
381, 2, 622
382, 562, 757
383, 368, 459
384, 142, 727
385, 239, 687
386, 831, 977
387, 524, 927
388, 703, 879
389, 390, 886
390, 546, 777
391, 338, 496
392, 467, 512
393, 402, 909
394, 103, 596
395, 40, 964
396, 450, 639
397, 315, 499
398, 96, 510
399, 533, 601
400, 497, 763
401, 487, 568
402, 238, 636
403, 395, 942
404, 132, 422
405, 10, 415
406, 277, 501
407, 360, 769
408, 940, 982
409, 217, 772
410, 47, 343
411, 531, 770
412, 755, 987
413, 543, 563
414, 204, 998
415, 675, 746
416, 322, 603
417, 176, 694
418, 578, 880
419, 46, 803
420, 320, 899
421, 434, 492
422, 726, 912
423, 131, 342
424, 405, 790
425, 182, 597
426, 335, 808
427, 547, 583
428, 156, 673
429, 352, 715
430, 278, 418
431, 114, 943
432, 580, 881
433, 552, 702
434, 429, 607
435, 753, 968
436, 78, 234
437, 67, 383
438, 535, 806
439, 194, 323
440, 197, 621
441, 126, 787
442, 71, 556
443, 426, 599
444, 425, 866
445, 158, 989
446, 99, 203
447, 174, 738
448, 486, 566
449, 164, 928
450, 140, 287
451, 12, 595
452, 545, 893
453, 329, 518
454, 579, 773
455, 707, 892
456, 720, 913
457, 712, 754
458, 283, 934
459, 62, 890
460, 86, 354
461, 49, 779
462, 50, 77
463, 134, 525
464, 130, 869
465, 430, 668
466, 43, 440
467, 303, 375
468, 266, 681
469, 280, 436
470, 737, 976
471, 8, 766
472, 271, 923
473, 3, 661
474, 721, 951
475, 205, 446
476, 408, 804
477, 22, 573
478, 87, 285
479, 521, 658
480, 211, 814
481, 107, 286
482, 508, 902
483, 609, 973
484, 357, 796
485, 213, 536
486, 341, 774
487, 270, 532
488, 151, 983
489, 248, 314
490, 406, 758
491, 648, 654
492, 9, 921
493, 619, 682
494, 382, 630
495, 155, 731
496, 699, 732
497, 672, 812
498, 93, 714
499, 310, 474
500, 588, 953
501, 416, 645
502, 238, 547
503, 3, 941
504, 295, 579
505, 143, 162
506, 261, 993
507, 415, 502
508, 458, 760
509, 142, 878
510, 595, 845
511, 611, 680
512, 407, 421
513, 105, 137
514, 86, 617
515, 403, 883
516, 402, 930
517, 14, 693
518, 43, 409
519, 672, 706
520, 149, 705
521, 178, 463
522, 77, 918
523, 429, 929
524, 91, 670
525, 98, 500
526, 678, 964
527, 666, 914
528, 71, 373
529, 487, 856
530, 213, 831
531, 75, 594
532, 243, 283
533, 48, 772
534, 203, 377
535, 323, 900
536, 327, 445
537, 690, 770
538, 626, 873
539, 84, 604
540, 668, 833
541, 475, 943
542, 960, 978
543, 362, 692
544, 807, 891
545, 62, 903
546, 132, 300
547, 5, 598
548, 255, 681
549, 509, 909
550, 279, 966
551, 277, 443
552, 176, 184
553, 602, 675
554, 140, 368
555, 249, 765
556, 11, 145
557, 339, 925
558, 476, 849
559, 381, 724
560, 2, 405
561, 4, 275
562, 625, 972
563, 24, 665
564, 219, 437
565, 165, 517
566, 472, 648
567, 657, 773
568, 390, 820
569, 388, 758
570, 211, 576
571, 185, 329
572, 28, 216
573, 136, 588
574, 228, 326
575, 201, 501
576, 90, 801
577, 180, 955
578, 687, 795
579, 747, 802
580, 321, 566
581, 94, 439
582, 99, 515
583, 434, 997
584, 919, 958
585, 344, 880
586, 290, 832
587, 150, 252
588, 507, 514
589, 318, 366
590, 96, 433
591, 49, 393
592, 635, 877
593, 554, 740
594, 346, 810
595, 166, 237
596, 694, 771
597, 102, 232
598, 223, 987
599, 245, 646
600, 47, 885
601, 19, 715
602, 87, 163
603, 129, 607
604, 29, 440
605, 691, 718
606, 152, 221
607, 281, 549
608, 61, 65
609, 181, 484
610, 235, 746
611, 45, 389
612, 168, 205
613, 435, 654
614, 319, 596
615, 198, 449
616, 115, 423
617, 613, 653
618, 83, 457
619, 160, 336
620, 187, 859
621, 839, 940
622, 56, 488
623, 7, 716
624, 904, 948
625, 733, 841
626, 285, 513
627, 589, 728
628, 196, 723
629, 100, 908
630, 125, 910
631, 356, 838
632, 689, 947
633, 124, 526
634, 542, 701
635, 352, 474
636, 334, 606
637, 387, 761
638, 424, 558
639, 422, 756
640, 593, 821
641, 535, 629
642, 305, 949
643, 37, 430
644, 519, 632
645, 293, 812
646, 179, 806
647, 686, 754
648, 159, 512
649, 565, 647
650, 564, 805
651, 508, 529
652, 266, 813
653, 30, 811
654, 193, 470
655, 683, 963
656, 852, 951
657, 189, 280
658, 34, 257
659, 638, 699
660, 113, 912
661, 69, 572
662, 667, 836
663, 88, 156
664, 208, 727
665, 169, 438
666, 251, 936
667, 154, 663
668, 36, 938
669, 650, 753
670, 550, 631
671, 444, 846
672, 167, 239
673, 412, 879
674, 506, 894
675, 46, 82
676, 332, 597
677, 130, 976
678, 297, 354
679, 241, 616
680, 276, 628
681, 299, 737
682, 131, 139
683, 568, 882
684, 700, 738
685, 520, 696
686, 313, 902
687, 116, 304
688, 146, 341
689, 734, 819
690, 330, 989
691, 95, 872
692, 510, 573
693, 698, 950
694, 23, 785
695, 557, 983
696, 498, 921
697, 174, 233
698, 655, 934
699, 10, 527
700, 704, 748
701, 207, 555
702, 322, 711
703, 905, 977
704, 253, 615
705, 54, 800
706, 451, 481
707, 386, 714
708, 289, 887
709, 658, 835
710, 123, 995
711, 120, 302
712, 382, 736
713, 504, 621
714, 788, 893
715, 1, 901
716, 544, 627
717, 310, 546
718, 22, 138
719, 460, 899
720, 384, 844
721, 27, 406
722, 600, 798
723, 447, 539
724, 486, 787
725, 144, 605
726, 272, 837
727, 222, 288
728, 755, 794
729, 397, 749
730, 659, 830
731, 780, 922
732, 380, 537
733, 101, 345
734, 175, 928
735, 66, 703
736, 466, 534
737, 822, 868
738, 391, 988
739, 68, 357
740, 227, 998
741, 286, 452
742, 331, 461
743, 418, 560
744, 60, 792
745, 446, 875
746, 122, 896
747, 106, 155
748, 121, 814
749, 467, 985
750, 200, 360
751, 531, 823
752, 197, 834
753, 731, 881
754, 40, 521
755, 333, 379
756, 229, 980
757, 400, 709
758, 454, 884
759, 109, 303
760, 791, 981
761, 337, 620
762, 79, 543
763, 328, 347
764, 325, 782
765, 479, 848
766, 246, 263
767, 112, 284
768, 267, 292
769, 15, 651
770, 633, 656
771, 52, 353
772, 226, 855
773, 432, 702
774, 225, 494
775, 32, 570
776, 469, 569
777, 214, 282
778, 147, 967
779, 340, 591
780, 183, 660
781, 398, 685
782, 612, 808
783, 76, 338
784, 209, 622
785, 471, 720
786, 85, 762
787, 608, 745
788, 815, 817
789, 72, 999
790, 92, 427
791, 505, 764
792, 480, 789
793, 260, 975
794, 67, 217
795, 188, 364
796, 623, 804
797, 151, 453
798, 39, 990
799, 624, 906
800, 766, 956
801, 33, 619
802, 118, 609
803, 127, 401
804, 21, 777
805, 93, 516
806, 826, 965
807, 172, 291
808, 78, 797
809, 372, 548
810, 194, 511
811, 298, 306
812, 265, 994
813, 870, 924
814, 153, 164
815, 394, 851
816, 376, 684
817, 195, 730
818, 317, 750
819, 247, 491
820, 44, 599
821, 342, 954
822, 436, 962
823, 64, 592
824, 20, 117
825, 688, 783
826, 523, 674
827, 315, 695
828, 107, 890
829, 673, 781
830, 41, 726
831, 586, 992
832, 204, 865
833, 202, 268
834, 74, 937
835, 271, 982
836, 294, 493
837, 483, 970
838, 55, 158
839, 111, 485
840, 585, 799
841, 8, 385
842, 256, 503
843, 97, 431
844, 35, 170
845, 374, 920
846, 171, 492
847, 335, 575
848, 465, 774
849, 348, 996
850, 343, 809
851, 895, 942
852, 26, 73
853, 50, 1000
854, 182, 863
855, 652, 729
856, 270, 676
857, 273, 858
858, 719, 743
859, 59, 857
860, 212, 489
861, 669, 721
862, 874, 933
863, 135, 907
864, 215, 244
865, 104, 725
866, 553, 932
867, 448, 496
868, 580, 640
869, 191, 312
870, 218, 757
871, 552, 886
872, 751, 926
873, 17, 778
874, 287, 741
875, 128, 274
876, 578, 590
877, 679, 867
878, 240, 441
879, 722, 763
880, 776, 790
881, 108, 562
882, 259, 525
883, 12, 309
884, 38, 828
885, 9, 350
886, 417, 898
887, 25, 308
888, 644, 952
889, 775, 888
890, 58, 551
891, 242, 945
892, 186, 224
893, 742, 927
894, 63, 581
895, 190, 803
896, 236, 583
897, 148, 254
898, 769, 818
899, 528, 842
900, 220, 349
901, 262, 392
902, 126, 199
903, 231, 419
904, 442, 603
905, 378, 984
906, 51, 871
907, 53, 408
908, 80, 428
909, 634, 739
910, 540, 664
911, 361, 829
912, 413, 824
913, 464, 825
914, 456, 767
915, 314, 536
916, 89, 662
917, 18, 450
918, 522, 869
919, 404, 959
920, 296, 499
921, 57, 971
922, 133, 264
923, 258, 892
924, 6, 642
925, 206, 316
926, 173, 707
927, 490, 911
928, 395, 768
929, 81, 973
930, 482, 961
931, 157, 677
932, 134, 744
933, 355, 862
934, 119, 533
935, 411, 530
936, 478, 545
937, 532, 979
938, 234, 866
939, 367, 889
940, 541, 779
941, 375, 939
942, 793, 796
943, 459, 991
944, 320, 538
945, 103, 559
946, 250, 916
947, 324, 369
948, 462, 614
949, 177, 582
950, 752, 986
951, 712, 953
952, 371, 786
953, 618, 915
954, 643, 827
955, 468, 637
956, 358, 477
957, 567, 587
958, 351, 601
959, 13, 110
960, 307, 944
961, 301, 574
962, 192, 383
963, 414, 571
964, 70, 974
965, 420, 969
966, 710, 935
967, 396, 843
968, 248, 946
969, 641, 913
970, 425, 636
971, 649, 784
972, 365, 671
973, 230, 269
974, 311, 861
975, 210, 917
976, 141, 968
977, 518, 524
978, 759, 931
979, 455, 561
980, 682, 816
981, 610, 630
982, 31, 410
983, 473, 661
984, 278, 370
985, 114, 584
986, 495, 864
987, 42, 923
988, 735, 840
989, 556, 847
990, 850, 897
991, 16, 697
992, 563, 708
993, 497, 717
994, 577, 713
995, 854, 957
996, 359, 876
997, 639, 860
998, 363, 399
999, 732, 853
1000, 161, 426
1001, 450, 615
1002, 240, 689
1003, 711, 854
1004, 238, 415
1005, 192, 578
1006, 436, 964
1007, 463, 852
1008, 128, 279
1009, 75, 953
1010, 76, 867
1011, 169, 674
1012, 14, 31
1013, 237, 355
1014, 637, 678
1015, 707, 752
1016, 538, 748
1017, 304, 955
1018, 146, 802
1019, 418, 918
1020, 183, 939
1021, 187, 810
1022, 172, 638
1023, 263, 988
1024, 521, 962
1025, 52, 288
1026, 19, 686
1027, 22, 351
1028, 280, 595
1029, 200, 603
1030, 91, 144
1031, 978, 984
1032, 371, 460
1033, 267, 792
1034, 496, 690
1035, 565, 807
1036, 604, 998
1037, 563, 777
1038, 139, 592
1039, 86, 98
1040, 29, 193
1041, 97, 429
1042, 373, 396
1043, 306, 505
1044, 312, 952
1045, 55, 208
1046, 299, 393
1047, 303, 682
1048, 2, 379
1049, 269, 633
1050, 841, 894
1051, 439, 622
1052, 166, 457
1053, 456, 510
1054, 198, 302
1055, 520, 617
1056, 600, 765
1057, 151, 873
1058, 323, 337
1059, 72, 244
1060, 849, 929
1061, 419, 466
1062, 462, 853
1063, 442, 550
1064, 83, 569
1065, 670, 769
1066, 118, 210
1067, 70, 947
1068, 564, 986
1069, 410, 560
1070, 101, 300
1071, 276, 722
1072, 428, 547
1073, 90, 739
1074, 397, 823
1075, 812, 946
1076, 201, 857
1077, 85, 728
1078, 509, 937
1079, 195, 250
1080, 310, 625
1081, 69, 336
1082, 329, 679
1083, 421, 501
1084, 89, 729
1085, 155, 497
1086, 260, 387
1087, 82, 508
1088, 433, 544
1089, 335, 901
1090, 934, 981
1091, 360, 826
1092, 256, 467
1093, 527, 781
1094, 543, 828
1095, 917, 960
1096, 239, 816
1097, 23, 293
1098, 140, 506
1099, 345, 971
1100, 635, 735
1101, 20, 452
1102, 731, 756
1103, 130, 178
1104, 532, 573
1105, 796, 941
1106, 249, 663
1107, 793, 877
1108, 540, 716
1109, 92, 215
1110, 784, 994
1111, 502, 516
1112, 62, 519
1113, 504, 846
1114, 8, 518
1115, 369, 380
1116, 389, 474
1117, 71, 914
1118, 285, 727
1119, 110, 915
1120, 446, 892
1121, 96, 580
1122, 103, 570
1123, 142, 773
1124, 165, 309
1125, 57, 156
1126, 414, 478
1127, 199, 561
1128, 184, 236
1129, 225, 868
1130, 45, 346
1131, 861, 889
1132, 657, 902
1133, 744, 930
1134, 714, 717
1135, 275, 774
1136, 581, 897
1137, 687, 983
1138, 206, 979
1139, 278, 471
1140, 194, 863
1141, 117, 609
1142, 295, 586
1143, 487, 556
1144, 245, 254
1145, 305, 322
1146, 809, 851
1147, 659, 1000
1148, 100, 164
1149, 257, 481
1150, 308, 367
1151, 399, 640
1152, 347, 694
1153, 124, 341
1154, 149, 906
1155, 79, 913
1156, 63, 131
1157, 566, 692
1158, 483, 669
1159, 123, 958
1160, 480, 933
1161, 344, 372
1162, 616, 680
1163, 587, 623
1164, 778, 905
1165, 21, 416
1166, 395, 798
1167, 115, 218
1168, 409, 842
1169, 357, 585
1170, 37, 621
1171, 175, 370
1172, 653, 737
1173, 366, 831
1174, 147, 247
1175, 697, 800
1176, 64, 262
1177, 634, 919
1178, 702, 749
1179, 871, 927
1180, 571, 923
1181, 757, 885
1182, 315, 881
1183, 500, 575
1184, 643, 882
1185, 801, 956
1186, 795, 925
1187, 34, 568
1188, 598, 856
1189, 158, 343
1190, 754, 759
1191, 159, 536
1192, 106, 839
1193, 468, 495
1194, 99, 883
1195, 232, 270
1196, 596, 632
1197, 528, 993
1198, 441, 546
1199, 485, 745
1200, 58, 909
1201, 233, 579
1202, 188, 753
1203, 24, 111
1204, 353, 610
1205, 290, 492
1206, 447, 683
1207, 350, 973
1208, 292, 817
1209, 11, 44
1210, 217, 375
1211, 66, 77
1212, 405, 870
1213, 214, 705
1214, 265, 548
1215, 197, 662
1216, 54, 588
1217, 152, 921
1218, 120, 750
1219, 174, 327
1220, 338, 469
1221, 398, 766
1222, 163, 982
1223, 712, 791
1224, 448, 931
1225, 68, 974
1226, 10, 779
1227, 494, 629
1228, 137, 701
1229, 170, 423
1230, 129, 400
1231, 425, 967
1232, 498, 740
1233, 108, 970
1234, 555, 704
1235, 136, 948
1236, 61, 651
1237, 363, 630
1238, 541, 695
1239, 284, 479
1240, 476, 488
1241, 43, 767
1242, 821, 916
1243, 458, 574
1244, 417, 755
1245, 736, 840
1246, 392, 530
1247, 50, 790
1248, 512, 583
1249, 313, 681
1250, 226, 359
1251, 36, 224
1252, 614, 626
1253, 145, 997
1254, 577, 724
1255, 780, 787
1256, 135, 533
1257, 382, 624
1258, 234, 965
1259, 404, 815
1260, 259, 976
1261, 549, 874
1262, 12, 17
1263, 328, 996
1264, 114, 426
1265, 73, 775
1266, 248, 342
1267, 465, 613
1268, 333, 470
1269, 619, 928
1270, 26, 539
1271, 362, 464
1272, 16, 420
1273, 358, 989
1274, 513, 848
1275, 84, 829
1276, 314, 667
1277, 291, 349
1278, 499, 891
1279, 376, 685
1280, 461, 655
1281, 319, 935
1282, 320, 789
1283, 74, 665
1284, 721, 830
1285, 523, 772
1286, 888, 908
1287, 119, 742
1288, 246, 407
1289, 654, 938
1290, 348, 673
1291, 104, 424
1292, 402, 855
1293, 202, 975
1294, 235, 611
1295, 438, 920
1296, 33, 589
1297, 472, 783
1298, 182, 368
1299, 28, 253
1300, 388, 514
1301, 42, 185
1302, 148, 869
1303, 723, 746
1304, 354, 507
1305, 167, 788
1306, 160, 297
1307, 843, 903
1308, 720, 837
1309, 364, 832
1310, 53, 808
1311, 35, 511
1312, 377, 406
1313, 412, 890
1314, 203, 503
1315, 27, 814
1316, 271, 818
1317, 15, 562
1318, 95, 205
1319, 455, 963
1320, 273, 289
1321, 94, 597
1322, 459, 904
1323, 231, 664
1324, 207, 887
1325, 477, 875
1326, 411, 482
1327, 427, 782
1328, 356, 924
1329, 593, 676
1330, 283, 698
1331, 252, 493
1332, 671, 771
1333, 893, 895
1334, 641, 968
1335, 691, 734
1336, 113, 618
1337, 222, 403
1338, 900, 922
1339, 385, 977
1340, 4, 658
1341, 102, 819
1342, 324, 391
1343, 221, 741
1344, 127, 776
1345, 605, 612
1346, 87, 255
1347, 125, 642
1348, 684, 768
1349, 627, 820
1350, 204, 738
1351, 522, 650
1352, 706, 836
1353, 944, 951
1354, 179, 866
1355, 339, 954
1356, 334, 473
1357, 220, 298
1358, 672, 859
1359, 552, 725
1360, 93, 751
1361, 340, 537
1362, 449, 454
1363, 219, 525
1364, 261, 844
1365, 48, 606
1366, 143, 825
1367, 186, 987
1368, 211, 990
1369, 444, 878
1370, 1, 47
1371, 67, 453
1372, 601, 985
1373, 209, 827
1374, 181, 307
1375, 56, 590
1376, 223, 943
1377, 559, 607
1378, 545, 864
1379, 352, 845
1380, 168, 361
1381, 282, 584
1382, 401, 703
1383, 30, 534
1384, 157, 422
1385, 991, 992
1386, 330, 847
1387, 9, 517
1388, 51, 365
1389, 332, 858
1390, 18, 212
1391, 383, 386
1392, 122, 813
1393, 639, 899
1394, 162, 384
1395, 150, 154
1396, 189, 835
1397, 173, 824
1398, 243, 325
1399, 59, 945
1400, 13, 277
1401, 116, 980
1402, 718, 797
1403, 176, 957
1404, 730, 940
1405, 138, 803
1406, 81, 879
1407, 5, 435
1408, 242, 440
1409, 229, 834
1410, 811, 850
1411, 78, 196
1412, 475, 785
1413, 134, 688
1414, 25, 524
1415, 390, 822
1416, 88, 408
1417, 331, 374
1418, 264, 636
1419, 833, 961
1420, 567, 649
1421, 49, 911
1422, 726, 786
1423, 32, 959
1424, 378, 764
1425, 806, 932
1426, 107, 620
1427, 535, 896
1428, 171, 230
1429, 161, 709
1430, 582, 799
1431, 227, 862
1432, 41, 761
1433, 213, 434
1434, 594, 999
1435, 180, 272
1436, 675, 880
1437, 228, 886
1438, 554, 645
1439, 296, 326
1440, 46, 950
1441, 696, 872
1442, 515, 628
1443, 126, 942
1444, 644, 805
1445, 413, 557
1446, 241, 287
1447, 733, 763
1448, 484, 713
1449, 6, 969
1450, 40, 660
1451, 451, 860
1452, 631, 700
1453, 558, 865
1454, 177, 191
1455, 7, 949
1456, 542, 758
1457, 294, 656
1458, 190, 490
1459, 311, 647
1460, 770, 995
1461, 109, 804
1462, 646, 743
1463, 572, 762
1464, 153, 445
1465, 381, 431
1466, 251, 708
1467, 432, 486
1468, 666, 898
1469, 268, 910
1470, 132, 394
1471, 317, 884
1472, 301, 599
1473, 112, 693
1474, 281, 526
1475, 105, 668
1476, 266, 912
1477, 133, 286
1478, 3, 258
1479, 39, 316
1480, 318, 838
1481, 60, 489
1482, 65, 876
1483, 38, 576
1484, 715, 966
1485, 608, 652
1486, 551, 661
1487, 602, 794
1488, 747, 972
1489, 80, 437
1490, 719, 760
1491, 141, 907
1492, 529, 648
1493, 491, 710
1494, 677, 926
1495, 443, 936
1496, 216, 553
1497, 321, 591
1498, 430, 699
1499, 121, 531
1500, 274, 732
1501, 659, 991
1502, 507, 922
1503, 130, 536
1504, 635, 729
1505, 253, 543
1506, 354, 796
1507, 779, 975
1508, 529, 533
1509, 514, 903
1510, 12, 764
1511, 777, 778
1512, 491, 725
1513, 77, 513
1514, 194, 720
1515, 227, 281
1516, 730, 961
1517, 893, 954
1518, 546, 986
1519, 76, 689
1520, 121, 339
1521, 313, 338
1522, 324, 469
1523, 841, 999
1524, 282, 774
1525, 654, 738
1526, 723, 981
1527, 319, 617
1528, 609, 813
1529, 31, 454
1530, 579, 657
1531, 63, 264
1532, 603, 818
1533, 146, 169
1534, 830, 884
1535, 196, 549
1536, 290, 482
1537, 155, 913
1538, 28, 430
1539, 555, 901
1540, 716, 748
1541, 188, 522
1542, 168, 493
1543, 386, 527
1544, 309, 371
1545, 173, 948
1546, 446, 580
1547, 616, 737
1548, 185, 547
1549, 246, 987
1550, 209, 548
1551, 3, 956
1552, 166, 773
1553, 260, 824
1554, 632, 644
1555, 674, 854
1556, 360, 573
1557, 84, 847
1558, 840, 896
1559, 24, 494
1560, 347, 829
1561, 133, 367
1562, 308, 458
1563, 258, 525
1564, 432, 710
1565, 95, 237
1566, 462, 470
1567, 375, 434
1568, 216, 376
1569, 328, 403
1570, 107, 192
1571, 424, 637
1572, 753, 837
1573, 9, 122
1574, 372, 678
1575, 141, 427
1576, 213, 784
1577, 205, 697
1578, 160, 381
1579, 406, 663
1580, 221, 450
1581, 102, 853
1582, 337, 604
1583, 550, 662
1584, 181, 624
1585, 62, 870
1586, 399, 698
1587, 232, 992
1588, 747, 839
1589, 436, 569
1590, 428, 502
1591, 159, 326
1592, 474, 806
1593, 819, 875
1594, 215, 775
1595, 112, 820
1596, 303, 358
1597, 208, 298
1598, 438, 655
1599, 353, 971
1600, 405, 743
1601, 615, 851
1602, 269, 804
1603, 127, 157
1604, 335, 746
1605, 487, 798
1606, 57, 66
1607, 254, 964
1608, 647, 715
1609, 262, 341
1610, 201, 838
1611, 280, 653
1612, 366, 852
1613, 20, 197
1614, 73, 643
1615, 330, 701
1616, 295, 762
1617, 25, 726
1618, 21, 849
1619, 241, 832
1620, 440, 809
1621, 2, 827
1622, 153, 613
1623, 327, 924
1624, 135, 666
1625, 584, 790
1626, 148, 750
1627, 236, 423
1628, 488, 541
1629, 344, 940
1630, 495, 800
1631, 646, 953
1632, 206, 478
1633, 361, 410
1634, 37, 362
1635, 449, 614
1636, 158, 392
1637, 14, 305
1638, 32, 881
1639, 567, 944
1640, 671, 732
1641, 504, 878
1642, 377, 935
1643, 501, 719
1644, 47, 111
1645, 332, 686
1646, 321, 639
1647, 713, 957
1648, 271, 651
1649, 459, 628
1650, 134, 587
1651, 34, 288
1652, 219, 638
1653, 734, 811
1654, 225, 967
1655, 116, 137
1656, 425, 542
1657, 629, 845
1658, 322, 825
1659, 223, 696
1660, 352, 510
1661, 214, 463
1662, 182, 545
1663, 211, 574
1664, 87, 939
1665, 274, 871
1666, 789, 855
1667, 79, 581
1668, 396, 745
1669, 528, 539
1670, 234, 255
1671, 222, 700
1672, 314, 489
1673, 195, 359
1674, 930, 947
1675, 506, 692
1676, 48, 115
1677, 263, 681
1678, 687, 879
1679, 65, 598
1680, 67, 815
1681, 125, 605
1682, 179, 877
1683, 518, 927
1684, 39, 894
1685, 143, 733
1686, 821, 979
1687, 540, 822
1688, 138, 162
1689, 356, 858
1690, 331, 523
1691, 397, 453
1692, 718, 997
1693, 109, 245
1694, 421, 757
1695, 6, 562
1696, 42, 210
1697, 508, 962
1698, 365, 863
1699, 78, 610
1700, 267, 831
1701, 150, 286
1702, 123, 758
1703, 176, 907
1704, 505, 920
1705, 857, 902
1706, 323, 340
1707, 595, 933
1708, 552, 932
1709, 240, 320
1710, 407, 411
1711, 355, 576
1712, 414, 740
1713, 283, 592
1714, 500, 890
1715, 96, 670
1716, 108, 867
1717, 250, 503
1718, 272, 485
1719, 98, 642
1720, 100, 284
1721, 256, 607
1722, 165, 511
1723, 413, 759
1724, 19, 731
1725, 175, 472
1726, 191, 349
1727, 369, 891
1728, 333, 517
1729, 184, 401
1730, 89, 668
1731, 55, 566
1732, 861, 868
1733, 16, 304
1734, 451, 817
1735, 105, 190
1736, 5, 238
1737, 103, 515
1738, 259, 402
1739, 60, 739
1740, 415, 816
1741, 679, 828
1742, 492, 785
1743, 99, 477
1744, 91, 968
1745, 833, 848
1746, 68, 905
1747, 412, 895
1748, 391, 727
1749, 11, 974
1750, 1, 452
1751, 316, 683
1752, 650, 865
1753, 722, 835
1754, 56, 126
1755, 622, 688
1756, 364, 889
1757, 363, 886
1758, 572, 768
1759, 239, 368
1760, 442, 749
1761, 315, 882
1762, 297, 926
1763, 26, 466
1764, 310, 465
1765, 94, 888
1766, 694, 941
1767, 156, 606
1768, 601, 769
1769, 51, 793
1770, 41, 417
1771, 8, 54
1772, 33, 945
1773, 673, 834
1774, 110, 273
1775, 599, 900
1776, 664, 993
1777, 535, 976
1778, 570, 949
1779, 13, 373
1780, 251, 275
1781, 301, 937
1782, 172, 699
1783, 80, 869
1784, 140, 441
1785, 61, 467
1786, 589, 619
1787, 229, 780
1788, 218, 712
1789, 18, 742
1790, 289, 929
1791, 86, 285
1792, 113, 919
1793, 307, 490
1794, 591, 767
1795, 563, 680
1796, 15, 982
1797, 92, 766
1798, 302, 608
1799, 249, 959
1800, 531, 577
1801, 486, 634
1802, 292, 736
1803, 152, 422
1804, 242, 805
1805, 71, 706
1806, 97, 207
1807, 554, 618
1808, 93, 652
1809, 120, 382
1810, 691, 923
1811, 558, 803
1812, 836, 942
1813, 582, 808
1814, 336, 561
1815, 23, 431
1816, 129, 171
1817, 318, 660
1818, 585, 645
1819, 429, 918
1820, 189, 898
1821, 224, 658
1822, 388, 439
1823, 435, 970
1824, 350, 665
1825, 244, 497
1826, 571, 823
1827, 568, 771
1828, 118, 998
1829, 456, 707
1830, 50, 395
1831, 455, 960
1832, 630, 978
1833, 346, 693
1834, 374, 943
1835, 641, 702
1836, 252, 794
1837, 59, 443
1838, 7, 996
1839, 70, 266
1840, 45, 770
1841, 64, 279
1842, 676, 728
1843, 154, 859
1844, 202, 866
1845, 594, 958
1846, 312, 911
1847, 81, 519
1848, 114, 119
1849, 370, 969
1850, 586, 611
1851, 669, 862
1852, 142, 799
1853, 521, 788
1854, 532, 801
1855, 786, 876
1856, 276, 351
1857, 636, 741
1858, 117, 972
1859, 782, 887
1860, 30, 860
1861, 357, 484
1862, 544, 910
1863, 193, 479
1864, 717, 925
1865, 752, 988
1866, 464, 755
1867, 228, 384
1868, 597, 656
1869, 22, 906
1870, 468, 631
1871, 311, 843
1872, 460, 751
1873, 82, 880
1874, 35, 345
1875, 231, 640
1876, 509, 934
1877, 243, 916
1878, 198, 914
1879, 398, 963
1880, 744, 892
1881, 136, 649
1882, 476, 530
1883, 912, 977
1884, 187, 791
1885, 287, 560
1886, 40, 520
1887, 735, 754
1888, 27, 390
1889, 147, 936
1890, 299, 950
1891, 88, 792
1892, 278, 765
1893, 163, 445
1894, 810, 844
1895, 387, 973
1896, 408, 473
1897, 551, 776
1898, 10, 846
1899, 675, 721
1900, 235, 915
1901, 534, 994
1902, 167, 989
1903, 711, 856
1904, 578, 661
1905, 826, 990
1906, 524, 633
1907, 556, 602
1908, 139, 348
1909, 448, 682
1910, 420, 690
1911, 101, 199
1912, 131, 812
1913, 46, 575
1914, 872, 955
1915, 389, 553
1916, 409, 1000
1917, 161, 623
1918, 483, 938
1919, 684, 985
1920, 261, 300
1921, 217, 593
1922, 69, 277
1923, 212, 908
1924, 29, 714
1925, 180, 703
1926, 291, 928
1927, 226, 781
1928, 342, 983
1929, 38, 946
1930, 4, 672
1931, 49, 385
1932, 204, 248
1933, 170, 559
1934, 53, 247
1935, 899, 984
1936, 164, 807
1937, 677, 705
1938, 334, 557
1939, 17, 787
1940, 257, 802
1941, 564, 621
1942, 75, 447
1943, 296, 627
1944, 343, 864
1945, 475, 667
1946, 306, 416
1947, 44, 58
1948, 230, 461
1949, 85, 268
1950, 763, 885
1951, 457, 814
1952, 220, 626
1953, 43, 178
1954, 149, 419
1955, 897, 921
1956, 481, 772
1957, 380, 383
1958, 144, 426
1959, 379, 904
1960, 270, 695
1961, 294, 951
1962, 537, 917
1963, 145, 966
1964, 36, 90
1965, 72, 709
1966, 104, 931
1967, 842, 965
1968, 433, 995
1969, 761, 795
1970, 52, 708
1971, 565, 600
1972, 74, 612
1973, 200, 724
1974, 404, 883
1975, 128, 874
1976, 538, 850
1977, 480, 909
1978, 317, 980
1979, 512, 873
1980, 378, 498
1981, 177, 471
1982, 704, 756
1983, 437, 620
1984, 444, 797
1985, 496, 583
1986, 265, 783
1987, 174, 394
1988, 203, 400
1989, 293, 596
1990, 329, 952
1991, 83, 132
1992, 418, 499
1993, 151, 625
1994, 233, 760
1995, 186, 648
1996, 526, 590
1997, 183, 685
1998, 106, 588
1999, 393, 516
2000, 124, 325
2001, 566, 792
2002, 150, 533
2003, 515, 654
2004, 53, 437
2005, 265, 414
2006, 180, 969
2007, 304, 918
2008, 190, 691
2009, 330, 939
2010, 120, 699
2011, 778, 834
2012, 230, 302
2013, 113, 803
2014, 254, 633
2015, 165, 663
2016, 147, 477
2017, 507, 967
2018, 139, 219
2019, 444, 517
2020, 102, 171
2021, 329, 491
2022, 485, 573
2023, 277, 940
2024, 133, 742
2025, 10, 506
2026, 341, 727
2027, 313, 651
2028, 127, 986
2029, 78, 750
2030, 142, 367
2031, 766, 908
2032, 886, 937
2033, 125, 646
2034, 394, 829
2035, 620, 869
2036, 948, 995
2037, 56, 682
2038, 523, 984
2039, 132, 387
2040, 96, 326
2041, 737, 975
2042, 232, 961
2043, 929, 974
2044, 103, 262
2045, 122, 962
2046, 40, 689
2047, 535, 835
2048, 497, 862
2049, 205, 333
2050, 90, 586
2051, 85, 991
2052, 555, 581
2053, 208, 443
2054, 174, 744
2055, 418, 438
2056, 324, 684
2057, 244, 552
2058, 282, 366
2059, 350, 464
2060, 274, 338
2061, 597, 977
2062, 189, 779
2063, 28, 372
2064, 686, 982
2065, 590, 790
2066, 346, 955
2067, 227, 474
2068, 360, 547
2069, 1, 638
2070, 395, 508
2071, 237, 965
2072, 611, 988
2073, 361, 702
2074, 177, 756
2075, 46, 772
2076, 88, 168
2077, 416, 911
2078, 712, 906
2079, 306, 454
2080, 94, 631
2081, 487, 545
2082, 240, 378
2083, 17, 67
2084, 379, 996
2085, 681, 998
2086, 109, 667
2087, 336, 858
2088, 498, 738
2089, 432, 465
2090, 671, 791
2091, 467, 700
2092, 592, 690
2093, 520, 692
2094, 21, 915
2095, 260, 657
2096, 342, 922
2097, 513, 830
2098, 50, 623
2099, 421, 488
2100, 76, 212
2101, 337, 548
2102, 169, 936
2103, 200, 599
2104, 468, 668
2105, 632, 802
2106, 522, 983
2107, 473, 524
2108, 5, 8
2109, 136, 406
2110, 340, 923
2111, 920, 963
2112, 299, 764
2113, 322, 650
2114, 398, 851
2115, 546, 615
2116, 892, 909
2117, 19, 38
2118, 384, 608
2119, 585, 594
2120, 194, 872
2121, 59, 781
2122, 296, 993
2123, 31, 245
2124, 505, 763
2125, 343, 820
2126, 457, 839
2127, 703, 780
2128, 215, 295
2129, 183, 486
2130, 44, 989
2131, 402, 964
2132, 264, 806
2133, 144, 603
2134, 216, 745
2135, 422, 902
2136, 141, 729
2137, 884, 907
2138, 23, 562
2139, 278, 362
2140, 674, 735
2141, 445, 980
2142, 447, 887
2143, 37, 303
2144, 14, 653
2145, 201, 647
2146, 118, 925
2147, 242, 391
2148, 425, 970
2149, 544, 981
2150, 284, 813
2151, 500, 698
2152, 149, 297
2153, 68, 605
2154, 604, 758
2155, 595, 837
2156, 206, 475
2157, 572, 752
2158, 415, 504
2159, 419, 817
2160, 7, 921
2161, 509, 870
2162, 380, 840
2163, 224, 308
2164, 228, 598
2165, 82, 263
2166, 192, 741
2167, 101, 854
2168, 364, 446
2169, 593, 713
2170, 852, 867
2171, 476, 539
2172, 110, 553
2173, 223, 669
2174, 123, 678
2175, 560, 687
2176, 543, 882
2177, 30, 241
2178, 99, 783
2179, 321, 868
2180, 542, 848
2181, 72, 644
2182, 626, 662
2183, 348, 979
2184, 404, 484
2185, 551, 838
2186, 163, 823
2187, 66, 325
2188, 39, 793
2189, 161, 436
2190, 32, 107
2191, 220, 492
2192, 243, 377
2193, 320, 579
2194, 370, 570
2195, 191, 221
2196, 356, 514
2197, 124, 493
2198, 119, 958
2199, 276, 917
2200, 554, 924
2201, 463, 843
2202, 799, 954
2203, 461, 786
2204, 621, 874
2205, 512, 529
2206, 167, 661
2207, 434, 655
2208, 328, 919
2209, 84, 248
2210, 510, 819
2211, 556, 941
2212, 435, 612
2213, 235, 880
2214, 61, 904
2215, 195, 307
2216, 158, 753
2217, 420, 810
2218, 381, 755
2219, 519, 912
2220, 388, 616
2221, 602, 704
2222, 672, 719
2223, 635, 1000
2224, 327, 726
2225, 234, 550
2226, 495, 833
2227, 258, 706
2228, 70, 188
2229, 349, 694
2230, 193, 788
2231, 29, 69
2232, 80, 534
2233, 140, 386
2234, 734, 957
2235, 591, 776
2236, 48, 315
2237, 288, 568
2238, 279, 462
2239, 431, 856
2240, 629, 933
2241, 268, 959
2242, 256, 323
2243, 525, 972
2244, 270, 857
2245, 697, 794
2246, 156, 312
2247, 13, 427
2248, 536, 879
2249, 143, 751
2250, 226, 951
2251, 696, 976
2252, 218, 787
2253, 369, 645
2254, 210, 673
2255, 665, 950
2256, 625, 896
2257, 283, 382
2258, 637, 732
2259, 47, 131
2260, 531, 845
2261, 417, 804
2262, 376, 413
2263, 293, 818
2264, 86, 176
2265, 114, 624
2266, 405, 913
2267, 430, 658
2268, 153, 318
2269, 335, 910
2270, 351, 680
2271, 75, 596
2272, 563, 733
2273, 561, 588
2274, 396, 934
2275, 6, 866
2276, 392, 759
2277, 746, 930
2278, 33, 393
2279, 64, 490
2280, 269, 761
2281, 659, 878
2282, 154, 569
2283, 15, 828
2284, 126, 606
2285, 253, 496
2286, 43, 442
2287, 564, 990
2288, 175, 273
2289, 359, 985
2290, 36, 648
2291, 18, 182
2292, 540, 926
2293, 3, 530
2294, 196, 609
2295, 4, 574
2296, 739, 855
2297, 134, 816
2298, 116, 285
2299, 859, 971
2300, 723, 730
2301, 558, 627
2302, 179, 516
2303, 45, 768
2304, 231, 782
2305, 77, 89
2306, 164, 601
2307, 428, 760
2308, 429, 469
2309, 62, 881
2310, 128, 236
2311, 105, 812
2312, 332, 642
2313, 229, 701
2314, 319, 411
2315, 178, 688
2316, 73, 440
2317, 363, 842
2318, 151, 571
2319, 720, 949
2320, 865, 999
2321, 580, 903
2322, 247, 390
2323, 614, 900
2324, 408, 952
2325, 211, 997
2326, 217, 992
2327, 54, 450
2328, 345, 358
2329, 502, 771
2330, 42, 389
2331, 305, 679
2332, 55, 439
2333, 613, 749
2334, 292, 789
2335, 249, 526
2336, 266, 456
2337, 494, 532
2338, 310, 582
2339, 748, 885
2340, 108, 198
2341, 170, 822
2342, 121, 409
2343, 49, 173
2344, 731, 893
2345, 677, 728
2346, 814, 875
2347, 52, 714
2348, 423, 578
2349, 583, 695
2350, 26, 280
2351, 471, 815
2352, 106, 774
2353, 25, 785
2354, 100, 610
2355, 291, 452
2356, 685, 826
2357, 357, 836
2358, 401, 567
2359, 16, 93
2360, 300, 944
2361, 250, 449
2362, 213, 754
2363, 670, 897
2364, 58, 259
2365, 41, 83
2366, 472, 622
2367, 12, 916
2368, 470, 807
2369, 71, 91
2370, 60, 309
2371, 664, 914
2372, 160, 373
2373, 619, 769
2374, 410, 795
2375, 294, 458
2376, 202, 850
2377, 290, 841
2378, 801, 928
2379, 717, 889
2380, 824, 966
2381, 403, 639
2382, 239, 636
2383, 57, 860
2384, 27, 79
2385, 747, 883
2386, 479, 968
2387, 559, 808
2388, 368, 773
2389, 187, 354
2390, 412, 956
2391, 537, 765
2392, 503, 675
2393, 374, 466
2394, 246, 666
2395, 130, 317
2396, 181, 809
2397, 316, 448
2398, 339, 770
2399, 207, 424
2400, 255, 811
2401, 400, 827
2402, 453, 478
2403, 656, 931
2404, 112, 709
2405, 111, 117
2406, 186, 587
2407, 800, 994
2408, 589, 901
2409, 281, 796
2410, 577, 932
2411, 51, 185
2412, 172, 861
2413, 199, 863
2414, 261, 541
2415, 584, 905
2416, 257, 501
2417, 251, 451
2418, 272, 847
2419, 203, 890
2420, 81, 888
2421, 65, 864
2422, 98, 441
2423, 499, 784
2424, 20, 511
2425, 24, 129
2426, 331, 455
2427, 225, 707
2428, 433, 528
2429, 135, 267
2430, 159, 825
2431, 617, 649
2432, 821, 942
2433, 137, 775
2434, 344, 397
2435, 565, 762
2436, 271, 375
2437, 11, 184
2438, 115, 693
2439, 643, 711
2440, 832, 876
2441, 148, 708
2442, 95, 873
2443, 538, 683
2444, 480, 894
2445, 9, 743
2446, 353, 365
2447, 641, 676
2448, 576, 938
2449, 286, 634
2450, 355, 725
2451, 549, 844
2452, 2, 383
2453, 849, 943
2454, 146, 628
2455, 640, 652
2456, 214, 899
2457, 718, 871
2458, 460, 797
2459, 298, 575
2460, 157, 399
2461, 736, 960
2462, 197, 238
2463, 74, 371
2464, 145, 301
2465, 275, 740
2466, 483, 618
2467, 92, 846
2468, 252, 557
2469, 162, 482
2470, 660, 898
2471, 334, 777
2472, 287, 426
2473, 724, 978
2474, 63, 721
2475, 35, 407
2476, 204, 935
2477, 630, 716
2478, 34, 152
2479, 22, 385
2480, 757, 895
2481, 233, 347
2482, 87, 600
2483, 166, 352
2484, 459, 973
2485, 138, 710
2486, 831, 877
2487, 891, 946
2488, 527, 987
2489, 155, 953
2490, 289, 947
2491, 97, 805
2492, 521, 722
2493, 705, 945
2494, 104, 314
2495, 311, 853
2496, 222, 489
2497, 607, 767
2498, 481, 715
2499, 209, 518
2500, 798, 927
2501, 77, 115
2502, 13, 436
2503, 628, 906
2504, 776, 792
2505, 113, 495
2506, 795, 913
2507, 522, 640
2508, 439, 630
2509, 355, 429
2510, 705, 797
2511, 172, 483
2512, 87, 289
2513, 106, 627
2514, 449, 682
2515, 34, 952
2516, 246, 469
2517, 474, 702
2518, 748, 997
2519, 150, 967
2520, 81, 829
2521, 221, 453
2522, 262, 714
2523, 412, 876
2524, 337, 371
2525, 263, 435
2526, 586, 658
2527, 54, 185
2528, 94, 738
2529, 236, 742
2530, 33, 404
2531, 148, 960
2532, 259, 825
2533, 392, 399
2534, 57, 288
2535, 446, 942
2536, 161, 673
2537, 380, 605
2538, 84, 750
2539, 35, 189
2540, 529, 832
2541, 523, 781
2542, 220, 617
2543, 851, 921
2544, 219, 873
2545, 342, 425
2546, 132, 536
2547, 69, 845
2548, 554, 896
2549, 45, 61
2550, 80, 126
2551, 70, 743
2552, 123, 625
2553, 322, 746
2554, 313, 762
2555, 582, 951
2556, 304, 479
2557, 299, 301
2558, 314, 818
2559, 593, 708
2560, 731, 926
2561, 201, 366
2562, 104, 880
2563, 300, 560
2564, 91, 715
2565, 356, 689
2566, 24, 297
2567, 644, 916
2568, 68, 409
2569, 110, 984
2570, 427, 571
2571, 401, 664
2572, 514, 735
2573, 48, 485
2574, 345, 920
2575, 662, 875
2576, 306, 961
2577, 163, 459
2578, 210, 592
2579, 565, 569
2580, 410, 494
2581, 511, 597
2582, 614, 813
2583, 170, 174
2584, 406, 747
2585, 393, 769
2586, 275, 679
2587, 397, 467
2588, 506, 962
2589, 308, 794
2590, 349, 687
2591, 548, 713
2592, 96, 286
2593, 149, 312
2594, 265, 455
2595, 215, 501
2596, 874, 999
2597, 310, 976
2598, 472, 892
2599, 764, 949
2600, 465, 868
2601, 334, 970
2602, 594, 800
2603, 504, 585
2604, 789, 809
2605, 168, 434
2606, 843, 943
2607, 385, 698
2608, 648, 858
2609, 778, 803
2610, 158, 244
2611, 510, 619
2612, 195, 291
2613, 335, 834
2614, 154, 353
2615, 545, 855
2616, 129, 812
2617, 105, 998
2618, 122, 489
2619, 566, 691
2620, 343, 940
2621, 681, 782
2622, 18, 669
2623, 417, 645
2624, 315, 562
2625, 180, 877
2626, 268, 690
2627, 193, 240
2628, 227, 273
2629, 500, 904
2630, 596, 861
2631, 53, 497
2632, 421, 927
2633, 298, 468
2634, 307, 549
2635, 188, 661
2636, 249, 683
2637, 470, 641
2638, 923, 1000
2639, 30, 528
2640, 332, 934
2641, 64, 441
2642, 117, 963
2643, 65, 503
2644, 235, 785
2645, 214, 551
2646, 384, 793
2647, 478, 944
2648, 169, 229
2649, 542, 607
2650, 678, 704
2651, 264, 905
2652, 160, 606
2653, 637, 652
2654, 217, 910
2655, 128, 405
2656, 457, 909
2657, 186, 755
2658, 451, 552
2659, 135, 287
2660, 118, 351
2661, 49, 718
2662, 482, 572
2663, 17, 611
2664, 810, 918
2665, 837, 941
2666, 550, 576
2667, 14, 816
2668, 178, 232
2669, 772, 912
2670, 447, 737
2671, 109, 463
2672, 822, 869
2673, 97, 280
2674, 41, 252
2675, 763, 947
2676, 5, 51
2677, 492, 950
2678, 251, 839
2679, 296, 996
2680, 734, 835
2681, 181, 243
2682, 382, 668
2683, 386, 685
2684, 130, 239
2685, 198, 911
2686, 579, 853
2687, 142, 499
2688, 347, 703
2689, 157, 791
2690, 732, 847
2691, 131, 626
2692, 589, 953
2693, 101, 618
2694, 341, 603
2695, 127, 487
2696, 878, 903
2697, 632, 754
2698, 884, 933
2699, 394, 520
2700, 646, 856
2701, 44, 707
2702, 199, 282
2703, 612, 979
2704, 4, 507
2705, 340, 390
2706, 364, 908
2707, 176, 820
2708, 428, 454
2709, 28, 38
2710, 230, 233
2711, 114, 374
2712, 93, 407
2713, 828, 964
2714, 19, 208
2715, 256, 519
2716, 444, 859
2717, 741, 821
2718, 253, 480
2719, 120, 141
2720, 116, 324
2721, 902, 968
2722, 86, 543
2723, 862, 924
2724, 196, 745
2725, 350, 493
2726, 2, 515
2727, 165, 802
2728, 266, 694
2729, 100, 431
2730, 649, 891
2731, 216, 524
2732, 672, 740
2733, 574, 833
2734, 92, 432
2735, 415, 433
2736, 279, 660
2737, 680, 721
2738, 811, 898
2739, 461, 867
2740, 21, 758
2741, 145, 590
2742, 473, 790
2743, 757, 994
2744, 411, 657
2745, 372, 842
2746, 327, 975
2747, 76, 361
2748, 277, 907
2749, 213, 806
2750, 602, 620
2751, 260, 391
2752, 25, 655
2753, 39, 147
2754, 638, 973
2755, 7, 557
2756, 624, 760
2757, 153, 211
2758, 183, 886
2759, 58, 846
2760, 182, 774
2761, 137, 889
2762, 568, 647
2763, 60, 616
2764, 89, 564
2765, 146, 155
2766, 659, 854
2767, 773, 779
2768, 73, 631
2769, 331, 971
2770, 517, 692
2771, 400, 919
2772, 162, 512
2773, 635, 777
2774, 414, 870
2775, 16, 677
2776, 9, 323
2777, 477, 956
2778, 156, 852
2779, 3, 159
2780, 62, 139
2781, 817, 959
2782, 539, 871
2783, 484, 980
2784, 375, 915
2785, 248, 416
2786, 102, 537
2787, 535, 544
2788, 11, 804
2789, 194, 972
2790, 207, 608
2791, 103, 728
2792, 613, 663
2793, 293, 895
2794, 20, 824
2795, 22, 642
2796, 377, 991
2797, 665, 711
2798, 267, 840
2799, 284, 422
2800, 85, 203
2801, 684, 966
2802, 471, 534
2803, 982, 983
2804, 675, 988
2805, 133, 598
2806, 710, 969
2807, 47, 99
2808, 488, 547
2809, 1, 526
2810, 676, 929
2811, 134, 583
2812, 305, 621
2813, 119, 559
2814, 509, 527
2815, 255, 419
2816, 357, 508
2817, 10, 701
2818, 561, 656
2819, 653, 686
2820, 369, 717
2821, 82, 336
2822, 191, 935
2823, 206, 573
2824, 445, 831
2825, 173, 360
2826, 311, 860
2827, 595, 899
2828, 581, 654
2829, 333, 666
2830, 164, 771
2831, 177, 205
2832, 709, 936
2833, 111, 518
2834, 570, 712
2835, 112, 850
2836, 319, 587
2837, 437, 496
2838, 72, 930
2839, 383, 893
2840, 245, 556
2841, 50, 928
2842, 338, 376
2843, 498, 688
2844, 226, 442
2845, 358, 633
2846, 462, 759
2847, 274, 555
2848, 152, 476
2849, 95, 464
2850, 138, 175
2851, 752, 766
2852, 56, 302
2853, 330, 577
2854, 318, 695
2855, 729, 799
2856, 276, 629
2857, 321, 588
2858, 144, 578
2859, 225, 346
2860, 783, 887
2861, 59, 697
2862, 52, 271
2863, 344, 481
2864, 368, 580
2865, 40, 398
2866, 325, 553
2867, 486, 751
2868, 917, 990
2869, 254, 396
2870, 238, 604
2871, 448, 643
2872, 15, 784
2873, 125, 563
2874, 67, 438
2875, 363, 744
2876, 599, 987
2877, 222, 667
2878, 450, 958
2879, 720, 726
2880, 140, 166
2881, 202, 739
2882, 329, 900
2883, 521, 849
2884, 292, 885
2885, 29, 798
2886, 370, 965
2887, 46, 881
2888, 37, 541
2889, 6, 348
2890, 192, 373
2891, 12, 883
2892, 838, 879
2893, 272, 857
2894, 430, 650
2895, 136, 575
2896, 74, 309
2897, 558, 954
2898, 530, 864
2899, 197, 365
2900, 706, 830
2901, 303, 460
2902, 283, 475
2903, 269, 925
2904, 75, 945
2905, 320, 780
2906, 171, 241
2907, 66, 615
2908, 719, 992
2909, 247, 844
2910, 466, 525
2911, 242, 946
2912, 502, 827
2913, 88, 290
2914, 354, 749
2915, 295, 420
2916, 167, 424
2917, 443, 894
2918, 71, 981
2919, 223, 787
2920, 151, 387
2921, 317, 955
2922, 78, 807
2923, 533, 622
2924, 402, 931
2925, 546, 727
2926, 257, 974
2927, 761, 897
2928, 388, 609
2929, 458, 591
2930, 408, 513
2931, 826, 957
2932, 218, 801
2933, 767, 796
2934, 532, 848
2935, 378, 700
2936, 107, 395
2937, 212, 234
2938, 693, 768
2939, 42, 865
2940, 55, 753
2941, 413, 600
2942, 250, 724
2943, 723, 788
2944, 63, 224
2945, 540, 939
2946, 326, 379
2947, 231, 670
2948, 516, 736
2949, 505, 538
2950, 403, 948
2951, 43, 651
2952, 716, 814
2953, 237, 671
2954, 765, 986
2955, 179, 623
2956, 36, 124
2957, 418, 733
2958, 440, 937
2959, 190, 362
2960, 841, 882
2961, 270, 725
2962, 567, 786
2963, 143, 636
2964, 281, 993
2965, 423, 730
2966, 359, 866
2967, 8, 452
2968, 722, 815
2969, 352, 977
2970, 610, 985
2971, 228, 819
2972, 23, 836
2973, 184, 187
2974, 26, 863
2975, 491, 531
2976, 32, 456
2977, 872, 914
2978, 79, 808
2979, 888, 901
2980, 209, 601
2981, 121, 328
2982, 316, 922
2983, 31, 823
2984, 27, 367
2985, 98, 634
2986, 426, 978
2987, 108, 995
2988, 584, 639
2989, 490, 989
2990, 261, 770
2991, 294, 775
2992, 90, 200
2993, 890, 932
2994, 204, 339
2995, 285, 674
2996, 83, 389
2997, 756, 805
2998, 258, 381
2999, 278, 938
3000, 696, 699
3001, 699, 854
3002, 149, 884
3003, 635, 672
3004, 300, 411
3005, 494, 502
3006, 725, 772
3007, 157, 584
3008, 174, 941
3009, 131, 160
3010, 437, 571
3011, 686, 868
3012, 517, 630
3013, 138, 282
3014, 124, 987
3015, 203, 301
3016, 439, 960
3017, 436, 922
3018, 18, 950
3019, 265, 556
3020, 264, 568
3021, 154, 292
3022, 678, 771
3023, 341, 597
3024, 198, 639
3025, 200, 302
3026, 396, 853
3027, 11, 623
3028, 786, 869
3029, 598, 789
3030, 372, 600
3031, 590, 675
3032, 680, 691
3033, 701, 959
3034, 136, 354
3035, 523, 812
3036, 273, 384
3037, 94, 186
3038, 767, 827
3039, 285, 858
3040, 146, 508
3041, 8, 586
3042, 97, 151
3043, 295, 537
3044, 271, 553
3045, 128, 716
3046, 281, 335
3047, 804, 817
3048, 665, 996
3049, 54, 419
3050, 499, 842
3051, 13, 119
3052, 262, 445
3053, 561, 574
3054, 269, 732
3055, 533, 821
3056, 710, 908
3057, 581, 986
3058, 67, 545
3059, 315, 809
3060, 152, 201
3061, 150, 340
3062, 720, 773
3063, 670, 731
3064, 259, 528
3065, 303, 314
3066, 266, 467
3067, 560, 891
3068, 105, 483
3069, 85, 327
3070, 244, 870
3071, 456, 605
3072, 350, 808
3073, 316, 324
3074, 641, 933
3075, 347, 395
3076, 446, 990
3077, 449, 726
3078, 296, 386
3079, 159, 179
3080, 848, 912
3081, 370, 546
3082, 453, 944
3083, 415, 682
3084, 784, 948
3085, 640, 958
3086, 26, 579
3087, 778, 787
3088, 82, 357
3089, 255, 662
3090, 15, 143
3091, 247, 361
3092, 169, 864
3093, 366, 393
3094, 6, 967
3095, 110, 943
3096, 268, 888
3097, 80, 332
3098, 432, 706
3099, 472, 972
3100, 171, 365
3101, 476, 653
3102, 676, 677
3103, 607, 945
3104, 133, 795
3105, 31, 534
3106, 573, 603
3107, 60, 801
3108, 392, 895
3109, 61, 75
3110, 321, 998
3111, 637, 874
3112, 431, 791
3113, 412, 547
3114, 737, 741
3115, 671, 947
3116, 486, 820
3117, 228, 413
3118, 22, 509
3119, 937, 961
3120, 478, 492
3121, 704, 921
3122, 463, 873
3123, 64, 658
3124, 246, 970
3125, 636, 753
3126, 176, 712
3127, 58, 666
3128, 650, 788
3129, 191, 740
3130, 388, 798
3131, 272, 928
3132, 469, 982
3133, 185, 595
3134, 162, 447
3135, 414, 745
3136, 495, 823
3137, 5, 491
3138, 257, 871
3139, 683, 807
3140, 293, 362
3141, 536, 965
3142, 165, 836
3143, 172, 349
3144, 182, 387
3145, 147, 538
3146, 632, 841
3147, 48, 896
3148, 796, 885
3149, 339, 625
3150, 313, 695
3151, 298, 490
3152, 336, 399
3153, 618, 929
3154, 588, 830
3155, 651, 667
3156, 428, 563
3157, 103, 329
3158, 9, 757
3159, 225, 406
3160, 488, 627
3161, 33, 206
3162, 752, 926
3163, 352, 539
3164, 344, 927
3165, 776, 932
3166, 177, 254
3167, 551, 974
3168, 208, 878
3169, 167, 977
3170, 455, 477
3171, 343, 452
3172, 88, 794
3173, 117, 602
3174, 735, 879
3175, 507, 616
3176, 397, 881
3177, 23, 681
3178, 40, 785
3179, 369, 850
3180, 199, 381
3181, 541, 889
3182, 286, 438
3183, 652, 805
3184, 42, 617
3185, 72, 342
3186, 274, 902
3187, 319, 661
3188, 485, 585
3189, 518, 992
3190, 21, 459
3191, 207, 643
3192, 375, 685
3193, 378, 760
3194, 84, 919
3195, 194, 615
3196, 566, 583
3197, 111, 112
3198, 774, 994
3199, 426, 656
3200, 587, 916
3201, 882, 955
3202, 140, 946
3203, 497, 526
3204, 320, 441
3205, 212, 434
3206, 813, 880
3207, 28, 748
3208, 104, 338
3209, 425, 763
3210, 312, 629
3211, 239, 803
3212, 290, 887
3213, 334, 756
3214, 781, 899
3215, 210, 976
3216, 554, 890
3217, 69, 949
3218, 326, 852
3219, 153, 591
3220, 754, 939
3221, 389, 907
3222, 139, 936
3223, 628, 664
3224, 777, 942
3225, 405, 736
3226, 137, 626
3227, 383, 542
3228, 217, 668
3229, 3, 925
3230, 570, 952
3231, 145, 496
3232, 56, 828
3233, 689, 846
3234, 49, 818
3235, 261, 410
3236, 705, 762
3237, 504, 815
3238, 394, 856
3239, 16, 698
3240, 256, 511
3241, 512, 703
3242, 708, 857
3243, 423, 843
3244, 209, 782
3245, 515, 765
3246, 371, 877
3247, 263, 746
3248, 444, 649
3249, 55, 834
3250, 163, 892
3251, 183, 611
3252, 297, 330
3253, 232, 742
3254, 241, 819
3255, 229, 457
3256, 407, 442
3257, 351, 506
3258, 886, 920
3259, 62, 724
3260, 236, 317
3261, 123, 779
3262, 299, 514
3263, 564, 608
3264, 4, 505
3265, 291, 510
3266, 230, 861
3267, 258, 473
3268, 158, 558
3269, 220, 634
3270, 95, 276
3271, 697, 739
3272, 113, 307
3273, 87, 90
3274, 403, 487
3275, 619, 962
3276, 612, 968
3277, 148, 898
3278, 604, 983
3279, 940, 988
3280, 121, 792
3281, 17, 535
3282, 304, 855
3283, 192, 424
3284, 325, 427
3285, 328, 847
3286, 193, 966
3287, 195, 231
3288, 294, 674
3289, 377, 738
3290, 161, 768
3291, 93, 531
3292, 923, 957
3293, 41, 975
3294, 86, 985
3295, 743, 839
3296, 308, 797
3297, 345, 422
3298, 310, 613
3299, 242, 288
3300, 358, 631
3301, 215, 368
3302, 52, 91
3303, 552, 709
3304, 429, 532
3305, 204, 717
3306, 323, 440
3307, 614, 838
3308, 59, 900
3309, 337, 468
3310, 718, 840
3311, 311, 835
3312, 83, 575
3313, 73, 448
3314, 12, 938
3315, 10, 309
3316, 318, 984
3317, 44, 549
3318, 108, 872
3319, 521, 989
3320, 248, 647
3321, 759, 910
3322, 102, 825
3323, 620, 727
3324, 25, 39
3325, 190, 475
3326, 458, 981
3327, 460, 527
3328, 451, 811
3329, 669, 930
3330, 36, 660
3331, 130, 624
3332, 621, 758
3333, 951, 964
3334, 34, 582
3335, 38, 118
3336, 187, 498
3337, 480, 663
3338, 155, 390
3339, 219, 596
3340, 43, 380
3341, 129, 728
3342, 464, 657
3343, 144, 863
3344, 572, 849
3345, 577, 673
3346, 333, 433
3347, 409, 730
3348, 57, 482
3349, 68, 221
3350, 391, 875
3351, 181, 252
3352, 218, 503
3353, 196, 1000
3354, 519, 719
3355, 76, 799
3356, 471, 601
3357, 466, 924
3358, 51, 567
3359, 223, 862
3360, 400, 544
3361, 373, 484
3362, 50, 115
3363, 416, 831
3364, 364, 914
3365, 859, 860
3366, 213, 237
3367, 19, 360
3368, 750, 780
3369, 348, 901
3370, 522, 700
3371, 610, 790
3372, 202, 723
3373, 238, 851
3374, 168, 688
3375, 331, 829
3376, 322, 931
3377, 711, 915
3378, 382, 806
3379, 769, 905
3380, 141, 715
3381, 935, 978
3382, 166, 999
3383, 260, 995
3384, 355, 814
3385, 142, 529
3386, 751, 867
3387, 100, 548
3388, 233, 275
3389, 722, 729
3390, 516, 734
3391, 106, 904
3392, 622, 963
3393, 74, 81
3394, 520, 592
3395, 222, 609
3396, 267, 648
3397, 687, 906
3398, 226, 606
3399, 589, 594
3400, 120, 184
3401, 474, 991
3402, 240, 270
3403, 70, 810
3404, 470, 865
3405, 278, 755
3406, 421, 493
3407, 489, 954
3408, 98, 559
3409, 216, 253
3410, 35, 417
3411, 280, 679
3412, 1, 346
3413, 122, 578
3414, 430, 956
3415, 45, 164
3416, 287, 404
3417, 126, 367
3418, 173, 180
3419, 374, 569
3420, 356, 481
3421, 53, 418
3422, 500, 555
3423, 638, 979
3424, 696, 866
3425, 156, 461
3426, 245, 883
3427, 702, 897
3428, 376, 766
3429, 234, 420
3430, 205, 284
3431, 63, 876
3432, 224, 249
3433, 107, 913
3434, 46, 646
3435, 654, 973
3436, 747, 918
3437, 132, 909
3438, 243, 479
3439, 580, 894
3440, 135, 277
3441, 65, 659
3442, 14, 953
3443, 114, 125
3444, 77, 793
3445, 450, 524
3446, 385, 525
3447, 37, 211
3448, 305, 501
3449, 27, 530
3450, 92, 279
3451, 89, 101
3452, 79, 550
3453, 642, 903
3454, 599, 837
3455, 540, 783
3456, 644, 980
3457, 462, 911
3458, 289, 844
3459, 251, 744
3460, 443, 971
3461, 363, 802
3462, 398, 969
3463, 47, 359
3464, 227, 997
3465, 29, 833
3466, 116, 816
3467, 175, 694
3468, 197, 408
3469, 435, 749
3470, 633, 775
3471, 134, 189
3472, 99, 721
3473, 283, 761
3474, 170, 543
3475, 379, 454
3476, 7, 993
3477, 78, 402
3478, 690, 692
3479, 178, 824
3480, 2, 576
3481, 557, 655
3482, 513, 822
3483, 845, 917
3484, 465, 893
3485, 306, 832
3486, 30, 562
3487, 71, 401
3488, 593, 934
3489, 693, 770
3490, 20, 684
3491, 214, 826
3492, 96, 714
3493, 66, 250
3494, 713, 800
3495, 24, 127
3496, 32, 565
3497, 188, 733
3498, 235, 645
3499, 109, 707
3500, 353, 764
3501, 772, 938
3502, 629, 727
3503, 136, 249
3504, 483, 648
3505, 96, 781
3506, 95, 383
3507, 369, 862
3508, 148, 686
3509, 490, 618
3510, 608, 855
3511, 895, 934
3512, 1, 921
3513, 475, 753
3514, 159, 976
3515, 562, 695
3516, 197, 380
3517, 120, 940
3518, 348, 970
3519, 240, 339
3520, 203, 474
3521, 102, 105
3522, 10, 458
3523, 433, 640
3524, 373, 980
3525, 13, 869
3526, 611, 922
3527, 667, 892
3528, 661, 830
3529, 21, 887
3530, 116, 228
3531, 404, 573
3532, 2, 587
3533, 526, 999
3534, 446, 994
3535, 360, 503
3536, 309, 832
3537, 688, 945
3538, 14, 20
3539, 353, 902
3540, 199, 866
3541, 83, 683
3542, 536, 823
3543, 565, 777
3544, 395, 541
3545, 232, 638
3546, 808, 884
3547, 368, 659
3548, 38, 307
3549, 8, 850
3550, 294, 478
3551, 301, 413
3552, 60, 885
3553, 100, 971
3554, 560, 879
3555, 126, 477
3556, 858, 923
3557, 32, 470
3558, 125, 170
3559, 375, 544
3560, 244, 861
3561, 4, 914
3562, 300, 590
3563, 56, 124
3564, 513, 627
3565, 720, 962
3566, 273, 677
3567, 448, 711
3568, 243, 839
3569, 58, 625
3570, 194, 376
3571, 874, 917
3572, 264, 463
3573, 52, 817
3574, 602, 756
3575, 233, 636
3576, 131, 471
3577, 489, 955
3578, 377, 761
3579, 78, 200
3580, 535, 797
3581, 145, 333
3582, 22, 355
3583, 94, 511
3584, 617, 709
3585, 210, 957
3586, 229, 449
3587, 297, 434
3588, 807, 864
3589, 144, 306
3590, 385, 796
3591, 251, 261
3592, 191, 912
3593, 941, 946
3594, 312, 751
3595, 400, 871
3596, 296, 894
3597, 919, 968
3598, 239, 592
3599, 492, 831
3600, 745, 985
3601, 142, 961
3602, 72, 267
3603, 62, 392
3604, 331, 717
3605, 270, 653
3606, 414, 581
3607, 374, 778
3608, 138, 844
3609, 23, 235
3610, 281, 605
3611, 643, 995
3612, 325, 685
3613, 198, 975
3614, 821, 991
3615, 212, 897
3616, 206, 904
3617, 903, 986
3618, 467, 679
3619, 9, 73
3620, 208, 574
3621, 707, 780
3622, 256, 803
3623, 282, 412
3624, 631, 846
3625, 236, 310
3626, 221, 744
3627, 561, 564
3628, 614, 942
3629, 568, 633
3630, 252, 878
3631, 49, 238
3632, 641, 947
3633, 82, 856
3634, 776, 860
3635, 118, 274
3636, 12, 452
3637, 613, 615
3638, 399, 793
3639, 106, 867
3640, 188, 403
3641, 59, 398
3642, 343, 931
3643, 128, 927
3644, 857, 943
3645, 788, 969
3646, 488, 668
3647, 295, 906
3648, 354, 996
3649, 358, 531
3650, 27, 682
3651, 88, 209
3652, 465, 760
3653, 134, 571
3654, 517, 671
3655, 81, 175
3656, 193, 599
3657, 595, 842
3658, 473, 495
3659, 305, 824
3660, 231, 876
3661, 108, 950
3662, 254, 563
3663, 224, 566
3664, 176, 716
3665, 432, 443
3666, 437, 882
3667, 316, 812
3668, 204, 523
3669, 534, 555
3670, 289, 416
3671, 280, 520
3672, 481, 700
3673, 181, 382
3674, 508, 660
3675, 418, 786
3676, 539, 841
3677, 435, 964
3678, 628, 791
3679, 277, 910
3680, 36, 741
3681, 103, 185
3682, 318, 702
3683, 31, 386
3684, 593, 650
3685, 442, 785
3686, 609, 713
3687, 5, 774
3688, 408, 598
3689, 582, 730
3690, 361, 992
3691, 257, 519
3692, 460, 1000
3693, 453, 737
3694, 918, 981
3695, 393, 616
3696, 298, 632
3697, 557, 646
3698, 538, 586
3699, 736, 936
3700, 215, 285
3701, 542, 954
3702, 883, 977
3703, 71, 552
3704, 491, 500
3705, 218, 851
3706, 61, 496
3707, 275, 732
3708, 693, 794
3709, 658, 908
3710, 25, 241
3711, 505, 724
3712, 180, 359
3713, 158, 911
3714, 572, 802
3715, 287, 960
3716, 57, 391
3717, 119, 165
3718, 207, 787
3719, 39, 299
3720, 451, 662
3721, 754, 804
3722, 151, 740
3723, 169, 868
3724, 406, 835
3725, 24, 47
3726, 647, 767
3727, 179, 428
3728, 115, 651
3729, 461, 771
3730, 337, 522
3731, 570, 891
3732, 484, 600
3733, 576, 972
3734, 656, 705
3735, 97, 930
3736, 340, 896
3737, 64, 402
3738, 183, 665
3739, 220, 933
3740, 90, 601
3741, 234, 269
3742, 501, 768
3743, 290, 814
3744, 6, 792
3745, 494, 880
3746, 314, 362
3747, 863, 987
3748, 33, 965
3749, 172, 820
3750, 19, 479
3751, 690, 765
3752, 222, 710
3753, 462, 666
3754, 622, 815
3755, 371, 596
3756, 223, 422
3757, 259, 747
3758, 79, 278
3759, 35, 184
3760, 77, 498
3761, 351, 655
3762, 216, 696
3763, 192, 543
3764, 196, 624
3765, 121, 982
3766, 329, 873
3767, 834, 924
3768, 150, 836
3769, 510, 898
3770, 15, 547
3771, 843, 959
3772, 366, 833
3773, 42, 546
3774, 44, 319
3775, 454, 635
3776, 16, 875
3777, 445, 549
3778, 321, 558
3779, 292, 332
3780, 87, 468
3781, 109, 415
3782, 114, 877
3783, 603, 604
3784, 502, 845
3785, 323, 669
3786, 591, 951
3787, 37, 819
3788, 698, 758
3789, 499, 928
3790, 258, 607
3791, 580, 939
3792, 50, 389
3793, 482, 654
3794, 34, 174
3795, 687, 697
3796, 173, 956
3797, 417, 881
3798, 146, 365
3799, 567, 735
3800, 143, 516
3801, 75, 750
3802, 327, 818
3803, 137, 739
3804, 514, 588
3805, 670, 920
3806, 427, 553
3807, 619, 989
3808, 769, 886
3809, 401, 585
3810, 809, 973
3811, 260, 676
3812, 110, 859
3813, 166, 440
3814, 54, 308
3815, 29, 51
3816, 578, 775
3817, 338, 476
3818, 387, 678
3819, 341, 529
3820, 469, 966
3821, 162, 276
3822, 480, 849
3823, 554, 762
3824, 293, 854
3825, 74, 728
3826, 247, 286
3827, 623, 893
3828, 43, 722
3829, 370, 801
3830, 315, 852
3831, 317, 455
3832, 28, 672
3833, 104, 397
3834, 45, 438
3835, 419, 766
3836, 708, 827
3837, 141, 284
3838, 450, 532
3839, 130, 381
3840, 551, 749
3841, 17, 847
3842, 527, 998
3843, 147, 738
3844, 168, 288
3845, 246, 311
3846, 227, 988
3847, 30, 466
3848, 424, 783
3849, 575, 759
3850, 357, 773
3851, 447, 810
3852, 782, 925
3853, 626, 983
3854, 644, 958
3855, 195, 569
3856, 178, 504
3857, 66, 245
3858, 248, 589
3859, 182, 764
3860, 80, 149
3861, 161, 770
3862, 40, 430
3863, 524, 719
3864, 350, 548
3865, 712, 889
3866, 133, 789
3867, 594, 865
3868, 186, 952
3869, 167, 642
3870, 226, 689
3871, 154, 703
3872, 271, 634
3873, 304, 990
3874, 606, 664
3875, 3, 913
3876, 202, 816
3877, 177, 763
3878, 132, 680
3879, 364, 726
3880, 439, 752
3881, 48, 963
3882, 113, 755
3883, 421, 673
3884, 291, 394
3885, 65, 825
3886, 111, 811
3887, 459, 899
3888, 85, 384
3889, 152, 255
3890, 411, 436
3891, 69, 639
3892, 53, 907
3893, 320, 805
3894, 7, 888
3895, 129, 487
3896, 230, 493
3897, 718, 826
3898, 324, 900
3899, 472, 645
3900, 211, 915
3901, 620, 932
3902, 250, 279
3903, 160, 675
3904, 263, 272
3905, 92, 217
3906, 93, 456
3907, 205, 533
3908, 122, 164
3909, 779, 953
3910, 326, 757
3911, 349, 652
3912, 117, 559
3913, 156, 692
3914, 84, 790
3915, 509, 743
3916, 189, 699
3917, 372, 691
3918, 171, 681
3919, 518, 916
3920, 283, 813
3921, 330, 545
3922, 425, 530
3923, 190, 978
3924, 63, 388
3925, 612, 840
3926, 101, 426
3927, 86, 303
3928, 123, 410
3929, 55, 335
3930, 345, 926
3931, 497, 901
3932, 135, 723
3933, 407, 838
3934, 550, 725
3935, 237, 731
3936, 26, 556
3937, 266, 974
3938, 262, 577
3939, 89, 734
3940, 67, 405
3941, 214, 637
3942, 46, 870
3943, 540, 837
3944, 99, 379
3945, 41, 579
3946, 334, 429
3947, 18, 219
3948, 798, 872
3949, 420, 984
3950, 597, 729
3951, 356, 714
3952, 163, 663
3953, 112, 506
3954, 706, 715
3955, 139, 507
3956, 225, 935
3957, 800, 944
3958, 313, 363
3959, 441, 486
3960, 621, 701
3961, 322, 748
3962, 694, 795
3963, 76, 342
3964, 11, 336
3965, 515, 979
3966, 521, 993
3967, 378, 584
3968, 829, 967
3969, 107, 464
3970, 302, 347
3971, 157, 657
3972, 684, 929
3973, 268, 948
3974, 409, 746
3975, 187, 396
3976, 742, 848
3977, 127, 674
3978, 444, 733
3979, 201, 253
3980, 909, 997
3981, 265, 390
3982, 344, 937
3983, 68, 528
3984, 98, 512
3985, 70, 799
3986, 423, 537
3987, 91, 630
3988, 431, 822
3989, 890, 949
3990, 153, 828
3991, 784, 853
3992, 346, 704
3993, 457, 610
3994, 525, 905
3995, 352, 583
3996, 155, 649
3997, 242, 367
3998, 328, 806
3999, 140, 213
4000, 485, 721
