id, img1, img2
1, 122, 337
2, 611, 975
3, 45, 189
4, 352, 417
5, 42, 437
6, 284, 878
7, 573, 662
8, 4, 868
9, 270, 341
10, 473, 612
11, 409, 932
12, 16, 282
13, 94, 850
14, 289, 861
15, 267, 842
16, 145, 271
17, 328, 756
18, 233, 353
19, 317, 331
20, 209, 765
21, 61, 254
22, 89, 373
23, 511, 871
24, 322, 544
25, 32, 874
26, 128, 700
27, 556, 620
28, 351, 628
29, 142, 569
30, 106, 208
31, 196, 794
32, 679, 973
33, 190, 214
34, 487, 785
35, 158, 629
36, 44, 899
37, 466, 922
38, 115, 371
39, 599, 791
40, 619, 682
41, 453, 758
42, 95, 285
43, 782, 805
44, 201, 338
45, 170, 690
46, 231, 641
47, 168, 749
48, 193, 332
49, 489, 778
50, 78, 349
51, 308, 616
52, 166, 377
53, 642, 803
54, 366, 585
55, 96, 303
56, 212, 946
57, 60, 532
58, 598, 918
59, 34, 500
60, 505, 952
61, 200, 859
62, 236, 696
63, 238, 951
64, 229, 683
65, 546, 736
66, 276, 797
67, 48, 638
68, 528, 677
69, 56, 908
70, 160, 976
71, 164, 929
72, 668, 709
73, 852, 910
74, 98, 510
75, 297, 714
76, 463, 600
77, 181, 483
78, 456, 512
79, 21, 561
80, 884, 907
81, 134, 771
82, 111, 919
83, 227, 499
84, 368, 799
85, 827, 903
86, 14, 234
87, 646, 843
88, 73, 640
89, 439, 446
90, 720, 732
91, 131, 294
92, 253, 482
93, 255, 496
94, 680, 737
95, 183, 825
96, 155, 911
97, 49, 891
98, 243, 586
99, 719, 980
100, 8, 113
101, 116, 582
102, 348, 579
103, 188, 475
104, 3, 28
105, 324, 596
106, 64, 226
107, 339, 631
108, 195, 900
109, 691, 760
110, 192, 376
111, 110, 399
112, 182, 931
113, 821, 997
114, 398, 605
115, 99, 838
116, 518, 651
117, 384, 996
118, 125, 943
119, 124, 979
120, 18, 257
121, 26, 431
122, 343, 652
123, 316, 845
124, 383, 524
125, 157, 766
126, 41, 892
127, 33, 232
128, 248, 603
129, 272, 625
130, 626, 686
131, 121, 138
132, 734, 939
133, 395, 657
134, 820, 828
135, 378, 704
136, 930, 990
137, 543, 672
138, 474, 866
139, 320, 667
140, 634, 961
141, 881, 962
142, 430, 936
143, 627, 955
144, 10, 230
145, 570, 950
146, 685, 692
147, 493, 879
148, 442, 963
149, 167, 858
150, 355, 402
151, 726, 841
152, 103, 917
153, 784, 895
154, 81, 609
155, 340, 877
156, 777, 966
157, 481, 757
158, 107, 314
159, 38, 507
160, 47, 93
161, 490, 942
162, 971, 986
163, 204, 846
164, 198, 590
165, 851, 893
166, 55, 984
167, 152, 356
168, 151, 225
169, 358, 748
170, 454, 665
171, 406, 508
172, 509, 954
173, 290, 526
174, 300, 386
175, 336, 649
176, 261, 909
177, 57, 901
178, 9, 469
179, 722, 927
180, 424, 829
181, 186, 335
182, 650, 786
183, 438, 855
184, 117, 632
185, 575, 994
186, 325, 762
187, 180, 886
188, 144, 921
189, 279, 913
190, 380, 862
191, 100, 764
192, 286, 540
193, 27, 684
194, 302, 538
195, 278, 559
196, 11, 177
197, 23, 126
198, 568, 739
199, 411, 587
200, 221, 550
201, 104, 365
202, 224, 333
203, 46, 199
204, 755, 991
205, 105, 387
206, 735, 872
207, 404, 767
208, 235, 718
209, 299, 610
210, 601, 793
211, 119, 849
212, 606, 721
213, 539, 882
214, 59, 968
215, 102, 472
216, 140, 283
217, 240, 565
218, 52, 146
219, 79, 999
220, 449, 535
221, 574, 914
222, 564, 935
223, 202, 465
224, 15, 581
225, 22, 923
226, 418, 502
227, 492, 566
228, 217, 761
229, 563, 774
230, 169, 369
231, 268, 675
232, 147, 436
233, 541, 770
234, 36, 751
235, 648, 823
236, 163, 478
237, 66, 542
238, 154, 703
239, 995, 998
240, 247, 467
241, 19, 983
242, 350, 498
243, 416, 804
244, 706, 723
245, 260, 618
246, 75, 1000
247, 53, 520
248, 39, 744
249, 347, 725
250, 13, 529
251, 215, 727
252, 87, 689
253, 525, 947
254, 25, 432
255, 433, 953
256, 1, 210
257, 35, 108
258, 477, 957
259, 452, 865
260, 97, 291
261, 523, 958
262, 674, 699
263, 551, 888
264, 304, 783
265, 711, 731
266, 118, 607
267, 622, 982
268, 82, 593
269, 91, 656
270, 141, 912
271, 76, 896
272, 589, 934
273, 67, 729
274, 408, 883
275, 615, 740
276, 239, 835
277, 780, 857
278, 515, 926
279, 175, 342
280, 604, 985
281, 450, 788
282, 274, 800
283, 218, 787
284, 811, 967
285, 624, 796
286, 623, 904
287, 346, 889
288, 237, 635
289, 90, 419
290, 359, 759
291, 326, 814
292, 488, 974
293, 468, 747
294, 329, 549
295, 400, 558
296, 710, 713
297, 219, 375
298, 403, 817
299, 389, 769
300, 50, 897
301, 661, 940
302, 753, 790
303, 557, 840
304, 372, 920
305, 71, 933
306, 381, 451
307, 545, 705
308, 423, 701
309, 653, 802
310, 6, 461
311, 773, 826
312, 413, 613
313, 392, 775
314, 150, 925
315, 750, 779
316, 385, 860
317, 149, 647
318, 37, 847
319, 822, 993
320, 319, 813
321, 165, 194
322, 396, 553
323, 69, 970
324, 130, 869
325, 443, 462
326, 318, 928
327, 135, 506
328, 578, 746
329, 112, 708
330, 801, 810
331, 724, 875
332, 139, 156
333, 617, 694
334, 658, 673
335, 412, 807
336, 484, 806
337, 70, 798
338, 307, 521
339, 263, 459
340, 639, 752
341, 191, 361
342, 184, 345
343, 434, 630
344, 547, 621
345, 40, 969
346, 415, 580
347, 867, 894
348, 220, 287
349, 334, 572
350, 503, 571
351, 311, 426
352, 486, 830
353, 109, 516
354, 179, 407
355, 693, 715
356, 114, 567
357, 514, 763
358, 591, 987
359, 448, 890
360, 534, 856
361, 362, 695
362, 24, 379
363, 185, 471
364, 671, 992
365, 310, 702
366, 772, 844
367, 906, 981
368, 296, 479
369, 174, 301
370, 178, 497
371, 159, 717
372, 288, 633
373, 390, 754
374, 707, 956
375, 681, 839
376, 213, 269
377, 207, 837
378, 172, 197
379, 133, 533
380, 687, 809
381, 315, 428
382, 280, 313
383, 258, 795
384, 17, 173
385, 330, 370
386, 552, 645
387, 43, 241
388, 678, 870
389, 222, 305
390, 405, 555
391, 2, 327
392, 457, 915
393, 136, 876
394, 256, 853
395, 51, 949
396, 367, 422
397, 12, 504
398, 309, 938
399, 143, 816
400, 562, 745
401, 781, 885
402, 664, 733
403, 608, 741
404, 517, 522
405, 292, 425
406, 440, 977
407, 63, 480
408, 491, 898
409, 68, 965
410, 824, 902
411, 88, 655
412, 595, 812
413, 577, 854
414, 414, 887
415, 244, 834
416, 277, 880
417, 203, 344
418, 101, 768
419, 262, 644
420, 584, 712
421, 29, 654
422, 743, 815
423, 833, 978
424, 251, 832
425, 123, 663
426, 127, 161
427, 74, 476
428, 669, 959
429, 818, 948
430, 293, 945
431, 223, 670
432, 363, 382
433, 323, 643
434, 249, 944
435, 80, 393
436, 401, 636
437, 494, 495
438, 62, 132
439, 501, 513
440, 588, 941
441, 394, 698
442, 470, 688
443, 77, 716
444, 252, 614
445, 792, 924
446, 485, 676
447, 65, 863
448, 250, 455
449, 548, 972
450, 441, 728
451, 321, 427
452, 54, 245
453, 464, 659
454, 519, 989
455, 429, 697
456, 597, 831
457, 171, 460
458, 120, 536
459, 84, 410
460, 602, 988
461, 265, 916
462, 273, 364
463, 30, 637
464, 85, 176
465, 187, 421
466, 447, 960
467, 354, 864
468, 72, 153
469, 275, 937
470, 530, 905
471, 86, 738
472, 5, 594
473, 31, 162
474, 660, 789
475, 242, 281
476, 306, 554
477, 58, 435
478, 264, 592
479, 374, 397
480, 228, 576
481, 216, 537
482, 360, 420
483, 445, 819
484, 92, 298
485, 259, 836
486, 391, 964
487, 148, 205
488, 20, 137
489, 206, 730
490, 211, 666
491, 129, 444
492, 7, 246
493, 295, 357
494, 531, 848
495, 83, 776
496, 266, 458
497, 583, 808
498, 742, 873
499, 312, 388
500, 527, 560
501, 589, 760
502, 95, 462
503, 534, 916
504, 489, 558
505, 523, 981
506, 292, 798
507, 615, 796
508, 710, 745
509, 19, 753
510, 157, 475
511, 440, 601
512, 789, 900
513, 335, 547
514, 583, 902
515, 14, 303
516, 158, 945
517, 285, 428
518, 52, 85
519, 517, 915
520, 446, 733
521, 522, 904
522, 326, 479
523, 181, 437
524, 173, 233
525, 75, 805
526, 172, 247
527, 504, 554
528, 319, 486
529, 16, 414
530, 574, 898
531, 210, 821
532, 160, 932
533, 570, 925
534, 866, 963
535, 88, 754
536, 696, 994
537, 508, 509
538, 637, 872
539, 439, 568
540, 457, 782
541, 477, 997
542, 29, 308
543, 398, 810
544, 218, 370
545, 127, 472
546, 436, 551
547, 495, 736
548, 230, 944
549, 474, 788
550, 777, 786
551, 43, 207
552, 200, 749
553, 804, 842
554, 628, 943
555, 571, 765
556, 365, 410
557, 216, 819
558, 580, 968
559, 164, 451
560, 110, 609
561, 397, 936
562, 780, 924
563, 642, 828
564, 817, 825
565, 174, 892
566, 739, 966
567, 51, 687
568, 284, 404
569, 632, 684
570, 12, 662
571, 101, 643
572, 56, 485
573, 69, 602
574, 578, 987
575, 506, 707
576, 264, 986
577, 123, 427
578, 519, 672
579, 476, 591
580, 328, 386
581, 747, 957
582, 55, 832
583, 204, 537
584, 182, 376
585, 552, 820
586, 463, 471
587, 234, 431
588, 131, 869
589, 444, 579
590, 501, 619
591, 209, 362
592, 192, 741
593, 430, 767
594, 21, 641
595, 196, 927
596, 124, 272
597, 48, 453
598, 103, 375
599, 352, 585
600, 738, 808
601, 7, 905
602, 282, 853
603, 418, 815
604, 309, 876
605, 731, 885
606, 405, 717
607, 155, 512
608, 685, 701
609, 36, 699
610, 793, 897
611, 320, 903
612, 225, 334
613, 74, 145
614, 142, 800
615, 544, 880
616, 94, 491
617, 396, 709
618, 249, 921
619, 58, 700
620, 287, 494
621, 469, 718
622, 402, 481
623, 652, 705
624, 252, 985
625, 159, 277
626, 222, 855
627, 146, 645
628, 295, 368
629, 25, 730
630, 720, 859
631, 274, 940
632, 64, 752
633, 305, 636
634, 674, 813
635, 712, 941
636, 380, 725
637, 879, 887
638, 681, 785
639, 215, 630
640, 533, 962
641, 703, 791
642, 130, 290
643, 37, 198
644, 265, 792
645, 514, 999
646, 156, 826
647, 254, 778
648, 689, 764
649, 281, 635
650, 656, 836
651, 466, 864
652, 393, 497
653, 239, 306
654, 99, 946
655, 250, 395
656, 28, 660
657, 300, 772
658, 679, 797
659, 387, 839
660, 708, 834
661, 119, 548
662, 261, 929
663, 153, 657
664, 413, 449
665, 618, 937
666, 605, 952
667, 756, 766
668, 830, 930
669, 424, 555
670, 361, 969
671, 639, 977
672, 331, 337
673, 227, 623
674, 273, 920
675, 312, 532
676, 470, 592
677, 163, 854
678, 276, 680
679, 59, 577
680, 191, 935
681, 263, 307
682, 24, 340
683, 1, 634
684, 388, 888
685, 13, 354
686, 242, 553
687, 515, 867
688, 154, 528
689, 499, 1000
690, 382, 711
691, 293, 423
692, 9, 392
693, 620, 827
694, 715, 811
695, 107, 824
696, 296, 934
697, 141, 748
698, 256, 816
699, 152, 581
700, 226, 500
701, 203, 467
702, 417, 694
703, 338, 600
704, 415, 979
705, 722, 795
706, 275, 346
707, 608, 783
708, 240, 420
709, 253, 311
710, 527, 919
711, 96, 374
712, 232, 349
713, 455, 541
714, 4, 536
715, 562, 582
716, 322, 956
717, 161, 863
718, 70, 686
719, 401, 502
720, 223, 235
721, 631, 659
722, 622, 691
723, 71, 912
724, 434, 732
725, 121, 557
726, 421, 844
727, 42, 80
728, 257, 621
729, 302, 982
730, 324, 726
731, 443, 809
732, 706, 955
733, 412, 790
734, 329, 896
735, 333, 838
736, 246, 283
737, 201, 400
738, 407, 974
739, 26, 663
740, 57, 776
741, 22, 960
742, 480, 484
743, 342, 447
744, 45, 185
745, 92, 877
746, 429, 461
747, 543, 909
748, 572, 787
749, 908, 970
750, 144, 445
751, 65, 922
752, 63, 390
753, 30, 959
754, 381, 595
755, 465, 758
756, 109, 704
757, 267, 763
758, 627, 961
759, 97, 351
760, 170, 901
761, 321, 714
762, 650, 737
763, 78, 327
764, 448, 616
765, 353, 742
766, 5, 976
767, 8, 169
768, 117, 991
769, 425, 926
770, 260, 640
771, 93, 665
772, 377, 520
773, 403, 488
774, 435, 450
775, 364, 394
776, 391, 971
777, 221, 286
778, 373, 865
779, 50, 954
780, 217, 596
781, 610, 721
782, 433, 729
783, 560, 702
784, 378, 411
785, 151, 483
786, 669, 671
787, 539, 638
788, 849, 931
789, 297, 846
790, 348, 873
791, 371, 496
792, 35, 823
793, 11, 538
794, 91, 951
795, 194, 629
796, 593, 768
797, 604, 870
798, 851, 907
799, 10, 746
800, 175, 848
801, 79, 138
802, 540, 613
803, 419, 891
804, 513, 666
805, 561, 755
806, 422, 633
807, 379, 928
808, 76, 607
809, 372, 625
810, 441, 525
811, 588, 803
812, 606, 617
813, 6, 559
814, 104, 575
815, 339, 883
816, 860, 972
817, 350, 651
818, 208, 330
819, 116, 678
820, 243, 950
821, 125, 298
822, 23, 516
823, 238, 459
824, 237, 294
825, 612, 654
826, 314, 673
827, 728, 878
828, 255, 310
829, 695, 759
830, 611, 667
831, 180, 318
832, 773, 843
833, 122, 923
834, 341, 990
835, 133, 385
836, 510, 894
837, 49, 599
838, 406, 895
839, 857, 886
840, 102, 781
841, 53, 649
842, 688, 831
843, 167, 906
844, 39, 806
845, 910, 992
846, 383, 774
847, 567, 698
848, 129, 212
849, 128, 259
850, 317, 648
851, 140, 389
852, 44, 769
853, 229, 279
854, 858, 947
855, 111, 724
856, 573, 626
857, 360, 964
858, 316, 874
859, 61, 794
860, 231, 668
861, 189, 460
862, 187, 713
863, 2, 280
864, 655, 716
865, 87, 875
866, 784, 807
867, 355, 563
868, 251, 771
869, 268, 299
870, 205, 837
871, 241, 723
872, 17, 178
873, 20, 740
874, 46, 197
875, 658, 852
876, 15, 344
877, 409, 505
878, 83, 942
879, 359, 917
880, 148, 953
881, 184, 833
882, 258, 262
883, 458, 899
884, 136, 644
885, 762, 802
886, 188, 487
887, 67, 165
888, 179, 743
889, 66, 84
890, 751, 988
891, 564, 647
892, 511, 735
893, 98, 614
894, 112, 975
895, 408, 432
896, 456, 884
897, 332, 973
898, 478, 594
899, 363, 840
900, 358, 624
901, 166, 980
902, 150, 958
903, 861, 983
904, 565, 818
905, 384, 493
906, 40, 850
907, 367, 586
908, 82, 139
909, 183, 492
910, 171, 325
911, 399, 939
912, 271, 690
913, 72, 847
914, 590, 829
915, 186, 464
916, 719, 845
917, 190, 676
918, 162, 757
919, 289, 814
920, 149, 195
921, 118, 682
922, 369, 473
923, 120, 918
924, 507, 890
925, 73, 343
926, 33, 147
927, 224, 995
928, 219, 734
929, 503, 779
930, 38, 812
931, 202, 677
932, 89, 137
933, 213, 822
934, 115, 442
935, 54, 176
936, 47, 530
937, 426, 949
938, 106, 761
939, 345, 549
940, 490, 727
941, 90, 114
942, 498, 868
943, 132, 545
944, 199, 347
945, 168, 357
946, 220, 653
947, 135, 206
948, 193, 356
949, 32, 270
950, 34, 978
951, 313, 750
952, 938, 984
953, 893, 911
954, 670, 683
955, 468, 889
956, 531, 603
957, 569, 697
958, 664, 913
959, 228, 801
960, 526, 661
961, 100, 914
962, 965, 989
963, 835, 948
964, 315, 856
965, 871, 998
966, 675, 996
967, 535, 693
968, 566, 933
969, 301, 304
970, 323, 967
971, 68, 288
972, 3, 31
973, 18, 113
974, 60, 775
975, 269, 799
976, 336, 770
977, 454, 862
978, 524, 556
979, 108, 598
980, 646, 692
981, 438, 881
982, 27, 291
983, 278, 518
984, 416, 546
985, 521, 542
986, 211, 584
987, 86, 576
988, 77, 482
989, 452, 841
990, 236, 529
991, 62, 177
992, 134, 266
993, 366, 744
994, 126, 587
995, 143, 550
996, 41, 244
997, 81, 245
998, 214, 993
999, 105, 882
1000, 248, 597
1001, 804, 974
1002, 394, 542
1003, 538, 832
1004, 402, 686
1005, 259, 441
1006, 738, 946
1007, 289, 899
1008, 682, 852
1009, 276, 376
1010, 941, 955
1011, 701, 742
1012, 7, 320
1013, 173, 833
1014, 372, 419
1015, 162, 249
1016, 725, 859
1017, 193, 672
1018, 831, 972
1019, 346, 785
1020, 5, 215
1021, 169, 729
1022, 423, 537
1023, 533, 624
1024, 120, 840
1025, 41, 592
1026, 229, 379
1027, 359, 399
1028, 277, 711
1029, 522, 611
1030, 610, 736
1031, 401, 923
1032, 521, 931
1033, 69, 291
1034, 38, 356
1035, 714, 908
1036, 444, 636
1037, 183, 836
1038, 354, 664
1039, 652, 882
1040, 560, 900
1041, 599, 629
1042, 706, 966
1043, 340, 956
1044, 317, 817
1045, 1, 752
1046, 814, 822
1047, 32, 280
1048, 389, 713
1049, 168, 614
1050, 68, 708
1051, 514, 922
1052, 536, 587
1053, 30, 688
1054, 152, 464
1055, 154, 349
1056, 116, 654
1057, 97, 367
1058, 76, 244
1059, 465, 492
1060, 377, 496
1061, 378, 794
1062, 763, 857
1063, 485, 525
1064, 692, 963
1065, 504, 783
1066, 208, 589
1067, 37, 656
1068, 137, 784
1069, 203, 461
1070, 849, 904
1071, 145, 885
1072, 138, 691
1073, 227, 418
1074, 385, 728
1075, 528, 830
1076, 337, 979
1077, 527, 582
1078, 848, 874
1079, 466, 529
1080, 551, 616
1081, 846, 884
1082, 9, 519
1083, 61, 397
1084, 351, 407
1085, 319, 674
1086, 59, 361
1087, 175, 792
1088, 597, 747
1089, 147, 774
1090, 132, 192
1091, 288, 659
1092, 745, 921
1093, 297, 606
1094, 17, 240
1095, 413, 567
1096, 271, 355
1097, 64, 779
1098, 398, 420
1099, 826, 948
1100, 127, 155
1101, 323, 438
1102, 250, 417
1103, 45, 196
1104, 178, 961
1105, 334, 925
1106, 645, 716
1107, 133, 947
1108, 119, 404
1109, 501, 741
1110, 304, 797
1111, 184, 390
1112, 248, 571
1113, 165, 765
1114, 21, 953
1115, 2, 255
1116, 23, 661
1117, 89, 235
1118, 22, 696
1119, 410, 576
1120, 13, 524
1121, 88, 353
1122, 431, 581
1123, 79, 676
1124, 534, 793
1125, 98, 807
1126, 265, 566
1127, 301, 796
1128, 199, 744
1129, 27, 667
1130, 99, 258
1131, 595, 887
1132, 124, 339
1133, 188, 400
1134, 778, 998
1135, 693, 787
1136, 122, 994
1137, 548, 590
1138, 85, 146
1139, 439, 970
1140, 615, 862
1141, 649, 758
1142, 269, 930
1143, 553, 666
1144, 338, 502
1145, 91, 228
1146, 285, 453
1147, 16, 300
1148, 33, 721
1149, 139, 283
1150, 414, 801
1151, 67, 129
1152, 125, 890
1153, 214, 303
1154, 80, 687
1155, 428, 520
1156, 253, 719
1157, 306, 308
1158, 451, 540
1159, 689, 984
1160, 626, 633
1161, 350, 755
1162, 387, 789
1163, 305, 704
1164, 237, 436
1165, 562, 896
1166, 369, 477
1167, 220, 863
1168, 213, 426
1169, 775, 877
1170, 455, 648
1171, 644, 743
1172, 260, 484
1173, 83, 421
1174, 28, 937
1175, 432, 911
1176, 754, 791
1177, 126, 881
1178, 324, 888
1179, 315, 865
1180, 345, 373
1181, 231, 523
1182, 409, 411
1183, 480, 622
1184, 328, 835
1185, 135, 751
1186, 181, 326
1187, 897, 902
1188, 18, 71
1189, 72, 161
1190, 163, 483
1191, 12, 987
1192, 242, 558
1193, 57, 842
1194, 10, 851
1195, 26, 321
1196, 556, 926
1197, 275, 892
1198, 462, 643
1199, 860, 915
1200, 296, 585
1201, 286, 348
1202, 60, 971
1203, 322, 685
1204, 31, 239
1205, 531, 668
1206, 341, 639
1207, 318, 699
1208, 316, 798
1209, 211, 268
1210, 156, 544
1211, 375, 561
1212, 174, 730
1213, 219, 602
1214, 344, 433
1215, 176, 815
1216, 232, 756
1217, 14, 182
1218, 34, 812
1219, 440, 891
1220, 246, 546
1221, 167, 312
1222, 363, 697
1223, 39, 131
1224, 43, 392
1225, 109, 500
1226, 694, 702
1227, 547, 858
1228, 223, 266
1229, 564, 732
1230, 824, 867
1231, 201, 924
1232, 159, 965
1233, 103, 380
1234, 408, 471
1235, 202, 491
1236, 134, 489
1237, 503, 541
1238, 185, 936
1239, 313, 819
1240, 46, 261
1241, 74, 598
1242, 191, 898
1243, 766, 945
1244, 130, 325
1245, 586, 800
1246, 463, 642
1247, 868, 907
1248, 669, 968
1249, 715, 912
1250, 295, 494
1251, 309, 670
1252, 808, 992
1253, 58, 767
1254, 94, 384
1255, 460, 468
1256, 230, 416
1257, 279, 717
1258, 613, 620
1259, 108, 545
1260, 35, 478
1261, 86, 570
1262, 157, 574
1263, 189, 430
1264, 549, 764
1265, 209, 371
1266, 816, 870
1267, 206, 980
1268, 118, 552
1269, 662, 737
1270, 841, 879
1271, 412, 724
1272, 115, 709
1273, 212, 843
1274, 734, 989
1275, 117, 780
1276, 42, 757
1277, 20, 343
1278, 635, 813
1279, 56, 600
1280, 425, 657
1281, 111, 569
1282, 853, 886
1283, 357, 577
1284, 267, 370
1285, 827, 976
1286, 195, 973
1287, 739, 889
1288, 457, 934
1289, 628, 680
1290, 270, 488
1291, 247, 481
1292, 405, 658
1293, 360, 790
1294, 985, 993
1295, 475, 655
1296, 101, 944
1297, 770, 919
1298, 66, 333
1299, 81, 894
1300, 40, 290
1301, 136, 975
1302, 90, 234
1303, 864, 909
1304, 512, 988
1305, 294, 388
1306, 311, 690
1307, 62, 186
1308, 513, 518
1309, 347, 395
1310, 158, 539
1311, 142, 490
1312, 241, 565
1313, 8, 928
1314, 245, 526
1315, 803, 834
1316, 123, 273
1317, 78, 222
1318, 293, 449
1319, 171, 977
1320, 336, 515
1321, 588, 623
1322, 509, 607
1323, 210, 753
1324, 172, 903
1325, 272, 452
1326, 49, 913
1327, 406, 442
1328, 113, 352
1329, 698, 777
1330, 768, 929
1331, 36, 996
1332, 665, 845
1333, 476, 960
1334, 415, 493
1335, 282, 820
1336, 153, 532
1337, 640, 982
1338, 914, 933
1339, 190, 254
1340, 225, 821
1341, 50, 612
1342, 773, 854
1343, 251, 959
1344, 6, 554
1345, 82, 479
1346, 15, 474
1347, 712, 759
1348, 786, 811
1349, 143, 486
1350, 422, 978
1351, 166, 718
1352, 429, 678
1353, 707, 901
1354, 499, 550
1355, 621, 653
1356, 368, 507
1357, 760, 761
1358, 278, 381
1359, 221, 386
1360, 274, 710
1361, 65, 769
1362, 238, 995
1363, 19, 559
1364, 224, 942
1365, 257, 510
1366, 579, 964
1367, 511, 578
1368, 383, 772
1369, 365, 818
1370, 144, 434
1371, 180, 740
1372, 673, 799
1373, 141, 149
1374, 543, 880
1375, 776, 969
1376, 641, 660
1377, 292, 918
1378, 364, 424
1379, 594, 916
1380, 75, 284
1381, 788, 850
1382, 403, 634
1383, 723, 748
1384, 647, 703
1385, 450, 663
1386, 893, 954
1387, 84, 555
1388, 25, 44
1389, 366, 497
1390, 448, 596
1391, 627, 683
1392, 382, 782
1393, 3, 314
1394, 140, 216
1395, 48, 631
1396, 93, 106
1397, 456, 604
1398, 617, 638
1399, 264, 829
1400, 150, 218
1401, 332, 601
1402, 217, 605
1403, 435, 809
1404, 445, 878
1405, 102, 726
1406, 281, 873
1407, 584, 695
1408, 746, 861
1409, 177, 983
1410, 872, 939
1411, 198, 298
1412, 4, 299
1413, 205, 335
1414, 331, 671
1415, 236, 802
1416, 396, 781
1417, 54, 943
1418, 856, 876
1419, 733, 957
1420, 593, 805
1421, 53, 583
1422, 575, 637
1423, 256, 530
1424, 681, 869
1425, 307, 472
1426, 104, 105
1427, 720, 895
1428, 243, 459
1429, 391, 508
1430, 302, 535
1431, 200, 603
1432, 650, 906
1433, 52, 487
1434, 197, 823
1435, 342, 469
1436, 207, 990
1437, 160, 458
1438, 374, 437
1439, 358, 580
1440, 233, 950
1441, 675, 679
1442, 467, 482
1443, 625, 871
1444, 92, 684
1445, 447, 837
1446, 179, 938
1447, 121, 825
1448, 735, 910
1449, 495, 762
1450, 875, 949
1451, 608, 844
1452, 170, 727
1453, 51, 999
1454, 646, 986
1455, 506, 795
1456, 164, 204
1457, 393, 997
1458, 505, 932
1459, 454, 838
1460, 128, 618
1461, 516, 572
1462, 226, 252
1463, 63, 1000
1464, 563, 958
1465, 330, 427
1466, 568, 839
1467, 95, 952
1468, 630, 847
1469, 100, 473
1470, 70, 632
1471, 107, 151
1472, 855, 905
1473, 262, 619
1474, 55, 731
1475, 110, 557
1476, 310, 677
1477, 11, 722
1478, 29, 327
1479, 446, 609
1480, 96, 920
1481, 498, 771
1482, 73, 194
1483, 927, 951
1484, 287, 967
1485, 87, 866
1486, 187, 517
1487, 443, 810
1488, 750, 981
1489, 651, 883
1490, 705, 806
1491, 591, 991
1492, 700, 828
1493, 573, 749
1494, 148, 470
1495, 935, 940
1496, 329, 917
1497, 47, 114
1498, 362, 962
1499, 77, 263
1500, 24, 112
1501, 65, 320
1502, 264, 340
1503, 247, 892
1504, 45, 236
1505, 565, 977
1506, 99, 982
1507, 726, 994
1508, 278, 807
1509, 575, 835
1510, 310, 351
1511, 303, 595
1512, 228, 760
1513, 820, 906
1514, 397, 981
1515, 33, 172
1516, 399, 477
1517, 556, 570
1518, 88, 576
1519, 75, 974
1520, 53, 738
1521, 634, 936
1522, 118, 261
1523, 263, 975
1524, 107, 361
1525, 863, 883
1526, 662, 678
1527, 574, 607
1528, 605, 723
1529, 127, 635
1530, 23, 489
1531, 534, 978
1532, 233, 694
1533, 40, 138
1534, 681, 799
1535, 50, 537
1536, 199, 640
1537, 136, 941
1538, 301, 428
1539, 22, 262
1540, 735, 868
1541, 166, 606
1542, 250, 776
1543, 183, 853
1544, 583, 779
1545, 131, 265
1546, 643, 674
1547, 84, 518
1548, 650, 785
1549, 691, 990
1550, 421, 821
1551, 273, 756
1552, 153, 798
1553, 515, 725
1554, 126, 481
1555, 422, 425
1556, 67, 624
1557, 800, 893
1558, 254, 849
1559, 25, 972
1560, 173, 427
1561, 226, 474
1562, 77, 426
1563, 86, 879
1564, 542, 913
1565, 768, 829
1566, 132, 291
1567, 159, 539
1568, 178, 783
1569, 852, 865
1570, 110, 917
1571, 201, 326
1572, 367, 611
1573, 924, 976
1574, 128, 189
1575, 276, 385
1576, 823, 876
1577, 41, 961
1578, 168, 353
1579, 336, 626
1580, 568, 600
1581, 158, 443
1582, 588, 979
1583, 856, 934
1584, 317, 754
1585, 402, 750
1586, 92, 198
1587, 495, 880
1588, 789, 966
1589, 377, 391
1590, 35, 993
1591, 612, 618
1592, 314, 930
1593, 72, 433
1594, 467, 998
1595, 63, 871
1596, 435, 657
1597, 815, 943
1598, 130, 887
1599, 552, 587
1600, 8, 819
1601, 316, 404
1602, 406, 802
1603, 452, 462
1604, 2, 346
1605, 324, 559
1606, 469, 992
1607, 281, 341
1608, 59, 165
1609, 43, 805
1610, 157, 523
1611, 590, 636
1612, 103, 969
1613, 279, 553
1614, 496, 859
1615, 886, 896
1616, 938, 955
1617, 174, 692
1618, 69, 854
1619, 545, 864
1620, 139, 746
1621, 296, 774
1622, 117, 466
1623, 34, 839
1624, 381, 499
1625, 566, 869
1626, 510, 709
1627, 395, 809
1628, 520, 766
1629, 272, 973
1630, 651, 912
1631, 39, 716
1632, 843, 848
1633, 476, 673
1634, 352, 957
1635, 163, 841
1636, 9, 288
1637, 380, 442
1638, 409, 831
1639, 407, 874
1640, 396, 749
1641, 221, 484
1642, 240, 937
1643, 82, 525
1644, 390, 455
1645, 429, 690
1646, 448, 695
1647, 18, 964
1648, 145, 744
1649, 401, 758
1650, 135, 472
1651, 540, 708
1652, 521, 761
1653, 260, 503
1654, 32, 904
1655, 528, 653
1656, 101, 321
1657, 66, 191
1658, 81, 468
1659, 219, 286
1660, 580, 881
1661, 382, 685
1662, 506, 602
1663, 27, 268
1664, 445, 729
1665, 757, 851
1666, 599, 950
1667, 471, 926
1668, 604, 621
1669, 551, 898
1670, 504, 908
1671, 108, 897
1672, 704, 759
1673, 76, 834
1674, 665, 671
1675, 670, 840
1676, 123, 483
1677, 149, 632
1678, 567, 995
1679, 36, 915
1680, 508, 623
1681, 267, 482
1682, 230, 488
1683, 492, 529
1684, 419, 579
1685, 64, 655
1686, 530, 721
1687, 266, 475
1688, 633, 836
1689, 330, 712
1690, 620, 622
1691, 15, 244
1692, 19, 372
1693, 507, 642
1694, 554, 900
1695, 413, 813
1696, 249, 577
1697, 344, 801
1698, 109, 663
1699, 594, 986
1700, 49, 838
1701, 78, 578
1702, 329, 890
1703, 550, 827
1704, 137, 905
1705, 342, 894
1706, 271, 711
1707, 415, 450
1708, 717, 857
1709, 55, 509
1710, 339, 628
1711, 154, 985
1712, 373, 762
1713, 349, 931
1714, 180, 967
1715, 479, 861
1716, 37, 747
1717, 215, 308
1718, 616, 697
1719, 44, 393
1720, 193, 312
1721, 223, 793
1722, 734, 736
1723, 200, 980
1724, 80, 185
1725, 338, 548
1726, 245, 722
1727, 38, 922
1728, 6, 10
1729, 255, 773
1730, 210, 645
1731, 400, 822
1732, 48, 571
1733, 96, 755
1734, 672, 996
1735, 287, 878
1736, 284, 485
1737, 311, 772
1738, 248, 884
1739, 218, 337
1740, 121, 133
1741, 335, 365
1742, 592, 797
1743, 440, 808
1744, 696, 740
1745, 212, 538
1746, 902, 923
1747, 225, 889
1748, 120, 584
1749, 617, 872
1750, 270, 357
1751, 378, 806
1752, 134, 963
1753, 631, 786
1754, 387, 436
1755, 269, 544
1756, 858, 891
1757, 256, 855
1758, 733, 796
1759, 205, 297
1760, 87, 238
1761, 30, 100
1762, 384, 416
1763, 11, 644
1764, 596, 911
1765, 410, 494
1766, 114, 847
1767, 170, 204
1768, 203, 478
1769, 98, 770
1770, 140, 713
1771, 524, 686
1772, 280, 737
1773, 235, 369
1774, 493, 659
1775, 16, 418
1776, 306, 846
1777, 70, 379
1778, 148, 845
1779, 392, 962
1780, 438, 777
1781, 903, 918
1782, 364, 627
1783, 920, 951
1784, 533, 803
1785, 513, 763
1786, 258, 700
1787, 85, 147
1788, 202, 873
1789, 12, 615
1790, 119, 765
1791, 52, 371
1792, 29, 629
1793, 56, 146
1794, 300, 727
1795, 752, 788
1796, 197, 929
1797, 360, 782
1798, 124, 942
1799, 656, 780
1800, 251, 376
1801, 325, 639
1802, 113, 323
1803, 810, 811
1804, 305, 687
1805, 699, 956
1806, 366, 614
1807, 447, 910
1808, 26, 328
1809, 169, 701
1810, 192, 817
1811, 90, 156
1812, 73, 111
1813, 24, 322
1814, 561, 753
1815, 487, 739
1816, 997, 999
1817, 54, 83
1818, 155, 601
1819, 179, 420
1820, 232, 661
1821, 129, 315
1822, 234, 569
1823, 541, 939
1824, 732, 919
1825, 188, 358
1826, 112, 370
1827, 446, 608
1828, 359, 480
1829, 350, 356
1830, 246, 812
1831, 295, 826
1832, 389, 787
1833, 424, 784
1834, 283, 331
1835, 79, 862
1836, 412, 591
1837, 31, 781
1838, 309, 638
1839, 190, 417
1840, 227, 437
1841, 430, 988
1842, 403, 434
1843, 613, 968
1844, 46, 648
1845, 293, 345
1846, 152, 517
1847, 239, 677
1848, 211, 516
1849, 14, 142
1850, 676, 795
1851, 62, 522
1852, 526, 925
1853, 456, 668
1854, 461, 715
1855, 243, 958
1856, 206, 603
1857, 176, 216
1858, 150, 414
1859, 141, 465
1860, 464, 679
1861, 398, 877
1862, 654, 970
1863, 122, 222
1864, 589, 769
1865, 564, 867
1866, 714, 830
1867, 209, 705
1868, 7, 441
1869, 647, 946
1870, 439, 728
1871, 850, 989
1872, 58, 790
1873, 630, 742
1874, 162, 901
1875, 5, 348
1876, 609, 814
1877, 875, 899
1878, 51, 585
1879, 581, 693
1880, 3, 374
1881, 177, 649
1882, 307, 333
1883, 105, 460
1884, 161, 597
1885, 259, 710
1886, 160, 804
1887, 531, 703
1888, 547, 560
1889, 498, 730
1890, 775, 1000
1891, 47, 89
1892, 318, 907
1893, 368, 473
1894, 94, 275
1895, 196, 277
1896, 388, 497
1897, 502, 741
1898, 229, 882
1899, 17, 143
1900, 102, 791
1901, 362, 682
1902, 97, 543
1903, 61, 960
1904, 383, 562
1905, 257, 991
1906, 1, 702
1907, 274, 658
1908, 253, 290
1909, 144, 916
1910, 242, 683
1911, 60, 731
1912, 532, 792
1913, 282, 945
1914, 241, 500
1915, 304, 405
1916, 13, 125
1917, 572, 983
1918, 698, 953
1919, 363, 743
1920, 104, 833
1921, 486, 536
1922, 453, 720
1923, 42, 888
1924, 68, 563
1925, 93, 984
1926, 21, 115
1927, 224, 870
1928, 619, 933
1929, 457, 825
1930, 512, 952
1931, 718, 824
1932, 285, 354
1933, 675, 971
1934, 432, 641
1935, 299, 707
1936, 860, 935
1937, 491, 949
1938, 375, 454
1939, 394, 832
1940, 669, 987
1941, 187, 751
1942, 582, 625
1943, 549, 932
1944, 213, 343
1945, 816, 965
1946, 71, 689
1947, 546, 610
1948, 207, 598
1949, 57, 106
1950, 151, 501
1951, 164, 586
1952, 431, 771
1953, 214, 298
1954, 292, 646
1955, 347, 386
1956, 195, 470
1957, 302, 818
1958, 334, 505
1959, 208, 411
1960, 355, 514
1961, 237, 423
1962, 28, 167
1963, 116, 319
1964, 95, 557
1965, 332, 593
1966, 527, 767
1967, 186, 327
1968, 519, 947
1969, 463, 914
1970, 666, 724
1971, 220, 680
1972, 764, 866
1973, 555, 842
1974, 684, 706
1975, 660, 667
1976, 459, 748
1977, 91, 181
1978, 20, 573
1979, 194, 231
1980, 217, 959
1981, 458, 837
1982, 745, 944
1983, 74, 719
1984, 652, 948
1985, 313, 778
1986, 175, 184
1987, 921, 928
1988, 171, 511
1989, 688, 844
1990, 927, 954
1991, 408, 558
1992, 182, 490
1993, 289, 637
1994, 449, 828
1995, 444, 664
1996, 895, 940
1997, 794, 909
1998, 451, 535
1999, 252, 885
2000, 4, 294
2001, 624, 842
2002, 598, 817
2003, 552, 900
2004, 402, 534
2005, 516, 577
2006, 128, 677
2007, 122, 137
2008, 205, 902
2009, 276, 449
2010, 447, 453
2011, 540, 868
2012, 664, 728
2013, 70, 734
2014, 503, 839
2015, 721, 846
2016, 613, 644
2017, 565, 887
2018, 17, 355
2019, 268, 778
2020, 5, 388
2021, 279, 696
2022, 89, 218
2023, 499, 543
2024, 455, 798
2025, 412, 535
2026, 84, 166
2027, 124, 855
2028, 877, 904
2029, 450, 689
2030, 174, 882
2031, 118, 688
2032, 472, 486
2033, 90, 908
2034, 490, 975
2035, 676, 743
2036, 282, 519
2037, 697, 967
2038, 324, 740
2039, 178, 818
2040, 754, 998
2041, 41, 591
2042, 310, 828
2043, 404, 541
2044, 66, 108
2045, 430, 500
2046, 933, 982
2047, 736, 792
2048, 561, 980
2049, 321, 988
2050, 439, 714
2051, 376, 377
2052, 172, 785
2053, 258, 685
2054, 171, 927
2055, 80, 722
2056, 886, 925
2057, 58, 907
2058, 713, 914
2059, 139, 383
2060, 152, 382
2061, 49, 203
2062, 69, 384
2063, 264, 793
2064, 662, 770
2065, 672, 968
2066, 346, 630
2067, 311, 548
2068, 590, 629
2069, 529, 570
2070, 637, 690
2071, 701, 787
2072, 303, 460
2073, 575, 811
2074, 198, 476
2075, 856, 984
2076, 294, 367
2077, 159, 915
2078, 768, 916
2079, 306, 417
2080, 87, 775
2081, 23, 44
2082, 309, 488
2083, 600, 687
2084, 239, 554
2085, 411, 588
2086, 103, 803
2087, 1, 601
2088, 580, 841
2089, 619, 963
2090, 61, 227
2091, 389, 801
2092, 115, 292
2093, 508, 581
2094, 385, 894
2095, 133, 480
2096, 576, 769
2097, 400, 859
2098, 127, 732
2099, 32, 481
2100, 333, 815
2101, 45, 845
2102, 222, 244
2103, 236, 830
2104, 301, 836
2105, 188, 498
2106, 467, 913
2107, 522, 632
2108, 387, 917
2109, 247, 446
2110, 361, 702
2111, 532, 921
2112, 185, 260
2113, 110, 986
2114, 553, 992
2115, 106, 255
2116, 351, 928
2117, 186, 272
2118, 48, 53
2119, 313, 438
2120, 187, 354
2121, 175, 609
2122, 317, 652
2123, 290, 849
2124, 46, 973
2125, 20, 99
2126, 505, 681
2127, 145, 245
2128, 11, 834
2129, 9, 579
2130, 537, 560
2131, 323, 398
2132, 3, 18
2133, 592, 700
2134, 665, 759
2135, 299, 794
2136, 266, 348
2137, 229, 559
2138, 337, 752
2139, 494, 589
2140, 593, 931
2141, 441, 911
2142, 134, 954
2143, 39, 898
2144, 777, 835
2145, 536, 810
2146, 10, 861
2147, 738, 858
2148, 94, 746
2149, 330, 997
2150, 104, 373
2151, 60, 762
2152, 213, 428
2153, 329, 851
2154, 365, 493
2155, 527, 557
2156, 57, 327
2157, 63, 340
2158, 459, 948
2159, 291, 715
2160, 399, 780
2161, 199, 717
2162, 456, 930
2163, 146, 180
2164, 457, 760
2165, 130, 335
2166, 95, 200
2167, 202, 364
2168, 625, 757
2169, 189, 951
2170, 240, 955
2171, 257, 468
2172, 71, 903
2173, 120, 705
2174, 194, 748
2175, 22, 1000
2176, 93, 135
2177, 140, 277
2178, 233, 704
2179, 695, 994
2180, 318, 679
2181, 699, 809
2182, 753, 947
2183, 471, 837
2184, 319, 873
2185, 533, 940
2186, 77, 530
2187, 424, 437
2188, 78, 820
2189, 259, 918
2190, 353, 958
2191, 650, 654
2192, 2, 824
2193, 92, 252
2194, 16, 79
2195, 119, 475
2196, 160, 360
2197, 555, 675
2198, 755, 816
2199, 67, 569
2200, 349, 854
2201, 4, 379
2202, 341, 551
2203, 461, 492
2204, 470, 550
2205, 43, 829
2206, 655, 939
2207, 440, 920
2208, 150, 297
2209, 343, 528
2210, 585, 731
2211, 123, 504
2212, 105, 749
2213, 657, 813
2214, 356, 929
2215, 210, 462
2216, 602, 897
2217, 204, 547
2218, 395, 840
2219, 671, 976
2220, 230, 901
2221, 235, 730
2222, 157, 538
2223, 571, 645
2224, 224, 800
2225, 414, 584
2226, 465, 684
2227, 444, 618
2228, 143, 876
2229, 249, 985
2230, 248, 844
2231, 55, 871
2232, 386, 663
2233, 238, 542
2234, 68, 737
2235, 344, 416
2236, 469, 895
2237, 142, 885
2238, 85, 372
2239, 151, 195
2240, 628, 682
2241, 325, 833
2242, 744, 795
2243, 251, 273
2244, 724, 812
2245, 169, 304
2246, 219, 483
2247, 147, 773
2248, 370, 808
2249, 339, 889
2250, 919, 932
2251, 496, 709
2252, 13, 987
2253, 19, 38
2254, 733, 866
2255, 735, 999
2256, 867, 881
2257, 263, 979
2258, 322, 653
2259, 81, 170
2260, 573, 587
2261, 656, 838
2262, 756, 827
2263, 6, 796
2264, 102, 546
2265, 832, 891
2266, 674, 950
2267, 517, 686
2268, 328, 747
2269, 201, 314
2270, 167, 374
2271, 393, 510
2272, 635, 667
2273, 109, 893
2274, 442, 989
2275, 86, 495
2276, 680, 766
2277, 668, 789
2278, 429, 506
2279, 35, 627
2280, 113, 648
2281, 615, 962
2282, 539, 884
2283, 141, 401
2284, 514, 620
2285, 391, 544
2286, 487, 944
2287, 153, 604
2288, 116, 418
2289, 870, 883
2290, 363, 409
2291, 821, 865
2292, 531, 568
2293, 21, 217
2294, 431, 566
2295, 305, 622
2296, 293, 316
2297, 288, 623
2298, 14, 435
2299, 390, 974
2300, 464, 934
2301, 37, 375
2302, 307, 368
2303, 405, 969
2304, 396, 888
2305, 75, 518
2306, 33, 334
2307, 54, 720
2308, 161, 182
2309, 173, 214
2310, 164, 423
2311, 419, 896
2312, 156, 910
2313, 474, 790
2314, 513, 965
2315, 132, 924
2316, 751, 970
2317, 191, 639
2318, 62, 285
2319, 791, 860
2320, 136, 863
2321, 611, 774
2322, 97, 822
2323, 479, 578
2324, 352, 862
2325, 126, 158
2326, 331, 448
2327, 501, 659
2328, 626, 923
2329, 96, 922
2330, 378, 478
2331, 607, 806
2332, 750, 764
2333, 482, 698
2334, 8, 184
2335, 458, 788
2336, 15, 381
2337, 300, 708
2338, 42, 434
2339, 253, 567
2340, 326, 509
2341, 758, 783
2342, 243, 874
2343, 125, 712
2344, 29, 936
2345, 362, 926
2346, 397, 718
2347, 121, 745
2348, 296, 634
2349, 422, 586
2350, 144, 274
2351, 606, 843
2352, 211, 212
2353, 72, 706
2354, 426, 952
2355, 12, 941
2356, 945, 957
2357, 312, 909
2358, 491, 825
2359, 556, 678
2360, 972, 995
2361, 315, 612
2362, 572, 669
2363, 64, 358
2364, 403, 719
2365, 271, 433
2366, 484, 512
2367, 181, 269
2368, 280, 489
2369, 88, 111
2370, 549, 649
2371, 176, 781
2372, 507, 631
2373, 703, 890
2374, 502, 993
2375, 262, 899
2376, 380, 647
2377, 30, 511
2378, 562, 776
2379, 59, 295
2380, 177, 407
2381, 100, 278
2382, 27, 40
2383, 804, 892
2384, 614, 640
2385, 320, 946
2386, 73, 617
2387, 226, 359
2388, 24, 154
2389, 206, 661
2390, 56, 101
2391, 168, 443
2392, 761, 807
2393, 26, 723
2394, 563, 799
2395, 691, 707
2396, 76, 466
2397, 521, 953
2398, 149, 938
2399, 246, 875
2400, 196, 234
2401, 231, 960
2402, 524, 658
2403, 83, 983
2404, 82, 406
2405, 643, 977
2406, 473, 779
2407, 595, 771
2408, 241, 782
2409, 616, 772
2410, 183, 371
2411, 51, 228
2412, 392, 642
2413, 525, 937
2414, 425, 445
2415, 526, 853
2416, 357, 978
2417, 497, 692
2418, 415, 767
2419, 633, 765
2420, 34, 666
2421, 852, 991
2422, 148, 515
2423, 47, 693
2424, 225, 265
2425, 477, 857
2426, 193, 848
2427, 716, 943
2428, 131, 190
2429, 179, 603
2430, 207, 797
2431, 107, 129
2432, 413, 710
2433, 7, 270
2434, 345, 741
2435, 286, 823
2436, 250, 683
2437, 155, 819
2438, 215, 802
2439, 65, 436
2440, 283, 729
2441, 763, 912
2442, 197, 463
2443, 558, 814
2444, 254, 742
2445, 410, 651
2446, 163, 872
2447, 338, 350
2448, 208, 996
2449, 582, 959
2450, 25, 31
2451, 485, 990
2452, 302, 850
2453, 220, 935
2454, 114, 256
2455, 232, 347
2456, 342, 711
2457, 420, 942
2458, 117, 298
2459, 608, 981
2460, 408, 574
2461, 596, 694
2462, 112, 621
2463, 520, 906
2464, 826, 949
2465, 523, 879
2466, 98, 597
2467, 242, 636
2468, 237, 284
2469, 281, 427
2470, 336, 660
2471, 394, 432
2472, 673, 956
2473, 287, 594
2474, 646, 880
2475, 138, 641
2476, 52, 725
2477, 421, 878
2478, 332, 964
2479, 165, 864
2480, 583, 847
2481, 366, 784
2482, 36, 971
2483, 454, 831
2484, 261, 452
2485, 221, 610
2486, 192, 275
2487, 50, 961
2488, 74, 786
2489, 91, 670
2490, 451, 869
2491, 28, 289
2492, 369, 966
2493, 162, 564
2494, 726, 805
2495, 308, 605
2496, 223, 739
2497, 638, 727
2498, 267, 905
2499, 545, 599
2500, 209, 216
2501, 33, 384
2502, 262, 702
2503, 697, 934
2504, 634, 929
2505, 64, 823
2506, 905, 977
2507, 330, 996
2508, 360, 439
2509, 72, 868
2510, 122, 696
2511, 208, 681
2512, 166, 860
2513, 182, 256
2514, 249, 376
2515, 349, 400
2516, 132, 895
2517, 50, 431
2518, 118, 960
2519, 94, 271
2520, 410, 664
2521, 350, 473
2522, 90, 659
2523, 102, 137
2524, 564, 976
2525, 509, 637
2526, 178, 442
2527, 429, 615
2528, 416, 978
2529, 316, 363
2530, 140, 362
2531, 631, 931
2532, 305, 569
2533, 706, 865
2534, 34, 732
2535, 229, 594
2536, 130, 344
2537, 32, 909
2538, 511, 534
2539, 812, 825
2540, 82, 427
2541, 107, 915
2542, 120, 986
2543, 287, 518
2544, 22, 911
2545, 836, 985
2546, 385, 591
2547, 223, 477
2548, 295, 566
2549, 214, 700
2550, 367, 766
2551, 761, 784
2552, 327, 926
2553, 60, 541
2554, 134, 844
2555, 116, 538
2556, 203, 555
2557, 347, 396
2558, 235, 765
2559, 599, 792
2560, 399, 853
2561, 802, 870
2562, 372, 921
2563, 143, 432
2564, 576, 674
2565, 136, 601
2566, 161, 937
2567, 369, 764
2568, 533, 544
2569, 269, 607
2570, 795, 913
2571, 10, 910
2572, 597, 624
2573, 80, 536
2574, 338, 488
2575, 325, 456
2576, 16, 563
2577, 285, 629
2578, 185, 560
2579, 160, 602
2580, 199, 317
2581, 422, 433
2582, 329, 828
2583, 139, 370
2584, 630, 657
2585, 423, 635
2586, 507, 638
2587, 763, 797
2588, 26, 135
2589, 754, 873
2590, 476, 645
2591, 326, 983
2592, 225, 894
2593, 264, 970
2594, 446, 980
2595, 52, 168
2596, 412, 619
2597, 153, 655
2598, 377, 789
2599, 21, 165
2600, 183, 879
2601, 907, 974
2602, 297, 743
2603, 252, 726
2604, 666, 714
2605, 188, 461
2606, 149, 573
2607, 407, 441
2608, 59, 404
2609, 302, 494
2610, 537, 604
2611, 760, 880
2612, 283, 777
2613, 735, 925
2614, 745, 928
2615, 778, 864
2616, 171, 887
2617, 310, 992
2618, 286, 314
2619, 527, 713
2620, 73, 997
2621, 71, 846
2622, 202, 796
2623, 131, 626
2624, 721, 942
2625, 83, 952
2626, 663, 801
2627, 187, 237
2628, 440, 524
2629, 948, 995
2630, 192, 481
2631, 807, 959
2632, 220, 260
2633, 768, 793
2634, 77, 312
2635, 12, 244
2636, 565, 965
2637, 13, 397
2638, 123, 902
2639, 65, 835
2640, 497, 552
2641, 568, 675
2642, 463, 798
2643, 677, 832
2644, 484, 653
2645, 248, 307
2646, 306, 358
2647, 151, 550
2648, 354, 693
2649, 405, 741
2650, 227, 617
2651, 403, 414
2652, 273, 609
2653, 119, 806
2654, 86, 304
2655, 803, 918
2656, 172, 824
2657, 680, 698
2658, 810, 966
2659, 69, 521
2660, 504, 967
2661, 70, 196
2662, 683, 787
2663, 891, 999
2664, 496, 831
2665, 672, 888
2666, 737, 840
2667, 217, 251
2668, 44, 175
2669, 526, 540
2670, 19, 898
2671, 460, 699
2672, 443, 525
2673, 241, 543
2674, 420, 779
2675, 749, 991
2676, 224, 704
2677, 98, 289
2678, 487, 818
2679, 3, 829
2680, 114, 181
2681, 419, 981
2682, 359, 896
2683, 352, 501
2684, 381, 394
2685, 109, 480
2686, 176, 711
2687, 62, 93
2688, 331, 755
2689, 91, 281
2690, 553, 575
2691, 406, 947
2692, 27, 671
2693, 493, 567
2694, 145, 448
2695, 727, 944
2696, 694, 988
2697, 374, 445
2698, 311, 411
2699, 491, 642
2700, 275, 775
2701, 267, 780
2702, 388, 652
2703, 266, 622
2704, 341, 748
2705, 216, 572
2706, 435, 495
2707, 117, 426
2708, 449, 739
2709, 313, 847
2710, 583, 733
2711, 482, 516
2712, 228, 640
2713, 528, 686
2714, 701, 843
2715, 213, 752
2716, 54, 154
2717, 37, 520
2718, 786, 908
2719, 38, 920
2720, 361, 719
2721, 2, 5
2722, 379, 614
2723, 320, 387
2724, 489, 822
2725, 746, 808
2726, 535, 943
2727, 827, 938
2728, 661, 903
2729, 833, 917
2730, 127, 277
2731, 8, 715
2732, 39, 194
2733, 854, 987
2734, 278, 856
2735, 418, 973
2736, 531, 899
2737, 95, 318
2738, 45, 315
2739, 409, 956
2740, 49, 788
2741, 265, 373
2742, 547, 717
2743, 236, 710
2744, 24, 881
2745, 284, 961
2746, 612, 646
2747, 393, 957
2748, 76, 922
2749, 170, 334
2750, 7, 979
2751, 505, 736
2752, 239, 842
2753, 189, 940
2754, 36, 758
2755, 300, 364
2756, 148, 164
2757, 138, 616
2758, 87, 206
2759, 523, 906
2760, 28, 383
2761, 282, 465
2762, 648, 751
2763, 157, 500
2764, 328, 340
2765, 417, 919
2766, 180, 590
2767, 471, 656
2768, 106, 232
2769, 548, 994
2770, 378, 559
2771, 309, 474
2772, 184, 346
2773, 218, 483
2774, 771, 878
2775, 75, 927
2776, 623, 650
2777, 159, 643
2778, 454, 770
2779, 819, 912
2780, 470, 519
2781, 324, 875
2782, 298, 644
2783, 84, 799
2784, 587, 689
2785, 632, 814
2786, 11, 901
2787, 274, 852
2788, 204, 301
2789, 678, 695
2790, 731, 984
2791, 319, 539
2792, 128, 193
2793, 800, 809
2794, 794, 876
2795, 296, 371
2796, 580, 592
2797, 55, 586
2798, 756, 946
2799, 444, 885
2800, 333, 866
2801, 103, 447
2802, 255, 781
2803, 676, 939
2804, 243, 932
2805, 177, 469
2806, 436, 582
2807, 734, 857
2808, 169, 353
2809, 479, 849
2810, 413, 841
2811, 96, 596
2812, 673, 874
2813, 205, 556
2814, 191, 475
2815, 687, 882
2816, 492, 968
2817, 23, 930
2818, 472, 839
2819, 950, 953
2820, 29, 613
2821, 321, 627
2822, 254, 455
2823, 817, 826
2824, 25, 513
2825, 108, 785
2826, 246, 790
2827, 238, 571
2828, 179, 858
2829, 299, 337
2830, 56, 845
2831, 200, 611
2832, 883, 954
2833, 390, 458
2834, 529, 753
2835, 595, 690
2836, 110, 124
2837, 724, 998
2838, 233, 767
2839, 234, 877
2840, 649, 923
2841, 18, 263
2842, 593, 725
2843, 268, 969
2844, 126, 401
2845, 859, 972
2846, 201, 466
2847, 221, 574
2848, 63, 174
2849, 88, 240
2850, 89, 242
2851, 20, 639
2852, 115, 279
2853, 288, 620
2854, 190, 654
2855, 156, 209
2856, 162, 545
2857, 43, 47
2858, 4, 514
2859, 757, 773
2860, 621, 805
2861, 605, 933
2862, 121, 834
2863, 66, 691
2864, 112, 542
2865, 368, 722
2866, 342, 408
2867, 167, 510
2868, 625, 872
2869, 606, 618
2870, 478, 949
2871, 348, 685
2872, 276, 772
2873, 211, 975
2874, 141, 546
2875, 158, 936
2876, 210, 515
2877, 892, 900
2878, 335, 486
2879, 105, 503
2880, 53, 744
2881, 816, 884
2882, 1, 712
2883, 668, 813
2884, 769, 850
2885, 186, 245
2886, 272, 608
2887, 247, 782
2888, 428, 989
2889, 173, 738
2890, 570, 830
2891, 79, 291
2892, 31, 207
2893, 871, 955
2894, 215, 579
2895, 46, 81
2896, 610, 993
2897, 17, 705
2898, 40, 962
2899, 532, 971
2900, 97, 163
2901, 389, 462
2902, 30, 322
2903, 195, 258
2904, 226, 588
2905, 323, 464
2906, 366, 707
2907, 665, 935
2908, 231, 280
2909, 457, 708
2910, 133, 498
2911, 485, 561
2912, 67, 257
2913, 554, 718
2914, 270, 963
2915, 336, 692
2916, 670, 838
2917, 261, 450
2918, 58, 893
2919, 490, 862
2920, 14, 125
2921, 343, 415
2922, 499, 557
2923, 837, 897
2924, 641, 990
2925, 357, 730
2926, 35, 51
2927, 395, 585
2928, 104, 517
2929, 382, 667
2930, 453, 811
2931, 101, 402
2932, 292, 951
2933, 964, 1000
2934, 293, 356
2935, 740, 791
2936, 253, 375
2937, 421, 437
2938, 48, 222
2939, 703, 904
2940, 848, 869
2941, 451, 581
2942, 92, 759
2943, 729, 742
2944, 502, 658
2945, 144, 747
2946, 508, 589
2947, 250, 628
2948, 303, 914
2949, 150, 821
2950, 111, 958
2951, 351, 863
2952, 512, 941
2953, 679, 924
2954, 99, 684
2955, 61, 867
2956, 728, 783
2957, 562, 820
2958, 430, 522
2959, 9, 774
2960, 129, 391
2961, 392, 682
2962, 15, 365
2963, 294, 750
2964, 113, 861
2965, 720, 855
2966, 889, 890
2967, 198, 467
2968, 380, 916
2969, 100, 945
2970, 339, 577
2971, 85, 197
2972, 74, 982
2973, 259, 716
2974, 647, 723
2975, 578, 815
2976, 452, 669
2977, 424, 551
2978, 355, 886
2979, 468, 762
2980, 142, 584
2981, 41, 633
2982, 530, 688
2983, 146, 155
2984, 152, 212
2985, 219, 598
2986, 386, 636
2987, 660, 776
2988, 398, 558
2989, 78, 434
2990, 230, 506
2991, 600, 651
2992, 147, 459
2993, 42, 438
2994, 603, 851
2995, 57, 804
2996, 290, 549
2997, 68, 345
2998, 6, 308
2999, 425, 662
3000, 332, 709
3001, 339, 731
3002, 186, 290
3003, 313, 927
3004, 342, 633
3005, 114, 315
3006, 532, 757
3007, 512, 659
3008, 338, 592
3009, 425, 647
3010, 207, 430
3011, 200, 277
3012, 187, 352
3013, 429, 868
3014, 322, 736
3015, 44, 940
3016, 534, 995
3017, 676, 809
3018, 693, 957
3019, 78, 758
3020, 560, 983
3021, 17, 383
3022, 863, 948
3023, 680, 979
3024, 102, 837
3025, 557, 789
3026, 367, 926
3027, 237, 893
3028, 654, 935
3029, 566, 891
3030, 117, 608
3031, 49, 189
3032, 536, 791
3033, 103, 229
3034, 141, 404
3035, 122, 134
3036, 657, 920
3037, 36, 762
3038, 630, 796
3039, 15, 368
3040, 818, 922
3041, 272, 332
3042, 260, 377
3043, 263, 896
3044, 443, 843
3045, 70, 447
3046, 212, 671
3047, 205, 855
3048, 331, 872
3049, 418, 793
3050, 42, 848
3051, 34, 658
3052, 476, 715
3053, 834, 875
3054, 181, 579
3055, 112, 729
3056, 879, 955
3057, 228, 865
3058, 66, 904
3059, 582, 833
3060, 147, 819
3061, 106, 949
3062, 300, 763
3063, 375, 746
3064, 387, 622
3065, 209, 866
3066, 835, 938
3067, 906, 992
3068, 291, 898
3069, 347, 673
3070, 223, 424
3071, 488, 807
3072, 69, 655
3073, 380, 477
3074, 653, 810
3075, 64, 547
3076, 258, 412
3077, 113, 829
3078, 79, 236
3079, 469, 806
3080, 39, 722
3081, 96, 275
3082, 288, 548
3083, 10, 626
3084, 29, 689
3085, 541, 921
3086, 247, 350
3087, 55, 453
3088, 487, 553
3089, 415, 775
3090, 450, 737
3091, 259, 423
3092, 794, 997
3093, 71, 514
3094, 779, 788
3095, 783, 991
3096, 422, 804
3097, 294, 479
3098, 753, 822
3099, 635, 660
3100, 696, 989
3101, 386, 394
3102, 21, 399
3103, 706, 977
3104, 46, 52
3105, 954, 970
3106, 495, 785
3107, 194, 590
3108, 94, 126
3109, 565, 967
3110, 417, 641
3111, 31, 639
3112, 270, 580
3113, 493, 802
3114, 345, 695
3115, 830, 971
3116, 620, 840
3117, 198, 884
3118, 99, 310
3119, 267, 586
3120, 138, 434
3121, 895, 903
3122, 87, 784
3123, 72, 254
3124, 24, 432
3125, 670, 749
3126, 545, 550
3127, 598, 786
3128, 25, 303
3129, 708, 864
3130, 28, 711
3131, 535, 951
3132, 373, 461
3133, 169, 492
3134, 574, 820
3135, 84, 436
3136, 504, 698
3137, 393, 489
3138, 173, 805
3139, 285, 930
3140, 47, 500
3141, 264, 378
3142, 406, 878
3143, 59, 780
3144, 887, 939
3145, 607, 839
3146, 426, 712
3147, 218, 623
3148, 296, 602
3149, 348, 513
3150, 723, 838
3151, 440, 735
3152, 183, 645
3153, 1, 525
3154, 23, 101
3155, 18, 180
3156, 16, 584
3157, 202, 901
3158, 411, 869
3159, 109, 646
3160, 208, 684
3161, 343, 402
3162, 238, 491
3163, 528, 555
3164, 881, 994
3165, 239, 942
3166, 499, 570
3167, 279, 643
3168, 346, 446
3169, 363, 888
3170, 701, 811
3171, 301, 463
3172, 617, 797
3173, 115, 327
3174, 107, 130
3175, 408, 599
3176, 151, 998
3177, 894, 976
3178, 244, 860
3179, 159, 366
3180, 197, 505
3181, 351, 468
3182, 445, 899
3183, 124, 227
3184, 7, 54
3185, 98, 118
3186, 253, 334
3187, 199, 549
3188, 319, 650
3189, 219, 597
3190, 19, 515
3191, 321, 777
3192, 224, 356
3193, 230, 336
3194, 305, 719
3195, 148, 317
3196, 91, 742
3197, 444, 912
3198, 110, 932
3199, 398, 975
3200, 455, 544
3201, 11, 526
3202, 38, 642
3203, 274, 470
3204, 297, 963
3205, 531, 882
3206, 26, 756
3207, 960, 964
3208, 286, 844
3209, 675, 710
3210, 419, 890
3211, 73, 152
3212, 371, 709
3213, 439, 730
3214, 58, 133
3215, 340, 776
3216, 61, 691
3217, 235, 521
3218, 396, 543
3219, 407, 694
3220, 53, 527
3221, 577, 625
3222, 33, 663
3223, 538, 747
3224, 168, 644
3225, 161, 325
3226, 120, 454
3227, 302, 457
3228, 251, 609
3229, 395, 707
3230, 511, 787
3231, 12, 135
3232, 416, 986
3233, 494, 523
3234, 129, 529
3235, 153, 518
3236, 137, 897
3237, 692, 867
3238, 266, 448
3239, 217, 853
3240, 191, 969
3241, 143, 826
3242, 370, 628
3243, 40, 431
3244, 160, 674
3245, 20, 980
3246, 316, 934
3247, 593, 686
3248, 612, 831
3249, 355, 873
3250, 37, 728
3251, 435, 510
3252, 139, 501
3253, 372, 966
3254, 828, 945
3255, 231, 587
3256, 379, 571
3257, 509, 765
3258, 57, 195
3259, 497, 876
3260, 50, 413
3261, 14, 558
3262, 471, 508
3263, 246, 293
3264, 35, 86
3265, 323, 1000
3266, 233, 824
3267, 578, 813
3268, 619, 947
3269, 45, 552
3270, 854, 972
3271, 851, 889
3272, 62, 575
3273, 462, 683
3274, 192, 874
3275, 467, 478
3276, 154, 326
3277, 782, 982
3278, 32, 627
3279, 77, 588
3280, 89, 382
3281, 56, 821
3282, 273, 769
3283, 832, 985
3284, 341, 766
3285, 330, 697
3286, 353, 401
3287, 145, 262
3288, 516, 814
3289, 289, 360
3290, 483, 871
3291, 125, 427
3292, 257, 739
3293, 222, 760
3294, 146, 365
3295, 600, 614
3296, 594, 734
3297, 287, 916
3298, 5, 466
3299, 726, 981
3300, 381, 816
3301, 232, 573
3302, 193, 496
3303, 397, 604
3304, 226, 772
3305, 242, 943
3306, 403, 449
3307, 569, 849
3308, 845, 973
3309, 83, 354
3310, 337, 823
3311, 140, 661
3312, 677, 687
3313, 751, 946
3314, 298, 314
3315, 369, 827
3316, 652, 702
3317, 162, 307
3318, 213, 216
3319, 563, 732
3320, 97, 738
3321, 63, 333
3322, 171, 490
3323, 30, 817
3324, 546, 615
3325, 433, 703
3326, 13, 857
3327, 158, 485
3328, 128, 812
3329, 165, 721
3330, 211, 705
3331, 100, 990
3332, 132, 309
3333, 472, 704
3334, 210, 595
3335, 249, 651
3336, 859, 984
3337, 182, 918
3338, 299, 678
3339, 221, 506
3340, 179, 700
3341, 60, 911
3342, 283, 956
3343, 465, 761
3344, 150, 176
3345, 718, 745
3346, 717, 988
3347, 240, 714
3348, 95, 790
3349, 725, 741
3350, 3, 111
3351, 265, 862
3352, 591, 662
3353, 533, 752
3354, 163, 913
3355, 667, 909
3356, 318, 475
3357, 792, 936
3358, 166, 344
3359, 364, 540
3360, 613, 993
3361, 174, 720
3362, 359, 774
3363, 361, 724
3364, 755, 799
3365, 245, 480
3366, 389, 464
3367, 119, 214
3368, 542, 664
3369, 65, 583
3370, 682, 754
3371, 155, 965
3372, 473, 727
3373, 522, 559
3374, 123, 281
3375, 452, 605
3376, 357, 800
3377, 90, 842
3378, 601, 603
3379, 502, 941
3380, 252, 883
3381, 280, 917
3382, 85, 458
3383, 131, 919
3384, 188, 572
3385, 391, 914
3386, 261, 795
3387, 177, 733
3388, 362, 438
3389, 184, 649
3390, 248, 750
3391, 88, 996
3392, 320, 576
3393, 610, 748
3394, 690, 923
3395, 482, 629
3396, 409, 877
3397, 206, 312
3398, 74, 80
3399, 43, 116
3400, 335, 952
3401, 68, 486
3402, 530, 987
3403, 801, 944
3404, 243, 358
3405, 459, 759
3406, 284, 410
3407, 241, 255
3408, 405, 481
3409, 428, 962
3410, 149, 637
3411, 442, 685
3412, 67, 908
3413, 136, 204
3414, 640, 767
3415, 388, 456
3416, 329, 556
3417, 282, 933
3418, 271, 744
3419, 768, 886
3420, 519, 870
3421, 22, 740
3422, 311, 958
3423, 185, 374
3424, 75, 385
3425, 460, 937
3426, 507, 850
3427, 268, 861
3428, 585, 885
3429, 201, 308
3430, 104, 929
3431, 175, 390
3432, 76, 484
3433, 156, 681
3434, 81, 900
3435, 105, 656
3436, 295, 668
3437, 4, 636
3438, 825, 907
3439, 127, 672
3440, 554, 638
3441, 121, 847
3442, 9, 931
3443, 699, 924
3444, 157, 803
3445, 27, 190
3446, 841, 974
3447, 384, 815
3448, 93, 968
3449, 349, 999
3450, 648, 778
3451, 8, 220
3452, 421, 666
3453, 561, 928
3454, 328, 581
3455, 196, 562
3456, 82, 596
3457, 269, 537
3458, 167, 225
3459, 856, 925
3460, 589, 858
3461, 144, 551
3462, 92, 713
3463, 517, 539
3464, 276, 716
3465, 215, 634
3466, 441, 764
3467, 51, 836
3468, 773, 961
3469, 910, 950
3470, 503, 978
3471, 108, 743
3472, 234, 451
3473, 2, 905
3474, 6, 41
3475, 618, 953
3476, 420, 798
3477, 665, 915
3478, 621, 770
3479, 178, 568
3480, 250, 781
3481, 524, 669
3482, 624, 852
3483, 278, 688
3484, 142, 892
3485, 846, 902
3486, 564, 959
3487, 414, 771
3488, 172, 306
3489, 256, 324
3490, 48, 376
3491, 567, 611
3492, 304, 520
3493, 203, 498
3494, 292, 437
3495, 616, 631
3496, 170, 606
3497, 474, 880
3498, 632, 808
3499, 400, 679
3500, 164, 392
3501, 383, 394
3502, 334, 389
3503, 52, 274
3504, 110, 576
3505, 176, 911
3506, 327, 975
3507, 27, 304
3508, 224, 621
3509, 424, 973
3510, 430, 915
3511, 230, 876
3512, 151, 319
3513, 560, 672
3514, 649, 993
3515, 226, 753
3516, 5, 374
3517, 373, 829
3518, 465, 748
3519, 265, 579
3520, 161, 614
3521, 188, 494
3522, 604, 703
3523, 657, 738
3524, 252, 884
3525, 400, 712
3526, 276, 692
3527, 109, 130
3528, 255, 788
3529, 891, 903
3530, 289, 651
3531, 102, 632
3532, 286, 807
3533, 678, 799
3534, 581, 910
3535, 191, 338
3536, 16, 153
3537, 74, 241
3538, 210, 486
3539, 382, 396
3540, 399, 695
3541, 431, 434
3542, 29, 652
3543, 65, 256
3544, 98, 881
3545, 73, 540
3546, 772, 817
3547, 26, 455
3548, 709, 908
3549, 432, 626
3550, 332, 363
3551, 268, 928
3552, 302, 586
3553, 524, 999
3554, 827, 856
3555, 727, 843
3556, 493, 667
3557, 54, 378
3558, 641, 689
3559, 296, 715
3560, 78, 387
3561, 201, 443
3562, 246, 954
3563, 237, 899
3564, 20, 551
3565, 145, 253
3566, 72, 616
3567, 182, 716
3568, 459, 521
3569, 630, 863
3570, 115, 240
3571, 28, 873
3572, 458, 570
3573, 30, 283
3574, 480, 823
3575, 71, 948
3576, 620, 955
3577, 260, 574
3578, 522, 785
3579, 264, 317
3580, 795, 814
3581, 449, 750
3582, 414, 853
3583, 391, 852
3584, 369, 575
3585, 525, 645
3586, 367, 851
3587, 249, 461
3588, 222, 768
3589, 792, 885
3590, 198, 448
3591, 49, 900
3592, 200, 355
3593, 628, 737
3594, 31, 568
3595, 512, 791
3596, 100, 600
3597, 599, 631
3598, 489, 491
3599, 242, 421
3600, 368, 838
3601, 744, 796
3602, 95, 731
3603, 311, 468
3604, 158, 722
3605, 591, 752
3606, 763, 813
3607, 93, 700
3608, 220, 989
3609, 357, 886
3610, 403, 862
3611, 132, 234
3612, 859, 882
3613, 181, 554
3614, 674, 676
3615, 320, 661
3616, 17, 764
3617, 275, 710
3618, 257, 509
3619, 893, 953
3620, 267, 822
3621, 273, 462
3622, 787, 825
3623, 272, 439
3624, 19, 91
3625, 105, 366
3626, 58, 555
3627, 526, 543
3628, 585, 835
3629, 37, 299
3630, 219, 865
3631, 166, 729
3632, 6, 622
3633, 18, 566
3634, 146, 848
3635, 150, 726
3636, 337, 664
3637, 483, 935
3638, 415, 609
3639, 66, 156
3640, 590, 981
3641, 77, 677
3642, 618, 922
3643, 306, 412
3644, 55, 767
3645, 61, 196
3646, 484, 779
3647, 232, 530
3648, 238, 532
3649, 617, 648
3650, 155, 906
3651, 310, 520
3652, 419, 946
3653, 179, 236
3654, 25, 623
3655, 372, 573
3656, 553, 790
3657, 506, 797
3658, 208, 844
3659, 32, 962
3660, 728, 789
3661, 466, 535
3662, 406, 926
3663, 129, 451
3664, 277, 545
3665, 290, 708
3666, 346, 353
3667, 56, 730
3668, 14, 152
3669, 247, 745
3670, 50, 991
3671, 206, 837
3672, 587, 897
3673, 765, 961
3674, 323, 510
3675, 171, 937
3676, 184, 869
3677, 523, 970
3678, 186, 847
3679, 282, 635
3680, 295, 940
3681, 410, 596
3682, 636, 883
3683, 666, 740
3684, 308, 427
3685, 627, 986
3686, 221, 743
3687, 140, 513
3688, 128, 207
3689, 453, 634
3690, 173, 656
3691, 59, 673
3692, 86, 642
3693, 136, 531
3694, 741, 916
3695, 711, 868
3696, 243, 314
3697, 79, 518
3698, 402, 569
3699, 602, 939
3700, 325, 892
3701, 118, 974
3702, 180, 942
3703, 4, 592
3704, 202, 578
3705, 831, 912
3706, 583, 983
3707, 392, 805
3708, 97, 990
3709, 137, 495
3710, 134, 854
3711, 165, 413
3712, 371, 759
3713, 675, 758
3714, 519, 564
3715, 756, 945
3716, 698, 982
3717, 659, 930
3718, 157, 362
3719, 343, 624
3720, 144, 918
3721, 47, 112
3722, 595, 784
3723, 463, 980
3724, 11, 936
3725, 149, 969
3726, 810, 957
3727, 51, 867
3728, 8, 76
3729, 395, 572
3730, 562, 1000
3731, 125, 923
3732, 148, 769
3733, 70, 612
3734, 38, 331
3735, 99, 138
3736, 123, 669
3737, 172, 528
3738, 245, 751
3739, 404, 777
3740, 24, 754
3741, 300, 408
3742, 454, 913
3743, 101, 749
3744, 43, 227
3745, 398, 593
3746, 808, 972
3747, 496, 984
3748, 45, 887
3749, 67, 815
3750, 213, 533
3751, 490, 909
3752, 178, 291
3753, 336, 417
3754, 842, 866
3755, 217, 594
3756, 303, 328
3757, 48, 681
3758, 131, 820
3759, 407, 500
3760, 643, 958
3761, 278, 393
3762, 244, 793
3763, 360, 798
3764, 174, 766
3765, 411, 794
3766, 801, 806
3767, 142, 209
3768, 254, 552
3769, 258, 426
3770, 189, 755
3771, 422, 638
3772, 261, 502
3773, 474, 924
3774, 644, 880
3775, 75, 321
3776, 487, 773
3777, 96, 478
3778, 471, 921
3779, 23, 947
3780, 103, 668
3781, 608, 653
3782, 312, 457
3783, 87, 542
3784, 284, 405
3785, 476, 860
3786, 119, 477
3787, 361, 888
3788, 556, 901
3789, 546, 685
3790, 35, 781
3791, 762, 845
3792, 445, 932
3793, 64, 447
3794, 147, 194
3795, 671, 718
3796, 354, 557
3797, 205, 929
3798, 610, 907
3799, 279, 452
3800, 833, 919
3801, 379, 390
3802, 44, 381
3803, 185, 951
3804, 577, 691
3805, 467, 898
3806, 124, 920
3807, 223, 717
3808, 370, 442
3809, 116, 305
3810, 549, 840
3811, 397, 826
3812, 195, 895
3813, 33, 42
3814, 218, 705
3815, 7, 761
3816, 917, 994
3817, 401, 601
3818, 654, 976
3819, 164, 839
3820, 22, 977
3821, 107, 647
3822, 177, 358
3823, 482, 724
3824, 266, 927
3825, 333, 688
3826, 114, 746
3827, 444, 504
3828, 121, 646
3829, 606, 687
3830, 547, 864
3831, 313, 690
3832, 527, 812
3833, 36, 481
3834, 872, 944
3835, 117, 225
3836, 231, 544
3837, 697, 968
3838, 80, 437
3839, 34, 501
3840, 39, 534
3841, 470, 979
3842, 342, 878
3843, 721, 828
3844, 269, 565
3845, 21, 388
3846, 776, 875
3847, 193, 849
3848, 538, 613
3849, 420, 429
3850, 561, 943
3851, 92, 874
3852, 62, 802
3853, 588, 956
3854, 167, 778
3855, 9, 82
3856, 625, 933
3857, 212, 611
3858, 84, 499
3859, 344, 615
3860, 259, 375
3861, 83, 550
3862, 175, 637
3863, 736, 931
3864, 706, 952
3865, 479, 963
3866, 316, 440
3867, 322, 416
3868, 464, 663
3869, 704, 992
3870, 760, 850
3871, 111, 309
3872, 503, 639
3873, 315, 386
3874, 409, 713
3875, 183, 529
3876, 89, 894
3877, 450, 896
3878, 69, 88
3879, 3, 12
3880, 665, 821
3881, 287, 780
3882, 120, 141
3883, 571, 584
3884, 558, 723
3885, 349, 959
3886, 15, 904
3887, 770, 824
3888, 271, 472
3889, 589, 699
3890, 742, 834
3891, 539, 830
3892, 701, 871
3893, 170, 262
3894, 318, 877
3895, 733, 739
3896, 619, 725
3897, 250, 950
3898, 108, 949
3899, 498, 889
3900, 734, 816
3901, 660, 925
3902, 2, 329
3903, 57, 567
3904, 239, 288
3905, 782, 995
3906, 345, 436
3907, 163, 169
3908, 475, 987
3909, 423, 804
3910, 335, 747
3911, 133, 658
3912, 324, 541
3913, 607, 735
3914, 605, 732
3915, 216, 339
3916, 514, 997
3917, 159, 702
3918, 536, 841
3919, 359, 670
3920, 203, 559
3921, 233, 517
3922, 508, 890
3923, 85, 719
3924, 139, 537
3925, 783, 988
3926, 460, 774
3927, 662, 696
3928, 187, 214
3929, 341, 385
3930, 160, 433
3931, 682, 686
3932, 1, 60
3933, 192, 352
3934, 435, 832
3935, 199, 330
3936, 356, 720
3937, 251, 938
3938, 235, 629
3939, 263, 497
3940, 438, 485
3941, 582, 803
3942, 135, 292
3943, 127, 293
3944, 211, 548
3945, 143, 326
3946, 301, 786
3947, 81, 351
3948, 46, 162
3949, 280, 996
3950, 350, 771
3951, 714, 846
3952, 650, 914
3953, 104, 376
3954, 307, 809
3955, 488, 633
3956, 197, 204
3957, 270, 348
3958, 297, 819
3959, 418, 597
3960, 13, 680
3961, 154, 966
3962, 94, 281
3963, 41, 683
3964, 505, 905
3965, 168, 836
3966, 10, 492
3967, 229, 428
3968, 855, 998
3969, 473, 515
3970, 441, 456
3971, 818, 879
3972, 640, 967
3973, 40, 190
3974, 811, 941
3975, 603, 775
3976, 90, 684
3977, 63, 68
3978, 425, 902
3979, 113, 516
3980, 446, 964
3981, 934, 985
3982, 122, 507
3983, 707, 870
3984, 228, 598
3985, 215, 511
3986, 365, 580
3987, 380, 960
3988, 693, 861
3989, 679, 800
3990, 285, 858
3991, 126, 563
3992, 377, 469
3993, 384, 655
3994, 340, 978
3995, 298, 694
3996, 248, 971
3997, 106, 294
3998, 757, 965
3999, 347, 857
4000, 53, 364
