id, img1, img2
1, 64, 872
2, 338, 354
3, 369, 941
4, 189, 971
5, 598, 605
6, 85, 428
7, 744, 809
8, 467, 680
9, 630, 660
10, 228, 967
11, 44, 922
12, 704, 851
13, 327, 498
14, 121, 701
15, 124, 955
16, 9, 474
17, 3, 672
18, 559, 628
19, 18, 589
20, 430, 646
21, 320, 726
22, 485, 653
23, 461, 948
24, 195, 401
25, 473, 896
26, 437, 497
27, 444, 556
28, 59, 678
29, 281, 812
30, 285, 611
31, 531, 951
32, 688, 984
33, 30, 631
34, 42, 937
35, 357, 998
36, 15, 779
37, 22, 33
38, 230, 546
39, 41, 596
40, 590, 837
41, 40, 312
42, 95, 145
43, 252, 640
44, 394, 574
45, 226, 227
46, 45, 825
47, 709, 950
48, 171, 435
49, 258, 392
50, 389, 667
51, 287, 355
52, 309, 705
53, 416, 866
54, 203, 538
55, 322, 419
56, 259, 723
57, 231, 764
58, 465, 496
59, 578, 662
60, 147, 637
61, 128, 552
62, 32, 529
63, 144, 159
64, 52, 509
65, 834, 862
66, 892, 964
67, 132, 413
68, 37, 995
69, 811, 956
70, 480, 584
71, 449, 600
72, 620, 824
73, 458, 843
74, 918, 932
75, 296, 622
76, 698, 959
77, 452, 717
78, 168, 742
79, 204, 953
80, 595, 759
81, 104, 761
82, 186, 684
83, 414, 475
84, 21, 291
85, 61, 478
86, 295, 687
87, 237, 520
88, 292, 621
89, 501, 735
90, 55, 359
91, 393, 786
92, 182, 364
93, 63, 138
94, 139, 331
95, 222, 619
96, 161, 396
97, 840, 856
98, 656, 988
99, 888, 930
100, 127, 746
101, 157, 679
102, 6, 869
103, 792, 977
104, 152, 297
105, 250, 579
106, 658, 838
107, 371, 446
108, 568, 671
109, 260, 308
110, 224, 827
111, 20, 407
112, 754, 861
113, 34, 470
114, 524, 601
115, 363, 539
116, 72, 713
117, 351, 443
118, 43, 146
119, 783, 963
120, 808, 894
121, 19, 500
122, 349, 982
123, 114, 750
124, 576, 912
125, 481, 857
126, 753, 773
127, 131, 973
128, 340, 732
129, 106, 294
130, 2, 101
131, 353, 875
132, 35, 193
133, 333, 991
134, 907, 985
135, 225, 787
136, 66, 462
137, 343, 886
138, 720, 889
139, 261, 976
140, 264, 604
141, 587, 975
142, 137, 525
143, 906, 993
144, 8, 603
145, 27, 657
146, 681, 767
147, 130, 181
148, 427, 567
149, 566, 730
150, 307, 420
151, 301, 618
152, 456, 844
153, 276, 734
154, 207, 729
155, 453, 864
156, 79, 910
157, 817, 902
158, 302, 328
159, 209, 728
160, 167, 909
161, 830, 949
162, 313, 722
163, 422, 997
164, 395, 855
165, 388, 927
166, 376, 929
167, 208, 563
168, 249, 518
169, 397, 691
170, 368, 550
171, 62, 821
172, 69, 163
173, 172, 321
174, 142, 334
175, 492, 820
176, 335, 548
177, 267, 286
178, 16, 262
179, 67, 814
180, 196, 835
181, 73, 218
182, 508, 638
183, 118, 241
184, 323, 372
185, 573, 659
186, 366, 402
187, 365, 747
188, 409, 926
189, 215, 471
190, 483, 588
191, 534, 615
192, 290, 810
193, 570, 765
194, 522, 583
195, 505, 769
196, 629, 895
197, 748, 970
198, 75, 537
199, 223, 707
200, 263, 519
201, 184, 841
202, 367, 868
203, 102, 725
204, 352, 415
205, 275, 782
206, 173, 881
207, 109, 504
208, 610, 987
209, 406, 487
210, 561, 666
211, 880, 936
212, 404, 516
213, 141, 454
214, 448, 648
215, 591, 799
216, 219, 911
217, 634, 675
218, 468, 785
219, 346, 877
220, 49, 879
221, 585, 899
222, 90, 306
223, 149, 381
224, 974, 979
225, 905, 992
226, 758, 804
227, 221, 572
228, 418, 649
229, 305, 878
230, 140, 337
231, 113, 319
232, 689, 946
233, 575, 847
234, 11, 966
235, 423, 469
236, 229, 541
237, 84, 665
238, 148, 324
239, 134, 339
240, 180, 636
241, 179, 832
242, 650, 815
243, 268, 702
244, 491, 645
245, 253, 924
246, 279, 344
247, 358, 557
248, 47, 311
249, 577, 968
250, 607, 706
251, 235, 438
252, 255, 940
253, 489, 673
254, 39, 486
255, 232, 410
256, 724, 756
257, 206, 651
258, 503, 721
259, 254, 771
260, 155, 829
261, 29, 361
262, 188, 545
263, 78, 870
264, 668, 775
265, 412, 490
266, 185, 582
267, 110, 776
268, 494, 805
269, 385, 602
270, 565, 609
271, 88, 165
272, 387, 560
273, 373, 768
274, 798, 897
275, 201, 719
276, 796, 1000
277, 153, 692
278, 712, 774
279, 58, 530
280, 642, 942
281, 736, 981
282, 398, 845
283, 5, 616
284, 154, 176
285, 318, 447
286, 284, 580
287, 370, 749
288, 87, 213
289, 272, 304
290, 96, 954
291, 210, 493
292, 51, 382
293, 865, 938
294, 544, 801
295, 770, 904
296, 540, 803
297, 913, 917
298, 551, 850
299, 244, 251
300, 243, 379
301, 350, 741
302, 431, 743
303, 532, 908
304, 356, 965
305, 711, 716
306, 278, 969
307, 191, 310
308, 891, 947
309, 670, 839
310, 777, 842
311, 797, 858
312, 71, 690
313, 256, 790
314, 507, 852
315, 513, 931
316, 28, 36
317, 380, 627
318, 103, 342
319, 136, 499
320, 74, 960
321, 288, 581
322, 440, 594
323, 661, 887
324, 242, 408
325, 506, 939
326, 192, 274
327, 197, 793
328, 400, 569
329, 236, 898
330, 198, 562
331, 336, 484
332, 766, 996
333, 269, 780
334, 495, 511
335, 316, 791
336, 187, 592
337, 727, 859
338, 158, 433
339, 60, 925
340, 77, 696
341, 234, 957
342, 528, 876
343, 514, 901
344, 212, 536
345, 123, 608
346, 93, 945
347, 214, 439
348, 390, 643
349, 68, 571
350, 25, 554
351, 57, 65
352, 216, 300
353, 429, 934
354, 164, 961
355, 129, 708
356, 151, 555
357, 10, 641
358, 617, 740
359, 247, 752
360, 7, 549
361, 53, 282
362, 76, 360
363, 564, 900
364, 694, 784
365, 436, 697
366, 325, 685
367, 202, 718
368, 625, 882
369, 512, 867
370, 175, 533
371, 13, 56
372, 459, 826
373, 553, 677
374, 54, 994
375, 464, 586
376, 239, 257
377, 105, 515
378, 81, 174
379, 48, 434
380, 178, 217
381, 240, 383
382, 517, 952
383, 535, 755
384, 655, 933
385, 738, 893
386, 757, 986
387, 391, 714
388, 326, 377
389, 23, 860
390, 99, 477
391, 50, 460
392, 303, 794
393, 91, 190
394, 317, 762
395, 100, 802
396, 455, 644
397, 94, 169
398, 1, 183
399, 97, 614
400, 547, 788
401, 699, 849
402, 89, 293
403, 271, 823
404, 424, 818
405, 119, 375
406, 14, 831
407, 558, 813
408, 17, 348
409, 828, 885
410, 150, 160
411, 523, 686
412, 989, 990
413, 597, 703
414, 133, 472
415, 98, 378
416, 273, 807
417, 315, 789
418, 170, 347
419, 46, 426
420, 819, 983
421, 117, 280
422, 543, 854
423, 4, 403
424, 238, 612
425, 270, 341
426, 115, 873
427, 463, 923
428, 613, 916
429, 521, 980
430, 599, 928
431, 177, 915
432, 386, 542
433, 676, 781
434, 83, 623
435, 111, 120
436, 760, 836
437, 135, 654
438, 700, 962
439, 116, 482
440, 86, 944
441, 745, 903
442, 669, 693
443, 639, 920
444, 298, 450
445, 80, 871
446, 31, 624
447, 417, 432
448, 425, 846
449, 26, 683
450, 205, 919
451, 143, 606
452, 199, 632
453, 108, 972
454, 156, 162
455, 265, 593
456, 733, 921
457, 652, 682
458, 710, 863
459, 806, 890
460, 445, 626
461, 510, 663
462, 502, 737
463, 70, 332
464, 92, 914
465, 82, 800
466, 107, 999
467, 122, 816
468, 248, 633
469, 112, 479
470, 674, 978
471, 526, 853
472, 277, 345
473, 441, 635
474, 314, 958
475, 24, 442
476, 12, 874
477, 245, 476
478, 731, 778
479, 330, 822
480, 466, 848
481, 125, 266
482, 451, 739
483, 233, 833
484, 411, 943
485, 126, 715
486, 488, 795
487, 527, 664
488, 384, 751
489, 884, 935
490, 211, 695
491, 194, 283
492, 38, 246
493, 220, 289
494, 399, 647
495, 166, 457
496, 299, 883
497, 362, 772
498, 329, 405
499, 421, 763
500, 200, 374
501, 201, 858
502, 304, 338
503, 217, 995
504, 292, 894
505, 845, 930
506, 191, 413
507, 356, 402
508, 608, 994
509, 428, 849
510, 344, 571
511, 310, 666
512, 370, 929
513, 114, 361
514, 717, 975
515, 500, 866
516, 33, 506
517, 256, 489
518, 834, 918
519, 193, 238
520, 436, 912
521, 160, 778
522, 288, 740
523, 450, 782
524, 582, 756
525, 167, 932
526, 162, 649
527, 107, 419
528, 349, 981
529, 604, 645
530, 271, 438
531, 661, 823
532, 559, 902
533, 452, 586
534, 330, 535
535, 54, 905
536, 178, 785
537, 11, 404
538, 150, 415
539, 105, 719
540, 393, 673
541, 290, 420
542, 755, 893
543, 189, 958
544, 224, 875
545, 174, 801
546, 87, 973
547, 388, 851
548, 182, 763
549, 363, 941
550, 199, 352
551, 101, 542
552, 427, 906
553, 708, 797
554, 455, 783
555, 82, 280
556, 350, 474
557, 14, 61
558, 266, 414
559, 698, 908
560, 376, 997
561, 382, 837
562, 4, 357
563, 71, 448
564, 364, 869
565, 56, 993
566, 137, 927
567, 774, 832
568, 96, 701
569, 212, 697
570, 358, 601
571, 768, 847
572, 283, 312
573, 678, 873
574, 67, 264
575, 253, 332
576, 47, 254
577, 779, 936
578, 5, 305
579, 505, 579
580, 104, 373
581, 607, 744
582, 76, 142
583, 225, 990
584, 190, 860
585, 723, 825
586, 378, 502
587, 99, 950
588, 270, 425
589, 876, 988
590, 487, 766
591, 220, 257
592, 365, 948
593, 143, 179
594, 252, 980
595, 716, 790
596, 855, 996
597, 152, 588
598, 385, 444
599, 291, 503
600, 53, 826
601, 121, 688
602, 786, 803
603, 49, 469
604, 169, 630
605, 493, 977
606, 231, 389
607, 743, 872
608, 524, 842
609, 24, 460
610, 26, 366
611, 166, 892
612, 577, 597
613, 879, 947
614, 320, 547
615, 98, 523
616, 508, 618
617, 337, 360
618, 375, 605
619, 196, 839
620, 175, 298
621, 235, 397
622, 576, 920
623, 246, 711
624, 464, 764
625, 273, 567
626, 118, 752
627, 554, 999
628, 316, 808
629, 592, 884
630, 570, 944
631, 391, 935
632, 275, 437
633, 810, 889
634, 13, 923
635, 15, 223
636, 442, 794
637, 770, 986
638, 226, 245
639, 301, 949
640, 481, 651
641, 544, 824
642, 78, 800
643, 8, 348
644, 148, 550
645, 155, 934
646, 538, 640
647, 760, 773
648, 130, 848
649, 227, 679
650, 40, 485
651, 583, 722
652, 636, 735
653, 233, 581
654, 536, 747
655, 173, 615
656, 287, 887
657, 9, 671
658, 116, 441
659, 214, 957
660, 653, 748
661, 484, 572
662, 347, 359
663, 637, 680
664, 831, 910
665, 512, 737
666, 426, 709
667, 136, 805
668, 328, 409
669, 18, 896
670, 314, 454
671, 10, 904
672, 170, 998
673, 843, 974
674, 50, 247
675, 435, 490
676, 369, 569
677, 2, 81
678, 134, 871
679, 242, 738
680, 354, 728
681, 353, 761
682, 303, 852
683, 294, 325
684, 335, 775
685, 652, 931
686, 68, 552
687, 259, 307
688, 466, 924
689, 319, 901
690, 29, 462
691, 132, 966
692, 30, 911
693, 92, 796
694, 432, 696
695, 34, 86
696, 440, 468
697, 423, 631
698, 384, 898
699, 133, 594
700, 94, 372
701, 91, 960
702, 401, 530
703, 37, 729
704, 16, 430
705, 396, 868
706, 73, 243
707, 549, 635
708, 187, 267
709, 113, 539
710, 492, 529
711, 463, 903
712, 590, 909
713, 788, 985
714, 732, 827
715, 106, 846
716, 19, 689
717, 261, 720
718, 443, 870
719, 392, 578
720, 874, 895
721, 197, 639
722, 111, 340
723, 967, 982
724, 102, 853
725, 84, 736
726, 75, 188
727, 141, 926
728, 627, 741
729, 662, 725
730, 38, 255
731, 65, 563
732, 149, 407
733, 192, 813
734, 482, 976
735, 765, 963
736, 498, 945
737, 144, 203
738, 164, 1000
739, 57, 208
740, 561, 683
741, 6, 830
742, 516, 704
743, 278, 669
744, 140, 989
745, 537, 705
746, 279, 510
747, 157, 236
748, 513, 811
749, 675, 971
750, 124, 390
751, 733, 991
752, 21, 85
753, 339, 742
754, 447, 531
755, 691, 807
756, 622, 900
757, 405, 684
758, 219, 433
759, 445, 938
760, 751, 951
761, 299, 451
762, 555, 614
763, 146, 371
764, 771, 979
765, 331, 355
766, 712, 793
767, 229, 540
768, 589, 814
769, 659, 676
770, 629, 917
771, 184, 833
772, 204, 276
773, 158, 480
774, 829, 942
775, 119, 840
776, 12, 727
777, 381, 527
778, 41, 663
779, 799, 925
780, 171, 509
781, 154, 418
782, 58, 591
783, 880, 914
784, 7, 51
785, 128, 526
786, 672, 915
787, 362, 494
788, 308, 609
789, 289, 943
790, 306, 545
791, 394, 749
792, 66, 648
793, 891, 970
794, 52, 713
795, 758, 856
796, 281, 410
797, 754, 821
798, 129, 802
799, 36, 677
800, 127, 595
801, 27, 804
802, 476, 521
803, 48, 249
804, 472, 702
805, 400, 699
806, 658, 818
807, 88, 380
808, 341, 882
809, 557, 961
810, 835, 878
811, 1, 470
812, 694, 838
813, 77, 117
814, 55, 221
815, 309, 968
816, 25, 479
817, 125, 368
818, 511, 532
819, 35, 473
820, 395, 862
821, 324, 543
822, 237, 429
823, 745, 940
824, 650, 706
825, 268, 334
826, 685, 780
827, 180, 315
828, 215, 857
829, 475, 899
830, 681, 877
831, 632, 682
832, 351, 459
833, 115, 978
834, 177, 806
835, 690, 692
836, 194, 546
837, 156, 724
838, 262, 759
839, 72, 483
840, 556, 714
841, 406, 721
842, 300, 560
843, 272, 533
844, 230, 374
845, 97, 209
846, 412, 580
847, 602, 655
848, 165, 600
849, 620, 777
850, 210, 795
851, 79, 558
852, 123, 641
853, 263, 789
854, 163, 731
855, 284, 907
856, 28, 449
857, 80, 854
858, 183, 318
859, 145, 457
860, 277, 573
861, 798, 890
862, 611, 897
863, 670, 916
864, 216, 657
865, 90, 667
866, 122, 626
867, 621, 707
868, 383, 836
869, 471, 568
870, 458, 610
871, 295, 575
872, 403, 514
873, 520, 587
874, 89, 250
875, 477, 478
876, 168, 939
877, 525, 585
878, 103, 762
879, 293, 551
880, 206, 693
881, 131, 598
882, 574, 624
883, 522, 674
884, 74, 987
885, 327, 633
886, 198, 665
887, 411, 421
888, 815, 928
889, 867, 965
890, 282, 962
891, 467, 647
892, 343, 913
893, 205, 625
894, 345, 969
895, 195, 222
896, 70, 251
897, 398, 515
898, 185, 241
899, 17, 937
900, 311, 528
901, 43, 285
902, 850, 865
903, 112, 491
904, 269, 859
905, 240, 313
906, 424, 664
907, 207, 792
908, 606, 644
909, 750, 772
910, 408, 596
911, 566, 734
912, 110, 642
913, 239, 616
914, 387, 841
915, 100, 135
916, 258, 726
917, 715, 753
918, 431, 446
919, 695, 959
920, 488, 992
921, 296, 302
922, 517, 718
923, 746, 828
924, 317, 329
925, 60, 323
926, 45, 153
927, 46, 126
928, 367, 507
929, 881, 972
930, 176, 983
931, 434, 643
932, 147, 656
933, 297, 628
934, 654, 809
935, 200, 333
936, 42, 234
937, 218, 885
938, 465, 541
939, 228, 534
940, 757, 954
941, 286, 593
942, 138, 159
943, 120, 956
944, 379, 955
945, 260, 952
946, 819, 922
947, 31, 548
948, 83, 202
949, 562, 820
950, 186, 781
951, 274, 739
952, 453, 617
953, 44, 886
954, 161, 767
955, 686, 769
956, 377, 953
957, 422, 496
958, 32, 919
959, 248, 668
960, 504, 776
961, 22, 417
962, 39, 822
963, 456, 863
964, 109, 646
965, 265, 603
966, 322, 346
967, 63, 399
968, 108, 687
969, 613, 817
970, 20, 784
971, 497, 844
972, 62, 623
973, 3, 864
974, 386, 730
975, 213, 710
976, 495, 861
977, 439, 946
978, 181, 612
979, 553, 933
980, 151, 321
981, 326, 486
982, 342, 883
983, 787, 888
984, 23, 703
985, 211, 816
986, 64, 139
987, 634, 660
988, 232, 984
989, 172, 638
990, 244, 599
991, 336, 619
992, 518, 584
993, 501, 700
994, 69, 564
995, 461, 565
996, 921, 964
997, 519, 812
998, 499, 791
999, 95, 416
1000, 59, 93
1001, 145, 795
1002, 2, 373
1003, 520, 621
1004, 740, 805
1005, 42, 705
1006, 932, 970
1007, 358, 574
1008, 476, 835
1009, 149, 254
1010, 623, 767
1011, 253, 302
1012, 658, 912
1013, 329, 1000
1014, 733, 813
1015, 178, 401
1016, 382, 606
1017, 81, 607
1018, 241, 364
1019, 246, 834
1020, 709, 764
1021, 418, 569
1022, 279, 598
1023, 131, 394
1024, 738, 833
1025, 349, 370
1026, 264, 647
1027, 201, 788
1028, 475, 558
1029, 174, 745
1030, 662, 718
1031, 243, 761
1032, 238, 678
1033, 754, 823
1034, 260, 414
1035, 396, 397
1036, 54, 452
1037, 273, 635
1038, 87, 991
1039, 365, 604
1040, 251, 690
1041, 639, 716
1042, 258, 794
1043, 314, 942
1044, 72, 703
1045, 222, 289
1046, 563, 596
1047, 449, 865
1048, 335, 496
1049, 142, 467
1050, 549, 631
1051, 286, 726
1052, 466, 608
1053, 77, 90
1054, 392, 789
1055, 532, 592
1056, 306, 769
1057, 512, 689
1058, 10, 749
1059, 721, 955
1060, 62, 99
1061, 28, 70
1062, 11, 444
1063, 35, 706
1064, 197, 256
1065, 23, 676
1066, 216, 859
1067, 160, 368
1068, 140, 316
1069, 206, 450
1070, 960, 979
1071, 612, 796
1072, 29, 649
1073, 287, 889
1074, 198, 792
1075, 777, 780
1076, 274, 575
1077, 228, 645
1078, 847, 940
1079, 93, 579
1080, 32, 102
1081, 237, 530
1082, 412, 671
1083, 315, 746
1084, 176, 425
1085, 585, 922
1086, 652, 937
1087, 320, 898
1088, 331, 846
1089, 561, 587
1090, 319, 840
1091, 290, 605
1092, 619, 633
1093, 876, 978
1094, 117, 489
1095, 613, 972
1096, 239, 377
1097, 226, 424
1098, 41, 657
1099, 79, 985
1100, 457, 661
1101, 299, 986
1102, 8, 153
1103, 44, 175
1104, 16, 674
1105, 163, 727
1106, 144, 928
1107, 856, 921
1108, 268, 560
1109, 270, 730
1110, 85, 359
1111, 351, 628
1112, 252, 411
1113, 544, 812
1114, 227, 868
1115, 130, 321
1116, 245, 688
1117, 454, 872
1118, 576, 946
1119, 122, 906
1120, 348, 743
1121, 259, 430
1122, 448, 513
1123, 5, 220
1124, 166, 977
1125, 772, 880
1126, 391, 980
1127, 132, 170
1128, 53, 65
1129, 982, 995
1130, 113, 874
1131, 203, 547
1132, 347, 826
1133, 22, 758
1134, 808, 905
1135, 169, 578
1136, 80, 594
1137, 399, 551
1138, 211, 659
1139, 474, 556
1140, 723, 732
1141, 116, 616
1142, 472, 717
1143, 458, 492
1144, 522, 540
1145, 651, 799
1146, 192, 304
1147, 543, 573
1148, 771, 952
1149, 468, 713
1150, 505, 887
1151, 328, 510
1152, 568, 919
1153, 376, 422
1154, 552, 603
1155, 209, 272
1156, 310, 714
1157, 92, 648
1158, 138, 151
1159, 100, 456
1160, 307, 516
1161, 419, 570
1162, 524, 901
1163, 463, 535
1164, 141, 682
1165, 12, 577
1166, 59, 884
1167, 36, 869
1168, 698, 841
1169, 108, 223
1170, 654, 748
1171, 240, 477
1172, 334, 439
1173, 447, 548
1174, 600, 760
1175, 103, 155
1176, 779, 939
1177, 609, 737
1178, 3, 892
1179, 177, 969
1180, 123, 629
1181, 112, 624
1182, 25, 632
1183, 14, 971
1184, 403, 515
1185, 336, 339
1186, 242, 931
1187, 31, 945
1188, 416, 630
1189, 75, 773
1190, 232, 858
1191, 344, 844
1192, 78, 866
1193, 487, 660
1194, 233, 646
1195, 755, 877
1196, 485, 610
1197, 423, 699
1198, 313, 668
1199, 338, 413
1200, 212, 305
1201, 249, 768
1202, 531, 704
1203, 819, 848
1204, 214, 641
1205, 599, 820
1206, 13, 278
1207, 196, 824
1208, 342, 593
1209, 48, 722
1210, 330, 855
1211, 681, 753
1212, 829, 860
1213, 21, 987
1214, 185, 353
1215, 82, 367
1216, 436, 891
1217, 911, 951
1218, 317, 881
1219, 4, 350
1220, 451, 837
1221, 379, 680
1222, 40, 702
1223, 363, 774
1224, 312, 838
1225, 94, 827
1226, 295, 782
1227, 395, 400
1228, 343, 981
1229, 218, 917
1230, 173, 366
1231, 60, 191
1232, 708, 956
1233, 640, 882
1234, 300, 747
1235, 68, 806
1236, 778, 930
1237, 184, 267
1238, 17, 480
1239, 71, 428
1240, 224, 852
1241, 356, 710
1242, 470, 958
1243, 301, 685
1244, 137, 488
1245, 443, 484
1246, 751, 914
1247, 389, 719
1248, 66, 502
1249, 208, 700
1250, 125, 523
1251, 618, 821
1252, 870, 899
1253, 183, 842
1254, 438, 525
1255, 388, 961
1256, 478, 695
1257, 340, 804
1258, 354, 360
1259, 677, 943
1260, 119, 126
1261, 61, 134
1262, 89, 533
1263, 656, 853
1264, 362, 614
1265, 230, 801
1266, 410, 557
1267, 797, 867
1268, 261, 276
1269, 669, 903
1270, 559, 637
1271, 503, 664
1272, 107, 164
1273, 194, 786
1274, 341, 506
1275, 179, 902
1276, 783, 934
1277, 280, 828
1278, 154, 311
1279, 542, 622
1280, 571, 967
1281, 822, 871
1282, 277, 775
1283, 345, 562
1284, 878, 989
1285, 97, 564
1286, 333, 500
1287, 88, 736
1288, 686, 904
1289, 809, 896
1290, 309, 471
1291, 332, 913
1292, 56, 465
1293, 817, 954
1294, 374, 974
1295, 288, 673
1296, 91, 446
1297, 127, 499
1298, 421, 787
1299, 429, 861
1300, 546, 584
1301, 816, 949
1302, 757, 886
1303, 406, 514
1304, 159, 215
1305, 63, 482
1306, 38, 45
1307, 381, 602
1308, 148, 998
1309, 51, 734
1310, 383, 763
1311, 831, 888
1312, 479, 814
1313, 64, 992
1314, 495, 739
1315, 231, 545
1316, 234, 672
1317, 550, 711
1318, 202, 378
1319, 541, 765
1320, 839, 953
1321, 352, 620
1322, 9, 55
1323, 39, 920
1324, 675, 963
1325, 186, 536
1326, 322, 601
1327, 96, 916
1328, 181, 433
1329, 210, 715
1330, 434, 460
1331, 34, 591
1332, 567, 580
1333, 724, 996
1334, 147, 491
1335, 199, 217
1336, 133, 666
1337, 37, 189
1338, 244, 404
1339, 95, 432
1340, 6, 642
1341, 405, 407
1342, 435, 684
1343, 20, 508
1344, 52, 975
1345, 862, 925
1346, 24, 104
1347, 455, 735
1348, 156, 897
1349, 693, 762
1350, 207, 638
1351, 729, 790
1352, 157, 810
1353, 136, 427
1354, 161, 770
1355, 296, 670
1356, 195, 529
1357, 269, 486
1358, 162, 357
1359, 47, 182
1360, 106, 498
1361, 187, 752
1362, 250, 988
1363, 158, 415
1364, 728, 944
1365, 626, 687
1366, 1, 74
1367, 849, 875
1368, 843, 909
1369, 285, 493
1370, 655, 993
1371, 49, 298
1372, 393, 854
1373, 114, 180
1374, 692, 742
1375, 146, 172
1376, 221, 275
1377, 57, 653
1378, 445, 712
1379, 129, 759
1380, 776, 926
1381, 135, 420
1382, 923, 935
1383, 303, 617
1384, 139, 440
1385, 213, 511
1386, 588, 793
1387, 948, 957
1388, 386, 507
1389, 109, 830
1390, 818, 941
1391, 257, 883
1392, 297, 990
1393, 586, 731
1394, 165, 229
1395, 265, 894
1396, 235, 627
1397, 7, 190
1398, 815, 936
1399, 950, 984
1400, 908, 968
1401, 266, 667
1402, 518, 832
1403, 483, 683
1404, 554, 973
1405, 380, 696
1406, 255, 497
1407, 219, 997
1408, 461, 983
1409, 409, 781
1410, 30, 555
1411, 86, 519
1412, 120, 890
1413, 337, 744
1414, 27, 384
1415, 504, 566
1416, 355, 565
1417, 387, 390
1418, 19, 46
1419, 462, 929
1420, 67, 152
1421, 346, 803
1422, 915, 933
1423, 785, 800
1424, 205, 247
1425, 537, 927
1426, 262, 784
1427, 236, 372
1428, 110, 225
1429, 167, 965
1430, 284, 375
1431, 526, 879
1432, 691, 836
1433, 426, 636
1434, 615, 720
1435, 494, 959
1436, 101, 924
1437, 464, 802
1438, 324, 326
1439, 325, 490
1440, 111, 857
1441, 371, 521
1442, 204, 999
1443, 118, 441
1444, 408, 644
1445, 76, 308
1446, 271, 469
1447, 701, 964
1448, 527, 907
1449, 369, 459
1450, 188, 791
1451, 361, 798
1452, 43, 750
1453, 431, 976
1454, 291, 417
1455, 811, 966
1456, 643, 766
1457, 385, 893
1458, 143, 595
1459, 294, 845
1460, 105, 327
1461, 84, 150
1462, 442, 572
1463, 318, 918
1464, 864, 885
1465, 665, 756
1466, 69, 193
1467, 281, 962
1468, 248, 402
1469, 171, 697
1470, 33, 124
1471, 121, 437
1472, 528, 597
1473, 292, 895
1474, 263, 453
1475, 282, 509
1476, 15, 634
1477, 115, 825
1478, 650, 707
1479, 582, 679
1480, 741, 850
1481, 18, 910
1482, 581, 583
1483, 534, 807
1484, 168, 473
1485, 200, 873
1486, 589, 994
1487, 501, 863
1488, 323, 938
1489, 539, 553
1490, 50, 73
1491, 293, 611
1492, 517, 900
1493, 98, 625
1494, 851, 947
1495, 590, 663
1496, 26, 398
1497, 58, 481
1498, 128, 538
1499, 283, 694
1500, 83, 725
1501, 19, 403
1502, 729, 893
1503, 193, 616
1504, 567, 792
1505, 359, 980
1506, 339, 630
1507, 297, 969
1508, 312, 578
1509, 254, 671
1510, 272, 404
1511, 314, 926
1512, 362, 861
1513, 489, 541
1514, 110, 360
1515, 699, 866
1516, 551, 566
1517, 368, 667
1518, 329, 503
1519, 89, 796
1520, 13, 464
1521, 40, 354
1522, 318, 755
1523, 30, 517
1524, 16, 758
1525, 371, 967
1526, 295, 336
1527, 145, 986
1528, 257, 812
1529, 785, 994
1530, 287, 810
1531, 266, 320
1532, 571, 647
1533, 619, 669
1534, 597, 899
1535, 402, 561
1536, 46, 932
1537, 99, 516
1538, 411, 522
1539, 331, 458
1540, 87, 882
1541, 457, 487
1542, 107, 149
1543, 10, 405
1544, 443, 658
1545, 529, 929
1546, 308, 537
1547, 47, 912
1548, 885, 916
1549, 437, 865
1550, 498, 696
1551, 868, 906
1552, 602, 732
1553, 158, 271
1554, 137, 207
1555, 286, 814
1556, 57, 942
1557, 245, 845
1558, 355, 406
1559, 169, 1000
1560, 154, 268
1561, 187, 558
1562, 787, 849
1563, 70, 316
1564, 118, 736
1565, 519, 819
1566, 84, 692
1567, 463, 769
1568, 642, 809
1569, 583, 735
1570, 283, 782
1571, 653, 756
1572, 141, 830
1573, 255, 633
1574, 7, 177
1575, 324, 829
1576, 858, 976
1577, 2, 963
1578, 54, 162
1579, 249, 420
1580, 35, 659
1581, 486, 509
1582, 52, 330
1583, 446, 791
1584, 103, 556
1585, 232, 710
1586, 450, 944
1587, 389, 821
1588, 505, 955
1589, 413, 816
1590, 58, 876
1591, 495, 750
1592, 117, 847
1593, 66, 934
1594, 211, 390
1595, 299, 918
1596, 674, 799
1597, 106, 474
1598, 94, 133
1599, 143, 871
1600, 358, 491
1601, 79, 379
1602, 65, 742
1603, 175, 419
1604, 493, 670
1605, 425, 864
1606, 426, 656
1607, 209, 513
1608, 639, 641
1609, 386, 444
1610, 574, 795
1611, 380, 418
1612, 439, 542
1613, 113, 552
1614, 184, 779
1615, 236, 338
1616, 914, 947
1617, 5, 798
1618, 22, 745
1619, 432, 477
1620, 326, 898
1621, 423, 902
1622, 134, 492
1623, 855, 940
1624, 398, 707
1625, 422, 691
1626, 730, 872
1627, 176, 801
1628, 438, 611
1629, 808, 860
1630, 588, 896
1631, 244, 922
1632, 629, 746
1633, 393, 482
1634, 346, 365
1635, 56, 183
1636, 36, 124
1637, 270, 421
1638, 762, 774
1639, 37, 372
1640, 116, 824
1641, 276, 911
1642, 375, 447
1643, 415, 627
1644, 44, 264
1645, 348, 378
1646, 234, 883
1647, 345, 553
1648, 195, 919
1649, 936, 981
1650, 259, 988
1651, 196, 991
1652, 76, 608
1653, 109, 434
1654, 533, 705
1655, 433, 891
1656, 307, 532
1657, 693, 818
1658, 292, 306
1659, 631, 935
1660, 261, 953
1661, 1, 576
1662, 417, 679
1663, 127, 428
1664, 164, 540
1665, 850, 983
1666, 367, 886
1667, 18, 407
1668, 233, 733
1669, 212, 575
1670, 448, 686
1671, 108, 975
1672, 32, 587
1673, 274, 628
1674, 605, 835
1675, 350, 364
1676, 499, 535
1677, 41, 764
1678, 697, 956
1679, 282, 624
1680, 449, 470
1681, 136, 978
1682, 300, 453
1683, 319, 688
1684, 374, 823
1685, 208, 523
1686, 391, 664
1687, 4, 285
1688, 55, 771
1689, 100, 833
1690, 93, 722
1691, 828, 925
1692, 130, 676
1693, 743, 970
1694, 95, 683
1695, 349, 414
1696, 632, 706
1697, 60, 984
1698, 121, 152
1699, 140, 165
1700, 194, 534
1701, 227, 494
1702, 467, 999
1703, 313, 904
1704, 48, 612
1705, 28, 945
1706, 21, 343
1707, 63, 157
1708, 725, 901
1709, 800, 832
1710, 466, 789
1711, 502, 950
1712, 790, 960
1713, 252, 867
1714, 256, 715
1715, 217, 328
1716, 638, 837
1717, 284, 964
1718, 203, 689
1719, 581, 704
1720, 305, 334
1721, 72, 280
1722, 33, 548
1723, 361, 383
1724, 530, 930
1725, 74, 626
1726, 815, 834
1727, 412, 416
1728, 122, 747
1729, 159, 304
1730, 229, 794
1731, 53, 636
1732, 69, 179
1733, 14, 731
1734, 160, 701
1735, 560, 739
1736, 302, 949
1737, 150, 188
1738, 408, 993
1739, 726, 907
1740, 163, 946
1741, 615, 897
1742, 591, 961
1743, 104, 500
1744, 38, 609
1745, 17, 410
1746, 557, 655
1747, 230, 948
1748, 783, 859
1749, 251, 698
1750, 27, 395
1751, 75, 665
1752, 507, 589
1753, 68, 979
1754, 643, 977
1755, 39, 910
1756, 760, 804
1757, 182, 982
1758, 62, 520
1759, 111, 852
1760, 192, 637
1761, 327, 917
1762, 531, 644
1763, 144, 475
1764, 813, 848
1765, 206, 579
1766, 263, 352
1767, 238, 400
1768, 941, 952
1769, 720, 878
1770, 8, 554
1771, 663, 807
1772, 668, 734
1773, 155, 321
1774, 728, 820
1775, 727, 778
1776, 757, 990
1777, 635, 786
1778, 148, 759
1779, 366, 923
1780, 125, 205
1781, 396, 974
1782, 544, 889
1783, 351, 621
1784, 168, 239
1785, 218, 780
1786, 67, 738
1787, 23, 96
1788, 24, 927
1789, 452, 854
1790, 490, 563
1791, 231, 840
1792, 215, 585
1793, 202, 741
1794, 178, 593
1795, 83, 204
1796, 514, 625
1797, 303, 565
1798, 468, 843
1799, 15, 761
1800, 564, 610
1801, 606, 892
1802, 700, 921
1803, 317, 870
1804, 645, 793
1805, 126, 649
1806, 288, 881
1807, 751, 753
1808, 29, 776
1809, 473, 880
1810, 123, 246
1811, 369, 435
1812, 167, 384
1813, 185, 695
1814, 45, 216
1815, 661, 712
1816, 713, 767
1817, 97, 515
1818, 265, 344
1819, 388, 442
1820, 200, 501
1821, 262, 539
1822, 189, 504
1823, 678, 841
1824, 91, 527
1825, 595, 598
1826, 64, 322
1827, 128, 894
1828, 291, 549
1829, 293, 524
1830, 311, 596
1831, 903, 959
1832, 381, 547
1833, 711, 714
1834, 78, 888
1835, 342, 424
1836, 221, 617
1837, 138, 600
1838, 6, 456
1839, 709, 890
1840, 241, 309
1841, 394, 460
1842, 465, 869
1843, 471, 877
1844, 429, 827
1845, 401, 749
1846, 340, 805
1847, 129, 931
1848, 788, 958
1849, 151, 954
1850, 190, 248
1851, 222, 385
1852, 92, 651
1853, 572, 811
1854, 112, 652
1855, 43, 777
1856, 337, 580
1857, 11, 166
1858, 147, 640
1859, 82, 973
1860, 737, 995
1861, 376, 744
1862, 298, 461
1863, 224, 409
1864, 3, 296
1865, 225, 972
1866, 191, 992
1867, 42, 281
1868, 310, 545
1869, 61, 153
1870, 673, 766
1871, 301, 634
1872, 603, 836
1873, 480, 884
1874, 543, 684
1875, 86, 357
1876, 373, 957
1877, 273, 708
1878, 599, 879
1879, 210, 754
1880, 392, 454
1881, 214, 508
1882, 538, 875
1883, 685, 996
1884, 275, 802
1885, 77, 908
1886, 226, 797
1887, 569, 937
1888, 440, 844
1889, 382, 772
1890, 59, 526
1891, 250, 536
1892, 253, 430
1893, 481, 817
1894, 171, 775
1895, 573, 718
1896, 784, 825
1897, 180, 826
1898, 135, 142
1899, 131, 694
1900, 80, 459
1901, 341, 441
1902, 73, 427
1903, 315, 511
1904, 431, 577
1905, 31, 623
1906, 680, 748
1907, 25, 228
1908, 156, 562
1909, 717, 803
1910, 237, 672
1911, 139, 857
1912, 26, 436
1913, 199, 998
1914, 740, 768
1915, 370, 966
1916, 472, 690
1917, 186, 842
1918, 332, 900
1919, 242, 387
1920, 462, 550
1921, 213, 662
1922, 240, 687
1923, 721, 781
1924, 243, 853
1925, 666, 851
1926, 219, 939
1927, 85, 170
1928, 120, 512
1929, 260, 497
1930, 613, 716
1931, 49, 496
1932, 114, 278
1933, 51, 445
1934, 909, 943
1935, 71, 584
1936, 455, 831
1937, 115, 968
1938, 267, 838
1939, 198, 822
1940, 132, 971
1941, 88, 488
1942, 9, 965
1943, 20, 506
1944, 119, 478
1945, 347, 485
1946, 469, 646
1947, 235, 654
1948, 719, 987
1949, 518, 586
1950, 279, 594
1951, 325, 682
1952, 363, 846
1953, 483, 770
1954, 50, 81
1955, 98, 928
1956, 648, 752
1957, 592, 862
1958, 675, 723
1959, 105, 920
1960, 681, 933
1961, 962, 989
1962, 269, 985
1963, 335, 356
1964, 521, 856
1965, 607, 873
1966, 12, 997
1967, 290, 476
1968, 146, 397
1969, 377, 582
1970, 323, 915
1971, 258, 773
1972, 614, 951
1973, 174, 570
1974, 525, 895
1975, 546, 874
1976, 197, 484
1977, 101, 333
1978, 34, 863
1979, 677, 924
1980, 622, 657
1981, 559, 724
1982, 161, 173
1983, 510, 618
1984, 220, 601
1985, 568, 703
1986, 451, 913
1987, 247, 887
1988, 201, 763
1989, 528, 590
1990, 660, 702
1991, 620, 839
1992, 90, 765
1993, 555, 938
1994, 223, 294
1995, 181, 650
1996, 277, 399
1997, 353, 806
1998, 172, 479
1999, 102, 905
2000, 289, 604
2001, 367, 470
2002, 423, 598
2003, 205, 620
2004, 384, 568
2005, 348, 884
2006, 102, 714
2007, 162, 166
2008, 66, 471
2009, 358, 542
2010, 42, 949
2011, 134, 855
2012, 35, 685
2013, 453, 519
2014, 479, 664
2015, 536, 847
2016, 513, 545
2017, 73, 492
2018, 82, 967
2019, 408, 655
2020, 117, 283
2021, 86, 814
2022, 501, 696
2023, 107, 874
2024, 447, 771
2025, 390, 688
2026, 639, 804
2027, 294, 565
2028, 310, 350
2029, 462, 715
2030, 395, 902
2031, 151, 313
2032, 159, 210
2033, 85, 499
2034, 48, 704
2035, 397, 914
2036, 337, 629
2037, 25, 172
2038, 110, 235
2039, 392, 925
2040, 258, 946
2041, 14, 636
2042, 355, 850
2043, 254, 595
2044, 287, 750
2045, 293, 654
2046, 227, 971
2047, 642, 821
2048, 315, 716
2049, 713, 948
2050, 488, 775
2051, 147, 712
2052, 198, 616
2053, 578, 720
2054, 75, 754
2055, 383, 444
2056, 748, 845
2057, 228, 623
2058, 28, 744
2059, 617, 690
2060, 271, 414
2061, 32, 282
2062, 216, 735
2063, 108, 856
2064, 148, 213
2065, 587, 651
2066, 179, 799
2067, 723, 755
2068, 5, 996
2069, 152, 582
2070, 401, 945
2071, 768, 797
2072, 174, 649
2073, 422, 560
2074, 212, 394
2075, 121, 278
2076, 6, 952
2077, 47, 958
2078, 12, 736
2079, 208, 984
2080, 297, 570
2081, 894, 910
2082, 62, 299
2083, 451, 730
2084, 237, 861
2085, 416, 515
2086, 468, 801
2087, 189, 848
2088, 56, 576
2089, 7, 379
2090, 307, 732
2091, 60, 173
2092, 439, 700
2093, 812, 941
2094, 217, 838
2095, 178, 956
2096, 22, 456
2097, 628, 687
2098, 593, 607
2099, 126, 668
2100, 452, 937
2101, 122, 141
2102, 449, 504
2103, 23, 908
2104, 295, 699
2105, 50, 627
2106, 140, 770
2107, 387, 997
2108, 3, 403
2109, 124, 673
2110, 369, 951
2111, 707, 859
2112, 493, 918
2113, 30, 114
2114, 778, 788
2115, 191, 837
2116, 417, 477
2117, 365, 402
2118, 802, 880
2119, 641, 663
2120, 21, 41
2121, 597, 815
2122, 24, 765
2123, 789, 822
2124, 314, 669
2125, 149, 745
2126, 341, 890
2127, 346, 602
2128, 97, 858
2129, 158, 974
2130, 184, 424
2131, 11, 596
2132, 270, 963
2133, 500, 583
2134, 129, 318
2135, 74, 921
2136, 507, 528
2137, 425, 514
2138, 255, 662
2139, 167, 244
2140, 133, 635
2141, 523, 524
2142, 558, 786
2143, 366, 518
2144, 579, 691
2145, 128, 955
2146, 475, 864
2147, 96, 381
2148, 584, 615
2149, 896, 979
2150, 359, 659
2151, 225, 665
2152, 127, 535
2153, 606, 907
2154, 81, 407
2155, 410, 842
2156, 330, 503
2157, 693, 833
2158, 962, 982
2159, 77, 497
2160, 512, 808
2161, 188, 782
2162, 589, 774
2163, 67, 93
2164, 853, 857
2165, 362, 526
2166, 734, 965
2167, 633, 741
2168, 19, 170
2169, 328, 509
2170, 572, 677
2171, 543, 567
2172, 155, 721
2173, 551, 759
2174, 10, 885
2175, 372, 459
2176, 605, 863
2177, 638, 653
2178, 413, 854
2179, 53, 660
2180, 137, 487
2181, 265, 667
2182, 961, 994
2183, 249, 490
2184, 197, 411
2185, 296, 933
2186, 264, 671
2187, 302, 919
2188, 805, 817
2189, 118, 533
2190, 38, 844
2191, 332, 827
2192, 83, 944
2193, 516, 783
2194, 321, 917
2195, 164, 548
2196, 308, 473
2197, 566, 742
2198, 385, 968
2199, 112, 897
2200, 125, 658
2201, 824, 877
2202, 242, 737
2203, 618, 624
2204, 111, 275
2205, 57, 739
2206, 156, 327
2207, 440, 574
2208, 678, 702
2209, 351, 505
2210, 150, 586
2211, 105, 644
2212, 273, 780
2213, 939, 947
2214, 675, 988
2215, 640, 876
2216, 364, 527
2217, 409, 972
2218, 87, 698
2219, 400, 680
2220, 637, 674
2221, 241, 284
2222, 340, 476
2223, 757, 806
2224, 94, 561
2225, 199, 709
2226, 160, 324
2227, 176, 725
2228, 194, 316
2229, 464, 832
2230, 590, 686
2231, 555, 898
2232, 221, 309
2233, 71, 185
2234, 534, 966
2235, 539, 787
2236, 80, 646
2237, 104, 374
2238, 304, 760
2239, 648, 998
2240, 44, 484
2241, 288, 325
2242, 130, 977
2243, 222, 926
2244, 78, 272
2245, 27, 99
2246, 106, 557
2247, 195, 415
2248, 95, 612
2249, 274, 569
2250, 70, 510
2251, 331, 851
2252, 171, 776
2253, 239, 692
2254, 718, 810
2255, 377, 976
2256, 959, 983
2257, 441, 920
2258, 461, 622
2259, 177, 767
2260, 203, 532
2261, 290, 796
2262, 312, 888
2263, 260, 708
2264, 262, 682
2265, 522, 772
2266, 442, 905
2267, 396, 800
2268, 546, 614
2269, 455, 630
2270, 482, 719
2271, 334, 436
2272, 49, 146
2273, 553, 766
2274, 303, 825
2275, 525, 792
2276, 862, 1000
2277, 412, 957
2278, 889, 989
2279, 89, 843
2280, 418, 679
2281, 491, 495
2282, 467, 670
2283, 123, 540
2284, 91, 761
2285, 132, 550
2286, 672, 924
2287, 88, 317
2288, 695, 870
2289, 619, 992
2290, 306, 599
2291, 909, 953
2292, 136, 912
2293, 405, 472
2294, 207, 404
2295, 90, 356
2296, 2, 251
2297, 537, 604
2298, 51, 823
2299, 229, 232
2300, 740, 811
2301, 64, 223
2302, 1, 120
2303, 611, 717
2304, 20, 652
2305, 250, 777
2306, 209, 836
2307, 115, 645
2308, 63, 480
2309, 267, 363
2310, 603, 666
2311, 269, 625
2312, 17, 835
2313, 790, 886
2314, 9, 486
2315, 100, 336
2316, 31, 954
2317, 345, 756
2318, 280, 559
2319, 219, 343
2320, 101, 831
2321, 600, 608
2322, 465, 828
2323, 344, 435
2324, 779, 911
2325, 168, 286
2326, 380, 621
2327, 98, 281
2328, 927, 985
2329, 113, 370
2330, 109, 145
2331, 928, 991
2332, 18, 904
2333, 438, 573
2334, 319, 999
2335, 72, 647
2336, 300, 311
2337, 257, 784
2338, 34, 352
2339, 289, 938
2340, 215, 722
2341, 529, 970
2342, 738, 803
2343, 163, 371
2344, 8, 335
2345, 175, 186
2346, 474, 489
2347, 458, 753
2348, 116, 869
2349, 694, 724
2350, 841, 893
2351, 323, 347
2352, 577, 581
2353, 368, 426
2354, 16, 793
2355, 454, 923
2356, 333, 469
2357, 211, 360
2358, 433, 556
2359, 689, 881
2360, 52, 580
2361, 354, 964
2362, 138, 840
2363, 277, 329
2364, 378, 935
2365, 496, 727
2366, 193, 373
2367, 705, 875
2368, 873, 883
2369, 632, 747
2370, 202, 544
2371, 143, 285
2372, 530, 929
2373, 29, 936
2374, 192, 846
2375, 15, 973
2376, 58, 181
2377, 322, 980
2378, 135, 626
2379, 538, 867
2380, 450, 762
2381, 144, 785
2382, 729, 882
2383, 393, 517
2384, 478, 769
2385, 807, 809
2386, 342, 643
2387, 231, 676
2388, 69, 820
2389, 711, 816
2390, 238, 978
2391, 431, 683
2392, 240, 764
2393, 236, 427
2394, 196, 931
2395, 26, 161
2396, 256, 981
2397, 585, 942
2398, 421, 445
2399, 218, 531
2400, 508, 520
2401, 376, 892
2402, 562, 834
2403, 119, 681
2404, 386, 960
2405, 361, 791
2406, 610, 752
2407, 751, 915
2408, 463, 891
2409, 563, 866
2410, 541, 701
2411, 252, 446
2412, 481, 993
2413, 292, 391
2414, 243, 852
2415, 506, 749
2416, 731, 839
2417, 443, 656
2418, 157, 969
2419, 45, 758
2420, 710, 733
2421, 320, 987
2422, 65, 79
2423, 39, 245
2424, 357, 684
2425, 466, 865
2426, 220, 794
2427, 234, 903
2428, 434, 819
2429, 247, 798
2430, 59, 253
2431, 169, 634
2432, 429, 483
2433, 706, 932
2434, 43, 406
2435, 180, 795
2436, 298, 878
2437, 84, 165
2438, 726, 990
2439, 4, 571
2440, 349, 460
2441, 399, 940
2442, 268, 943
2443, 743, 899
2444, 183, 554
2445, 36, 860
2446, 650, 901
2447, 661, 871
2448, 206, 913
2449, 868, 887
2450, 201, 829
2451, 564, 592
2452, 657, 975
2453, 261, 263
2454, 494, 818
2455, 388, 728
2456, 601, 934
2457, 339, 930
2458, 154, 511
2459, 92, 895
2460, 142, 182
2461, 448, 986
2462, 61, 631
2463, 103, 224
2464, 326, 382
2465, 353, 588
2466, 259, 879
2467, 428, 502
2468, 419, 781
2469, 291, 813
2470, 13, 521
2471, 139, 200
2472, 485, 950
2473, 46, 204
2474, 552, 830
2475, 246, 906
2476, 233, 338
2477, 187, 389
2478, 40, 398
2479, 301, 763
2480, 131, 276
2481, 420, 900
2482, 457, 849
2483, 575, 746
2484, 279, 613
2485, 68, 549
2486, 37, 153
2487, 826, 916
2488, 76, 375
2489, 547, 995
2490, 248, 872
2491, 266, 430
2492, 498, 591
2493, 54, 922
2494, 214, 432
2495, 226, 230
2496, 697, 703
2497, 437, 773
2498, 55, 190
2499, 33, 594
2500, 305, 609
2501, 47, 946
2502, 140, 648
2503, 242, 799
2504, 18, 244
2505, 443, 914
2506, 59, 257
2507, 239, 722
2508, 311, 531
2509, 107, 310
2510, 71, 147
2511, 339, 541
2512, 74, 285
2513, 615, 755
2514, 896, 942
2515, 156, 497
2516, 22, 980
2517, 360, 379
2518, 181, 590
2519, 549, 584
2520, 141, 323
2521, 823, 911
2522, 232, 721
2523, 640, 897
2524, 884, 997
2525, 275, 858
2526, 204, 470
2527, 300, 699
2528, 278, 595
2529, 96, 618
2530, 86, 979
2531, 639, 847
2532, 237, 347
2533, 894, 967
2534, 601, 993
2535, 229, 306
2536, 73, 768
2537, 356, 831
2538, 185, 392
2539, 58, 495
2540, 93, 504
2541, 679, 839
2542, 682, 764
2543, 760, 929
2544, 52, 474
2545, 43, 779
2546, 66, 726
2547, 387, 629
2548, 280, 674
2549, 206, 765
2550, 587, 802
2551, 428, 537
2552, 56, 893
2553, 548, 877
2554, 110, 940
2555, 691, 998
2556, 499, 751
2557, 665, 787
2558, 977, 990
2559, 197, 597
2560, 366, 692
2561, 89, 202
2562, 666, 827
2563, 38, 160
2564, 270, 294
2565, 673, 719
2566, 7, 434
2567, 390, 553
2568, 88, 134
2569, 571, 763
2570, 930, 974
2571, 343, 518
2572, 179, 291
2573, 28, 468
2574, 62, 370
2575, 54, 410
2576, 284, 535
2577, 116, 895
2578, 302, 454
2579, 268, 336
2580, 449, 451
2581, 538, 833
2582, 450, 992
2583, 516, 791
2584, 248, 888
2585, 70, 295
2586, 9, 801
2587, 198, 909
2588, 290, 369
2589, 166, 588
2590, 562, 790
2591, 403, 570
2592, 158, 446
2593, 205, 299
2594, 245, 287
2595, 642, 949
2596, 123, 384
2597, 419, 561
2598, 757, 965
2599, 583, 807
2600, 24, 214
2601, 173, 241
2602, 42, 547
2603, 29, 611
2604, 327, 496
2605, 766, 865
2606, 729, 861
2607, 68, 780
2608, 395, 670
2609, 83, 608
2610, 345, 427
2611, 480, 635
2612, 203, 952
2613, 463, 700
2614, 122, 513
2615, 2, 407
2616, 439, 657
2617, 622, 996
2618, 375, 655
2619, 4, 985
2620, 430, 522
2621, 142, 686
2622, 604, 887
2623, 355, 509
2624, 337, 633
2625, 453, 772
2626, 558, 961
2627, 105, 342
2628, 208, 267
2629, 61, 425
2630, 814, 829
2631, 51, 899
2632, 279, 500
2633, 359, 417
2634, 32, 892
2635, 380, 550
2636, 445, 461
2637, 533, 849
2638, 636, 774
2639, 50, 100
2640, 712, 797
2641, 383, 857
2642, 307, 409
2643, 48, 988
2644, 447, 915
2645, 240, 510
2646, 183, 796
2647, 906, 922
2648, 79, 624
2649, 139, 664
2650, 606, 945
2651, 250, 806
2652, 99, 263
2653, 132, 816
2654, 506, 609
2655, 613, 921
2656, 660, 667
2657, 30, 131
2658, 94, 693
2659, 362, 364
2660, 353, 924
2661, 95, 744
2662, 85, 527
2663, 20, 758
2664, 130, 732
2665, 1, 552
2666, 186, 966
2667, 277, 960
2668, 255, 808
2669, 27, 994
2670, 234, 377
2671, 545, 582
2672, 82, 850
2673, 91, 372
2674, 49, 959
2675, 821, 848
2676, 460, 788
2677, 554, 948
2678, 810, 840
2679, 172, 769
2680, 151, 725
2681, 209, 936
2682, 730, 883
2683, 619, 976
2684, 215, 641
2685, 332, 524
2686, 69, 616
2687, 236, 710
2688, 40, 63
2689, 45, 707
2690, 464, 871
2691, 226, 846
2692, 331, 493
2693, 233, 782
2694, 212, 711
2695, 261, 854
2696, 567, 995
2697, 393, 863
2698, 486, 770
2699, 557, 564
2700, 385, 800
2701, 591, 925
2702, 330, 835
2703, 316, 340
2704, 25, 219
2705, 235, 421
2706, 60, 182
2707, 170, 420
2708, 115, 526
2709, 457, 859
2710, 585, 659
2711, 65, 864
2712, 35, 574
2713, 137, 507
2714, 97, 249
2715, 265, 485
2716, 662, 786
2717, 357, 687
2718, 8, 459
2719, 382, 519
2720, 373, 569
2721, 374, 466
2722, 216, 661
2723, 195, 432
2724, 845, 862
2725, 581, 684
2726, 124, 637
2727, 304, 937
2728, 401, 881
2729, 878, 999
2730, 193, 947
2731, 213, 501
2732, 614, 927
2733, 144, 283
2734, 129, 222
2735, 111, 724
2736, 164, 708
2737, 329, 351
2738, 269, 638
2739, 90, 776
2740, 288, 322
2741, 713, 728
2742, 656, 973
2743, 416, 891
2744, 127, 338
2745, 441, 592
2746, 456, 748
2747, 941, 951
2748, 162, 411
2749, 354, 879
2750, 312, 646
2751, 523, 775
2752, 102, 157
2753, 138, 954
2754, 101, 112
2755, 5, 981
2756, 154, 326
2757, 423, 753
2758, 75, 962
2759, 192, 953
2760, 824, 902
2761, 556, 676
2762, 251, 649
2763, 677, 826
2764, 243, 975
2765, 207, 987
2766, 252, 475
2767, 731, 870
2768, 653, 663
2769, 589, 685
2770, 262, 683
2771, 21, 143
2772, 210, 920
2773, 303, 669
2774, 293, 880
2775, 218, 435
2776, 292, 939
2777, 405, 625
2778, 149, 681
2779, 228, 414
2780, 76, 505
2781, 491, 602
2782, 361, 478
2783, 477, 734
2784, 26, 580
2785, 15, 135
2786, 442, 815
2787, 716, 825
2788, 440, 720
2789, 84, 620
2790, 44, 281
2791, 704, 836
2792, 260, 573
2793, 672, 749
2794, 80, 798
2795, 145, 714
2796, 11, 221
2797, 317, 696
2798, 271, 851
2799, 165, 910
2800, 6, 429
2801, 276, 473
2802, 259, 363
2803, 381, 650
2804, 525, 572
2805, 396, 727
2806, 469, 838
2807, 315, 612
2808, 191, 740
2809, 406, 628
2810, 319, 358
2811, 404, 932
2812, 169, 643
2813, 482, 832
2814, 367, 819
2815, 433, 943
2816, 476, 688
2817, 520, 680
2818, 341, 647
2819, 224, 718
2820, 106, 153
2821, 551, 743
2822, 508, 773
2823, 114, 308
2824, 376, 529
2825, 286, 918
2826, 352, 368
2827, 822, 983
2828, 735, 820
2829, 926, 989
2830, 168, 968
2831, 174, 709
2832, 211, 603
2833, 344, 484
2834, 113, 986
2835, 333, 521
2836, 426, 733
2837, 230, 671
2838, 534, 689
2839, 296, 498
2840, 167, 978
2841, 741, 971
2842, 651, 923
2843, 594, 933
2844, 119, 155
2845, 55, 163
2846, 128, 301
2847, 223, 289
2848, 437, 944
2849, 621, 1000
2850, 817, 950
2851, 33, 928
2852, 577, 705
2853, 715, 931
2854, 78, 905
2855, 136, 467
2856, 349, 626
2857, 125, 415
2858, 87, 747
2859, 546, 916
2860, 109, 869
2861, 272, 566
2862, 578, 875
2863, 126, 631
2864, 399, 908
2865, 64, 397
2866, 600, 795
2867, 41, 737
2868, 313, 455
2869, 398, 904
2870, 793, 812
2871, 217, 458
2872, 644, 957
2873, 511, 991
2874, 264, 652
2875, 180, 325
2876, 309, 783
2877, 530, 630
2878, 108, 200
2879, 517, 544
2880, 645, 694
2881, 889, 890
2882, 750, 767
2883, 335, 408
2884, 690, 752
2885, 389, 745
2886, 575, 828
2887, 152, 490
2888, 371, 903
2889, 246, 328
2890, 502, 565
2891, 225, 958
2892, 120, 874
2893, 438, 739
2894, 31, 876
2895, 697, 811
2896, 34, 882
2897, 515, 972
2898, 13, 159
2899, 253, 540
2900, 178, 596
2901, 350, 934
2902, 297, 536
2903, 187, 424
2904, 57, 935
2905, 444, 452
2906, 675, 901
2907, 412, 818
2908, 231, 627
2909, 46, 982
2910, 104, 238
2911, 465, 481
2912, 702, 843
2913, 503, 605
2914, 247, 844
2915, 402, 736
2916, 37, 194
2917, 560, 607
2918, 492, 830
2919, 431, 494
2920, 189, 913
2921, 563, 698
2922, 568, 723
2923, 632, 984
2924, 781, 898
2925, 754, 853
2926, 258, 873
2927, 955, 956
2928, 23, 150
2929, 576, 963
2930, 175, 867
2931, 324, 542
2932, 462, 717
2933, 16, 803
2934, 148, 599
2935, 742, 866
2936, 190, 305
2937, 121, 868
2938, 436, 761
2939, 14, 400
2940, 133, 813
2941, 777, 907
2942, 118, 543
2943, 3, 703
2944, 388, 771
2945, 227, 593
2946, 298, 586
2947, 92, 422
2948, 738, 785
2949, 77, 792
2950, 98, 413
2951, 184, 514
2952, 488, 885
2953, 188, 196
2954, 201, 346
2955, 53, 809
2956, 199, 756
2957, 579, 919
2958, 348, 668
2959, 103, 805
2960, 36, 970
2961, 146, 487
2962, 489, 834
2963, 539, 555
2964, 39, 938
2965, 81, 266
2966, 72, 842
2967, 10, 483
2968, 365, 479
2969, 320, 856
2970, 378, 762
2971, 176, 254
2972, 171, 617
2973, 117, 837
2974, 334, 394
2975, 67, 532
2976, 528, 912
2977, 177, 512
2978, 789, 804
2979, 314, 746
2980, 559, 623
2981, 19, 860
2982, 678, 695
2983, 273, 706
2984, 778, 886
2985, 318, 598
2986, 472, 654
2987, 471, 794
2988, 391, 784
2989, 321, 872
2990, 841, 969
2991, 220, 855
2992, 161, 418
2993, 610, 759
2994, 634, 701
2995, 17, 256
2996, 282, 658
2997, 12, 917
2998, 274, 386
2999, 900, 964
3000, 448, 852
3001, 151, 793
3002, 204, 293
3003, 454, 768
3004, 161, 462
3005, 284, 984
3006, 176, 790
3007, 119, 230
3008, 498, 893
3009, 440, 442
3010, 435, 668
3011, 79, 831
3012, 256, 930
3013, 464, 877
3014, 324, 988
3015, 236, 475
3016, 72, 369
3017, 163, 664
3018, 855, 882
3019, 272, 595
3020, 239, 839
3021, 385, 769
3022, 47, 563
3023, 340, 481
3024, 586, 804
3025, 246, 252
3026, 323, 965
3027, 134, 744
3028, 810, 858
3029, 875, 932
3030, 850, 894
3031, 94, 501
3032, 225, 427
3033, 146, 468
3034, 122, 373
3035, 227, 607
3036, 619, 825
3037, 224, 725
3038, 424, 439
3039, 524, 994
3040, 348, 879
3041, 144, 911
3042, 192, 872
3043, 405, 420
3044, 388, 480
3045, 443, 978
3046, 22, 473
3047, 242, 248
3048, 211, 682
3049, 371, 859
3050, 535, 705
3051, 869, 948
3052, 61, 538
3053, 234, 584
3054, 44, 363
3055, 56, 70
3056, 173, 421
3057, 82, 739
3058, 38, 200
3059, 282, 742
3060, 222, 727
3061, 422, 700
3062, 254, 830
3063, 46, 892
3064, 14, 123
3065, 523, 735
3066, 446, 518
3067, 30, 558
3068, 193, 471
3069, 203, 418
3070, 164, 863
3071, 277, 880
3072, 1, 210
3073, 288, 379
3074, 403, 776
3075, 133, 162
3076, 217, 551
3077, 90, 137
3078, 36, 933
3079, 561, 753
3080, 359, 867
3081, 153, 243
3082, 741, 902
3083, 88, 760
3084, 244, 317
3085, 519, 992
3086, 24, 168
3087, 75, 950
3088, 353, 833
3089, 557, 924
3090, 508, 569
3091, 300, 687
3092, 320, 589
3093, 777, 998
3094, 62, 718
3095, 181, 367
3096, 670, 788
3097, 608, 907
3098, 352, 740
3099, 251, 423
3100, 49, 339
3101, 54, 585
3102, 671, 906
3103, 247, 646
3104, 342, 811
3105, 971, 993
3106, 80, 937
3107, 290, 843
3108, 401, 495
3109, 577, 954
3110, 736, 802
3111, 337, 794
3112, 17, 313
3113, 667, 756
3114, 531, 888
3115, 69, 466
3116, 803, 871
3117, 7, 25
3118, 89, 985
3119, 294, 430
3120, 990, 995
3121, 145, 642
3122, 322, 594
3123, 311, 623
3124, 479, 555
3125, 219, 972
3126, 654, 765
3127, 556, 568
3128, 767, 915
3129, 431, 485
3130, 382, 895
3131, 733, 927
3132, 235, 618
3133, 130, 720
3134, 116, 393
3135, 598, 661
3136, 351, 499
3137, 140, 281
3138, 669, 732
3139, 35, 378
3140, 308, 436
3141, 268, 940
3142, 356, 976
3143, 165, 580
3144, 395, 823
3145, 208, 637
3146, 13, 398
3147, 270, 530
3148, 131, 177
3149, 223, 414
3150, 73, 789
3151, 111, 849
3152, 170, 186
3153, 166, 963
3154, 45, 814
3155, 65, 639
3156, 112, 611
3157, 108, 958
3158, 273, 655
3159, 399, 415
3160, 504, 633
3161, 632, 783
3162, 83, 974
3163, 171, 299
3164, 747, 853
3165, 255, 329
3166, 361, 731
3167, 51, 536
3168, 27, 497
3169, 901, 977
3170, 15, 925
3171, 419, 503
3172, 136, 734
3173, 135, 726
3174, 205, 716
3175, 386, 512
3176, 96, 826
3177, 138, 257
3178, 328, 686
3179, 326, 444
3180, 195, 447
3181, 66, 979
3182, 125, 782
3183, 113, 824
3184, 376, 815
3185, 453, 537
3186, 614, 870
3187, 280, 991
3188, 487, 542
3189, 33, 796
3190, 241, 887
3191, 260, 897
3192, 76, 493
3193, 573, 812
3194, 81, 772
3195, 620, 780
3196, 201, 673
3197, 570, 982
3198, 449, 838
3199, 198, 455
3200, 408, 721
3201, 370, 579
3202, 680, 714
3203, 190, 587
3204, 679, 851
3205, 103, 630
3206, 931, 966
3207, 100, 617
3208, 516, 576
3209, 39, 40
3210, 3, 962
3211, 18, 785
3212, 457, 792
3213, 12, 489
3214, 778, 997
3215, 175, 690
3216, 249, 666
3217, 11, 957
3218, 238, 314
3219, 652, 689
3220, 347, 374
3221, 412, 610
3222, 923, 969
3223, 883, 938
3224, 425, 934
3225, 107, 289
3226, 693, 749
3227, 43, 528
3228, 141, 346
3229, 93, 318
3230, 857, 884
3231, 387, 476
3232, 77, 206
3233, 321, 886
3234, 591, 920
3235, 864, 903
3236, 847, 860
3237, 375, 953
3238, 23, 845
3239, 182, 605
3240, 372, 397
3241, 448, 842
3242, 197, 513
3243, 460, 550
3244, 185, 707
3245, 98, 218
3246, 156, 377
3247, 214, 416
3248, 316, 465
3249, 583, 935
3250, 172, 259
3251, 102, 609
3252, 297, 779
3253, 303, 738
3254, 813, 916
3255, 126, 852
3256, 292, 856
3257, 184, 522
3258, 34, 78
3259, 139, 862
3260, 307, 400
3261, 827, 944
3262, 553, 762
3263, 106, 540
3264, 64, 677
3265, 649, 662
3266, 9, 179
3267, 828, 926
3268, 615, 696
3269, 806, 832
3270, 19, 84
3271, 92, 834
3272, 494, 507
3273, 265, 865
3274, 634, 692
3275, 574, 973
3276, 283, 484
3277, 187, 713
3278, 636, 981
3279, 452, 942
3280, 216, 820
3281, 345, 656
3282, 274, 712
3283, 837, 868
3284, 428, 571
3285, 240, 800
3286, 552, 706
3287, 566, 715
3288, 411, 599
3289, 638, 685
3290, 344, 631
3291, 296, 784
3292, 365, 898
3293, 724, 968
3294, 167, 515
3295, 511, 625
3296, 37, 354
3297, 334, 885
3298, 149, 343
3299, 355, 384
3300, 59, 383
3301, 29, 745
3302, 357, 606
3303, 67, 325
3304, 581, 729
3305, 160, 941
3306, 120, 929
3307, 331, 912
3308, 474, 694
3309, 286, 754
3310, 660, 919
3311, 645, 960
3312, 74, 174
3313, 196, 752
3314, 143, 207
3315, 188, 310
3316, 532, 602
3317, 220, 250
3318, 392, 549
3319, 142, 335
3320, 628, 987
3321, 722, 805
3322, 458, 627
3323, 629, 817
3324, 194, 233
3325, 215, 704
3326, 50, 441
3327, 221, 644
3328, 539, 967
3329, 545, 703
3330, 302, 492
3331, 366, 433
3332, 517, 891
3333, 132, 349
3334, 261, 565
3335, 710, 819
3336, 723, 766
3337, 764, 874
3338, 159, 596
3339, 118, 478
3340, 980, 983
3341, 91, 287
3342, 490, 910
3343, 533, 676
3344, 350, 621
3345, 461, 675
3346, 101, 402
3347, 417, 708
3348, 121, 491
3349, 262, 358
3350, 509, 795
3351, 525, 562
3352, 684, 786
3353, 306, 701
3354, 389, 841
3355, 271, 295
3356, 658, 975
3357, 41, 908
3358, 483, 648
3359, 432, 918
3360, 63, 85
3361, 543, 956
3362, 438, 881
3363, 148, 936
3364, 456, 665
3365, 560, 996
3366, 312, 989
3367, 8, 641
3368, 546, 657
3369, 529, 698
3370, 48, 647
3371, 95, 202
3372, 178, 506
3373, 650, 697
3374, 228, 500
3375, 336, 809
3376, 575, 640
3377, 368, 878
3378, 31, 391
3379, 68, 301
3380, 674, 821
3381, 688, 746
3382, 510, 624
3383, 213, 291
3384, 798, 861
3385, 229, 759
3386, 71, 866
3387, 333, 459
3388, 52, 470
3389, 755, 816
3390, 330, 899
3391, 309, 964
3392, 109, 505
3393, 364, 905
3394, 635, 730
3395, 6, 127
3396, 53, 678
3397, 155, 541
3398, 16, 86
3399, 797, 896
3400, 394, 582
3401, 267, 836
3402, 699, 770
3403, 758, 928
3404, 406, 604
3405, 410, 572
3406, 147, 319
3407, 189, 426
3408, 124, 914
3409, 702, 781
3410, 276, 278
3411, 719, 750
3412, 129, 285
3413, 97, 846
3414, 279, 961
3415, 152, 590
3416, 4, 544
3417, 445, 889
3418, 502, 955
3419, 237, 612
3420, 263, 748
3421, 434, 763
3422, 463, 771
3423, 527, 691
3424, 653, 844
3425, 104, 999
3426, 362, 396
3427, 298, 737
3428, 390, 616
3429, 514, 921
3430, 477, 822
3431, 304, 913
3432, 275, 743
3433, 232, 601
3434, 626, 854
3435, 157, 578
3436, 87, 1000
3437, 99, 808
3438, 672, 787
3439, 158, 404
3440, 199, 526
3441, 407, 774
3442, 2, 467
3443, 381, 663
3444, 409, 775
3445, 110, 873
3446, 266, 986
3447, 58, 900
3448, 564, 728
3449, 154, 773
3450, 717, 952
3451, 486, 807
3452, 10, 360
3453, 482, 757
3454, 180, 801
3455, 115, 943
3456, 26, 57
3457, 253, 588
3458, 183, 695
3459, 338, 554
3460, 209, 600
3461, 341, 945
3462, 818, 876
3463, 269, 593
3464, 60, 829
3465, 128, 597
3466, 520, 659
3467, 469, 613
3468, 848, 947
3469, 32, 450
3470, 169, 835
3471, 28, 472
3472, 643, 709
3473, 105, 245
3474, 548, 681
3475, 315, 521
3476, 21, 959
3477, 264, 791
3478, 651, 946
3479, 904, 970
3480, 20, 711
3481, 305, 547
3482, 258, 380
3483, 327, 939
3484, 603, 890
3485, 840, 951
3486, 496, 622
3487, 114, 488
3488, 751, 909
3489, 5, 559
3490, 683, 799
3491, 55, 226
3492, 451, 567
3493, 150, 761
3494, 117, 191
3495, 437, 592
3496, 212, 332
3497, 922, 949
3498, 231, 429
3499, 413, 917
3500, 42, 534
3501, 579, 882
3502, 135, 560
3503, 199, 749
3504, 230, 666
3505, 57, 880
3506, 205, 779
3507, 147, 938
3508, 94, 216
3509, 668, 825
3510, 83, 378
3511, 99, 460
3512, 398, 866
3513, 534, 643
3514, 680, 889
3515, 39, 306
3516, 126, 235
3517, 437, 776
3518, 69, 571
3519, 472, 905
3520, 240, 308
3521, 212, 831
3522, 91, 101
3523, 71, 923
3524, 829, 948
3525, 348, 471
3526, 672, 738
3527, 219, 731
3528, 464, 983
3529, 47, 956
3530, 49, 143
3531, 227, 753
3532, 259, 615
3533, 655, 712
3534, 123, 636
3535, 458, 814
3536, 730, 972
3537, 617, 775
3538, 148, 816
3539, 121, 163
3540, 490, 746
3541, 575, 647
3542, 152, 445
3543, 66, 838
3544, 271, 296
3545, 946, 995
3546, 426, 971
3547, 85, 524
3548, 326, 883
3549, 178, 360
3550, 864, 941
3551, 316, 561
3552, 319, 507
3553, 129, 485
3554, 277, 856
3555, 15, 535
3556, 144, 547
3557, 153, 644
3558, 480, 483
3559, 215, 283
3560, 73, 462
3561, 74, 619
3562, 29, 918
3563, 172, 397
3564, 451, 900
3565, 167, 493
3566, 494, 653
3567, 56, 394
3568, 104, 861
3569, 697, 855
3570, 569, 581
3571, 413, 419
3572, 119, 249
3573, 488, 963
3574, 592, 817
3575, 40, 865
3576, 798, 893
3577, 369, 381
3578, 311, 626
3579, 452, 733
3580, 677, 737
3581, 847, 996
3582, 461, 759
3583, 274, 304
3584, 80, 565
3585, 366, 908
3586, 593, 695
3587, 519, 958
3588, 236, 380
3589, 62, 682
3590, 164, 382
3591, 384, 418
3592, 109, 890
3593, 48, 662
3594, 591, 649
3595, 392, 570
3596, 516, 542
3597, 279, 401
3598, 117, 267
3599, 582, 684
3600, 223, 809
3601, 170, 987
3602, 342, 639
3603, 260, 526
3604, 511, 975
3605, 351, 671
3606, 673, 913
3607, 720, 898
3608, 58, 206
3609, 376, 879
3610, 79, 719
3611, 441, 528
3612, 844, 857
3613, 13, 627
3614, 12, 341
3615, 530, 876
3616, 241, 403
3617, 35, 459
3618, 300, 583
3619, 377, 926
3620, 386, 706
3621, 448, 610
3622, 234, 538
3623, 182, 892
3624, 82, 661
3625, 628, 966
3626, 299, 588
3627, 374, 959
3628, 2, 906
3629, 355, 901
3630, 175, 598
3631, 510, 907
3632, 233, 754
3633, 446, 910
3634, 114, 258
3635, 444, 474
3636, 295, 313
3637, 603, 977
3638, 286, 812
3639, 186, 765
3640, 27, 869
3641, 506, 949
3642, 266, 970
3643, 8, 21
3644, 16, 287
3645, 38, 198
3646, 204, 694
3647, 338, 842
3648, 293, 973
3649, 354, 466
3650, 725, 976
3651, 596, 657
3652, 45, 513
3653, 780, 862
3654, 638, 921
3655, 383, 739
3656, 724, 820
3657, 361, 904
3658, 84, 253
3659, 54, 602
3660, 239, 563
3661, 232, 917
3662, 552, 645
3663, 18, 262
3664, 745, 799
3665, 344, 797
3666, 580, 699
3667, 24, 28
3668, 851, 979
3669, 139, 184
3670, 131, 940
3671, 407, 558
3672, 327, 701
3673, 111, 943
3674, 594, 803
3675, 665, 674
3676, 116, 566
3677, 675, 717
3678, 678, 994
3679, 758, 841
3680, 416, 422
3681, 11, 806
3682, 517, 604
3683, 23, 330
3684, 430, 595
3685, 505, 721
3686, 414, 512
3687, 390, 828
3688, 5, 272
3689, 195, 648
3690, 312, 447
3691, 495, 640
3692, 128, 477
3693, 370, 544
3694, 637, 870
3695, 496, 951
3696, 166, 572
3697, 270, 320
3698, 138, 925
3699, 273, 716
3700, 36, 137
3701, 176, 246
3702, 523, 978
3703, 396, 463
3704, 53, 90
3705, 408, 556
3706, 3, 576
3707, 434, 835
3708, 65, 222
3709, 31, 609
3710, 298, 406
3711, 161, 399
3712, 268, 796
3713, 70, 88
3714, 421, 755
3715, 60, 425
3716, 61, 845
3717, 32, 500
3718, 278, 550
3719, 191, 280
3720, 837, 935
3721, 289, 363
3722, 395, 947
3723, 294, 574
3724, 334, 881
3725, 536, 756
3726, 314, 646
3727, 554, 664
3728, 805, 903
3729, 669, 888
3730, 197, 955
3731, 405, 768
3732, 429, 629
3733, 203, 912
3734, 46, 321
3735, 449, 772
3736, 479, 852
3737, 476, 710
3738, 165, 385
3739, 525, 559
3740, 261, 704
3741, 254, 762
3742, 527, 761
3743, 821, 833
3744, 478, 770
3745, 263, 826
3746, 136, 988
3747, 248, 854
3748, 412, 902
3749, 843, 911
3750, 432, 635
3751, 86, 367
3752, 207, 877
3753, 529, 920
3754, 606, 607
3755, 767, 874
3756, 537, 939
3757, 499, 795
3758, 6, 919
3759, 19, 489
3760, 37, 393
3761, 337, 658
3762, 687, 800
3763, 225, 744
3764, 420, 982
3765, 30, 967
3766, 245, 960
3767, 33, 343
3768, 375, 760
3769, 130, 291
3770, 228, 954
3771, 238, 317
3772, 192, 470
3773, 410, 611
3774, 331, 358
3775, 309, 740
3776, 179, 957
3777, 34, 110
3778, 177, 867
3779, 210, 362
3780, 521, 707
3781, 102, 836
3782, 208, 789
3783, 752, 807
3784, 107, 315
3785, 224, 999
3786, 26, 808
3787, 402, 651
3788, 431, 691
3789, 473, 933
3790, 453, 545
3791, 297, 858
3792, 112, 310
3793, 433, 584
3794, 514, 927
3795, 257, 520
3796, 329, 634
3797, 379, 928
3798, 67, 190
3799, 43, 491
3800, 218, 993
3801, 51, 985
3802, 577, 751
3803, 349, 540
3804, 541, 914
3805, 151, 986
3806, 388, 503
3807, 303, 763
3808, 690, 822
3809, 830, 942
3810, 9, 632
3811, 612, 794
3812, 482, 727
3813, 531, 945
3814, 475, 834
3815, 122, 885
3816, 532, 539
3817, 573, 622
3818, 350, 713
3819, 185, 347
3820, 125, 667
3821, 436, 1000
3822, 504, 839
3823, 169, 443
3824, 346, 424
3825, 371, 726
3826, 252, 608
3827, 211, 698
3828, 365, 791
3829, 641, 788
3830, 103, 962
3831, 285, 318
3832, 276, 813
3833, 373, 823
3834, 352, 557
3835, 757, 786
3836, 7, 715
3837, 553, 703
3838, 100, 586
3839, 92, 231
3840, 155, 623
3841, 546, 792
3842, 878, 984
3843, 533, 551
3844, 589, 771
3845, 63, 359
3846, 180, 896
3847, 97, 162
3848, 20, 613
3849, 50, 633
3850, 605, 748
3851, 93, 325
3852, 333, 439
3853, 113, 229
3854, 156, 435
3855, 693, 969
3856, 72, 625
3857, 22, 247
3858, 106, 438
3859, 78, 96
3860, 160, 998
3861, 59, 784
3862, 124, 981
3863, 159, 992
3864, 597, 705
3865, 328, 391
3866, 621, 670
3867, 220, 237
3868, 44, 467
3869, 52, 457
3870, 193, 275
3871, 77, 600
3872, 322, 944
3873, 766, 804
3874, 953, 991
3875, 250, 620
3876, 549, 750
3877, 502, 997
3878, 183, 497
3879, 332, 555
3880, 415, 599
3881, 618, 811
3882, 120, 696
3883, 743, 827
3884, 187, 209
3885, 55, 465
3886, 335, 492
3887, 404, 481
3888, 568, 922
3889, 265, 950
3890, 468, 884
3891, 676, 692
3892, 98, 819
3893, 340, 543
3894, 4, 518
3895, 158, 487
3896, 301, 909
3897, 656, 961
3898, 17, 486
3899, 484, 688
3900, 256, 522
3901, 157, 264
3902, 108, 624
3903, 873, 974
3904, 89, 846
3905, 356, 631
3906, 824, 887
3907, 150, 714
3908, 95, 810
3909, 194, 307
3910, 650, 916
3911, 387, 989
3912, 290, 778
3913, 736, 868
3914, 288, 964
3915, 732, 777
3916, 243, 734
3917, 345, 783
3918, 196, 952
3919, 660, 735
3920, 226, 895
3921, 364, 965
3922, 305, 578
3923, 353, 931
3924, 154, 214
3925, 188, 722
3926, 509, 686
3927, 616, 711
3928, 251, 683
3929, 339, 548
3930, 201, 785
3931, 149, 515
3932, 145, 242
3933, 133, 255
3934, 590, 700
3935, 450, 654
3936, 202, 990
3937, 127, 937
3938, 189, 741
3939, 244, 372
3940, 42, 501
3941, 141, 614
3942, 142, 567
3943, 217, 875
3944, 132, 802
3945, 173, 336
3946, 284, 427
3947, 411, 897
3948, 1, 213
3949, 840, 891
3950, 41, 787
3951, 269, 934
3952, 105, 601
3953, 75, 886
3954, 200, 849
3955, 689, 818
3956, 630, 782
3957, 181, 929
3958, 428, 679
3959, 832, 850
3960, 25, 281
3961, 76, 860
3962, 652, 747
3963, 118, 718
3964, 64, 915
3965, 146, 709
3966, 10, 564
3967, 764, 815
3968, 685, 728
3969, 115, 872
3970, 663, 859
3971, 323, 708
3972, 368, 454
3973, 702, 936
3974, 508, 781
3975, 324, 932
3976, 174, 968
3977, 221, 723
3978, 440, 455
3979, 357, 417
3980, 562, 642
3981, 282, 848
3982, 140, 585
3983, 400, 899
3984, 442, 729
3985, 68, 863
3986, 790, 853
3987, 87, 871
3988, 171, 894
3989, 456, 498
3990, 14, 742
3991, 681, 980
3992, 134, 774
3993, 302, 587
3994, 292, 924
3995, 168, 769
3996, 659, 801
3997, 773, 930
3998, 389, 469
3999, 81, 409
4000, 423, 793
