id, img1, img2
1, 541, 945
2, 431, 672
3, 633, 884
4, 369, 920
5, 131, 983
6, 271, 482
7, 196, 249
8, 663, 856
9, 123, 560
10, 436, 660
11, 320, 715
12, 746, 829
13, 2, 132
14, 755, 786
15, 5, 358
16, 213, 913
17, 246, 362
18, 701, 958
19, 162, 628
20, 906, 924
21, 526, 712
22, 874, 935
23, 56, 409
24, 160, 646
25, 717, 805
26, 699, 747
27, 54, 647
28, 378, 434
29, 83, 225
30, 411, 950
31, 445, 985
32, 153, 508
33, 166, 954
34, 533, 869
35, 203, 475
36, 108, 543
37, 87, 866
38, 471, 552
39, 274, 940
40, 474, 641
41, 38, 315
42, 790, 992
43, 158, 994
44, 85, 219
45, 269, 539
46, 611, 822
47, 881, 912
48, 404, 726
49, 461, 592
50, 106, 564
51, 301, 814
52, 14, 731
53, 297, 708
54, 97, 284
55, 745, 851
56, 464, 986
57, 309, 501
58, 365, 739
59, 326, 761
60, 70, 325
61, 307, 934
62, 352, 810
63, 171, 878
64, 227, 286
65, 109, 215
66, 137, 705
67, 64, 824
68, 401, 756
69, 367, 951
70, 368, 972
71, 53, 559
72, 371, 687
73, 430, 555
74, 99, 674
75, 359, 582
76, 145, 251
77, 9, 733
78, 563, 732
79, 144, 978
80, 433, 558
81, 138, 988
82, 566, 971
83, 261, 510
84, 491, 670
85, 338, 393
86, 703, 737
87, 417, 683
88, 11, 500
89, 581, 696
90, 557, 774
91, 366, 573
92, 511, 735
93, 668, 753
94, 24, 910
95, 333, 937
96, 100, 361
97, 165, 959
98, 400, 467
99, 484, 928
100, 125, 622
101, 78, 205
102, 535, 589
103, 221, 340
104, 389, 742
105, 442, 996
106, 387, 625
107, 47, 841
108, 191, 833
109, 121, 918
110, 169, 823
111, 201, 516
112, 480, 481
113, 675, 798
114, 243, 381
115, 386, 722
116, 492, 984
117, 473, 936
118, 39, 194
119, 20, 211
120, 671, 890
121, 210, 524
122, 748, 976
123, 667, 783
124, 281, 304
125, 292, 657
126, 485, 585
127, 536, 728
128, 22, 391
129, 224, 916
130, 19, 710
131, 332, 930
132, 287, 736
133, 105, 514
134, 212, 556
135, 638, 844
136, 565, 661
137, 398, 419
138, 681, 769
139, 157, 410
140, 25, 120
141, 337, 863
142, 408, 520
143, 168, 173
144, 375, 422
145, 383, 432
146, 110, 588
147, 252, 549
148, 242, 293
149, 469, 659
150, 94, 840
151, 198, 206
152, 567, 651
153, 285, 472
154, 794, 842
155, 617, 887
156, 768, 788
157, 189, 495
158, 112, 608
159, 154, 601
160, 260, 903
161, 90, 640
162, 133, 465
163, 234, 676
164, 31, 478
165, 88, 690
166, 328, 528
167, 504, 513
168, 311, 981
169, 179, 793
170, 416, 967
171, 656, 799
172, 89, 147
173, 821, 872
174, 135, 237
175, 82, 847
176, 21, 572
177, 357, 879
178, 91, 956
179, 93, 686
180, 360, 901
181, 602, 689
182, 318, 925
183, 236, 299
184, 751, 949
185, 531, 544
186, 435, 946
187, 115, 289
188, 709, 915
189, 456, 990
190, 156, 721
191, 270, 791
192, 886, 966
193, 182, 897
194, 850, 883
195, 702, 938
196, 521, 894
197, 372, 460
198, 103, 343
199, 126, 775
200, 729, 849
201, 1, 176
202, 384, 605
203, 399, 885
204, 354, 634
205, 95, 321
206, 58, 973
207, 69, 891
208, 658, 707
209, 136, 177
210, 685, 861
211, 789, 838
212, 159, 839
213, 48, 749
214, 402, 846
215, 341, 752
216, 458, 792
217, 632, 982
218, 496, 577
219, 226, 811
220, 730, 770
221, 197, 245
222, 50, 373
223, 505, 902
224, 28, 92
225, 4, 440
226, 278, 586
227, 155, 939
228, 423, 597
229, 342, 635
230, 35, 642
231, 415, 439
232, 609, 801
233, 418, 803
234, 244, 636
235, 407, 502
236, 498, 795
237, 128, 816
238, 855, 868
239, 188, 509
240, 553, 808
241, 610, 943
242, 42, 283
243, 27, 512
244, 55, 652
245, 3, 406
246, 463, 643
247, 426, 486
248, 15, 767
249, 96, 127
250, 818, 1000
251, 414, 487
252, 741, 953
253, 802, 832
254, 6, 688
255, 390, 831
256, 754, 933
257, 161, 518
258, 63, 679
259, 666, 723
260, 612, 919
261, 255, 506
262, 538, 929
263, 183, 871
264, 77, 118
265, 116, 444
266, 141, 151
267, 181, 300
268, 898, 900
269, 532, 691
270, 276, 743
271, 319, 388
272, 527, 744
273, 101, 923
274, 724, 970
275, 412, 700
276, 648, 684
277, 74, 932
278, 348, 876
279, 396, 653
280, 266, 813
281, 807, 826
282, 323, 598
283, 256, 499
284, 490, 848
285, 117, 522
286, 207, 695
287, 73, 204
288, 75, 334
289, 370, 979
290, 350, 447
291, 331, 693
292, 41, 590
293, 233, 397
294, 29, 889
295, 68, 192
296, 476, 864
297, 7, 392
298, 955, 965
299, 336, 931
300, 594, 619
301, 344, 428
302, 163, 374
303, 454, 497
304, 79, 995
305, 517, 645
306, 507, 880
307, 719, 776
308, 664, 766
309, 229, 830
310, 295, 537
311, 129, 180
312, 167, 265
313, 279, 305
314, 172, 263
315, 347, 650
316, 12, 455
317, 441, 843
318, 554, 711
319, 67, 765
320, 257, 604
321, 562, 948
322, 698, 800
323, 825, 899
324, 548, 987
325, 139, 142
326, 312, 488
327, 964, 969
328, 578, 909
329, 185, 322
330, 232, 429
331, 425, 845
332, 306, 395
333, 148, 308
334, 627, 806
335, 561, 877
336, 355, 760
337, 30, 867
338, 170, 569
339, 680, 963
340, 706, 944
341, 782, 968
342, 317, 583
343, 230, 941
344, 62, 523
345, 65, 960
346, 228, 231
347, 37, 584
348, 377, 382
349, 72, 530
350, 493, 820
351, 457, 779
352, 40, 947
353, 143, 288
354, 272, 911
355, 356, 812
356, 16, 450
357, 209, 600
358, 725, 815
359, 834, 999
360, 59, 662
361, 102, 599
362, 335, 771
363, 568, 630
364, 364, 796
365, 596, 905
366, 262, 694
367, 52, 654
368, 34, 214
369, 114, 772
370, 36, 152
371, 122, 714
372, 51, 837
373, 759, 993
374, 570, 809
375, 758, 862
376, 45, 957
377, 238, 591
378, 624, 875
379, 462, 713
380, 324, 529
381, 241, 515
382, 836, 921
383, 380, 503
384, 452, 637
385, 13, 620
386, 780, 860
387, 421, 606
388, 248, 580
389, 294, 459
390, 107, 738
391, 403, 961
392, 124, 175
393, 427, 908
394, 222, 534
395, 186, 777
396, 104, 720
397, 551, 773
398, 250, 804
399, 60, 882
400, 26, 669
401, 682, 865
402, 579, 785
403, 854, 888
404, 98, 616
405, 149, 922
406, 190, 405
407, 494, 914
408, 193, 240
409, 43, 438
410, 18, 235
411, 275, 483
412, 66, 907
413, 32, 184
414, 858, 873
415, 134, 852
416, 576, 623
417, 525, 857
418, 84, 546
419, 655, 942
420, 200, 282
421, 290, 424
422, 216, 797
423, 704, 718
424, 449, 778
425, 437, 757
426, 385, 859
427, 146, 303
428, 613, 740
429, 76, 218
430, 349, 989
431, 33, 817
432, 86, 762
433, 787, 904
434, 195, 974
435, 164, 595
436, 220, 547
437, 692, 734
438, 314, 615
439, 187, 587
440, 443, 468
441, 379, 991
442, 119, 264
443, 258, 479
444, 310, 618
445, 678, 828
446, 23, 280
447, 298, 446
448, 81, 614
449, 61, 80
450, 17, 327
451, 893, 962
452, 571, 665
453, 268, 677
454, 46, 329
455, 259, 998
456, 353, 603
457, 113, 727
458, 44, 316
459, 716, 764
460, 291, 545
461, 253, 542
462, 57, 575
463, 451, 819
464, 140, 853
465, 267, 977
466, 130, 917
467, 174, 835
468, 519, 895
469, 346, 489
470, 330, 975
471, 345, 750
472, 574, 639
473, 644, 980
474, 470, 540
475, 71, 673
476, 199, 466
477, 363, 550
478, 296, 697
479, 273, 448
480, 178, 997
481, 453, 626
482, 49, 631
483, 629, 926
484, 239, 302
485, 420, 781
486, 607, 784
487, 593, 952
488, 254, 376
489, 827, 927
490, 247, 277
491, 339, 896
492, 150, 477
493, 10, 394
494, 351, 870
495, 223, 892
496, 413, 649
497, 202, 313
498, 111, 763
499, 8, 621
500, 208, 217
501, 487, 740
502, 409, 905
503, 762, 863
504, 421, 558
505, 564, 689
506, 197, 311
507, 637, 931
508, 459, 777
509, 420, 655
510, 744, 895
511, 350, 644
512, 700, 715
513, 315, 480
514, 239, 978
515, 113, 349
516, 246, 438
517, 74, 414
518, 396, 816
519, 241, 855
520, 486, 724
521, 307, 362
522, 189, 811
523, 214, 921
524, 78, 743
525, 492, 565
526, 243, 886
527, 381, 466
528, 514, 553
529, 797, 882
530, 575, 962
531, 408, 824
532, 292, 475
533, 190, 436
534, 608, 829
535, 506, 682
536, 395, 662
537, 276, 774
538, 545, 798
539, 426, 587
540, 285, 725
541, 172, 529
542, 24, 823
543, 549, 961
544, 742, 913
545, 4, 728
546, 664, 885
547, 250, 868
548, 49, 358
549, 302, 422
550, 554, 671
551, 125, 140
552, 88, 217
553, 476, 998
554, 576, 770
555, 12, 756
556, 108, 716
557, 52, 877
558, 19, 205
559, 589, 986
560, 445, 948
561, 77, 254
562, 788, 904
563, 148, 309
564, 535, 902
565, 380, 501
566, 457, 672
567, 130, 840
568, 281, 661
569, 333, 860
570, 323, 410
571, 489, 627
572, 67, 679
573, 85, 607
574, 156, 444
575, 570, 971
576, 405, 1000
577, 390, 989
578, 51, 499
579, 378, 721
580, 371, 780
581, 66, 741
582, 194, 463
583, 369, 942
584, 286, 698
585, 104, 272
586, 114, 620
587, 62, 216
588, 68, 918
589, 781, 801
590, 226, 952
591, 179, 478
592, 123, 299
593, 346, 673
594, 494, 654
595, 139, 527
596, 116, 228
597, 356, 649
598, 548, 646
599, 707, 709
600, 305, 759
601, 586, 696
602, 147, 253
603, 443, 491
604, 320, 985
605, 296, 876
606, 208, 841
607, 470, 732
608, 313, 999
609, 111, 522
610, 153, 730
611, 348, 954
612, 666, 704
613, 266, 720
614, 107, 542
615, 64, 185
616, 178, 617
617, 40, 416
618, 288, 984
619, 7, 955
620, 757, 890
621, 133, 504
622, 568, 836
623, 2, 819
624, 144, 832
625, 81, 966
626, 308, 386
627, 332, 594
628, 496, 839
629, 195, 454
630, 406, 469
631, 856, 906
632, 102, 580
633, 361, 929
634, 25, 787
635, 95, 621
636, 261, 401
637, 118, 245
638, 183, 752
639, 279, 468
640, 434, 516
641, 338, 879
642, 927, 938
643, 255, 464
644, 84, 237
645, 264, 590
646, 98, 415
647, 273, 912
648, 547, 738
649, 643, 907
650, 404, 502
651, 943, 992
652, 703, 843
653, 636, 705
654, 171, 201
655, 412, 973
656, 72, 236
657, 351, 874
658, 6, 417
659, 606, 612
660, 437, 753
661, 407, 833
662, 227, 507
663, 353, 354
664, 100, 131
665, 624, 837
666, 657, 967
667, 270, 858
668, 96, 968
669, 357, 805
670, 256, 295
671, 44, 365
672, 71, 722
673, 388, 484
674, 63, 878
675, 87, 120
676, 667, 830
677, 184, 822
678, 58, 685
679, 694, 736
680, 218, 441
681, 300, 873
682, 200, 352
683, 495, 676
684, 538, 745
685, 154, 327
686, 221, 881
687, 869, 987
688, 677, 795
689, 271, 864
690, 324, 440
691, 623, 899
692, 219, 618
693, 267, 854
694, 127, 632
695, 181, 760
696, 29, 124
697, 550, 749
698, 452, 631
699, 544, 934
700, 330, 402
701, 34, 517
702, 446, 815
703, 247, 731
704, 169, 493
705, 430, 462
706, 435, 458
707, 209, 887
708, 42, 367
709, 103, 939
710, 498, 569
711, 198, 669
712, 379, 614
713, 290, 581
714, 508, 977
715, 751, 786
716, 182, 485
717, 821, 979
718, 555, 660
719, 439, 888
720, 151, 152
721, 331, 940
722, 642, 917
723, 329, 645
724, 17, 530
725, 43, 265
726, 22, 59
727, 28, 769
728, 238, 537
729, 160, 536
730, 411, 974
731, 807, 883
732, 387, 515
733, 231, 592
734, 168, 893
735, 196, 559
736, 328, 975
737, 748, 911
738, 38, 398
739, 83, 511
740, 512, 871
741, 75, 86
742, 946, 983
743, 157, 919
744, 23, 803
745, 428, 708
746, 573, 670
747, 204, 432
748, 268, 690
749, 557, 641
750, 134, 767
751, 202, 210
752, 337, 638
753, 403, 567
754, 115, 583
755, 500, 603
756, 80, 699
757, 137, 177
758, 710, 800
759, 26, 176
760, 533, 851
761, 503, 880
762, 233, 394
763, 341, 914
764, 109, 251
765, 187, 651
766, 262, 455
767, 859, 908
768, 149, 640
769, 539, 630
770, 119, 804
771, 451, 965
772, 571, 901
773, 344, 382
774, 122, 483
775, 31, 93
776, 21, 397
777, 162, 572
778, 136, 146
779, 779, 922
780, 199, 297
781, 867, 964
782, 776, 944
783, 312, 681
784, 27, 188
785, 150, 719
786, 229, 244
787, 423, 950
788, 129, 282
789, 128, 540
790, 850, 857
791, 528, 872
792, 50, 686
793, 220, 849
794, 155, 306
795, 490, 892
796, 166, 303
797, 32, 828
798, 713, 813
799, 1, 582
800, 518, 678
801, 453, 772
802, 424, 520
803, 223, 775
804, 675, 916
805, 45, 203
806, 121, 467
807, 47, 663
808, 174, 814
809, 41, 629
810, 73, 712
811, 729, 891
812, 578, 802
813, 735, 754
814, 625, 734
815, 427, 783
816, 105, 691
817, 718, 936
818, 164, 460
819, 400, 431
820, 335, 605
821, 325, 764
822, 234, 601
823, 683, 697
824, 207, 933
825, 20, 230
826, 956, 988
827, 287, 866
828, 784, 898
829, 706, 941
830, 15, 848
831, 680, 910
832, 193, 509
833, 577, 835
834, 561, 820
835, 110, 523
836, 46, 963
837, 479, 737
838, 376, 510
839, 14, 566
840, 132, 653
841, 595, 688
842, 355, 825
843, 363, 425
844, 622, 765
845, 170, 972
846, 714, 993
847, 448, 519
848, 321, 768
849, 11, 391
850, 5, 339
851, 10, 853
852, 48, 727
853, 192, 263
854, 659, 920
855, 143, 465
856, 456, 626
857, 39, 277
858, 211, 790
859, 259, 616
860, 289, 419
861, 33, 106
862, 596, 702
863, 293, 384
864, 56, 145
865, 584, 695
866, 117, 701
867, 633, 953
868, 173, 958
869, 258, 994
870, 36, 810
871, 70, 639
872, 593, 792
873, 634, 674
874, 91, 668
875, 3, 763
876, 318, 373
877, 186, 240
878, 55, 932
879, 69, 951
880, 628, 773
881, 692, 949
882, 275, 610
883, 808, 959
884, 711, 826
885, 159, 615
886, 345, 650
887, 112, 482
888, 343, 957
889, 477, 947
890, 845, 982
891, 291, 739
892, 94, 359
893, 191, 909
894, 206, 429
895, 383, 579
896, 488, 834
897, 79, 225
898, 82, 937
899, 252, 374
900, 513, 761
901, 375, 981
902, 260, 758
903, 665, 945
904, 418, 809
905, 242, 599
906, 562, 935
907, 175, 280
908, 222, 995
909, 782, 930
910, 370, 766
911, 541, 838
912, 474, 588
913, 785, 925
914, 269, 372
915, 532, 889
916, 598, 791
917, 89, 597
918, 158, 366
919, 793, 861
920, 60, 799
921, 648, 924
922, 53, 524
923, 257, 546
924, 165, 340
925, 560, 794
926, 142, 976
927, 505, 789
928, 812, 996
929, 99, 525
930, 319, 619
931, 161, 461
932, 497, 928
933, 322, 347
934, 385, 865
935, 90, 534
936, 563, 903
937, 54, 342
938, 656, 896
939, 76, 284
940, 13, 16
941, 232, 585
942, 471, 602
943, 249, 447
944, 377, 842
945, 609, 796
946, 224, 687
947, 92, 481
948, 551, 894
949, 326, 552
950, 101, 717
951, 556, 997
952, 298, 831
953, 442, 473
954, 9, 771
955, 526, 991
956, 613, 806
957, 846, 900
958, 301, 750
959, 215, 684
960, 726, 746
961, 126, 693
962, 97, 317
963, 364, 733
964, 316, 336
965, 294, 862
966, 723, 923
967, 61, 449
968, 413, 897
969, 37, 818
970, 531, 574
971, 647, 652
972, 310, 884
973, 368, 543
974, 30, 433
975, 8, 35
976, 180, 980
977, 314, 755
978, 334, 635
979, 600, 604
980, 167, 591
981, 283, 747
982, 392, 970
983, 57, 778
984, 163, 852
985, 213, 827
986, 65, 235
987, 472, 990
988, 274, 960
989, 135, 817
990, 393, 875
991, 304, 844
992, 399, 969
993, 18, 658
994, 212, 870
995, 138, 926
996, 389, 847
997, 248, 360
998, 141, 450
999, 521, 915
1000, 278, 611
1001, 96, 828
1002, 331, 705
1003, 364, 696
1004, 661, 798
1005, 39, 99
1006, 344, 376
1007, 200, 234
1008, 639, 832
1009, 584, 714
1010, 358, 665
1011, 135, 965
1012, 823, 950
1013, 851, 898
1014, 702, 796
1015, 611, 685
1016, 138, 404
1017, 390, 460
1018, 252, 928
1019, 278, 773
1020, 574, 675
1021, 360, 922
1022, 197, 322
1023, 211, 264
1024, 635, 817
1025, 189, 560
1026, 212, 535
1027, 484, 991
1028, 489, 979
1029, 641, 674
1030, 177, 328
1031, 646, 952
1032, 159, 576
1033, 202, 346
1034, 453, 756
1035, 84, 129
1036, 52, 822
1037, 378, 565
1038, 288, 948
1039, 504, 579
1040, 122, 571
1041, 505, 917
1042, 90, 306
1043, 363, 697
1044, 141, 263
1045, 528, 800
1046, 230, 918
1047, 854, 909
1048, 519, 556
1049, 510, 880
1050, 257, 780
1051, 413, 424
1052, 188, 752
1053, 249, 432
1054, 75, 968
1055, 690, 815
1056, 178, 308
1057, 284, 318
1058, 488, 530
1059, 105, 511
1060, 324, 498
1061, 38, 208
1062, 162, 772
1063, 167, 887
1064, 66, 784
1065, 2, 13
1066, 215, 769
1067, 732, 833
1068, 502, 547
1069, 474, 564
1070, 153, 662
1071, 134, 667
1072, 60, 247
1073, 255, 628
1074, 372, 984
1075, 224, 920
1076, 478, 916
1077, 731, 794
1078, 765, 937
1079, 102, 154
1080, 713, 985
1081, 397, 958
1082, 393, 699
1083, 325, 890
1084, 514, 897
1085, 174, 582
1086, 79, 706
1087, 225, 254
1088, 259, 779
1089, 544, 929
1090, 862, 889
1091, 27, 678
1092, 459, 882
1093, 419, 469
1094, 32, 246
1095, 149, 933
1096, 614, 956
1097, 816, 858
1098, 569, 949
1099, 836, 905
1100, 87, 616
1101, 537, 708
1102, 241, 596
1103, 375, 770
1104, 356, 640
1105, 446, 839
1106, 879, 947
1107, 312, 973
1108, 427, 778
1109, 146, 338
1110, 286, 416
1111, 785, 896
1112, 1, 633
1113, 158, 844
1114, 53, 939
1115, 477, 992
1116, 767, 786
1117, 12, 606
1118, 400, 448
1119, 449, 495
1120, 267, 645
1121, 630, 720
1122, 203, 759
1123, 341, 558
1124, 201, 311
1125, 276, 631
1126, 302, 515
1127, 126, 526
1128, 182, 590
1129, 599, 843
1130, 55, 137
1131, 185, 304
1132, 30, 977
1133, 417, 980
1134, 418, 810
1135, 15, 703
1136, 787, 1000
1137, 116, 329
1138, 609, 987
1139, 157, 220
1140, 859, 997
1141, 420, 852
1142, 508, 604
1143, 451, 835
1144, 683, 768
1145, 194, 349
1146, 29, 711
1147, 466, 687
1148, 273, 405
1149, 625, 883
1150, 82, 789
1151, 171, 482
1152, 379, 739
1153, 414, 892
1154, 6, 912
1155, 274, 861
1156, 289, 621
1157, 394, 914
1158, 573, 602
1159, 231, 657
1160, 637, 868
1161, 398, 542
1162, 214, 623
1163, 152, 452
1164, 415, 557
1165, 523, 670
1166, 330, 412
1167, 26, 869
1168, 101, 357
1169, 115, 753
1170, 61, 764
1171, 190, 930
1172, 62, 551
1173, 218, 763
1174, 317, 467
1175, 517, 857
1176, 65, 524
1177, 250, 554
1178, 20, 902
1179, 567, 954
1180, 422, 807
1181, 107, 251
1182, 648, 999
1183, 314, 924
1184, 572, 818
1185, 355, 743
1186, 507, 758
1187, 21, 497
1188, 48, 808
1189, 441, 559
1190, 464, 642
1191, 43, 353
1192, 663, 996
1193, 618, 970
1194, 192, 226
1195, 612, 837
1196, 518, 775
1197, 323, 421
1198, 595, 748
1199, 336, 578
1200, 541, 995
1201, 365, 444
1202, 583, 867
1203, 133, 809
1204, 258, 729
1205, 41, 485
1206, 25, 139
1207, 527, 962
1208, 721, 847
1209, 636, 969
1210, 114, 695
1211, 221, 986
1212, 577, 791
1213, 298, 483
1214, 71, 368
1215, 125, 575
1216, 170, 245
1217, 305, 799
1218, 347, 399
1219, 24, 456
1220, 337, 549
1221, 906, 921
1222, 161, 389
1223, 525, 613
1224, 881, 919
1225, 131, 751
1226, 86, 913
1227, 108, 486
1228, 109, 940
1229, 183, 951
1230, 384, 686
1231, 371, 591
1232, 396, 457
1233, 262, 348
1234, 475, 936
1235, 814, 840
1236, 121, 653
1237, 487, 594
1238, 175, 285
1239, 429, 500
1240, 373, 586
1241, 173, 293
1242, 169, 865
1243, 561, 974
1244, 111, 123
1245, 283, 826
1246, 35, 666
1247, 240, 553
1248, 95, 244
1249, 37, 605
1250, 745, 838
1251, 98, 761
1252, 54, 829
1253, 465, 521
1254, 730, 935
1255, 600, 746
1256, 597, 735
1257, 103, 342
1258, 345, 820
1259, 693, 755
1260, 332, 334
1261, 907, 966
1262, 9, 716
1263, 100, 281
1264, 747, 783
1265, 280, 941
1266, 455, 994
1267, 744, 961
1268, 374, 626
1269, 320, 403
1270, 776, 813
1271, 644, 825
1272, 130, 884
1273, 22, 864
1274, 805, 931
1275, 402, 915
1276, 598, 911
1277, 782, 990
1278, 222, 964
1279, 17, 300
1280, 113, 589
1281, 180, 830
1282, 268, 361
1283, 282, 647
1284, 411, 677
1285, 33, 63
1286, 119, 227
1287, 144, 454
1288, 479, 895
1289, 676, 967
1290, 491, 834
1291, 299, 664
1292, 23, 463
1293, 143, 658
1294, 207, 945
1295, 548, 627
1296, 401, 406
1297, 164, 473
1298, 31, 629
1299, 377, 593
1300, 97, 275
1301, 386, 624
1302, 68, 163
1303, 550, 587
1304, 436, 803
1305, 620, 849
1306, 651, 821
1307, 110, 891
1308, 265, 428
1309, 3, 78
1310, 540, 925
1311, 216, 923
1312, 261, 437
1313, 50, 481
1314, 351, 900
1315, 142, 168
1316, 237, 654
1317, 395, 908
1318, 367, 531
1319, 229, 750
1320, 77, 850
1321, 287, 581
1322, 235, 740
1323, 176, 295
1324, 204, 863
1325, 184, 195
1326, 155, 831
1327, 42, 742
1328, 426, 757
1329, 632, 719
1330, 425, 989
1331, 704, 975
1332, 871, 960
1333, 472, 539
1334, 503, 608
1335, 409, 878
1336, 700, 777
1337, 439, 946
1338, 321, 335
1339, 638, 692
1340, 40, 607
1341, 210, 932
1342, 228, 982
1343, 650, 723
1344, 217, 592
1345, 118, 848
1346, 297, 698
1347, 156, 172
1348, 193, 734
1349, 46, 440
1350, 327, 886
1351, 545, 781
1352, 45, 694
1353, 533, 806
1354, 333, 445
1355, 191, 875
1356, 4, 447
1357, 58, 529
1358, 701, 976
1359, 350, 679
1360, 615, 877
1361, 319, 910
1362, 369, 938
1363, 315, 461
1364, 136, 209
1365, 7, 943
1366, 34, 506
1367, 91, 443
1368, 19, 85
1369, 309, 603
1370, 546, 727
1371, 256, 536
1372, 643, 733
1373, 343, 811
1374, 166, 682
1375, 198, 279
1376, 147, 458
1377, 359, 538
1378, 140, 619
1379, 634, 717
1380, 382, 673
1381, 187, 737
1382, 271, 272
1383, 362, 957
1384, 89, 381
1385, 64, 760
1386, 722, 724
1387, 76, 725
1388, 239, 894
1389, 438, 934
1390, 296, 354
1391, 588, 649
1392, 543, 988
1393, 689, 801
1394, 205, 266
1395, 179, 771
1396, 74, 993
1397, 242, 253
1398, 186, 470
1399, 236, 842
1400, 88, 352
1401, 340, 660
1402, 94, 326
1403, 233, 555
1404, 672, 876
1405, 313, 532
1406, 160, 953
1407, 36, 899
1408, 219, 978
1409, 710, 788
1410, 290, 874
1411, 366, 885
1412, 680, 860
1413, 622, 855
1414, 846, 944
1415, 181, 656
1416, 132, 824
1417, 196, 827
1418, 269, 866
1419, 407, 712
1420, 715, 903
1421, 206, 391
1422, 11, 688
1423, 148, 671
1424, 165, 387
1425, 423, 580
1426, 72, 841
1427, 277, 904
1428, 410, 494
1429, 243, 316
1430, 124, 963
1431, 106, 512
1432, 691, 981
1433, 707, 728
1434, 652, 795
1435, 509, 812
1436, 610, 659
1437, 774, 998
1438, 552, 804
1439, 248, 972
1440, 56, 307
1441, 59, 120
1442, 5, 493
1443, 585, 709
1444, 69, 104
1445, 44, 303
1446, 430, 522
1447, 291, 792
1448, 431, 870
1449, 471, 617
1450, 490, 793
1451, 310, 499
1452, 67, 223
1453, 117, 959
1454, 492, 802
1455, 83, 971
1456, 232, 501
1457, 81, 380
1458, 294, 339
1459, 16, 496
1460, 435, 568
1461, 28, 238
1462, 199, 516
1463, 260, 790
1464, 408, 570
1465, 150, 520
1466, 127, 292
1467, 14, 462
1468, 655, 872
1469, 70, 433
1470, 681, 942
1471, 819, 873
1472, 10, 270
1473, 749, 955
1474, 145, 301
1475, 385, 442
1476, 534, 726
1477, 718, 856
1478, 562, 797
1479, 128, 762
1480, 47, 434
1481, 93, 668
1482, 112, 853
1483, 370, 468
1484, 8, 18
1485, 49, 383
1486, 684, 736
1487, 80, 888
1488, 450, 754
1489, 73, 738
1490, 213, 563
1491, 57, 901
1492, 92, 476
1493, 388, 669
1494, 893, 927
1495, 151, 480
1496, 392, 601
1497, 566, 741
1498, 51, 926
1499, 766, 983
1500, 513, 845
1501, 335, 412
1502, 705, 747
1503, 559, 698
1504, 200, 605
1505, 196, 404
1506, 93, 281
1507, 102, 231
1508, 496, 796
1509, 241, 940
1510, 807, 900
1511, 451, 614
1512, 475, 925
1513, 603, 990
1514, 46, 353
1515, 316, 525
1516, 447, 898
1517, 40, 428
1518, 472, 691
1519, 227, 371
1520, 682, 921
1521, 60, 762
1522, 357, 870
1523, 557, 685
1524, 239, 874
1525, 77, 433
1526, 110, 727
1527, 308, 444
1528, 166, 850
1529, 368, 548
1530, 69, 968
1531, 770, 948
1532, 92, 206
1533, 512, 884
1534, 18, 454
1535, 625, 687
1536, 540, 653
1537, 146, 423
1538, 95, 797
1539, 504, 887
1540, 8, 465
1541, 341, 435
1542, 57, 892
1543, 443, 963
1544, 4, 970
1545, 741, 899
1546, 253, 262
1547, 27, 996
1548, 642, 725
1549, 679, 787
1550, 537, 756
1551, 189, 313
1552, 972, 975
1553, 155, 736
1554, 871, 912
1555, 419, 663
1556, 39, 263
1557, 164, 717
1558, 50, 664
1559, 222, 661
1560, 62, 982
1561, 302, 808
1562, 933, 979
1563, 848, 904
1564, 320, 514
1565, 410, 492
1566, 185, 252
1567, 319, 360
1568, 905, 934
1569, 171, 818
1570, 851, 929
1571, 430, 703
1572, 328, 662
1573, 114, 445
1574, 6, 531
1575, 332, 547
1576, 148, 739
1577, 901, 978
1578, 78, 953
1579, 257, 619
1580, 76, 175
1581, 207, 533
1582, 266, 269
1583, 518, 817
1584, 44, 832
1585, 271, 777
1586, 478, 479
1587, 243, 654
1588, 464, 744
1589, 289, 926
1590, 13, 304
1591, 217, 627
1592, 583, 988
1593, 161, 771
1594, 372, 611
1595, 564, 819
1596, 499, 795
1597, 358, 772
1598, 53, 864
1599, 532, 728
1600, 343, 829
1601, 260, 346
1602, 340, 792
1603, 688, 846
1604, 576, 704
1605, 550, 660
1606, 151, 390
1607, 897, 965
1608, 43, 825
1609, 131, 592
1610, 723, 754
1611, 643, 867
1612, 160, 721
1613, 376, 958
1614, 31, 593
1615, 399, 668
1616, 637, 778
1617, 96, 541
1618, 187, 440
1619, 659, 740
1620, 115, 240
1621, 167, 868
1622, 330, 877
1623, 261, 692
1624, 830, 927
1625, 35, 351
1626, 484, 938
1627, 586, 976
1628, 366, 878
1629, 212, 344
1630, 300, 565
1631, 702, 992
1632, 113, 815
1633, 394, 803
1634, 470, 984
1635, 181, 666
1636, 840, 969
1637, 70, 837
1638, 385, 998
1639, 395, 575
1640, 210, 571
1641, 276, 628
1642, 11, 585
1643, 81, 193
1644, 431, 999
1645, 303, 939
1646, 133, 609
1647, 629, 964
1648, 708, 937
1649, 177, 436
1650, 246, 820
1651, 270, 813
1652, 381, 827
1653, 158, 680
1654, 421, 909
1655, 203, 639
1656, 36, 409
1657, 180, 501
1658, 383, 610
1659, 915, 944
1660, 55, 566
1661, 738, 844
1662, 607, 824
1663, 105, 414
1664, 84, 857
1665, 960, 981
1666, 29, 693
1667, 145, 321
1668, 788, 983
1669, 229, 491
1670, 298, 890
1671, 51, 354
1672, 774, 891
1673, 712, 879
1674, 142, 526
1675, 785, 985
1676, 251, 750
1677, 162, 812
1678, 623, 869
1679, 859, 886
1680, 265, 650
1681, 674, 902
1682, 127, 714
1683, 74, 310
1684, 123, 460
1685, 273, 597
1686, 393, 485
1687, 600, 882
1688, 776, 826
1689, 315, 896
1690, 450, 633
1691, 520, 699
1692, 590, 945
1693, 134, 255
1694, 398, 405
1695, 822, 942
1696, 761, 849
1697, 20, 608
1698, 422, 588
1699, 288, 307
1700, 839, 951
1701, 89, 997
1702, 538, 587
1703, 493, 842
1704, 716, 843
1705, 153, 285
1706, 375, 753
1707, 570, 617
1708, 517, 523
1709, 178, 768
1710, 32, 710
1711, 14, 355
1712, 19, 99
1713, 299, 490
1714, 195, 841
1715, 1, 415
1716, 191, 711
1717, 235, 236
1718, 190, 267
1719, 413, 676
1720, 296, 620
1721, 539, 673
1722, 847, 966
1723, 101, 384
1724, 247, 989
1725, 26, 836
1726, 696, 856
1727, 468, 645
1728, 58, 359
1729, 21, 893
1730, 238, 971
1731, 516, 823
1732, 488, 955
1733, 292, 549
1734, 168, 834
1735, 535, 918
1736, 598, 809
1737, 336, 799
1738, 323, 885
1739, 594, 956
1740, 852, 920
1741, 556, 672
1742, 403, 553
1743, 426, 452
1744, 734, 977
1745, 327, 919
1746, 122, 543
1747, 737, 947
1748, 606, 987
1749, 297, 665
1750, 425, 439
1751, 174, 182
1752, 198, 364
1753, 138, 961
1754, 804, 876
1755, 582, 632
1756, 480, 494
1757, 218, 994
1758, 226, 613
1759, 179, 995
1760, 724, 855
1761, 391, 602
1762, 259, 503
1763, 290, 522
1764, 213, 760
1765, 481, 683
1766, 274, 417
1767, 562, 719
1768, 459, 624
1769, 47, 580
1770, 615, 828
1771, 117, 172
1772, 322, 635
1773, 186, 601
1774, 224, 652
1775, 234, 294
1776, 194, 667
1777, 347, 476
1778, 254, 275
1779, 455, 889
1780, 649, 894
1781, 45, 221
1782, 17, 709
1783, 130, 169
1784, 132, 527
1785, 396, 959
1786, 334, 718
1787, 463, 950
1788, 406, 640
1789, 277, 581
1790, 37, 903
1791, 462, 489
1792, 82, 521
1793, 216, 374
1794, 176, 427
1795, 305, 766
1796, 338, 880
1797, 473, 835
1798, 66, 655
1799, 201, 563
1800, 858, 888
1801, 28, 922
1802, 295, 678
1803, 184, 713
1804, 256, 560
1805, 125, 505
1806, 733, 860
1807, 272, 626
1808, 116, 192
1809, 616, 907
1810, 258, 362
1811, 418, 784
1812, 361, 917
1813, 286, 573
1814, 109, 544
1815, 326, 980
1816, 121, 211
1817, 94, 568
1818, 482, 810
1819, 149, 392
1820, 90, 530
1821, 278, 906
1822, 612, 648
1823, 73, 317
1824, 845, 941
1825, 508, 916
1826, 119, 743
1827, 551, 722
1828, 365, 883
1829, 107, 545
1830, 831, 853
1831, 65, 128
1832, 140, 789
1833, 204, 400
1834, 52, 811
1835, 424, 967
1836, 30, 647
1837, 962, 991
1838, 438, 574
1839, 41, 745
1840, 144, 542
1841, 764, 800
1842, 225, 567
1843, 732, 949
1844, 546, 751
1845, 318, 456
1846, 816, 913
1847, 498, 914
1848, 280, 599
1849, 183, 589
1850, 232, 791
1851, 471, 497
1852, 237, 935
1853, 48, 715
1854, 641, 689
1855, 388, 707
1856, 120, 401
1857, 88, 248
1858, 279, 814
1859, 378, 726
1860, 507, 578
1861, 49, 56
1862, 118, 946
1863, 373, 866
1864, 10, 861
1865, 126, 720
1866, 510, 763
1867, 249, 930
1868, 757, 875
1869, 502, 577
1870, 387, 781
1871, 16, 33
1872, 80, 952
1873, 282, 349
1874, 287, 350
1875, 500, 773
1876, 208, 519
1877, 411, 924
1878, 106, 697
1879, 139, 230
1880, 2, 686
1881, 284, 579
1882, 352, 379
1883, 312, 783
1884, 591, 863
1885, 749, 780
1886, 536, 731
1887, 862, 923
1888, 12, 215
1889, 584, 838
1890, 63, 124
1891, 755, 910
1892, 331, 513
1893, 301, 434
1894, 973, 1000
1895, 25, 432
1896, 631, 765
1897, 86, 291
1898, 5, 397
1899, 244, 865
1900, 157, 974
1901, 170, 572
1902, 129, 202
1903, 506, 936
1904, 461, 483
1905, 9, 314
1906, 408, 695
1907, 928, 932
1908, 68, 442
1909, 487, 534
1910, 758, 873
1911, 87, 228
1912, 219, 293
1913, 495, 690
1914, 345, 748
1915, 458, 730
1916, 23, 790
1917, 71, 486
1918, 141, 156
1919, 136, 636
1920, 100, 103
1921, 369, 528
1922, 348, 786
1923, 137, 416
1924, 220, 622
1925, 453, 943
1926, 337, 854
1927, 223, 268
1928, 188, 382
1929, 367, 767
1930, 197, 524
1931, 311, 386
1932, 775, 793
1933, 380, 448
1934, 104, 402
1935, 306, 656
1936, 22, 833
1937, 42, 324
1938, 143, 329
1939, 108, 154
1940, 205, 735
1941, 233, 993
1942, 441, 752
1943, 34, 264
1944, 515, 630
1945, 75, 91
1946, 651, 779
1947, 558, 694
1948, 15, 283
1949, 61, 782
1950, 173, 802
1951, 152, 363
1952, 657, 684
1953, 474, 670
1954, 111, 806
1955, 67, 700
1956, 159, 658
1957, 163, 634
1958, 7, 554
1959, 245, 669
1960, 242, 469
1961, 511, 801
1962, 135, 449
1963, 3, 638
1964, 377, 457
1965, 325, 389
1966, 529, 671
1967, 147, 420
1968, 561, 569
1969, 150, 199
1970, 24, 957
1971, 72, 333
1972, 165, 604
1973, 677, 706
1974, 467, 759
1975, 112, 872
1976, 821, 931
1977, 342, 595
1978, 209, 895
1979, 214, 429
1980, 646, 742
1981, 356, 644
1982, 309, 618
1983, 54, 59
1984, 83, 805
1985, 675, 729
1986, 64, 881
1987, 446, 769
1988, 97, 98
1989, 370, 555
1990, 621, 746
1991, 407, 681
1992, 701, 986
1993, 339, 552
1994, 38, 466
1995, 250, 437
1996, 85, 908
1997, 477, 954
1998, 596, 911
1999, 509, 794
2000, 79, 798
2001, 727, 934
2002, 597, 987
2003, 316, 636
2004, 122, 774
2005, 547, 715
2006, 304, 405
2007, 96, 222
2008, 116, 766
2009, 165, 421
2010, 658, 893
2011, 501, 700
2012, 268, 401
2013, 119, 243
2014, 677, 709
2015, 744, 835
2016, 275, 465
2017, 645, 827
2018, 375, 829
2019, 485, 556
2020, 169, 680
2021, 159, 248
2022, 955, 984
2023, 598, 639
2024, 805, 864
2025, 830, 994
2026, 434, 905
2027, 200, 516
2028, 296, 519
2029, 153, 468
2030, 783, 965
2031, 233, 614
2032, 592, 941
2033, 341, 880
2034, 458, 771
2035, 138, 992
2036, 88, 580
2037, 163, 674
2038, 175, 491
2039, 332, 655
2040, 503, 875
2041, 86, 910
2042, 91, 641
2043, 959, 980
2044, 190, 384
2045, 274, 647
2046, 47, 318
2047, 737, 801
2048, 396, 852
2049, 566, 944
2050, 557, 657
2051, 42, 672
2052, 918, 991
2053, 84, 701
2054, 115, 703
2055, 312, 313
2056, 369, 390
2057, 398, 414
2058, 54, 724
2059, 10, 210
2060, 198, 850
2061, 61, 660
2062, 192, 909
2063, 164, 502
2064, 661, 675
2065, 397, 545
2066, 422, 868
2067, 32, 489
2068, 392, 490
2069, 93, 773
2070, 155, 867
2071, 1, 900
2072, 196, 567
2073, 206, 874
2074, 364, 386
2075, 803, 862
2076, 575, 619
2077, 60, 217
2078, 26, 824
2079, 111, 211
2080, 293, 811
2081, 246, 682
2082, 342, 381
2083, 579, 983
2084, 11, 734
2085, 591, 651
2086, 219, 800
2087, 189, 356
2088, 837, 860
2089, 320, 582
2090, 337, 548
2091, 336, 439
2092, 846, 897
2093, 581, 913
2094, 721, 804
2095, 282, 584
2096, 497, 509
2097, 161, 843
2098, 106, 446
2099, 527, 883
2100, 81, 105
2101, 374, 717
2102, 141, 425
2103, 411, 599
2104, 281, 832
2105, 59, 426
2106, 17, 878
2107, 418, 577
2108, 317, 708
2109, 285, 343
2110, 329, 948
2111, 201, 518
2112, 351, 455
2113, 733, 995
2114, 15, 906
2115, 826, 985
2116, 160, 772
2117, 43, 488
2118, 12, 768
2119, 615, 723
2120, 739, 927
2121, 208, 617
2122, 82, 496
2123, 193, 666
2124, 245, 973
2125, 27, 601
2126, 665, 879
2127, 476, 562
2128, 404, 574
2129, 124, 604
2130, 303, 542
2131, 94, 482
2132, 649, 990
2133, 760, 848
2134, 419, 456
2135, 127, 693
2136, 120, 242
2137, 132, 844
2138, 239, 887
2139, 251, 526
2140, 140, 886
2141, 34, 308
2142, 63, 255
2143, 746, 857
2144, 179, 686
2145, 38, 981
2146, 896, 942
2147, 129, 679
2148, 117, 782
2149, 438, 726
2150, 7, 209
2151, 593, 752
2152, 112, 653
2153, 289, 523
2154, 554, 735
2155, 778, 888
2156, 618, 873
2157, 142, 216
2158, 218, 841
2159, 56, 816
2160, 41, 263
2161, 24, 29
2162, 353, 514
2163, 62, 607
2164, 423, 755
2165, 232, 500
2166, 20, 537
2167, 487, 521
2168, 257, 294
2169, 19, 436
2170, 149, 585
2171, 553, 590
2172, 185, 445
2173, 483, 845
2174, 223, 692
2175, 359, 441
2176, 366, 569
2177, 299, 324
2178, 330, 711
2179, 736, 761
2180, 687, 986
2181, 177, 331
2182, 235, 407
2183, 328, 730
2184, 172, 699
2185, 467, 669
2186, 254, 684
2187, 322, 939
2188, 628, 818
2189, 194, 713
2190, 435, 710
2191, 819, 922
2192, 621, 634
2193, 307, 610
2194, 334, 529
2195, 789, 812
2196, 188, 602
2197, 130, 762
2198, 594, 940
2199, 74, 348
2200, 625, 982
2201, 605, 606
2202, 87, 707
2203, 33, 664
2204, 4, 469
2205, 134, 453
2206, 215, 368
2207, 197, 280
2208, 691, 702
2209, 573, 722
2210, 549, 551
2211, 36, 67
2212, 400, 791
2213, 472, 571
2214, 362, 961
2215, 241, 363
2216, 83, 389
2217, 224, 267
2218, 673, 683
2219, 475, 1000
2220, 471, 954
2221, 560, 796
2222, 448, 932
2223, 871, 946
2224, 406, 884
2225, 261, 492
2226, 228, 600
2227, 858, 978
2228, 89, 178
2229, 45, 742
2230, 125, 479
2231, 195, 967
2232, 13, 77
2233, 283, 531
2234, 49, 908
2235, 171, 463
2236, 319, 903
2237, 135, 741
2238, 244, 528
2239, 231, 377
2240, 306, 495
2241, 558, 923
2242, 37, 555
2243, 432, 823
2244, 315, 637
2245, 259, 632
2246, 110, 256
2247, 757, 810
2248, 776, 960
2249, 167, 182
2250, 187, 230
2251, 856, 964
2252, 292, 297
2253, 697, 912
2254, 151, 979
2255, 380, 417
2256, 69, 753
2257, 70, 314
2258, 202, 839
2259, 284, 333
2260, 596, 952
2261, 272, 676
2262, 53, 431
2263, 121, 644
2264, 31, 452
2265, 473, 696
2266, 338, 938
2267, 35, 373
2268, 781, 889
2269, 30, 743
2270, 588, 620
2271, 146, 859
2272, 309, 504
2273, 207, 662
2274, 72, 643
2275, 58, 355
2276, 849, 881
2277, 511, 663
2278, 630, 750
2279, 6, 137
2280, 372, 656
2281, 3, 52
2282, 587, 957
2283, 184, 358
2284, 321, 642
2285, 126, 925
2286, 113, 745
2287, 626, 808
2288, 136, 899
2289, 539, 951
2290, 8, 80
2291, 23, 204
2292, 698, 861
2293, 403, 420
2294, 101, 999
2295, 158, 608
2296, 266, 627
2297, 480, 802
2298, 507, 740
2299, 786, 831
2300, 311, 437
2301, 287, 478
2302, 152, 225
2303, 360, 756
2304, 371, 919
2305, 525, 813
2306, 770, 949
2307, 520, 920
2308, 855, 866
2309, 506, 933
2310, 486, 583
2311, 763, 924
2312, 191, 530
2313, 76, 638
2314, 295, 784
2315, 16, 459
2316, 451, 787
2317, 892, 970
2318, 339, 499
2319, 544, 930
2320, 5, 706
2321, 533, 652
2322, 678, 797
2323, 624, 926
2324, 48, 50
2325, 814, 963
2326, 290, 688
2327, 168, 729
2328, 310, 586
2329, 433, 788
2330, 71, 937
2331, 833, 921
2332, 327, 612
2333, 14, 966
2334, 350, 907
2335, 809, 895
2336, 234, 671
2337, 442, 613
2338, 145, 712
2339, 335, 367
2340, 378, 464
2341, 767, 998
2342, 550, 690
2343, 133, 561
2344, 18, 779
2345, 346, 536
2346, 517, 732
2347, 568, 885
2348, 395, 931
2349, 273, 728
2350, 214, 361
2351, 323, 950
2352, 945, 974
2353, 128, 430
2354, 670, 828
2355, 181, 570
2356, 39, 646
2357, 100, 203
2358, 623, 705
2359, 92, 546
2360, 340, 928
2361, 90, 484
2362, 99, 532
2363, 78, 508
2364, 847, 917
2365, 270, 759
2366, 563, 936
2367, 118, 512
2368, 291, 443
2369, 139, 474
2370, 229, 534
2371, 440, 890
2372, 278, 807
2373, 515, 851
2374, 144, 352
2375, 143, 157
2376, 477, 840
2377, 777, 953
2378, 595, 894
2379, 250, 466
2380, 347, 914
2381, 173, 494
2382, 667, 719
2383, 345, 388
2384, 57, 891
2385, 792, 943
2386, 428, 543
2387, 46, 108
2388, 22, 461
2389, 258, 668
2390, 794, 869
2391, 176, 695
2392, 51, 166
2393, 354, 997
2394, 85, 790
2395, 102, 836
2396, 795, 817
2397, 28, 916
2398, 75, 648
2399, 654, 758
2400, 220, 611
2401, 462, 842
2402, 104, 564
2403, 123, 399
2404, 725, 825
2405, 65, 460
2406, 79, 415
2407, 394, 962
2408, 470, 904
2409, 97, 541
2410, 212, 252
2411, 481, 911
2412, 238, 834
2413, 559, 854
2414, 162, 276
2415, 253, 493
2416, 279, 382
2417, 21, 901
2418, 716, 738
2419, 412, 629
2420, 971, 993
2421, 622, 882
2422, 269, 631
2423, 40, 513
2424, 764, 958
2425, 44, 704
2426, 66, 720
2427, 205, 747
2428, 64, 872
2429, 131, 576
2430, 262, 659
2431, 288, 325
2432, 300, 409
2433, 731, 820
2434, 213, 838
2435, 2, 226
2436, 148, 349
2437, 603, 969
2438, 391, 505
2439, 552, 565
2440, 413, 806
2441, 754, 972
2442, 510, 718
2443, 180, 450
2444, 498, 822
2445, 538, 915
2446, 240, 616
2447, 402, 749
2448, 73, 589
2449, 174, 264
2450, 975, 988
2451, 249, 265
2452, 876, 989
2453, 357, 765
2454, 298, 780
2455, 236, 976
2456, 150, 170
2457, 821, 947
2458, 785, 996
2459, 685, 748
2460, 237, 609
2461, 68, 427
2462, 107, 410
2463, 376, 387
2464, 524, 853
2465, 326, 815
2466, 98, 109
2467, 186, 344
2468, 25, 156
2469, 444, 751
2470, 447, 457
2471, 277, 650
2472, 522, 694
2473, 383, 898
2474, 877, 935
2475, 370, 799
2476, 183, 633
2477, 572, 640
2478, 227, 798
2479, 305, 870
2480, 103, 379
2481, 540, 681
2482, 271, 689
2483, 929, 977
2484, 221, 416
2485, 114, 424
2486, 247, 865
2487, 454, 793
2488, 55, 365
2489, 260, 578
2490, 9, 286
2491, 385, 535
2492, 408, 635
2493, 154, 968
2494, 863, 902
2495, 429, 769
2496, 301, 393
2497, 714, 956
2498, 95, 147
2499, 199, 302
2500, 449, 775
2501, 371, 543
2502, 528, 677
2503, 195, 697
2504, 479, 892
2505, 51, 248
2506, 275, 654
2507, 645, 820
2508, 507, 569
2509, 53, 61
2510, 377, 693
2511, 349, 444
2512, 604, 929
2513, 564, 974
2514, 323, 704
2515, 722, 763
2516, 398, 650
2517, 925, 931
2518, 430, 678
2519, 131, 451
2520, 273, 906
2521, 662, 898
2522, 373, 818
2523, 442, 765
2524, 603, 954
2525, 218, 669
2526, 701, 1000
2527, 401, 882
2528, 328, 913
2529, 356, 960
2530, 86, 512
2531, 427, 878
2532, 553, 758
2533, 200, 776
2534, 89, 375
2535, 844, 939
2536, 649, 836
2537, 251, 496
2538, 136, 958
2539, 445, 741
2540, 239, 277
2541, 217, 597
2542, 298, 616
2543, 68, 856
2544, 580, 797
2545, 46, 679
2546, 123, 826
2547, 43, 568
2548, 552, 779
2549, 64, 419
2550, 302, 556
2551, 115, 409
2552, 183, 363
2553, 255, 378
2554, 544, 700
2555, 237, 813
2556, 163, 687
2557, 709, 932
2558, 282, 292
2559, 509, 833
2560, 233, 561
2561, 142, 437
2562, 246, 278
2563, 4, 652
2564, 407, 762
2565, 257, 672
2566, 395, 615
2567, 511, 607
2568, 821, 897
2569, 340, 631
2570, 494, 839
2571, 327, 504
2572, 9, 269
2573, 260, 495
2574, 518, 707
2575, 35, 988
2576, 177, 532
2577, 483, 487
2578, 657, 743
2579, 122, 476
2580, 103, 565
2581, 868, 916
2582, 859, 866
2583, 137, 905
2584, 33, 116
2585, 27, 730
2586, 716, 938
2587, 169, 888
2588, 554, 592
2589, 126, 845
2590, 215, 380
2591, 157, 989
2592, 135, 792
2593, 291, 344
2594, 596, 831
2595, 174, 488
2596, 309, 766
2597, 128, 904
2598, 58, 946
2599, 100, 999
2600, 56, 311
2601, 358, 527
2602, 563, 896
2603, 295, 630
2604, 304, 785
2605, 85, 595
2606, 232, 623
2607, 535, 987
2608, 276, 673
2609, 72, 461
2610, 225, 464
2611, 77, 993
2612, 369, 659
2613, 728, 870
2614, 65, 264
2615, 824, 966
2616, 752, 945
2617, 392, 852
2618, 351, 964
2619, 499, 936
2620, 202, 851
2621, 18, 757
2622, 817, 982
2623, 167, 910
2624, 62, 226
2625, 343, 691
2626, 466, 690
2627, 417, 537
2628, 459, 890
2629, 71, 107
2630, 895, 919
2631, 66, 415
2632, 365, 382
2633, 281, 874
2634, 224, 770
2635, 111, 214
2636, 312, 469
2637, 83, 188
2638, 252, 732
2639, 32, 816
2640, 539, 877
2641, 549, 624
2642, 101, 637
2643, 548, 957
2644, 88, 456
2645, 287, 800
2646, 249, 399
2647, 600, 881
2648, 76, 967
2649, 324, 948
2650, 285, 724
2651, 96, 575
2652, 106, 223
2653, 578, 953
2654, 168, 593
2655, 45, 493
2656, 235, 684
2657, 319, 481
2658, 517, 796
2659, 34, 787
2660, 108, 179
2661, 160, 927
2662, 253, 411
2663, 686, 980
2664, 125, 768
2665, 171, 676
2666, 540, 795
2667, 54, 606
2668, 337, 738
2669, 245, 516
2670, 52, 531
2671, 60, 74
2672, 339, 572
2673, 152, 241
2674, 75, 498
2675, 426, 840
2676, 726, 930
2677, 151, 178
2678, 28, 321
2679, 390, 835
2680, 750, 986
2681, 40, 422
2682, 7, 599
2683, 850, 985
2684, 23, 915
2685, 525, 610
2686, 161, 872
2687, 19, 57
2688, 279, 777
2689, 387, 901
2690, 181, 880
2691, 640, 942
2692, 39, 170
2693, 636, 789
2694, 69, 381
2695, 633, 639
2696, 219, 894
2697, 523, 764
2698, 366, 689
2699, 26, 864
2700, 708, 983
2701, 832, 959
2702, 440, 838
2703, 336, 780
2704, 274, 473
2705, 619, 644
2706, 190, 510
2707, 310, 718
2708, 229, 828
2709, 341, 918
2710, 562, 670
2711, 761, 799
2712, 124, 538
2713, 303, 491
2714, 191, 513
2715, 138, 841
2716, 413, 682
2717, 30, 551
2718, 147, 869
2719, 854, 903
2720, 182, 394
2721, 793, 990
2722, 376, 735
2723, 350, 408
2724, 208, 934
2725, 404, 585
2726, 389, 667
2727, 361, 435
2728, 725, 955
2729, 120, 463
2730, 114, 121
2731, 326, 432
2732, 584, 887
2733, 150, 193
2734, 36, 577
2735, 176, 379
2736, 425, 526
2737, 158, 588
2738, 31, 397
2739, 187, 875
2740, 41, 912
2741, 93, 196
2742, 236, 632
2743, 614, 663
2744, 209, 801
2745, 608, 695
2746, 290, 434
2747, 746, 846
2748, 629, 702
2749, 759, 899
2750, 346, 783
2751, 164, 867
2752, 11, 294
2753, 486, 502
2754, 423, 855
2755, 227, 949
2756, 457, 827
2757, 263, 772
2758, 2, 418
2759, 756, 975
2760, 280, 997
2761, 342, 969
2762, 455, 717
2763, 140, 374
2764, 268, 438
2765, 330, 848
2766, 447, 618
2767, 6, 155
2768, 393, 574
2769, 753, 933
2770, 240, 973
2771, 359, 873
2772, 250, 995
2773, 25, 228
2774, 194, 744
2775, 655, 922
2776, 105, 370
2777, 714, 937
2778, 739, 921
2779, 406, 420
2780, 265, 283
2781, 386, 611
2782, 402, 660
2783, 683, 928
2784, 338, 719
2785, 462, 979
2786, 446, 699
2787, 29, 703
2788, 38, 474
2789, 367, 468
2790, 134, 153
2791, 602, 646
2792, 5, 301
2793, 192, 829
2794, 470, 533
2795, 244, 715
2796, 92, 505
2797, 767, 798
2798, 10, 78
2799, 472, 638
2800, 63, 449
2801, 296, 849
2802, 99, 656
2803, 162, 996
2804, 354, 579
2805, 271, 477
2806, 203, 220
2807, 529, 803
2808, 305, 858
2809, 452, 536
2810, 384, 926
2811, 173, 414
2812, 81, 300
2813, 745, 908
2814, 293, 861
2815, 355, 692
2816, 12, 270
2817, 145, 576
2818, 144, 591
2819, 3, 651
2820, 665, 914
2821, 129, 492
2822, 622, 876
2823, 484, 609
2824, 429, 976
2825, 405, 774
2826, 127, 329
2827, 558, 822
2828, 258, 998
2829, 149, 368
2830, 860, 947
2831, 299, 428
2832, 132, 802
2833, 331, 749
2834, 643, 674
2835, 172, 694
2836, 571, 617
2837, 541, 720
2838, 433, 570
2839, 82, 825
2840, 20, 242
2841, 385, 857
2842, 15, 626
2843, 760, 807
2844, 924, 943
2845, 47, 73
2846, 98, 613
2847, 322, 396
2848, 545, 647
2849, 450, 734
2850, 410, 971
2851, 830, 941
2852, 261, 521
2853, 146, 621
2854, 648, 710
2855, 675, 804
2856, 207, 480
2857, 117, 514
2858, 794, 823
2859, 383, 424
2860, 266, 443
2861, 289, 862
2862, 316, 944
2863, 148, 325
2864, 95, 109
2865, 139, 902
2866, 863, 956
2867, 471, 587
2868, 590, 729
2869, 364, 992
2870, 143, 751
2871, 201, 740
2872, 460, 963
2873, 534, 891
2874, 448, 666
2875, 288, 991
2876, 788, 984
2877, 522, 950
2878, 262, 668
2879, 79, 159
2880, 547, 790
2881, 489, 884
2882, 582, 755
2883, 55, 84
2884, 133, 742
2885, 605, 962
2886, 49, 661
2887, 166, 238
2888, 130, 272
2889, 90, 284
2890, 185, 642
2891, 612, 791
2892, 165, 465
2893, 314, 977
2894, 213, 706
2895, 24, 318
2896, 13, 391
2897, 50, 805
2898, 286, 771
2899, 37, 503
2900, 560, 843
2901, 589, 865
2902, 1, 497
2903, 234, 712
2904, 67, 671
2905, 113, 940
2906, 439, 814
2907, 42, 403
2908, 308, 907
2909, 21, 500
2910, 812, 994
2911, 267, 769
2912, 733, 920
2913, 197, 482
2914, 400, 454
2915, 320, 478
2916, 627, 698
2917, 205, 307
2918, 247, 519
2919, 110, 490
2920, 458, 819
2921, 634, 911
2922, 508, 625
2923, 317, 917
2924, 360, 628
2925, 91, 357
2926, 747, 978
2927, 243, 559
2928, 335, 748
2929, 453, 808
2930, 97, 180
2931, 778, 847
2932, 421, 681
2933, 87, 211
2934, 112, 784
2935, 59, 524
2936, 256, 685
2937, 727, 972
2938, 119, 231
2939, 16, 372
2940, 189, 754
2941, 353, 879
2942, 352, 620
2943, 17, 546
2944, 313, 586
2945, 567, 981
2946, 362, 530
2947, 104, 156
2948, 222, 736
2949, 315, 711
2950, 542, 598
2951, 431, 581
2952, 210, 475
2953, 204, 259
2954, 199, 810
2955, 348, 834
2956, 184, 970
2957, 501, 555
2958, 485, 883
2959, 680, 889
2960, 216, 935
2961, 80, 664
2962, 737, 853
2963, 297, 436
2964, 566, 782
2965, 254, 515
2966, 306, 573
2967, 334, 467
2968, 520, 965
2969, 721, 773
2970, 347, 886
2971, 102, 557
2972, 653, 815
2973, 332, 837
2974, 141, 594
2975, 775, 968
2976, 70, 333
2977, 8, 583
2978, 212, 696
2979, 44, 688
2980, 48, 186
2981, 781, 951
2982, 713, 871
2983, 230, 809
2984, 412, 842
2985, 198, 961
2986, 601, 893
2987, 22, 388
2988, 345, 723
2989, 641, 786
2990, 635, 811
2991, 118, 909
2992, 175, 731
2993, 94, 506
2994, 658, 806
2995, 416, 550
2996, 14, 885
2997, 441, 900
2998, 206, 705
2999, 923, 952
3000, 154, 221
3001, 90, 354
3002, 550, 763
3003, 595, 787
3004, 276, 578
3005, 6, 557
3006, 531, 613
3007, 619, 756
3008, 515, 652
3009, 777, 941
3010, 720, 856
3011, 236, 522
3012, 156, 188
3013, 549, 918
3014, 358, 987
3015, 222, 232
3016, 838, 865
3017, 78, 567
3018, 128, 212
3019, 656, 725
3020, 370, 682
3021, 811, 843
3022, 39, 546
3023, 136, 145
3024, 559, 589
3025, 476, 747
3026, 65, 461
3027, 52, 823
3028, 677, 804
3029, 66, 131
3030, 377, 990
3031, 97, 921
3032, 428, 768
3033, 198, 789
3034, 43, 363
3035, 417, 582
3036, 496, 565
3037, 742, 975
3038, 564, 900
3039, 144, 462
3040, 229, 970
3041, 507, 817
3042, 63, 545
3043, 875, 977
3044, 84, 647
3045, 277, 443
3046, 271, 907
3047, 471, 792
3048, 657, 716
3049, 312, 712
3050, 1, 574
3051, 146, 968
3052, 447, 563
3053, 814, 928
3054, 331, 427
3055, 3, 624
3056, 41, 646
3057, 291, 483
3058, 758, 885
3059, 342, 784
3060, 579, 580
3061, 152, 294
3062, 172, 197
3063, 142, 937
3064, 313, 423
3065, 165, 434
3066, 194, 636
3067, 224, 622
3068, 62, 909
3069, 67, 280
3070, 569, 997
3071, 173, 942
3072, 337, 429
3073, 51, 455
3074, 616, 957
3075, 303, 745
3076, 345, 643
3077, 448, 933
3078, 154, 755
3079, 676, 948
3080, 533, 974
3081, 24, 902
3082, 68, 454
3083, 72, 558
3084, 405, 821
3085, 203, 304
3086, 21, 437
3087, 350, 914
3088, 654, 709
3089, 642, 872
3090, 176, 685
3091, 450, 739
3092, 184, 534
3093, 390, 688
3094, 50, 575
3095, 878, 972
3096, 508, 665
3097, 249, 932
3098, 376, 486
3099, 242, 556
3100, 157, 481
3101, 723, 778
3102, 464, 882
3103, 389, 898
3104, 83, 240
3105, 175, 943
3106, 588, 711
3107, 424, 859
3108, 660, 993
3109, 87, 925
3110, 28, 474
3111, 724, 862
3112, 571, 674
3113, 906, 988
3114, 692, 810
3115, 332, 764
3116, 659, 960
3117, 116, 491
3118, 238, 384
3119, 398, 634
3120, 649, 797
3121, 573, 639
3122, 857, 999
3123, 621, 761
3124, 149, 416
3125, 19, 177
3126, 392, 813
3127, 121, 770
3128, 99, 104
3129, 694, 795
3130, 56, 473
3131, 187, 717
3132, 190, 419
3133, 468, 793
3134, 439, 566
3135, 330, 964
3136, 46, 497
3137, 29, 530
3138, 226, 260
3139, 798, 853
3140, 794, 855
3141, 207, 513
3142, 192, 889
3143, 683, 883
3144, 14, 617
3145, 143, 678
3146, 7, 822
3147, 435, 781
3148, 75, 978
3149, 106, 541
3150, 310, 540
3151, 431, 895
3152, 140, 432
3153, 272, 526
3154, 269, 274
3155, 689, 841
3156, 446, 469
3157, 205, 528
3158, 76, 961
3159, 309, 867
3160, 599, 945
3161, 298, 927
3162, 672, 799
3163, 568, 947
3164, 248, 785
3165, 163, 691
3166, 465, 633
3167, 96, 204
3168, 127, 939
3169, 122, 235
3170, 305, 426
3171, 791, 869
3172, 602, 849
3173, 233, 585
3174, 440, 908
3175, 202, 644
3176, 301, 760
3177, 355, 387
3178, 237, 839
3179, 93, 774
3180, 89, 820
3181, 453, 630
3182, 210, 219
3183, 255, 289
3184, 752, 991
3185, 109, 806
3186, 844, 951
3187, 499, 833
3188, 750, 956
3189, 518, 796
3190, 322, 529
3191, 779, 835
3192, 70, 653
3193, 166, 407
3194, 132, 283
3195, 160, 726
3196, 334, 648
3197, 373, 788
3198, 604, 729
3199, 180, 704
3200, 536, 592
3201, 577, 916
3202, 340, 477
3203, 88, 953
3204, 79, 808
3205, 214, 378
3206, 296, 734
3207, 30, 707
3208, 445, 727
3209, 581, 985
3210, 365, 762
3211, 306, 593
3212, 321, 718
3213, 485, 714
3214, 348, 966
3215, 170, 544
3216, 614, 936
3217, 635, 903
3218, 73, 618
3219, 537, 748
3220, 317, 344
3221, 638, 818
3222, 211, 699
3223, 771, 929
3224, 105, 319
3225, 917, 971
3226, 11, 216
3227, 22, 230
3228, 169, 386
3229, 34, 501
3230, 13, 503
3231, 256, 425
3232, 124, 314
3233, 339, 632
3234, 263, 899
3235, 55, 735
3236, 44, 547
3237, 253, 801
3238, 436, 980
3239, 81, 609
3240, 16, 490
3241, 264, 992
3242, 27, 780
3243, 391, 736
3244, 58, 297
3245, 241, 782
3246, 133, 815
3247, 254, 399
3248, 101, 410
3249, 36, 847
3250, 629, 858
3251, 57, 625
3252, 267, 415
3253, 64, 670
3254, 371, 938
3255, 364, 848
3256, 329, 901
3257, 208, 802
3258, 494, 805
3259, 47, 375
3260, 765, 836
3261, 162, 627
3262, 239, 500
3263, 590, 894
3264, 49, 113
3265, 517, 983
3266, 228, 259
3267, 372, 944
3268, 293, 492
3269, 516, 554
3270, 181, 316
3271, 383, 403
3272, 23, 366
3273, 521, 790
3274, 17, 845
3275, 502, 553
3276, 710, 851
3277, 594, 887
3278, 667, 995
3279, 42, 994
3280, 118, 963
3281, 130, 807
3282, 182, 658
3283, 147, 369
3284, 287, 472
3285, 746, 772
3286, 246, 955
3287, 82, 919
3288, 32, 738
3289, 138, 258
3290, 179, 922
3291, 290, 352
3292, 655, 766
3293, 393, 773
3294, 292, 668
3295, 107, 158
3296, 261, 809
3297, 102, 467
3298, 361, 905
3299, 129, 979
3300, 328, 915
3301, 396, 603
3302, 733, 769
3303, 60, 338
3304, 307, 397
3305, 31, 119
3306, 53, 834
3307, 59, 479
3308, 463, 728
3309, 98, 382
3310, 538, 910
3311, 584, 930
3312, 295, 673
3313, 85, 701
3314, 457, 751
3315, 484, 973
3316, 92, 489
3317, 475, 535
3318, 523, 996
3319, 311, 767
3320, 100, 265
3321, 61, 661
3322, 702, 984
3323, 281, 911
3324, 189, 333
3325, 368, 662
3326, 217, 686
3327, 213, 273
3328, 139, 884
3329, 519, 675
3330, 220, 367
3331, 74, 830
3332, 40, 981
3333, 325, 868
3334, 539, 543
3335, 37, 934
3336, 896, 913
3337, 605, 819
3338, 288, 924
3339, 35, 705
3340, 826, 912
3341, 244, 877
3342, 737, 954
3343, 570, 721
3344, 418, 470
3345, 631, 831
3346, 252, 998
3347, 408, 493
3348, 360, 645
3349, 323, 753
3350, 482, 828
3351, 209, 829
3352, 161, 562
3353, 890, 959
3354, 18, 225
3355, 341, 510
3356, 669, 866
3357, 561, 732
3358, 167, 698
3359, 343, 946
3360, 247, 600
3361, 227, 952
3362, 80, 421
3363, 351, 551
3364, 480, 511
3365, 299, 380
3366, 308, 315
3367, 168, 221
3368, 731, 871
3369, 200, 965
3370, 206, 266
3371, 532, 730
3372, 186, 193
3373, 218, 786
3374, 262, 548
3375, 231, 870
3376, 346, 950
3377, 637, 891
3378, 282, 920
3379, 114, 759
3380, 183, 587
3381, 591, 976
3382, 223, 623
3383, 320, 967
3384, 71, 982
3385, 336, 498
3386, 234, 873
3387, 4, 284
3388, 451, 832
3389, 504, 695
3390, 402, 861
3391, 347, 444
3392, 2, 840
3393, 687, 744
3394, 275, 783
3395, 555, 572
3396, 506, 854
3397, 430, 754
3398, 527, 715
3399, 520, 651
3400, 357, 449
3401, 164, 940
3402, 404, 696
3403, 406, 525
3404, 825, 827
3405, 612, 842
3406, 251, 876
3407, 420, 926
3408, 110, 597
3409, 318, 628
3410, 195, 409
3411, 95, 893
3412, 148, 268
3413, 478, 931
3414, 112, 923
3415, 155, 524
3416, 279, 989
3417, 458, 583
3418, 25, 700
3419, 159, 552
3420, 48, 690
3421, 411, 713
3422, 414, 860
3423, 324, 671
3424, 607, 620
3425, 438, 812
3426, 601, 969
3427, 608, 904
3428, 362, 935
3429, 77, 108
3430, 576, 874
3431, 606, 740
3432, 215, 846
3433, 286, 615
3434, 679, 824
3435, 300, 986
3436, 803, 888
3437, 103, 749
3438, 38, 743
3439, 9, 245
3440, 201, 395
3441, 250, 741
3442, 174, 335
3443, 680, 684
3444, 374, 850
3445, 196, 466
3446, 505, 800
3447, 86, 611
3448, 5, 327
3449, 125, 880
3450, 379, 452
3451, 126, 958
3452, 650, 863
3453, 302, 400
3454, 776, 864
3455, 487, 697
3456, 542, 663
3457, 586, 693
3458, 257, 433
3459, 10, 897
3460, 270, 886
3461, 356, 719
3462, 349, 460
3463, 15, 422
3464, 560, 640
3465, 664, 722
3466, 115, 199
3467, 285, 456
3468, 26, 278
3469, 359, 641
3470, 8, 353
3471, 33, 381
3472, 441, 488
3473, 150, 401
3474, 45, 703
3475, 151, 191
3476, 54, 459
3477, 91, 111
3478, 185, 514
3479, 134, 1000
3480, 94, 385
3481, 708, 892
3482, 141, 153
3483, 413, 775
3484, 171, 412
3485, 69, 388
3486, 117, 666
3487, 243, 949
3488, 137, 681
3489, 816, 852
3490, 123, 135
3491, 120, 178
3492, 12, 706
3493, 394, 757
3494, 512, 881
3495, 495, 879
3496, 442, 598
3497, 610, 962
3498, 20, 596
3499, 509, 837
3500, 326, 626
3501, 541, 846
3502, 290, 773
3503, 574, 618
3504, 25, 434
3505, 329, 886
3506, 836, 928
3507, 591, 710
3508, 173, 411
3509, 418, 473
3510, 789, 973
3511, 226, 882
3512, 840, 866
3513, 6, 396
3514, 399, 487
3515, 873, 903
3516, 638, 861
3517, 170, 333
3518, 104, 680
3519, 259, 921
3520, 490, 823
3521, 435, 551
3522, 658, 804
3523, 82, 345
3524, 494, 814
3525, 88, 417
3526, 370, 681
3527, 568, 843
3528, 210, 294
3529, 753, 925
3530, 24, 470
3531, 109, 930
3532, 756, 779
3533, 219, 267
3534, 311, 441
3535, 536, 751
3536, 114, 264
3537, 642, 946
3538, 115, 827
3539, 343, 694
3540, 885, 972
3541, 113, 199
3542, 405, 744
3543, 36, 415
3544, 207, 425
3545, 110, 960
3546, 255, 272
3547, 21, 546
3548, 316, 566
3549, 351, 750
3550, 711, 927
3551, 759, 951
3552, 132, 529
3553, 464, 880
3554, 90, 579
3555, 841, 858
3556, 73, 747
3557, 328, 520
3558, 7, 38
3559, 32, 393
3560, 245, 253
3561, 625, 774
3562, 322, 366
3563, 673, 784
3564, 548, 988
3565, 182, 526
3566, 692, 944
3567, 807, 871
3568, 429, 954
3569, 476, 630
3570, 608, 936
3571, 403, 453
3572, 319, 935
3573, 317, 685
3574, 320, 962
3575, 637, 703
3576, 632, 725
3577, 583, 850
3578, 85, 105
3579, 8, 934
3580, 65, 996
3581, 172, 879
3582, 446, 646
3583, 139, 794
3584, 593, 598
3585, 401, 614
3586, 12, 247
3587, 545, 655
3588, 71, 375
3589, 493, 698
3590, 270, 856
3591, 33, 796
3592, 242, 799
3593, 177, 213
3594, 613, 697
3595, 416, 891
3596, 447, 889
3597, 140, 728
3598, 165, 508
3599, 218, 392
3600, 413, 924
3601, 380, 780
3602, 802, 964
3603, 489, 537
3604, 45, 515
3605, 729, 955
3606, 67, 534
3607, 29, 123
3608, 220, 783
3609, 89, 522
3610, 68, 559
3611, 133, 792
3612, 575, 872
3613, 84, 793
3614, 369, 968
3615, 443, 828
3616, 539, 966
3617, 460, 829
3618, 187, 1000
3619, 325, 857
3620, 644, 875
3621, 194, 452
3622, 323, 531
3623, 533, 552
3624, 365, 488
3625, 400, 822
3626, 901, 956
3627, 94, 852
3628, 432, 506
3629, 572, 812
3630, 513, 919
3631, 244, 842
3632, 181, 313
3633, 565, 884
3634, 633, 816
3635, 22, 943
3636, 230, 741
3637, 795, 867
3638, 116, 813
3639, 327, 538
3640, 869, 980
3641, 184, 201
3642, 271, 547
3643, 402, 648
3644, 660, 922
3645, 96, 785
3646, 266, 718
3647, 216, 864
3648, 459, 588
3649, 845, 931
3650, 135, 895
3651, 315, 607
3652, 288, 877
3653, 254, 544
3654, 249, 762
3655, 3, 151
3656, 326, 509
3657, 269, 474
3658, 5, 628
3659, 763, 963
3660, 309, 586
3661, 69, 969
3662, 398, 666
3663, 702, 740
3664, 289, 587
3665, 195, 570
3666, 30, 715
3667, 346, 876
3668, 560, 706
3669, 4, 265
3670, 404, 554
3671, 231, 821
3672, 51, 185
3673, 296, 353
3674, 461, 670
3675, 251, 584
3676, 40, 652
3677, 524, 626
3678, 28, 986
3679, 239, 391
3680, 610, 776
3681, 80, 874
3682, 321, 820
3683, 92, 148
3684, 13, 523
3685, 635, 911
3686, 106, 765
3687, 649, 945
3688, 14, 215
3689, 395, 849
3690, 801, 893
3691, 108, 707
3692, 142, 819
3693, 362, 542
3694, 205, 815
3695, 532, 824
3696, 689, 775
3697, 159, 282
3698, 1, 394
3699, 510, 735
3700, 408, 456
3701, 892, 909
3702, 507, 620
3703, 422, 912
3704, 355, 436
3705, 298, 985
3706, 303, 364
3707, 34, 61
3708, 498, 937
3709, 521, 699
3710, 611, 672
3711, 379, 798
3712, 387, 982
3713, 120, 604
3714, 93, 260
3715, 155, 287
3716, 234, 449
3717, 53, 414
3718, 438, 675
3719, 585, 688
3720, 87, 573
3721, 553, 624
3722, 147, 761
3723, 483, 942
3724, 602, 805
3725, 746, 990
3726, 141, 569
3727, 455, 518
3728, 481, 651
3729, 406, 974
3730, 742, 808
3731, 228, 645
3732, 913, 959
3733, 284, 953
3734, 79, 302
3735, 527, 797
3736, 121, 274
3737, 563, 659
3738, 17, 665
3739, 580, 690
3740, 503, 757
3741, 261, 978
3742, 279, 420
3743, 615, 878
3744, 200, 252
3745, 233, 719
3746, 299, 721
3747, 516, 914
3748, 268, 389
3749, 357, 492
3750, 376, 868
3751, 621, 790
3752, 330, 475
3753, 37, 157
3754, 383, 664
3755, 162, 497
3756, 372, 957
3757, 349, 769
3758, 196, 307
3759, 458, 606
3760, 146, 862
3761, 465, 920
3762, 126, 300
3763, 388, 800
3764, 212, 293
3765, 42, 999
3766, 197, 275
3767, 277, 949
3768, 281, 717
3769, 634, 663
3770, 374, 831
3771, 78, 152
3772, 749, 981
3773, 178, 430
3774, 371, 811
3775, 206, 731
3776, 304, 724
3777, 917, 998
3778, 737, 900
3779, 390, 745
3780, 361, 743
3781, 514, 894
3782, 102, 540
3783, 471, 952
3784, 208, 262
3785, 163, 337
3786, 292, 582
3787, 19, 397
3788, 462, 938
3789, 778, 859
3790, 691, 810
3791, 49, 716
3792, 705, 758
3793, 772, 787
3794, 641, 704
3795, 609, 722
3796, 55, 684
3797, 243, 359
3798, 83, 764
3799, 60, 847
3800, 229, 636
3801, 419, 502
3802, 211, 888
3803, 56, 111
3804, 639, 970
3805, 622, 755
3806, 273, 826
3807, 75, 571
3808, 128, 150
3809, 235, 817
3810, 469, 505
3811, 428, 592
3812, 409, 496
3813, 101, 965
3814, 136, 324
3815, 528, 577
3816, 512, 825
3817, 134, 167
3818, 555, 890
3819, 48, 224
3820, 915, 992
3821, 214, 308
3822, 50, 314
3823, 10, 654
3824, 693, 733
3825, 770, 834
3826, 616, 730
3827, 198, 983
3828, 444, 848
3829, 203, 713
3830, 154, 897
3831, 176, 667
3832, 589, 739
3833, 62, 958
3834, 20, 832
3835, 144, 916
3836, 442, 768
3837, 66, 472
3838, 407, 975
3839, 74, 854
3840, 671, 906
3841, 127, 904
3842, 95, 950
3843, 378, 683
3844, 662, 995
3845, 171, 190
3846, 156, 865
3847, 15, 223
3848, 754, 883
3849, 183, 786
3850, 752, 939
3851, 43, 112
3852, 77, 629
3853, 480, 989
3854, 368, 907
3855, 179, 301
3856, 482, 809
3857, 594, 674
3858, 561, 887
3859, 164, 771
3860, 169, 348
3861, 166, 386
3862, 175, 543
3863, 682, 870
3864, 720, 738
3865, 976, 984
3866, 145, 331
3867, 186, 853
3868, 232, 612
3869, 511, 650
3870, 124, 595
3871, 341, 347
3872, 549, 605
3873, 700, 994
3874, 192, 423
3875, 257, 576
3876, 412, 647
3877, 160, 276
3878, 117, 766
3879, 70, 777
3880, 929, 940
3881, 221, 350
3882, 125, 596
3883, 153, 433
3884, 385, 709
3885, 363, 863
3886, 46, 250
3887, 72, 437
3888, 52, 601
3889, 485, 525
3890, 103, 517
3891, 35, 971
3892, 631, 726
3893, 283, 451
3894, 236, 306
3895, 76, 701
3896, 57, 499
3897, 2, 923
3898, 305, 519
3899, 98, 767
3900, 129, 448
3901, 643, 991
3902, 678, 902
3903, 478, 676
3904, 193, 657
3905, 603, 948
3906, 286, 360
3907, 27, 227
3908, 708, 899
3909, 202, 424
3910, 695, 732
3911, 656, 851
3912, 427, 450
3913, 486, 686
3914, 256, 714
3915, 99, 204
3916, 312, 818
3917, 174, 564
3918, 550, 617
3919, 336, 835
3920, 122, 910
3921, 896, 987
3922, 599, 860
3923, 723, 833
3924, 668, 839
3925, 58, 222
3926, 91, 687
3927, 237, 263
3928, 623, 837
3929, 161, 431
3930, 310, 947
3931, 280, 340
3932, 18, 191
3933, 334, 342
3934, 258, 382
3935, 189, 354
3936, 149, 225
3937, 54, 278
3938, 168, 881
3939, 64, 457
3940, 59, 760
3941, 9, 788
3942, 137, 967
3943, 238, 373
3944, 63, 806
3945, 426, 477
3946, 926, 979
3947, 188, 679
3948, 590, 597
3949, 468, 653
3950, 119, 530
3951, 100, 736
3952, 143, 557
3953, 285, 439
3954, 344, 581
3955, 26, 339
3956, 381, 619
3957, 97, 535
3958, 248, 844
3959, 501, 640
3960, 180, 467
3961, 504, 932
3962, 240, 356
3963, 377, 669
3964, 138, 500
3965, 600, 748
3966, 712, 898
3967, 246, 335
3968, 16, 209
3969, 297, 961
3970, 47, 782
3971, 781, 803
3972, 23, 367
3973, 479, 855
3974, 131, 661
3975, 466, 997
3976, 86, 567
3977, 241, 484
3978, 11, 463
3979, 445, 933
3980, 39, 830
3981, 107, 908
3982, 118, 905
3983, 338, 727
3984, 291, 918
3985, 41, 993
3986, 578, 977
3987, 31, 562
3988, 410, 421
3989, 358, 791
3990, 295, 556
3991, 440, 454
3992, 158, 627
3993, 491, 677
3994, 44, 81
3995, 495, 941
3996, 217, 384
3997, 318, 558
3998, 130, 734
3999, 332, 838
4000, 352, 696
