id, img1, img2
1, 507, 957
2, 439, 614
3, 359, 847
4, 494, 653
5, 280, 948
6, 490, 840
7, 294, 667
8, 50, 866
9, 393, 754
10, 365, 869
11, 518, 838
12, 131, 761
13, 23, 488
14, 447, 464
15, 216, 730
16, 692, 966
17, 94, 530
18, 124, 177
19, 3, 499
20, 98, 412
21, 759, 829
22, 479, 529
23, 258, 599
24, 187, 742
25, 313, 974
26, 501, 567
27, 309, 484
28, 301, 833
29, 861, 900
30, 373, 454
31, 353, 694
32, 88, 416
33, 472, 904
34, 404, 666
35, 535, 859
36, 524, 527
37, 8, 132
38, 299, 544
39, 201, 879
40, 230, 357
41, 783, 983
42, 151, 776
43, 33, 66
44, 306, 458
45, 550, 702
46, 31, 844
47, 89, 942
48, 708, 794
49, 345, 422
50, 24, 891
51, 889, 918
52, 68, 385
53, 57, 775
54, 27, 54
55, 73, 792
56, 249, 720
57, 182, 445
58, 407, 532
59, 503, 684
60, 672, 913
61, 103, 772
62, 44, 997
63, 263, 296
64, 483, 890
65, 110, 432
66, 361, 645
67, 429, 854
68, 485, 489
69, 463, 600
70, 119, 497
71, 321, 677
72, 106, 880
73, 276, 380
74, 749, 757
75, 814, 853
76, 547, 707
77, 482, 727
78, 801, 980
79, 2, 241
80, 173, 203
81, 662, 914
82, 350, 595
83, 790, 888
84, 504, 751
85, 113, 802
86, 300, 637
87, 248, 910
88, 29, 237
89, 45, 53
90, 712, 868
91, 312, 816
92, 941, 972
93, 362, 591
94, 343, 573
95, 32, 619
96, 551, 622
97, 428, 453
98, 305, 533
99, 11, 676
100, 419, 656
101, 207, 927
102, 389, 929
103, 316, 925
104, 822, 893
105, 120, 242
106, 695, 711
107, 851, 905
108, 354, 639
109, 128, 333
110, 382, 725
111, 148, 839
112, 13, 994
113, 146, 546
114, 77, 739
115, 334, 574
116, 760, 871
117, 640, 812
118, 413, 467
119, 327, 374
120, 42, 558
121, 239, 860
122, 936, 937
123, 195, 448
124, 243, 969
125, 780, 800
126, 60, 908
127, 696, 935
128, 531, 923
129, 247, 269
130, 366, 858
131, 456, 809
132, 252, 691
133, 367, 442
134, 405, 988
135, 212, 339
136, 64, 253
137, 36, 326
138, 500, 950
139, 40, 604
140, 19, 579
141, 376, 940
142, 285, 424
143, 598, 898
144, 281, 577
145, 261, 605
146, 7, 35
147, 257, 553
148, 28, 852
149, 308, 648
150, 234, 557
151, 878, 938
152, 168, 459
153, 76, 84
154, 290, 701
155, 446, 998
156, 152, 383
157, 516, 856
158, 96, 176
159, 205, 279
160, 443, 465
161, 6, 545
162, 562, 875
163, 125, 986
164, 560, 689
165, 534, 643
166, 38, 287
167, 425, 631
168, 521, 644
169, 12, 409
170, 78, 674
171, 827, 877
172, 111, 266
173, 377, 984
174, 319, 360
175, 161, 810
176, 700, 836
177, 566, 679
178, 34, 746
179, 136, 559
180, 771, 819
181, 193, 433
182, 930, 976
183, 608, 884
184, 114, 549
185, 406, 589
186, 74, 398
187, 601, 947
188, 156, 835
189, 329, 473
190, 20, 211
191, 714, 968
192, 116, 468
193, 86, 909
194, 122, 427
195, 179, 251
196, 394, 554
197, 435, 517
198, 127, 289
199, 80, 603
200, 183, 826
201, 378, 807
202, 192, 455
203, 145, 916
204, 214, 934
205, 400, 806
206, 21, 159
207, 650, 808
208, 58, 825
209, 185, 466
210, 607, 873
211, 99, 505
212, 93, 842
213, 288, 626
214, 133, 612
215, 250, 924
216, 611, 663
217, 436, 537
218, 291, 799
219, 220, 311
220, 79, 764
221, 610, 659
222, 52, 882
223, 411, 946
224, 56, 61
225, 102, 668
226, 570, 872
227, 275, 496
228, 109, 750
229, 511, 805
230, 85, 144
231, 399, 593
232, 186, 209
233, 358, 787
234, 576, 999
235, 215, 583
236, 139, 628
237, 174, 232
238, 5, 777
239, 657, 887
240, 437, 632
241, 72, 528
242, 271, 993
243, 75, 652
244, 130, 254
245, 660, 970
246, 196, 786
247, 865, 906
248, 548, 756
249, 147, 181
250, 71, 202
251, 140, 222
252, 150, 238
253, 381, 817
254, 958, 973
255, 539, 724
256, 199, 259
257, 846, 981
258, 70, 218
259, 167, 952
260, 323, 803
261, 743, 989
262, 163, 351
263, 137, 227
264, 522, 734
265, 142, 706
266, 217, 245
267, 260, 741
268, 402, 649
269, 732, 769
270, 571, 717
271, 91, 824
272, 25, 126
273, 625, 709
274, 175, 364
275, 462, 795
276, 449, 582
277, 618, 678
278, 661, 886
279, 340, 564
280, 704, 718
281, 646, 992
282, 118, 460
283, 426, 755
284, 129, 736
285, 267, 375
286, 284, 716
287, 907, 915
288, 63, 101
289, 476, 492
290, 335, 821
291, 638, 820
292, 157, 355
293, 273, 765
294, 141, 723
295, 370, 697
296, 121, 687
297, 636, 862
298, 543, 703
299, 184, 461
300, 386, 912
301, 62, 431
302, 180, 774
303, 117, 683
304, 274, 688
305, 155, 444
306, 387, 609
307, 37, 682
308, 108, 418
309, 346, 949
310, 417, 897
311, 390, 568
312, 293, 995
313, 160, 540
314, 670, 779
315, 368, 926
316, 713, 883
317, 208, 541
318, 194, 384
319, 221, 990
320, 392, 486
321, 372, 686
322, 356, 964
323, 171, 219
324, 46, 401
325, 325, 495
326, 162, 834
327, 536, 690
328, 282, 572
329, 82, 944
330, 843, 874
331, 587, 627
332, 138, 594
333, 438, 982
334, 512, 681
335, 16, 876
336, 206, 278
337, 440, 745
338, 204, 270
339, 244, 555
340, 286, 331
341, 246, 902
342, 669, 818
343, 542, 922
344, 515, 963
345, 520, 581
346, 200, 586
347, 493, 945
348, 67, 658
349, 189, 740
350, 635, 767
351, 633, 959
352, 318, 841
353, 105, 166
354, 796, 845
355, 397, 624
356, 143, 954
357, 198, 420
358, 314, 671
359, 815, 943
360, 793, 965
361, 338, 901
362, 620, 967
363, 680, 782
364, 115, 224
365, 475, 985
366, 519, 715
367, 43, 588
368, 349, 699
369, 15, 90
370, 236, 502
371, 693, 719
372, 188, 491
373, 452, 903
374, 328, 563
375, 823, 828
376, 92, 956
377, 30, 265
378, 107, 165
379, 369, 728
380, 403, 578
381, 26, 506
382, 135, 737
383, 100, 525
384, 191, 788
385, 617, 921
386, 592, 953
387, 149, 565
388, 480, 705
389, 733, 781
390, 226, 621
391, 630, 850
392, 324, 342
393, 17, 268
394, 164, 295
395, 552, 870
396, 508, 654
397, 664, 928
398, 584, 641
399, 210, 738
400, 623, 955
401, 481, 752
402, 575, 896
403, 154, 979
404, 307, 797
405, 169, 231
406, 134, 457
407, 255, 304
408, 585, 748
409, 330, 762
410, 526, 975
411, 256, 813
412, 153, 471
413, 41, 830
414, 104, 991
415, 655, 962
416, 4, 642
417, 233, 317
418, 561, 920
419, 277, 597
420, 919, 1000
421, 297, 616
422, 848, 885
423, 272, 895
424, 83, 602
425, 49, 651
426, 415, 556
427, 14, 336
428, 474, 735
429, 477, 665
430, 379, 855
431, 112, 371
432, 223, 606
433, 332, 514
434, 22, 262
435, 396, 498
436, 721, 778
437, 303, 363
438, 10, 758
439, 322, 596
440, 228, 478
441, 65, 673
442, 634, 768
443, 569, 917
444, 423, 509
445, 9, 302
446, 430, 685
447, 395, 784
448, 298, 867
449, 770, 811
450, 283, 971
451, 315, 410
452, 785, 881
453, 352, 766
454, 414, 863
455, 51, 590
456, 123, 434
457, 190, 911
458, 235, 441
459, 408, 523
460, 170, 987
461, 726, 763
462, 172, 804
463, 731, 933
464, 470, 899
465, 341, 894
466, 197, 348
467, 48, 97
468, 18, 753
469, 158, 791
470, 960, 961
471, 69, 344
472, 347, 615
473, 487, 978
474, 580, 832
475, 178, 264
476, 55, 538
477, 213, 789
478, 320, 857
479, 421, 837
480, 831, 864
481, 225, 310
482, 451, 798
483, 773, 849
484, 729, 977
485, 747, 939
486, 81, 629
487, 59, 229
488, 1, 47
489, 240, 710
490, 722, 932
491, 391, 510
492, 388, 996
493, 337, 613
494, 450, 931
495, 292, 892
496, 513, 744
497, 39, 647
498, 675, 951
499, 469, 698
500, 87, 95
501, 282, 798
502, 208, 372
503, 312, 473
504, 681, 815
505, 478, 733
506, 887, 964
507, 915, 990
508, 264, 656
509, 457, 576
510, 416, 708
511, 531, 751
512, 92, 383
513, 776, 844
514, 255, 364
515, 150, 957
516, 181, 637
517, 153, 579
518, 135, 379
519, 530, 877
520, 407, 707
521, 307, 609
522, 260, 544
523, 126, 788
524, 198, 907
525, 32, 155
526, 400, 829
527, 1, 825
528, 766, 827
529, 196, 330
530, 238, 471
531, 139, 511
532, 99, 190
533, 528, 892
534, 362, 397
535, 318, 912
536, 49, 570
537, 580, 839
538, 213, 417
539, 230, 976
540, 81, 718
541, 7, 501
542, 268, 685
543, 11, 860
544, 419, 842
545, 10, 669
546, 296, 723
547, 249, 817
548, 309, 711
549, 56, 64
550, 130, 847
551, 8, 792
552, 547, 738
553, 170, 556
554, 765, 937
555, 221, 254
556, 917, 961
557, 278, 326
558, 602, 950
559, 458, 931
560, 12, 468
561, 117, 779
562, 244, 630
563, 144, 564
564, 310, 479
565, 132, 205
566, 470, 806
567, 240, 927
568, 810, 910
569, 514, 866
570, 422, 968
571, 53, 525
572, 475, 720
573, 454, 725
574, 813, 960
575, 14, 574
576, 9, 796
577, 180, 545
578, 176, 593
579, 62, 966
580, 133, 598
581, 65, 426
582, 186, 505
583, 620, 624
584, 77, 835
585, 211, 833
586, 84, 648
587, 358, 461
588, 183, 645
589, 91, 939
590, 346, 856
591, 423, 678
592, 158, 301
593, 603, 673
594, 704, 734
595, 614, 701
596, 909, 919
597, 502, 853
598, 437, 803
599, 89, 628
600, 5, 477
601, 546, 560
602, 575, 589
603, 703, 861
604, 605, 986
605, 409, 483
606, 292, 588
607, 388, 537
608, 668, 992
609, 74, 212
610, 376, 872
611, 13, 607
612, 599, 651
613, 173, 275
614, 71, 706
615, 17, 691
616, 271, 848
617, 365, 644
618, 716, 793
619, 563, 791
620, 281, 535
621, 19, 745
622, 73, 113
623, 160, 797
624, 187, 672
625, 324, 923
626, 216, 536
627, 305, 834
628, 202, 499
629, 702, 857
630, 805, 873
631, 435, 869
632, 429, 801
633, 621, 942
634, 300, 891
635, 16, 145
636, 36, 380
637, 566, 932
638, 361, 954
639, 565, 822
640, 897, 941
641, 639, 832
642, 398, 816
643, 695, 991
644, 432, 557
645, 425, 824
646, 445, 606
647, 748, 880
648, 23, 916
649, 484, 526
650, 256, 482
651, 455, 885
652, 355, 430
653, 769, 938
654, 353, 521
655, 453, 974
656, 163, 642
657, 37, 245
658, 677, 985
659, 286, 404
660, 489, 963
661, 222, 442
662, 42, 962
663, 206, 710
664, 390, 820
665, 225, 999
666, 219, 405
667, 85, 612
668, 239, 988
669, 772, 995
670, 97, 431
671, 373, 786
672, 226, 242
673, 157, 338
674, 82, 182
675, 635, 940
676, 434, 849
677, 332, 730
678, 289, 424
679, 100, 582
680, 52, 459
681, 96, 679
682, 705, 717
683, 936, 955
684, 220, 352
685, 375, 871
686, 267, 393
687, 151, 743
688, 283, 550
689, 209, 686
690, 115, 174
691, 6, 79
692, 274, 412
693, 610, 756
694, 802, 814
695, 389, 517
696, 265, 764
697, 944, 978
698, 625, 647
699, 325, 851
700, 518, 854
701, 243, 488
702, 427, 581
703, 223, 883
704, 46, 197
705, 401, 500
706, 152, 753
707, 106, 533
708, 80, 946
709, 911, 920
710, 21, 694
711, 303, 881
712, 229, 577
713, 348, 559
714, 290, 583
715, 122, 142
716, 227, 456
717, 4, 742
718, 731, 921
719, 572, 993
720, 356, 408
721, 147, 783
722, 368, 420
723, 125, 997
724, 247, 690
725, 634, 650
726, 343, 994
727, 739, 984
728, 78, 989
729, 120, 595
730, 377, 973
731, 313, 534
732, 543, 841
733, 592, 870
734, 436, 930
735, 246, 270
736, 728, 737
737, 188, 269
738, 616, 928
739, 44, 363
740, 87, 446
741, 655, 729
742, 554, 858
743, 119, 474
744, 402, 952
745, 22, 204
746, 712, 808
747, 15, 228
748, 496, 692
749, 297, 381
750, 485, 735
751, 33, 886
752, 31, 233
753, 481, 998
754, 370, 750
755, 467, 715
756, 657, 935
757, 410, 971
758, 553, 613
759, 640, 828
760, 452, 486
761, 234, 901
762, 548, 732
763, 279, 933
764, 394, 752
765, 617, 641
766, 35, 347
767, 513, 626
768, 387, 789
769, 41, 636
770, 667, 845
771, 894, 967
772, 761, 981
773, 654, 850
774, 460, 532
775, 235, 759
776, 697, 862
777, 317, 811
778, 578, 895
779, 385, 585
780, 241, 350
781, 322, 812
782, 111, 327
783, 320, 440
784, 623, 914
785, 510, 863
786, 199, 700
787, 131, 257
788, 441, 699
789, 138, 520
790, 20, 987
791, 210, 972
792, 148, 604
793, 39, 758
794, 299, 675
795, 587, 900
796, 922, 925
797, 63, 464
798, 433, 608
799, 167, 512
800, 421, 977
801, 760, 902
802, 169, 785
803, 367, 983
804, 507, 943
805, 360, 823
806, 611, 665
807, 552, 643
808, 193, 272
809, 631, 662
810, 334, 495
811, 86, 406
812, 18, 809
813, 110, 527
814, 541, 980
815, 192, 747
816, 344, 722
817, 185, 661
818, 428, 627
819, 40, 134
820, 549, 818
821, 121, 143
822, 469, 836
823, 584, 840
824, 369, 831
825, 674, 899
826, 876, 951
827, 487, 567
828, 179, 926
829, 224, 671
830, 288, 538
831, 646, 868
832, 59, 947
833, 58, 70
834, 266, 782
835, 795, 958
836, 719, 965
837, 319, 893
838, 98, 590
839, 164, 558
840, 69, 568
841, 800, 948
842, 447, 864
843, 359, 969
844, 378, 918
845, 116, 632
846, 104, 618
847, 30, 1000
848, 215, 342
849, 105, 340
850, 263, 959
851, 200, 762
852, 232, 250
853, 27, 253
854, 493, 586
855, 137, 316
856, 177, 341
857, 67, 439
858, 237, 819
859, 191, 349
860, 34, 878
861, 740, 746
862, 66, 736
863, 768, 956
864, 658, 771
865, 48, 659
866, 43, 529
867, 109, 438
868, 161, 749
869, 90, 689
870, 47, 924
871, 506, 600
872, 184, 794
873, 50, 280
874, 88, 884
875, 107, 767
876, 622, 949
877, 277, 784
878, 291, 790
879, 497, 523
880, 444, 522
881, 72, 252
882, 24, 450
883, 154, 875
884, 328, 366
885, 207, 781
886, 329, 395
887, 594, 638
888, 118, 195
889, 298, 551
890, 780, 934
891, 95, 335
892, 171, 755
893, 26, 396
894, 54, 670
895, 683, 843
896, 75, 295
897, 236, 466
898, 189, 411
899, 403, 953
900, 248, 306
901, 774, 970
902, 203, 908
903, 103, 913
904, 331, 741
905, 60, 214
906, 676, 775
907, 838, 945
908, 573, 826
909, 127, 799
910, 374, 516
911, 778, 852
912, 38, 503
913, 284, 494
914, 25, 448
915, 476, 696
916, 149, 777
917, 259, 879
918, 384, 727
919, 231, 975
920, 371, 846
921, 55, 492
922, 664, 773
923, 744, 889
924, 128, 294
925, 129, 821
926, 311, 649
927, 146, 561
928, 302, 321
929, 201, 724
930, 165, 515
931, 491, 996
932, 108, 509
933, 251, 629
934, 414, 418
935, 351, 865
936, 114, 904
937, 29, 101
938, 57, 508
939, 159, 979
940, 287, 571
941, 2, 714
942, 682, 757
943, 591, 721
944, 273, 830
945, 124, 168
946, 315, 449
947, 524, 890
948, 68, 339
949, 76, 141
950, 162, 905
951, 490, 633
952, 859, 896
953, 472, 601
954, 83, 663
955, 123, 172
956, 386, 555
957, 45, 308
958, 258, 540
959, 261, 684
960, 218, 807
961, 102, 304
962, 94, 906
963, 787, 888
964, 194, 465
965, 314, 680
966, 175, 480
967, 392, 660
968, 382, 698
969, 462, 770
970, 285, 345
971, 519, 982
972, 156, 276
973, 293, 415
974, 136, 333
975, 653, 874
976, 413, 709
977, 463, 569
978, 112, 687
979, 726, 929
980, 337, 837
981, 354, 399
982, 451, 882
983, 504, 903
984, 178, 498
985, 93, 666
986, 140, 763
987, 166, 597
988, 443, 804
989, 391, 619
990, 262, 693
991, 562, 596
992, 3, 61
993, 28, 51
994, 539, 754
995, 542, 855
996, 217, 357
997, 688, 898
998, 336, 615
999, 323, 867
1000, 652, 713
1001, 612, 821
1002, 23, 739
1003, 256, 437
1004, 780, 826
1005, 10, 938
1006, 513, 855
1007, 479, 802
1008, 62, 861
1009, 105, 634
1010, 586, 907
1011, 262, 470
1012, 64, 717
1013, 301, 930
1014, 313, 887
1015, 962, 989
1016, 214, 844
1017, 751, 933
1018, 356, 690
1019, 312, 486
1020, 210, 296
1021, 126, 971
1022, 174, 876
1023, 565, 797
1024, 399, 443
1025, 384, 600
1026, 141, 776
1027, 857, 858
1028, 425, 601
1029, 669, 806
1030, 51, 534
1031, 148, 292
1032, 431, 785
1033, 74, 344
1034, 367, 746
1035, 490, 515
1036, 107, 766
1037, 205, 972
1038, 199, 696
1039, 44, 852
1040, 99, 398
1041, 295, 328
1042, 354, 454
1043, 242, 300
1044, 703, 923
1045, 11, 151
1046, 556, 646
1047, 552, 822
1048, 783, 947
1049, 554, 755
1050, 50, 134
1051, 867, 957
1052, 297, 638
1053, 152, 613
1054, 29, 203
1055, 541, 735
1056, 171, 953
1057, 321, 626
1058, 259, 758
1059, 779, 830
1060, 265, 674
1061, 270, 946
1062, 684, 720
1063, 451, 749
1064, 277, 871
1065, 786, 815
1066, 4, 721
1067, 547, 578
1068, 137, 436
1069, 864, 869
1070, 5, 999
1071, 728, 849
1072, 450, 484
1073, 92, 440
1074, 184, 673
1075, 809, 846
1076, 91, 726
1077, 110, 235
1078, 573, 927
1079, 401, 829
1080, 116, 500
1081, 358, 419
1082, 527, 865
1083, 197, 589
1084, 433, 641
1085, 756, 949
1086, 777, 916
1087, 336, 377
1088, 158, 595
1089, 53, 208
1090, 246, 403
1091, 602, 917
1092, 46, 932
1093, 228, 832
1094, 509, 590
1095, 315, 414
1096, 329, 761
1097, 418, 639
1098, 331, 794
1099, 200, 984
1100, 275, 521
1101, 564, 662
1102, 128, 659
1103, 36, 305
1104, 439, 823
1105, 49, 654
1106, 429, 782
1107, 120, 456
1108, 445, 605
1109, 289, 997
1110, 201, 260
1111, 187, 681
1112, 326, 426
1113, 82, 169
1114, 238, 483
1115, 168, 754
1116, 608, 725
1117, 339, 675
1118, 603, 672
1119, 526, 585
1120, 745, 800
1121, 192, 913
1122, 217, 763
1123, 165, 940
1124, 85, 244
1125, 591, 859
1126, 278, 677
1127, 97, 122
1128, 475, 950
1129, 22, 937
1130, 79, 814
1131, 472, 620
1132, 569, 790
1133, 12, 402
1134, 252, 314
1135, 87, 100
1136, 676, 965
1137, 365, 529
1138, 655, 995
1139, 904, 976
1140, 656, 877
1141, 346, 371
1142, 88, 691
1143, 350, 362
1144, 351, 393
1145, 111, 499
1146, 442, 912
1147, 76, 795
1148, 444, 553
1149, 73, 645
1150, 144, 166
1151, 792, 853
1152, 689, 732
1153, 154, 921
1154, 549, 898
1155, 109, 179
1156, 308, 347
1157, 113, 698
1158, 183, 427
1159, 98, 232
1160, 628, 781
1161, 507, 804
1162, 57, 863
1163, 460, 473
1164, 635, 687
1165, 185, 928
1166, 298, 828
1167, 583, 663
1168, 872, 952
1169, 94, 744
1170, 322, 395
1171, 142, 878
1172, 78, 530
1173, 63, 287
1174, 118, 959
1175, 96, 127
1176, 220, 410
1177, 686, 967
1178, 714, 974
1179, 842, 943
1180, 264, 873
1181, 379, 789
1182, 482, 615
1183, 318, 609
1184, 386, 934
1185, 417, 506
1186, 236, 488
1187, 161, 568
1188, 271, 303
1189, 487, 905
1190, 19, 449
1191, 316, 931
1192, 80, 708
1193, 868, 886
1194, 307, 560
1195, 263, 306
1196, 342, 563
1197, 266, 607
1198, 196, 562
1199, 106, 719
1200, 457, 993
1201, 668, 954
1202, 216, 594
1203, 261, 592
1204, 625, 640
1205, 762, 926
1206, 522, 610
1207, 355, 701
1208, 66, 335
1209, 124, 827
1210, 257, 323
1211, 254, 649
1212, 485, 796
1213, 269, 327
1214, 624, 968
1215, 38, 405
1216, 48, 896
1217, 139, 495
1218, 286, 637
1219, 409, 508
1220, 56, 273
1221, 353, 742
1222, 469, 771
1223, 960, 963
1224, 251, 374
1225, 493, 707
1226, 40, 501
1227, 716, 731
1228, 880, 992
1229, 412, 975
1230, 218, 743
1231, 198, 511
1232, 494, 854
1233, 496, 576
1234, 702, 753
1235, 741, 979
1236, 435, 798
1237, 577, 710
1238, 366, 772
1239, 341, 737
1240, 253, 994
1241, 633, 752
1242, 93, 678
1243, 338, 593
1244, 581, 787
1245, 17, 478
1246, 77, 363
1247, 33, 920
1248, 194, 420
1249, 276, 697
1250, 146, 980
1251, 537, 584
1252, 385, 944
1253, 991, 1000
1254, 140, 988
1255, 352, 535
1256, 517, 870
1257, 26, 408
1258, 302, 518
1259, 332, 970
1260, 588, 759
1261, 466, 941
1262, 8, 840
1263, 219, 964
1264, 21, 279
1265, 239, 647
1266, 636, 808
1267, 320, 597
1268, 461, 767
1269, 416, 929
1270, 231, 267
1271, 361, 775
1272, 59, 458
1273, 190, 757
1274, 170, 983
1275, 784, 811
1276, 138, 695
1277, 579, 660
1278, 492, 540
1279, 193, 249
1280, 299, 914
1281, 43, 112
1282, 143, 774
1283, 498, 525
1284, 831, 911
1285, 61, 155
1286, 3, 459
1287, 68, 906
1288, 125, 709
1289, 121, 981
1290, 108, 817
1291, 722, 875
1292, 523, 614
1293, 27, 337
1294, 407, 986
1295, 250, 700
1296, 89, 368
1297, 376, 694
1298, 325, 799
1299, 248, 667
1300, 160, 546
1301, 666, 890
1302, 693, 820
1303, 145, 167
1304, 24, 680
1305, 224, 956
1306, 572, 769
1307, 438, 497
1308, 34, 101
1309, 7, 75
1310, 632, 773
1311, 95, 397
1312, 474, 558
1313, 575, 987
1314, 202, 648
1315, 222, 519
1316, 434, 627
1317, 172, 227
1318, 189, 514
1319, 629, 688
1320, 471, 561
1321, 333, 978
1322, 567, 791
1323, 531, 642
1324, 240, 705
1325, 147, 237
1326, 400, 604
1327, 150, 580
1328, 223, 902
1329, 380, 833
1330, 149, 528
1331, 391, 836
1332, 446, 793
1333, 132, 606
1334, 309, 334
1335, 230, 447
1336, 453, 910
1337, 84, 555
1338, 285, 888
1339, 290, 670
1340, 505, 885
1341, 243, 330
1342, 20, 310
1343, 423, 524
1344, 177, 665
1345, 394, 623
1346, 47, 360
1347, 247, 919
1348, 503, 901
1349, 284, 897
1350, 539, 682
1351, 39, 102
1352, 35, 711
1353, 104, 424
1354, 512, 760
1355, 281, 866
1356, 375, 770
1357, 204, 803
1358, 117, 925
1359, 671, 706
1360, 115, 191
1361, 349, 810
1362, 378, 945
1363, 45, 215
1364, 162, 520
1365, 156, 159
1366, 130, 617
1367, 736, 812
1368, 683, 899
1369, 411, 468
1370, 939, 977
1371, 428, 557
1372, 596, 611
1373, 733, 969
1374, 616, 729
1375, 850, 856
1376, 67, 559
1377, 268, 845
1378, 14, 467
1379, 103, 651
1380, 16, 551
1381, 432, 848
1382, 550, 838
1383, 396, 734
1384, 181, 582
1385, 123, 340
1386, 221, 387
1387, 55, 311
1388, 441, 598
1389, 25, 119
1390, 81, 713
1391, 188, 462
1392, 18, 712
1393, 622, 935
1394, 381, 516
1395, 1, 83
1396, 176, 544
1397, 631, 750
1398, 175, 692
1399, 163, 998
1400, 464, 883
1401, 186, 816
1402, 570, 893
1403, 182, 699
1404, 229, 258
1405, 206, 465
1406, 42, 317
1407, 54, 961
1408, 879, 973
1409, 724, 819
1410, 255, 723
1411, 727, 747
1412, 114, 895
1413, 421, 924
1414, 489, 834
1415, 406, 841
1416, 129, 533
1417, 6, 764
1418, 280, 884
1419, 133, 599
1420, 135, 207
1421, 153, 894
1422, 28, 41
1423, 463, 748
1424, 452, 942
1425, 282, 909
1426, 788, 908
1427, 448, 740
1428, 136, 233
1429, 415, 881
1430, 209, 843
1431, 226, 319
1432, 807, 985
1433, 72, 862
1434, 70, 891
1435, 69, 951
1436, 370, 477
1437, 9, 825
1438, 293, 990
1439, 388, 574
1440, 860, 889
1441, 86, 882
1442, 157, 272
1443, 65, 389
1444, 650, 835
1445, 71, 542
1446, 664, 892
1447, 704, 805
1448, 164, 382
1449, 364, 643
1450, 13, 915
1451, 173, 476
1452, 548, 619
1453, 212, 922
1454, 538, 936
1455, 32, 304
1456, 288, 291
1457, 644, 818
1458, 348, 801
1459, 373, 918
1460, 653, 996
1461, 345, 955
1462, 543, 958
1463, 283, 504
1464, 30, 294
1465, 324, 621
1466, 661, 903
1467, 392, 778
1468, 31, 455
1469, 15, 274
1470, 715, 847
1471, 90, 491
1472, 618, 900
1473, 52, 225
1474, 60, 536
1475, 131, 982
1476, 58, 738
1477, 211, 413
1478, 532, 630
1479, 357, 765
1480, 245, 481
1481, 213, 652
1482, 37, 837
1483, 359, 510
1484, 824, 839
1485, 178, 180
1486, 343, 480
1487, 234, 241
1488, 566, 685
1489, 369, 383
1490, 2, 658
1491, 404, 718
1492, 571, 851
1493, 422, 657
1494, 430, 679
1495, 372, 730
1496, 502, 768
1497, 545, 874
1498, 390, 587
1499, 195, 966
1500, 813, 948
1501, 7, 246
1502, 519, 768
1503, 238, 241
1504, 89, 929
1505, 175, 195
1506, 169, 593
1507, 290, 734
1508, 108, 390
1509, 283, 618
1510, 309, 625
1511, 22, 713
1512, 110, 902
1513, 296, 482
1514, 375, 801
1515, 470, 764
1516, 536, 798
1517, 176, 925
1518, 180, 364
1519, 109, 878
1520, 585, 670
1521, 552, 794
1522, 184, 493
1523, 460, 841
1524, 741, 968
1525, 478, 699
1526, 435, 733
1527, 194, 340
1528, 258, 905
1529, 28, 367
1530, 107, 875
1531, 190, 245
1532, 476, 686
1533, 369, 532
1534, 388, 778
1535, 504, 584
1536, 456, 608
1537, 356, 508
1538, 21, 535
1539, 250, 602
1540, 168, 548
1541, 202, 844
1542, 338, 485
1543, 363, 693
1544, 411, 884
1545, 51, 450
1546, 6, 666
1547, 407, 619
1548, 266, 299
1549, 896, 921
1550, 361, 945
1551, 334, 913
1552, 437, 889
1553, 417, 495
1554, 207, 498
1555, 653, 787
1556, 161, 477
1557, 254, 267
1558, 455, 988
1559, 16, 877
1560, 720, 771
1561, 30, 567
1562, 231, 952
1563, 468, 577
1564, 157, 576
1565, 479, 789
1566, 709, 933
1567, 650, 862
1568, 177, 793
1569, 677, 874
1570, 690, 708
1571, 170, 644
1572, 199, 919
1573, 489, 742
1574, 61, 297
1575, 273, 832
1576, 461, 490
1577, 115, 365
1578, 784, 979
1579, 209, 961
1580, 534, 631
1581, 69, 574
1582, 589, 674
1583, 220, 396
1584, 710, 743
1585, 448, 681
1586, 23, 646
1587, 816, 998
1588, 310, 825
1589, 124, 525
1590, 114, 217
1591, 698, 864
1592, 858, 922
1593, 55, 840
1594, 728, 758
1595, 116, 947
1596, 52, 449
1597, 370, 957
1598, 483, 581
1599, 94, 186
1600, 343, 982
1601, 714, 908
1602, 203, 737
1603, 104, 788
1604, 66, 715
1605, 431, 620
1606, 371, 424
1607, 418, 703
1608, 166, 915
1609, 393, 467
1610, 49, 969
1611, 88, 317
1612, 285, 949
1613, 36, 172
1614, 824, 870
1615, 701, 994
1616, 50, 958
1617, 143, 386
1618, 568, 721
1619, 181, 182
1620, 78, 847
1621, 522, 950
1622, 524, 566
1623, 740, 995
1624, 260, 457
1625, 564, 807
1626, 35, 776
1627, 87, 494
1628, 440, 781
1629, 445, 766
1630, 18, 591
1631, 132, 232
1632, 145, 810
1633, 627, 856
1634, 288, 948
1635, 259, 289
1636, 331, 601
1637, 306, 993
1638, 323, 473
1639, 684, 730
1640, 303, 868
1641, 57, 240
1642, 408, 817
1643, 13, 480
1644, 9, 19
1645, 121, 530
1646, 251, 695
1647, 318, 909
1648, 413, 803
1649, 571, 624
1650, 20, 626
1651, 185, 242
1652, 533, 556
1653, 656, 694
1654, 152, 154
1655, 332, 719
1656, 301, 989
1657, 645, 960
1658, 594, 783
1659, 795, 838
1660, 5, 225
1661, 221, 499
1662, 191, 592
1663, 126, 244
1664, 122, 222
1665, 642, 745
1666, 272, 850
1667, 25, 387
1668, 654, 879
1669, 526, 617
1670, 613, 890
1671, 236, 271
1672, 235, 382
1673, 193, 791
1674, 610, 726
1675, 286, 520
1676, 848, 901
1677, 214, 544
1678, 458, 706
1679, 744, 965
1680, 119, 974
1681, 159, 399
1682, 384, 630
1683, 348, 685
1684, 205, 580
1685, 174, 248
1686, 664, 828
1687, 452, 753
1688, 675, 782
1689, 213, 821
1690, 312, 410
1691, 73, 614
1692, 529, 723
1693, 441, 827
1694, 32, 366
1695, 252, 845
1696, 502, 983
1697, 837, 987
1698, 542, 748
1699, 212, 912
1700, 503, 765
1701, 541, 903
1702, 439, 897
1703, 514, 609
1704, 426, 934
1705, 300, 512
1706, 247, 277
1707, 227, 421
1708, 45, 420
1709, 53, 611
1710, 518, 665
1711, 256, 270
1712, 153, 583
1713, 64, 799
1714, 474, 990
1715, 344, 839
1716, 77, 95
1717, 471, 904
1718, 569, 722
1719, 368, 944
1720, 649, 746
1721, 755, 956
1722, 261, 833
1723, 249, 907
1724, 268, 973
1725, 79, 130
1726, 376, 931
1727, 412, 507
1728, 14, 281
1729, 308, 427
1730, 550, 893
1731, 401, 560
1732, 655, 887
1733, 638, 861
1734, 147, 977
1735, 90, 924
1736, 867, 937
1737, 264, 808
1738, 554, 980
1739, 141, 208
1740, 330, 865
1741, 187, 691
1742, 492, 777
1743, 83, 923
1744, 41, 967
1745, 263, 662
1746, 595, 763
1747, 219, 873
1748, 33, 938
1749, 349, 523
1750, 92, 872
1751, 543, 597
1752, 173, 754
1753, 672, 822
1754, 86, 892
1755, 278, 652
1756, 151, 351
1757, 293, 976
1758, 243, 447
1759, 71, 678
1760, 336, 688
1761, 287, 355
1762, 321, 996
1763, 224, 751
1764, 129, 545
1765, 112, 866
1766, 162, 572
1767, 423, 943
1768, 197, 736
1769, 93, 658
1770, 871, 883
1771, 117, 918
1772, 517, 853
1773, 927, 997
1774, 31, 279
1775, 59, 142
1776, 140, 425
1777, 10, 335
1778, 718, 928
1779, 379, 704
1780, 40, 920
1781, 56, 942
1782, 164, 679
1783, 210, 500
1784, 215, 451
1785, 528, 800
1786, 506, 557
1787, 70, 917
1788, 96, 855
1789, 1, 434
1790, 767, 796
1791, 304, 820
1792, 540, 986
1793, 125, 588
1794, 818, 954
1795, 80, 149
1796, 313, 314
1797, 237, 553
1798, 487, 738
1799, 74, 598
1800, 735, 747
1801, 488, 842
1802, 24, 926
1803, 527, 941
1804, 772, 898
1805, 673, 971
1806, 46, 792
1807, 102, 496
1808, 67, 587
1809, 616, 696
1810, 415, 770
1811, 629, 860
1812, 43, 635
1813, 280, 345
1814, 100, 712
1815, 165, 464
1816, 353, 939
1817, 311, 717
1818, 442, 962
1819, 135, 189
1820, 702, 830
1821, 295, 599
1822, 511, 579
1823, 521, 607
1824, 146, 605
1825, 34, 144
1826, 350, 565
1827, 780, 804
1828, 37, 404
1829, 438, 849
1830, 82, 639
1831, 342, 513
1832, 62, 463
1833, 756, 831
1834, 327, 985
1835, 81, 779
1836, 171, 724
1837, 814, 914
1838, 409, 663
1839, 377, 397
1840, 38, 65
1841, 400, 582
1842, 637, 857
1843, 899, 906
1844, 97, 337
1845, 179, 725
1846, 133, 204
1847, 106, 785
1848, 127, 936
1849, 226, 360
1850, 8, 432
1851, 201, 402
1852, 391, 910
1853, 880, 966
1854, 462, 680
1855, 647, 819
1856, 47, 469
1857, 392, 895
1858, 475, 623
1859, 531, 946
1860, 26, 551
1861, 111, 761
1862, 326, 561
1863, 155, 697
1864, 158, 615
1865, 546, 634
1866, 167, 999
1867, 621, 1000
1868, 128, 516
1869, 134, 486
1870, 239, 964
1871, 806, 809
1872, 894, 940
1873, 255, 358
1874, 15, 603
1875, 491, 596
1876, 72, 641
1877, 265, 305
1878, 294, 951
1879, 563, 932
1880, 316, 515
1881, 466, 769
1882, 123, 150
1883, 206, 984
1884, 48, 640
1885, 234, 731
1886, 63, 852
1887, 39, 888
1888, 671, 739
1889, 29, 955
1890, 586, 692
1891, 465, 970
1892, 322, 383
1893, 869, 935
1894, 75, 103
1895, 183, 501
1896, 329, 683
1897, 298, 836
1898, 233, 707
1899, 414, 570
1900, 422, 846
1901, 657, 981
1902, 559, 762
1903, 2, 416
1904, 139, 433
1905, 453, 829
1906, 156, 636
1907, 930, 963
1908, 105, 578
1909, 228, 651
1910, 17, 394
1911, 274, 959
1912, 12, 900
1913, 395, 749
1914, 138, 813
1915, 648, 972
1916, 137, 359
1917, 851, 854
1918, 120, 406
1919, 661, 775
1920, 385, 575
1921, 659, 876
1922, 444, 505
1923, 732, 812
1924, 380, 975
1925, 198, 547
1926, 188, 622
1927, 676, 687
1928, 292, 759
1929, 276, 643
1930, 558, 835
1931, 403, 750
1932, 604, 885
1933, 373, 436
1934, 573, 805
1935, 357, 752
1936, 44, 253
1937, 99, 790
1938, 58, 811
1939, 419, 843
1940, 700, 978
1941, 324, 341
1942, 307, 429
1943, 160, 834
1944, 192, 612
1945, 562, 711
1946, 600, 727
1947, 362, 374
1948, 60, 549
1949, 481, 826
1950, 320, 454
1951, 446, 797
1952, 27, 405
1953, 196, 628
1954, 42, 555
1955, 218, 275
1956, 443, 667
1957, 262, 339
1958, 430, 916
1959, 91, 216
1960, 54, 136
1961, 319, 472
1962, 200, 347
1963, 510, 757
1964, 85, 716
1965, 428, 660
1966, 257, 389
1967, 497, 606
1968, 802, 992
1969, 284, 705
1970, 223, 886
1971, 346, 669
1972, 537, 815
1973, 230, 953
1974, 484, 773
1975, 98, 333
1976, 178, 325
1977, 101, 148
1978, 76, 229
1979, 3, 302
1980, 118, 539
1981, 398, 633
1982, 113, 291
1983, 729, 911
1984, 84, 859
1985, 315, 823
1986, 4, 786
1987, 269, 352
1988, 689, 882
1989, 372, 774
1990, 668, 760
1991, 211, 509
1992, 378, 590
1993, 381, 632
1994, 282, 863
1995, 328, 881
1996, 11, 891
1997, 131, 163
1998, 68, 459
1999, 682, 991
2000, 354, 538
2001, 260, 952
2002, 665, 993
2003, 5, 80
2004, 610, 742
2005, 172, 748
2006, 324, 751
2007, 36, 931
2008, 814, 820
2009, 304, 442
2010, 144, 458
2011, 499, 681
2012, 842, 951
2013, 498, 709
2014, 145, 272
2015, 67, 406
2016, 151, 829
2017, 147, 318
2018, 358, 524
2019, 149, 314
2020, 510, 538
2021, 495, 659
2022, 466, 541
2023, 199, 599
2024, 787, 818
2025, 63, 591
2026, 183, 783
2027, 233, 423
2028, 192, 303
2029, 425, 968
2030, 2, 301
2031, 44, 950
2032, 232, 350
2033, 588, 745
2034, 426, 607
2035, 105, 794
2036, 525, 875
2037, 557, 726
2038, 375, 828
2039, 16, 503
2040, 331, 396
2041, 96, 329
2042, 177, 248
2043, 409, 692
2044, 719, 957
2045, 290, 934
2046, 598, 626
2047, 849, 910
2048, 194, 446
2049, 430, 805
2050, 48, 988
2051, 99, 714
2052, 218, 359
2053, 609, 689
2054, 264, 387
2055, 594, 611
2056, 527, 668
2057, 493, 923
2058, 679, 847
2059, 11, 82
2060, 9, 246
2061, 311, 846
2062, 416, 428
2063, 262, 569
2064, 106, 564
2065, 278, 422
2066, 171, 372
2067, 512, 958
2068, 247, 650
2069, 6, 393
2070, 400, 643
2071, 20, 771
2072, 137, 326
2073, 226, 489
2074, 334, 980
2075, 758, 955
2076, 154, 440
2077, 716, 925
2078, 432, 947
2079, 56, 791
2080, 197, 516
2081, 185, 893
2082, 186, 485
2083, 129, 273
2084, 549, 762
2085, 461, 892
2086, 118, 369
2087, 210, 949
2088, 578, 755
2089, 62, 837
2090, 672, 724
2091, 179, 918
2092, 108, 680
2093, 793, 960
2094, 244, 371
2095, 203, 717
2096, 750, 920
2097, 401, 992
2098, 312, 575
2099, 305, 576
2100, 697, 786
2101, 614, 912
2102, 590, 909
2103, 394, 941
2104, 73, 961
2105, 274, 886
2106, 220, 851
2107, 405, 713
2108, 225, 928
2109, 159, 809
2110, 228, 398
2111, 417, 574
2112, 474, 860
2113, 52, 546
2114, 841, 906
2115, 535, 721
2116, 528, 624
2117, 217, 974
2118, 348, 637
2119, 148, 916
2120, 788, 824
2121, 45, 811
2122, 354, 720
2123, 223, 347
2124, 85, 309
2125, 111, 543
2126, 119, 757
2127, 548, 921
2128, 178, 660
2129, 116, 462
2130, 633, 747
2131, 435, 687
2132, 123, 328
2133, 391, 718
2134, 315, 519
2135, 940, 966
2136, 286, 464
2137, 734, 935
2138, 357, 963
2139, 322, 559
2140, 622, 976
2141, 271, 468
2142, 620, 647
2143, 195, 723
2144, 127, 682
2145, 64, 740
2146, 235, 617
2147, 40, 696
2148, 294, 342
2149, 206, 902
2150, 241, 694
2151, 141, 254
2152, 813, 945
2153, 162, 898
2154, 515, 887
2155, 88, 864
2156, 31, 897
2157, 337, 977
2158, 317, 429
2159, 456, 926
2160, 268, 782
2161, 39, 973
2162, 87, 109
2163, 102, 107
2164, 17, 215
2165, 14, 936
2166, 212, 296
2167, 243, 377
2168, 256, 707
2169, 69, 399
2170, 413, 473
2171, 735, 924
2172, 471, 919
2173, 83, 798
2174, 392, 822
2175, 222, 836
2176, 351, 674
2177, 646, 700
2178, 621, 967
2179, 146, 402
2180, 124, 653
2181, 230, 649
2182, 500, 815
2183, 738, 998
2184, 572, 911
2185, 90, 691
2186, 673, 779
2187, 589, 914
2188, 86, 130
2189, 133, 292
2190, 35, 981
2191, 28, 661
2192, 257, 874
2193, 867, 933
2194, 443, 816
2195, 71, 580
2196, 494, 648
2197, 231, 465
2198, 32, 662
2199, 479, 872
2200, 285, 799
2201, 877, 884
2202, 319, 561
2203, 26, 644
2204, 361, 542
2205, 150, 671
2206, 219, 414
2207, 59, 840
2208, 190, 612
2209, 388, 880
2210, 483, 964
2211, 774, 873
2212, 3, 75
2213, 412, 593
2214, 132, 630
2215, 310, 338
2216, 307, 854
2217, 708, 845
2218, 240, 772
2219, 859, 881
2220, 477, 683
2221, 46, 291
2222, 34, 252
2223, 184, 444
2224, 365, 651
2225, 366, 558
2226, 545, 802
2227, 321, 764
2228, 242, 568
2229, 403, 502
2230, 208, 629
2231, 236, 616
2232, 112, 804
2233, 287, 995
2234, 51, 447
2235, 544, 728
2236, 712, 819
2237, 188, 702
2238, 781, 937
2239, 196, 889
2240, 508, 997
2241, 488, 948
2242, 92, 560
2243, 834, 844
2244, 385, 868
2245, 670, 975
2246, 79, 205
2247, 381, 768
2248, 211, 732
2249, 224, 343
2250, 84, 114
2251, 823, 972
2252, 627, 803
2253, 72, 991
2254, 344, 817
2255, 165, 913
2256, 390, 769
2257, 389, 395
2258, 176, 552
2259, 579, 996
2260, 300, 386
2261, 705, 722
2262, 382, 481
2263, 567, 767
2264, 91, 746
2265, 710, 761
2266, 21, 896
2267, 50, 267
2268, 504, 953
2269, 155, 325
2270, 12, 89
2271, 214, 514
2272, 66, 451
2273, 43, 505
2274, 744, 985
2275, 239, 384
2276, 437, 763
2277, 308, 678
2278, 189, 642
2279, 97, 866
2280, 418, 529
2281, 128, 855
2282, 632, 727
2283, 299, 743
2284, 862, 891
2285, 65, 484
2286, 476, 930
2287, 18, 486
2288, 113, 984
2289, 861, 1000
2290, 615, 654
2291, 57, 749
2292, 460, 863
2293, 601, 603
2294, 736, 869
2295, 169, 979
2296, 134, 419
2297, 368, 454
2298, 420, 780
2299, 289, 459
2300, 585, 693
2301, 98, 894
2302, 367, 677
2303, 74, 905
2304, 53, 938
2305, 49, 284
2306, 94, 526
2307, 10, 355
2308, 445, 562
2309, 556, 765
2310, 453, 927
2311, 352, 563
2312, 213, 339
2313, 70, 245
2314, 349, 725
2315, 449, 888
2316, 378, 784
2317, 22, 472
2318, 7, 537
2319, 801, 969
2320, 800, 850
2321, 530, 922
2322, 539, 597
2323, 27, 198
2324, 117, 202
2325, 669, 883
2326, 139, 663
2327, 122, 641
2328, 47, 821
2329, 511, 827
2330, 655, 715
2331, 259, 753
2332, 302, 808
2333, 110, 163
2334, 187, 688
2335, 61, 806
2336, 269, 513
2337, 15, 345
2338, 249, 978
2339, 666, 944
2340, 216, 263
2341, 160, 792
2342, 316, 450
2343, 327, 634
2344, 448, 759
2345, 756, 830
2346, 438, 915
2347, 153, 166
2348, 93, 463
2349, 135, 161
2350, 832, 885
2351, 509, 929
2352, 675, 946
2353, 81, 565
2354, 229, 452
2355, 332, 990
2356, 408, 704
2357, 251, 638
2358, 522, 857
2359, 282, 766
2360, 25, 370
2361, 775, 795
2362, 158, 467
2363, 33, 699
2364, 833, 989
2365, 424, 684
2366, 554, 752
2367, 143, 379
2368, 711, 904
2369, 125, 605
2370, 685, 871
2371, 457, 547
2372, 364, 908
2373, 333, 987
2374, 58, 536
2375, 427, 507
2376, 24, 865
2377, 255, 487
2378, 138, 335
2379, 78, 635
2380, 604, 853
2381, 656, 657
2382, 581, 999
2383, 363, 496
2384, 207, 835
2385, 173, 879
2386, 480, 667
2387, 156, 469
2388, 664, 770
2389, 168, 839
2390, 550, 858
2391, 380, 876
2392, 276, 320
2393, 38, 831
2394, 238, 373
2395, 523, 577
2396, 4, 55
2397, 42, 439
2398, 266, 553
2399, 404, 490
2400, 383, 812
2401, 628, 917
2402, 209, 298
2403, 175, 497
2404, 336, 606
2405, 313, 501
2406, 120, 878
2407, 306, 619
2408, 475, 571
2409, 30, 773
2410, 121, 506
2411, 77, 737
2412, 608, 623
2413, 253, 261
2414, 698, 733
2415, 346, 583
2416, 180, 234
2417, 376, 956
2418, 157, 807
2419, 136, 517
2420, 174, 201
2421, 54, 639
2422, 706, 982
2423, 397, 690
2424, 131, 882
2425, 297, 491
2426, 362, 776
2427, 434, 954
2428, 531, 587
2429, 270, 470
2430, 221, 900
2431, 288, 478
2432, 492, 520
2433, 8, 890
2434, 283, 596
2435, 115, 182
2436, 281, 341
2437, 411, 826
2438, 482, 785
2439, 592, 695
2440, 1, 204
2441, 13, 356
2442, 407, 760
2443, 101, 703
2444, 521, 566
2445, 29, 942
2446, 140, 986
2447, 23, 970
2448, 181, 602
2449, 295, 421
2450, 645, 810
2451, 258, 778
2452, 540, 636
2453, 848, 962
2454, 410, 731
2455, 227, 730
2456, 170, 330
2457, 518, 586
2458, 658, 789
2459, 652, 777
2460, 584, 613
2461, 60, 277
2462, 595, 870
2463, 856, 899
2464, 555, 983
2465, 142, 631
2466, 167, 625
2467, 19, 374
2468, 103, 932
2469, 152, 729
2470, 797, 971
2471, 68, 838
2472, 534, 903
2473, 265, 323
2474, 353, 570
2475, 37, 573
2476, 340, 441
2477, 100, 551
2478, 790, 943
2479, 237, 250
2480, 275, 825
2481, 191, 939
2482, 431, 895
2483, 436, 739
2484, 360, 741
2485, 41, 293
2486, 164, 852
2487, 533, 640
2488, 582, 843
2489, 104, 415
2490, 600, 907
2491, 193, 994
2492, 200, 455
2493, 95, 532
2494, 280, 701
2495, 126, 959
2496, 433, 965
2497, 279, 796
2498, 676, 686
2499, 76, 754
2500, 618, 901
2501, 192, 579
2502, 259, 393
2503, 81, 931
2504, 661, 670
2505, 3, 836
2506, 484, 834
2507, 67, 496
2508, 812, 950
2509, 117, 630
2510, 561, 993
2511, 316, 324
2512, 253, 536
2513, 136, 574
2514, 178, 702
2515, 196, 272
2516, 488, 928
2517, 254, 903
2518, 472, 768
2519, 336, 399
2520, 207, 495
2521, 644, 727
2522, 608, 626
2523, 391, 519
2524, 235, 442
2525, 719, 866
2526, 307, 457
2527, 492, 986
2528, 597, 681
2529, 30, 381
2530, 210, 568
2531, 842, 988
2532, 152, 774
2533, 360, 763
2534, 643, 873
2535, 486, 534
2536, 711, 715
2537, 232, 995
2538, 16, 185
2539, 309, 771
2540, 725, 899
2541, 19, 58
2542, 189, 532
2543, 113, 341
2544, 45, 144
2545, 523, 887
2546, 229, 791
2547, 208, 808
2548, 158, 901
2549, 268, 881
2550, 282, 385
2551, 395, 592
2552, 767, 813
2553, 431, 965
2554, 241, 675
2555, 230, 776
2556, 652, 780
2557, 60, 130
2558, 344, 455
2559, 417, 718
2560, 465, 501
2561, 502, 925
2562, 525, 946
2563, 10, 462
2564, 28, 614
2565, 266, 483
2566, 861, 913
2567, 696, 703
2568, 319, 731
2569, 860, 972
2570, 772, 854
2571, 376, 706
2572, 177, 447
2573, 127, 764
2574, 797, 989
2575, 512, 747
2576, 72, 891
2577, 749, 997
2578, 342, 880
2579, 32, 500
2580, 777, 945
2581, 511, 750
2582, 195, 859
2583, 155, 454
2584, 589, 602
2585, 199, 286
2586, 353, 951
2587, 236, 320
2588, 404, 414
2589, 156, 269
2590, 367, 682
2591, 279, 665
2592, 361, 416
2593, 636, 937
2594, 649, 710
2595, 738, 839
2596, 537, 982
2597, 485, 894
2598, 506, 917
2599, 115, 781
2600, 33, 413
2601, 505, 912
2602, 476, 964
2603, 211, 660
2604, 105, 224
2605, 427, 981
2606, 154, 191
2607, 29, 148
2608, 302, 795
2609, 14, 452
2610, 408, 571
2611, 57, 809
2612, 74, 248
2613, 345, 411
2614, 412, 843
2615, 885, 888
2616, 430, 799
2617, 587, 906
2618, 169, 275
2619, 5, 331
2620, 79, 209
2621, 372, 477
2622, 424, 674
2623, 303, 804
2624, 591, 735
2625, 153, 629
2626, 407, 802
2627, 273, 552
2628, 296, 474
2629, 172, 223
2630, 337, 998
2631, 137, 271
2632, 46, 924
2633, 15, 844
2634, 323, 365
2635, 49, 257
2636, 182, 456
2637, 25, 327
2638, 398, 980
2639, 529, 573
2640, 218, 504
2641, 741, 905
2642, 471, 508
2643, 17, 18
2644, 849, 909
2645, 52, 228
2646, 765, 956
2647, 445, 695
2648, 594, 688
2649, 789, 921
2650, 118, 234
2651, 800, 932
2652, 683, 701
2653, 261, 299
2654, 263, 607
2655, 99, 942
2656, 85, 792
2657, 9, 717
2658, 576, 943
2659, 270, 973
2660, 80, 641
2661, 50, 941
2662, 96, 617
2663, 214, 969
2664, 31, 135
2665, 193, 638
2666, 310, 692
2667, 87, 929
2668, 129, 461
2669, 339, 977
2670, 487, 549
2671, 12, 788
2672, 312, 690
2673, 648, 751
2674, 39, 226
2675, 713, 786
2676, 634, 657
2677, 66, 219
2678, 419, 685
2679, 394, 895
2680, 56, 659
2681, 817, 927
2682, 262, 518
2683, 220, 375
2684, 892, 910
2685, 188, 481
2686, 514, 798
2687, 281, 848
2688, 801, 857
2689, 47, 176
2690, 125, 936
2691, 363, 884
2692, 443, 598
2693, 160, 882
2694, 498, 851
2695, 475, 686
2696, 463, 850
2697, 103, 494
2698, 318, 1000
2699, 453, 740
2700, 82, 578
2701, 121, 448
2702, 349, 671
2703, 265, 580
2704, 538, 684
2705, 69, 392
2706, 61, 168
2707, 190, 957
2708, 107, 651
2709, 423, 583
2710, 610, 613
2711, 752, 845
2712, 388, 677
2713, 371, 521
2714, 515, 588
2715, 216, 822
2716, 84, 147
2717, 566, 858
2718, 183, 654
2719, 27, 252
2720, 347, 872
2721, 520, 586
2722, 7, 572
2723, 2, 308
2724, 157, 387
2725, 161, 667
2726, 546, 616
2727, 289, 544
2728, 623, 897
2729, 542, 554
2730, 468, 821
2731, 612, 679
2732, 531, 705
2733, 91, 132
2734, 577, 818
2735, 246, 666
2736, 662, 958
2737, 95, 449
2738, 352, 420
2739, 875, 938
2740, 493, 853
2741, 174, 422
2742, 244, 716
2743, 206, 213
2744, 603, 963
2745, 704, 838
2746, 581, 949
2747, 351, 637
2748, 59, 824
2749, 133, 150
2750, 276, 722
2751, 116, 274
2752, 128, 406
2753, 243, 256
2754, 139, 878
2755, 358, 856
2756, 333, 646
2757, 499, 760
2758, 326, 590
2759, 151, 306
2760, 970, 976
2761, 100, 478
2762, 609, 806
2763, 242, 833
2764, 287, 450
2765, 346, 429
2766, 205, 902
2767, 507, 869
2768, 650, 841
2769, 304, 852
2770, 53, 653
2771, 556, 959
2772, 184, 428
2773, 187, 313
2774, 38, 811
2775, 94, 783
2776, 632, 908
2777, 102, 539
2778, 491, 922
2779, 575, 714
2780, 687, 736
2781, 212, 743
2782, 197, 879
2783, 89, 553
2784, 200, 721
2785, 108, 473
2786, 4, 709
2787, 775, 992
2788, 317, 528
2789, 366, 742
2790, 247, 410
2791, 141, 810
2792, 245, 898
2793, 194, 267
2794, 698, 914
2795, 618, 658
2796, 277, 732
2797, 446, 541
2798, 509, 624
2799, 122, 131
2800, 401, 968
2801, 140, 766
2802, 469, 761
2803, 162, 814
2804, 390, 712
2805, 526, 790
2806, 145, 384
2807, 51, 297
2808, 746, 926
2809, 846, 930
2810, 93, 547
2811, 239, 364
2812, 179, 829
2813, 76, 527
2814, 332, 451
2815, 280, 355
2816, 530, 545
2817, 734, 996
2818, 186, 585
2819, 65, 865
2820, 278, 680
2821, 816, 979
2822, 723, 870
2823, 146, 426
2824, 440, 497
2825, 436, 642
2826, 664, 971
2827, 418, 438
2828, 378, 840
2829, 126, 565
2830, 24, 490
2831, 599, 886
2832, 918, 934
2833, 83, 759
2834, 290, 952
2835, 400, 787
2836, 782, 907
2837, 409, 503
2838, 582, 611
2839, 755, 835
2840, 285, 726
2841, 8, 954
2842, 225, 974
2843, 377, 864
2844, 962, 985
2845, 250, 421
2846, 826, 890
2847, 298, 779
2848, 284, 966
2849, 54, 593
2850, 415, 517
2851, 551, 919
2852, 300, 815
2853, 233, 283
2854, 264, 933
2855, 55, 369
2856, 142, 251
2857, 940, 948
2858, 48, 635
2859, 328, 655
2860, 21, 876
2861, 215, 820
2862, 379, 867
2863, 164, 823
2864, 744, 978
2865, 227, 855
2866, 63, 64
2867, 584, 693
2868, 203, 916
2869, 123, 920
2870, 181, 862
2871, 335, 479
2872, 75, 301
2873, 830, 893
2874, 40, 631
2875, 288, 396
2876, 311, 633
2877, 516, 874
2878, 397, 437
2879, 98, 171
2880, 663, 753
2881, 489, 621
2882, 640, 689
2883, 124, 292
2884, 86, 510
2885, 68, 832
2886, 42, 255
2887, 627, 673
2888, 221, 564
2889, 295, 987
2890, 249, 558
2891, 71, 773
2892, 769, 877
2893, 730, 939
2894, 88, 380
2895, 559, 770
2896, 90, 97
2897, 362, 960
2898, 35, 432
2899, 570, 794
2900, 73, 464
2901, 36, 543
2902, 44, 819
2903, 620, 691
2904, 106, 350
2905, 294, 314
2906, 204, 470
2907, 240, 330
2908, 569, 694
2909, 368, 467
2910, 460, 953
2911, 466, 708
2912, 62, 647
2913, 707, 737
2914, 34, 733
2915, 6, 173
2916, 222, 359
2917, 656, 796
2918, 321, 828
2919, 533, 994
2920, 762, 896
2921, 109, 961
2922, 615, 935
2923, 403, 557
2924, 550, 778
2925, 425, 645
2926, 180, 991
2927, 748, 904
2928, 110, 114
2929, 43, 863
2930, 827, 915
2931, 522, 697
2932, 386, 389
2933, 348, 669
2934, 548, 601
2935, 202, 911
2936, 459, 678
2937, 260, 803
2938, 356, 990
2939, 11, 745
2940, 334, 900
2941, 596, 622
2942, 237, 563
2943, 159, 604
2944, 315, 628
2945, 883, 889
2946, 78, 868
2947, 606, 757
2948, 405, 754
2949, 149, 729
2950, 923, 975
2951, 699, 793
2952, 134, 373
2953, 482, 560
2954, 720, 983
2955, 119, 165
2956, 26, 999
2957, 343, 785
2958, 444, 535
2959, 540, 700
2960, 439, 595
2961, 305, 837
2962, 217, 947
2963, 402, 441
2964, 23, 167
2965, 101, 672
2966, 175, 562
2967, 143, 201
2968, 163, 944
2969, 13, 291
2970, 567, 668
2971, 22, 370
2972, 258, 739
2973, 322, 458
2974, 847, 871
2975, 70, 639
2976, 170, 724
2977, 329, 784
2978, 238, 354
2979, 807, 955
2980, 77, 433
2981, 112, 984
2982, 600, 605
2983, 138, 434
2984, 513, 758
2985, 20, 325
2986, 104, 480
2987, 382, 383
2988, 231, 374
2989, 37, 625
2990, 340, 756
2991, 41, 805
2992, 1, 619
2993, 111, 967
2994, 338, 831
2995, 524, 555
2996, 120, 728
2997, 166, 825
2998, 357, 435
2999, 198, 293
3000, 92, 676
3001, 77, 713
3002, 298, 750
3003, 302, 992
3004, 595, 755
3005, 100, 704
3006, 800, 864
3007, 52, 204
3008, 227, 787
3009, 715, 886
3010, 258, 766
3011, 604, 661
3012, 97, 976
3013, 567, 689
3014, 312, 577
3015, 414, 583
3016, 600, 658
3017, 738, 848
3018, 46, 137
3019, 596, 813
3020, 142, 564
3021, 245, 301
3022, 423, 725
3023, 486, 720
3024, 200, 840
3025, 276, 765
3026, 107, 446
3027, 536, 814
3028, 494, 909
3029, 682, 726
3030, 106, 265
3031, 103, 842
3032, 176, 252
3033, 214, 249
3034, 79, 206
3035, 339, 616
3036, 129, 942
3037, 179, 590
3038, 160, 422
3039, 239, 664
3040, 188, 578
3041, 317, 345
3042, 47, 788
3043, 285, 534
3044, 640, 764
3045, 223, 436
3046, 815, 932
3047, 462, 469
3048, 56, 307
3049, 165, 477
3050, 280, 309
3051, 443, 528
3052, 329, 383
3053, 101, 948
3054, 14, 585
3055, 839, 898
3056, 175, 673
3057, 650, 921
3058, 311, 553
3059, 763, 860
3060, 64, 796
3061, 951, 963
3062, 646, 981
3063, 572, 687
3064, 13, 672
3065, 451, 784
3066, 569, 802
3067, 470, 956
3068, 413, 894
3069, 597, 870
3070, 203, 497
3071, 73, 410
3072, 287, 391
3073, 171, 461
3074, 96, 933
3075, 467, 575
3076, 23, 582
3077, 662, 732
3078, 207, 336
3079, 116, 985
3080, 491, 741
3081, 141, 652
3082, 323, 758
3083, 621, 679
3084, 190, 887
3085, 3, 121
3086, 25, 154
3087, 140, 667
3088, 58, 775
3089, 228, 719
3090, 81, 305
3091, 197, 950
3092, 613, 882
3093, 668, 807
3094, 695, 811
3095, 737, 843
3096, 632, 980
3097, 286, 706
3098, 194, 914
3099, 331, 599
3100, 213, 283
3101, 221, 792
3102, 529, 649
3103, 146, 576
3104, 781, 865
3105, 388, 748
3106, 906, 915
3107, 92, 226
3108, 511, 574
3109, 605, 817
3110, 259, 709
3111, 774, 923
3112, 262, 837
3113, 492, 735
3114, 374, 573
3115, 148, 853
3116, 275, 504
3117, 10, 487
3118, 831, 944
3119, 156, 746
3120, 212, 271
3121, 333, 543
3122, 542, 947
3123, 501, 987
3124, 442, 742
3125, 59, 78
3126, 852, 952
3127, 392, 845
3128, 115, 535
3129, 846, 913
3130, 4, 88
3131, 169, 879
3132, 450, 739
3133, 149, 959
3134, 299, 945
3135, 370, 647
3136, 657, 791
3137, 187, 445
3138, 369, 591
3139, 363, 730
3140, 471, 1000
3141, 340, 609
3142, 321, 441
3143, 218, 282
3144, 266, 701
3145, 177, 855
3146, 29, 83
3147, 65, 304
3148, 389, 416
3149, 184, 349
3150, 199, 733
3151, 419, 939
3152, 145, 405
3153, 478, 806
3154, 50, 86
3155, 261, 368
3156, 43, 880
3157, 403, 570
3158, 150, 999
3159, 357, 386
3160, 584, 990
3161, 183, 916
3162, 290, 862
3163, 208, 681
3164, 49, 545
3165, 105, 407
3166, 375, 655
3167, 279, 790
3168, 625, 642
3169, 559, 937
3170, 692, 851
3171, 163, 991
3172, 520, 531
3173, 337, 601
3174, 768, 958
3175, 546, 938
3176, 166, 401
3177, 94, 355
3178, 644, 785
3179, 42, 651
3180, 827, 828
3181, 931, 965
3182, 563, 809
3183, 84, 104
3184, 352, 537
3185, 22, 139
3186, 54, 195
3187, 499, 821
3188, 396, 833
3189, 954, 977
3190, 126, 964
3191, 247, 834
3192, 108, 172
3193, 453, 808
3194, 420, 561
3195, 67, 507
3196, 518, 648
3197, 381, 612
3198, 776, 782
3199, 248, 803
3200, 30, 955
3201, 216, 341
3202, 180, 836
3203, 643, 998
3204, 554, 767
3205, 217, 629
3206, 198, 270
3207, 503, 968
3208, 118, 984
3209, 598, 700
3210, 244, 876
3211, 69, 264
3212, 557, 895
3213, 786, 997
3214, 747, 930
3215, 11, 816
3216, 147, 365
3217, 387, 464
3218, 728, 960
3219, 481, 623
3220, 712, 867
3221, 404, 526
3222, 34, 394
3223, 310, 901
3224, 53, 395
3225, 874, 989
3226, 2, 7
3227, 342, 508
3228, 812, 912
3229, 130, 996
3230, 178, 659
3231, 93, 444
3232, 449, 759
3233, 361, 376
3234, 133, 970
3235, 463, 900
3236, 112, 260
3237, 70, 547
3238, 696, 805
3239, 234, 929
3240, 36, 62
3241, 167, 519
3242, 541, 544
3243, 80, 372
3244, 152, 995
3245, 9, 474
3246, 110, 594
3247, 678, 872
3248, 238, 426
3249, 579, 703
3250, 680, 714
3251, 125, 246
3252, 415, 610
3253, 727, 888
3254, 135, 515
3255, 718, 783
3256, 117, 322
3257, 587, 639
3258, 457, 946
3259, 219, 844
3260, 438, 603
3261, 32, 192
3262, 456, 798
3263, 196, 762
3264, 182, 555
3265, 343, 979
3266, 230, 568
3267, 231, 566
3268, 102, 694
3269, 615, 731
3270, 319, 925
3271, 82, 797
3272, 334, 618
3273, 189, 919
3274, 493, 966
3275, 332, 854
3276, 151, 362
3277, 281, 614
3278, 211, 953
3279, 378, 384
3280, 91, 734
3281, 558, 974
3282, 191, 858
3283, 45, 268
3284, 5, 119
3285, 41, 509
3286, 769, 924
3287, 530, 849
3288, 663, 969
3289, 402, 722
3290, 562, 586
3291, 122, 626
3292, 500, 749
3293, 205, 653
3294, 693, 777
3295, 253, 448
3296, 158, 717
3297, 327, 512
3298, 330, 671
3299, 452, 580
3300, 12, 502
3301, 328, 753
3302, 335, 684
3303, 193, 971
3304, 39, 823
3305, 313, 318
3306, 348, 771
3307, 364, 744
3308, 429, 896
3309, 434, 972
3310, 255, 263
3311, 1, 926
3312, 111, 893
3313, 460, 488
3314, 143, 315
3315, 277, 986
3316, 215, 934
3317, 181, 186
3318, 60, 589
3319, 411, 751
3320, 220, 691
3321, 344, 674
3322, 724, 899
3323, 57, 63
3324, 274, 641
3325, 532, 548
3326, 325, 869
3327, 202, 417
3328, 296, 630
3329, 144, 820
3330, 31, 676
3331, 134, 243
3332, 360, 495
3333, 606, 752
3334, 74, 354
3335, 505, 539
3336, 397, 910
3337, 485, 936
3338, 393, 524
3339, 124, 338
3340, 824, 829
3341, 794, 907
3342, 654, 978
3343, 430, 982
3344, 513, 624
3345, 627, 780
3346, 157, 300
3347, 242, 489
3348, 320, 490
3349, 251, 795
3350, 89, 127
3351, 44, 409
3352, 87, 314
3353, 433, 465
3354, 15, 18
3355, 628, 711
3356, 637, 885
3357, 379, 875
3358, 24, 496
3359, 6, 522
3360, 476, 778
3361, 560, 941
3362, 685, 770
3363, 237, 308
3364, 592, 799
3365, 521, 710
3366, 620, 622
3367, 128, 675
3368, 164, 973
3369, 432, 943
3370, 294, 656
3371, 699, 721
3372, 743, 754
3373, 484, 935
3374, 473, 690
3375, 326, 940
3376, 292, 412
3377, 132, 385
3378, 538, 961
3379, 617, 927
3380, 273, 760
3381, 380, 425
3382, 17, 670
3383, 346, 740
3384, 552, 993
3385, 514, 736
3386, 804, 994
3387, 40, 838
3388, 38, 826
3389, 95, 288
3390, 479, 881
3391, 20, 347
3392, 459, 631
3393, 440, 633
3394, 377, 686
3395, 153, 708
3396, 131, 170
3397, 455, 550
3398, 120, 705
3399, 418, 645
3400, 371, 975
3401, 272, 480
3402, 229, 873
3403, 289, 922
3404, 35, 224
3405, 278, 868
3406, 773, 904
3407, 399, 723
3408, 856, 897
3409, 390, 638
3410, 209, 698
3411, 398, 825
3412, 269, 883
3413, 16, 660
3414, 155, 482
3415, 295, 847
3416, 66, 232
3417, 366, 665
3418, 297, 611
3419, 697, 702
3420, 498, 988
3421, 373, 861
3422, 161, 293
3423, 55, 466
3424, 233, 235
3425, 75, 427
3426, 37, 109
3427, 185, 983
3428, 51, 779
3429, 174, 525
3430, 877, 967
3431, 353, 472
3432, 832, 911
3433, 666, 729
3434, 254, 884
3435, 510, 835
3436, 72, 236
3437, 68, 447
3438, 225, 677
3439, 159, 540
3440, 33, 607
3441, 256, 506
3442, 516, 789
3443, 21, 306
3444, 424, 871
3445, 439, 917
3446, 90, 801
3447, 949, 962
3448, 123, 350
3449, 61, 608
3450, 454, 458
3451, 683, 920
3452, 435, 793
3453, 905, 957
3454, 571, 818
3455, 406, 857
3456, 28, 822
3457, 173, 533
3458, 468, 819
3459, 48, 257
3460, 201, 634
3461, 99, 527
3462, 761, 859
3463, 27, 830
3464, 240, 891
3465, 324, 878
3466, 222, 284
3467, 636, 850
3468, 400, 866
3469, 291, 408
3470, 551, 716
3471, 162, 908
3472, 757, 928
3473, 303, 745
3474, 421, 431
3475, 707, 918
3476, 250, 316
3477, 138, 523
3478, 98, 863
3479, 71, 619
3480, 113, 902
3481, 114, 635
3482, 556, 890
3483, 356, 483
3484, 351, 437
3485, 382, 903
3486, 19, 517
3487, 85, 602
3488, 241, 367
3489, 588, 593
3490, 267, 810
3491, 358, 359
3492, 168, 549
3493, 428, 475
3494, 26, 565
3495, 581, 892
3496, 136, 772
3497, 8, 688
3498, 669, 841
3499, 210, 756
3500, 76, 889
3501, 320, 512
3502, 285, 959
3503, 630, 715
3504, 446, 994
3505, 197, 359
3506, 878, 968
3507, 368, 831
3508, 102, 688
3509, 556, 828
3510, 602, 615
3511, 140, 156
3512, 454, 520
3513, 624, 714
3514, 408, 424
3515, 475, 559
3516, 248, 648
3517, 894, 951
3518, 117, 593
3519, 727, 739
3520, 158, 245
3521, 672, 774
3522, 53, 165
3523, 141, 525
3524, 378, 882
3525, 698, 814
3526, 73, 90
3527, 441, 830
3528, 47, 710
3529, 365, 712
3530, 707, 740
3531, 76, 451
3532, 168, 933
3533, 313, 934
3534, 405, 867
3535, 927, 993
3536, 549, 588
3537, 79, 397
3538, 24, 460
3539, 479, 871
3540, 150, 943
3541, 433, 477
3542, 145, 926
3543, 596, 827
3544, 13, 638
3545, 567, 825
3546, 106, 260
3547, 356, 902
3548, 533, 787
3549, 501, 522
3550, 180, 898
3551, 734, 856
3552, 490, 657
3553, 410, 553
3554, 403, 725
3555, 119, 694
3556, 201, 314
3557, 423, 967
3558, 220, 339
3559, 450, 590
3560, 36, 834
3561, 28, 276
3562, 305, 466
3563, 853, 938
3564, 650, 800
3565, 784, 991
3566, 120, 288
3567, 333, 935
3568, 351, 971
3569, 175, 678
3570, 389, 912
3571, 503, 813
3572, 793, 948
3573, 294, 848
3574, 497, 851
3575, 82, 743
3576, 656, 722
3577, 155, 726
3578, 115, 534
3579, 49, 561
3580, 500, 838
3581, 104, 430
3582, 22, 972
3583, 312, 619
3584, 57, 679
3585, 307, 608
3586, 12, 325
3587, 198, 291
3588, 440, 866
3589, 606, 699
3590, 37, 892
3591, 118, 481
3592, 4, 798
3593, 213, 337
3594, 186, 427
3595, 41, 135
3596, 357, 442
3597, 196, 426
3598, 216, 509
3599, 589, 621
3600, 308, 840
3601, 18, 109
3602, 558, 620
3603, 395, 842
3604, 587, 982
3605, 554, 773
3606, 444, 697
3607, 852, 872
3608, 837, 963
3609, 55, 636
3610, 131, 676
3611, 321, 752
3612, 214, 535
3613, 246, 417
3614, 9, 979
3615, 331, 744
3616, 242, 731
3617, 263, 738
3618, 189, 758
3619, 77, 317
3620, 783, 976
3621, 692, 782
3622, 199, 519
3623, 85, 240
3624, 128, 673
3625, 315, 717
3626, 153, 225
3627, 536, 579
3628, 183, 874
3629, 181, 281
3630, 471, 860
3631, 610, 617
3632, 750, 868
3633, 570, 671
3634, 370, 905
3635, 71, 279
3636, 801, 977
3637, 346, 690
3638, 86, 573
3639, 265, 326
3640, 252, 988
3641, 75, 875
3642, 30, 464
3643, 93, 907
3644, 2, 806
3645, 594, 910
3646, 127, 844
3647, 327, 350
3648, 97, 363
3649, 318, 757
3650, 142, 928
3651, 523, 950
3652, 144, 173
3653, 641, 918
3654, 257, 804
3655, 341, 414
3656, 760, 946
3657, 824, 953
3658, 513, 803
3659, 371, 753
3660, 482, 877
3661, 347, 841
3662, 129, 311
3663, 483, 919
3664, 26, 580
3665, 737, 777
3666, 592, 833
3667, 537, 961
3668, 103, 530
3669, 498, 839
3670, 462, 696
3671, 425, 616
3672, 243, 456
3673, 661, 922
3674, 233, 625
3675, 14, 210
3676, 324, 845
3677, 44, 323
3678, 342, 821
3679, 854, 891
3680, 474, 532
3681, 759, 930
3682, 74, 293
3683, 268, 572
3684, 269, 280
3685, 461, 563
3686, 228, 396
3687, 223, 888
3688, 358, 771
3689, 254, 328
3690, 538, 747
3691, 169, 271
3692, 792, 944
3693, 334, 578
3694, 633, 711
3695, 399, 449
3696, 51, 493
3697, 194, 958
3698, 146, 552
3699, 733, 987
3700, 884, 903
3701, 385, 789
3702, 91, 171
3703, 548, 560
3704, 557, 964
3705, 282, 505
3706, 56, 381
3707, 125, 361
3708, 172, 476
3709, 126, 799
3710, 130, 562
3711, 63, 764
3712, 267, 336
3713, 58, 631
3714, 748, 955
3715, 35, 443
3716, 367, 643
3717, 330, 516
3718, 247, 256
3719, 101, 897
3720, 229, 266
3721, 388, 947
3722, 136, 969
3723, 729, 916
3724, 15, 96
3725, 406, 646
3726, 89, 338
3727, 383, 766
3728, 191, 716
3729, 304, 528
3730, 348, 713
3731, 134, 604
3732, 670, 700
3733, 704, 975
3734, 43, 802
3735, 138, 568
3736, 179, 835
3737, 526, 873
3738, 277, 662
3739, 478, 649
3740, 429, 511
3741, 377, 908
3742, 259, 632
3743, 226, 755
3744, 858, 876
3745, 69, 407
3746, 883, 990
3747, 434, 435
3748, 19, 329
3749, 272, 952
3750, 418, 421
3751, 60, 684
3752, 215, 628
3753, 494, 921
3754, 674, 819
3755, 208, 508
3756, 251, 599
3757, 695, 945
3758, 244, 954
3759, 211, 531
3760, 463, 745
3761, 292, 978
3762, 420, 518
3763, 386, 721
3764, 42, 862
3765, 231, 941
3766, 222, 637
3767, 163, 879
3768, 295, 301
3769, 486, 832
3770, 542, 545
3771, 204, 595
3772, 178, 719
3773, 402, 810
3774, 422, 438
3775, 585, 627
3776, 390, 666
3777, 392, 459
3778, 432, 502
3779, 149, 890
3780, 551, 732
3781, 384, 767
3782, 452, 911
3783, 611, 779
3784, 274, 811
3785, 261, 869
3786, 80, 586
3787, 514, 626
3788, 1, 100
3789, 137, 970
3790, 439, 521
3791, 741, 754
3792, 48, 52
3793, 353, 906
3794, 453, 723
3795, 297, 925
3796, 107, 382
3797, 212, 470
3798, 88, 880
3799, 230, 488
3800, 660, 812
3801, 39, 917
3802, 219, 601
3803, 614, 746
3804, 310, 437
3805, 250, 809
3806, 468, 639
3807, 540, 543
3808, 27, 113
3809, 167, 682
3810, 65, 808
3811, 962, 996
3812, 72, 374
3813, 255, 665
3814, 66, 788
3815, 234, 847
3816, 207, 728
3817, 455, 985
3818, 640, 937
3819, 7, 965
3820, 177, 823
3821, 224, 645
3822, 654, 846
3823, 151, 278
3824, 352, 597
3825, 400, 863
3826, 161, 369
3827, 763, 815
3828, 541, 768
3829, 387, 693
3830, 176, 457
3831, 289, 302
3832, 94, 506
3833, 445, 691
3834, 749, 886
3835, 81, 659
3836, 344, 391
3837, 54, 300
3838, 309, 629
3839, 17, 635
3840, 166, 904
3841, 190, 366
3842, 870, 895
3843, 105, 262
3844, 154, 287
3845, 794, 822
3846, 817, 939
3847, 354, 416
3848, 343, 1000
3849, 45, 517
3850, 217, 264
3851, 322, 332
3852, 78, 152
3853, 121, 485
3854, 61, 489
3855, 31, 68
3856, 5, 335
3857, 170, 232
3858, 110, 122
3859, 491, 603
3860, 843, 997
3861, 436, 932
3862, 555, 669
3863, 380, 735
3864, 647, 983
3865, 373, 495
3866, 11, 40
3867, 270, 623
3868, 3, 192
3869, 677, 742
3870, 816, 940
3871, 413, 539
3872, 67, 564
3873, 398, 923
3874, 84, 887
3875, 372, 607
3876, 504, 913
3877, 92, 986
3878, 143, 349
3879, 701, 999
3880, 299, 591
3881, 703, 989
3882, 547, 724
3883, 419, 956
3884, 458, 527
3885, 16, 33
3886, 394, 472
3887, 50, 751
3888, 34, 769
3889, 544, 796
3890, 409, 974
3891, 487, 973
3892, 202, 303
3893, 160, 393
3894, 116, 770
3895, 480, 924
3896, 157, 981
3897, 431, 622
3898, 235, 791
3899, 95, 415
3900, 273, 820
3901, 195, 364
3902, 8, 900
3903, 340, 762
3904, 59, 612
3905, 375, 376
3906, 148, 653
3907, 10, 680
3908, 187, 778
3909, 111, 829
3910, 87, 720
3911, 203, 401
3912, 21, 221
3913, 931, 942
3914, 29, 642
3915, 920, 957
3916, 253, 929
3917, 237, 581
3918, 286, 780
3919, 772, 914
3920, 114, 306
3921, 582, 893
3922, 99, 960
3923, 360, 775
3924, 227, 529
3925, 362, 683
3926, 826, 992
3927, 200, 998
3928, 319, 885
3929, 411, 507
3930, 492, 909
3931, 98, 290
3932, 206, 275
3933, 566, 797
3934, 70, 705
3935, 776, 849
3936, 565, 686
3937, 83, 896
3938, 112, 510
3939, 576, 899
3940, 38, 658
3941, 605, 785
3942, 188, 613
3943, 618, 881
3944, 209, 706
3945, 238, 664
3946, 467, 546
3947, 609, 850
3948, 236, 598
3949, 818, 857
3950, 25, 550
3951, 316, 668
3952, 379, 807
3953, 241, 404
3954, 182, 447
3955, 205, 258
3956, 249, 355
3957, 412, 781
3958, 184, 652
3959, 193, 736
3960, 6, 499
3961, 20, 185
3962, 283, 859
3963, 23, 296
3964, 651, 805
3965, 584, 786
3966, 32, 575
3967, 634, 730
3968, 524, 709
3969, 62, 708
3970, 687, 966
3971, 655, 864
3972, 702, 936
3973, 164, 861
3974, 174, 980
3975, 159, 675
3976, 583, 901
3977, 123, 995
3978, 147, 765
3979, 345, 473
3980, 469, 569
3981, 46, 133
3982, 132, 484
3983, 239, 865
3984, 428, 795
3985, 284, 667
3986, 574, 761
3987, 515, 577
3988, 448, 790
3989, 663, 689
3990, 108, 756
3991, 64, 718
3992, 600, 915
3993, 465, 889
3994, 218, 855
3995, 139, 836
3996, 571, 644
3997, 162, 298
3998, 681, 984
3999, 685, 949
4000, 124, 496
