id, img1, img2
1, 180, 767
2, 247, 493
3, 445, 981
4, 587, 848
5, 161, 492
6, 113, 450
7, 418, 946
8, 531, 817
9, 912, 978
10, 404, 442
11, 155, 185
12, 34, 232
13, 327, 763
14, 669, 913
15, 95, 390
16, 339, 826
17, 230, 510
18, 249, 349
19, 184, 424
20, 165, 740
21, 354, 604
22, 374, 954
23, 16, 100
24, 103, 747
25, 52, 494
26, 124, 947
27, 274, 688
28, 383, 680
29, 812, 921
30, 56, 453
31, 436, 834
32, 203, 925
33, 523, 686
34, 151, 694
35, 365, 764
36, 315, 622
37, 82, 972
38, 138, 545
39, 615, 941
40, 726, 782
41, 892, 906
42, 122, 443
43, 48, 982
44, 154, 864
45, 159, 976
46, 714, 934
47, 319, 586
48, 44, 152
49, 81, 302
50, 348, 692
51, 399, 766
52, 500, 899
53, 59, 240
54, 741, 994
55, 228, 237
56, 91, 518
57, 63, 515
58, 762, 866
59, 289, 965
60, 397, 1000
61, 367, 666
62, 77, 446
63, 145, 336
64, 87, 223
65, 285, 718
66, 854, 933
67, 612, 673
68, 623, 902
69, 502, 968
70, 527, 792
71, 30, 384
72, 413, 732
73, 133, 643
74, 280, 777
75, 227, 457
76, 875, 915
77, 546, 873
78, 116, 940
79, 911, 949
80, 126, 860
81, 279, 824
82, 10, 813
83, 536, 672
84, 431, 661
85, 23, 728
86, 14, 313
87, 190, 562
88, 46, 64
89, 20, 301
90, 496, 667
91, 181, 529
92, 441, 964
93, 352, 908
94, 561, 655
95, 328, 676
96, 162, 167
97, 831, 974
98, 325, 478
99, 105, 467
100, 288, 693
101, 304, 405
102, 543, 998
103, 262, 675
104, 351, 842
105, 311, 927
106, 278, 769
107, 66, 476
108, 572, 678
109, 308, 950
110, 292, 337
111, 359, 607
112, 320, 584
113, 321, 538
114, 452, 996
115, 509, 735
116, 1, 294
117, 220, 761
118, 551, 578
119, 204, 550
120, 55, 434
121, 563, 768
122, 192, 636
123, 882, 935
124, 677, 742
125, 39, 581
126, 4, 243
127, 485, 610
128, 142, 774
129, 141, 283
130, 410, 602
131, 134, 195
132, 396, 731
133, 35, 310
134, 13, 200
135, 878, 910
136, 99, 334
137, 570, 789
138, 132, 887
139, 743, 755
140, 477, 914
141, 333, 555
142, 468, 924
143, 69, 501
144, 499, 786
145, 708, 988
146, 209, 575
147, 38, 71
148, 68, 394
149, 393, 687
150, 701, 926
151, 800, 874
152, 76, 851
153, 332, 699
154, 637, 802
155, 26, 883
156, 837, 852
157, 398, 685
158, 83, 670
159, 37, 212
160, 580, 624
161, 43, 224
162, 97, 417
163, 951, 960
164, 303, 717
165, 435, 609
166, 497, 616
167, 163, 387
168, 553, 703
169, 101, 938
170, 402, 795
171, 419, 472
172, 498, 707
173, 847, 956
174, 106, 139
175, 258, 268
176, 376, 828
177, 426, 784
178, 475, 664
179, 140, 444
180, 149, 835
181, 41, 202
182, 881, 907
183, 632, 690
184, 660, 893
185, 60, 541
186, 316, 408
187, 552, 944
188, 526, 895
189, 119, 275
190, 437, 479
191, 420, 425
192, 368, 534
193, 244, 776
194, 245, 463
195, 651, 916
196, 356, 749
197, 797, 853
198, 128, 199
199, 681, 928
200, 558, 995
201, 22, 250
202, 646, 805
203, 378, 473
204, 504, 754
205, 600, 986
206, 451, 583
207, 186, 653
208, 12, 771
209, 314, 627
210, 9, 859
211, 821, 952
212, 65, 153
213, 282, 993
214, 521, 525
215, 757, 836
216, 111, 379
217, 353, 530
218, 870, 889
219, 611, 832
220, 253, 409
221, 566, 991
222, 254, 272
223, 85, 756
224, 47, 871
225, 371, 556
226, 745, 888
227, 639, 884
228, 260, 811
229, 86, 428
230, 7, 21
231, 36, 592
232, 51, 114
233, 120, 682
234, 574, 969
235, 90, 329
236, 257, 849
237, 188, 838
238, 876, 901
239, 456, 975
240, 24, 665
241, 516, 628
242, 464, 648
243, 461, 657
244, 421, 481
245, 193, 537
246, 194, 214
247, 391, 535
248, 109, 115
249, 389, 487
250, 338, 898
251, 696, 992
252, 234, 269
253, 340, 863
254, 346, 736
255, 206, 270
256, 238, 422
257, 794, 919
258, 483, 517
259, 781, 987
260, 773, 846
261, 166, 855
262, 112, 366
263, 218, 508
264, 820, 843
265, 179, 984
266, 3, 157
267, 130, 867
268, 471, 662
269, 459, 709
270, 598, 979
271, 53, 704
272, 177, 198
273, 557, 567
274, 261, 591
275, 400, 645
276, 17, 706
277, 753, 980
278, 540, 656
279, 358, 403
280, 73, 448
281, 722, 930
282, 189, 407
283, 877, 900
284, 626, 856
285, 590, 897
286, 252, 569
287, 559, 576
288, 236, 783
289, 178, 335
290, 697, 713
291, 25, 710
292, 594, 649
293, 605, 829
294, 27, 738
295, 174, 324
296, 172, 296
297, 460, 579
298, 72, 170
299, 482, 758
300, 88, 822
301, 215, 267
302, 641, 827
303, 770, 958
304, 125, 144
305, 196, 309
306, 246, 512
307, 488, 588
308, 465, 905
309, 121, 505
310, 474, 539
311, 306, 737
312, 70, 814
313, 45, 634
314, 416, 917
315, 599, 778
316, 175, 231
317, 158, 299
318, 187, 787
319, 619, 625
320, 40, 571
321, 780, 857
322, 307, 809
323, 522, 909
324, 370, 931
325, 489, 803
326, 568, 937
327, 734, 760
328, 29, 433
329, 96, 750
330, 225, 585
331, 143, 423
332, 182, 221
333, 815, 989
334, 58, 801
335, 84, 210
336, 577, 806
337, 201, 818
338, 462, 654
339, 80, 173
340, 11, 455
341, 286, 936
342, 658, 671
343, 102, 990
344, 372, 739
345, 322, 597
346, 312, 395
347, 32, 42
348, 484, 618
349, 15, 519
350, 160, 412
351, 213, 720
352, 896, 999
353, 544, 796
354, 207, 528
355, 903, 945
356, 318, 858
357, 668, 886
358, 93, 135
359, 469, 894
360, 369, 480
361, 137, 491
362, 248, 788
363, 729, 810
364, 382, 593
365, 613, 791
366, 439, 869
367, 67, 644
368, 363, 955
369, 904, 985
370, 345, 705
371, 375, 807
372, 123, 775
373, 264, 266
374, 430, 642
375, 2, 226
376, 171, 779
377, 330, 840
378, 746, 793
379, 217, 872
380, 156, 520
381, 432, 948
382, 8, 31
383, 406, 429
384, 89, 679
385, 233, 695
386, 164, 606
387, 169, 659
388, 239, 652
389, 271, 830
390, 197, 603
391, 663, 966
392, 595, 723
393, 5, 922
394, 331, 506
395, 386, 845
396, 542, 963
397, 205, 263
398, 216, 377
399, 229, 608
400, 251, 923
401, 596, 971
402, 721, 861
403, 62, 362
404, 341, 962
405, 298, 524
406, 107, 798
407, 342, 582
408, 277, 712
409, 108, 880
410, 961, 983
411, 388, 411
412, 589, 630
413, 75, 146
414, 503, 890
415, 466, 640
416, 454, 711
417, 300, 490
418, 79, 751
419, 621, 727
420, 841, 967
421, 74, 839
422, 287, 716
423, 565, 808
424, 259, 862
425, 117, 305
426, 698, 765
427, 110, 414
428, 211, 511
429, 255, 733
430, 28, 601
431, 317, 819
432, 438, 633
433, 129, 744
434, 118, 219
435, 674, 785
436, 168, 470
437, 326, 560
438, 61, 513
439, 415, 702
440, 380, 939
441, 235, 825
442, 360, 715
443, 638, 918
444, 33, 629
445, 885, 943
446, 265, 295
447, 730, 920
448, 804, 977
449, 150, 357
450, 620, 942
451, 54, 347
452, 293, 533
453, 127, 957
454, 284, 700
455, 297, 973
456, 343, 344
457, 6, 18
458, 273, 850
459, 291, 507
460, 136, 549
461, 176, 929
462, 361, 449
463, 953, 997
464, 241, 614
465, 222, 865
466, 242, 689
467, 147, 891
468, 78, 724
469, 691, 772
470, 547, 719
471, 564, 959
472, 635, 752
473, 98, 617
474, 554, 683
475, 647, 833
476, 650, 823
477, 401, 932
478, 50, 276
479, 57, 486
480, 684, 970
481, 94, 631
482, 323, 879
483, 748, 799
484, 440, 816
485, 447, 514
486, 256, 548
487, 131, 532
488, 350, 373
489, 148, 458
490, 19, 868
491, 381, 725
492, 104, 281
493, 92, 392
494, 290, 364
495, 191, 790
496, 183, 355
497, 49, 208
498, 385, 759
499, 495, 573
500, 427, 844
501, 159, 415
502, 573, 614
503, 370, 555
504, 200, 817
505, 363, 869
506, 89, 814
507, 75, 531
508, 866, 939
509, 385, 499
510, 280, 662
511, 170, 384
512, 130, 859
513, 613, 762
514, 131, 563
515, 51, 674
516, 73, 855
517, 518, 553
518, 354, 589
519, 235, 811
520, 211, 506
521, 66, 864
522, 585, 995
523, 332, 626
524, 381, 813
525, 10, 39
526, 74, 399
527, 124, 539
528, 27, 319
529, 104, 465
530, 71, 845
531, 432, 689
532, 389, 612
533, 548, 812
534, 195, 568
535, 375, 405
536, 383, 564
537, 442, 638
538, 456, 966
539, 701, 741
540, 58, 309
541, 605, 974
542, 83, 901
543, 318, 379
544, 136, 141
545, 188, 943
546, 244, 540
547, 87, 88
548, 904, 972
549, 145, 225
550, 655, 870
551, 685, 712
552, 6, 406
553, 739, 836
554, 233, 826
555, 34, 267
556, 38, 783
557, 392, 420
558, 53, 281
559, 621, 765
560, 529, 633
561, 138, 623
562, 509, 786
563, 874, 997
564, 278, 523
565, 841, 925
566, 175, 710
567, 440, 551
568, 78, 221
569, 250, 719
570, 779, 809
571, 198, 929
572, 21, 353
573, 286, 341
574, 304, 833
575, 372, 982
576, 437, 521
577, 388, 889
578, 271, 355
579, 99, 600
580, 398, 528
581, 17, 422
582, 194, 226
583, 220, 515
584, 284, 343
585, 382, 956
586, 877, 976
587, 13, 303
588, 476, 517
589, 79, 594
590, 468, 690
591, 48, 162
592, 624, 873
593, 64, 964
594, 317, 362
595, 187, 192
596, 59, 842
597, 296, 401
598, 72, 728
599, 434, 984
600, 350, 788
601, 646, 777
602, 241, 771
603, 371, 541
604, 96, 622
605, 750, 778
606, 146, 366
607, 549, 586
608, 224, 936
609, 92, 661
610, 625, 671
611, 119, 510
612, 683, 850
613, 91, 627
614, 174, 720
615, 725, 932
616, 230, 958
617, 542, 798
618, 909, 953
619, 702, 969
620, 36, 393
621, 595, 752
622, 604, 757
623, 480, 815
624, 361, 947
625, 65, 593
626, 86, 668
627, 527, 669
628, 182, 253
629, 302, 881
630, 352, 808
631, 129, 448
632, 351, 961
633, 391, 799
634, 952, 978
635, 726, 755
636, 482, 942
637, 109, 114
638, 29, 70
639, 105, 443
640, 368, 902
641, 60, 731
642, 63, 491
643, 684, 753
644, 587, 691
645, 165, 569
646, 206, 729
647, 403, 770
648, 133, 938
649, 374, 376
650, 52, 242
651, 239, 316
652, 311, 697
653, 416, 717
654, 306, 784
655, 498, 511
656, 166, 818
657, 173, 396
658, 313, 438
659, 459, 950
660, 22, 913
661, 497, 666
662, 204, 641
663, 56, 907
664, 234, 450
665, 12, 698
666, 140, 345
667, 110, 620
668, 279, 474
669, 644, 887
670, 575, 852
671, 259, 796
672, 84, 123
673, 331, 452
674, 40, 189
675, 307, 567
676, 469, 737
677, 299, 895
678, 672, 946
679, 378, 651
680, 441, 536
681, 560, 888
682, 33, 949
683, 648, 954
684, 67, 328
685, 367, 554
686, 161, 781
687, 749, 831
688, 217, 715
689, 25, 169
690, 503, 933
691, 107, 792
692, 93, 433
693, 467, 732
694, 463, 838
695, 177, 629
696, 113, 858
697, 427, 931
698, 61, 164
699, 505, 591
700, 967, 981
701, 111, 631
702, 843, 990
703, 428, 678
704, 216, 444
705, 238, 658
706, 492, 860
707, 507, 844
708, 152, 649
709, 275, 921
710, 323, 472
711, 742, 804
712, 283, 461
713, 559, 598
714, 387, 424
715, 54, 310
716, 20, 695
717, 673, 773
718, 163, 896
719, 550, 863
720, 62, 769
721, 263, 917
722, 418, 890
723, 295, 346
724, 460, 647
725, 9, 97
726, 743, 775
727, 50, 807
728, 178, 360
729, 8, 364
730, 339, 660
731, 606, 628
732, 219, 386
733, 801, 916
734, 207, 369
735, 102, 552
736, 120, 436
737, 245, 822
738, 679, 824
739, 232, 965
740, 571, 736
741, 287, 335
742, 479, 912
743, 342, 704
744, 149, 944
745, 30, 714
746, 94, 426
747, 98, 269
748, 183, 229
749, 329, 940
750, 106, 500
751, 57, 795
752, 248, 481
753, 210, 903
754, 289, 340
755, 112, 483
756, 772, 837
757, 557, 937
758, 214, 688
759, 333, 473
760, 724, 894
761, 667, 847
762, 348, 803
763, 240, 288
764, 449, 745
765, 546, 596
766, 5, 228
767, 68, 975
768, 458, 948
769, 122, 236
770, 746, 828
771, 3, 466
772, 558, 785
773, 172, 991
774, 308, 453
775, 256, 835
776, 116, 654
777, 132, 607
778, 423, 513
779, 825, 854
780, 184, 414
781, 43, 597
782, 4, 664
783, 435, 886
784, 272, 425
785, 315, 718
786, 404, 530
787, 565, 840
788, 11, 923
789, 330, 526
790, 134, 682
791, 81, 255
792, 545, 692
793, 820, 924
794, 212, 610
795, 439, 805
796, 562, 928
797, 447, 751
798, 357, 971
799, 179, 703
800, 794, 905
801, 390, 892
802, 270, 934
803, 687, 987
804, 494, 675
805, 338, 603
806, 108, 508
807, 16, 534
808, 580, 632
809, 28, 686
810, 489, 776
811, 199, 867
812, 713, 941
813, 209, 293
814, 653, 999
815, 764, 793
816, 291, 985
817, 640, 955
818, 47, 582
819, 151, 677
820, 126, 906
821, 76, 197
822, 397, 740
823, 35, 823
824, 708, 989
825, 180, 294
826, 495, 709
827, 160, 402
828, 457, 572
829, 502, 918
830, 486, 945
831, 203, 787
832, 254, 561
833, 213, 914
834, 176, 611
835, 95, 430
836, 215, 876
837, 196, 681
838, 37, 454
839, 519, 716
840, 285, 699
841, 617, 927
842, 137, 601
843, 314, 763
844, 23, 478
845, 223, 266
846, 46, 49
847, 32, 101
848, 298, 696
849, 125, 320
850, 55, 774
851, 347, 730
852, 409, 883
853, 868, 957
854, 273, 968
855, 41, 898
856, 602, 747
857, 143, 349
858, 139, 832
859, 475, 920
860, 277, 344
861, 543, 547
862, 80, 334
863, 85, 665
864, 14, 839
865, 142, 872
866, 722, 791
867, 615, 637
868, 26, 262
869, 680, 734
870, 144, 201
871, 493, 790
872, 45, 324
873, 282, 636
874, 19, 265
875, 31, 205
876, 522, 738
877, 535, 537
878, 700, 707
879, 90, 884
880, 117, 181
881, 417, 462
882, 358, 962
883, 261, 960
884, 44, 305
885, 168, 592
886, 578, 756
887, 470, 496
888, 579, 848
889, 566, 992
890, 639, 800
891, 656, 830
892, 412, 524
893, 147, 514
894, 849, 1000
895, 356, 520
896, 156, 897
897, 190, 264
898, 711, 827
899, 171, 487
900, 394, 609
901, 208, 735
902, 247, 532
903, 322, 652
904, 258, 616
905, 252, 501
906, 882, 922
907, 908, 930
908, 193, 231
909, 227, 899
910, 994, 996
911, 135, 312
912, 186, 875
913, 150, 257
914, 761, 951
915, 365, 733
916, 484, 759
917, 400, 758
918, 663, 900
919, 431, 642
920, 100, 635
921, 861, 871
922, 659, 865
923, 485, 802
924, 599, 744
925, 321, 488
926, 590, 789
927, 419, 959
928, 806, 851
929, 721, 780
930, 42, 504
931, 274, 853
932, 185, 218
933, 297, 300
934, 157, 429
935, 643, 983
936, 380, 445
937, 821, 879
938, 694, 706
939, 222, 670
940, 395, 477
941, 411, 760
942, 251, 829
943, 290, 935
944, 326, 973
945, 413, 451
946, 455, 490
947, 148, 630
948, 421, 583
949, 410, 516
950, 512, 986
951, 657, 834
952, 268, 816
953, 533, 988
954, 570, 979
955, 544, 891
956, 301, 705
957, 337, 525
958, 158, 970
959, 153, 581
960, 127, 846
961, 336, 998
962, 446, 574
963, 977, 980
964, 538, 910
965, 77, 608
966, 464, 880
967, 121, 191
968, 115, 359
969, 154, 911
970, 18, 766
971, 576, 618
972, 103, 249
973, 276, 584
974, 407, 727
975, 260, 676
976, 1, 693
977, 471, 993
978, 893, 926
979, 634, 919
980, 237, 767
981, 118, 797
982, 128, 810
983, 69, 82
984, 15, 619
985, 167, 878
986, 588, 650
987, 202, 243
988, 2, 782
989, 7, 748
990, 373, 577
991, 246, 819
992, 723, 862
993, 292, 963
994, 377, 915
995, 325, 768
996, 327, 856
997, 556, 645
998, 754, 885
999, 408, 857
1000, 24, 155
1001, 718, 798
1002, 145, 329
1003, 529, 729
1004, 41, 90
1005, 142, 467
1006, 217, 653
1007, 778, 874
1008, 347, 410
1009, 815, 980
1010, 68, 266
1011, 396, 989
1012, 579, 702
1013, 264, 276
1014, 169, 293
1015, 351, 374
1016, 445, 705
1017, 290, 562
1018, 366, 689
1019, 551, 948
1020, 76, 646
1021, 218, 588
1022, 156, 455
1023, 112, 504
1024, 30, 785
1025, 245, 879
1026, 440, 542
1027, 250, 586
1028, 167, 545
1029, 214, 252
1030, 607, 933
1031, 339, 722
1032, 229, 407
1033, 522, 710
1034, 60, 442
1035, 709, 938
1036, 621, 780
1037, 314, 717
1038, 132, 336
1039, 348, 850
1040, 375, 648
1041, 323, 861
1042, 405, 547
1043, 208, 949
1044, 363, 474
1045, 248, 500
1046, 10, 881
1047, 45, 211
1048, 44, 908
1049, 138, 842
1050, 548, 844
1051, 38, 117
1052, 239, 840
1053, 450, 800
1054, 153, 895
1055, 439, 864
1056, 833, 966
1057, 224, 750
1058, 143, 566
1059, 344, 523
1060, 365, 742
1061, 802, 916
1062, 390, 751
1063, 85, 385
1064, 400, 665
1065, 350, 559
1066, 182, 225
1067, 608, 858
1068, 318, 929
1069, 5, 464
1070, 692, 1000
1071, 53, 775
1072, 676, 882
1073, 675, 784
1074, 46, 413
1075, 136, 163
1076, 441, 971
1077, 79, 883
1078, 267, 355
1079, 81, 757
1080, 783, 869
1081, 698, 889
1082, 11, 105
1083, 907, 914
1084, 683, 695
1085, 367, 859
1086, 32, 478
1087, 128, 851
1088, 221, 335
1089, 666, 678
1090, 54, 940
1091, 281, 359
1092, 25, 770
1093, 368, 421
1094, 121, 766
1095, 137, 660
1096, 119, 408
1097, 867, 988
1098, 20, 419
1099, 325, 449
1100, 294, 527
1101, 230, 953
1102, 531, 604
1103, 42, 231
1104, 14, 716
1105, 443, 582
1106, 286, 299
1107, 263, 747
1108, 147, 901
1109, 779, 990
1110, 618, 987
1111, 265, 454
1112, 113, 557
1113, 259, 664
1114, 429, 768
1115, 154, 754
1116, 486, 799
1117, 220, 416
1118, 303, 433
1119, 776, 935
1120, 730, 915
1121, 103, 913
1122, 448, 577
1123, 395, 431
1124, 509, 540
1125, 617, 878
1126, 891, 984
1127, 397, 986
1128, 401, 846
1129, 238, 791
1130, 763, 816
1131, 148, 298
1132, 656, 796
1133, 896, 974
1134, 22, 135
1135, 111, 311
1136, 569, 614
1137, 576, 822
1138, 301, 819
1139, 254, 616
1140, 50, 458
1141, 409, 546
1142, 814, 995
1143, 247, 854
1144, 170, 471
1145, 201, 260
1146, 150, 558
1147, 192, 724
1148, 353, 756
1149, 280, 957
1150, 437, 917
1151, 91, 658
1152, 92, 978
1153, 817, 965
1154, 308, 723
1155, 319, 985
1156, 215, 256
1157, 172, 962
1158, 47, 941
1159, 487, 721
1160, 728, 794
1161, 95, 417
1162, 146, 505
1163, 97, 104
1164, 74, 444
1165, 501, 623
1166, 476, 807
1167, 7, 538
1168, 510, 958
1169, 589, 806
1170, 23, 37
1171, 289, 863
1172, 383, 468
1173, 277, 943
1174, 13, 834
1175, 712, 739
1176, 490, 590
1177, 732, 959
1178, 393, 835
1179, 237, 361
1180, 639, 774
1181, 161, 584
1182, 313, 954
1183, 273, 904
1184, 125, 843
1185, 178, 453
1186, 613, 615
1187, 204, 715
1188, 373, 552
1189, 82, 96
1190, 594, 650
1191, 667, 677
1192, 497, 947
1193, 380, 536
1194, 282, 773
1195, 466, 824
1196, 52, 253
1197, 140, 326
1198, 86, 575
1199, 173, 516
1200, 668, 922
1201, 106, 495
1202, 130, 498
1203, 663, 820
1204, 412, 903
1205, 168, 496
1206, 470, 746
1207, 629, 973
1208, 823, 902
1209, 227, 946
1210, 235, 352
1211, 26, 787
1212, 129, 334
1213, 622, 701
1214, 110, 331
1215, 78, 438
1216, 57, 610
1217, 89, 876
1218, 133, 977
1219, 507, 758
1220, 491, 920
1221, 185, 762
1222, 424, 808
1223, 63, 741
1224, 232, 587
1225, 21, 964
1226, 411, 932
1227, 300, 465
1228, 9, 423
1229, 155, 376
1230, 462, 592
1231, 912, 950
1232, 184, 578
1233, 242, 855
1234, 526, 781
1235, 364, 482
1236, 414, 447
1237, 711, 727
1238, 479, 765
1239, 330, 831
1240, 109, 753
1241, 706, 952
1242, 127, 632
1243, 75, 960
1244, 174, 398
1245, 58, 875
1246, 84, 107
1247, 27, 836
1248, 452, 923
1249, 434, 598
1250, 597, 857
1251, 166, 625
1252, 24, 886
1253, 370, 979
1254, 511, 671
1255, 62, 760
1256, 720, 888
1257, 288, 633
1258, 115, 403
1259, 162, 549
1260, 740, 797
1261, 619, 930
1262, 17, 56
1263, 503, 631
1264, 430, 786
1265, 386, 790
1266, 804, 828
1267, 171, 222
1268, 713, 997
1269, 244, 703
1270, 477, 998
1271, 202, 233
1272, 848, 899
1273, 297, 599
1274, 87, 379
1275, 102, 919
1276, 183, 662
1277, 810, 939
1278, 517, 924
1279, 422, 955
1280, 181, 885
1281, 65, 514
1282, 432, 951
1283, 484, 725
1284, 601, 635
1285, 309, 818
1286, 345, 356
1287, 651, 845
1288, 223, 873
1289, 261, 532
1290, 593, 620
1291, 272, 544
1292, 565, 860
1293, 270, 627
1294, 28, 679
1295, 191, 354
1296, 654, 673
1297, 789, 968
1298, 541, 972
1299, 492, 561
1300, 520, 655
1301, 77, 179
1302, 176, 975
1303, 457, 524
1304, 101, 284
1305, 6, 682
1306, 175, 936
1307, 69, 100
1308, 126, 652
1309, 609, 905
1310, 33, 735
1311, 697, 832
1312, 152, 571
1313, 160, 257
1314, 194, 315
1315, 921, 991
1316, 809, 934
1317, 745, 900
1318, 131, 485
1319, 116, 320
1320, 31, 415
1321, 310, 475
1322, 29, 530
1323, 473, 880
1324, 39, 241
1325, 43, 258
1326, 525, 641
1327, 164, 871
1328, 483, 887
1329, 70, 961
1330, 340, 502
1331, 165, 292
1332, 157, 321
1333, 640, 707
1334, 203, 580
1335, 8, 605
1336, 139, 226
1337, 305, 696
1338, 213, 755
1339, 234, 328
1340, 333, 767
1341, 279, 853
1342, 480, 568
1343, 382, 612
1344, 180, 343
1345, 435, 488
1346, 4, 246
1347, 216, 749
1348, 283, 910
1349, 583, 827
1350, 236, 389
1351, 274, 384
1352, 690, 937
1353, 425, 982
1354, 513, 969
1355, 99, 210
1356, 94, 630
1357, 759, 826
1358, 406, 906
1359, 657, 744
1360, 3, 866
1361, 387, 731
1362, 637, 772
1363, 66, 909
1364, 190, 362
1365, 624, 628
1366, 73, 927
1367, 420, 672
1368, 472, 669
1369, 394, 446
1370, 688, 691
1371, 207, 278
1372, 12, 428
1373, 550, 847
1374, 795, 893
1375, 55, 719
1376, 296, 572
1377, 813, 928
1378, 285, 638
1379, 306, 515
1380, 71, 114
1381, 200, 894
1382, 337, 591
1383, 369, 838
1384, 189, 324
1385, 418, 681
1386, 134, 249
1387, 371, 963
1388, 699, 956
1389, 856, 983
1390, 925, 981
1391, 792, 999
1392, 342, 596
1393, 40, 890
1394, 748, 752
1395, 372, 872
1396, 399, 898
1397, 451, 521
1398, 120, 317
1399, 240, 841
1400, 243, 693
1401, 212, 461
1402, 93, 508
1403, 1, 674
1404, 123, 680
1405, 51, 634
1406, 769, 892
1407, 275, 564
1408, 459, 539
1409, 255, 388
1410, 533, 849
1411, 338, 944
1412, 506, 992
1413, 555, 644
1414, 16, 595
1415, 61, 821
1416, 307, 996
1417, 463, 687
1418, 626, 726
1419, 18, 793
1420, 456, 519
1421, 59, 897
1422, 554, 645
1423, 493, 829
1424, 80, 377
1425, 228, 494
1426, 199, 460
1427, 205, 659
1428, 528, 581
1429, 825, 868
1430, 196, 704
1431, 322, 602
1432, 64, 251
1433, 193, 358
1434, 737, 803
1435, 67, 436
1436, 144, 209
1437, 35, 642
1438, 177, 295
1439, 124, 801
1440, 88, 686
1441, 48, 574
1442, 197, 764
1443, 738, 839
1444, 195, 570
1445, 534, 743
1446, 2, 603
1447, 489, 812
1448, 118, 543
1449, 302, 469
1450, 381, 556
1451, 535, 830
1452, 188, 736
1453, 19, 360
1454, 391, 734
1455, 149, 291
1456, 708, 782
1457, 563, 567
1458, 499, 636
1459, 269, 378
1460, 49, 670
1461, 186, 573
1462, 271, 777
1463, 83, 926
1464, 537, 862
1465, 341, 788
1466, 98, 643
1467, 837, 967
1468, 262, 404
1469, 427, 852
1470, 357, 685
1471, 34, 771
1472, 327, 976
1473, 649, 805
1474, 684, 994
1475, 611, 865
1476, 733, 884
1477, 600, 911
1478, 349, 694
1479, 606, 945
1480, 15, 141
1481, 72, 206
1482, 316, 392
1483, 312, 426
1484, 560, 761
1485, 36, 402
1486, 198, 970
1487, 553, 700
1488, 187, 931
1489, 108, 346
1490, 159, 287
1491, 811, 918
1492, 332, 942
1493, 122, 870
1494, 481, 512
1495, 151, 877
1496, 219, 585
1497, 158, 518
1498, 647, 993
1499, 268, 714
1500, 304, 661
1501, 779, 994
1502, 289, 312
1503, 461, 636
1504, 252, 519
1505, 477, 975
1506, 501, 866
1507, 93, 886
1508, 191, 207
1509, 597, 942
1510, 183, 956
1511, 107, 815
1512, 52, 904
1513, 18, 199
1514, 302, 979
1515, 580, 669
1516, 733, 926
1517, 126, 322
1518, 136, 262
1519, 383, 768
1520, 41, 234
1521, 292, 300
1522, 486, 679
1523, 700, 933
1524, 393, 675
1525, 294, 827
1526, 266, 871
1527, 216, 897
1528, 590, 954
1529, 485, 968
1530, 313, 819
1531, 120, 390
1532, 503, 666
1533, 801, 977
1534, 1, 470
1535, 335, 655
1536, 82, 772
1537, 68, 121
1538, 154, 698
1539, 811, 856
1540, 279, 329
1541, 56, 718
1542, 177, 838
1543, 237, 704
1544, 424, 587
1545, 115, 482
1546, 249, 761
1547, 141, 708
1548, 259, 476
1549, 194, 539
1550, 412, 471
1551, 431, 614
1552, 540, 754
1553, 16, 867
1554, 374, 741
1555, 763, 803
1556, 14, 809
1557, 22, 671
1558, 57, 113
1559, 478, 931
1560, 156, 619
1561, 108, 122
1562, 466, 806
1563, 564, 705
1564, 283, 853
1565, 151, 441
1566, 210, 451
1567, 357, 909
1568, 184, 858
1569, 327, 447
1570, 344, 505
1571, 516, 567
1572, 239, 282
1573, 554, 583
1574, 128, 969
1575, 162, 180
1576, 747, 796
1577, 132, 337
1578, 627, 680
1579, 28, 201
1580, 12, 316
1581, 297, 452
1582, 935, 964
1583, 523, 980
1584, 435, 924
1585, 342, 706
1586, 78, 877
1587, 526, 950
1588, 788, 863
1589, 5, 189
1590, 359, 625
1591, 38, 206
1592, 569, 646
1593, 37, 797
1594, 171, 469
1595, 346, 647
1596, 875, 878
1597, 340, 584
1598, 379, 602
1599, 510, 561
1600, 7, 134
1601, 382, 527
1602, 32, 559
1603, 908, 1000
1604, 434, 884
1605, 433, 710
1606, 405, 532
1607, 742, 785
1608, 3, 927
1609, 430, 606
1610, 416, 916
1611, 894, 920
1612, 275, 703
1613, 125, 555
1614, 299, 511
1615, 274, 436
1616, 6, 21
1617, 498, 864
1618, 243, 663
1619, 288, 439
1620, 90, 686
1621, 348, 351
1622, 35, 755
1623, 456, 591
1624, 219, 737
1625, 613, 800
1626, 662, 868
1627, 111, 588
1628, 137, 988
1629, 182, 626
1630, 131, 736
1631, 77, 245
1632, 387, 941
1633, 98, 124
1634, 112, 773
1635, 220, 690
1636, 50, 75
1637, 264, 874
1638, 286, 826
1639, 432, 807
1640, 347, 986
1641, 380, 566
1642, 173, 937
1643, 345, 550
1644, 421, 726
1645, 474, 685
1646, 518, 570
1647, 223, 652
1648, 261, 849
1649, 94, 213
1650, 17, 717
1651, 905, 995
1652, 777, 928
1653, 272, 721
1654, 87, 906
1655, 181, 376
1656, 605, 790
1657, 258, 468
1658, 178, 231
1659, 644, 757
1660, 338, 670
1661, 95, 684
1662, 84, 751
1663, 622, 642
1664, 92, 110
1665, 13, 692
1666, 222, 888
1667, 372, 879
1668, 711, 745
1669, 514, 534
1670, 229, 296
1671, 218, 551
1672, 36, 367
1673, 15, 872
1674, 852, 999
1675, 186, 356
1676, 454, 734
1677, 301, 749
1678, 139, 987
1679, 422, 678
1680, 552, 691
1681, 321, 360
1682, 425, 681
1683, 74, 720
1684, 531, 887
1685, 515, 648
1686, 408, 568
1687, 152, 217
1688, 168, 923
1689, 687, 762
1690, 209, 624
1691, 759, 847
1692, 26, 760
1693, 248, 355
1694, 442, 963
1695, 802, 835
1696, 172, 965
1697, 767, 791
1698, 160, 522
1699, 438, 446
1700, 682, 985
1701, 149, 732
1702, 4, 402
1703, 51, 535
1704, 494, 989
1705, 323, 631
1706, 254, 873
1707, 716, 900
1708, 257, 504
1709, 462, 961
1710, 100, 808
1711, 611, 854
1712, 79, 399
1713, 66, 738
1714, 530, 702
1715, 339, 546
1716, 428, 862
1717, 628, 932
1718, 850, 891
1719, 748, 848
1720, 190, 460
1721, 267, 731
1722, 362, 585
1723, 324, 633
1724, 285, 453
1725, 929, 960
1726, 509, 756
1727, 883, 997
1728, 512, 860
1729, 244, 657
1730, 228, 798
1731, 198, 846
1732, 250, 365
1733, 159, 547
1734, 575, 959
1735, 2, 851
1736, 333, 822
1737, 226, 330
1738, 392, 592
1739, 594, 880
1740, 48, 943
1741, 155, 668
1742, 158, 472
1743, 349, 925
1744, 639, 814
1745, 743, 998
1746, 138, 517
1747, 740, 820
1748, 64, 966
1749, 915, 967
1750, 247, 354
1751, 49, 420
1752, 42, 378
1753, 276, 578
1754, 502, 683
1755, 150, 651
1756, 10, 415
1757, 192, 812
1758, 81, 463
1759, 816, 971
1760, 326, 955
1761, 455, 608
1762, 246, 464
1763, 96, 766
1764, 481, 541
1765, 164, 910
1766, 368, 786
1767, 123, 193
1768, 24, 780
1769, 739, 946
1770, 395, 836
1771, 513, 948
1772, 649, 823
1773, 353, 609
1774, 31, 487
1775, 295, 488
1776, 489, 714
1777, 404, 817
1778, 212, 911
1779, 9, 693
1780, 273, 618
1781, 758, 947
1782, 230, 483
1783, 350, 635
1784, 116, 280
1785, 458, 490
1786, 293, 311
1787, 315, 389
1788, 577, 901
1789, 19, 828
1790, 8, 298
1791, 73, 484
1792, 778, 952
1793, 553, 746
1794, 855, 953
1795, 314, 397
1796, 521, 673
1797, 118, 277
1798, 101, 496
1799, 44, 556
1800, 417, 752
1801, 23, 70
1802, 506, 870
1803, 215, 358
1804, 291, 418
1805, 88, 770
1806, 109, 844
1807, 373, 825
1808, 370, 893
1809, 616, 869
1810, 253, 543
1811, 143, 596
1812, 166, 831
1813, 176, 377
1814, 448, 992
1815, 97, 403
1816, 103, 187
1817, 58, 983
1818, 579, 699
1819, 303, 782
1820, 47, 174
1821, 127, 890
1822, 227, 604
1823, 114, 599
1824, 548, 934
1825, 308, 830
1826, 203, 617
1827, 375, 861
1828, 612, 660
1829, 65, 278
1830, 437, 919
1831, 364, 656
1832, 179, 414
1833, 61, 629
1834, 135, 233
1835, 129, 251
1836, 479, 839
1837, 67, 921
1838, 328, 419
1839, 325, 529
1840, 242, 586
1841, 102, 331
1842, 221, 730
1843, 589, 841
1844, 713, 895
1845, 256, 653
1846, 287, 857
1847, 153, 524
1848, 391, 973
1849, 99, 508
1850, 401, 459
1851, 450, 712
1852, 263, 533
1853, 11, 211
1854, 195, 775
1855, 491, 930
1856, 29, 366
1857, 241, 341
1858, 281, 722
1859, 269, 990
1860, 400, 563
1861, 89, 898
1862, 805, 978
1863, 363, 824
1864, 284, 659
1865, 440, 620
1866, 492, 834
1867, 409, 750
1868, 507, 576
1869, 225, 429
1870, 188, 689
1871, 59, 106
1872, 236, 520
1873, 361, 661
1874, 600, 728
1875, 332, 725
1876, 55, 538
1877, 776, 957
1878, 630, 918
1879, 60, 465
1880, 336, 406
1881, 271, 882
1882, 667, 787
1883, 674, 843
1884, 369, 545
1885, 83, 381
1886, 525, 637
1887, 133, 810
1888, 307, 650
1889, 304, 411
1890, 394, 565
1891, 43, 892
1892, 260, 560
1893, 426, 449
1894, 388, 444
1895, 623, 833
1896, 105, 723
1897, 54, 265
1898, 784, 794
1899, 645, 813
1900, 167, 658
1901, 582, 949
1902, 601, 818
1903, 309, 443
1904, 310, 665
1905, 268, 789
1906, 557, 574
1907, 240, 939
1908, 63, 165
1909, 45, 676
1910, 235, 457
1911, 290, 821
1912, 305, 996
1913, 320, 701
1914, 145, 352
1915, 197, 610
1916, 334, 536
1917, 71, 130
1918, 638, 641
1919, 119, 445
1920, 224, 544
1921, 467, 912
1922, 951, 958
1923, 69, 865
1924, 202, 991
1925, 603, 688
1926, 709, 845
1927, 208, 907
1928, 30, 694
1929, 715, 727
1930, 185, 792
1931, 34, 899
1932, 643, 914
1933, 769, 976
1934, 86, 398
1935, 146, 147
1936, 571, 795
1937, 80, 318
1938, 306, 729
1939, 537, 840
1940, 938, 981
1941, 473, 842
1942, 200, 528
1943, 607, 765
1944, 696, 984
1945, 204, 774
1946, 148, 343
1947, 232, 962
1948, 62, 881
1949, 144, 615
1950, 384, 697
1951, 744, 832
1952, 621, 922
1953, 558, 913
1954, 53, 735
1955, 255, 640
1956, 783, 982
1957, 480, 695
1958, 707, 993
1959, 205, 214
1960, 475, 672
1961, 76, 753
1962, 542, 724
1963, 573, 581
1964, 117, 493
1965, 142, 634
1966, 40, 196
1967, 46, 497
1968, 413, 495
1969, 85, 562
1970, 170, 771
1971, 386, 799
1972, 500, 903
1973, 317, 889
1974, 593, 970
1975, 72, 423
1976, 157, 974
1977, 27, 654
1978, 238, 940
1979, 595, 677
1980, 598, 859
1981, 161, 936
1982, 407, 427
1983, 764, 945
1984, 371, 410
1985, 163, 632
1986, 169, 719
1987, 39, 837
1988, 175, 972
1989, 25, 572
1990, 91, 319
1991, 385, 885
1992, 20, 944
1993, 104, 781
1994, 549, 902
1995, 33, 896
1996, 140, 876
1997, 664, 793
1998, 270, 917
1999, 499, 804
2000, 396, 829
2001, 28, 131
2002, 149, 525
2003, 674, 898
2004, 298, 401
2005, 314, 479
2006, 631, 783
2007, 546, 801
2008, 857, 984
2009, 324, 784
2010, 309, 717
2011, 271, 574
2012, 88, 595
2013, 389, 964
2014, 606, 780
2015, 701, 915
2016, 738, 790
2017, 607, 633
2018, 203, 244
2019, 127, 169
2020, 86, 749
2021, 497, 720
2022, 4, 571
2023, 130, 644
2024, 96, 683
2025, 464, 999
2026, 515, 542
2027, 329, 800
2028, 565, 935
2029, 214, 240
2030, 675, 820
2031, 81, 262
2032, 101, 653
2033, 797, 880
2034, 420, 445
2035, 342, 727
2036, 235, 830
2037, 12, 894
2038, 182, 484
2039, 692, 757
2040, 105, 211
2041, 407, 516
2042, 268, 436
2043, 302, 535
2044, 512, 920
2045, 38, 772
2046, 640, 652
2047, 495, 842
2048, 374, 413
2049, 23, 616
2050, 638, 961
2051, 59, 655
2052, 438, 476
2053, 498, 763
2054, 192, 973
2055, 20, 863
2056, 417, 849
2057, 325, 578
2058, 265, 666
2059, 91, 735
2060, 212, 312
2061, 258, 646
2062, 103, 560
2063, 451, 618
2064, 133, 623
2065, 128, 671
2066, 60, 148
2067, 573, 707
2068, 246, 939
2069, 70, 651
2070, 395, 465
2071, 22, 154
2072, 375, 379
2073, 392, 788
2074, 370, 965
2075, 348, 697
2076, 107, 831
2077, 508, 645
2078, 30, 460
2079, 82, 746
2080, 821, 852
2081, 288, 980
2082, 461, 716
2083, 61, 619
2084, 332, 359
2085, 151, 196
2086, 285, 703
2087, 482, 985
2088, 147, 480
2089, 368, 559
2090, 243, 426
2091, 295, 905
2092, 241, 759
2093, 316, 966
2094, 579, 600
2095, 539, 713
2096, 433, 855
2097, 51, 399
2098, 444, 995
2099, 274, 691
2100, 313, 355
2101, 868, 996
2102, 529, 861
2103, 100, 161
2104, 665, 825
2105, 24, 250
2106, 93, 885
2107, 501, 794
2108, 656, 892
2109, 689, 804
2110, 376, 927
2111, 134, 909
2112, 272, 976
2113, 336, 834
2114, 267, 807
2115, 491, 907
2116, 331, 455
2117, 327, 505
2118, 39, 83
2119, 699, 795
2120, 383, 456
2121, 189, 605
2122, 612, 743
2123, 306, 741
2124, 77, 419
2125, 150, 494
2126, 186, 879
2127, 163, 773
2128, 6, 936
2129, 694, 818
2130, 145, 874
2131, 260, 282
2132, 603, 896
2133, 403, 917
2134, 52, 439
2135, 44, 554
2136, 140, 153
2137, 320, 567
2138, 384, 596
2139, 760, 900
2140, 352, 553
2141, 167, 762
2142, 132, 210
2143, 223, 998
2144, 266, 405
2145, 137, 527
2146, 472, 659
2147, 321, 523
2148, 614, 660
2149, 261, 872
2150, 381, 953
2151, 141, 467
2152, 200, 520
2153, 590, 700
2154, 159, 884
2155, 372, 593
2156, 43, 918
2157, 811, 841
2158, 385, 680
2159, 726, 823
2160, 115, 956
2161, 264, 561
2162, 95, 114
2163, 354, 948
2164, 232, 287
2165, 67, 123
2166, 446, 786
2167, 793, 982
2168, 317, 428
2169, 522, 678
2170, 458, 989
2171, 108, 219
2172, 836, 858
2173, 572, 912
2174, 239, 910
2175, 69, 360
2176, 496, 648
2177, 531, 778
2178, 704, 798
2179, 170, 789
2180, 617, 706
2181, 418, 629
2182, 459, 566
2183, 400, 977
2184, 345, 714
2185, 416, 693
2186, 408, 430
2187, 293, 672
2188, 122, 931
2189, 462, 906
2190, 424, 752
2191, 195, 340
2192, 511, 937
2193, 125, 866
2194, 391, 782
2195, 18, 829
2196, 477, 662
2197, 297, 853
2198, 604, 661
2199, 475, 938
2200, 402, 924
2201, 545, 635
2202, 63, 292
2203, 315, 668
2204, 371, 622
2205, 171, 808
2206, 112, 943
2207, 188, 506
2208, 319, 454
2209, 286, 335
2210, 507, 901
2211, 582, 730
2212, 641, 802
2213, 569, 592
2214, 577, 839
2215, 275, 528
2216, 856, 978
2217, 57, 277
2218, 341, 620
2219, 215, 837
2220, 152, 225
2221, 550, 870
2222, 851, 873
2223, 294, 649
2224, 663, 902
2225, 283, 806
2226, 681, 970
2227, 98, 908
2228, 257, 650
2229, 642, 739
2230, 393, 521
2231, 518, 719
2232, 142, 486
2233, 64, 756
2234, 104, 543
2235, 78, 339
2236, 838, 860
2237, 198, 364
2238, 273, 947
2239, 17, 99
2240, 422, 764
2241, 191, 205
2242, 597, 768
2243, 207, 300
2244, 669, 862
2245, 34, 353
2246, 15, 199
2247, 263, 406
2248, 119, 187
2249, 230, 731
2250, 583, 626
2251, 296, 959
2252, 427, 601
2253, 26, 158
2254, 575, 972
2255, 197, 845
2256, 194, 712
2257, 281, 657
2258, 216, 245
2259, 533, 722
2260, 299, 705
2261, 468, 871
2262, 485, 913
2263, 449, 923
2264, 221, 447
2265, 448, 682
2266, 204, 540
2267, 156, 473
2268, 220, 708
2269, 71, 229
2270, 269, 994
2271, 146, 677
2272, 819, 974
2273, 3, 58
2274, 173, 611
2275, 280, 1000
2276, 639, 922
2277, 76, 538
2278, 380, 774
2279, 180, 457
2280, 333, 960
2281, 117, 557
2282, 481, 710
2283, 893, 954
2284, 450, 814
2285, 366, 431
2286, 2, 723
2287, 166, 812
2288, 227, 549
2289, 193, 625
2290, 337, 775
2291, 483, 945
2292, 109, 877
2293, 5, 844
2294, 218, 843
2295, 469, 609
2296, 66, 106
2297, 89, 963
2298, 179, 799
2299, 162, 602
2300, 37, 323
2301, 68, 358
2302, 13, 310
2303, 698, 813
2304, 36, 47
2305, 50, 453
2306, 493, 916
2307, 850, 983
2308, 253, 608
2309, 387, 396
2310, 237, 564
2311, 124, 881
2312, 32, 555
2313, 27, 502
2314, 351, 709
2315, 165, 736
2316, 92, 876
2317, 594, 748
2318, 19, 318
2319, 25, 411
2320, 136, 356
2321, 75, 630
2322, 308, 421
2323, 175, 585
2324, 570, 854
2325, 21, 610
2326, 284, 791
2327, 388, 690
2328, 213, 846
2329, 394, 624
2330, 541, 886
2331, 556, 875
2332, 536, 664
2333, 9, 138
2334, 65, 742
2335, 126, 599
2336, 728, 990
2337, 289, 822
2338, 517, 919
2339, 31, 178
2340, 632, 769
2341, 390, 544
2342, 177, 226
2343, 729, 781
2344, 236, 805
2345, 168, 828
2346, 568, 897
2347, 580, 946
2348, 349, 684
2349, 338, 718
2350, 628, 859
2351, 206, 414
2352, 102, 926
2353, 397, 637
2354, 14, 751
2355, 80, 382
2356, 307, 903
2357, 409, 688
2358, 443, 889
2359, 537, 955
2360, 343, 928
2361, 35, 304
2362, 279, 796
2363, 914, 987
2364, 503, 761
2365, 750, 921
2366, 110, 172
2367, 429, 437
2368, 509, 776
2369, 869, 882
2370, 217, 362
2371, 887, 968
2372, 234, 847
2373, 144, 344
2374, 415, 933
2375, 563, 643
2376, 121, 423
2377, 899, 962
2378, 386, 410
2379, 29, 492
2380, 276, 471
2381, 233, 247
2382, 519, 929
2383, 721, 867
2384, 809, 833
2385, 425, 526
2386, 373, 435
2387, 667, 878
2388, 8, 997
2389, 532, 753
2390, 157, 326
2391, 500, 891
2392, 378, 470
2393, 118, 328
2394, 311, 551
2395, 301, 765
2396, 361, 771
2397, 73, 930
2398, 290, 958
2399, 587, 711
2400, 185, 548
2401, 56, 747
2402, 72, 827
2403, 42, 54
2404, 33, 734
2405, 176, 552
2406, 120, 654
2407, 347, 864
2408, 440, 466
2409, 231, 513
2410, 524, 696
2411, 79, 732
2412, 932, 957
2413, 350, 865
2414, 676, 951
2415, 85, 576
2416, 952, 969
2417, 255, 803
2418, 190, 589
2419, 442, 840
2420, 10, 967
2421, 209, 588
2422, 835, 883
2423, 432, 941
2424, 489, 991
2425, 94, 181
2426, 160, 581
2427, 686, 934
2428, 11, 817
2429, 305, 463
2430, 90, 111
2431, 174, 598
2432, 248, 777
2433, 810, 911
2434, 116, 702
2435, 737, 895
2436, 330, 613
2437, 685, 767
2438, 259, 490
2439, 55, 238
2440, 48, 113
2441, 40, 562
2442, 740, 754
2443, 74, 745
2444, 208, 816
2445, 687, 981
2446, 87, 925
2447, 49, 143
2448, 346, 621
2449, 452, 944
2450, 202, 228
2451, 16, 46
2452, 377, 670
2453, 1, 434
2454, 135, 547
2455, 441, 591
2456, 201, 770
2457, 291, 975
2458, 224, 278
2459, 129, 155
2460, 647, 715
2461, 357, 367
2462, 398, 993
2463, 792, 979
2464, 45, 334
2465, 487, 530
2466, 363, 988
2467, 222, 824
2468, 365, 679
2469, 270, 514
2470, 499, 673
2471, 183, 758
2472, 139, 733
2473, 504, 904
2474, 584, 942
2475, 7, 256
2476, 634, 766
2477, 488, 725
2478, 404, 940
2479, 41, 888
2480, 252, 949
2481, 755, 848
2482, 303, 890
2483, 615, 744
2484, 636, 785
2485, 164, 992
2486, 369, 815
2487, 787, 986
2488, 510, 586
2489, 627, 658
2490, 254, 558
2491, 62, 322
2492, 249, 534
2493, 242, 971
2494, 97, 251
2495, 478, 826
2496, 724, 950
2497, 53, 412
2498, 84, 779
2499, 184, 832
2500, 474, 695
2501, 687, 916
2502, 342, 720
2503, 396, 567
2504, 89, 888
2505, 157, 996
2506, 280, 678
2507, 652, 689
2508, 309, 885
2509, 545, 805
2510, 220, 674
2511, 671, 898
2512, 107, 731
2513, 420, 958
2514, 22, 305
2515, 221, 480
2516, 41, 509
2517, 4, 318
2518, 294, 869
2519, 356, 979
2520, 804, 971
2521, 534, 783
2522, 269, 866
2523, 656, 850
2524, 40, 966
2525, 90, 238
2526, 199, 762
2527, 452, 462
2528, 169, 298
2529, 323, 369
2530, 17, 116
2531, 215, 683
2532, 224, 832
2533, 690, 727
2534, 82, 378
2535, 65, 629
2536, 724, 837
2537, 117, 376
2538, 79, 231
2539, 105, 458
2540, 52, 296
2541, 36, 553
2542, 443, 680
2543, 526, 617
2544, 394, 411
2545, 84, 467
2546, 595, 909
2547, 186, 424
2548, 39, 726
2549, 836, 867
2550, 203, 719
2551, 442, 508
2552, 769, 919
2553, 132, 878
2554, 171, 393
2555, 233, 468
2556, 620, 758
2557, 73, 658
2558, 397, 843
2559, 54, 437
2560, 9, 42
2561, 489, 863
2562, 484, 642
2563, 345, 514
2564, 121, 954
2565, 180, 375
2566, 37, 306
2567, 730, 942
2568, 57, 716
2569, 554, 809
2570, 699, 974
2571, 190, 279
2572, 561, 794
2573, 143, 861
2574, 102, 906
2575, 586, 952
2576, 202, 500
2577, 902, 927
2578, 387, 593
2579, 591, 800
2580, 778, 862
2581, 14, 899
2582, 126, 838
2583, 276, 948
2584, 409, 929
2585, 212, 764
2586, 173, 757
2587, 226, 905
2588, 86, 474
2589, 164, 798
2590, 341, 921
2591, 108, 451
2592, 26, 362
2593, 204, 257
2594, 433, 653
2595, 43, 281
2596, 13, 844
2597, 170, 705
2598, 382, 478
2599, 206, 973
2600, 181, 746
2601, 189, 711
2602, 7, 747
2603, 635, 722
2604, 700, 753
2605, 83, 895
2606, 868, 881
2607, 491, 879
2608, 252, 651
2609, 385, 533
2610, 60, 373
2611, 695, 738
2612, 886, 983
2613, 851, 964
2614, 271, 556
2615, 135, 785
2616, 928, 978
2617, 156, 518
2618, 149, 782
2619, 572, 654
2620, 476, 498
2621, 44, 570
2622, 209, 535
2623, 249, 259
2624, 71, 504
2625, 360, 568
2626, 542, 702
2627, 111, 158
2628, 623, 661
2629, 541, 560
2630, 101, 849
2631, 165, 626
2632, 293, 418
2633, 419, 950
2634, 58, 717
2635, 817, 972
2636, 67, 510
2637, 664, 676
2638, 272, 602
2639, 34, 295
2640, 371, 820
2641, 750, 791
2642, 3, 129
2643, 286, 361
2644, 273, 590
2645, 557, 854
2646, 93, 884
2647, 100, 503
2648, 162, 550
2649, 25, 472
2650, 31, 131
2651, 338, 594
2652, 176, 264
2653, 245, 981
2654, 122, 694
2655, 459, 847
2656, 312, 977
2657, 23, 810
2658, 258, 532
2659, 645, 704
2660, 477, 579
2661, 865, 910
2662, 301, 578
2663, 792, 923
2664, 313, 802
2665, 566, 666
2666, 197, 490
2667, 213, 989
2668, 449, 564
2669, 302, 536
2670, 174, 178
2671, 516, 523
2672, 399, 454
2673, 10, 793
2674, 291, 709
2675, 103, 776
2676, 183, 530
2677, 392, 834
2678, 340, 995
2679, 201, 956
2680, 405, 637
2681, 98, 830
2682, 383, 713
2683, 96, 227
2684, 343, 414
2685, 672, 969
2686, 297, 852
2687, 91, 749
2688, 469, 494
2689, 962, 986
2690, 265, 337
2691, 679, 873
2692, 784, 900
2693, 282, 788
2694, 28, 290
2695, 483, 734
2696, 72, 920
2697, 95, 708
2698, 317, 871
2699, 147, 569
2700, 609, 917
2701, 168, 465
2702, 446, 857
2703, 263, 502
2704, 427, 822
2705, 324, 846
2706, 710, 824
2707, 115, 703
2708, 299, 368
2709, 613, 739
2710, 207, 935
2711, 218, 314
2712, 441, 953
2713, 574, 701
2714, 136, 499
2715, 751, 933
2716, 51, 230
2717, 172, 803
2718, 520, 575
2719, 597, 877
2720, 429, 548
2721, 63, 367
2722, 142, 930
2723, 835, 949
2724, 239, 287
2725, 692, 883
2726, 329, 904
2727, 565, 896
2728, 335, 797
2729, 208, 270
2730, 225, 780
2731, 310, 667
2732, 428, 781
2733, 76, 539
2734, 486, 580
2735, 308, 893
2736, 217, 641
2737, 134, 936
2738, 444, 754
2739, 193, 450
2740, 255, 615
2741, 479, 619
2742, 195, 422
2743, 636, 669
2744, 544, 736
2745, 358, 471
2746, 316, 587
2747, 244, 890
2748, 62, 304
2749, 48, 718
2750, 425, 607
2751, 138, 242
2752, 85, 643
2753, 488, 732
2754, 112, 639
2755, 625, 982
2756, 321, 581
2757, 434, 887
2758, 638, 872
2759, 745, 963
2760, 247, 714
2761, 123, 470
2762, 819, 892
2763, 222, 926
2764, 628, 870
2765, 605, 677
2766, 175, 644
2767, 351, 765
2768, 815, 828
2769, 124, 740
2770, 515, 549
2771, 223, 646
2772, 5, 528
2773, 760, 833
2774, 475, 845
2775, 146, 984
2776, 370, 790
2777, 721, 853
2778, 408, 410
2779, 49, 649
2780, 148, 421
2781, 415, 657
2782, 29, 616
2783, 20, 438
2784, 931, 967
2785, 663, 796
2786, 35, 435
2787, 155, 875
2788, 94, 938
2789, 300, 372
2790, 417, 889
2791, 326, 618
2792, 274, 826
2793, 125, 582
2794, 150, 891
2795, 128, 821
2796, 771, 975
2797, 395, 813
2798, 501, 814
2799, 322, 327
2800, 21, 943
2801, 431, 940
2802, 416, 756
2803, 303, 693
2804, 261, 336
2805, 735, 914
2806, 430, 787
2807, 179, 767
2808, 331, 389
2809, 353, 357
2810, 8, 521
2811, 391, 577
2812, 640, 786
2813, 87, 184
2814, 404, 825
2815, 589, 659
2816, 485, 748
2817, 461, 603
2818, 390, 627
2819, 650, 990
2820, 192, 555
2821, 772, 829
2822, 901, 976
2823, 524, 611
2824, 266, 761
2825, 660, 665
2826, 670, 925
2827, 448, 596
2828, 27, 354
2829, 622, 859
2830, 11, 487
2831, 684, 763
2832, 647, 965
2833, 402, 540
2834, 214, 512
2835, 355, 766
2836, 24, 455
2837, 16, 188
2838, 806, 991
2839, 200, 219
2840, 234, 957
2841, 232, 380
2842, 163, 379
2843, 447, 715
2844, 330, 907
2845, 584, 737
2846, 522, 573
2847, 254, 945
2848, 874, 946
2849, 127, 307
2850, 38, 401
2851, 481, 723
2852, 205, 439
2853, 799, 908
2854, 284, 505
2855, 50, 675
2856, 114, 260
2857, 6, 412
2858, 457, 807
2859, 152, 262
2860, 525, 601
2861, 55, 151
2862, 133, 779
2863, 334, 913
2864, 268, 571
2865, 400, 495
2866, 277, 992
2867, 53, 648
2868, 688, 915
2869, 144, 686
2870, 216, 464
2871, 33, 497
2872, 15, 211
2873, 185, 440
2874, 384, 685
2875, 482, 741
2876, 682, 997
2877, 61, 777
2878, 256, 285
2879, 493, 599
2880, 706, 773
2881, 346, 681
2882, 551, 994
2883, 517, 662
2884, 191, 288
2885, 492, 944
2886, 139, 848
2887, 64, 894
2888, 697, 955
2889, 130, 278
2890, 246, 959
2891, 240, 558
2892, 386, 882
2893, 407, 987
2894, 463, 744
2895, 140, 161
2896, 177, 855
2897, 66, 344
2898, 92, 999
2899, 59, 924
2900, 187, 860
2901, 104, 511
2902, 576, 985
2903, 2, 99
2904, 630, 707
2905, 110, 755
2906, 456, 839
2907, 600, 922
2908, 46, 538
2909, 413, 912
2910, 366, 728
2911, 406, 559
2912, 69, 759
2913, 698, 789
2914, 725, 816
2915, 1, 423
2916, 588, 818
2917, 673, 840
2918, 45, 604
2919, 552, 774
2920, 253, 939
2921, 241, 426
2922, 68, 80
2923, 333, 352
2924, 75, 506
2925, 349, 876
2926, 398, 743
2927, 831, 980
2928, 88, 250
2929, 236, 592
2930, 563, 712
2931, 120, 842
2932, 519, 733
2933, 283, 812
2934, 210, 729
2935, 808, 947
2936, 531, 614
2937, 621, 634
2938, 32, 292
2939, 77, 315
2940, 56, 932
2941, 445, 696
2942, 237, 775
2943, 473, 598
2944, 583, 998
2945, 364, 403
2946, 319, 374
2947, 19, 78
2948, 81, 194
2949, 496, 968
2950, 363, 606
2951, 154, 513
2952, 388, 768
2953, 668, 770
2954, 547, 827
2955, 466, 993
2956, 119, 811
2957, 436, 537
2958, 30, 289
2959, 348, 742
2960, 507, 864
2961, 347, 529
2962, 267, 633
2963, 182, 311
2964, 359, 801
2965, 251, 320
2966, 332, 856
2967, 275, 937
2968, 655, 911
2969, 47, 970
2970, 18, 691
2971, 339, 1000
2972, 97, 752
2973, 381, 527
2974, 248, 325
2975, 235, 897
2976, 109, 632
2977, 608, 795
2978, 460, 543
2979, 198, 823
2980, 113, 841
2981, 453, 961
2982, 145, 612
2983, 106, 141
2984, 160, 562
2985, 166, 988
2986, 229, 624
2987, 137, 196
2988, 70, 918
2989, 12, 74
2990, 350, 631
2991, 153, 432
2992, 118, 903
2993, 228, 243
2994, 610, 880
2995, 159, 167
2996, 585, 951
2997, 941, 960
2998, 377, 934
2999, 328, 365
3000, 546, 858
3001, 88, 264
3002, 275, 338
3003, 84, 456
3004, 597, 908
3005, 104, 195
3006, 109, 126
3007, 730, 924
3008, 213, 997
3009, 714, 760
3010, 333, 727
3011, 86, 169
3012, 17, 127
3013, 255, 564
3014, 357, 579
3015, 386, 620
3016, 306, 735
3017, 346, 784
3018, 233, 238
3019, 77, 530
3020, 356, 742
3021, 54, 611
3022, 326, 392
3023, 141, 508
3024, 491, 568
3025, 25, 419
3026, 274, 412
3027, 261, 547
3028, 316, 904
3029, 507, 849
3030, 111, 290
3031, 670, 737
3032, 468, 777
3033, 138, 878
3034, 5, 74
3035, 289, 795
3036, 446, 792
3037, 48, 607
3038, 318, 462
3039, 602, 812
3040, 119, 295
3041, 401, 751
3042, 534, 824
3043, 16, 499
3044, 245, 963
3045, 418, 464
3046, 694, 848
3047, 585, 988
3048, 754, 804
3049, 303, 347
3050, 383, 490
3051, 749, 847
3052, 529, 856
3053, 159, 1000
3054, 26, 588
3055, 554, 640
3056, 37, 891
3057, 497, 517
3058, 452, 666
3059, 858, 937
3060, 459, 869
3061, 185, 685
3062, 168, 797
3063, 291, 526
3064, 406, 654
3065, 768, 897
3066, 30, 265
3067, 802, 837
3068, 484, 537
3069, 288, 678
3070, 31, 403
3071, 220, 677
3072, 765, 907
3073, 313, 512
3074, 621, 689
3075, 388, 862
3076, 317, 502
3077, 64, 217
3078, 170, 961
3079, 890, 903
3080, 870, 946
3081, 180, 681
3082, 190, 822
3083, 9, 175
3084, 222, 427
3085, 174, 941
3086, 266, 390
3087, 204, 402
3088, 296, 813
3089, 811, 986
3090, 50, 599
3091, 67, 131
3092, 475, 780
3093, 24, 559
3094, 739, 867
3095, 287, 996
3096, 214, 610
3097, 107, 328
3098, 171, 932
3099, 423, 828
3100, 80, 362
3101, 729, 939
3102, 231, 984
3103, 49, 838
3104, 646, 720
3105, 177, 541
3106, 738, 914
3107, 81, 994
3108, 71, 725
3109, 205, 366
3110, 630, 786
3111, 331, 377
3112, 773, 817
3113, 584, 781
3114, 196, 935
3115, 208, 379
3116, 589, 756
3117, 153, 566
3118, 176, 834
3119, 293, 578
3120, 90, 281
3121, 600, 803
3122, 396, 998
3123, 353, 374
3124, 262, 807
3125, 479, 580
3126, 235, 458
3127, 234, 840
3128, 137, 229
3129, 276, 329
3130, 643, 741
3131, 35, 764
3132, 533, 563
3133, 246, 863
3134, 218, 800
3135, 528, 860
3136, 38, 770
3137, 123, 129
3138, 745, 829
3139, 656, 673
3140, 34, 706
3141, 12, 833
3142, 387, 652
3143, 405, 426
3144, 182, 916
3145, 663, 934
3146, 447, 788
3147, 593, 810
3148, 225, 671
3149, 19, 957
3150, 472, 987
3151, 473, 492
3152, 549, 926
3153, 11, 485
3154, 319, 851
3155, 430, 633
3156, 282, 618
3157, 162, 552
3158, 194, 550
3159, 297, 702
3160, 682, 859
3161, 540, 857
3162, 59, 785
3163, 562, 936
3164, 349, 569
3165, 514, 927
3166, 560, 787
3167, 778, 801
3168, 348, 606
3169, 83, 798
3170, 192, 821
3171, 97, 703
3172, 216, 397
3173, 122, 505
3174, 542, 713
3175, 435, 697
3176, 148, 625
3177, 865, 944
3178, 684, 866
3179, 173, 814
3180, 197, 376
3181, 466, 571
3182, 151, 905
3183, 637, 661
3184, 538, 820
3185, 539, 674
3186, 68, 791
3187, 236, 365
3188, 118, 809
3189, 304, 736
3190, 378, 688
3191, 516, 746
3192, 200, 836
3193, 371, 513
3194, 146, 298
3195, 455, 576
3196, 89, 370
3197, 548, 655
3198, 99, 871
3199, 503, 645
3200, 322, 489
3201, 439, 881
3202, 201, 594
3203, 78, 855
3204, 471, 873
3205, 259, 545
3206, 794, 825
3207, 707, 845
3208, 375, 657
3209, 511, 567
3210, 344, 575
3211, 140, 543
3212, 65, 145
3213, 6, 163
3214, 62, 700
3215, 444, 722
3216, 649, 734
3217, 224, 350
3218, 879, 965
3219, 243, 506
3220, 369, 417
3221, 763, 902
3222, 193, 948
3223, 4, 587
3224, 522, 779
3225, 285, 536
3226, 228, 762
3227, 372, 436
3228, 125, 883
3229, 314, 718
3230, 230, 521
3231, 53, 639
3232, 337, 343
3233, 726, 748
3234, 504, 613
3235, 478, 724
3236, 101, 345
3237, 150, 321
3238, 443, 710
3239, 623, 923
3240, 385, 852
3241, 428, 520
3242, 647, 721
3243, 425, 955
3244, 842, 979
3245, 449, 717
3246, 165, 476
3247, 226, 743
3248, 56, 481
3249, 676, 868
3250, 698, 864
3251, 22, 705
3252, 249, 928
3253, 592, 995
3254, 311, 667
3255, 219, 381
3256, 108, 470
3257, 712, 966
3258, 394, 956
3259, 445, 573
3260, 45, 796
3261, 248, 925
3262, 10, 853
3263, 112, 198
3264, 603, 985
3265, 157, 747
3266, 156, 221
3267, 28, 843
3268, 130, 719
3269, 254, 776
3270, 300, 872
3271, 42, 85
3272, 199, 250
3273, 135, 474
3274, 70, 808
3275, 8, 442
3276, 846, 896
3277, 876, 889
3278, 302, 498
3279, 615, 933
3280, 583, 886
3281, 327, 755
3282, 408, 844
3283, 598, 893
3284, 351, 945
3285, 608, 732
3286, 223, 636
3287, 100, 232
3288, 110, 486
3289, 92, 929
3290, 263, 483
3291, 382, 628
3292, 660, 899
3293, 280, 839
3294, 3, 783
3295, 183, 525
3296, 113, 595
3297, 429, 704
3298, 551, 715
3299, 638, 806
3300, 380, 832
3301, 252, 940
3302, 368, 964
3303, 900, 978
3304, 227, 420
3305, 363, 910
3306, 139, 324
3307, 391, 467
3308, 400, 759
3309, 422, 591
3310, 117, 861
3311, 361, 487
3312, 494, 690
3313, 210, 875
3314, 202, 411
3315, 60, 740
3316, 546, 827
3317, 94, 993
3318, 44, 416
3319, 450, 898
3320, 609, 968
3321, 831, 958
3322, 336, 624
3323, 149, 341
3324, 309, 733
3325, 52, 723
3326, 465, 991
3327, 154, 774
3328, 57, 114
3329, 523, 604
3330, 242, 669
3331, 142, 389
3332, 55, 203
3333, 116, 793
3334, 21, 574
3335, 448, 771
3336, 457, 510
3337, 330, 799
3338, 23, 98
3339, 155, 629
3340, 650, 659
3341, 451, 561
3342, 15, 947
3343, 41, 46
3344, 441, 967
3345, 105, 679
3346, 189, 614
3347, 952, 989
3348, 943, 999
3349, 672, 716
3350, 590, 949
3351, 268, 887
3352, 894, 918
3353, 106, 782
3354, 711, 909
3355, 299, 981
3356, 39, 434
3357, 47, 882
3358, 240, 880
3359, 241, 680
3360, 51, 959
3361, 294, 942
3362, 143, 273
3363, 14, 358
3364, 664, 919
3365, 335, 921
3366, 133, 184
3367, 103, 253
3368, 493, 535
3369, 256, 342
3370, 120, 191
3371, 509, 696
3372, 95, 531
3373, 557, 920
3374, 398, 658
3375, 708, 884
3376, 178, 237
3377, 43, 917
3378, 307, 433
3379, 283, 482
3380, 239, 518
3381, 69, 775
3382, 292, 790
3383, 144, 360
3384, 339, 815
3385, 619, 651
3386, 323, 488
3387, 160, 662
3388, 532, 976
3389, 79, 212
3390, 854, 970
3391, 728, 931
3392, 463, 480
3393, 7, 359
3394, 134, 683
3395, 616, 622
3396, 626, 766
3397, 93, 665
3398, 582, 992
3399, 244, 983
3400, 147, 527
3401, 66, 260
3402, 744, 951
3403, 572, 596
3404, 320, 515
3405, 251, 286
3406, 172, 841
3407, 188, 950
3408, 816, 888
3409, 82, 648
3410, 187, 454
3411, 20, 519
3412, 271, 469
3413, 73, 954
3414, 36, 753
3415, 158, 687
3416, 453, 960
3417, 352, 975
3418, 758, 922
3419, 340, 752
3420, 136, 990
3421, 384, 438
3422, 750, 977
3423, 310, 399
3424, 544, 553
3425, 501, 818
3426, 32, 354
3427, 278, 334
3428, 395, 789
3429, 424, 565
3430, 421, 634
3431, 693, 895
3432, 267, 325
3433, 211, 393
3434, 279, 308
3435, 58, 206
3436, 181, 962
3437, 675, 826
3438, 63, 413
3439, 312, 496
3440, 301, 835
3441, 124, 272
3442, 915, 971
3443, 632, 761
3444, 40, 692
3445, 460, 617
3446, 91, 495
3447, 152, 247
3448, 612, 653
3449, 207, 586
3450, 407, 686
3451, 461, 982
3452, 701, 972
3453, 830, 850
3454, 355, 969
3455, 577, 973
3456, 209, 757
3457, 164, 581
3458, 61, 601
3459, 121, 432
3460, 556, 709
3461, 75, 269
3462, 87, 912
3463, 128, 731
3464, 215, 500
3465, 367, 409
3466, 115, 431
3467, 29, 477
3468, 72, 906
3469, 102, 524
3470, 373, 769
3471, 27, 167
3472, 277, 877
3473, 558, 911
3474, 257, 414
3475, 1, 885
3476, 641, 772
3477, 305, 819
3478, 642, 980
3479, 96, 668
3480, 166, 186
3481, 132, 332
3482, 33, 930
3483, 410, 415
3484, 437, 631
3485, 161, 938
3486, 18, 699
3487, 13, 570
3488, 284, 892
3489, 635, 953
3490, 440, 974
3491, 76, 270
3492, 404, 874
3493, 644, 695
3494, 179, 605
3495, 555, 805
3496, 258, 627
3497, 691, 767
3498, 315, 901
3499, 364, 913
3500, 2, 823
3501, 352, 741
3502, 44, 164
3503, 501, 551
3504, 227, 303
3505, 149, 463
3506, 41, 797
3507, 103, 746
3508, 201, 203
3509, 406, 688
3510, 36, 527
3511, 253, 995
3512, 65, 296
3513, 162, 261
3514, 706, 996
3515, 38, 182
3516, 694, 989
3517, 464, 873
3518, 245, 312
3519, 235, 890
3520, 114, 717
3521, 170, 399
3522, 426, 994
3523, 14, 818
3524, 28, 770
3525, 345, 756
3526, 766, 839
3527, 206, 742
3528, 354, 927
3529, 679, 696
3530, 159, 895
3531, 429, 900
3532, 6, 75
3533, 302, 762
3534, 396, 771
3535, 334, 934
3536, 471, 963
3537, 104, 252
3538, 562, 816
3539, 128, 736
3540, 322, 957
3541, 97, 223
3542, 288, 970
3543, 856, 960
3544, 140, 313
3545, 404, 976
3546, 702, 882
3547, 533, 537
3548, 174, 473
3549, 745, 949
3550, 431, 884
3551, 663, 954
3552, 124, 983
3553, 222, 382
3554, 371, 424
3555, 81, 474
3556, 788, 958
3557, 393, 576
3558, 186, 659
3559, 138, 490
3560, 137, 806
3561, 308, 682
3562, 413, 466
3563, 427, 630
3564, 184, 787
3565, 348, 748
3566, 419, 732
3567, 67, 810
3568, 546, 581
3569, 27, 931
3570, 366, 956
3571, 506, 670
3572, 91, 513
3573, 29, 704
3574, 467, 768
3575, 548, 749
3576, 468, 699
3577, 60, 208
3578, 681, 987
3579, 314, 972
3580, 478, 707
3581, 262, 488
3582, 781, 964
3583, 602, 648
3584, 127, 904
3585, 854, 897
3586, 844, 944
3587, 179, 283
3588, 239, 610
3589, 428, 665
3590, 893, 932
3591, 403, 454
3592, 233, 410
3593, 238, 319
3594, 35, 876
3595, 177, 367
3596, 587, 595
3597, 523, 646
3598, 66, 620
3599, 493, 879
3600, 49, 434
3601, 327, 502
3602, 619, 999
3603, 709, 930
3604, 11, 532
3605, 255, 998
3606, 617, 926
3607, 342, 600
3608, 51, 700
3609, 251, 734
3610, 489, 712
3611, 30, 293
3612, 292, 465
3613, 394, 723
3614, 42, 161
3615, 486, 833
3616, 287, 779
3617, 163, 279
3618, 479, 858
3619, 556, 909
3620, 218, 912
3621, 156, 586
3622, 440, 627
3623, 246, 608
3624, 455, 908
3625, 50, 783
3626, 193, 320
3627, 194, 332
3628, 52, 452
3629, 300, 389
3630, 275, 570
3631, 33, 157
3632, 100, 539
3633, 565, 911
3634, 301, 955
3635, 616, 687
3636, 642, 675
3637, 824, 869
3638, 294, 370
3639, 15, 860
3640, 765, 885
3641, 597, 753
3642, 17, 814
3643, 336, 920
3644, 274, 437
3645, 359, 618
3646, 919, 979
3647, 494, 693
3648, 207, 761
3649, 691, 925
3650, 109, 862
3651, 250, 968
3652, 418, 606
3653, 264, 624
3654, 160, 859
3655, 416, 678
3656, 643, 935
3657, 504, 896
3658, 145, 166
3659, 54, 380
3660, 757, 848
3661, 180, 195
3662, 368, 634
3663, 621, 660
3664, 281, 640
3665, 31, 560
3666, 10, 758
3667, 70, 777
3668, 200, 561
3669, 240, 446
3670, 175, 278
3671, 805, 916
3672, 492, 498
3673, 324, 364
3674, 540, 942
3675, 165, 248
3676, 456, 867
3677, 731, 874
3678, 330, 666
3679, 105, 878
3680, 441, 460
3681, 46, 284
3682, 187, 638
3683, 9, 167
3684, 61, 119
3685, 199, 375
3686, 93, 234
3687, 18, 503
3688, 346, 735
3689, 40, 743
3690, 78, 981
3691, 43, 369
3692, 508, 966
3693, 628, 922
3694, 202, 703
3695, 384, 763
3696, 377, 544
3697, 258, 720
3698, 461, 778
3699, 668, 819
3700, 176, 568
3701, 738, 947
3702, 604, 671
3703, 136, 830
3704, 130, 310
3705, 185, 887
3706, 580, 936
3707, 47, 496
3708, 969, 993
3709, 686, 872
3710, 112, 271
3711, 79, 545
3712, 340, 990
3713, 22, 361
3714, 331, 350
3715, 231, 270
3716, 631, 847
3717, 543, 1000
3718, 829, 946
3719, 242, 509
3720, 789, 820
3721, 425, 644
3722, 843, 929
3723, 89, 918
3724, 483, 599
3725, 684, 796
3726, 401, 588
3727, 158, 329
3728, 211, 267
3729, 635, 945
3730, 315, 937
3731, 260, 521
3732, 26, 636
3733, 476, 726
3734, 880, 992
3735, 115, 408
3736, 150, 974
3737, 505, 510
3738, 217, 225
3739, 289, 764
3740, 129, 224
3741, 517, 750
3742, 790, 928
3743, 25, 135
3744, 557, 711
3745, 415, 991
3746, 196, 444
3747, 697, 886
3748, 360, 760
3749, 337, 737
3750, 87, 469
3751, 538, 614
3752, 487, 525
3753, 263, 449
3754, 273, 774
3755, 59, 564
3756, 338, 529
3757, 181, 986
3758, 295, 841
3759, 98, 116
3760, 39, 269
3761, 344, 850
3762, 3, 825
3763, 19, 715
3764, 577, 629
3765, 864, 924
3766, 326, 871
3767, 4, 407
3768, 68, 649
3769, 477, 669
3770, 374, 950
3771, 99, 798
3772, 575, 985
3773, 343, 435
3774, 718, 728
3775, 531, 637
3776, 210, 940
3777, 439, 550
3778, 386, 569
3779, 705, 802
3780, 807, 837
3781, 131, 902
3782, 497, 592
3783, 106, 390
3784, 216, 228
3785, 37, 714
3786, 365, 633
3787, 430, 752
3788, 836, 855
3789, 117, 725
3790, 133, 698
3791, 282, 785
3792, 641, 838
3793, 676, 939
3794, 530, 739
3795, 191, 584
3796, 183, 658
3797, 512, 632
3798, 387, 442
3799, 88, 582
3800, 71, 773
3801, 101, 840
3802, 8, 153
3803, 353, 417
3804, 53, 151
3805, 784, 786
3806, 198, 385
3807, 64, 563
3808, 169, 892
3809, 305, 953
3810, 713, 775
3811, 574, 690
3812, 438, 499
3813, 63, 656
3814, 339, 672
3815, 815, 845
3816, 422, 898
3817, 652, 977
3818, 710, 863
3819, 402, 594
3820, 708, 727
3821, 110, 333
3822, 299, 585
3823, 111, 794
3824, 526, 951
3825, 23, 685
3826, 85, 793
3827, 524, 547
3828, 290, 612
3829, 102, 205
3830, 146, 536
3831, 152, 405
3832, 433, 834
3833, 154, 190
3834, 237, 831
3835, 541, 988
3836, 291, 311
3837, 277, 457
3838, 148, 941
3839, 307, 881
3840, 214, 535
3841, 1, 809
3842, 409, 572
3843, 325, 376
3844, 77, 323
3845, 317, 791
3846, 379, 835
3847, 247, 695
3848, 241, 383
3849, 755, 821
3850, 62, 355
3851, 657, 906
3852, 500, 514
3853, 13, 362
3854, 716, 917
3855, 94, 256
3856, 733, 891
3857, 589, 959
3858, 221, 948
3859, 265, 921
3860, 812, 822
3861, 447, 507
3862, 795, 852
3863, 107, 803
3864, 259, 528
3865, 412, 552
3866, 257, 472
3867, 823, 933
3868, 243, 655
3869, 480, 792
3870, 120, 411
3871, 73, 172
3872, 519, 571
3873, 458, 647
3874, 280, 907
3875, 356, 754
3876, 108, 661
3877, 392, 973
3878, 445, 899
3879, 372, 984
3880, 80, 139
3881, 86, 349
3882, 420, 598
3883, 515, 813
3884, 304, 559
3885, 801, 980
3886, 459, 888
3887, 92, 398
3888, 751, 861
3889, 21, 95
3890, 72, 889
3891, 522, 553
3892, 244, 453
3893, 204, 923
3894, 692, 800
3895, 45, 767
3896, 321, 378
3897, 113, 373
3898, 76, 395
3899, 122, 178
3900, 188, 448
3901, 654, 851
3902, 555, 623
3903, 134, 842
3904, 328, 462
3905, 650, 962
3906, 12, 674
3907, 126, 846
3908, 491, 605
3909, 90, 870
3910, 388, 680
3911, 549, 799
3912, 69, 578
3913, 475, 516
3914, 125, 436
3915, 55, 965
3916, 220, 297
3917, 5, 901
3918, 400, 719
3919, 189, 482
3920, 34, 667
3921, 118, 144
3922, 341, 558
3923, 744, 769
3924, 391, 832
3925, 351, 566
3926, 485, 653
3927, 520, 827
3928, 309, 689
3929, 84, 868
3930, 232, 828
3931, 266, 423
3932, 82, 967
3933, 335, 677
3934, 432, 997
3935, 609, 622
3936, 7, 683
3937, 318, 915
3938, 57, 857
3939, 443, 573
3940, 397, 853
3941, 16, 421
3942, 24, 276
3943, 215, 347
3944, 121, 811
3945, 664, 817
3946, 58, 272
3947, 32, 74
3948, 171, 611
3949, 20, 615
3950, 357, 914
3951, 511, 730
3952, 147, 286
3953, 804, 875
3954, 414, 613
3955, 534, 772
3956, 808, 905
3957, 591, 883
3958, 607, 866
3959, 450, 952
3960, 142, 625
3961, 583, 747
3962, 381, 849
3963, 56, 554
3964, 212, 470
3965, 316, 780
3966, 254, 298
3967, 173, 567
3968, 96, 306
3969, 226, 943
3970, 542, 971
3971, 759, 877
3972, 603, 729
3973, 141, 978
3974, 209, 484
3975, 83, 230
3976, 285, 975
3977, 48, 651
3978, 451, 590
3979, 197, 579
3980, 249, 826
3981, 518, 740
3982, 2, 192
3983, 495, 938
3984, 132, 168
3985, 268, 724
3986, 593, 776
3987, 481, 913
3988, 701, 722
3989, 894, 903
3990, 229, 645
3991, 782, 910
3992, 721, 865
3993, 155, 236
3994, 213, 363
3995, 123, 601
3996, 358, 626
3997, 219, 596
3998, 639, 662
3999, 143, 961
4000, 673, 982
