id, img1, img2
1, 36, 744
2, 74, 874
3, 33, 467
4, 156, 814
5, 249, 364
6, 422, 516
7, 174, 882
8, 933, 997
9, 345, 560
10, 420, 466
11, 530, 972
12, 270, 511
13, 235, 397
14, 474, 570
15, 238, 272
16, 298, 311
17, 105, 713
18, 302, 403
19, 128, 401
20, 724, 878
21, 136, 780
22, 134, 887
23, 141, 992
24, 87, 373
25, 14, 984
26, 8, 132
27, 790, 852
28, 770, 906
29, 496, 741
30, 537, 693
31, 310, 858
32, 119, 792
33, 494, 938
34, 695, 907
35, 415, 454
36, 232, 631
37, 527, 533
38, 706, 960
39, 152, 443
40, 9, 144
41, 100, 123
42, 30, 402
43, 115, 901
44, 733, 829
45, 216, 495
46, 239, 718
47, 432, 987
48, 61, 124
49, 31, 351
50, 15, 247
51, 223, 330
52, 201, 528
53, 480, 614
54, 101, 314
55, 339, 918
56, 290, 554
57, 98, 260
58, 389, 745
59, 307, 651
60, 289, 811
61, 417, 619
62, 354, 756
63, 67, 469
64, 248, 620
65, 379, 513
66, 292, 610
67, 236, 659
68, 166, 280
69, 376, 702
70, 148, 475
71, 485, 639
72, 680, 864
73, 27, 892
74, 149, 768
75, 53, 230
76, 109, 170
77, 650, 736
78, 835, 857
79, 950, 999
80, 890, 996
81, 219, 640
82, 159, 343
83, 82, 204
84, 380, 437
85, 69, 831
86, 346, 413
87, 507, 795
88, 462, 508
89, 555, 754
90, 242, 716
91, 214, 737
92, 425, 472
93, 10, 766
94, 752, 849
95, 404, 498
96, 308, 324
97, 719, 946
98, 35, 456
99, 93, 459
100, 265, 799
101, 244, 251
102, 51, 180
103, 6, 594
104, 84, 165
105, 191, 598
106, 522, 589
107, 177, 648
108, 269, 394
109, 261, 360
110, 63, 529
111, 333, 956
112, 824, 949
113, 832, 846
114, 465, 800
115, 18, 447
116, 534, 958
117, 295, 971
118, 89, 749
119, 613, 692
120, 278, 375
121, 57, 797
122, 212, 763
123, 362, 783
124, 859, 975
125, 125, 841
126, 102, 654
127, 418, 573
128, 282, 834
129, 361, 399
130, 476, 817
131, 642, 661
132, 760, 915
133, 652, 796
134, 154, 283
135, 315, 970
136, 621, 764
137, 757, 809
138, 602, 827
139, 535, 556
140, 224, 696
141, 88, 457
142, 143, 784
143, 669, 990
144, 439, 536
145, 698, 779
146, 662, 740
147, 39, 717
148, 623, 775
149, 293, 729
150, 21, 538
151, 338, 387
152, 197, 211
153, 107, 974
154, 732, 895
155, 108, 391
156, 322, 860
157, 145, 229
158, 297, 544
159, 438, 722
160, 355, 750
161, 327, 679
162, 45, 564
163, 296, 871
164, 707, 818
165, 371, 409
166, 189, 577
167, 398, 567
168, 264, 883
169, 446, 952
170, 226, 253
171, 288, 856
172, 139, 840
173, 451, 806
174, 117, 936
175, 120, 801
176, 32, 665
177, 158, 227
178, 142, 477
179, 16, 920
180, 279, 605
181, 257, 604
182, 574, 876
183, 188, 323
184, 273, 557
185, 167, 820
186, 50, 131
187, 524, 585
188, 196, 862
189, 445, 813
190, 561, 676
191, 20, 181
192, 254, 710
193, 396, 563
194, 56, 277
195, 427, 488
196, 734, 788
197, 550, 994
198, 202, 386
199, 491, 743
200, 521, 738
201, 525, 588
202, 562, 965
203, 321, 612
204, 675, 694
205, 742, 991
206, 23, 821
207, 111, 609
208, 678, 697
209, 353, 553
210, 647, 891
211, 571, 599
212, 421, 608
213, 135, 482
214, 342, 700
215, 464, 569
216, 110, 590
217, 483, 786
218, 600, 673
219, 130, 504
220, 568, 575
221, 64, 281
222, 146, 877
223, 133, 205
224, 723, 983
225, 97, 441
226, 395, 767
227, 199, 276
228, 163, 358
229, 392, 704
230, 411, 753
231, 383, 479
232, 2, 671
233, 320, 531
234, 945, 989
235, 259, 463
236, 688, 909
237, 873, 937
238, 341, 617
239, 660, 884
240, 416, 635
241, 225, 414
242, 578, 618
243, 275, 582
244, 925, 959
245, 52, 785
246, 106, 810
247, 168, 969
248, 83, 985
249, 160, 164
250, 711, 807
251, 306, 335
252, 453, 751
253, 794, 836
254, 206, 331
255, 591, 932
256, 258, 904
257, 303, 664
258, 826, 865
259, 240, 304
260, 19, 294
261, 85, 114
262, 176, 519
263, 348, 616
264, 633, 1000
265, 300, 995
266, 894, 905
267, 94, 861
268, 182, 576
269, 334, 851
270, 543, 586
271, 78, 305
272, 185, 233
273, 448, 581
274, 250, 747
275, 37, 947
276, 169, 514
277, 317, 611
278, 234, 436
279, 384, 897
280, 726, 798
281, 213, 668
282, 200, 666
283, 526, 922
284, 685, 913
285, 113, 266
286, 682, 769
287, 720, 928
288, 42, 597
289, 4, 843
290, 241, 369
291, 579, 930
292, 140, 147
293, 349, 551
294, 173, 603
295, 505, 867
296, 175, 458
297, 615, 644
298, 7, 944
299, 558, 934
300, 493, 839
301, 26, 663
302, 332, 461
303, 939, 980
304, 622, 888
305, 183, 902
306, 326, 755
307, 3, 819
308, 40, 833
309, 450, 869
310, 500, 646
311, 731, 746
312, 243, 435
313, 162, 452
314, 626, 935
315, 546, 844
316, 127, 982
317, 542, 774
318, 434, 634
319, 657, 804
320, 126, 691
321, 444, 625
322, 428, 919
323, 715, 885
324, 825, 900
325, 129, 328
326, 65, 677
327, 157, 838
328, 687, 870
329, 470, 497
330, 430, 510
331, 429, 701
332, 490, 993
333, 95, 565
334, 228, 699
335, 433, 868
336, 941, 977
337, 381, 748
338, 66, 501
339, 274, 503
340, 583, 978
341, 17, 966
342, 690, 926
343, 455, 552
344, 855, 917
345, 262, 367
346, 653, 961
347, 643, 880
348, 71, 637
349, 512, 656
350, 592, 789
351, 263, 765
352, 237, 721
353, 34, 285
354, 60, 986
355, 325, 440
356, 407, 772
357, 151, 689
358, 728, 914
359, 220, 667
360, 5, 246
361, 596, 981
362, 70, 287
363, 670, 921
364, 773, 942
365, 359, 781
366, 645, 845
367, 388, 957
368, 22, 879
369, 267, 778
370, 207, 708
371, 486, 681
372, 112, 523
373, 777, 815
374, 449, 911
375, 68, 759
376, 217, 955
377, 366, 607
378, 222, 758
379, 674, 968
380, 193, 903
381, 46, 730
382, 929, 943
383, 344, 927
384, 80, 471
385, 153, 190
386, 103, 973
387, 13, 658
388, 580, 872
389, 312, 976
390, 547, 896
391, 286, 350
392, 487, 802
393, 363, 506
394, 186, 195
395, 712, 816
396, 1, 91
397, 54, 268
398, 43, 118
399, 587, 963
400, 172, 850
401, 218, 762
402, 624, 628
403, 161, 203
404, 184, 541
405, 155, 683
406, 284, 979
407, 122, 301
408, 393, 805
409, 59, 948
410, 12, 171
411, 215, 875
412, 194, 822
413, 92, 245
414, 96, 352
415, 309, 988
416, 545, 584
417, 209, 761
418, 187, 739
419, 502, 649
420, 75, 357
421, 532, 951
422, 29, 318
423, 62, 365
424, 489, 863
425, 374, 853
426, 515, 641
427, 601, 908
428, 73, 540
429, 221, 606
430, 791, 889
431, 179, 368
432, 256, 842
433, 210, 382
434, 11, 492
435, 252, 412
436, 548, 727
437, 77, 953
438, 178, 192
439, 686, 782
440, 150, 787
441, 25, 940
442, 830, 954
443, 121, 629
444, 104, 771
445, 377, 499
446, 559, 898
447, 271, 967
448, 460, 481
449, 28, 47
450, 231, 484
451, 208, 406
452, 347, 672
453, 337, 627
454, 703, 886
455, 378, 709
456, 473, 714
457, 423, 808
458, 630, 866
459, 99, 910
460, 291, 705
461, 76, 962
462, 72, 79
463, 255, 372
464, 539, 823
465, 636, 725
466, 812, 912
467, 44, 893
468, 370, 847
469, 58, 116
470, 410, 881
471, 198, 408
472, 48, 520
473, 655, 931
474, 24, 55
475, 86, 638
476, 390, 828
477, 340, 405
478, 38, 426
479, 566, 793
480, 41, 735
481, 478, 776
482, 899, 964
483, 400, 517
484, 595, 924
485, 313, 509
486, 419, 684
487, 329, 572
488, 137, 316
489, 299, 356
490, 90, 138
491, 336, 916
492, 385, 848
493, 468, 837
494, 81, 549
495, 431, 518
496, 49, 424
497, 319, 998
498, 593, 803
499, 442, 923
500, 632, 854
501, 314, 613
502, 259, 805
503, 108, 988
504, 331, 358
505, 668, 825
506, 82, 284
507, 327, 556
508, 509, 834
509, 295, 735
510, 117, 403
511, 133, 810
512, 522, 636
513, 361, 730
514, 433, 776
515, 843, 954
516, 188, 376
517, 112, 733
518, 374, 964
519, 383, 429
520, 324, 340
521, 9, 157
522, 74, 763
523, 22, 855
524, 95, 438
525, 342, 417
526, 422, 916
527, 72, 626
528, 369, 847
529, 359, 762
530, 106, 577
531, 154, 630
532, 447, 968
533, 279, 457
534, 512, 664
535, 115, 899
536, 836, 884
537, 606, 729
538, 69, 434
539, 871, 908
540, 597, 963
541, 343, 484
542, 736, 799
543, 291, 583
544, 407, 427
545, 122, 141
546, 406, 707
547, 231, 257
548, 700, 717
549, 453, 506
550, 704, 976
551, 232, 719
552, 627, 912
553, 303, 939
554, 387, 395
555, 166, 384
556, 332, 346
557, 160, 372
558, 140, 635
559, 426, 428
560, 180, 652
561, 12, 307
562, 184, 980
563, 306, 826
564, 58, 260
565, 21, 278
566, 909, 979
567, 477, 714
568, 13, 930
569, 40, 924
570, 258, 382
571, 624, 922
572, 261, 398
573, 150, 841
574, 445, 769
575, 3, 269
576, 373, 830
577, 255, 408
578, 328, 935
579, 193, 639
580, 186, 919
581, 801, 882
582, 339, 782
583, 78, 271
584, 450, 858
585, 125, 712
586, 129, 213
587, 753, 941
588, 266, 338
589, 57, 888
590, 94, 318
591, 350, 513
592, 344, 860
593, 742, 818
594, 109, 152
595, 280, 965
596, 483, 796
597, 179, 535
598, 559, 907
599, 761, 853
600, 189, 564
601, 33, 616
602, 227, 972
603, 334, 580
604, 251, 466
605, 198, 869
606, 199, 565
607, 37, 130
608, 147, 296
609, 275, 973
610, 460, 464
611, 174, 470
612, 585, 819
613, 197, 838
614, 46, 876
615, 758, 889
616, 134, 902
617, 233, 264
618, 660, 734
619, 222, 890
620, 17, 632
621, 86, 654
622, 143, 783
623, 541, 684
624, 59, 710
625, 337, 940
626, 370, 439
627, 8, 721
628, 176, 892
629, 55, 526
630, 586, 995
631, 549, 705
632, 727, 862
633, 363, 388
634, 172, 975
635, 629, 715
636, 277, 739
637, 325, 645
638, 11, 463
639, 91, 347
640, 375, 669
641, 101, 910
642, 648, 900
643, 575, 579
644, 36, 647
645, 432, 955
646, 322, 568
647, 380, 455
648, 84, 498
649, 44, 720
650, 126, 132
651, 244, 622
652, 54, 701
653, 377, 409
654, 411, 461
655, 4, 981
656, 289, 547
657, 194, 412
658, 105, 531
659, 310, 959
660, 26, 711
661, 345, 399
662, 49, 329
663, 551, 952
664, 252, 436
665, 690, 957
666, 156, 508
667, 599, 610
668, 124, 893
669, 479, 874
670, 545, 859
671, 499, 702
672, 190, 536
673, 371, 617
674, 357, 768
675, 443, 448
676, 562, 811
677, 431, 749
678, 121, 887
679, 304, 846
680, 24, 802
681, 596, 808
682, 61, 723
683, 490, 677
684, 527, 642
685, 493, 530
686, 170, 870
687, 546, 926
688, 364, 867
689, 573, 661
690, 649, 681
691, 201, 542
692, 111, 178
693, 38, 539
694, 732, 803
695, 96, 356
696, 311, 913
697, 87, 961
698, 437, 621
699, 104, 203
700, 215, 404
701, 655, 780
702, 218, 355
703, 75, 724
704, 906, 934
705, 41, 421
706, 379, 814
707, 699, 942
708, 756, 764
709, 175, 932
710, 378, 692
711, 750, 752
712, 491, 672
713, 451, 872
714, 581, 793
715, 80, 501
716, 85, 204
717, 254, 956
718, 459, 570
719, 165, 944
720, 245, 285
721, 486, 487
722, 16, 362
723, 392, 804
724, 151, 414
725, 67, 878
726, 146, 921
727, 301, 510
728, 28, 221
729, 299, 352
730, 216, 469
731, 623, 713
732, 397, 631
733, 25, 777
734, 467, 614
735, 316, 456
736, 663, 813
737, 454, 833
738, 240, 281
739, 488, 748
740, 682, 759
741, 20, 524
742, 915, 991
743, 68, 678
744, 286, 420
745, 743, 883
746, 214, 960
747, 413, 640
748, 208, 238
749, 543, 656
750, 425, 430
751, 169, 335
752, 591, 728
753, 88, 250
754, 637, 754
755, 644, 686
756, 5, 468
757, 594, 816
758, 386, 560
759, 207, 256
760, 784, 962
761, 593, 725
762, 97, 405
763, 693, 982
764, 628, 850
765, 555, 885
766, 246, 588
767, 317, 424
768, 936, 949
769, 196, 533
770, 557, 986
771, 440, 465
772, 419, 518
773, 163, 217
774, 224, 667
775, 320, 812
776, 590, 698
777, 162, 877
778, 475, 685
779, 638, 650
780, 47, 840
781, 144, 349
782, 137, 183
783, 77, 288
784, 697, 738
785, 27, 587
786, 410, 832
787, 62, 797
788, 171, 550
789, 517, 894
790, 415, 452
791, 173, 914
792, 592, 865
793, 114, 177
794, 578, 745
795, 619, 985
796, 138, 159
797, 571, 897
798, 127, 773
799, 131, 229
800, 19, 192
801, 73, 994
802, 262, 997
803, 602, 671
804, 185, 676
805, 70, 706
806, 558, 722
807, 618, 937
808, 209, 946
809, 39, 336
810, 219, 537
811, 31, 393
812, 772, 827
813, 679, 920
814, 220, 969
815, 511, 992
816, 195, 607
817, 30, 680
818, 81, 605
819, 520, 688
820, 93, 787
821, 32, 775
822, 553, 993
823, 330, 911
824, 65, 502
825, 675, 996
826, 118, 168
827, 182, 389
828, 53, 351
829, 63, 741
830, 435, 604
831, 482, 978
832, 270, 497
833, 770, 849
834, 767, 903
835, 1, 904
836, 300, 781
837, 598, 917
838, 116, 863
839, 670, 798
840, 353, 848
841, 34, 696
842, 76, 149
843, 294, 444
844, 519, 929
845, 181, 868
846, 50, 633
847, 354, 958
848, 89, 400
849, 145, 418
850, 158, 367
851, 267, 950
852, 23, 135
853, 18, 66
854, 391, 651
855, 474, 857
856, 609, 835
857, 525, 726
858, 2, 646
859, 187, 817
860, 48, 234
861, 223, 534
862, 657, 837
863, 548, 938
864, 113, 290
865, 694, 970
866, 402, 683
867, 611, 918
868, 774, 943
869, 191, 265
870, 297, 999
871, 485, 634
872, 709, 891
873, 287, 771
874, 164, 274
875, 263, 931
876, 778, 792
877, 751, 901
878, 315, 673
879, 247, 746
880, 42, 64
881, 139, 308
882, 230, 249
883, 321, 576
884, 90, 800
885, 7, 829
886, 15, 875
887, 666, 967
888, 272, 927
889, 348, 401
890, 323, 945
891, 319, 561
892, 292, 822
893, 161, 987
894, 71, 620
895, 312, 462
896, 446, 794
897, 523, 641
898, 852, 854
899, 385, 552
900, 866, 989
901, 582, 747
902, 341, 472
903, 153, 695
904, 566, 947
905, 313, 458
906, 107, 504
907, 110, 905
908, 757, 823
909, 282, 842
910, 689, 755
911, 516, 864
912, 142, 309
913, 507, 807
914, 293, 481
915, 703, 790
916, 225, 737
917, 123, 521
918, 760, 886
919, 584, 815
920, 495, 563
921, 248, 984
922, 503, 544
923, 665, 820
924, 98, 595
925, 273, 785
926, 473, 612
927, 148, 687
928, 51, 844
929, 881, 896
930, 119, 496
931, 381, 951
932, 572, 716
933, 529, 828
934, 202, 653
935, 268, 821
936, 283, 851
937, 253, 494
938, 658, 861
939, 302, 766
940, 476, 831
941, 52, 365
942, 396, 489
943, 569, 662
944, 236, 718
945, 43, 600
946, 56, 239
947, 136, 449
948, 326, 394
949, 120, 608
950, 155, 589
951, 390, 779
952, 210, 806
953, 731, 879
954, 514, 839
955, 416, 567
956, 242, 1000
957, 99, 953
958, 615, 625
959, 167, 966
960, 226, 740
961, 480, 515
962, 212, 998
963, 35, 795
964, 360, 786
965, 538, 925
966, 235, 789
967, 243, 368
968, 824, 948
969, 554, 983
970, 601, 933
971, 103, 928
972, 765, 791
973, 128, 574
974, 441, 659
975, 532, 880
976, 60, 492
977, 200, 923
978, 83, 528
979, 102, 788
980, 241, 366
981, 100, 895
982, 29, 500
983, 276, 845
984, 540, 974
985, 478, 603
986, 92, 298
987, 14, 471
988, 708, 971
989, 505, 809
990, 237, 442
991, 10, 333
992, 6, 206
993, 674, 691
994, 45, 305
995, 423, 990
996, 211, 228
997, 79, 856
998, 643, 873
999, 205, 977
1000, 744, 898
1001, 242, 669
1002, 483, 889
1003, 381, 529
1004, 186, 198
1005, 494, 854
1006, 66, 362
1007, 352, 955
1008, 21, 27
1009, 363, 491
1010, 65, 557
1011, 271, 647
1012, 79, 354
1013, 101, 873
1014, 2, 392
1015, 293, 995
1016, 605, 663
1017, 430, 524
1018, 435, 530
1019, 827, 939
1020, 779, 949
1021, 121, 627
1022, 197, 313
1023, 112, 504
1024, 224, 886
1025, 49, 438
1026, 312, 933
1027, 98, 826
1028, 179, 958
1029, 183, 676
1030, 366, 670
1031, 30, 324
1032, 525, 747
1033, 190, 467
1034, 455, 746
1035, 111, 960
1036, 45, 660
1037, 263, 364
1038, 310, 685
1039, 15, 52
1040, 109, 885
1041, 520, 699
1042, 458, 506
1043, 931, 934
1044, 258, 317
1045, 678, 977
1046, 226, 500
1047, 36, 753
1048, 244, 635
1049, 405, 743
1050, 116, 545
1051, 235, 291
1052, 150, 562
1053, 436, 813
1054, 189, 794
1055, 239, 570
1056, 648, 665
1057, 872, 986
1058, 138, 589
1059, 97, 820
1060, 37, 343
1061, 128, 952
1062, 141, 730
1063, 131, 151
1064, 6, 863
1065, 82, 584
1066, 489, 796
1067, 56, 148
1068, 218, 560
1069, 67, 608
1070, 841, 994
1071, 166, 422
1072, 375, 601
1073, 485, 959
1074, 70, 537
1075, 32, 78
1076, 365, 579
1077, 398, 661
1078, 12, 723
1079, 133, 976
1080, 460, 718
1081, 871, 991
1082, 54, 554
1083, 406, 468
1084, 227, 556
1085, 777, 972
1086, 207, 837
1087, 63, 791
1088, 561, 937
1089, 592, 602
1090, 168, 634
1091, 594, 895
1092, 566, 636
1093, 23, 929
1094, 449, 876
1095, 139, 727
1096, 145, 469
1097, 709, 829
1098, 184, 675
1099, 574, 625
1100, 493, 664
1101, 59, 176
1102, 80, 359
1103, 103, 117
1104, 415, 970
1105, 308, 495
1106, 270, 760
1107, 378, 429
1108, 287, 737
1109, 25, 307
1110, 819, 857
1111, 167, 418
1112, 808, 849
1113, 5, 911
1114, 684, 935
1115, 944, 999
1116, 515, 630
1117, 274, 855
1118, 154, 558
1119, 353, 735
1120, 76, 956
1121, 361, 414
1122, 348, 831
1123, 269, 902
1124, 164, 420
1125, 46, 946
1126, 173, 577
1127, 645, 942
1128, 347, 915
1129, 667, 762
1130, 210, 858
1131, 113, 498
1132, 389, 512
1133, 41, 358
1134, 303, 726
1135, 559, 772
1136, 203, 350
1137, 38, 591
1138, 105, 514
1139, 127, 983
1140, 272, 805
1141, 484, 549
1142, 99, 315
1143, 424, 443
1144, 465, 842
1145, 755, 756
1146, 213, 283
1147, 87, 925
1148, 19, 957
1149, 550, 964
1150, 371, 404
1151, 10, 326
1152, 11, 334
1153, 490, 686
1154, 311, 695
1155, 615, 833
1156, 397, 780
1157, 763, 828
1158, 240, 649
1159, 482, 631
1160, 462, 786
1161, 910, 951
1162, 355, 407
1163, 853, 969
1164, 157, 403
1165, 50, 908
1166, 221, 989
1167, 278, 391
1168, 571, 998
1169, 68, 668
1170, 713, 750
1171, 522, 993
1172, 222, 336
1173, 717, 888
1174, 185, 480
1175, 319, 373
1176, 974, 990
1177, 535, 704
1178, 806, 868
1179, 137, 333
1180, 208, 486
1181, 521, 869
1182, 71, 677
1183, 246, 553
1184, 120, 182
1185, 551, 789
1186, 195, 832
1187, 156, 413
1188, 773, 913
1189, 115, 400
1190, 301, 904
1191, 388, 541
1192, 180, 219
1193, 286, 692
1194, 372, 624
1195, 86, 880
1196, 720, 912
1197, 81, 289
1198, 416, 457
1199, 546, 751
1200, 266, 978
1201, 257, 697
1202, 202, 502
1203, 633, 836
1204, 102, 209
1205, 341, 938
1206, 125, 503
1207, 130, 666
1208, 4, 585
1209, 159, 411
1210, 642, 987
1211, 839, 856
1212, 703, 948
1213, 146, 471
1214, 452, 879
1215, 147, 655
1216, 752, 811
1217, 192, 249
1218, 716, 733
1219, 35, 230
1220, 575, 947
1221, 234, 344
1222, 77, 140
1223, 136, 882
1224, 809, 984
1225, 214, 582
1226, 174, 722
1227, 339, 766
1228, 385, 606
1229, 187, 639
1230, 29, 124
1231, 714, 903
1232, 196, 653
1233, 90, 905
1234, 396, 816
1235, 233, 865
1236, 74, 834
1237, 62, 321
1238, 296, 701
1239, 376, 919
1240, 487, 771
1241, 451, 488
1242, 236, 410
1243, 237, 659
1244, 715, 894
1245, 638, 861
1246, 96, 693
1247, 616, 797
1248, 309, 399
1249, 580, 708
1250, 152, 890
1251, 446, 784
1252, 170, 943
1253, 330, 985
1254, 314, 914
1255, 431, 973
1256, 884, 906
1257, 657, 883
1258, 7, 421
1259, 507, 810
1260, 742, 790
1261, 134, 785
1262, 423, 696
1263, 741, 788
1264, 338, 569
1265, 232, 748
1266, 28, 448
1267, 238, 874
1268, 110, 412
1269, 228, 231
1270, 135, 260
1271, 60, 640
1272, 262, 374
1273, 142, 382
1274, 48, 738
1275, 340, 426
1276, 16, 517
1277, 132, 440
1278, 248, 845
1279, 328, 940
1280, 178, 367
1281, 516, 705
1282, 444, 567
1283, 612, 749
1284, 453, 618
1285, 578, 662
1286, 181, 971
1287, 370, 781
1288, 331, 632
1289, 252, 437
1290, 576, 887
1291, 538, 822
1292, 641, 776
1293, 386, 513
1294, 447, 590
1295, 39, 652
1296, 106, 860
1297, 586, 769
1298, 568, 596
1299, 441, 555
1300, 165, 542
1301, 119, 122
1302, 144, 387
1303, 220, 757
1304, 477, 898
1305, 75, 711
1306, 916, 926
1307, 13, 897
1308, 194, 812
1309, 288, 707
1310, 44, 830
1311, 528, 891
1312, 519, 725
1313, 108, 800
1314, 540, 928
1315, 225, 285
1316, 496, 851
1317, 163, 200
1318, 243, 622
1319, 171, 442
1320, 205, 838
1321, 702, 798
1322, 650, 687
1323, 280, 770
1324, 379, 840
1325, 8, 153
1326, 229, 265
1327, 357, 775
1328, 199, 961
1329, 284, 544
1330, 523, 967
1331, 428, 896
1332, 445, 814
1333, 162, 817
1334, 846, 988
1335, 476, 920
1336, 475, 787
1337, 617, 899
1338, 100, 193
1339, 31, 464
1340, 58, 383
1341, 93, 801
1342, 114, 149
1343, 759, 799
1344, 621, 893
1345, 628, 754
1346, 792, 930
1347, 72, 768
1348, 241, 402
1349, 658, 867
1350, 304, 360
1351, 432, 875
1352, 673, 706
1353, 298, 941
1354, 607, 700
1355, 474, 479
1356, 377, 965
1357, 18, 691
1358, 470, 681
1359, 710, 945
1360, 332, 656
1361, 143, 320
1362, 17, 434
1363, 297, 626
1364, 61, 736
1365, 690, 917
1366, 160, 526
1367, 33, 583
1368, 94, 907
1369, 216, 394
1370, 356, 534
1371, 92, 536
1372, 501, 564
1373, 118, 980
1374, 42, 531
1375, 351, 499
1376, 300, 835
1377, 295, 408
1378, 548, 694
1379, 282, 573
1380, 292, 909
1381, 740, 877
1382, 175, 848
1383, 84, 439
1384, 450, 774
1385, 290, 900
1386, 57, 472
1387, 609, 936
1388, 595, 739
1389, 349, 778
1390, 419, 981
1391, 129, 683
1392, 765, 996
1393, 91, 587
1394, 533, 870
1395, 261, 539
1396, 327, 342
1397, 1, 276
1398, 337, 862
1399, 24, 767
1400, 395, 600
1401, 267, 732
1402, 518, 688
1403, 680, 932
1404, 277, 712
1405, 318, 509
1406, 264, 997
1407, 22, 924
1408, 611, 803
1409, 256, 466
1410, 459, 492
1411, 302, 719
1412, 508, 764
1413, 123, 255
1414, 795, 975
1415, 223, 259
1416, 85, 804
1417, 543, 679
1418, 273, 821
1419, 34, 593
1420, 325, 532
1421, 47, 807
1422, 9, 866
1423, 43, 204
1424, 610, 923
1425, 481, 510
1426, 818, 992
1427, 724, 953
1428, 158, 966
1429, 104, 646
1430, 169, 345
1431, 281, 962
1432, 299, 417
1433, 217, 745
1434, 95, 824
1435, 306, 604
1436, 254, 979
1437, 346, 603
1438, 275, 305
1439, 73, 188
1440, 247, 279
1441, 212, 922
1442, 409, 623
1443, 155, 597
1444, 852, 859
1445, 3, 565
1446, 211, 454
1447, 497, 619
1448, 393, 651
1449, 461, 729
1450, 380, 815
1451, 674, 864
1452, 14, 250
1453, 401, 793
1454, 456, 950
1455, 26, 588
1456, 511, 614
1457, 251, 629
1458, 83, 825
1459, 253, 463
1460, 294, 654
1461, 425, 552
1462, 427, 572
1463, 433, 782
1464, 563, 823
1465, 69, 921
1466, 215, 963
1467, 527, 643
1468, 51, 53
1469, 329, 901
1470, 368, 547
1471, 161, 478
1472, 55, 954
1473, 620, 850
1474, 268, 613
1475, 505, 689
1476, 758, 847
1477, 40, 201
1478, 581, 802
1479, 473, 881
1480, 598, 892
1481, 89, 369
1482, 107, 682
1483, 844, 927
1484, 322, 731
1485, 20, 390
1486, 783, 878
1487, 172, 637
1488, 64, 88
1489, 126, 599
1490, 384, 672
1491, 721, 918
1492, 644, 728
1493, 316, 744
1494, 323, 734
1495, 671, 843
1496, 177, 245
1497, 335, 698
1498, 191, 982
1499, 968, 1000
1500, 206, 761
1501, 351, 919
1502, 458, 797
1503, 191, 406
1504, 90, 529
1505, 285, 686
1506, 322, 422
1507, 801, 810
1508, 793, 914
1509, 543, 630
1510, 507, 595
1511, 77, 542
1512, 405, 689
1513, 189, 877
1514, 259, 897
1515, 268, 728
1516, 620, 849
1517, 140, 735
1518, 657, 963
1519, 584, 634
1520, 548, 590
1521, 297, 673
1522, 5, 295
1523, 2, 618
1524, 35, 994
1525, 114, 462
1526, 208, 564
1527, 29, 693
1528, 92, 168
1529, 428, 865
1530, 371, 478
1531, 574, 977
1532, 286, 414
1533, 130, 752
1534, 97, 393
1535, 296, 310
1536, 397, 694
1537, 216, 530
1538, 74, 79
1539, 54, 450
1540, 365, 544
1541, 78, 139
1542, 301, 893
1543, 224, 261
1544, 228, 501
1545, 423, 937
1546, 20, 230
1547, 343, 399
1548, 218, 706
1549, 403, 675
1550, 982, 987
1551, 16, 866
1552, 783, 934
1553, 785, 956
1554, 251, 809
1555, 832, 888
1556, 624, 833
1557, 522, 822
1558, 202, 629
1559, 731, 960
1560, 516, 859
1561, 455, 784
1562, 173, 435
1563, 704, 926
1564, 73, 788
1565, 266, 855
1566, 212, 417
1567, 511, 582
1568, 466, 626
1569, 394, 477
1570, 514, 744
1571, 221, 336
1572, 370, 604
1573, 381, 638
1574, 425, 745
1575, 449, 992
1576, 6, 935
1577, 149, 946
1578, 159, 404
1579, 474, 847
1580, 556, 906
1581, 380, 842
1582, 563, 671
1583, 93, 407
1584, 457, 905
1585, 366, 882
1586, 207, 479
1587, 111, 222
1588, 61, 720
1589, 153, 468
1590, 749, 983
1591, 863, 930
1592, 158, 166
1593, 377, 722
1594, 81, 932
1595, 321, 733
1596, 187, 623
1597, 472, 597
1598, 910, 968
1599, 852, 878
1600, 355, 382
1601, 108, 211
1602, 844, 912
1603, 319, 916
1604, 523, 834
1605, 120, 850
1606, 517, 533
1607, 628, 947
1608, 129, 889
1609, 220, 608
1610, 288, 299
1611, 271, 962
1612, 26, 303
1613, 682, 685
1614, 481, 492
1615, 25, 378
1616, 845, 921
1617, 245, 698
1618, 84, 484
1619, 315, 437
1620, 60, 811
1621, 486, 559
1622, 176, 395
1623, 135, 531
1624, 12, 253
1625, 814, 978
1626, 642, 757
1627, 361, 519
1628, 311, 410
1629, 236, 569
1630, 306, 945
1631, 487, 646
1632, 19, 160
1633, 205, 980
1634, 558, 901
1635, 679, 966
1636, 142, 812
1637, 379, 954
1638, 237, 496
1639, 327, 824
1640, 164, 278
1641, 198, 281
1642, 566, 762
1643, 453, 933
1644, 204, 316
1645, 63, 115
1646, 314, 915
1647, 467, 805
1648, 644, 724
1649, 157, 247
1650, 182, 497
1651, 272, 490
1652, 101, 958
1653, 150, 777
1654, 807, 927
1655, 170, 183
1656, 107, 612
1657, 325, 709
1658, 151, 996
1659, 9, 596
1660, 708, 997
1661, 229, 398
1662, 51, 985
1663, 384, 485
1664, 269, 670
1665, 243, 794
1666, 144, 942
1667, 385, 986
1668, 41, 197
1669, 265, 746
1670, 669, 676
1671, 11, 163
1672, 625, 853
1673, 80, 775
1674, 28, 87
1675, 494, 909
1676, 116, 255
1677, 541, 913
1678, 717, 867
1679, 161, 480
1680, 499, 701
1681, 858, 872
1682, 491, 570
1683, 3, 289
1684, 363, 376
1685, 323, 769
1686, 359, 433
1687, 696, 813
1688, 495, 738
1689, 923, 993
1690, 525, 730
1691, 244, 557
1692, 45, 444
1693, 362, 515
1694, 375, 972
1695, 687, 990
1696, 181, 309
1697, 193, 695
1698, 388, 540
1699, 729, 896
1700, 225, 899
1701, 143, 622
1702, 110, 165
1703, 99, 579
1704, 396, 621
1705, 39, 469
1706, 233, 939
1707, 276, 465
1708, 781, 808
1709, 105, 509
1710, 503, 554
1711, 17, 826
1712, 42, 475
1713, 287, 340
1714, 451, 655
1715, 549, 911
1716, 36, 760
1717, 219, 880
1718, 339, 353
1719, 31, 250
1720, 346, 792
1721, 576, 699
1722, 242, 452
1723, 199, 750
1724, 169, 223
1725, 352, 358
1726, 505, 710
1727, 821, 951
1728, 613, 790
1729, 112, 663
1730, 290, 524
1731, 438, 723
1732, 884, 950
1733, 555, 603
1734, 175, 740
1735, 690, 747
1736, 240, 684
1737, 102, 279
1738, 4, 799
1739, 246, 677
1740, 431, 609
1741, 89, 1000
1742, 46, 232
1743, 341, 611
1744, 854, 967
1745, 787, 828
1746, 184, 412
1747, 409, 965
1748, 702, 991
1749, 132, 766
1750, 196, 737
1751, 304, 970
1752, 273, 936
1753, 117, 210
1754, 258, 264
1755, 727, 860
1756, 331, 662
1757, 420, 538
1758, 123, 637
1759, 430, 580
1760, 267, 691
1761, 360, 770
1762, 128, 741
1763, 617, 756
1764, 751, 964
1765, 305, 463
1766, 148, 995
1767, 759, 979
1768, 357, 583
1769, 62, 442
1770, 59, 743
1771, 121, 697
1772, 146, 591
1773, 726, 843
1774, 356, 656
1775, 43, 861
1776, 293, 732
1777, 131, 367
1778, 330, 482
1779, 127, 471
1780, 504, 654
1781, 383, 537
1782, 217, 631
1783, 70, 948
1784, 260, 262
1785, 67, 441
1786, 124, 328
1787, 66, 589
1788, 1, 601
1789, 82, 493
1790, 156, 178
1791, 69, 194
1792, 33, 551
1793, 172, 300
1794, 318, 607
1795, 526, 837
1796, 44, 83
1797, 506, 711
1798, 292, 459
1799, 227, 920
1800, 587, 831
1801, 456, 776
1802, 188, 755
1803, 512, 588
1804, 185, 647
1805, 113, 820
1806, 545, 550
1807, 34, 426
1808, 249, 614
1809, 307, 908
1810, 553, 874
1811, 786, 838
1812, 57, 192
1813, 137, 903
1814, 145, 534
1815, 606, 758
1816, 640, 875
1817, 419, 890
1818, 214, 334
1819, 434, 881
1820, 348, 857
1821, 483, 862
1822, 86, 195
1823, 539, 798
1824, 567, 818
1825, 547, 753
1826, 347, 864
1827, 252, 664
1828, 768, 800
1829, 320, 975
1830, 772, 931
1831, 795, 851
1832, 652, 868
1833, 392, 632
1834, 302, 761
1835, 125, 780
1836, 461, 510
1837, 134, 552
1838, 345, 876
1839, 413, 894
1840, 248, 283
1841, 389, 535
1842, 707, 779
1843, 136, 641
1844, 119, 147
1845, 836, 902
1846, 30, 653
1847, 421, 476
1848, 24, 270
1849, 635, 806
1850, 332, 470
1851, 72, 773
1852, 721, 782
1853, 527, 562
1854, 8, 235
1855, 226, 636
1856, 76, 342
1857, 180, 298
1858, 373, 988
1859, 719, 789
1860, 71, 815
1861, 869, 969
1862, 23, 870
1863, 280, 600
1864, 586, 887
1865, 668, 819
1866, 333, 989
1867, 401, 454
1868, 239, 999
1869, 391, 488
1870, 206, 648
1871, 804, 895
1872, 64, 561
1873, 209, 944
1874, 602, 856
1875, 174, 386
1876, 619, 700
1877, 47, 213
1878, 7, 344
1879, 489, 840
1880, 49, 764
1881, 313, 633
1882, 275, 791
1883, 95, 639
1884, 152, 415
1885, 317, 714
1886, 408, 924
1887, 667, 839
1888, 40, 154
1889, 368, 672
1890, 326, 658
1891, 674, 767
1892, 778, 883
1893, 284, 448
1894, 94, 610
1895, 424, 432
1896, 104, 703
1897, 32, 427
1898, 349, 594
1899, 830, 922
1900, 312, 520
1901, 374, 971
1902, 577, 683
1903, 445, 754
1904, 27, 891
1905, 277, 943
1906, 796, 829
1907, 324, 572
1908, 190, 440
1909, 661, 716
1910, 274, 335
1911, 645, 659
1912, 200, 498
1913, 886, 976
1914, 565, 734
1915, 75, 436
1916, 238, 955
1917, 177, 678
1918, 513, 560
1919, 917, 929
1920, 254, 900
1921, 742, 774
1922, 162, 585
1923, 14, 91
1924, 568, 981
1925, 429, 998
1926, 354, 473
1927, 443, 447
1928, 109, 167
1929, 22, 959
1930, 616, 627
1931, 118, 802
1932, 13, 573
1933, 592, 688
1934, 460, 528
1935, 48, 263
1936, 65, 106
1937, 231, 369
1938, 464, 846
1939, 98, 338
1940, 605, 748
1941, 96, 364
1942, 50, 201
1943, 37, 521
1944, 705, 816
1945, 18, 938
1946, 179, 598
1947, 308, 575
1948, 38, 649
1949, 400, 871
1950, 10, 848
1951, 141, 256
1952, 103, 725
1953, 599, 957
1954, 58, 771
1955, 581, 825
1956, 439, 953
1957, 291, 973
1958, 713, 949
1959, 85, 974
1960, 337, 736
1961, 55, 681
1962, 257, 763
1963, 234, 892
1964, 387, 952
1965, 827, 961
1966, 138, 940
1967, 171, 712
1968, 100, 666
1969, 650, 928
1970, 68, 536
1971, 508, 984
1972, 546, 841
1973, 680, 835
1974, 15, 215
1975, 390, 907
1976, 739, 941
1977, 502, 765
1978, 56, 593
1979, 186, 665
1980, 718, 918
1981, 88, 904
1982, 21, 52
1983, 643, 823
1984, 500, 885
1985, 203, 660
1986, 126, 155
1987, 416, 715
1988, 329, 418
1989, 518, 925
1990, 571, 651
1991, 350, 817
1992, 122, 241
1993, 133, 615
1994, 372, 402
1995, 411, 692
1996, 803, 873
1997, 446, 532
1998, 53, 294
1999, 578, 879
2000, 282, 898
2001, 301, 839
2002, 468, 542
2003, 4, 857
2004, 740, 931
2005, 264, 577
2006, 375, 453
2007, 414, 907
2008, 531, 819
2009, 578, 721
2010, 77, 466
2011, 243, 686
2012, 363, 515
2013, 15, 772
2014, 758, 808
2015, 356, 982
2016, 574, 869
2017, 247, 534
2018, 332, 421
2019, 367, 378
2020, 364, 474
2021, 21, 630
2022, 212, 261
2023, 209, 703
2024, 244, 455
2025, 584, 897
2026, 169, 581
2027, 173, 635
2028, 374, 605
2029, 39, 601
2030, 553, 803
2031, 82, 586
2032, 151, 183
2033, 604, 847
2034, 116, 805
2035, 133, 283
2036, 345, 608
2037, 251, 697
2038, 478, 528
2039, 348, 960
2040, 350, 891
2041, 37, 299
2042, 737, 784
2043, 620, 677
2044, 465, 674
2045, 330, 640
2046, 162, 924
2047, 556, 955
2048, 495, 609
2049, 437, 516
2050, 141, 712
2051, 45, 853
2052, 408, 642
2053, 321, 996
2054, 589, 965
2055, 297, 355
2056, 545, 989
2057, 286, 973
2058, 107, 305
2059, 240, 701
2060, 237, 550
2061, 103, 469
2062, 865, 992
2063, 294, 563
2064, 25, 705
2065, 284, 353
2066, 683, 925
2067, 610, 798
2068, 291, 942
2069, 699, 732
2070, 114, 260
2071, 60, 191
2072, 418, 503
2073, 207, 840
2074, 649, 723
2075, 479, 894
2076, 497, 727
2077, 138, 391
2078, 381, 904
2079, 187, 501
2080, 190, 307
2081, 159, 546
2082, 157, 473
2083, 246, 849
2084, 120, 618
2085, 700, 939
2086, 101, 267
2087, 302, 777
2088, 217, 901
2089, 144, 435
2090, 163, 213
2091, 57, 846
2092, 75, 518
2093, 685, 878
2094, 425, 659
2095, 527, 790
2096, 340, 704
2097, 225, 268
2098, 254, 320
2099, 93, 140
2100, 165, 241
2101, 525, 566
2102, 32, 198
2103, 336, 950
2104, 346, 738
2105, 171, 270
2106, 22, 272
2107, 18, 464
2108, 179, 916
2109, 304, 533
2110, 322, 711
2111, 269, 976
2112, 172, 822
2113, 536, 694
2114, 168, 873
2115, 202, 555
2116, 298, 713
2117, 96, 412
2118, 205, 438
2119, 653, 895
2120, 407, 877
2121, 690, 764
2122, 266, 868
2123, 413, 507
2124, 201, 430
2125, 638, 729
2126, 271, 692
2127, 406, 514
2128, 122, 661
2129, 46, 541
2130, 382, 921
2131, 693, 995
2132, 38, 959
2133, 452, 821
2134, 265, 736
2135, 84, 731
2136, 89, 477
2137, 565, 938
2138, 196, 937
2139, 404, 952
2140, 522, 572
2141, 211, 258
2142, 892, 985
2143, 42, 431
2144, 95, 617
2145, 647, 680
2146, 859, 923
2147, 306, 813
2148, 74, 441
2149, 384, 447
2150, 158, 484
2151, 113, 175
2152, 17, 728
2153, 58, 85
2154, 99, 524
2155, 372, 390
2156, 86, 587
2157, 70, 392
2158, 278, 934
2159, 368, 930
2160, 397, 575
2161, 451, 810
2162, 796, 860
2163, 83, 519
2164, 767, 963
2165, 229, 396
2166, 476, 715
2167, 483, 890
2168, 398, 641
2169, 5, 81
2170, 325, 801
2171, 905, 977
2172, 285, 773
2173, 445, 875
2174, 230, 633
2175, 192, 912
2176, 459, 756
2177, 199, 665
2178, 511, 768
2179, 239, 958
2180, 9, 673
2181, 838, 967
2182, 312, 716
2183, 185, 500
2184, 47, 816
2185, 143, 482
2186, 289, 557
2187, 295, 411
2188, 49, 681
2189, 189, 338
2190, 366, 913
2191, 652, 837
2192, 341, 444
2193, 409, 947
2194, 795, 990
2195, 142, 671
2196, 176, 296
2197, 178, 506
2198, 352, 835
2199, 645, 823
2200, 460, 828
2201, 146, 487
2202, 815, 826
2203, 337, 709
2204, 257, 439
2205, 848, 898
2206, 111, 510
2207, 290, 655
2208, 300, 564
2209, 535, 788
2210, 61, 689
2211, 118, 590
2212, 55, 174
2213, 314, 999
2214, 624, 747
2215, 30, 339
2216, 486, 940
2217, 208, 526
2218, 59, 496
2219, 117, 672
2220, 235, 343
2221, 35, 252
2222, 760, 785
2223, 193, 708
2224, 679, 698
2225, 170, 884
2226, 362, 726
2227, 27, 125
2228, 442, 734
2229, 493, 539
2230, 463, 523
2231, 319, 753
2232, 323, 954
2233, 92, 517
2234, 100, 361
2235, 76, 972
2236, 410, 761
2237, 136, 156
2238, 53, 461
2239, 621, 936
2240, 206, 832
2241, 12, 664
2242, 66, 559
2243, 221, 570
2244, 543, 943
2245, 636, 850
2246, 78, 401
2247, 324, 457
2248, 3, 6
2249, 377, 811
2250, 513, 949
2251, 603, 935
2252, 51, 357
2253, 249, 370
2254, 625, 688
2255, 29, 458
2256, 520, 922
2257, 67, 532
2258, 509, 596
2259, 594, 663
2260, 279, 593
2261, 274, 627
2262, 656, 791
2263, 316, 644
2264, 123, 498
2265, 40, 969
2266, 167, 558
2267, 585, 759
2268, 72, 981
2269, 129, 831
2270, 132, 597
2271, 454, 953
2272, 215, 576
2273, 342, 573
2274, 19, 327
2275, 102, 419
2276, 277, 706
2277, 488, 744
2278, 567, 657
2279, 833, 961
2280, 491, 629
2281, 582, 809
2282, 448, 489
2283, 228, 547
2284, 855, 983
2285, 824, 827
2286, 899, 911
2287, 395, 707
2288, 33, 818
2289, 385, 814
2290, 440, 551
2291, 544, 755
2292, 204, 856
2293, 121, 845
2294, 429, 730
2295, 864, 926
2296, 80, 197
2297, 223, 462
2298, 280, 929
2299, 400, 836
2300, 41, 606
2301, 48, 580
2302, 583, 880
2303, 79, 804
2304, 52, 781
2305, 499, 844
2306, 358, 968
2307, 554, 776
2308, 416, 871
2309, 11, 110
2310, 224, 242
2311, 87, 613
2312, 682, 783
2313, 31, 789
2314, 109, 724
2315, 611, 1000
2316, 505, 886
2317, 599, 883
2318, 394, 986
2319, 108, 743
2320, 71, 786
2321, 537, 980
2322, 851, 903
2323, 2, 997
2324, 718, 725
2325, 628, 733
2326, 150, 910
2327, 63, 152
2328, 105, 915
2329, 333, 426
2330, 552, 957
2331, 292, 842
2332, 529, 607
2333, 8, 427
2334, 106, 684
2335, 184, 872
2336, 914, 979
2337, 595, 902
2338, 44, 817
2339, 219, 588
2340, 861, 962
2341, 328, 956
2342, 177, 662
2343, 139, 763
2344, 148, 841
2345, 282, 467
2346, 16, 717
2347, 127, 669
2348, 592, 964
2349, 311, 687
2350, 676, 806
2351, 561, 807
2352, 14, 387
2353, 751, 854
2354, 126, 255
2355, 147, 719
2356, 73, 94
2357, 214, 658
2358, 231, 571
2359, 154, 762
2360, 746, 975
2361, 310, 775
2362, 417, 443
2363, 344, 393
2364, 386, 614
2365, 331, 978
2366, 560, 970
2367, 876, 888
2368, 648, 722
2369, 50, 974
2370, 276, 918
2371, 446, 748
2372, 436, 490
2373, 754, 774
2374, 238, 885
2375, 250, 548
2376, 28, 626
2377, 220, 646
2378, 227, 359
2379, 253, 423
2380, 470, 928
2381, 137, 874
2382, 131, 303
2383, 222, 492
2384, 226, 485
2385, 749, 879
2386, 263, 639
2387, 218, 622
2388, 130, 917
2389, 149, 194
2390, 160, 787
2391, 829, 946
2392, 765, 812
2393, 64, 993
2394, 7, 702
2395, 480, 591
2396, 288, 735
2397, 115, 691
2398, 188, 866
2399, 10, 945
2400, 256, 262
2401, 134, 858
2402, 166, 549
2403, 347, 951
2404, 155, 334
2405, 119, 124
2406, 90, 538
2407, 128, 236
2408, 349, 769
2409, 371, 714
2410, 1, 632
2411, 383, 779
2412, 568, 602
2413, 472, 870
2414, 145, 424
2415, 23, 678
2416, 600, 991
2417, 792, 797
2418, 428, 643
2419, 275, 994
2420, 54, 88
2421, 365, 750
2422, 259, 654
2423, 182, 893
2424, 379, 481
2425, 153, 403
2426, 666, 987
2427, 186, 695
2428, 164, 309
2429, 68, 882
2430, 402, 745
2431, 508, 843
2432, 69, 778
2433, 820, 971
2434, 195, 612
2435, 834, 948
2436, 668, 782
2437, 281, 562
2438, 13, 941
2439, 135, 388
2440, 650, 660
2441, 456, 988
2442, 616, 919
2443, 335, 540
2444, 273, 615
2445, 26, 739
2446, 97, 794
2447, 24, 741
2448, 770, 944
2449, 34, 62
2450, 91, 634
2451, 710, 920
2452, 56, 720
2453, 308, 802
2454, 793, 799
2455, 210, 450
2456, 932, 984
2457, 43, 449
2458, 631, 881
2459, 180, 867
2460, 651, 908
2461, 232, 432
2462, 351, 742
2463, 326, 696
2464, 313, 504
2465, 405, 862
2466, 360, 399
2467, 420, 766
2468, 233, 825
2469, 927, 933
2470, 752, 852
2471, 98, 433
2472, 369, 675
2473, 293, 434
2474, 36, 896
2475, 317, 389
2476, 471, 502
2477, 234, 900
2478, 329, 830
2479, 65, 887
2480, 906, 909
2481, 315, 354
2482, 380, 569
2483, 216, 771
2484, 422, 670
2485, 20, 494
2486, 181, 966
2487, 245, 248
2488, 512, 619
2489, 667, 800
2490, 200, 598
2491, 161, 780
2492, 112, 373
2493, 623, 863
2494, 104, 889
2495, 475, 998
2496, 415, 521
2497, 287, 579
2498, 530, 637
2499, 203, 318
2500, 376, 757
2501, 171, 557
2502, 657, 718
2503, 25, 524
2504, 750, 854
2505, 495, 703
2506, 399, 859
2507, 742, 978
2508, 45, 989
2509, 174, 691
2510, 577, 913
2511, 107, 734
2512, 136, 296
2513, 453, 936
2514, 26, 317
2515, 3, 689
2516, 51, 193
2517, 187, 918
2518, 374, 914
2519, 11, 870
2520, 291, 521
2521, 277, 920
2522, 14, 279
2523, 130, 817
2524, 38, 994
2525, 431, 876
2526, 339, 592
2527, 184, 829
2528, 175, 832
2529, 186, 682
2530, 290, 895
2531, 185, 612
2532, 302, 440
2533, 178, 947
2534, 685, 844
2535, 402, 507
2536, 603, 610
2537, 362, 764
2538, 30, 204
2539, 353, 707
2540, 439, 939
2541, 618, 782
2542, 622, 648
2543, 149, 883
2544, 526, 594
2545, 464, 570
2546, 151, 698
2547, 285, 292
2548, 532, 744
2549, 100, 641
2550, 308, 604
2551, 170, 771
2552, 19, 94
2553, 605, 751
2554, 386, 693
2555, 263, 542
2556, 753, 763
2557, 658, 931
2558, 479, 948
2559, 659, 940
2560, 736, 848
2561, 60, 393
2562, 99, 462
2563, 544, 700
2564, 154, 778
2565, 389, 597
2566, 10, 382
2567, 666, 990
2568, 348, 575
2569, 949, 986
2570, 188, 980
2571, 205, 501
2572, 134, 882
2573, 77, 706
2574, 919, 993
2575, 223, 236
2576, 198, 502
2577, 569, 805
2578, 419, 779
2579, 452, 743
2580, 820, 850
2581, 158, 881
2582, 64, 636
2583, 109, 726
2584, 74, 855
2585, 106, 814
2586, 599, 714
2587, 125, 656
2588, 113, 950
2589, 730, 887
2590, 783, 816
2591, 720, 961
2592, 443, 536
2593, 41, 159
2594, 583, 911
2595, 303, 694
2596, 63, 293
2597, 351, 987
2598, 327, 406
2599, 199, 280
2600, 298, 999
2601, 172, 388
2602, 232, 756
2603, 428, 496
2604, 414, 888
2605, 520, 606
2606, 46, 411
2607, 454, 796
2608, 119, 872
2609, 28, 164
2610, 253, 321
2611, 97, 770
2612, 53, 558
2613, 487, 690
2614, 54, 509
2615, 456, 535
2616, 82, 985
2617, 143, 346
2618, 23, 733
2619, 337, 631
2620, 181, 620
2621, 383, 525
2622, 16, 480
2623, 512, 655
2624, 564, 662
2625, 288, 902
2626, 35, 93
2627, 68, 365
2628, 7, 115
2629, 27, 632
2630, 241, 587
2631, 50, 672
2632, 228, 941
2633, 87, 740
2634, 216, 307
2635, 278, 762
2636, 422, 893
2637, 674, 969
2638, 208, 673
2639, 72, 239
2640, 300, 780
2641, 166, 553
2642, 334, 792
2643, 768, 930
2644, 220, 376
2645, 83, 481
2646, 52, 421
2647, 408, 982
2648, 409, 943
2649, 129, 531
2650, 248, 347
2651, 85, 808
2652, 617, 966
2653, 397, 460
2654, 264, 696
2655, 319, 326
2656, 76, 349
2657, 514, 917
2658, 320, 551
2659, 323, 405
2660, 268, 968
2661, 329, 737
2662, 142, 260
2663, 123, 529
2664, 360, 560
2665, 102, 825
2666, 401, 661
2667, 217, 568
2668, 534, 916
2669, 265, 677
2670, 627, 860
2671, 457, 777
2672, 745, 804
2673, 773, 991
2674, 70, 126
2675, 98, 207
2676, 372, 385
2677, 724, 761
2678, 289, 441
2679, 18, 396
2680, 240, 437
2681, 505, 831
2682, 254, 715
2683, 104, 697
2684, 246, 638
2685, 201, 242
2686, 48, 444
2687, 633, 909
2688, 476, 667
2689, 13, 945
2690, 101, 148
2691, 378, 992
2692, 191, 224
2693, 1, 183
2694, 565, 613
2695, 24, 212
2696, 561, 923
2697, 433, 483
2698, 463, 598
2699, 15, 91
2700, 884, 932
2701, 352, 739
2702, 470, 651
2703, 581, 749
2704, 704, 802
2705, 640, 823
2706, 114, 420
2707, 862, 915
2708, 550, 835
2709, 271, 539
2710, 735, 896
2711, 567, 803
2712, 37, 86
2713, 579, 687
2714, 22, 686
2715, 769, 942
2716, 294, 379
2717, 663, 748
2718, 190, 306
2719, 274, 954
2720, 489, 578
2721, 676, 838
2722, 173, 847
2723, 251, 595
2724, 168, 344
2725, 432, 634
2726, 160, 238
2727, 548, 571
2728, 335, 359
2729, 404, 585
2730, 338, 369
2731, 47, 654
2732, 120, 880
2733, 276, 410
2734, 9, 273
2735, 314, 451
2736, 267, 830
2737, 286, 845
2738, 766, 857
2739, 413, 965
2740, 84, 601
2741, 508, 528
2742, 17, 226
2743, 418, 784
2744, 155, 354
2745, 343, 971
2746, 65, 645
2747, 161, 490
2748, 445, 899
2749, 32, 566
2750, 341, 423
2751, 562, 628
2752, 4, 901
2753, 384, 708
2754, 202, 615
2755, 556, 926
2756, 295, 837
2757, 424, 552
2758, 754, 800
2759, 652, 717
2760, 375, 746
2761, 458, 702
2762, 78, 469
2763, 230, 958
2764, 846, 981
2765, 111, 461
2766, 40, 203
2767, 247, 398
2768, 147, 331
2769, 614, 877
2770, 88, 874
2771, 112, 392
2772, 243, 340
2773, 229, 785
2774, 105, 427
2775, 137, 681
2776, 234, 332
2777, 836, 921
2778, 81, 518
2779, 270, 516
2780, 132, 492
2781, 790, 904
2782, 281, 767
2783, 540, 747
2784, 141, 960
2785, 90, 608
2786, 849, 925
2787, 96, 318
2788, 21, 951
2789, 851, 871
2790, 538, 644
2791, 200, 255
2792, 675, 755
2793, 712, 853
2794, 716, 723
2795, 124, 665
2796, 311, 798
2797, 71, 894
2798, 180, 547
2799, 973, 977
2800, 211, 810
2801, 176, 192
2802, 626, 758
2803, 140, 806
2804, 135, 811
2805, 625, 865
2806, 128, 221
2807, 391, 616
2808, 222, 576
2809, 856, 906
2810, 373, 474
2811, 799, 933
2812, 500, 680
2813, 653, 670
2814, 786, 839
2815, 215, 436
2816, 498, 731
2817, 133, 549
2818, 92, 867
2819, 650, 864
2820, 49, 400
2821, 482, 975
2822, 150, 593
2823, 152, 367
2824, 266, 841
2825, 586, 924
2826, 33, 546
2827, 258, 781
2828, 275, 572
2829, 249, 497
2830, 235, 486
2831, 621, 789
2832, 699, 821
2833, 57, 325
2834, 110, 858
2835, 156, 929
2836, 574, 664
2837, 231, 584
2838, 807, 878
2839, 472, 660
2840, 31, 582
2841, 588, 788
2842, 450, 957
2843, 79, 602
2844, 313, 775
2845, 210, 787
2846, 903, 938
2847, 257, 962
2848, 590, 818
2849, 554, 671
2850, 131, 819
2851, 206, 284
2852, 791, 983
2853, 647, 863
2854, 609, 907
2855, 522, 611
2856, 55, 467
2857, 629, 952
2858, 195, 563
2859, 797, 898
2860, 39, 559
2861, 197, 738
2862, 438, 967
2863, 304, 635
2864, 710, 998
2865, 8, 494
2866, 471, 488
2867, 434, 519
2868, 282, 879
2869, 455, 809
2870, 449, 840
2871, 637, 812
2872, 261, 772
2873, 927, 955
2874, 669, 897
2875, 20, 752
2876, 139, 953
2877, 380, 834
2878, 75, 283
2879, 722, 852
2880, 484, 869
2881, 357, 793
2882, 447, 843
2883, 922, 959
2884, 233, 842
2885, 6, 541
2886, 683, 815
2887, 73, 194
2888, 322, 468
2889, 167, 684
2890, 607, 944
2891, 163, 336
2892, 146, 227
2893, 213, 833
2894, 425, 589
2895, 177, 937
2896, 301, 679
2897, 299, 759
2898, 127, 426
2899, 157, 182
2900, 2, 69
2901, 504, 695
2902, 701, 997
2903, 630, 964
2904, 310, 412
2905, 244, 345
2906, 315, 886
2907, 312, 415
2908, 219, 891
2909, 169, 668
2910, 527, 741
2911, 330, 725
2912, 162, 600
2913, 12, 900
2914, 324, 976
2915, 29, 828
2916, 272, 824
2917, 103, 988
2918, 429, 537
2919, 381, 649
2920, 403, 794
2921, 727, 995
2922, 209, 619
2923, 259, 305
2924, 165, 889
2925, 366, 822
2926, 370, 757
2927, 237, 417
2928, 117, 1000
2929, 245, 984
2930, 250, 573
2931, 297, 316
2932, 624, 963
2933, 446, 473
2934, 56, 395
2935, 145, 287
2936, 95, 356
2937, 688, 873
2938, 144, 596
2939, 118, 934
2940, 511, 928
2941, 774, 813
2942, 377, 387
2943, 122, 530
2944, 36, 591
2945, 448, 956
2946, 269, 517
2947, 89, 711
2948, 5, 491
2949, 442, 678
2950, 80, 543
2951, 66, 885
2952, 363, 935
2953, 368, 868
2954, 43, 892
2955, 256, 826
2956, 485, 760
2957, 358, 416
2958, 355, 555
2959, 44, 623
2960, 225, 371
2961, 189, 333
2962, 580, 765
2963, 503, 728
2964, 642, 972
2965, 394, 776
2966, 67, 116
2967, 861, 890
2968, 153, 214
2969, 309, 970
2970, 196, 478
2971, 364, 407
2972, 59, 328
2973, 34, 912
2974, 545, 801
2975, 465, 506
2976, 42, 721
2977, 515, 996
2978, 430, 475
2979, 262, 435
2980, 252, 719
2981, 121, 827
2982, 342, 639
2983, 179, 875
2984, 108, 732
2985, 466, 908
2986, 692, 795
2987, 459, 643
2988, 477, 905
2989, 646, 974
2990, 493, 533
2991, 361, 499
2992, 510, 513
2993, 218, 729
2994, 390, 910
2995, 58, 138
2996, 705, 946
2997, 523, 709
2998, 713, 866
2999, 62, 979
3000, 61, 350
3001, 340, 608
3002, 445, 801
3003, 361, 509
3004, 351, 401
3005, 5, 956
3006, 242, 303
3007, 336, 848
3008, 734, 925
3009, 25, 502
3010, 347, 443
3011, 345, 935
3012, 125, 729
3013, 244, 372
3014, 183, 474
3015, 837, 920
3016, 589, 993
3017, 641, 972
3018, 258, 914
3019, 458, 768
3020, 296, 674
3021, 172, 742
3022, 10, 890
3023, 263, 498
3024, 341, 738
3025, 748, 971
3026, 330, 343
3027, 101, 557
3028, 174, 255
3029, 230, 769
3030, 251, 292
3031, 240, 497
3032, 214, 381
3033, 510, 600
3034, 177, 477
3035, 334, 634
3036, 582, 792
3037, 209, 752
3038, 69, 137
3039, 494, 778
3040, 200, 658
3041, 282, 871
3042, 154, 460
3043, 224, 949
3044, 880, 906
3045, 66, 726
3046, 3, 453
3047, 422, 601
3048, 570, 757
3049, 48, 112
3050, 204, 854
3051, 523, 910
3052, 356, 387
3053, 7, 370
3054, 691, 922
3055, 78, 408
3056, 70, 725
3057, 135, 921
3058, 85, 470
3059, 36, 493
3060, 566, 897
3061, 576, 775
3062, 176, 992
3063, 942, 995
3064, 490, 551
3065, 281, 823
3066, 136, 980
3067, 403, 631
3068, 590, 857
3069, 767, 829
3070, 55, 952
3071, 524, 756
3072, 332, 888
3073, 189, 785
3074, 616, 710
3075, 398, 820
3076, 72, 944
3077, 549, 825
3078, 217, 899
3079, 238, 681
3080, 28, 97
3081, 452, 836
3082, 273, 774
3083, 363, 612
3084, 68, 120
3085, 563, 653
3086, 678, 779
3087, 469, 596
3088, 43, 700
3089, 188, 221
3090, 32, 262
3091, 614, 918
3092, 37, 397
3093, 974, 981
3094, 208, 342
3095, 67, 692
3096, 882, 989
3097, 276, 603
3098, 110, 581
3099, 41, 226
3100, 606, 961
3101, 491, 620
3102, 503, 859
3103, 234, 512
3104, 455, 855
3105, 666, 954
3106, 514, 718
3107, 781, 973
3108, 194, 762
3109, 504, 646
3110, 396, 660
3111, 91, 708
3112, 235, 976
3113, 736, 766
3114, 481, 694
3115, 232, 917
3116, 743, 787
3117, 257, 629
3118, 59, 412
3119, 94, 750
3120, 19, 543
3121, 447, 987
3122, 182, 393
3123, 87, 860
3124, 34, 874
3125, 409, 714
3126, 671, 732
3127, 338, 417
3128, 680, 896
3129, 246, 701
3130, 62, 325
3131, 114, 451
3132, 869, 876
3133, 147, 567
3134, 516, 739
3135, 228, 698
3136, 4, 990
3137, 118, 994
3138, 206, 322
3139, 434, 804
3140, 178, 241
3141, 96, 438
3142, 133, 586
3143, 358, 794
3144, 46, 979
3145, 615, 997
3146, 169, 237
3147, 604, 644
3148, 367, 900
3149, 759, 784
3150, 74, 319
3151, 284, 963
3152, 391, 456
3153, 201, 505
3154, 1, 124
3155, 24, 849
3156, 442, 542
3157, 129, 624
3158, 76, 98
3159, 439, 916
3160, 181, 623
3161, 185, 386
3162, 467, 945
3163, 375, 958
3164, 107, 909
3165, 796, 815
3166, 35, 476
3167, 167, 377
3168, 312, 625
3169, 321, 488
3170, 419, 485
3171, 421, 845
3172, 499, 826
3173, 265, 475
3174, 369, 669
3175, 231, 723
3176, 53, 977
3177, 106, 640
3178, 162, 609
3179, 511, 689
3180, 619, 866
3181, 278, 833
3182, 126, 416
3183, 236, 960
3184, 148, 893
3185, 709, 984
3186, 528, 924
3187, 364, 1000
3188, 294, 964
3189, 61, 735
3190, 47, 580
3191, 54, 672
3192, 111, 847
3193, 547, 733
3194, 507, 832
3195, 479, 487
3196, 84, 676
3197, 776, 950
3198, 713, 753
3199, 529, 728
3200, 266, 354
3201, 448, 842
3202, 157, 337
3203, 300, 306
3204, 173, 571
3205, 444, 812
3206, 123, 879
3207, 122, 264
3208, 654, 668
3209, 51, 119
3210, 193, 229
3211, 310, 433
3212, 696, 712
3213, 731, 864
3214, 595, 835
3215, 254, 423
3216, 532, 870
3217, 40, 819
3218, 79, 402
3219, 130, 898
3220, 426, 771
3221, 562, 697
3222, 105, 572
3223, 371, 808
3224, 559, 850
3225, 346, 805
3226, 14, 191
3227, 540, 999
3228, 366, 828
3229, 151, 352
3230, 56, 817
3231, 765, 887
3232, 424, 782
3233, 663, 970
3234, 20, 807
3235, 38, 413
3236, 546, 966
3237, 109, 554
3238, 168, 688
3239, 425, 550
3240, 219, 722
3241, 39, 988
3242, 17, 431
3243, 192, 635
3244, 196, 308
3245, 418, 795
3246, 152, 291
3247, 64, 268
3248, 720, 763
3249, 593, 621
3250, 144, 212
3251, 83, 218
3252, 16, 81
3253, 298, 636
3254, 440, 482
3255, 483, 711
3256, 809, 951
3257, 143, 853
3258, 58, 250
3259, 104, 385
3260, 331, 506
3261, 382, 741
3262, 271, 410
3263, 140, 239
3264, 93, 378
3265, 21, 92
3266, 628, 878
3267, 579, 838
3268, 99, 931
3269, 82, 959
3270, 320, 687
3271, 585, 803
3272, 211, 360
3273, 227, 591
3274, 86, 902
3275, 441, 638
3276, 198, 466
3277, 175, 429
3278, 215, 569
3279, 31, 500
3280, 171, 583
3281, 706, 953
3282, 630, 946
3283, 555, 565
3284, 702, 861
3285, 415, 492
3286, 128, 150
3287, 648, 821
3288, 80, 376
3289, 553, 592
3290, 253, 270
3291, 131, 280
3292, 577, 883
3293, 305, 584
3294, 213, 544
3295, 533, 892
3296, 652, 969
3297, 45, 197
3298, 127, 275
3299, 755, 840
3300, 314, 975
3301, 141, 677
3302, 202, 564
3303, 248, 933
3304, 513, 684
3305, 116, 777
3306, 414, 955
3307, 831, 891
3308, 329, 594
3309, 316, 350
3310, 348, 427
3311, 327, 537
3312, 650, 682
3313, 155, 384
3314, 286, 328
3315, 27, 508
3316, 225, 256
3317, 65, 156
3318, 558, 747
3319, 18, 908
3320, 519, 816
3321, 597, 986
3322, 618, 656
3323, 100, 664
3324, 599, 904
3325, 548, 598
3326, 449, 717
3327, 602, 929
3328, 9, 315
3329, 642, 863
3330, 216, 313
3331, 44, 938
3332, 30, 159
3333, 304, 793
3334, 436, 695
3335, 77, 927
3336, 374, 486
3337, 335, 919
3338, 526, 985
3339, 195, 881
3340, 355, 690
3341, 539, 903
3342, 33, 534
3343, 295, 716
3344, 693, 937
3345, 394, 797
3346, 715, 947
3347, 868, 967
3348, 243, 428
3349, 627, 858
3350, 260, 473
3351, 480, 806
3352, 380, 886
3353, 146, 770
3354, 210, 998
3355, 163, 383
3356, 117, 773
3357, 164, 746
3358, 607, 867
3359, 536, 830
3360, 541, 749
3361, 153, 610
3362, 457, 573
3363, 60, 205
3364, 190, 884
3365, 344, 839
3366, 556, 744
3367, 115, 730
3368, 389, 637
3369, 90, 611
3370, 496, 754
3371, 552, 991
3372, 349, 802
3373, 186, 622
3374, 12, 388
3375, 659, 719
3376, 406, 948
3377, 437, 740
3378, 2, 673
3379, 772, 798
3380, 400, 531
3381, 71, 645
3382, 318, 430
3383, 95, 379
3384, 289, 617
3385, 373, 912
3386, 311, 525
3387, 57, 521
3388, 113, 142
3389, 6, 8
3390, 407, 704
3391, 545, 758
3392, 279, 588
3393, 15, 983
3394, 538, 824
3395, 89, 737
3396, 764, 788
3397, 359, 780
3398, 395, 724
3399, 649, 846
3400, 587, 968
3401, 495, 889
3402, 267, 662
3403, 207, 309
3404, 88, 799
3405, 166, 339
3406, 288, 996
3407, 392, 936
3408, 390, 822
3409, 269, 939
3410, 187, 655
3411, 139, 814
3412, 324, 962
3413, 180, 699
3414, 670, 915
3415, 22, 875
3416, 462, 675
3417, 841, 913
3418, 489, 685
3419, 851, 965
3420, 703, 789
3421, 299, 941
3422, 103, 530
3423, 165, 184
3424, 721, 926
3425, 233, 420
3426, 301, 472
3427, 13, 907
3428, 665, 751
3429, 42, 261
3430, 108, 272
3431, 679, 705
3432, 220, 333
3433, 446, 932
3434, 633, 940
3435, 432, 957
3436, 317, 501
3437, 461, 527
3438, 626, 818
3439, 535, 643
3440, 578, 707
3441, 560, 843
3442, 786, 934
3443, 29, 52
3444, 245, 465
3445, 247, 978
3446, 203, 405
3447, 73, 568
3448, 353, 911
3449, 121, 683
3450, 323, 605
3451, 761, 885
3452, 357, 862
3453, 362, 856
3454, 199, 259
3455, 368, 471
3456, 290, 930
3457, 800, 827
3458, 411, 791
3459, 145, 943
3460, 283, 454
3461, 307, 657
3462, 223, 901
3463, 102, 522
3464, 222, 450
3465, 160, 399
3466, 326, 852
3467, 518, 834
3468, 297, 575
3469, 632, 923
3470, 63, 302
3471, 478, 574
3472, 468, 520
3473, 277, 811
3474, 170, 463
3475, 365, 727
3476, 274, 667
3477, 134, 745
3478, 561, 982
3479, 161, 810
3480, 639, 760
3481, 11, 23
3482, 26, 435
3483, 287, 651
3484, 50, 894
3485, 459, 783
3486, 285, 872
3487, 613, 844
3488, 249, 252
3489, 293, 877
3490, 149, 790
3491, 138, 865
3492, 484, 517
3493, 132, 515
3494, 158, 404
3495, 179, 813
3496, 647, 686
3497, 75, 905
3498, 49, 464
3499, 895, 928
3500, 661, 873
3501, 372, 446
3502, 103, 782
3503, 459, 506
3504, 604, 927
3505, 26, 370
3506, 171, 676
3507, 137, 688
3508, 272, 668
3509, 679, 752
3510, 305, 734
3511, 187, 888
3512, 15, 538
3513, 360, 363
3514, 589, 874
3515, 583, 867
3516, 902, 935
3517, 264, 876
3518, 362, 493
3519, 515, 579
3520, 201, 751
3521, 21, 635
3522, 291, 614
3523, 819, 900
3524, 101, 243
3525, 191, 609
3526, 760, 962
3527, 504, 612
3528, 13, 601
3529, 615, 799
3530, 146, 150
3531, 690, 985
3532, 346, 461
3533, 402, 789
3534, 485, 716
3535, 144, 916
3536, 259, 646
3537, 118, 544
3538, 195, 689
3539, 268, 800
3540, 233, 271
3541, 620, 749
3542, 423, 987
3543, 228, 479
3544, 202, 407
3545, 111, 715
3546, 463, 516
3547, 58, 772
3548, 194, 895
3549, 562, 862
3550, 55, 192
3551, 278, 675
3552, 387, 564
3553, 467, 586
3554, 611, 955
3555, 844, 911
3556, 490, 628
3557, 100, 486
3558, 747, 783
3559, 532, 777
3560, 622, 662
3561, 682, 917
3562, 277, 717
3563, 10, 519
3564, 399, 965
3565, 578, 680
3566, 116, 588
3567, 316, 494
3568, 395, 703
3569, 176, 365
3570, 283, 495
3571, 229, 767
3572, 394, 633
3573, 926, 988
3574, 649, 650
3575, 469, 956
3576, 391, 880
3577, 28, 859
3578, 478, 708
3579, 294, 439
3580, 92, 672
3581, 61, 510
3582, 550, 948
3583, 53, 889
3584, 830, 853
3585, 143, 871
3586, 713, 967
3587, 530, 587
3588, 507, 580
3589, 18, 840
3590, 75, 426
3591, 81, 438
3592, 83, 449
3593, 237, 456
3594, 466, 644
3595, 378, 414
3596, 160, 491
3597, 338, 340
3598, 204, 925
3599, 41, 769
3600, 123, 928
3601, 861, 893
3602, 368, 539
3603, 718, 823
3604, 164, 778
3605, 404, 425
3606, 94, 241
3607, 260, 857
3608, 366, 547
3609, 433, 663
3610, 162, 431
3611, 120, 755
3612, 12, 585
3613, 96, 117
3614, 436, 996
3615, 501, 961
3616, 159, 417
3617, 38, 245
3618, 533, 608
3619, 660, 820
3620, 250, 411
3621, 768, 858
3622, 46, 994
3623, 528, 879
3624, 254, 257
3625, 84, 236
3626, 503, 639
3627, 757, 807
3628, 62, 298
3629, 49, 322
3630, 151, 186
3631, 106, 728
3632, 324, 517
3633, 34, 592
3634, 173, 714
3635, 828, 997
3636, 65, 95
3637, 512, 666
3638, 357, 475
3639, 302, 947
3640, 232, 596
3641, 483, 865
3642, 839, 960
3643, 843, 846
3644, 521, 931
3645, 293, 313
3646, 252, 973
3647, 726, 855
3648, 385, 724
3649, 344, 416
3650, 616, 922
3651, 384, 696
3652, 175, 793
3653, 153, 343
3654, 5, 746
3655, 381, 986
3656, 66, 326
3657, 458, 970
3658, 640, 719
3659, 377, 773
3660, 975, 983
3661, 523, 575
3662, 152, 730
3663, 36, 553
3664, 744, 758
3665, 51, 569
3666, 142, 659
3667, 451, 477
3668, 214, 422
3669, 658, 683
3670, 292, 872
3671, 70, 910
3672, 149, 199
3673, 234, 748
3674, 223, 934
3675, 124, 992
3676, 249, 643
3677, 566, 624
3678, 443, 623
3679, 112, 499
3680, 440, 991
3681, 556, 629
3682, 31, 618
3683, 856, 903
3684, 282, 894
3685, 30, 428
3686, 136, 909
3687, 227, 444
3688, 226, 627
3689, 64, 535
3690, 189, 776
3691, 183, 276
3692, 107, 473
3693, 132, 733
3694, 138, 906
3695, 197, 898
3696, 161, 651
3697, 114, 126
3698, 376, 913
3699, 113, 626
3700, 262, 969
3701, 284, 405
3702, 216, 953
3703, 130, 706
3704, 208, 924
3705, 54, 832
3706, 266, 603
3707, 522, 697
3708, 184, 308
3709, 288, 382
3710, 702, 805
3711, 332, 835
3712, 890, 912
3713, 37, 764
3714, 318, 412
3715, 527, 810
3716, 591, 972
3717, 23, 707
3718, 14, 289
3719, 774, 811
3720, 156, 736
3721, 24, 665
3722, 221, 526
3723, 206, 813
3724, 85, 750
3725, 2, 549
3726, 91, 602
3727, 735, 796
3728, 481, 664
3729, 193, 804
3730, 514, 648
3731, 741, 959
3732, 203, 765
3733, 182, 704
3734, 300, 761
3735, 786, 854
3736, 352, 701
3737, 606, 918
3738, 102, 670
3739, 350, 998
3740, 374, 645
3741, 460, 808
3742, 598, 729
3743, 59, 687
3744, 181, 667
3745, 674, 863
3746, 248, 524
3747, 246, 897
3748, 213, 671
3749, 263, 379
3750, 56, 885
3751, 3, 78
3752, 280, 864
3753, 642, 995
3754, 6, 303
3755, 73, 380
3756, 551, 771
3757, 211, 388
3758, 44, 415
3759, 238, 976
3760, 595, 939
3761, 148, 738
3762, 795, 951
3763, 330, 824
3764, 775, 868
3765, 242, 320
3766, 312, 841
3767, 269, 367
3768, 63, 465
3769, 541, 548
3770, 139, 141
3771, 267, 692
3772, 109, 712
3773, 652, 882
3774, 441, 546
3775, 593, 792
3776, 115, 762
3777, 584, 940
3778, 599, 743
3779, 215, 834
3780, 48, 397
3781, 484, 899
3782, 420, 574
3783, 135, 409
3784, 50, 661
3785, 256, 552
3786, 165, 802
3787, 711, 936
3788, 88, 258
3789, 29, 607
3790, 68, 90
3791, 157, 281
3792, 86, 693
3793, 600, 963
3794, 334, 369
3795, 400, 597
3796, 321, 327
3797, 508, 737
3798, 32, 568
3799, 375, 921
3800, 505, 930
3801, 709, 905
3802, 17, 932
3803, 529, 537
3804, 536, 848
3805, 180, 554
3806, 455, 723
3807, 565, 957
3808, 240, 842
3809, 371, 686
3810, 25, 770
3811, 345, 919
3812, 35, 838
3813, 710, 790
3814, 296, 525
3815, 4, 7
3816, 129, 814
3817, 134, 781
3818, 464, 870
3819, 265, 299
3820, 71, 869
3821, 677, 977
3822, 39, 295
3823, 531, 837
3824, 8, 319
3825, 731, 766
3826, 198, 571
3827, 275, 901
3828, 235, 410
3829, 358, 557
3830, 166, 791
3831, 45, 605
3832, 170, 788
3833, 610, 825
3834, 310, 518
3835, 831, 978
3836, 99, 285
3837, 172, 759
3838, 498, 964
3839, 631, 866
3840, 89, 982
3841, 80, 794
3842, 756, 849
3843, 442, 851
3844, 188, 673
3845, 155, 421
3846, 69, 154
3847, 581, 636
3848, 301, 401
3849, 167, 981
3850, 681, 883
3851, 105, 818
3852, 27, 904
3853, 200, 705
3854, 119, 255
3855, 337, 647
3856, 877, 974
3857, 274, 740
3858, 418, 655
3859, 290, 351
3860, 817, 886
3861, 396, 545
3862, 827, 860
3863, 43, 454
3864, 224, 470
3865, 168, 732
3866, 430, 797
3867, 60, 573
3868, 270, 434
3869, 555, 700
3870, 163, 448
3871, 212, 511
3872, 480, 809
3873, 520, 878
3874, 472, 989
3875, 210, 779
3876, 534, 887
3877, 307, 311
3878, 33, 398
3879, 219, 721
3880, 108, 122
3881, 261, 487
3882, 72, 822
3883, 287, 739
3884, 335, 567
3885, 1, 196
3886, 125, 435
3887, 558, 873
3888, 540, 812
3889, 185, 582
3890, 98, 341
3891, 543, 896
3892, 427, 691
3893, 907, 993
3894, 413, 492
3895, 97, 408
3896, 16, 694
3897, 218, 669
3898, 386, 968
3899, 110, 954
3900, 315, 632
3901, 174, 239
3902, 76, 79
3903, 279, 637
3904, 169, 891
3905, 52, 209
3906, 393, 852
3907, 205, 482
3908, 42, 140
3909, 314, 432
3910, 699, 945
3911, 826, 952
3912, 131, 244
3913, 297, 942
3914, 570, 908
3915, 190, 630
3916, 317, 845
3917, 847, 958
3918, 742, 946
3919, 563, 625
3920, 798, 1000
3921, 390, 457
3922, 450, 577
3923, 754, 787
3924, 383, 941
3925, 468, 829
3926, 331, 361
3927, 359, 803
3928, 453, 502
3929, 286, 572
3930, 121, 542
3931, 727, 821
3932, 147, 452
3933, 74, 77
3934, 353, 943
3935, 82, 128
3936, 462, 513
3937, 339, 980
3938, 392, 753
3939, 179, 881
3940, 347, 657
3941, 474, 836
3942, 617, 634
3943, 22, 720
3944, 373, 892
3945, 57, 356
3946, 217, 920
3947, 500, 509
3948, 93, 323
3949, 247, 576
3950, 304, 698
3951, 328, 496
3952, 447, 949
3953, 9, 11
3954, 613, 875
3955, 333, 406
3956, 47, 780
3957, 253, 654
3958, 145, 329
3959, 489, 763
3960, 594, 653
3961, 784, 971
3962, 273, 923
3963, 225, 966
3964, 104, 389
3965, 127, 133
3966, 220, 816
3967, 619, 884
3968, 309, 342
3969, 488, 695
3970, 355, 403
3971, 230, 990
3972, 231, 471
3973, 87, 685
3974, 684, 785
3975, 429, 950
3976, 419, 915
3977, 437, 559
3978, 364, 656
3979, 306, 850
3980, 158, 801
3981, 348, 984
3982, 833, 933
3983, 354, 678
3984, 222, 745
3985, 177, 929
3986, 207, 336
3987, 325, 476
3988, 251, 641
3989, 445, 561
3990, 725, 914
3991, 40, 806
3992, 67, 979
3993, 178, 638
3994, 20, 944
3995, 424, 937
3996, 590, 621
3997, 349, 722
3998, 560, 938
3999, 19, 815
4000, 497, 999
