id, img1, img2
1, 80, 773
2, 376, 602
3, 333, 628
4, 359, 893
5, 325, 527
6, 92, 493
7, 794, 857
8, 100, 329
9, 131, 885
10, 308, 595
11, 714, 864
12, 290, 879
13, 111, 754
14, 545, 694
15, 232, 598
16, 215, 884
17, 113, 808
18, 316, 609
19, 565, 771
20, 158, 653
21, 368, 638
22, 639, 723
23, 392, 866
24, 369, 665
25, 755, 1000
26, 450, 487
27, 403, 908
28, 174, 618
29, 144, 563
30, 420, 708
31, 269, 781
32, 225, 972
33, 449, 509
34, 106, 604
35, 800, 963
36, 615, 982
37, 358, 445
38, 26, 680
39, 475, 923
40, 291, 297
41, 477, 840
42, 152, 547
43, 77, 180
44, 242, 584
45, 344, 544
46, 253, 485
47, 130, 500
48, 619, 822
49, 257, 844
50, 265, 671
51, 217, 603
52, 135, 429
53, 181, 191
54, 361, 496
55, 216, 307
56, 507, 869
57, 5, 585
58, 324, 666
59, 351, 998
60, 385, 511
61, 339, 949
62, 24, 218
63, 29, 592
64, 259, 508
65, 674, 988
66, 331, 407
67, 766, 814
68, 288, 815
69, 98, 882
70, 71, 523
71, 381, 578
72, 149, 689
73, 622, 764
74, 625, 748
75, 220, 258
76, 127, 183
77, 172, 761
78, 266, 683
79, 435, 553
80, 164, 953
81, 271, 543
82, 349, 767
83, 684, 778
84, 74, 132
85, 200, 536
86, 2, 161
87, 119, 733
88, 575, 969
89, 150, 338
90, 140, 541
91, 471, 521
92, 73, 780
93, 641, 799
94, 155, 336
95, 461, 870
96, 428, 992
97, 14, 441
98, 907, 942
99, 44, 363
100, 614, 964
101, 23, 373
102, 22, 809
103, 391, 623
104, 626, 854
105, 203, 489
106, 270, 862
107, 540, 818
108, 9, 434
109, 6, 643
110, 874, 899
111, 284, 734
112, 229, 990
113, 769, 775
114, 772, 823
115, 19, 746
116, 516, 955
117, 367, 977
118, 194, 556
119, 31, 252
120, 279, 417
121, 223, 637
122, 141, 703
123, 249, 957
124, 230, 256
125, 50, 90
126, 442, 690
127, 669, 985
128, 176, 529
129, 49, 298
130, 627, 688
131, 687, 945
132, 490, 786
133, 295, 524
134, 436, 856
135, 691, 700
136, 711, 878
137, 32, 681
138, 124, 763
139, 25, 362
140, 101, 102
141, 342, 466
142, 859, 881
143, 831, 975
144, 247, 983
145, 384, 954
146, 186, 651
147, 465, 873
148, 404, 624
149, 86, 650
150, 112, 984
151, 231, 825
152, 69, 617
153, 522, 588
154, 484, 937
155, 64, 802
156, 568, 704
157, 76, 129
158, 91, 322
159, 187, 979
160, 551, 658
161, 273, 383
162, 234, 768
163, 136, 564
164, 168, 958
165, 42, 731
166, 107, 255
167, 431, 961
168, 718, 928
169, 646, 901
170, 63, 587
171, 199, 272
172, 826, 941
173, 236, 813
174, 494, 739
175, 227, 635
176, 52, 860
177, 46, 167
178, 649, 851
179, 157, 274
180, 327, 480
181, 105, 108
182, 648, 791
183, 345, 742
184, 698, 737
185, 275, 965
186, 636, 759
187, 179, 562
188, 347, 656
189, 389, 895
190, 330, 933
191, 281, 657
192, 537, 713
193, 89, 970
194, 678, 787
195, 17, 981
196, 611, 779
197, 134, 679
198, 486, 620
199, 248, 987
200, 566, 834
201, 558, 572
202, 67, 447
203, 197, 765
204, 70, 198
205, 238, 343
206, 364, 911
207, 87, 478
208, 395, 608
209, 117, 283
210, 251, 798
211, 397, 801
212, 880, 912
213, 184, 644
214, 40, 930
215, 110, 402
216, 60, 905
217, 72, 201
218, 421, 526
219, 239, 898
220, 88, 145
221, 170, 838
222, 243, 287
223, 845, 890
224, 514, 753
225, 233, 867
226, 18, 697
227, 221, 710
228, 356, 520
229, 4, 237
230, 211, 672
231, 246, 535
232, 337, 900
233, 162, 182
234, 372, 835
235, 54, 974
236, 118, 422
237, 85, 760
238, 267, 467
239, 94, 282
240, 567, 570
241, 432, 727
242, 36, 555
243, 352, 457
244, 210, 610
245, 370, 559
246, 138, 920
247, 843, 914
248, 606, 789
249, 3, 492
250, 424, 696
251, 151, 659
252, 528, 744
253, 518, 897
254, 783, 903
255, 752, 810
256, 13, 491
257, 219, 837
258, 513, 922
259, 950, 973
260, 148, 569
261, 35, 61
262, 433, 741
263, 47, 892
264, 354, 557
265, 153, 724
266, 143, 212
267, 8, 377
268, 686, 902
269, 16, 177
270, 326, 946
271, 412, 819
272, 280, 538
273, 206, 254
274, 410, 463
275, 133, 371
276, 488, 597
277, 355, 546
278, 301, 745
279, 476, 792
280, 525, 530
281, 633, 909
282, 652, 660
283, 458, 913
284, 728, 934
285, 95, 498
286, 380, 709
287, 836, 967
288, 156, 386
289, 43, 682
290, 505, 921
291, 437, 640
292, 96, 868
293, 226, 804
294, 600, 948
295, 188, 803
296, 79, 574
297, 190, 612
298, 517, 664
299, 171, 621
300, 250, 770
301, 139, 735
302, 317, 852
303, 12, 294
304, 62, 607
305, 590, 926
306, 393, 839
307, 114, 782
308, 209, 497
309, 28, 34
310, 456, 749
311, 154, 654
312, 446, 944
313, 75, 841
314, 318, 828
315, 560, 777
316, 240, 887
317, 699, 910
318, 37, 894
319, 278, 996
320, 332, 858
321, 299, 425
322, 277, 341
323, 178, 460
324, 695, 938
325, 82, 707
326, 309, 593
327, 296, 580
328, 213, 293
329, 599, 817
330, 512, 785
331, 335, 561
332, 629, 721
333, 685, 720
334, 320, 506
335, 473, 502
336, 146, 193
337, 304, 576
338, 340, 966
339, 314, 504
340, 662, 722
341, 235, 399
342, 97, 855
343, 268, 663
344, 534, 661
345, 468, 784
346, 33, 405
347, 400, 962
348, 7, 738
349, 21, 849
350, 1, 924
351, 45, 577
352, 365, 501
353, 762, 848
354, 583, 816
355, 306, 353
356, 120, 438
357, 427, 630
358, 357, 655
359, 715, 732
360, 263, 863
361, 440, 701
362, 175, 631
363, 166, 549
364, 128, 968
365, 27, 350
366, 406, 939
367, 472, 931
368, 115, 195
369, 125, 315
370, 53, 439
371, 276, 382
372, 65, 712
373, 261, 956
374, 805, 827
375, 30, 891
376, 305, 915
377, 262, 481
378, 123, 999
379, 390, 452
380, 224, 548
381, 613, 677
382, 348, 418
383, 396, 971
384, 542, 929
385, 419, 876
386, 647, 980
387, 379, 917
388, 918, 935
389, 78, 416
390, 207, 936
391, 820, 865
392, 196, 632
393, 51, 122
394, 137, 932
395, 346, 676
396, 103, 670
397, 806, 989
398, 539, 692
399, 321, 807
400, 285, 702
401, 470, 586
402, 41, 952
403, 99, 726
404, 289, 847
405, 81, 160
406, 260, 581
407, 311, 951
408, 38, 821
409, 729, 927
410, 312, 960
411, 292, 408
412, 39, 925
413, 830, 877
414, 426, 532
415, 126, 455
416, 11, 319
417, 244, 394
418, 66, 750
419, 104, 959
420, 757, 833
421, 459, 747
422, 59, 725
423, 310, 997
424, 531, 582
425, 302, 850
426, 705, 788
427, 173, 241
428, 409, 875
429, 554, 886
430, 83, 889
431, 313, 995
432, 68, 374
433, 56, 797
434, 415, 503
435, 20, 811
436, 853, 940
437, 208, 947
438, 533, 943
439, 84, 573
440, 48, 58
441, 328, 601
442, 423, 824
443, 510, 605
444, 303, 861
445, 334, 519
446, 550, 616
447, 579, 904
448, 401, 645
449, 147, 872
450, 57, 245
451, 594, 829
452, 495, 994
453, 222, 796
454, 192, 413
455, 366, 387
456, 93, 189
457, 756, 774
458, 15, 474
459, 159, 464
460, 693, 906
461, 202, 515
462, 388, 591
463, 398, 642
464, 214, 469
465, 205, 378
466, 743, 888
467, 360, 482
468, 462, 736
469, 375, 978
470, 109, 448
471, 142, 411
472, 323, 793
473, 121, 706
474, 286, 451
475, 667, 730
476, 871, 883
477, 675, 719
478, 185, 991
479, 758, 896
480, 55, 716
481, 300, 717
482, 165, 169
483, 444, 499
484, 264, 812
485, 552, 776
486, 228, 976
487, 740, 842
488, 668, 790
489, 204, 993
490, 479, 571
491, 430, 589
492, 596, 634
493, 846, 919
494, 443, 673
495, 10, 986
496, 116, 163
497, 453, 454
498, 414, 795
499, 483, 832
500, 751, 916
501, 221, 489
502, 41, 822
503, 353, 478
504, 712, 855
505, 513, 955
506, 342, 852
507, 18, 680
508, 5, 622
509, 151, 773
510, 23, 782
511, 228, 758
512, 34, 421
513, 377, 595
514, 98, 828
515, 15, 869
516, 181, 939
517, 175, 808
518, 798, 842
519, 145, 994
520, 217, 795
521, 204, 873
522, 332, 554
523, 189, 402
524, 692, 706
525, 257, 944
526, 232, 451
527, 310, 930
528, 925, 965
529, 278, 809
530, 184, 375
531, 383, 428
532, 356, 533
533, 72, 208
534, 573, 967
535, 549, 905
536, 502, 581
537, 271, 575
538, 103, 456
539, 116, 469
540, 357, 523
541, 123, 160
542, 409, 599
543, 56, 844
544, 93, 596
545, 458, 657
546, 497, 978
547, 17, 75
548, 179, 720
549, 355, 829
550, 442, 608
551, 420, 881
552, 39, 448
553, 427, 486
554, 251, 977
555, 910, 960
556, 142, 506
557, 432, 701
558, 678, 847
559, 7, 203
560, 444, 918
561, 107, 472
562, 195, 729
563, 289, 416
564, 240, 769
565, 603, 907
566, 236, 688
567, 760, 820
568, 326, 964
569, 8, 126
570, 65, 401
571, 750, 885
572, 304, 990
573, 173, 850
574, 120, 673
575, 841, 936
576, 43, 868
577, 314, 508
578, 555, 716
579, 637, 865
580, 388, 874
581, 467, 548
582, 534, 541
583, 739, 826
584, 37, 439
585, 105, 206
586, 33, 437
587, 295, 748
588, 2, 664
589, 106, 155
590, 794, 872
591, 600, 880
592, 708, 722
593, 346, 774
594, 313, 543
595, 108, 612
596, 67, 593
597, 196, 527
598, 684, 811
599, 751, 897
600, 379, 887
601, 62, 845
602, 832, 973
603, 408, 597
604, 452, 877
605, 276, 354
606, 672, 867
607, 86, 477
608, 494, 923
609, 571, 993
610, 1, 516
611, 238, 635
612, 464, 890
613, 168, 565
614, 434, 498
615, 283, 524
616, 109, 311
617, 29, 296
618, 252, 783
619, 261, 941
620, 373, 999
621, 144, 915
622, 9, 384
623, 393, 700
624, 250, 816
625, 74, 137
626, 13, 405
627, 389, 445
628, 55, 247
629, 213, 876
630, 162, 703
631, 50, 704
632, 546, 968
633, 254, 851
634, 209, 364
635, 586, 696
636, 331, 929
637, 83, 492
638, 614, 665
639, 268, 625
640, 156, 924
641, 91, 219
642, 459, 480
643, 186, 948
644, 154, 323
645, 713, 932
646, 280, 429
647, 272, 588
648, 233, 256
649, 572, 733
650, 79, 741
651, 121, 947
652, 518, 666
653, 287, 974
654, 691, 849
655, 484, 837
656, 619, 740
657, 89, 222
658, 84, 866
659, 192, 784
660, 277, 772
661, 128, 227
662, 483, 906
663, 59, 265
664, 90, 197
665, 626, 952
666, 471, 761
667, 813, 912
668, 262, 367
669, 337, 378
670, 294, 928
671, 646, 848
672, 260, 776
673, 118, 274
674, 327, 440
675, 14, 68
676, 329, 921
677, 199, 767
678, 460, 856
679, 88, 245
680, 95, 698
681, 621, 662
682, 365, 419
683, 111, 125
684, 298, 651
685, 188, 762
686, 404, 989
687, 321, 860
688, 198, 756
689, 647, 658
690, 267, 349
691, 255, 862
692, 620, 878
693, 263, 345
694, 315, 482
695, 563, 895
696, 99, 922
697, 264, 902
698, 710, 790
699, 102, 340
700, 496, 940
701, 243, 562
702, 931, 950
703, 139, 914
704, 598, 896
705, 770, 884
706, 61, 526
707, 44, 462
708, 302, 870
709, 359, 411
710, 308, 857
711, 10, 853
712, 63, 582
713, 413, 517
714, 545, 574
715, 623, 638
716, 628, 671
717, 695, 699
718, 24, 577
719, 491, 889
720, 610, 780
721, 163, 547
722, 69, 71
723, 212, 305
724, 146, 668
725, 425, 682
726, 551, 627
727, 159, 670
728, 693, 753
729, 73, 455
730, 474, 520
731, 641, 812
732, 675, 834
733, 583, 988
734, 537, 653
735, 42, 985
736, 215, 609
737, 165, 335
738, 511, 969
739, 553, 997
740, 194, 966
741, 210, 374
742, 400, 933
743, 297, 747
744, 659, 927
745, 288, 578
746, 736, 805
747, 466, 815
748, 191, 450
749, 564, 616
750, 25, 130
751, 531, 617
752, 649, 917
753, 157, 793
754, 47, 53
755, 361, 500
756, 505, 585
757, 632, 721
758, 187, 269
759, 161, 903
760, 135, 900
761, 85, 285
762, 282, 892
763, 406, 544
764, 350, 975
765, 242, 631
766, 279, 503
767, 737, 898
768, 594, 679
769, 560, 919
770, 301, 426
771, 312, 786
772, 253, 661
773, 246, 777
774, 559, 742
775, 299, 715
776, 133, 362
777, 352, 602
778, 138, 344
779, 185, 954
780, 387, 557
781, 21, 953
782, 370, 542
783, 164, 824
784, 293, 446
785, 341, 399
786, 424, 436
787, 292, 836
788, 787, 991
789, 110, 971
790, 237, 470
791, 422, 763
792, 32, 864
793, 410, 937
794, 153, 702
795, 376, 951
796, 281, 920
797, 80, 1000
798, 347, 615
799, 479, 607
800, 266, 735
801, 590, 636
802, 395, 397
803, 170, 711
804, 141, 942
805, 300, 566
806, 92, 325
807, 115, 230
808, 888, 943
809, 152, 303
810, 131, 454
811, 358, 521
812, 122, 514
813, 231, 398
814, 522, 831
815, 418, 529
816, 244, 412
817, 449, 558
818, 30, 677
819, 46, 205
820, 667, 792
821, 286, 307
822, 463, 883
823, 6, 629
824, 407, 495
825, 433, 453
826, 488, 791
827, 112, 176
828, 166, 613
829, 904, 909
830, 381, 611
831, 290, 319
832, 12, 669
833, 540, 980
834, 510, 630
835, 334, 987
836, 259, 788
837, 738, 810
838, 178, 224
839, 536, 584
840, 642, 959
841, 333, 875
842, 148, 648
843, 746, 799
844, 539, 650
845, 201, 972
846, 235, 705
847, 468, 901
848, 309, 423
849, 324, 487
850, 779, 882
851, 35, 465
852, 961, 996
853, 49, 200
854, 519, 894
855, 676, 694
856, 249, 806
857, 147, 430
858, 19, 36
859, 348, 655
860, 391, 509
861, 226, 752
862, 570, 759
863, 732, 734
864, 530, 833
865, 54, 369
866, 754, 861
867, 94, 202
868, 605, 957
869, 336, 414
870, 394, 827
871, 351, 839
872, 490, 764
873, 800, 804
874, 70, 403
875, 113, 390
876, 57, 183
877, 40, 64
878, 82, 360
879, 338, 899
880, 291, 879
881, 16, 78
882, 169, 781
883, 52, 592
884, 604, 727
885, 239, 476
886, 396, 643
887, 785, 963
888, 316, 724
889, 190, 908
890, 174, 382
891, 58, 945
892, 802, 871
893, 81, 306
894, 132, 339
895, 515, 687
896, 644, 911
897, 114, 601
898, 363, 835
899, 11, 624
900, 220, 913
901, 76, 101
902, 504, 568
903, 438, 843
904, 493, 561
905, 485, 830
906, 100, 229
907, 117, 330
908, 171, 525
909, 796, 938
910, 129, 859
911, 686, 821
912, 681, 983
913, 556, 580
914, 320, 838
915, 167, 775
916, 193, 685
917, 218, 718
918, 119, 149
919, 223, 481
920, 958, 995
921, 743, 823
922, 60, 656
923, 258, 457
924, 248, 368
925, 214, 343
926, 801, 934
927, 618, 660
928, 380, 385
929, 499, 962
930, 473, 674
931, 392, 461
932, 749, 819
933, 225, 858
934, 4, 886
935, 216, 814
936, 689, 726
937, 127, 415
938, 172, 803
939, 372, 435
940, 275, 717
941, 124, 652
942, 645, 725
943, 591, 863
944, 371, 789
945, 273, 707
946, 552, 634
947, 532, 854
948, 31, 441
949, 3, 640
950, 690, 765
951, 386, 730
952, 136, 728
953, 366, 550
954, 744, 768
955, 778, 949
956, 317, 322
957, 318, 528
958, 182, 956
959, 538, 976
960, 284, 970
961, 77, 846
962, 840, 946
963, 512, 982
964, 66, 140
965, 447, 817
966, 431, 797
967, 475, 709
968, 417, 825
969, 45, 134
970, 22, 926
971, 104, 576
972, 270, 818
973, 507, 587
974, 916, 981
975, 87, 96
976, 979, 992
977, 143, 158
978, 234, 714
979, 893, 998
980, 207, 654
981, 150, 328
982, 180, 639
983, 38, 697
984, 755, 986
985, 443, 569
986, 683, 723
987, 579, 719
988, 27, 807
989, 633, 745
990, 177, 984
991, 535, 589
992, 26, 211
993, 731, 766
994, 51, 935
995, 48, 501
996, 567, 757
997, 20, 241
998, 771, 891
999, 606, 663
1000, 28, 97
1001, 233, 759
1002, 315, 896
1003, 663, 869
1004, 17, 940
1005, 633, 845
1006, 161, 495
1007, 387, 399
1008, 321, 659
1009, 212, 788
1010, 785, 844
1011, 249, 265
1012, 311, 583
1013, 157, 629
1014, 182, 565
1015, 102, 938
1016, 548, 832
1017, 347, 687
1018, 550, 920
1019, 285, 344
1020, 817, 857
1021, 450, 780
1022, 520, 742
1023, 538, 929
1024, 173, 532
1025, 409, 561
1026, 295, 847
1027, 891, 958
1028, 437, 909
1029, 138, 773
1030, 666, 701
1031, 278, 589
1032, 501, 696
1033, 58, 296
1034, 41, 474
1035, 459, 580
1036, 354, 794
1037, 69, 723
1038, 394, 505
1039, 373, 393
1040, 271, 741
1041, 211, 953
1042, 129, 798
1043, 734, 800
1044, 274, 566
1045, 124, 141
1046, 497, 979
1047, 257, 606
1048, 516, 738
1049, 325, 793
1050, 376, 829
1051, 259, 592
1052, 149, 543
1053, 454, 840
1054, 710, 713
1055, 537, 849
1056, 653, 976
1057, 254, 769
1058, 100, 518
1059, 322, 628
1060, 625, 906
1061, 83, 277
1062, 68, 901
1063, 55, 842
1064, 34, 123
1065, 483, 692
1066, 733, 991
1067, 19, 43
1068, 383, 697
1069, 241, 678
1070, 424, 836
1071, 404, 679
1072, 92, 650
1073, 153, 318
1074, 29, 403
1075, 61, 280
1076, 216, 826
1077, 264, 470
1078, 444, 614
1079, 76, 339
1080, 172, 401
1081, 122, 154
1082, 27, 996
1083, 637, 850
1084, 21, 905
1085, 434, 693
1086, 586, 649
1087, 187, 956
1088, 167, 294
1089, 165, 867
1090, 6, 218
1091, 486, 677
1092, 36, 188
1093, 15, 883
1094, 350, 960
1095, 106, 943
1096, 93, 320
1097, 105, 135
1098, 529, 611
1099, 384, 551
1100, 363, 748
1101, 338, 893
1102, 305, 640
1103, 168, 479
1104, 288, 936
1105, 639, 835
1106, 47, 104
1107, 562, 807
1108, 453, 910
1109, 448, 816
1110, 763, 771
1111, 96, 574
1112, 508, 730
1113, 134, 655
1114, 496, 557
1115, 8, 364
1116, 131, 965
1117, 126, 480
1118, 310, 750
1119, 80, 934
1120, 743, 755
1121, 319, 374
1122, 220, 324
1123, 184, 499
1124, 128, 886
1125, 569, 593
1126, 664, 805
1127, 160, 632
1128, 428, 623
1129, 222, 397
1130, 298, 435
1131, 77, 116
1132, 81, 481
1133, 442, 447
1134, 111, 737
1135, 603, 720
1136, 439, 526
1137, 865, 904
1138, 330, 875
1139, 53, 121
1140, 151, 855
1141, 1, 209
1142, 245, 512
1143, 284, 907
1144, 13, 993
1145, 689, 736
1146, 837, 843
1147, 253, 756
1148, 62, 871
1149, 164, 581
1150, 568, 951
1151, 90, 927
1152, 28, 443
1153, 85, 356
1154, 353, 970
1155, 236, 670
1156, 578, 814
1157, 108, 851
1158, 648, 660
1159, 286, 316
1160, 902, 915
1161, 110, 250
1162, 555, 803
1163, 944, 987
1164, 201, 957
1165, 186, 667
1166, 59, 312
1167, 177, 513
1168, 389, 494
1169, 283, 967
1170, 484, 694
1171, 515, 984
1172, 718, 732
1173, 440, 531
1174, 291, 839
1175, 414, 877
1176, 314, 605
1177, 48, 654
1178, 213, 415
1179, 267, 751
1180, 360, 828
1181, 194, 604
1182, 255, 465
1183, 436, 937
1184, 379, 968
1185, 642, 747
1186, 302, 438
1187, 416, 612
1188, 602, 652
1189, 717, 952
1190, 231, 368
1191, 549, 571
1192, 622, 799
1193, 576, 690
1194, 668, 686
1195, 144, 412
1196, 897, 989
1197, 145, 876
1198, 230, 930
1199, 410, 641
1200, 567, 719
1201, 563, 853
1202, 385, 752
1203, 323, 662
1204, 724, 942
1205, 12, 94
1206, 2, 391
1207, 60, 801
1208, 433, 753
1209, 252, 343
1210, 636, 721
1211, 634, 854
1212, 205, 527
1213, 202, 408
1214, 18, 335
1215, 684, 731
1216, 313, 766
1217, 269, 487
1218, 371, 601
1219, 688, 820
1220, 421, 983
1221, 117, 388
1222, 894, 945
1223, 334, 772
1224, 367, 709
1225, 381, 390
1226, 492, 834
1227, 200, 309
1228, 237, 669
1229, 227, 477
1230, 735, 899
1231, 757, 815
1232, 599, 939
1233, 107, 528
1234, 229, 349
1235, 51, 739
1236, 333, 926
1237, 221, 493
1238, 468, 933
1239, 691, 781
1240, 120, 714
1241, 99, 768
1242, 297, 564
1243, 115, 585
1244, 417, 792
1245, 382, 456
1246, 624, 981
1247, 170, 234
1248, 147, 754
1249, 419, 698
1250, 299, 304
1251, 392, 770
1252, 595, 728
1253, 11, 711
1254, 268, 281
1255, 192, 195
1256, 155, 830
1257, 726, 846
1258, 366, 651
1259, 547, 715
1260, 166, 672
1261, 810, 923
1262, 40, 336
1263, 303, 866
1264, 219, 685
1265, 23, 809
1266, 307, 591
1267, 49, 279
1268, 306, 441
1269, 422, 988
1270, 169, 598
1271, 402, 544
1272, 680, 838
1273, 262, 789
1274, 25, 618
1275, 365, 881
1276, 573, 729
1277, 413, 488
1278, 159, 615
1279, 14, 821
1280, 536, 609
1281, 287, 995
1282, 326, 352
1283, 243, 683
1284, 345, 964
1285, 7, 275
1286, 542, 676
1287, 206, 727
1288, 136, 203
1289, 889, 948
1290, 476, 760
1291, 38, 228
1292, 148, 204
1293, 463, 682
1294, 37, 644
1295, 340, 758
1296, 98, 858
1297, 348, 961
1298, 783, 954
1299, 656, 657
1300, 176, 198
1301, 199, 541
1302, 301, 947
1303, 782, 914
1304, 190, 491
1305, 150, 764
1306, 449, 848
1307, 189, 554
1308, 185, 885
1309, 20, 113
1310, 665, 744
1311, 643, 818
1312, 469, 806
1313, 504, 819
1314, 430, 460
1315, 445, 708
1316, 822, 860
1317, 224, 852
1318, 89, 582
1319, 88, 290
1320, 472, 559
1321, 44, 522
1322, 327, 859
1323, 466, 917
1324, 292, 570
1325, 878, 971
1326, 475, 791
1327, 101, 342
1328, 482, 695
1329, 72, 125
1330, 258, 700
1331, 112, 631
1332, 645, 900
1333, 485, 572
1334, 746, 999
1335, 4, 9
1336, 263, 627
1337, 400, 558
1338, 171, 776
1339, 674, 887
1340, 705, 985
1341, 276, 395
1342, 432, 918
1343, 119, 502
1344, 514, 824
1345, 143, 260
1346, 242, 369
1347, 282, 888
1348, 337, 613
1349, 370, 372
1350, 478, 556
1351, 962, 974
1352, 425, 524
1353, 103, 588
1354, 79, 511
1355, 407, 506
1356, 375, 774
1357, 266, 377
1358, 73, 941
1359, 546, 966
1360, 455, 658
1361, 699, 777
1362, 398, 467
1363, 140, 462
1364, 97, 959
1365, 539, 597
1366, 525, 808
1367, 84, 992
1368, 31, 533
1369, 362, 429
1370, 928, 932
1371, 215, 882
1372, 509, 908
1373, 118, 784
1374, 471, 523
1375, 879, 912
1376, 740, 825
1377, 590, 706
1378, 191, 458
1379, 178, 621
1380, 16, 39
1381, 175, 210
1382, 95, 560
1383, 716, 873
1384, 132, 500
1385, 355, 795
1386, 519, 913
1387, 396, 997
1388, 317, 620
1389, 3, 922
1390, 647, 919
1391, 137, 358
1392, 66, 925
1393, 464, 671
1394, 130, 587
1395, 594, 856
1396, 328, 955
1397, 174, 179
1398, 921, 946
1399, 33, 884
1400, 600, 797
1401, 235, 870
1402, 617, 982
1403, 868, 973
1404, 57, 226
1405, 142, 765
1406, 223, 521
1407, 197, 244
1408, 289, 863
1409, 553, 812
1410, 431, 949
1411, 238, 248
1412, 308, 703
1413, 411, 931
1414, 163, 530
1415, 256, 861
1416, 158, 986
1417, 42, 575
1418, 193, 813
1419, 577, 833
1420, 214, 510
1421, 162, 673
1422, 359, 540
1423, 35, 507
1424, 232, 990
1425, 78, 635
1426, 45, 357
1427, 32, 251
1428, 630, 911
1429, 46, 978
1430, 22, 64
1431, 427, 616
1432, 552, 980
1433, 70, 82
1434, 114, 767
1435, 607, 626
1436, 405, 579
1437, 71, 87
1438, 30, 225
1439, 65, 950
1440, 331, 892
1441, 63, 704
1442, 183, 361
1443, 675, 1000
1444, 610, 895
1445, 10, 490
1446, 498, 775
1447, 386, 916
1448, 74, 796
1449, 272, 661
1450, 56, 872
1451, 50, 963
1452, 208, 890
1453, 261, 351
1454, 86, 707
1455, 67, 240
1456, 378, 994
1457, 75, 473
1458, 217, 646
1459, 346, 804
1460, 503, 762
1461, 329, 418
1462, 457, 596
1463, 273, 681
1464, 26, 725
1465, 109, 133
1466, 452, 998
1467, 446, 761
1468, 638, 787
1469, 423, 786
1470, 745, 779
1471, 239, 246
1472, 180, 293
1473, 420, 864
1474, 54, 300
1475, 156, 880
1476, 196, 332
1477, 406, 489
1478, 874, 924
1479, 584, 903
1480, 461, 972
1481, 139, 831
1482, 24, 341
1483, 535, 702
1484, 91, 802
1485, 146, 207
1486, 712, 827
1487, 811, 823
1488, 380, 722
1489, 426, 534
1490, 152, 935
1491, 619, 778
1492, 247, 545
1493, 127, 862
1494, 841, 977
1495, 270, 790
1496, 517, 608
1497, 52, 969
1498, 5, 749
1499, 451, 975
1500, 181, 898
1501, 268, 794
1502, 714, 760
1503, 69, 387
1504, 707, 717
1505, 198, 876
1506, 141, 988
1507, 272, 561
1508, 105, 979
1509, 451, 960
1510, 109, 674
1511, 541, 604
1512, 249, 552
1513, 43, 786
1514, 289, 301
1515, 402, 573
1516, 823, 885
1517, 183, 575
1518, 293, 400
1519, 676, 987
1520, 199, 996
1521, 403, 554
1522, 462, 984
1523, 205, 954
1524, 287, 584
1525, 518, 932
1526, 59, 151
1527, 668, 839
1528, 359, 415
1529, 790, 935
1530, 385, 492
1531, 213, 834
1532, 24, 635
1533, 826, 867
1534, 862, 871
1535, 374, 781
1536, 220, 985
1537, 330, 419
1538, 215, 631
1539, 704, 983
1540, 95, 270
1541, 181, 989
1542, 556, 658
1543, 524, 836
1544, 870, 903
1545, 310, 594
1546, 42, 788
1547, 671, 844
1548, 429, 921
1549, 370, 918
1550, 555, 930
1551, 392, 441
1552, 106, 703
1553, 232, 409
1554, 388, 896
1555, 625, 961
1556, 394, 787
1557, 100, 246
1558, 107, 772
1559, 116, 377
1560, 274, 973
1561, 126, 866
1562, 452, 506
1563, 525, 820
1564, 214, 869
1565, 40, 519
1566, 832, 904
1567, 204, 418
1568, 41, 593
1569, 491, 899
1570, 83, 238
1571, 37, 821
1572, 308, 702
1573, 777, 976
1574, 223, 609
1575, 628, 879
1576, 323, 835
1577, 566, 586
1578, 129, 693
1579, 104, 880
1580, 221, 483
1581, 582, 868
1582, 605, 873
1583, 1, 606
1584, 30, 757
1585, 49, 683
1586, 51, 677
1587, 410, 955
1588, 67, 618
1589, 648, 841
1590, 60, 459
1591, 72, 77
1592, 35, 758
1593, 21, 682
1594, 297, 697
1595, 128, 239
1596, 742, 920
1597, 645, 913
1598, 61, 527
1599, 520, 564
1600, 393, 892
1601, 528, 614
1602, 399, 649
1603, 123, 354
1604, 640, 657
1605, 22, 368
1606, 187, 306
1607, 166, 169
1608, 154, 191
1609, 390, 545
1610, 13, 324
1611, 193, 889
1612, 39, 70
1613, 705, 809
1614, 317, 850
1615, 111, 726
1616, 182, 513
1617, 63, 498
1618, 34, 818
1619, 335, 735
1620, 819, 894
1621, 379, 425
1622, 27, 854
1623, 773, 911
1624, 278, 833
1625, 578, 643
1626, 652, 909
1627, 168, 258
1628, 364, 543
1629, 33, 295
1630, 627, 845
1631, 557, 948
1632, 226, 263
1633, 102, 766
1634, 523, 877
1635, 28, 231
1636, 817, 884
1637, 479, 694
1638, 233, 378
1639, 500, 934
1640, 417, 439
1641, 90, 463
1642, 173, 307
1643, 444, 825
1644, 830, 860
1645, 338, 842
1646, 680, 992
1647, 91, 352
1648, 745, 1000
1649, 792, 912
1650, 345, 406
1651, 75, 474
1652, 6, 163
1653, 585, 600
1654, 10, 539
1655, 318, 743
1656, 7, 849
1657, 762, 796
1658, 146, 244
1659, 678, 802
1660, 660, 831
1661, 92, 968
1662, 86, 319
1663, 784, 993
1664, 97, 534
1665, 351, 924
1666, 822, 925
1667, 617, 946
1668, 679, 696
1669, 436, 611
1670, 9, 225
1671, 812, 813
1672, 186, 906
1673, 571, 771
1674, 152, 240
1675, 804, 995
1676, 276, 915
1677, 195, 250
1678, 511, 811
1679, 827, 978
1680, 347, 547
1681, 327, 427
1682, 719, 901
1683, 224, 650
1684, 44, 544
1685, 531, 863
1686, 465, 940
1687, 423, 732
1688, 881, 964
1689, 134, 549
1690, 5, 172
1691, 326, 536
1692, 98, 970
1693, 227, 361
1694, 684, 718
1695, 190, 616
1696, 52, 148
1697, 408, 945
1698, 346, 475
1699, 382, 829
1700, 94, 303
1701, 504, 666
1702, 185, 337
1703, 316, 509
1704, 389, 756
1705, 273, 449
1706, 82, 160
1707, 722, 764
1708, 497, 572
1709, 19, 634
1710, 530, 559
1711, 31, 601
1712, 659, 779
1713, 127, 638
1714, 23, 887
1715, 328, 966
1716, 229, 655
1717, 856, 878
1718, 254, 290
1719, 661, 900
1720, 133, 933
1721, 342, 739
1722, 46, 490
1723, 581, 636
1724, 624, 699
1725, 428, 607
1726, 752, 801
1727, 252, 750
1728, 108, 765
1729, 488, 953
1730, 774, 917
1731, 426, 577
1732, 847, 919
1733, 472, 895
1734, 25, 371
1735, 322, 695
1736, 333, 512
1737, 737, 962
1738, 201, 805
1739, 358, 908
1740, 339, 838
1741, 597, 963
1742, 654, 914
1743, 485, 864
1744, 783, 959
1745, 574, 793
1746, 85, 398
1747, 71, 951
1748, 372, 922
1749, 432, 646
1750, 706, 990
1751, 150, 218
1752, 288, 487
1753, 93, 769
1754, 553, 938
1755, 57, 798
1756, 165, 972
1757, 180, 209
1758, 68, 355
1759, 124, 558
1760, 344, 508
1761, 18, 639
1762, 202, 277
1763, 234, 957
1764, 53, 155
1765, 144, 952
1766, 608, 931
1767, 457, 560
1768, 503, 861
1769, 486, 505
1770, 222, 734
1771, 329, 669
1772, 721, 746
1773, 38, 807
1774, 291, 507
1775, 103, 365
1776, 118, 592
1777, 369, 407
1778, 670, 969
1779, 454, 711
1780, 138, 977
1781, 401, 929
1782, 66, 872
1783, 135, 562
1784, 125, 161
1785, 489, 942
1786, 17, 916
1787, 12, 898
1788, 208, 782
1789, 132, 517
1790, 156, 242
1791, 587, 986
1792, 716, 730
1793, 58, 445
1794, 296, 458
1795, 708, 926
1796, 591, 814
1797, 175, 484
1798, 440, 687
1799, 78, 466
1800, 248, 356
1801, 815, 882
1802, 259, 846
1803, 279, 776
1804, 532, 656
1805, 723, 997
1806, 217, 411
1807, 299, 748
1808, 50, 256
1809, 421, 496
1810, 48, 602
1811, 212, 647
1812, 194, 715
1813, 81, 620
1814, 54, 456
1815, 200, 275
1816, 710, 741
1817, 336, 362
1818, 353, 927
1819, 74, 603
1820, 325, 692
1821, 469, 546
1822, 331, 874
1823, 210, 471
1824, 302, 738
1825, 461, 588
1826, 341, 495
1827, 464, 883
1828, 315, 712
1829, 859, 982
1830, 391, 875
1831, 598, 672
1832, 312, 893
1833, 89, 803
1834, 713, 865
1835, 522, 751
1836, 158, 724
1837, 413, 443
1838, 435, 949
1839, 157, 257
1840, 473, 780
1841, 349, 515
1842, 332, 540
1843, 162, 433
1844, 282, 725
1845, 514, 998
1846, 320, 499
1847, 2, 300
1848, 197, 767
1849, 701, 828
1850, 589, 632
1851, 271, 619
1852, 264, 269
1853, 119, 686
1854, 446, 857
1855, 689, 840
1856, 262, 375
1857, 101, 740
1858, 685, 905
1859, 112, 999
1860, 189, 196
1861, 3, 420
1862, 526, 698
1863, 450, 529
1864, 567, 747
1865, 395, 855
1866, 153, 179
1867, 422, 691
1868, 261, 481
1869, 122, 843
1870, 851, 907
1871, 563, 615
1872, 799, 937
1873, 117, 853
1874, 380, 576
1875, 551, 570
1876, 629, 975
1877, 170, 579
1878, 494, 720
1879, 681, 902
1880, 20, 45
1881, 280, 630
1882, 376, 662
1883, 8, 434
1884, 184, 944
1885, 130, 928
1886, 467, 755
1887, 367, 651
1888, 665, 923
1889, 26, 178
1890, 260, 516
1891, 131, 381
1892, 795, 806
1893, 15, 76
1894, 612, 797
1895, 16, 236
1896, 283, 357
1897, 298, 642
1898, 29, 470
1899, 4, 947
1900, 350, 453
1901, 438, 824
1902, 80, 313
1903, 292, 476
1904, 621, 637
1905, 149, 468
1906, 241, 886
1907, 460, 596
1908, 243, 502
1909, 164, 763
1910, 731, 991
1911, 140, 761
1912, 235, 623
1913, 493, 626
1914, 633, 667
1915, 285, 404
1916, 228, 321
1917, 136, 936
1918, 343, 775
1919, 64, 785
1920, 115, 304
1921, 47, 177
1922, 206, 673
1923, 595, 965
1924, 237, 416
1925, 384, 622
1926, 11, 501
1927, 442, 858
1928, 397, 569
1929, 383, 533
1930, 943, 971
1931, 96, 542
1932, 110, 340
1933, 121, 447
1934, 768, 950
1935, 114, 211
1936, 137, 568
1937, 360, 808
1938, 62, 65
1939, 55, 599
1940, 334, 967
1941, 120, 174
1942, 32, 414
1943, 188, 810
1944, 171, 309
1945, 437, 590
1946, 255, 729
1947, 167, 430
1948, 770, 890
1949, 480, 709
1950, 79, 688
1951, 412, 431
1952, 203, 396
1953, 159, 753
1954, 305, 980
1955, 482, 897
1956, 653, 939
1957, 550, 733
1958, 88, 754
1959, 14, 610
1960, 363, 700
1961, 113, 736
1962, 87, 791
1963, 448, 789
1964, 99, 348
1965, 147, 837
1966, 294, 749
1967, 281, 548
1968, 583, 744
1969, 405, 816
1970, 267, 366
1971, 284, 891
1972, 663, 759
1973, 56, 852
1974, 139, 664
1975, 145, 910
1976, 207, 535
1977, 373, 478
1978, 265, 537
1979, 424, 778
1980, 251, 477
1981, 84, 981
1982, 247, 266
1983, 565, 956
1984, 230, 641
1985, 690, 728
1986, 143, 613
1987, 727, 994
1988, 142, 386
1989, 73, 311
1990, 192, 455
1991, 314, 510
1992, 176, 941
1993, 286, 521
1994, 800, 958
1995, 538, 675
1996, 216, 974
1997, 36, 888
1998, 219, 245
1999, 253, 644
2000, 580, 848
2001, 273, 767
2002, 882, 931
2003, 197, 948
2004, 694, 839
2005, 312, 623
2006, 50, 780
2007, 347, 484
2008, 286, 786
2009, 528, 896
2010, 675, 741
2011, 575, 800
2012, 22, 303
2013, 214, 722
2014, 12, 945
2015, 282, 868
2016, 145, 916
2017, 568, 772
2018, 47, 556
2019, 6, 272
2020, 577, 700
2021, 230, 805
2022, 509, 583
2023, 636, 889
2024, 70, 876
2025, 58, 574
2026, 459, 991
2027, 379, 933
2028, 687, 749
2029, 157, 740
2030, 455, 912
2031, 182, 958
2032, 363, 760
2033, 746, 861
2034, 104, 705
2035, 573, 626
2036, 74, 220
2037, 117, 878
2038, 564, 942
2039, 394, 898
2040, 392, 782
2041, 130, 658
2042, 16, 323
2043, 600, 837
2044, 164, 643
2045, 113, 149
2046, 223, 691
2047, 110, 975
2048, 461, 753
2049, 421, 946
2050, 122, 191
2051, 531, 875
2052, 206, 867
2053, 551, 696
2054, 434, 584
2055, 419, 464
2056, 242, 929
2057, 112, 477
2058, 285, 641
2059, 759, 873
2060, 639, 757
2061, 232, 731
2062, 105, 252
2063, 155, 259
2064, 181, 284
2065, 445, 828
2066, 512, 708
2067, 520, 596
2068, 657, 693
2069, 382, 838
2070, 38, 695
2071, 229, 239
2072, 44, 617
2073, 49, 987
2074, 201, 333
2075, 359, 386
2076, 18, 297
2077, 318, 727
2078, 128, 136
2079, 711, 737
2080, 97, 587
2081, 30, 904
2082, 724, 754
2083, 410, 940
2084, 126, 826
2085, 159, 491
2086, 473, 515
2087, 180, 409
2088, 260, 913
2089, 225, 756
2090, 399, 527
2091, 397, 960
2092, 332, 974
2093, 446, 681
2094, 648, 831
2095, 801, 892
2096, 413, 479
2097, 845, 851
2098, 374, 537
2099, 257, 884
2100, 176, 525
2101, 646, 655
2102, 524, 645
2103, 664, 743
2104, 276, 503
2105, 250, 863
2106, 154, 411
2107, 292, 610
2108, 219, 984
2109, 309, 702
2110, 179, 518
2111, 119, 453
2112, 553, 721
2113, 818, 943
2114, 222, 936
2115, 143, 572
2116, 53, 99
2117, 454, 530
2118, 858, 985
2119, 194, 684
2120, 812, 833
2121, 29, 400
2122, 555, 994
2123, 305, 677
2124, 319, 870
2125, 466, 637
2126, 46, 773
2127, 216, 511
2128, 474, 825
2129, 405, 856
2130, 624, 667
2131, 188, 840
2132, 733, 925
2133, 822, 956
2134, 33, 132
2135, 13, 403
2136, 790, 924
2137, 836, 890
2138, 60, 307
2139, 98, 100
2140, 91, 620
2141, 32, 39
2142, 376, 726
2143, 85, 638
2144, 95, 428
2145, 173, 547
2146, 166, 566
2147, 343, 996
2148, 522, 947
2149, 158, 850
2150, 205, 266
2151, 221, 877
2152, 540, 755
2153, 422, 952
2154, 630, 888
2155, 321, 541
2156, 56, 979
2157, 436, 739
2158, 287, 443
2159, 344, 519
2160, 296, 489
2161, 369, 602
2162, 378, 699
2163, 370, 834
2164, 328, 438
2165, 340, 776
2166, 571, 806
2167, 196, 255
2168, 141, 824
2169, 294, 970
2170, 313, 944
2171, 538, 932
2172, 361, 881
2173, 94, 301
2174, 165, 471
2175, 483, 852
2176, 712, 843
2177, 402, 539
2178, 69, 187
2179, 601, 854
2180, 418, 815
2181, 310, 373
2182, 320, 814
2183, 779, 871
2184, 40, 817
2185, 314, 585
2186, 631, 886
2187, 728, 797
2188, 54, 883
2189, 586, 926
2190, 1, 613
2191, 300, 487
2192, 429, 554
2193, 387, 713
2194, 715, 841
2195, 802, 921
2196, 135, 144
2197, 34, 907
2198, 748, 771
2199, 880, 885
2200, 234, 796
2201, 64, 304
2202, 609, 736
2203, 224, 612
2204, 62, 616
2205, 701, 821
2206, 481, 895
2207, 111, 765
2208, 283, 903
2209, 71, 598
2210, 308, 560
2211, 549, 879
2212, 116, 704
2213, 160, 377
2214, 24, 649
2215, 279, 716
2216, 72, 269
2217, 192, 353
2218, 396, 605
2219, 543, 783
2220, 398, 558
2221, 25, 289
2222, 45, 271
2223, 198, 325
2224, 274, 901
2225, 52, 603
2226, 235, 954
2227, 147, 647
2228, 134, 804
2229, 678, 937
2230, 228, 291
2231, 495, 1000
2232, 761, 846
2233, 42, 327
2234, 83, 517
2235, 80, 306
2236, 248, 633
2237, 138, 672
2238, 730, 893
2239, 243, 486
2240, 707, 874
2241, 163, 532
2242, 513, 966
2243, 59, 860
2244, 84, 371
2245, 360, 668
2246, 82, 999
2247, 37, 591
2248, 114, 391
2249, 389, 969
2250, 659, 950
2251, 9, 676
2252, 502, 902
2253, 595, 917
2254, 5, 545
2255, 226, 317
2256, 162, 792
2257, 293, 830
2258, 4, 450
2259, 469, 614
2260, 909, 961
2261, 496, 832
2262, 416, 923
2263, 533, 857
2264, 437, 829
2265, 510, 642
2266, 663, 848
2267, 451, 788
2268, 178, 375
2269, 186, 938
2270, 526, 995
2271, 414, 934
2272, 256, 468
2273, 93, 628
2274, 174, 567
2275, 665, 685
2276, 534, 745
2277, 425, 910
2278, 570, 710
2279, 580, 897
2280, 262, 365
2281, 7, 688
2282, 140, 204
2283, 872, 957
2284, 467, 717
2285, 480, 959
2286, 77, 774
2287, 478, 905
2288, 432, 435
2289, 364, 811
2290, 719, 770
2291, 732, 849
2292, 311, 523
2293, 744, 973
2294, 362, 794
2295, 35, 268
2296, 444, 935
2297, 66, 499
2298, 86, 420
2299, 241, 674
2300, 43, 247
2301, 424, 559
2302, 48, 989
2303, 210, 671
2304, 380, 506
2305, 316, 346
2306, 750, 965
2307, 514, 562
2308, 218, 404
2309, 118, 758
2310, 842, 977
2311, 385, 768
2312, 650, 980
2313, 635, 853
2314, 146, 261
2315, 109, 357
2316, 383, 683
2317, 331, 799
2318, 51, 953
2319, 278, 865
2320, 265, 342
2321, 441, 490
2322, 492, 640
2323, 227, 507
2324, 348, 427
2325, 108, 407
2326, 238, 808
2327, 123, 997
2328, 381, 993
2329, 175, 679
2330, 31, 366
2331, 199, 329
2332, 277, 982
2333, 244, 439
2334, 267, 498
2335, 415, 482
2336, 470, 941
2337, 457, 690
2338, 576, 662
2339, 120, 488
2340, 161, 485
2341, 253, 752
2342, 550, 698
2343, 339, 656
2344, 170, 355
2345, 103, 236
2346, 326, 686
2347, 184, 669
2348, 27, 810
2349, 629, 908
2350, 36, 548
2351, 426, 962
2352, 341, 703
2353, 67, 625
2354, 452, 501
2355, 618, 619
2356, 535, 809
2357, 475, 521
2358, 177, 302
2359, 431, 927
2360, 497, 592
2361, 172, 968
2362, 330, 911
2363, 460, 914
2364, 171, 764
2365, 28, 847
2366, 607, 653
2367, 594, 986
2368, 15, 336
2369, 606, 795
2370, 354, 358
2371, 298, 729
2372, 258, 290
2373, 349, 608
2374, 465, 906
2375, 10, 769
2376, 270, 442
2377, 949, 998
2378, 23, 651
2379, 536, 891
2380, 615, 887
2381, 237, 393
2382, 557, 634
2383, 789, 835
2384, 106, 233
2385, 211, 395
2386, 2, 324
2387, 680, 723
2388, 3, 281
2389, 254, 823
2390, 75, 207
2391, 189, 288
2392, 8, 88
2393, 246, 869
2394, 129, 215
2395, 151, 458
2396, 20, 131
2397, 183, 816
2398, 322, 652
2399, 125, 565
2400, 581, 963
2401, 65, 295
2402, 19, 299
2403, 462, 862
2404, 21, 78
2405, 92, 193
2406, 791, 894
2407, 17, 778
2408, 195, 500
2409, 384, 734
2410, 493, 763
2411, 89, 706
2412, 627, 844
2413, 590, 900
2414, 552, 793
2415, 813, 951
2416, 153, 240
2417, 121, 762
2418, 169, 735
2419, 345, 447
2420, 372, 972
2421, 249, 401
2422, 167, 803
2423, 245, 280
2424, 714, 990
2425, 569, 859
2426, 150, 775
2427, 504, 820
2428, 264, 542
2429, 101, 367
2430, 725, 939
2431, 505, 781
2432, 208, 315
2433, 516, 930
2434, 63, 978
2435, 73, 919
2436, 766, 819
2437, 79, 350
2438, 866, 981
2439, 90, 807
2440, 87, 107
2441, 632, 666
2442, 231, 709
2443, 390, 742
2444, 406, 593
2445, 148, 412
2446, 787, 918
2447, 115, 720
2448, 423, 546
2449, 472, 494
2450, 456, 827
2451, 563, 604
2452, 599, 784
2453, 156, 670
2454, 582, 661
2455, 185, 251
2456, 673, 751
2457, 967, 983
2458, 14, 928
2459, 81, 747
2460, 275, 697
2461, 137, 338
2462, 335, 660
2463, 388, 864
2464, 417, 611
2465, 356, 899
2466, 597, 976
2467, 61, 718
2468, 55, 334
2469, 408, 738
2470, 448, 692
2471, 190, 777
2472, 588, 971
2473, 202, 561
2474, 200, 785
2475, 798, 922
2476, 430, 992
2477, 213, 589
2478, 203, 622
2479, 152, 263
2480, 449, 955
2481, 476, 689
2482, 96, 217
2483, 133, 644
2484, 529, 578
2485, 26, 988
2486, 508, 579
2487, 41, 440
2488, 168, 621
2489, 57, 127
2490, 212, 920
2491, 76, 915
2492, 142, 463
2493, 209, 368
2494, 68, 102
2495, 124, 544
2496, 337, 964
2497, 351, 352
2498, 654, 855
2499, 139, 433
2500, 11, 682
2501, 25, 904
2502, 851, 930
2503, 162, 953
2504, 749, 776
2505, 157, 993
2506, 19, 863
2507, 559, 629
2508, 76, 820
2509, 208, 417
2510, 268, 670
2511, 177, 565
2512, 397, 676
2513, 179, 463
2514, 32, 706
2515, 93, 270
2516, 124, 343
2517, 13, 667
2518, 579, 939
2519, 82, 659
2520, 655, 914
2521, 648, 761
2522, 546, 852
2523, 123, 289
2524, 561, 870
2525, 7, 23
2526, 609, 897
2527, 46, 71
2528, 456, 794
2529, 418, 692
2530, 439, 841
2531, 147, 217
2532, 626, 787
2533, 570, 588
2534, 390, 623
2535, 107, 947
2536, 155, 464
2537, 651, 771
2538, 715, 913
2539, 236, 253
2540, 126, 571
2541, 143, 371
2542, 41, 690
2543, 178, 926
2544, 664, 703
2545, 742, 906
2546, 105, 357
2547, 227, 446
2548, 153, 171
2549, 613, 849
2550, 229, 968
2551, 315, 702
2552, 789, 983
2553, 425, 994
2554, 267, 291
2555, 166, 347
2556, 64, 241
2557, 303, 956
2558, 55, 440
2559, 120, 536
2560, 283, 974
2561, 474, 596
2562, 94, 729
2563, 541, 797
2564, 481, 614
2565, 825, 838
2566, 290, 435
2567, 604, 753
2568, 929, 954
2569, 309, 693
2570, 622, 938
2571, 471, 517
2572, 601, 861
2573, 286, 591
2574, 317, 864
2575, 116, 490
2576, 734, 777
2577, 484, 637
2578, 42, 265
2579, 109, 572
2580, 53, 950
2581, 211, 458
2582, 21, 278
2583, 428, 846
2584, 108, 135
2585, 263, 989
2586, 237, 826
2587, 121, 893
2588, 285, 430
2589, 26, 727
2590, 137, 652
2591, 896, 934
2592, 89, 658
2593, 282, 818
2594, 221, 737
2595, 101, 362
2596, 67, 398
2597, 515, 634
2598, 170, 606
2599, 552, 587
2600, 228, 499
2601, 590, 807
2602, 272, 754
2603, 11, 420
2604, 386, 668
2605, 201, 213
2606, 54, 653
2607, 340, 800
2608, 193, 225
2609, 358, 578
2610, 215, 518
2611, 361, 997
2612, 70, 186
2613, 158, 809
2614, 281, 886
2615, 594, 657
2616, 60, 209
2617, 778, 780
2618, 758, 935
2619, 549, 806
2620, 36, 942
2621, 325, 460
2622, 292, 660
2623, 181, 363
2624, 589, 910
2625, 469, 880
2626, 540, 677
2627, 48, 144
2628, 393, 495
2629, 129, 395
2630, 69, 847
2631, 277, 468
2632, 96, 773
2633, 112, 973
2634, 949, 960
2635, 316, 532
2636, 295, 383
2637, 234, 391
2638, 103, 798
2639, 560, 955
2640, 488, 831
2641, 427, 535
2642, 755, 760
2643, 212, 429
2644, 132, 558
2645, 27, 165
2646, 238, 329
2647, 479, 617
2648, 323, 850
2649, 962, 996
2650, 311, 385
2651, 24, 489
2652, 476, 723
2653, 98, 214
2654, 672, 775
2655, 280, 388
2656, 75, 674
2657, 8, 73
2658, 381, 700
2659, 185, 901
2660, 269, 816
2661, 862, 912
2662, 396, 647
2663, 99, 948
2664, 81, 577
2665, 164, 946
2666, 218, 665
2667, 180, 247
2668, 140, 661
2669, 210, 473
2670, 505, 508
2671, 167, 449
2672, 130, 259
2673, 189, 200
2674, 666, 821
2675, 148, 452
2676, 656, 932
2677, 872, 918
2678, 447, 977
2679, 256, 645
2680, 382, 457
2681, 839, 990
2682, 856, 903
2683, 57, 260
2684, 406, 857
2685, 483, 836
2686, 216, 970
2687, 671, 931
2688, 294, 575
2689, 491, 507
2690, 154, 462
2691, 146, 941
2692, 432, 682
2693, 172, 197
2694, 326, 783
2695, 952, 986
2696, 2, 762
2697, 688, 928
2698, 641, 848
2699, 725, 920
2700, 475, 539
2701, 203, 480
2702, 6, 493
2703, 814, 959
2704, 625, 944
2705, 314, 884
2706, 18, 437
2707, 404, 611
2708, 639, 895
2709, 29, 183
2710, 134, 972
2711, 409, 550
2712, 868, 978
2713, 86, 87
2714, 327, 921
2715, 365, 521
2716, 184, 498
2717, 324, 584
2718, 15, 110
2719, 264, 790
2720, 45, 63
2721, 766, 987
2722, 333, 364
2723, 233, 485
2724, 356, 366
2725, 394, 824
2726, 597, 829
2727, 66, 188
2728, 547, 624
2729, 765, 936
2730, 1, 43
2731, 252, 916
2732, 115, 293
2733, 389, 988
2734, 691, 915
2735, 198, 697
2736, 618, 769
2737, 736, 827
2738, 627, 891
2739, 20, 689
2740, 756, 908
2741, 3, 991
2742, 759, 810
2743, 173, 866
2744, 85, 466
2745, 91, 566
2746, 610, 793
2747, 240, 564
2748, 138, 853
2749, 662, 735
2750, 235, 313
2751, 782, 843
2752, 553, 909
2753, 477, 724
2754, 9, 542
2755, 17, 500
2756, 694, 971
2757, 243, 441
2758, 372, 533
2759, 506, 1000
2760, 10, 770
2761, 414, 673
2762, 562, 937
2763, 801, 835
2764, 513, 640
2765, 150, 497
2766, 125, 883
2767, 77, 721
2768, 114, 298
2769, 205, 450
2770, 257, 752
2771, 619, 837
2772, 168, 741
2773, 192, 531
2774, 757, 811
2775, 92, 681
2776, 368, 899
2777, 669, 992
2778, 51, 917
2779, 175, 784
2780, 249, 705
2781, 196, 685
2782, 174, 530
2783, 740, 802
2784, 251, 892
2785, 245, 379
2786, 412, 615
2787, 74, 370
2788, 226, 602
2789, 322, 678
2790, 528, 768
2791, 88, 919
2792, 342, 817
2793, 704, 722
2794, 376, 407
2795, 176, 663
2796, 712, 767
2797, 302, 713
2798, 84, 520
2799, 646, 907
2800, 131, 898
2801, 537, 791
2802, 40, 287
2803, 511, 563
2804, 616, 976
2805, 815, 871
2806, 603, 748
2807, 335, 876
2808, 649, 813
2809, 328, 631
2810, 152, 543
2811, 628, 985
2812, 239, 607
2813, 514, 981
2814, 510, 730
2815, 502, 650
2816, 276, 522
2817, 750, 823
2818, 102, 799
2819, 344, 419
2820, 244, 254
2821, 219, 874
2822, 424, 828
2823, 113, 643
2824, 44, 819
2825, 779, 812
2826, 873, 881
2827, 14, 275
2828, 416, 714
2829, 707, 795
2830, 133, 444
2831, 312, 504
2832, 331, 695
2833, 220, 878
2834, 59, 436
2835, 687, 966
2836, 100, 569
2837, 261, 803
2838, 726, 943
2839, 686, 911
2840, 341, 349
2841, 222, 443
2842, 319, 581
2843, 104, 195
2844, 384, 696
2845, 38, 925
2846, 224, 894
2847, 95, 482
2848, 772, 788
2849, 400, 923
2850, 22, 860
2851, 300, 774
2852, 242, 830
2853, 336, 621
2854, 348, 544
2855, 465, 525
2856, 58, 877
2857, 52, 840
2858, 30, 842
2859, 422, 519
2860, 865, 965
2861, 119, 796
2862, 206, 415
2863, 380, 529
2864, 392, 567
2865, 854, 890
2866, 633, 720
2867, 321, 716
2868, 149, 568
2869, 299, 855
2870, 307, 781
2871, 486, 875
2872, 39, 905
2873, 142, 426
2874, 190, 600
2875, 557, 733
2876, 182, 332
2877, 503, 620
2878, 56, 410
2879, 118, 554
2880, 97, 161
2881, 255, 980
2882, 644, 746
2883, 592, 805
2884, 612, 808
2885, 34, 555
2886, 305, 701
2887, 288, 573
2888, 353, 583
2889, 248, 455
2890, 202, 718
2891, 351, 675
2892, 751, 833
2893, 4, 961
2894, 37, 49
2895, 728, 963
2896, 360, 367
2897, 296, 635
2898, 273, 346
2899, 145, 684
2900, 271, 453
2901, 434, 969
2902, 163, 834
2903, 16, 709
2904, 47, 599
2905, 556, 710
2906, 378, 433
2907, 78, 739
2908, 330, 548
2909, 117, 306
2910, 523, 719
2911, 375, 998
2912, 345, 401
2913, 467, 654
2914, 527, 844
2915, 83, 924
2916, 717, 764
2917, 62, 858
2918, 65, 951
2919, 454, 882
2920, 111, 845
2921, 128, 472
2922, 538, 582
2923, 551, 869
2924, 50, 534
2925, 274, 698
2926, 636, 683
2927, 492, 580
2928, 642, 879
2929, 387, 940
2930, 595, 867
2931, 338, 630
2932, 885, 889
2933, 139, 354
2934, 122, 979
2935, 199, 494
2936, 377, 859
2937, 90, 679
2938, 187, 922
2939, 80, 501
2940, 708, 747
2941, 61, 975
2942, 576, 608
2943, 413, 423
2944, 191, 786
2945, 136, 352
2946, 405, 442
2947, 421, 438
2948, 411, 496
2949, 284, 374
2950, 487, 732
2951, 403, 957
2952, 79, 711
2953, 31, 512
2954, 593, 900
2955, 266, 369
2956, 223, 888
2957, 72, 832
2958, 231, 308
2959, 359, 958
2960, 461, 967
2961, 301, 526
2962, 279, 731
2963, 141, 350
2964, 638, 964
2965, 230, 478
2966, 509, 763
2967, 262, 743
2968, 5, 995
2969, 310, 574
2970, 12, 804
2971, 207, 738
2972, 127, 632
2973, 448, 822
2974, 151, 318
2975, 545, 927
2976, 586, 598
2977, 304, 451
2978, 402, 982
2979, 246, 258
2980, 902, 945
2981, 194, 744
2982, 320, 431
2983, 159, 373
2984, 887, 984
2985, 106, 334
2986, 355, 459
2987, 33, 160
2988, 156, 339
2989, 28, 680
2990, 204, 785
2991, 470, 792
2992, 408, 999
2993, 68, 605
2994, 297, 399
2995, 250, 445
2996, 337, 745
2997, 524, 933
2998, 232, 699
2999, 516, 585
3000, 35, 169
3001, 924, 995
3002, 234, 279
3003, 18, 599
3004, 760, 848
3005, 304, 730
3006, 173, 408
3007, 418, 712
3008, 211, 688
3009, 74, 790
3010, 43, 298
3011, 343, 531
3012, 452, 460
3013, 40, 229
3014, 365, 858
3015, 131, 888
3016, 402, 810
3017, 292, 591
3018, 333, 459
3019, 178, 290
3020, 52, 145
3021, 559, 757
3022, 1, 692
3023, 603, 898
3024, 33, 633
3025, 71, 557
3026, 355, 871
3027, 91, 650
3028, 271, 578
3029, 83, 988
3030, 126, 423
3031, 188, 462
3032, 190, 740
3033, 16, 928
3034, 555, 697
3035, 90, 128
3036, 223, 278
3037, 674, 764
3038, 167, 641
3039, 317, 800
3040, 189, 935
3041, 321, 424
3042, 461, 838
3043, 468, 645
3044, 750, 805
3045, 275, 706
3046, 328, 375
3047, 922, 977
3048, 456, 577
3049, 666, 811
3050, 171, 894
3051, 148, 499
3052, 254, 770
3053, 20, 970
3054, 31, 966
3055, 683, 733
3056, 246, 652
3057, 186, 962
3058, 75, 121
3059, 648, 727
3060, 34, 944
3061, 699, 889
3062, 608, 955
3063, 287, 442
3064, 295, 512
3065, 314, 890
3066, 237, 939
3067, 337, 573
3068, 97, 332
3069, 350, 789
3070, 10, 449
3071, 117, 959
3072, 322, 859
3073, 3, 342
3074, 73, 325
3075, 151, 814
3076, 88, 368
3077, 389, 930
3078, 902, 960
3079, 851, 963
3080, 579, 983
3081, 369, 986
3082, 283, 593
3083, 644, 823
3084, 526, 984
3085, 104, 484
3086, 96, 270
3087, 250, 431
3088, 202, 377
3089, 25, 471
3090, 481, 685
3091, 501, 753
3092, 166, 825
3093, 345, 610
3094, 164, 540
3095, 154, 195
3096, 361, 909
3097, 138, 812
3098, 422, 822
3099, 505, 565
3100, 594, 808
3101, 53, 758
3102, 404, 908
3103, 457, 854
3104, 416, 856
3105, 643, 916
3106, 385, 598
3107, 601, 781
3108, 63, 181
3109, 50, 76
3110, 113, 584
3111, 326, 967
3112, 791, 985
3113, 528, 945
3114, 517, 880
3115, 444, 989
3116, 143, 210
3117, 463, 575
3118, 465, 629
3119, 248, 969
3120, 15, 895
3121, 29, 207
3122, 64, 1000
3123, 571, 638
3124, 17, 420
3125, 626, 917
3126, 580, 865
3127, 42, 611
3128, 391, 668
3129, 490, 971
3130, 2, 303
3131, 285, 766
3132, 509, 904
3133, 177, 586
3134, 820, 996
3135, 38, 628
3136, 221, 715
3137, 214, 545
3138, 99, 284
3139, 487, 606
3140, 262, 723
3141, 41, 979
3142, 215, 680
3143, 27, 623
3144, 844, 976
3145, 392, 876
3146, 313, 437
3147, 220, 659
3148, 347, 883
3149, 493, 754
3150, 174, 975
3151, 454, 813
3152, 54, 309
3153, 102, 746
3154, 98, 796
3155, 130, 390
3156, 401, 425
3157, 294, 412
3158, 252, 671
3159, 14, 524
3160, 635, 968
3161, 7, 170
3162, 507, 716
3163, 224, 821
3164, 441, 592
3165, 93, 698
3166, 105, 144
3167, 183, 453
3168, 47, 562
3169, 103, 991
3170, 435, 554
3171, 421, 801
3172, 22, 464
3173, 336, 386
3174, 238, 982
3175, 804, 994
3176, 300, 978
3177, 241, 725
3178, 667, 868
3179, 482, 773
3180, 480, 662
3181, 12, 887
3182, 203, 958
3183, 28, 393
3184, 35, 521
3185, 276, 824
3186, 44, 857
3187, 92, 860
3188, 410, 847
3189, 451, 993
3190, 265, 803
3191, 609, 777
3192, 200, 604
3193, 884, 956
3194, 569, 653
3195, 714, 961
3196, 299, 815
3197, 89, 878
3198, 51, 640
3199, 677, 681
3200, 399, 999
3201, 245, 617
3202, 761, 957
3203, 127, 469
3204, 794, 846
3205, 318, 783
3206, 206, 371
3207, 175, 374
3208, 537, 614
3209, 107, 341
3210, 809, 874
3211, 124, 503
3212, 602, 818
3213, 367, 673
3214, 60, 649
3215, 280, 504
3216, 340, 775
3217, 230, 906
3218, 320, 329
3219, 474, 678
3220, 192, 819
3221, 488, 618
3222, 748, 925
3223, 297, 582
3224, 721, 827
3225, 918, 919
3226, 129, 233
3227, 784, 835
3228, 394, 816
3229, 120, 905
3230, 572, 660
3231, 56, 845
3232, 32, 711
3233, 547, 834
3234, 581, 990
3235, 111, 840
3236, 702, 911
3237, 39, 370
3238, 570, 792
3239, 749, 943
3240, 194, 741
3241, 79, 268
3242, 560, 756
3243, 502, 849
3244, 357, 372
3245, 306, 511
3246, 351, 433
3247, 542, 646
3248, 9, 448
3249, 330, 574
3250, 862, 927
3251, 458, 940
3252, 273, 830
3253, 272, 312
3254, 263, 747
3255, 57, 717
3256, 362, 751
3257, 360, 729
3258, 216, 296
3259, 115, 700
3260, 219, 590
3261, 84, 266
3262, 398, 954
3263, 85, 867
3264, 837, 897
3265, 257, 432
3266, 455, 576
3267, 338, 515
3268, 376, 965
3269, 247, 447
3270, 264, 282
3271, 651, 920
3272, 373, 670
3273, 445, 839
3274, 353, 561
3275, 226, 875
3276, 381, 494
3277, 231, 358
3278, 516, 544
3279, 274, 520
3280, 267, 595
3281, 690, 843
3282, 176, 744
3283, 546, 639
3284, 529, 891
3285, 62, 718
3286, 564, 974
3287, 70, 722
3288, 415, 948
3289, 676, 873
3290, 483, 772
3291, 364, 663
3292, 879, 882
3293, 106, 430
3294, 139, 981
3295, 563, 704
3296, 696, 915
3297, 209, 931
3298, 417, 779
3299, 157, 334
3300, 23, 634
3301, 146, 710
3302, 256, 828
3303, 707, 762
3304, 218, 352
3305, 165, 405
3306, 136, 910
3307, 67, 763
3308, 885, 934
3309, 387, 479
3310, 684, 719
3311, 147, 942
3312, 543, 913
3313, 205, 477
3314, 239, 831
3315, 429, 625
3316, 5, 439
3317, 607, 987
3318, 169, 388
3319, 491, 900
3320, 4, 841
3321, 679, 774
3322, 319, 793
3323, 536, 921
3324, 45, 80
3325, 489, 765
3326, 533, 585
3327, 153, 534
3328, 799, 953
3329, 636, 853
3330, 48, 782
3331, 657, 742
3332, 752, 937
3333, 786, 877
3334, 225, 232
3335, 523, 936
3336, 112, 315
3337, 235, 850
3338, 158, 720
3339, 802, 964
3340, 703, 892
3341, 19, 149
3342, 110, 863
3343, 541, 842
3344, 311, 952
3345, 787, 826
3346, 407, 709
3347, 269, 397
3348, 258, 726
3349, 419, 926
3350, 240, 281
3351, 68, 600
3352, 301, 567
3353, 77, 923
3354, 619, 682
3355, 411, 755
3356, 8, 476
3357, 152, 466
3358, 125, 620
3359, 137, 500
3360, 568, 731
3361, 21, 864
3362, 428, 637
3363, 118, 510
3364, 538, 669
3365, 861, 893
3366, 495, 597
3367, 135, 946
3368, 689, 972
3369, 236, 359
3370, 661, 833
3371, 498, 527
3372, 335, 349
3373, 134, 769
3374, 535, 701
3375, 552, 866
3376, 6, 553
3377, 255, 738
3378, 260, 384
3379, 413, 980
3380, 409, 508
3381, 242, 932
3382, 198, 745
3383, 621, 950
3384, 184, 514
3385, 708, 907
3386, 440, 497
3387, 870, 881
3388, 642, 647
3389, 94, 354
3390, 199, 872
3391, 162, 795
3392, 366, 624
3393, 331, 672
3394, 13, 807
3395, 61, 140
3396, 613, 732
3397, 86, 208
3398, 55, 95
3399, 46, 513
3400, 539, 973
3401, 734, 836
3402, 212, 797
3403, 316, 443
3404, 141, 869
3405, 81, 949
3406, 380, 780
3407, 26, 587
3408, 436, 832
3409, 65, 467
3410, 180, 938
3411, 59, 997
3412, 289, 589
3413, 363, 631
3414, 244, 855
3415, 142, 929
3416, 470, 622
3417, 379, 556
3418, 291, 551
3419, 310, 434
3420, 705, 776
3421, 414, 914
3422, 475, 655
3423, 616, 767
3424, 155, 627
3425, 518, 768
3426, 36, 675
3427, 612, 630
3428, 788, 806
3429, 156, 817
3430, 24, 686
3431, 82, 261
3432, 69, 344
3433, 179, 739
3434, 713, 785
3435, 204, 550
3436, 383, 478
3437, 191, 735
3438, 66, 378
3439, 307, 566
3440, 213, 217
3441, 519, 829
3442, 396, 724
3443, 109, 532
3444, 114, 196
3445, 251, 286
3446, 403, 486
3447, 222, 253
3448, 132, 525
3449, 473, 588
3450, 163, 693
3451, 728, 947
3452, 327, 759
3453, 695, 852
3454, 160, 406
3455, 605, 912
3456, 293, 665
3457, 249, 492
3458, 72, 485
3459, 356, 694
3460, 87, 736
3461, 30, 49
3462, 159, 506
3463, 496, 632
3464, 346, 654
3465, 596, 656
3466, 201, 691
3467, 243, 658
3468, 896, 951
3469, 182, 899
3470, 122, 941
3471, 288, 305
3472, 308, 771
3473, 339, 687
3474, 101, 382
3475, 100, 197
3476, 123, 446
3477, 37, 168
3478, 116, 259
3479, 150, 583
3480, 161, 737
3481, 227, 400
3482, 427, 743
3483, 58, 558
3484, 438, 901
3485, 172, 886
3486, 78, 992
3487, 185, 426
3488, 193, 522
3489, 119, 395
3490, 187, 548
3491, 324, 903
3492, 228, 778
3493, 348, 530
3494, 323, 933
3495, 11, 277
3496, 549, 664
3497, 133, 472
3498, 302, 798
3499, 615, 998
3500, 108, 450
3501, 819, 900
3502, 739, 920
3503, 142, 752
3504, 621, 716
3505, 537, 962
3506, 489, 898
3507, 215, 700
3508, 36, 58
3509, 313, 948
3510, 535, 901
3511, 839, 862
3512, 415, 928
3513, 473, 775
3514, 270, 465
3515, 150, 364
3516, 188, 441
3517, 198, 413
3518, 201, 978
3519, 513, 571
3520, 97, 615
3521, 445, 852
3522, 110, 635
3523, 257, 683
3524, 686, 778
3525, 604, 988
3526, 122, 558
3527, 194, 279
3528, 406, 566
3529, 224, 996
3530, 106, 791
3531, 340, 774
3532, 619, 861
3533, 211, 853
3534, 593, 866
3535, 13, 225
3536, 71, 95
3537, 750, 890
3538, 202, 210
3539, 174, 280
3540, 556, 812
3541, 401, 410
3542, 652, 802
3543, 189, 400
3544, 271, 732
3545, 100, 893
3546, 258, 719
3547, 936, 953
3548, 50, 894
3549, 911, 993
3550, 549, 970
3551, 129, 865
3552, 614, 676
3553, 337, 842
3554, 128, 163
3555, 344, 938
3556, 761, 989
3557, 408, 644
3558, 434, 797
3559, 83, 743
3560, 486, 579
3561, 265, 421
3562, 154, 302
3563, 264, 468
3564, 567, 728
3565, 187, 692
3566, 511, 859
3567, 867, 873
3568, 29, 385
3569, 662, 730
3570, 610, 922
3571, 125, 545
3572, 151, 179
3573, 111, 642
3574, 67, 582
3575, 310, 595
3576, 546, 841
3577, 552, 840
3578, 33, 857
3579, 334, 436
3580, 124, 793
3581, 606, 971
3582, 311, 491
3583, 744, 756
3584, 209, 876
3585, 448, 704
3586, 275, 541
3587, 335, 855
3588, 246, 646
3589, 374, 860
3590, 462, 811
3591, 102, 292
3592, 782, 933
3593, 197, 304
3594, 127, 178
3595, 412, 476
3596, 55, 557
3597, 399, 735
3598, 49, 503
3599, 532, 1000
3600, 715, 895
3601, 282, 568
3602, 405, 714
3603, 105, 218
3604, 832, 880
3605, 278, 474
3606, 169, 768
3607, 518, 931
3608, 147, 226
3609, 64, 185
3610, 390, 671
3611, 175, 712
3612, 139, 286
3613, 784, 874
3614, 697, 979
3615, 39, 942
3616, 42, 249
3617, 827, 967
3618, 528, 577
3619, 180, 858
3620, 231, 851
3621, 439, 451
3622, 521, 617
3623, 112, 237
3624, 687, 808
3625, 422, 980
3626, 843, 872
3627, 361, 795
3628, 316, 640
3629, 806, 844
3630, 454, 823
3631, 157, 917
3632, 236, 705
3633, 411, 975
3634, 251, 875
3635, 15, 432
3636, 247, 847
3637, 501, 871
3638, 319, 723
3639, 533, 587
3640, 269, 354
3641, 109, 437
3642, 365, 443
3643, 32, 845
3644, 892, 914
3645, 290, 937
3646, 186, 572
3647, 60, 496
3648, 326, 407
3649, 327, 720
3650, 240, 515
3651, 312, 466
3652, 442, 540
3653, 548, 616
3654, 221, 531
3655, 27, 31
3656, 339, 446
3657, 384, 453
3658, 38, 910
3659, 205, 755
3660, 574, 779
3661, 214, 625
3662, 103, 913
3663, 458, 882
3664, 44, 974
3665, 18, 196
3666, 583, 585
3667, 90, 132
3668, 48, 514
3669, 612, 904
3670, 199, 788
3671, 107, 360
3672, 449, 562
3673, 21, 925
3674, 133, 891
3675, 297, 650
3676, 81, 992
3677, 343, 707
3678, 544, 738
3679, 770, 829
3680, 120, 388
3681, 423, 648
3682, 74, 375
3683, 856, 960
3684, 659, 958
3685, 10, 717
3686, 726, 921
3687, 51, 699
3688, 307, 308
3689, 283, 916
3690, 669, 930
3691, 63, 293
3692, 289, 318
3693, 259, 376
3694, 694, 746
3695, 387, 522
3696, 227, 941
3697, 255, 547
3698, 254, 870
3699, 153, 172
3700, 11, 721
3701, 200, 534
3702, 238, 934
3703, 291, 983
3704, 6, 772
3705, 527, 691
3706, 245, 886
3707, 213, 285
3708, 141, 679
3709, 475, 919
3710, 57, 333
3711, 243, 322
3712, 12, 24
3713, 366, 984
3714, 263, 946
3715, 119, 253
3716, 34, 368
3717, 372, 495
3718, 239, 444
3719, 108, 830
3720, 126, 395
3721, 499, 600
3722, 672, 957
3723, 863, 888
3724, 383, 834
3725, 765, 924
3726, 356, 584
3727, 414, 885
3728, 152, 809
3729, 493, 657
3730, 130, 954
3731, 176, 864
3732, 26, 661
3733, 162, 591
3734, 181, 471
3735, 250, 985
3736, 899, 947
3737, 561, 760
3738, 348, 689
3739, 16, 87
3740, 43, 889
3741, 137, 767
3742, 206, 660
3743, 166, 637
3744, 369, 524
3745, 378, 461
3746, 1, 104
3747, 623, 745
3748, 718, 757
3749, 228, 526
3750, 762, 849
3751, 424, 516
3752, 9, 481
3753, 418, 510
3754, 7, 592
3755, 478, 586
3756, 61, 915
3757, 324, 345
3758, 182, 668
3759, 317, 711
3760, 267, 288
3761, 664, 754
3762, 241, 693
3763, 685, 781
3764, 724, 869
3765, 161, 416
3766, 497, 961
3767, 628, 998
3768, 573, 935
3769, 82, 504
3770, 59, 596
3771, 233, 357
3772, 256, 314
3773, 822, 868
3774, 222, 342
3775, 394, 469
3776, 88, 884
3777, 594, 906
3778, 242, 321
3779, 80, 115
3780, 284, 512
3781, 467, 620
3782, 56, 828
3783, 47, 824
3784, 950, 952
3785, 96, 789
3786, 68, 905
3787, 118, 148
3788, 116, 977
3789, 70, 158
3790, 740, 969
3791, 2, 710
3792, 457, 943
3793, 355, 507
3794, 417, 749
3795, 926, 939
3796, 622, 927
3797, 25, 419
3798, 485, 785
3799, 281, 538
3800, 300, 833
3801, 73, 725
3802, 629, 805
3803, 776, 835
3804, 262, 709
3805, 641, 965
3806, 173, 367
3807, 435, 790
3808, 751, 878
3809, 391, 727
3810, 114, 636
3811, 460, 492
3812, 392, 430
3813, 216, 667
3814, 69, 389
3815, 397, 688
3816, 252, 722
3817, 53, 370
3818, 601, 698
3819, 674, 753
3820, 203, 713
3821, 638, 655
3822, 20, 576
3823, 737, 821
3824, 431, 564
3825, 45, 658
3826, 330, 800
3827, 134, 837
3828, 506, 563
3829, 479, 565
3830, 353, 523
3831, 146, 398
3832, 230, 940
3833, 19, 54
3834, 346, 929
3835, 17, 192
3836, 93, 429
3837, 303, 681
3838, 155, 377
3839, 84, 818
3840, 403, 609
3841, 759, 794
3842, 634, 976
3843, 647, 733
3844, 99, 665
3845, 268, 287
3846, 580, 820
3847, 260, 373
3848, 433, 987
3849, 729, 766
3850, 777, 796
3851, 149, 964
3852, 626, 955
3853, 183, 731
3854, 219, 554
3855, 379, 678
3856, 502, 825
3857, 41, 897
3858, 801, 982
3859, 3, 645
3860, 309, 323
3861, 23, 171
3862, 487, 995
3863, 35, 438
3864, 229, 464
3865, 575, 603
3866, 208, 666
3867, 530, 550
3868, 156, 381
3869, 656, 706
3870, 98, 447
3871, 494, 769
3872, 363, 684
3873, 144, 404
3874, 79, 380
3875, 500, 883
3876, 117, 951
3877, 167, 673
3878, 771, 903
3879, 140, 273
3880, 261, 923
3881, 138, 786
3882, 46, 483
3883, 91, 266
3884, 101, 959
3885, 804, 990
3886, 193, 696
3887, 848, 912
3888, 420, 520
3889, 588, 803
3890, 92, 427
3891, 605, 994
3892, 701, 981
3893, 235, 879
3894, 836, 973
3895, 131, 639
3896, 331, 963
3897, 455, 966
3898, 498, 780
3899, 440, 887
3900, 62, 123
3901, 902, 972
3902, 145, 551
3903, 301, 783
3904, 244, 542
3905, 5, 358
3906, 456, 918
3907, 165, 734
3908, 351, 386
3909, 602, 742
3910, 488, 907
3911, 76, 708
3912, 65, 207
3913, 299, 570
3914, 296, 653
3915, 519, 956
3916, 332, 773
3917, 315, 425
3918, 320, 578
3919, 338, 807
3920, 396, 597
3921, 274, 352
3922, 810, 846
3923, 484, 813
3924, 234, 505
3925, 168, 932
3926, 164, 944
3927, 77, 94
3928, 347, 509
3929, 223, 272
3930, 393, 702
3931, 569, 881
3932, 204, 298
3933, 85, 450
3934, 184, 608
3935, 613, 618
3936, 113, 470
3937, 159, 560
3938, 8, 72
3939, 426, 815
3940, 409, 831
3941, 633, 817
3942, 611, 838
3943, 543, 798
3944, 30, 472
3945, 336, 792
3946, 643, 741
3947, 325, 814
3948, 121, 525
3949, 329, 463
3950, 143, 682
3951, 66, 675
3952, 508, 663
3953, 529, 680
3954, 135, 581
3955, 248, 649
3956, 555, 632
3957, 14, 191
3958, 589, 677
3959, 217, 517
3960, 490, 690
3961, 170, 997
3962, 758, 968
3963, 22, 747
3964, 945, 949
3965, 477, 826
3966, 428, 763
3967, 624, 991
3968, 349, 539
3969, 136, 631
3970, 371, 651
3971, 160, 220
3972, 382, 787
3973, 40, 553
3974, 86, 590
3975, 294, 695
3976, 341, 986
3977, 212, 232
3978, 350, 670
3979, 52, 703
3980, 177, 598
3981, 482, 799
3982, 559, 909
3983, 89, 607
3984, 195, 627
3985, 190, 536
3986, 75, 328
3987, 306, 764
3988, 480, 599
3989, 459, 854
3990, 277, 908
3991, 4, 877
3992, 359, 736
3993, 78, 630
3994, 37, 452
3995, 28, 748
3996, 850, 999
3997, 654, 816
3998, 276, 402
3999, 295, 896
4000, 305, 362
