id, img1, img2
1, 81, 683
2, 483, 682
3, 20, 597
4, 183, 786
5, 375, 507
6, 382, 412
7, 253, 881
8, 119, 487
9, 84, 702
10, 618, 866
11, 205, 893
12, 4, 11
13, 303, 602
14, 327, 730
15, 499, 807
16, 741, 904
17, 48, 584
18, 8, 896
19, 293, 674
20, 644, 952
21, 276, 882
22, 313, 548
23, 186, 697
24, 563, 678
25, 125, 376
26, 292, 978
27, 344, 840
28, 116, 241
29, 228, 761
30, 660, 670
31, 637, 658
32, 378, 945
33, 71, 74
34, 320, 984
35, 434, 441
36, 100, 899
37, 34, 900
38, 279, 958
39, 727, 965
40, 175, 868
41, 297, 533
42, 69, 890
43, 172, 766
44, 163, 925
45, 233, 284
46, 179, 973
47, 132, 198
48, 286, 385
49, 33, 168
50, 493, 940
51, 361, 819
52, 410, 921
53, 331, 552
54, 684, 799
55, 27, 966
56, 275, 578
57, 392, 927
58, 663, 975
59, 51, 149
60, 617, 985
61, 32, 722
62, 251, 516
63, 252, 633
64, 481, 496
65, 93, 539
66, 87, 508
67, 28, 160
68, 269, 335
69, 95, 420
70, 72, 657
71, 242, 974
72, 338, 834
73, 342, 438
74, 572, 738
75, 142, 619
76, 201, 692
77, 773, 913
78, 237, 339
79, 760, 894
80, 325, 509
81, 235, 707
82, 366, 721
83, 249, 994
84, 246, 869
85, 248, 714
86, 691, 779
87, 148, 452
88, 213, 476
89, 189, 606
90, 199, 359
91, 485, 512
92, 828, 930
93, 356, 605
94, 166, 267
95, 29, 765
96, 698, 757
97, 551, 914
98, 594, 612
99, 909, 942
100, 640, 815
101, 498, 747
102, 78, 418
103, 526, 798
104, 468, 884
105, 58, 319
106, 300, 624
107, 626, 787
108, 17, 73
109, 462, 774
110, 755, 898
111, 139, 826
112, 306, 680
113, 480, 724
114, 295, 566
115, 450, 843
116, 55, 831
117, 423, 870
118, 541, 701
119, 390, 553
120, 39, 501
121, 577, 813
122, 510, 711
123, 196, 238
124, 398, 466
125, 484, 669
126, 469, 797
127, 6, 394
128, 180, 983
129, 448, 520
130, 101, 737
131, 419, 999
132, 867, 892
133, 329, 903
134, 429, 989
135, 98, 278
136, 298, 948
137, 217, 497
138, 625, 885
139, 494, 857
140, 114, 726
141, 138, 425
142, 396, 547
143, 108, 365
144, 728, 801
145, 41, 537
146, 289, 732
147, 442, 938
148, 770, 846
149, 13, 762
150, 474, 956
151, 393, 959
152, 19, 124
153, 316, 667
154, 143, 471
155, 495, 888
156, 570, 652
157, 67, 103
158, 852, 874
159, 221, 307
160, 517, 816
161, 349, 527
162, 621, 679
163, 2, 445
164, 192, 932
165, 136, 502
166, 598, 878
167, 688, 778
168, 431, 459
169, 271, 639
170, 324, 395
171, 785, 860
172, 744, 931
173, 555, 735
174, 130, 911
175, 389, 725
176, 646, 844
177, 470, 587
178, 328, 827
179, 788, 858
180, 147, 347
181, 364, 453
182, 522, 955
183, 240, 706
184, 310, 960
185, 383, 767
186, 170, 713
187, 332, 717
188, 218, 920
189, 109, 220
190, 90, 456
191, 214, 435
192, 413, 642
193, 643, 944
194, 333, 607
195, 515, 623
196, 68, 129
197, 86, 145
198, 123, 949
199, 384, 917
200, 10, 312
201, 836, 859
202, 162, 583
203, 538, 591
204, 562, 924
205, 294, 654
206, 504, 651
207, 200, 749
208, 256, 478
209, 121, 451
210, 255, 479
211, 321, 343
212, 690, 820
213, 158, 693
214, 134, 206
215, 22, 37
216, 44, 506
217, 88, 105
218, 127, 919
219, 631, 768
220, 935, 954
221, 603, 876
222, 273, 440
223, 151, 415
224, 254, 458
225, 288, 589
226, 391, 550
227, 521, 851
228, 596, 863
229, 839, 950
230, 622, 991
231, 277, 388
232, 282, 315
233, 369, 404
234, 472, 912
235, 685, 699
236, 61, 838
237, 439, 793
238, 47, 490
239, 549, 661
240, 454, 719
241, 638, 710
242, 299, 574
243, 939, 977
244, 650, 822
245, 46, 632
246, 403, 535
247, 806, 842
248, 30, 696
249, 126, 672
250, 144, 926
251, 406, 595
252, 187, 234
253, 582, 981
254, 152, 362
255, 477, 656
256, 203, 825
257, 244, 314
258, 417, 743
259, 585, 968
260, 106, 212
261, 449, 708
262, 5, 120
263, 23, 575
264, 659, 906
265, 181, 830
266, 24, 457
267, 117, 739
268, 285, 957
269, 446, 716
270, 154, 354
271, 473, 588
272, 557, 629
273, 82, 270
274, 45, 653
275, 9, 556
276, 50, 317
277, 647, 933
278, 263, 990
279, 610, 784
280, 159, 962
281, 304, 482
282, 202, 976
283, 379, 387
284, 110, 283
285, 432, 613
286, 532, 967
287, 150, 377
288, 94, 247
289, 397, 947
290, 264, 1000
291, 141, 348
292, 207, 590
293, 488, 937
294, 52, 80
295, 794, 979
296, 107, 370
297, 227, 850
298, 167, 771
299, 519, 811
300, 232, 992
301, 209, 729
302, 561, 775
303, 210, 635
304, 491, 969
305, 500, 907
306, 336, 455
307, 70, 96
308, 236, 290
309, 83, 982
310, 60, 262
311, 734, 837
312, 542, 897
313, 79, 340
314, 326, 373
315, 245, 754
316, 43, 368
317, 111, 208
318, 675, 988
319, 789, 845
320, 229, 620
321, 15, 177
322, 89, 662
323, 525, 895
324, 751, 800
325, 608, 609
326, 777, 835
327, 465, 832
328, 243, 769
329, 190, 887
330, 14, 308
331, 59, 135
332, 3, 922
333, 140, 161
334, 259, 351
335, 689, 750
336, 97, 353
337, 258, 323
338, 40, 915
339, 630, 776
340, 424, 865
341, 35, 723
342, 604, 936
343, 318, 856
344, 464, 841
345, 91, 772
346, 53, 492
347, 25, 812
348, 118, 649
349, 7, 628
350, 941, 996
351, 204, 918
352, 905, 951
353, 131, 268
354, 26, 910
355, 38, 694
356, 687, 740
357, 447, 995
358, 184, 802
359, 301, 781
360, 169, 573
361, 374, 546
362, 173, 531
363, 66, 281
364, 576, 833
365, 99, 848
366, 437, 759
367, 113, 972
368, 216, 592
369, 534, 700
370, 178, 564
371, 64, 174
372, 322, 705
373, 104, 460
374, 428, 810
375, 185, 586
376, 128, 371
377, 195, 600
378, 76, 709
379, 77, 817
380, 42, 745
381, 524, 998
382, 280, 302
383, 193, 648
384, 265, 511
385, 250, 444
386, 137, 372
387, 518, 671
388, 666, 953
389, 12, 489
390, 513, 980
391, 405, 879
392, 409, 763
393, 171, 873
394, 422, 695
395, 358, 791
396, 311, 399
397, 823, 986
398, 386, 614
399, 544, 808
400, 407, 928
401, 467, 809
402, 430, 565
403, 742, 854
404, 274, 795
405, 615, 971
406, 296, 568
407, 560, 641
408, 157, 676
409, 886, 929
410, 155, 559
411, 514, 677
412, 571, 943
413, 581, 731
414, 350, 665
415, 380, 673
416, 92, 803
417, 219, 529
418, 363, 381
419, 796, 908
420, 65, 862
421, 31, 814
422, 164, 686
423, 225, 355
424, 703, 993
425, 357, 599
426, 655, 681
427, 536, 829
428, 36, 330
429, 475, 616
430, 818, 824
431, 414, 558
432, 400, 961
433, 197, 849
434, 426, 861
435, 411, 901
436, 408, 877
437, 266, 668
438, 580, 611
439, 49, 715
440, 821, 997
441, 54, 987
442, 334, 530
443, 231, 433
444, 272, 528
445, 579, 864
446, 133, 593
447, 463, 753
448, 222, 916
449, 748, 891
450, 21, 223
451, 503, 883
452, 75, 305
453, 18, 261
454, 182, 855
455, 156, 946
456, 782, 923
457, 540, 805
458, 211, 567
459, 239, 337
460, 427, 790
461, 112, 783
462, 215, 736
463, 287, 523
464, 853, 875
465, 63, 102
466, 309, 443
467, 153, 461
468, 1, 291
469, 345, 554
470, 62, 421
471, 115, 704
472, 188, 194
473, 780, 889
474, 341, 792
475, 226, 720
476, 402, 634
477, 85, 360
478, 645, 804
479, 346, 543
480, 257, 872
481, 746, 902
482, 176, 970
483, 545, 718
484, 122, 352
485, 230, 636
486, 224, 367
487, 733, 880
488, 146, 260
489, 712, 764
490, 56, 752
491, 57, 871
492, 934, 963
493, 436, 847
494, 16, 601
495, 569, 758
496, 191, 627
497, 401, 416
498, 486, 505
499, 165, 964
500, 664, 756
501, 173, 348
502, 625, 787
503, 89, 790
504, 220, 672
505, 148, 727
506, 140, 557
507, 675, 731
508, 416, 811
509, 372, 390
510, 145, 697
511, 243, 741
512, 133, 388
513, 275, 551
514, 274, 820
515, 156, 689
516, 545, 986
517, 290, 903
518, 295, 366
519, 47, 235
520, 834, 855
521, 250, 822
522, 799, 882
523, 461, 591
524, 14, 361
525, 469, 627
526, 50, 629
527, 39, 931
528, 288, 410
529, 611, 816
530, 303, 973
531, 387, 930
532, 272, 289
533, 641, 796
534, 322, 555
535, 518, 862
536, 458, 767
537, 27, 381
538, 608, 803
539, 472, 473
540, 122, 398
541, 56, 92
542, 340, 507
543, 353, 583
544, 297, 843
545, 19, 860
546, 88, 815
547, 562, 587
548, 70, 842
549, 22, 979
550, 44, 73
551, 537, 696
552, 124, 393
553, 801, 932
554, 78, 465
555, 362, 798
556, 110, 901
557, 423, 547
558, 725, 990
559, 74, 709
560, 478, 717
561, 853, 893
562, 201, 456
563, 197, 976
564, 459, 759
565, 533, 742
566, 29, 756
567, 570, 685
568, 631, 983
569, 15, 424
570, 246, 854
571, 736, 925
572, 898, 985
573, 391, 900
574, 291, 874
575, 134, 420
576, 116, 440
577, 2, 417
578, 79, 553
579, 592, 974
580, 520, 646
581, 191, 962
582, 198, 779
583, 58, 891
584, 421, 825
585, 224, 226
586, 305, 942
587, 231, 517
588, 481, 694
589, 83, 875
590, 453, 797
591, 457, 872
592, 916, 984
593, 114, 954
594, 526, 677
595, 64, 377
596, 7, 36
597, 176, 359
598, 355, 791
599, 313, 841
600, 195, 269
601, 247, 450
602, 467, 967
603, 338, 770
604, 132, 724
605, 698, 774
606, 202, 495
607, 438, 532
608, 669, 906
609, 3, 873
610, 632, 892
611, 325, 760
612, 442, 867
613, 153, 487
614, 401, 810
615, 643, 691
616, 523, 955
617, 664, 806
618, 445, 612
619, 257, 941
620, 786, 813
621, 574, 827
622, 154, 596
623, 67, 426
624, 777, 881
625, 298, 415
626, 460, 494
627, 595, 659
628, 157, 374
629, 24, 251
630, 218, 936
631, 238, 577
632, 341, 509
633, 164, 326
634, 436, 877
635, 35, 788
636, 752, 839
637, 528, 866
638, 588, 726
639, 37, 658
640, 12, 166
641, 169, 434
642, 25, 368
643, 323, 912
644, 320, 541
645, 240, 335
646, 470, 794
647, 228, 513
648, 364, 884
649, 673, 829
650, 150, 680
651, 549, 639
652, 621, 835
653, 419, 437
654, 278, 707
655, 26, 69
656, 339, 737
657, 17, 223
658, 270, 940
659, 227, 623
660, 100, 599
661, 119, 757
662, 486, 817
663, 531, 830
664, 762, 995
665, 435, 751
666, 369, 413
667, 683, 708
668, 186, 887
669, 184, 944
670, 284, 699
671, 300, 614
672, 86, 858
673, 723, 963
674, 57, 734
675, 203, 702
676, 352, 651
677, 279, 682
678, 807, 888
679, 28, 482
680, 505, 606
681, 52, 808
682, 129, 543
683, 229, 763
684, 701, 771
685, 273, 500
686, 281, 840
687, 823, 836
688, 753, 789
689, 802, 934
690, 296, 400
691, 109, 805
692, 730, 966
693, 501, 861
694, 55, 394
695, 183, 524
696, 385, 824
697, 8, 655
698, 104, 316
699, 6, 915
700, 373, 769
701, 851, 946
702, 254, 809
703, 418, 444
704, 499, 792
705, 194, 343
706, 4, 989
707, 165, 563
708, 488, 722
709, 468, 597
710, 455, 492
711, 71, 589
712, 754, 868
713, 236, 667
714, 167, 172
715, 192, 960
716, 396, 510
717, 535, 634
718, 143, 412
719, 663, 686
720, 252, 687
721, 883, 923
722, 120, 286
723, 529, 671
724, 307, 957
725, 54, 638
726, 514, 878
727, 408, 700
728, 360, 586
729, 179, 922
730, 93, 454
731, 107, 668
732, 403, 761
733, 62, 812
734, 389, 466
735, 522, 746
736, 233, 516
737, 600, 615
738, 232, 422
739, 215, 880
740, 978, 991
741, 312, 911
742, 622, 977
743, 177, 178
744, 321, 917
745, 31, 716
746, 642, 747
747, 540, 613
748, 90, 715
749, 285, 432
750, 217, 354
751, 95, 115
752, 38, 678
753, 489, 733
754, 5, 199
755, 32, 690
756, 311, 512
757, 502, 616
758, 342, 448
759, 142, 430
760, 334, 567
761, 158, 772
762, 96, 706
763, 402, 536
764, 657, 993
765, 65, 188
766, 60, 216
767, 94, 905
768, 155, 241
769, 211, 491
770, 550, 902
771, 441, 554
772, 20, 49
773, 819, 828
774, 652, 939
775, 605, 633
776, 604, 744
777, 101, 546
778, 462, 572
779, 244, 370
780, 209, 330
781, 293, 565
782, 130, 474
783, 859, 950
784, 943, 952
785, 729, 738
786, 594, 846
787, 259, 721
788, 162, 378
789, 68, 710
790, 548, 648
791, 265, 405
792, 585, 679
793, 80, 427
794, 118, 864
795, 84, 87
796, 180, 712
797, 542, 778
798, 538, 975
799, 77, 959
800, 475, 497
801, 61, 493
802, 383, 662
803, 705, 889
804, 933, 992
805, 785, 920
806, 239, 695
807, 131, 451
808, 266, 949
809, 168, 292
810, 63, 260
811, 414, 561
812, 222, 601
813, 76, 319
814, 329, 838
815, 399, 971
816, 575, 863
817, 170, 573
818, 306, 886
819, 45, 484
820, 301, 515
821, 123, 894
822, 99, 443
823, 144, 848
824, 571, 914
825, 152, 666
826, 833, 879
827, 97, 617
828, 636, 637
829, 138, 899
830, 193, 994
831, 117, 206
832, 350, 560
833, 219, 449
834, 552, 981
835, 237, 972
836, 409, 749
837, 693, 945
838, 304, 896
839, 81, 968
840, 30, 618
841, 504, 907
842, 212, 309
843, 108, 521
844, 245, 464
845, 151, 584
846, 51, 578
847, 9, 568
848, 253, 768
849, 242, 406
850, 496, 624
851, 395, 576
852, 431, 804
853, 365, 732
854, 256, 766
855, 98, 800
856, 161, 566
857, 506, 897
858, 213, 336
859, 66, 386
860, 519, 590
861, 479, 781
862, 205, 287
863, 346, 773
864, 447, 704
865, 190, 692
866, 139, 910
867, 485, 703
868, 185, 745
869, 654, 876
870, 189, 948
871, 53, 676
872, 327, 758
873, 91, 310
874, 656, 711
875, 187, 649
876, 755, 938
877, 498, 849
878, 294, 525
879, 174, 347
880, 40, 739
881, 367, 780
882, 921, 935
883, 182, 433
884, 121, 602
885, 230, 653
886, 163, 783
887, 21, 332
888, 349, 718
889, 221, 258
890, 125, 660
891, 43, 263
892, 85, 282
893, 1, 262
894, 581, 970
895, 593, 609
896, 283, 908
897, 477, 885
898, 483, 765
899, 160, 181
900, 640, 661
901, 376, 382
902, 249, 471
903, 728, 821
904, 380, 924
905, 857, 929
906, 956, 980
907, 344, 356
908, 580, 958
909, 137, 607
910, 141, 832
911, 740, 1000
912, 277, 508
913, 328, 503
914, 333, 665
915, 23, 149
916, 317, 490
917, 299, 539
918, 271, 308
919, 18, 324
920, 126, 318
921, 392, 996
922, 13, 720
923, 82, 210
924, 544, 650
925, 41, 630
926, 831, 869
927, 204, 480
928, 208, 837
929, 112, 918
930, 48, 113
931, 358, 407
932, 598, 764
933, 620, 927
934, 411, 784
935, 404, 635
936, 439, 452
937, 302, 928
938, 255, 276
939, 564, 743
940, 351, 850
941, 159, 719
942, 267, 998
943, 619, 844
944, 345, 748
945, 225, 795
946, 127, 446
947, 714, 926
948, 645, 647
949, 429, 904
950, 397, 965
951, 280, 818
952, 171, 264
953, 681, 865
954, 103, 582
955, 11, 953
956, 234, 845
957, 111, 248
958, 511, 782
959, 384, 559
960, 147, 684
961, 102, 363
962, 713, 937
963, 579, 909
964, 750, 870
965, 688, 826
966, 10, 919
967, 135, 987
968, 463, 626
969, 603, 964
970, 136, 558
971, 331, 871
972, 268, 337
973, 530, 982
974, 196, 375
975, 59, 890
976, 556, 776
977, 207, 379
978, 105, 775
979, 75, 357
980, 200, 947
981, 146, 961
982, 16, 670
983, 534, 610
984, 214, 988
985, 314, 856
986, 33, 72
987, 175, 793
988, 371, 999
989, 951, 997
990, 42, 913
991, 527, 852
992, 814, 895
993, 425, 644
994, 315, 569
995, 34, 128
996, 628, 735
997, 46, 261
998, 674, 969
999, 106, 476
1000, 428, 847
1001, 108, 452
1002, 602, 987
1003, 229, 489
1004, 413, 785
1005, 182, 422
1006, 479, 971
1007, 72, 277
1008, 533, 689
1009, 411, 538
1010, 134, 535
1011, 168, 321
1012, 296, 367
1013, 336, 945
1014, 254, 849
1015, 306, 970
1016, 358, 813
1017, 856, 907
1018, 18, 847
1019, 755, 838
1020, 588, 998
1021, 268, 344
1022, 619, 770
1023, 184, 926
1024, 179, 269
1025, 37, 628
1026, 193, 547
1027, 190, 473
1028, 513, 643
1029, 276, 559
1030, 923, 978
1031, 531, 915
1032, 430, 765
1033, 620, 947
1034, 584, 688
1035, 326, 630
1036, 503, 941
1037, 77, 136
1038, 300, 669
1039, 587, 728
1040, 343, 832
1041, 437, 778
1042, 333, 949
1043, 16, 392
1044, 259, 989
1045, 824, 924
1046, 9, 645
1047, 590, 659
1048, 140, 833
1049, 627, 767
1050, 888, 977
1051, 65, 97
1052, 24, 93
1053, 174, 446
1054, 88, 200
1055, 137, 722
1056, 527, 717
1057, 39, 624
1058, 398, 990
1059, 475, 505
1060, 388, 935
1061, 4, 524
1062, 144, 912
1063, 457, 938
1064, 240, 421
1065, 424, 936
1066, 805, 882
1067, 345, 626
1068, 172, 925
1069, 796, 841
1070, 150, 705
1071, 366, 557
1072, 687, 983
1073, 327, 355
1074, 215, 412
1075, 760, 769
1076, 125, 500
1077, 82, 274
1078, 622, 834
1079, 629, 921
1080, 566, 917
1081, 803, 842
1082, 80, 560
1083, 233, 490
1084, 522, 810
1085, 40, 742
1086, 239, 751
1087, 247, 294
1088, 406, 612
1089, 539, 558
1090, 444, 474
1091, 646, 734
1092, 779, 939
1093, 244, 610
1094, 807, 814
1095, 511, 671
1096, 504, 520
1097, 100, 105
1098, 519, 563
1099, 298, 648
1100, 83, 301
1101, 607, 829
1102, 116, 260
1103, 245, 279
1104, 271, 711
1105, 288, 931
1106, 43, 676
1107, 322, 937
1108, 556, 782
1109, 149, 874
1110, 482, 754
1111, 552, 800
1112, 11, 988
1113, 210, 573
1114, 348, 702
1115, 919, 980
1116, 744, 960
1117, 237, 922
1118, 250, 639
1119, 463, 873
1120, 385, 759
1121, 67, 637
1122, 461, 514
1123, 216, 375
1124, 141, 772
1125, 17, 580
1126, 431, 710
1127, 187, 668
1128, 395, 425
1129, 264, 418
1130, 63, 132
1131, 440, 860
1132, 118, 499
1133, 295, 458
1134, 428, 843
1135, 868, 916
1136, 101, 918
1137, 198, 414
1138, 592, 797
1139, 45, 904
1140, 95, 730
1141, 205, 656
1142, 601, 660
1143, 433, 455
1144, 792, 933
1145, 434, 735
1146, 570, 920
1147, 266, 441
1148, 512, 789
1149, 334, 521
1150, 48, 719
1151, 204, 663
1152, 192, 749
1153, 153, 537
1154, 161, 715
1155, 34, 68
1156, 516, 597
1157, 15, 823
1158, 314, 655
1159, 23, 212
1160, 160, 716
1161, 954, 981
1162, 61, 75
1163, 506, 816
1164, 401, 774
1165, 929, 952
1166, 195, 976
1167, 405, 982
1168, 162, 404
1169, 44, 548
1170, 155, 795
1171, 55, 883
1172, 92, 642
1173, 594, 756
1174, 90, 284
1175, 515, 808
1176, 356, 403
1177, 223, 905
1178, 410, 532
1179, 143, 487
1180, 472, 895
1181, 752, 884
1182, 84, 429
1183, 221, 447
1184, 5, 576
1185, 674, 680
1186, 353, 985
1187, 285, 965
1188, 435, 465
1189, 747, 956
1190, 180, 678
1191, 737, 927
1192, 199, 220
1193, 384, 507
1194, 66, 257
1195, 666, 836
1196, 591, 685
1197, 1, 911
1198, 550, 993
1199, 544, 869
1200, 35, 493
1201, 71, 251
1202, 372, 373
1203, 227, 644
1204, 496, 761
1205, 330, 740
1206, 791, 967
1207, 714, 906
1208, 31, 183
1209, 848, 957
1210, 679, 969
1211, 316, 871
1212, 488, 681
1213, 361, 693
1214, 122, 793
1215, 76, 546
1216, 497, 806
1217, 561, 862
1218, 352, 995
1219, 47, 256
1220, 732, 966
1221, 567, 631
1222, 378, 902
1223, 19, 879
1224, 60, 673
1225, 313, 859
1226, 171, 467
1227, 142, 349
1228, 117, 861
1229, 510, 910
1230, 416, 554
1231, 282, 961
1232, 107, 292
1233, 583, 837
1234, 387, 942
1235, 745, 896
1236, 364, 625
1237, 106, 109
1238, 394, 562
1239, 56, 835
1240, 383, 880
1241, 217, 640
1242, 242, 492
1243, 890, 975
1244, 111, 226
1245, 393, 944
1246, 156, 501
1247, 170, 999
1248, 175, 691
1249, 218, 974
1250, 128, 341
1251, 362, 658
1252, 578, 703
1253, 120, 876
1254, 38, 617
1255, 357, 480
1256, 265, 633
1257, 733, 809
1258, 417, 994
1259, 654, 764
1260, 299, 337
1261, 618, 775
1262, 157, 370
1263, 325, 484
1264, 351, 636
1265, 42, 129
1266, 718, 815
1267, 114, 188
1268, 207, 684
1269, 32, 885
1270, 312, 972
1271, 232, 830
1272, 194, 308
1273, 262, 662
1274, 448, 1000
1275, 2, 498
1276, 382, 565
1277, 164, 585
1278, 21, 73
1279, 786, 900
1280, 53, 432
1281, 319, 690
1282, 390, 867
1283, 272, 768
1284, 8, 486
1285, 10, 138
1286, 307, 667
1287, 324, 360
1288, 69, 581
1289, 315, 771
1290, 20, 278
1291, 438, 672
1292, 551, 553
1293, 51, 828
1294, 743, 909
1295, 151, 851
1296, 115, 595
1297, 518, 913
1298, 436, 741
1299, 147, 604
1300, 214, 724
1301, 213, 466
1302, 456, 886
1303, 528, 683
1304, 391, 600
1305, 91, 219
1306, 784, 997
1307, 485, 781
1308, 104, 236
1309, 275, 572
1310, 605, 694
1311, 185, 608
1312, 701, 934
1313, 477, 549
1314, 145, 253
1315, 154, 723
1316, 365, 831
1317, 228, 231
1318, 427, 706
1319, 476, 780
1320, 738, 928
1321, 478, 695
1322, 855, 897
1323, 302, 462
1324, 27, 968
1325, 14, 682
1326, 196, 577
1327, 575, 647
1328, 598, 877
1329, 133, 586
1330, 96, 305
1331, 641, 894
1332, 169, 726
1333, 529, 819
1334, 25, 657
1335, 568, 638
1336, 494, 953
1337, 186, 526
1338, 103, 697
1339, 59, 178
1340, 540, 844
1341, 54, 173
1342, 408, 958
1343, 574, 857
1344, 541, 750
1345, 783, 992
1346, 135, 766
1347, 30, 979
1348, 891, 984
1349, 347, 621
1350, 609, 686
1351, 224, 623
1352, 423, 729
1353, 407, 946
1354, 98, 720
1355, 386, 419
1356, 208, 286
1357, 12, 878
1358, 166, 191
1359, 704, 889
1360, 653, 707
1361, 176, 802
1362, 736, 794
1363, 52, 346
1364, 85, 763
1365, 167, 665
1366, 320, 632
1367, 148, 757
1368, 255, 328
1369, 852, 863
1370, 692, 713
1371, 502, 932
1372, 839, 991
1373, 243, 517
1374, 165, 914
1375, 371, 442
1376, 225, 582
1377, 788, 821
1378, 509, 596
1379, 130, 962
1380, 589, 776
1381, 235, 986
1382, 49, 197
1383, 234, 426
1384, 211, 870
1385, 270, 664
1386, 28, 62
1387, 380, 530
1388, 369, 449
1389, 86, 606
1390, 289, 374
1391, 50, 818
1392, 64, 359
1393, 124, 481
1394, 202, 283
1395, 379, 820
1396, 293, 758
1397, 79, 801
1398, 616, 893
1399, 139, 840
1400, 536, 822
1401, 332, 491
1402, 651, 898
1403, 790, 812
1404, 634, 739
1405, 189, 291
1406, 57, 131
1407, 81, 652
1408, 6, 206
1409, 99, 963
1410, 762, 903
1411, 22, 310
1412, 845, 899
1413, 649, 725
1414, 396, 727
1415, 263, 376
1416, 787, 959
1417, 415, 846
1418, 87, 469
1419, 267, 854
1420, 113, 323
1421, 335, 865
1422, 3, 542
1423, 158, 317
1424, 696, 817
1425, 451, 875
1426, 13, 799
1427, 555, 748
1428, 181, 615
1429, 318, 943
1430, 261, 709
1431, 420, 453
1432, 495, 677
1433, 146, 246
1434, 123, 339
1435, 825, 872
1436, 222, 670
1437, 866, 964
1438, 201, 827
1439, 698, 811
1440, 94, 177
1441, 579, 712
1442, 593, 973
1443, 127, 908
1444, 545, 901
1445, 238, 940
1446, 303, 400
1447, 26, 363
1448, 41, 950
1449, 287, 804
1450, 58, 930
1451, 46, 798
1452, 454, 471
1453, 29, 468
1454, 777, 864
1455, 209, 700
1456, 564, 951
1457, 342, 996
1458, 273, 483
1459, 603, 614
1460, 230, 661
1461, 523, 599
1462, 611, 826
1463, 112, 203
1464, 350, 853
1465, 33, 280
1466, 450, 635
1467, 163, 753
1468, 304, 464
1469, 331, 525
1470, 126, 399
1471, 119, 858
1472, 746, 892
1473, 36, 850
1474, 159, 887
1475, 650, 948
1476, 409, 708
1477, 121, 309
1478, 7, 439
1479, 249, 675
1480, 110, 569
1481, 470, 699
1482, 508, 773
1483, 340, 460
1484, 258, 613
1485, 459, 571
1486, 248, 281
1487, 534, 731
1488, 443, 543
1489, 241, 402
1490, 297, 381
1491, 338, 955
1492, 74, 311
1493, 290, 354
1494, 78, 89
1495, 152, 389
1496, 252, 329
1497, 70, 377
1498, 102, 445
1499, 397, 721
1500, 368, 881
1501, 271, 704
1502, 175, 798
1503, 421, 996
1504, 68, 837
1505, 528, 988
1506, 46, 582
1507, 690, 792
1508, 31, 92
1509, 411, 441
1510, 214, 300
1511, 818, 906
1512, 479, 587
1513, 743, 758
1514, 578, 705
1515, 128, 284
1516, 486, 644
1517, 759, 779
1518, 134, 533
1519, 628, 663
1520, 410, 650
1521, 2, 204
1522, 264, 383
1523, 136, 457
1524, 507, 535
1525, 489, 991
1526, 603, 854
1527, 121, 657
1528, 745, 965
1529, 242, 487
1530, 688, 747
1531, 436, 589
1532, 721, 842
1533, 205, 649
1534, 106, 452
1535, 593, 714
1536, 178, 635
1537, 406, 911
1538, 35, 563
1539, 313, 959
1540, 799, 929
1541, 40, 274
1542, 551, 591
1543, 624, 836
1544, 280, 510
1545, 297, 869
1546, 413, 555
1547, 290, 790
1548, 235, 783
1549, 223, 366
1550, 385, 789
1551, 14, 629
1552, 131, 480
1553, 306, 903
1554, 164, 255
1555, 550, 744
1556, 503, 888
1557, 23, 677
1558, 293, 553
1559, 151, 732
1560, 756, 933
1561, 39, 312
1562, 173, 751
1563, 474, 638
1564, 220, 844
1565, 133, 322
1566, 619, 979
1567, 193, 972
1568, 310, 680
1569, 697, 764
1570, 118, 934
1571, 239, 355
1572, 267, 594
1573, 265, 560
1574, 891, 976
1575, 129, 954
1576, 154, 329
1577, 397, 514
1578, 7, 340
1579, 807, 810
1580, 302, 375
1581, 520, 728
1582, 103, 765
1583, 695, 845
1584, 733, 877
1585, 566, 581
1586, 192, 481
1587, 244, 802
1588, 422, 915
1589, 315, 415
1590, 232, 429
1591, 541, 757
1592, 600, 851
1593, 115, 145
1594, 268, 546
1595, 186, 363
1596, 433, 846
1597, 234, 778
1598, 400, 651
1599, 394, 995
1600, 30, 349
1601, 456, 817
1602, 272, 813
1603, 672, 878
1604, 97, 939
1605, 114, 301
1606, 142, 368
1607, 590, 866
1608, 215, 604
1609, 135, 886
1610, 426, 515
1611, 104, 754
1612, 71, 762
1613, 100, 547
1614, 575, 968
1615, 201, 771
1616, 245, 509
1617, 684, 975
1618, 141, 958
1619, 252, 730
1620, 158, 880
1621, 182, 984
1622, 418, 735
1623, 124, 741
1624, 147, 586
1625, 56, 99
1626, 580, 794
1627, 723, 812
1628, 105, 113
1629, 130, 432
1630, 17, 874
1631, 526, 834
1632, 372, 407
1633, 222, 634
1634, 11, 674
1635, 66, 275
1636, 806, 970
1637, 849, 987
1638, 294, 930
1639, 344, 671
1640, 386, 670
1641, 212, 246
1642, 402, 936
1643, 661, 736
1644, 139, 485
1645, 218, 346
1646, 296, 897
1647, 45, 165
1648, 477, 753
1649, 328, 568
1650, 281, 437
1651, 461, 839
1652, 345, 476
1653, 768, 853
1654, 889, 989
1655, 459, 475
1656, 698, 907
1657, 157, 438
1658, 347, 835
1659, 320, 595
1660, 25, 213
1661, 261, 738
1662, 766, 938
1663, 317, 416
1664, 247, 391
1665, 412, 552
1666, 369, 811
1667, 20, 726
1668, 176, 467
1669, 9, 318
1670, 140, 168
1671, 161, 226
1672, 75, 660
1673, 216, 831
1674, 350, 445
1675, 324, 616
1676, 655, 867
1677, 263, 358
1678, 472, 928
1679, 666, 720
1680, 373, 719
1681, 527, 760
1682, 269, 896
1683, 492, 960
1684, 646, 838
1685, 843, 881
1686, 32, 618
1687, 273, 491
1688, 91, 374
1689, 396, 529
1690, 361, 865
1691, 631, 793
1692, 659, 852
1693, 190, 773
1694, 357, 946
1695, 122, 870
1696, 782, 937
1697, 636, 652
1698, 314, 362
1699, 93, 455
1700, 830, 887
1701, 13, 288
1702, 608, 948
1703, 572, 713
1704, 523, 774
1705, 473, 538
1706, 542, 982
1707, 42, 632
1708, 857, 952
1709, 44, 399
1710, 163, 746
1711, 63, 899
1712, 614, 872
1713, 150, 380
1714, 682, 895
1715, 183, 570
1716, 295, 494
1717, 291, 748
1718, 454, 894
1719, 417, 707
1720, 6, 797
1721, 665, 940
1722, 641, 645
1723, 203, 564
1724, 676, 875
1725, 360, 763
1726, 18, 74
1727, 683, 932
1728, 468, 986
1729, 8, 16
1730, 298, 392
1731, 493, 883
1732, 221, 848
1733, 73, 998
1734, 279, 508
1735, 490, 606
1736, 50, 69
1737, 395, 777
1738, 390, 409
1739, 49, 884
1740, 200, 512
1741, 259, 482
1742, 371, 775
1743, 171, 219
1744, 326, 904
1745, 384, 710
1746, 427, 678
1747, 126, 420
1748, 521, 914
1749, 251, 599
1750, 403, 855
1751, 83, 610
1752, 137, 243
1753, 816, 829
1754, 55, 311
1755, 544, 727
1756, 5, 338
1757, 871, 949
1758, 248, 626
1759, 642, 985
1760, 270, 561
1761, 405, 942
1762, 534, 864
1763, 496, 562
1764, 254, 900
1765, 10, 308
1766, 160, 304
1767, 289, 823
1768, 335, 796
1769, 153, 393
1770, 89, 229
1771, 653, 901
1772, 64, 488
1773, 62, 706
1774, 398, 446
1775, 208, 209
1776, 511, 623
1777, 379, 607
1778, 125, 177
1779, 58, 327
1780, 90, 102
1781, 236, 323
1782, 353, 596
1783, 112, 693
1784, 109, 786
1785, 466, 980
1786, 330, 356
1787, 249, 378
1788, 370, 465
1789, 389, 785
1790, 712, 803
1791, 227, 702
1792, 504, 761
1793, 781, 974
1794, 388, 800
1795, 258, 731
1796, 605, 926
1797, 464, 643
1798, 132, 997
1799, 217, 820
1800, 458, 804
1801, 206, 967
1802, 462, 947
1803, 48, 240
1804, 37, 237
1805, 640, 681
1806, 98, 187
1807, 908, 916
1808, 516, 615
1809, 584, 993
1810, 425, 495
1811, 791, 861
1812, 654, 717
1813, 453, 679
1814, 709, 885
1815, 143, 944
1816, 53, 825
1817, 180, 943
1818, 341, 549
1819, 752, 910
1820, 179, 921
1821, 181, 961
1822, 3, 558
1823, 331, 696
1824, 59, 565
1825, 123, 627
1826, 107, 598
1827, 26, 858
1828, 195, 841
1829, 500, 669
1830, 94, 668
1831, 15, 708
1832, 633, 919
1833, 439, 973
1834, 463, 630
1835, 524, 687
1836, 41, 554
1837, 505, 749
1838, 79, 95
1839, 148, 545
1840, 76, 188
1841, 303, 971
1842, 110, 740
1843, 238, 530
1844, 120, 767
1845, 196, 451
1846, 556, 983
1847, 351, 725
1848, 662, 822
1849, 277, 625
1850, 611, 724
1851, 276, 923
1852, 742, 966
1853, 166, 573
1854, 543, 664
1855, 382, 597
1856, 54, 419
1857, 111, 647
1858, 285, 567
1859, 85, 734
1860, 401, 893
1861, 198, 788
1862, 879, 902
1863, 34, 951
1864, 27, 36
1865, 873, 956
1866, 231, 233
1867, 80, 377
1868, 722, 795
1869, 737, 776
1870, 60, 639
1871, 307, 787
1872, 262, 442
1873, 381, 950
1874, 162, 700
1875, 617, 770
1876, 197, 892
1877, 305, 819
1878, 278, 414
1879, 138, 185
1880, 101, 927
1881, 191, 882
1882, 1, 990
1883, 253, 376
1884, 292, 339
1885, 77, 957
1886, 38, 471
1887, 531, 994
1888, 336, 583
1889, 656, 1000
1890, 88, 863
1891, 189, 805
1892, 241, 826
1893, 156, 448
1894, 532, 559
1895, 52, 969
1896, 211, 925
1897, 225, 478
1898, 159, 609
1899, 428, 945
1900, 287, 440
1901, 435, 860
1902, 117, 814
1903, 434, 922
1904, 57, 898
1905, 548, 981
1906, 119, 228
1907, 144, 450
1908, 348, 701
1909, 537, 808
1910, 637, 868
1911, 536, 703
1912, 146, 588
1913, 283, 905
1914, 769, 801
1915, 658, 675
1916, 67, 299
1917, 29, 483
1918, 207, 585
1919, 784, 850
1920, 571, 964
1921, 613, 699
1922, 716, 992
1923, 316, 780
1924, 319, 909
1925, 574, 828
1926, 691, 931
1927, 367, 622
1928, 84, 460
1929, 352, 557
1930, 470, 920
1931, 506, 522
1932, 667, 833
1933, 19, 116
1934, 648, 750
1935, 576, 924
1936, 81, 444
1937, 199, 729
1938, 443, 502
1939, 286, 577
1940, 266, 424
1941, 408, 621
1942, 12, 913
1943, 24, 202
1944, 70, 612
1945, 86, 167
1946, 569, 824
1947, 333, 517
1948, 325, 890
1949, 499, 962
1950, 28, 210
1951, 309, 601
1952, 321, 859
1953, 184, 224
1954, 43, 404
1955, 82, 917
1956, 332, 815
1957, 539, 955
1958, 155, 963
1959, 354, 999
1960, 260, 519
1961, 518, 856
1962, 96, 359
1963, 337, 827
1964, 447, 977
1965, 72, 343
1966, 108, 686
1967, 449, 840
1968, 469, 918
1969, 364, 513
1970, 149, 172
1971, 152, 174
1972, 4, 250
1973, 194, 423
1974, 387, 715
1975, 718, 876
1976, 501, 755
1977, 342, 978
1978, 65, 832
1979, 61, 498
1980, 862, 935
1981, 169, 685
1982, 47, 431
1983, 170, 694
1984, 87, 602
1985, 365, 673
1986, 21, 256
1987, 579, 772
1988, 257, 809
1989, 711, 953
1990, 22, 692
1991, 689, 941
1992, 230, 620
1993, 78, 847
1994, 51, 484
1995, 334, 430
1996, 525, 592
1997, 497, 912
1998, 127, 821
1999, 33, 282
2000, 540, 739
2001, 212, 493
2002, 383, 940
2003, 19, 459
2004, 190, 458
2005, 532, 658
2006, 687, 981
2007, 471, 741
2008, 752, 753
2009, 478, 784
2010, 337, 702
2011, 135, 388
2012, 966, 996
2013, 457, 523
2014, 416, 929
2015, 22, 53
2016, 195, 558
2017, 624, 821
2018, 353, 844
2019, 277, 539
2020, 107, 926
2021, 464, 970
2022, 682, 905
2023, 442, 563
2024, 320, 529
2025, 1, 686
2026, 577, 677
2027, 599, 987
2028, 184, 390
2029, 587, 999
2030, 291, 708
2031, 540, 954
2032, 722, 924
2033, 959, 974
2034, 175, 233
2035, 251, 262
2036, 574, 580
2037, 263, 411
2038, 182, 394
2039, 542, 613
2040, 492, 761
2041, 738, 869
2042, 341, 469
2043, 665, 819
2044, 155, 470
2045, 447, 773
2046, 101, 660
2047, 159, 547
2048, 62, 997
2049, 45, 272
2050, 268, 818
2051, 549, 671
2052, 32, 941
2053, 638, 893
2054, 609, 947
2055, 550, 554
2056, 287, 857
2057, 231, 528
2058, 90, 490
2059, 832, 972
2060, 217, 281
2061, 389, 909
2062, 650, 654
2063, 205, 342
2064, 227, 766
2065, 81, 116
2066, 604, 656
2067, 483, 639
2068, 97, 357
2069, 181, 831
2070, 354, 359
2071, 37, 61
2072, 598, 728
2073, 67, 957
2074, 317, 600
2075, 185, 461
2076, 14, 223
2077, 273, 850
2078, 91, 241
2079, 99, 111
2080, 847, 903
2081, 325, 340
2082, 260, 625
2083, 524, 955
2084, 521, 620
2085, 581, 982
2086, 731, 992
2087, 55, 783
2088, 435, 912
2089, 360, 967
2090, 436, 519
2091, 643, 803
2092, 454, 745
2093, 106, 153
2094, 477, 828
2095, 347, 938
2096, 65, 937
2097, 274, 395
2098, 735, 833
2099, 522, 901
2100, 564, 917
2101, 74, 874
2102, 15, 986
2103, 672, 788
2104, 308, 622
2105, 214, 494
2106, 309, 379
2107, 690, 908
2108, 329, 417
2109, 441, 933
2110, 86, 968
2111, 312, 823
2112, 147, 228
2113, 368, 979
2114, 334, 820
2115, 183, 237
2116, 559, 825
2117, 330, 1000
2118, 763, 958
2119, 66, 73
2120, 448, 922
2121, 864, 930
2122, 369, 486
2123, 236, 362
2124, 82, 993
2125, 239, 365
2126, 530, 798
2127, 51, 879
2128, 69, 332
2129, 889, 935
2130, 173, 734
2131, 462, 474
2132, 148, 557
2133, 551, 916
2134, 146, 913
2135, 166, 645
2136, 27, 208
2137, 161, 259
2138, 463, 799
2139, 408, 871
2140, 730, 858
2141, 662, 868
2142, 636, 755
2143, 24, 668
2144, 324, 748
2145, 221, 487
2146, 623, 914
2147, 338, 713
2148, 289, 800
2149, 177, 232
2150, 576, 769
2151, 596, 632
2152, 375, 707
2153, 192, 327
2154, 108, 590
2155, 261, 900
2156, 567, 603
2157, 95, 985
2158, 89, 729
2159, 103, 160
2160, 505, 830
2161, 256, 387
2162, 420, 520
2163, 142, 683
2164, 59, 775
2165, 203, 484
2166, 384, 822
2167, 386, 861
2168, 198, 655
2169, 407, 865
2170, 421, 843
2171, 178, 841
2172, 372, 562
2173, 331, 807
2174, 716, 904
2175, 630, 715
2176, 180, 988
2177, 199, 315
2178, 102, 482
2179, 485, 805
2180, 266, 380
2181, 76, 290
2182, 466, 863
2183, 189, 349
2184, 566, 980
2185, 439, 503
2186, 431, 548
2187, 584, 885
2188, 367, 675
2189, 361, 602
2190, 496, 785
2191, 36, 54
2192, 621, 978
2193, 299, 583
2194, 873, 894
2195, 29, 538
2196, 48, 969
2197, 595, 612
2198, 475, 634
2199, 827, 932
2200, 30, 814
2201, 143, 791
2202, 126, 714
2203, 156, 759
2204, 9, 834
2205, 646, 910
2206, 88, 703
2207, 220, 607
2208, 681, 809
2209, 17, 754
2210, 637, 877
2211, 391, 673
2212, 20, 951
2213, 68, 465
2214, 664, 744
2215, 601, 619
2216, 582, 678
2217, 352, 726
2218, 271, 377
2219, 96, 762
2220, 842, 866
2221, 124, 826
2222, 413, 812
2223, 412, 694
2224, 207, 450
2225, 579, 691
2226, 495, 498
2227, 225, 674
2228, 517, 705
2229, 255, 984
2230, 366, 449
2231, 43, 859
2232, 193, 571
2233, 252, 921
2234, 138, 696
2235, 453, 796
2236, 516, 709
2237, 127, 878
2238, 6, 880
2239, 346, 802
2240, 39, 47
2241, 608, 641
2242, 46, 247
2243, 515, 872
2244, 606, 927
2245, 751, 936
2246, 777, 817
2247, 57, 113
2248, 201, 326
2249, 250, 543
2250, 697, 786
2251, 151, 200
2252, 109, 115
2253, 171, 211
2254, 41, 963
2255, 253, 269
2256, 119, 760
2257, 209, 265
2258, 392, 400
2259, 50, 267
2260, 174, 964
2261, 526, 902
2262, 578, 615
2263, 418, 472
2264, 172, 433
2265, 64, 589
2266, 343, 572
2267, 170, 310
2268, 378, 692
2269, 891, 907
2270, 34, 42
2271, 725, 849
2272, 276, 336
2273, 197, 626
2274, 403, 718
2275, 56, 747
2276, 13, 757
2277, 348, 497
2278, 779, 931
2279, 305, 653
2280, 617, 782
2281, 191, 635
2282, 768, 939
2283, 373, 884
2284, 137, 219
2285, 364, 727
2286, 670, 756
2287, 202, 961
2288, 363, 774
2289, 848, 855
2290, 371, 537
2291, 110, 467
2292, 425, 795
2293, 133, 145
2294, 552, 851
2295, 706, 882
2296, 546, 975
2297, 152, 473
2298, 33, 444
2299, 196, 943
2300, 49, 123
2301, 512, 772
2302, 426, 962
2303, 345, 771
2304, 427, 688
2305, 405, 790
2306, 286, 424
2307, 215, 258
2308, 297, 376
2309, 710, 839
2310, 165, 531
2311, 533, 942
2312, 845, 875
2313, 356, 415
2314, 105, 651
2315, 240, 704
2316, 500, 977
2317, 446, 594
2318, 765, 852
2319, 358, 945
2320, 245, 561
2321, 618, 990
2322, 18, 815
2323, 481, 733
2324, 298, 344
2325, 284, 679
2326, 614, 663
2327, 428, 994
2328, 140, 414
2329, 545, 649
2330, 85, 952
2331, 313, 695
2332, 301, 657
2333, 949, 976
2334, 569, 793
2335, 120, 525
2336, 188, 210
2337, 11, 296
2338, 437, 570
2339, 230, 339
2340, 770, 881
2341, 26, 77
2342, 888, 971
2343, 504, 854
2344, 154, 511
2345, 896, 989
2346, 502, 555
2347, 218, 429
2348, 79, 669
2349, 35, 676
2350, 460, 666
2351, 222, 911
2352, 139, 243
2353, 597, 711
2354, 575, 794
2355, 257, 983
2356, 122, 586
2357, 565, 886
2358, 125, 234
2359, 100, 213
2360, 87, 355
2361, 824, 846
2362, 130, 684
2363, 422, 742
2364, 248, 789
2365, 749, 973
2366, 399, 764
2367, 28, 906
2368, 162, 499
2369, 507, 808
2370, 288, 541
2371, 593, 956
2372, 31, 513
2373, 158, 536
2374, 700, 732
2375, 38, 121
2376, 10, 518
2377, 740, 920
2378, 8, 307
2379, 527, 925
2380, 134, 953
2381, 544, 568
2382, 535, 950
2383, 410, 897
2384, 781, 787
2385, 813, 853
2386, 295, 456
2387, 270, 479
2388, 743, 801
2389, 701, 862
2390, 480, 585
2391, 98, 659
2392, 40, 404
2393, 229, 892
2394, 321, 398
2395, 7, 680
2396, 80, 149
2397, 451, 633
2398, 553, 919
2399, 72, 302
2400, 78, 780
2401, 382, 998
2402, 440, 767
2403, 25, 837
2404, 92, 758
2405, 204, 838
2406, 591, 923
2407, 224, 445
2408, 836, 991
2409, 804, 856
2410, 52, 811
2411, 409, 895
2412, 5, 506
2413, 84, 118
2414, 93, 150
2415, 455, 514
2416, 592, 693
2417, 44, 661
2418, 216, 918
2419, 282, 870
2420, 144, 510
2421, 720, 883
2422, 610, 667
2423, 136, 934
2424, 23, 647
2425, 860, 928
2426, 430, 778
2427, 129, 899
2428, 652, 736
2429, 12, 254
2430, 114, 948
2431, 244, 508
2432, 374, 829
2433, 699, 960
2434, 588, 605
2435, 396, 840
2436, 419, 810
2437, 423, 723
2438, 293, 319
2439, 3, 835
2440, 132, 397
2441, 58, 246
2442, 71, 163
2443, 318, 644
2444, 283, 333
2445, 70, 750
2446, 112, 629
2447, 206, 915
2448, 322, 350
2449, 573, 689
2450, 385, 432
2451, 63, 946
2452, 468, 476
2453, 314, 640
2454, 117, 806
2455, 264, 491
2456, 534, 898
2457, 279, 280
2458, 176, 323
2459, 187, 776
2460, 306, 944
2461, 275, 351
2462, 75, 168
2463, 128, 381
2464, 169, 746
2465, 4, 131
2466, 560, 876
2467, 488, 719
2468, 300, 402
2469, 278, 890
2470, 21, 887
2471, 393, 452
2472, 157, 242
2473, 501, 556
2474, 509, 631
2475, 311, 792
2476, 238, 797
2477, 611, 717
2478, 104, 401
2479, 304, 328
2480, 303, 443
2481, 616, 627
2482, 712, 739
2483, 316, 685
2484, 2, 438
2485, 167, 721
2486, 335, 737
2487, 285, 489
2488, 194, 628
2489, 226, 867
2490, 698, 995
2491, 292, 965
2492, 83, 235
2493, 60, 724
2494, 179, 249
2495, 434, 816
2496, 642, 648
2497, 141, 406
2498, 94, 294
2499, 16, 186
2500, 164, 370
2501, 593, 680
2502, 103, 487
2503, 134, 377
2504, 830, 878
2505, 557, 846
2506, 287, 528
2507, 443, 933
2508, 111, 937
2509, 97, 391
2510, 12, 897
2511, 512, 899
2512, 536, 583
2513, 439, 659
2514, 254, 485
2515, 265, 564
2516, 236, 399
2517, 523, 970
2518, 379, 941
2519, 304, 773
2520, 178, 936
2521, 128, 354
2522, 320, 359
2523, 886, 976
2524, 494, 743
2525, 458, 843
2526, 544, 634
2527, 676, 840
2528, 405, 710
2529, 383, 982
2530, 448, 891
2531, 213, 928
2532, 792, 913
2533, 151, 712
2534, 152, 836
2535, 415, 961
2536, 367, 555
2537, 585, 834
2538, 455, 521
2539, 693, 874
2540, 302, 896
2541, 685, 717
2542, 374, 459
2543, 102, 692
2544, 274, 704
2545, 161, 981
2546, 235, 375
2547, 497, 802
2548, 308, 435
2549, 441, 803
2550, 225, 713
2551, 62, 800
2552, 241, 281
2553, 675, 914
2554, 69, 734
2555, 746, 772
2556, 288, 290
2557, 30, 642
2558, 661, 875
2559, 319, 371
2560, 353, 987
2561, 396, 918
2562, 47, 949
2563, 482, 832
2564, 325, 728
2565, 411, 607
2566, 125, 950
2567, 219, 492
2568, 551, 907
2569, 123, 350
2570, 587, 841
2571, 66, 365
2572, 27, 698
2573, 605, 820
2574, 124, 672
2575, 226, 333
2576, 217, 895
2577, 608, 683
2578, 342, 668
2579, 865, 879
2580, 486, 678
2581, 571, 705
2582, 339, 598
2583, 71, 691
2584, 305, 604
2585, 44, 946
2586, 202, 313
2587, 244, 682
2588, 355, 990
2589, 473, 633
2590, 174, 540
2591, 233, 639
2592, 142, 776
2593, 197, 745
2594, 806, 992
2595, 296, 303
2596, 10, 983
2597, 51, 177
2598, 3, 301
2599, 234, 979
2600, 54, 549
2601, 393, 476
2602, 85, 967
2603, 404, 617
2604, 363, 965
2605, 348, 506
2606, 243, 624
2607, 527, 531
2608, 579, 601
2609, 20, 596
2610, 670, 726
2611, 189, 582
2612, 298, 755
2613, 1, 218
2614, 749, 815
2615, 121, 652
2616, 452, 844
2617, 362, 955
2618, 262, 291
2619, 293, 552
2620, 483, 916
2621, 533, 993
2622, 118, 603
2623, 334, 539
2624, 778, 860
2625, 5, 431
2626, 92, 510
2627, 387, 556
2628, 34, 340
2629, 198, 775
2630, 329, 738
2631, 87, 787
2632, 215, 626
2633, 416, 419
2634, 406, 699
2635, 347, 984
2636, 93, 853
2637, 139, 252
2638, 129, 358
2639, 216, 484
2640, 456, 650
2641, 645, 774
2642, 180, 821
2643, 25, 157
2644, 621, 822
2645, 2, 136
2646, 718, 922
2647, 79, 940
2648, 376, 474
2649, 70, 890
2650, 278, 665
2651, 948, 968
2652, 694, 989
2653, 635, 883
2654, 194, 994
2655, 543, 648
2656, 498, 991
2657, 9, 724
2658, 192, 445
2659, 8, 289
2660, 228, 420
2661, 141, 457
2662, 575, 673
2663, 283, 321
2664, 368, 729
2665, 299, 714
2666, 422, 649
2667, 681, 805
2668, 501, 525
2669, 590, 997
2670, 401, 816
2671, 493, 817
2672, 286, 867
2673, 36, 318
2674, 479, 504
2675, 119, 530
2676, 322, 472
2677, 263, 316
2678, 923, 975
2679, 343, 952
2680, 81, 250
2681, 284, 517
2682, 246, 764
2683, 372, 460
2684, 11, 127
2685, 735, 851
2686, 622, 631
2687, 660, 848
2688, 56, 327
2689, 52, 317
2690, 625, 884
2691, 32, 83
2692, 566, 915
2693, 297, 810
2694, 82, 934
2695, 306, 736
2696, 221, 863
2697, 113, 259
2698, 188, 927
2699, 700, 903
2700, 814, 866
2701, 864, 904
2702, 26, 687
2703, 345, 942
2704, 294, 911
2705, 845, 901
2706, 272, 779
2707, 331, 567
2708, 632, 869
2709, 199, 352
2710, 68, 117
2711, 65, 311
2712, 57, 882
2713, 430, 640
2714, 285, 307
2715, 78, 809
2716, 731, 855
2717, 394, 569
2718, 45, 620
2719, 214, 275
2720, 166, 823
2721, 59, 537
2722, 384, 468
2723, 613, 655
2724, 99, 813
2725, 206, 628
2726, 7, 790
2727, 454, 780
2728, 390, 758
2729, 609, 671
2730, 55, 100
2731, 522, 711
2732, 417, 576
2733, 310, 782
2734, 309, 974
2735, 599, 666
2736, 427, 972
2737, 421, 612
2738, 341, 614
2739, 703, 954
2740, 584, 966
2741, 61, 880
2742, 231, 469
2743, 407, 943
2744, 230, 807
2745, 38, 623
2746, 722, 932
2747, 346, 996
2748, 326, 662
2749, 581, 906
2750, 18, 616
2751, 96, 801
2752, 108, 242
2753, 833, 929
2754, 388, 509
2755, 356, 450
2756, 380, 771
2757, 170, 513
2758, 426, 733
2759, 60, 402
2760, 861, 988
2761, 138, 744
2762, 135, 852
2763, 144, 740
2764, 140, 172
2765, 757, 827
2766, 88, 541
2767, 273, 826
2768, 752, 854
2769, 50, 475
2770, 209, 619
2771, 477, 696
2772, 130, 689
2773, 255, 412
2774, 451, 526
2775, 470, 789
2776, 239, 720
2777, 480, 977
2778, 664, 838
2779, 104, 939
2780, 162, 638
2781, 21, 912
2782, 212, 373
2783, 149, 925
2784, 80, 154
2785, 48, 784
2786, 565, 597
2787, 75, 344
2788, 798, 858
2789, 737, 871
2790, 146, 190
2791, 902, 905
2792, 95, 811
2793, 425, 467
2794, 89, 553
2795, 409, 515
2796, 131, 413
2797, 182, 238
2798, 169, 825
2799, 674, 697
2800, 337, 951
2801, 716, 794
2802, 684, 765
2803, 558, 819
2804, 207, 532
2805, 392, 887
2806, 324, 518
2807, 184, 268
2808, 53, 529
2809, 42, 330
2810, 742, 748
2811, 15, 410
2812, 132, 877
2813, 397, 677
2814, 84, 90
2815, 33, 300
2816, 751, 763
2817, 548, 944
2818, 98, 248
2819, 386, 511
2820, 361, 647
2821, 395, 423
2822, 211, 266
2823, 295, 766
2824, 167, 168
2825, 28, 888
2826, 478, 945
2827, 67, 707
2828, 271, 314
2829, 171, 909
2830, 382, 701
2831, 370, 563
2832, 19, 73
2833, 706, 926
2834, 449, 463
2835, 195, 200
2836, 600, 769
2837, 538, 654
2838, 153, 611
2839, 109, 159
2840, 545, 727
2841, 164, 935
2842, 229, 428
2843, 433, 980
2844, 438, 574
2845, 312, 589
2846, 446, 770
2847, 191, 893
2848, 270, 753
2849, 520, 762
2850, 516, 788
2851, 723, 873
2852, 220, 688
2853, 116, 158
2854, 23, 715
2855, 695, 957
2856, 183, 444
2857, 403, 872
2858, 429, 921
2859, 669, 837
2860, 389, 850
2861, 137, 500
2862, 258, 969
2863, 101, 267
2864, 385, 761
2865, 77, 894
2866, 264, 328
2867, 641, 754
2868, 107, 615
2869, 186, 466
2870, 489, 524
2871, 432, 828
2872, 210, 592
2873, 14, 357
2874, 58, 114
2875, 777, 971
2876, 175, 791
2877, 630, 799
2878, 29, 702
2879, 349, 588
2880, 4, 76
2881, 105, 204
2882, 17, 690
2883, 6, 876
2884, 94, 269
2885, 203, 562
2886, 725, 783
2887, 106, 112
2888, 43, 595
2889, 547, 618
2890, 147, 636
2891, 908, 973
2892, 224, 282
2893, 418, 964
2894, 747, 862
2895, 143, 465
2896, 481, 759
2897, 495, 831
2898, 245, 257
2899, 434, 795
2900, 49, 963
2901, 323, 667
2902, 796, 885
2903, 16, 643
2904, 366, 646
2905, 240, 360
2906, 277, 400
2907, 201, 847
2908, 503, 938
2909, 818, 881
2910, 437, 839
2911, 708, 910
2912, 364, 956
2913, 31, 222
2914, 35, 656
2915, 280, 900
2916, 335, 953
2917, 542, 560
2918, 464, 797
2919, 447, 785
2920, 176, 958
2921, 253, 898
2922, 179, 237
2923, 205, 602
2924, 637, 978
2925, 499, 924
2926, 196, 336
2927, 279, 442
2928, 381, 436
2929, 86, 663
2930, 227, 315
2931, 24, 572
2932, 947, 960
2933, 709, 998
2934, 606, 732
2935, 535, 856
2936, 260, 756
2937, 181, 657
2938, 408, 767
2939, 580, 995
2940, 22, 165
2941, 155, 453
2942, 37, 793
2943, 505, 812
2944, 519, 686
2945, 115, 256
2946, 730, 829
2947, 508, 849
2948, 440, 824
2949, 808, 889
2950, 561, 679
2951, 414, 868
2952, 40, 986
2953, 208, 292
2954, 378, 804
2955, 892, 959
2956, 173, 578
2957, 63, 644
2958, 187, 627
2959, 338, 507
2960, 64, 133
2961, 126, 491
2962, 74, 719
2963, 110, 985
2964, 629, 835
2965, 534, 1000
2966, 46, 610
2967, 461, 471
2968, 573, 768
2969, 163, 462
2970, 72, 857
2971, 148, 546
2972, 39, 917
2973, 351, 559
2974, 398, 739
2975, 554, 651
2976, 249, 721
2977, 122, 568
2978, 514, 930
2979, 369, 591
2980, 842, 859
2981, 91, 160
2982, 276, 577
2983, 251, 261
2984, 488, 496
2985, 490, 781
2986, 41, 931
2987, 332, 962
2988, 760, 870
2989, 502, 741
2990, 193, 786
2991, 223, 247
2992, 145, 550
2993, 594, 920
2994, 120, 185
2995, 658, 919
2996, 150, 232
2997, 750, 999
2998, 424, 586
2999, 156, 570
3000, 13, 653
3001, 9, 887
3002, 78, 295
3003, 1, 867
3004, 297, 712
3005, 508, 824
3006, 299, 650
3007, 562, 707
3008, 111, 531
3009, 73, 858
3010, 428, 963
3011, 711, 898
3012, 82, 741
3013, 758, 875
3014, 140, 386
3015, 478, 793
3016, 339, 535
3017, 305, 414
3018, 240, 726
3019, 178, 970
3020, 223, 638
3021, 266, 653
3022, 347, 533
3023, 242, 664
3024, 133, 960
3025, 605, 628
3026, 569, 641
3027, 215, 768
3028, 55, 280
3029, 114, 183
3030, 422, 615
3031, 342, 946
3032, 259, 436
3033, 327, 990
3034, 86, 552
3035, 287, 355
3036, 149, 476
3037, 313, 991
3038, 731, 942
3039, 23, 933
3040, 794, 814
3041, 25, 544
3042, 47, 403
3043, 344, 787
3044, 217, 602
3045, 925, 927
3046, 800, 831
3047, 374, 905
3048, 94, 819
3049, 688, 728
3050, 196, 901
3051, 739, 965
3052, 22, 837
3053, 912, 915
3054, 578, 679
3055, 586, 847
3056, 634, 930
3057, 485, 872
3058, 152, 372
3059, 328, 695
3060, 273, 492
3061, 128, 737
3062, 35, 359
3063, 261, 405
3064, 376, 404
3065, 210, 354
3066, 286, 821
3067, 51, 594
3068, 233, 406
3069, 461, 635
3070, 636, 913
3071, 61, 556
3072, 166, 379
3073, 43, 320
3074, 757, 926
3075, 719, 775
3076, 304, 988
3077, 778, 979
3078, 488, 738
3079, 168, 740
3080, 363, 621
3081, 469, 956
3082, 721, 871
3083, 509, 539
3084, 684, 805
3085, 180, 332
3086, 430, 760
3087, 177, 993
3088, 423, 542
3089, 162, 868
3090, 618, 907
3091, 380, 543
3092, 890, 941
3093, 283, 457
3094, 90, 563
3095, 559, 914
3096, 36, 860
3097, 190, 288
3098, 225, 948
3099, 27, 100
3100, 398, 951
3101, 154, 825
3102, 212, 395
3103, 118, 172
3104, 378, 471
3105, 99, 435
3106, 341, 848
3107, 281, 884
3108, 18, 779
3109, 151, 400
3110, 173, 903
3111, 399, 494
3112, 377, 607
3113, 651, 833
3114, 501, 999
3115, 34, 107
3116, 271, 310
3117, 106, 467
3118, 199, 920
3119, 143, 291
3120, 408, 424
3121, 445, 693
3122, 302, 477
3123, 153, 373
3124, 284, 749
3125, 146, 715
3126, 249, 254
3127, 185, 474
3128, 573, 598
3129, 560, 919
3130, 182, 219
3131, 517, 823
3132, 4, 260
3133, 181, 672
3134, 706, 980
3135, 537, 590
3136, 96, 985
3137, 141, 857
3138, 2, 975
3139, 639, 832
3140, 468, 797
3141, 14, 613
3142, 580, 677
3143, 439, 747
3144, 534, 612
3145, 640, 830
3146, 576, 643
3147, 702, 923
3148, 16, 810
3149, 323, 904
3150, 561, 938
3151, 238, 916
3152, 125, 409
3153, 854, 856
3154, 296, 525
3155, 175, 458
3156, 394, 968
3157, 827, 829
3158, 54, 803
3159, 426, 497
3160, 8, 789
3161, 164, 366
3162, 247, 997
3163, 65, 584
3164, 7, 137
3165, 53, 110
3166, 349, 786
3167, 176, 729
3168, 156, 206
3169, 629, 683
3170, 147, 591
3171, 567, 735
3172, 40, 475
3173, 198, 936
3174, 311, 345
3175, 201, 955
3176, 566, 696
3177, 520, 716
3178, 416, 807
3179, 89, 308
3180, 796, 883
3181, 433, 986
3182, 314, 774
3183, 91, 896
3184, 571, 839
3185, 785, 895
3186, 52, 603
3187, 66, 333
3188, 510, 620
3189, 577, 769
3190, 387, 472
3191, 252, 352
3192, 32, 670
3193, 611, 888
3194, 63, 632
3195, 224, 781
3196, 165, 917
3197, 413, 674
3198, 263, 579
3199, 234, 703
3200, 459, 690
3201, 462, 554
3202, 655, 886
3203, 197, 754
3204, 29, 331
3205, 369, 909
3206, 527, 984
3207, 135, 864
3208, 68, 792
3209, 167, 934
3210, 470, 541
3211, 818, 844
3212, 362, 657
3213, 710, 755
3214, 37, 421
3215, 46, 407
3216, 460, 981
3217, 802, 908
3218, 42, 303
3219, 298, 499
3220, 587, 762
3221, 727, 845
3222, 19, 396
3223, 791, 977
3224, 292, 709
3225, 699, 840
3226, 130, 853
3227, 425, 519
3228, 500, 954
3229, 170, 899
3230, 558, 966
3231, 401, 454
3232, 48, 348
3233, 251, 532
3234, 237, 466
3235, 678, 998
3236, 411, 600
3237, 456, 855
3238, 777, 820
3239, 656, 811
3240, 402, 877
3241, 49, 547
3242, 418, 582
3243, 208, 256
3244, 321, 816
3245, 127, 412
3246, 214, 882
3247, 718, 995
3248, 187, 953
3249, 397, 989
3250, 647, 663
3251, 112, 482
3252, 275, 581
3253, 30, 463
3254, 202, 701
3255, 207, 685
3256, 806, 994
3257, 367, 383
3258, 74, 551
3259, 241, 834
3260, 512, 770
3261, 391, 565
3262, 272, 862
3263, 24, 863
3264, 92, 258
3265, 568, 608
3266, 56, 248
3267, 680, 782
3268, 81, 432
3269, 195, 652
3270, 148, 232
3271, 150, 515
3272, 105, 772
3273, 538, 616
3274, 138, 957
3275, 658, 780
3276, 282, 687
3277, 108, 601
3278, 523, 921
3279, 507, 518
3280, 33, 756
3281, 451, 698
3282, 446, 879
3283, 203, 668
3284, 97, 479
3285, 484, 812
3286, 209, 464
3287, 12, 973
3288, 77, 619
3289, 60, 264
3290, 526, 836
3291, 5, 193
3292, 486, 945
3293, 483, 897
3294, 131, 481
3295, 204, 929
3296, 799, 851
3297, 502, 850
3298, 88, 277
3299, 353, 817
3300, 236, 610
3301, 244, 992
3302, 119, 325
3303, 11, 550
3304, 211, 723
3305, 28, 753
3306, 186, 513
3307, 503, 682
3308, 564, 763
3309, 10, 455
3310, 665, 717
3311, 604, 892
3312, 255, 274
3313, 555, 630
3314, 326, 681
3315, 220, 318
3316, 440, 967
3317, 434, 624
3318, 346, 733
3319, 597, 974
3320, 205, 870
3321, 31, 191
3322, 368, 443
3323, 606, 795
3324, 171, 959
3325, 160, 626
3326, 243, 689
3327, 356, 826
3328, 104, 496
3329, 732, 928
3330, 169, 736
3331, 473, 773
3332, 189, 285
3333, 312, 529
3334, 392, 686
3335, 382, 673
3336, 301, 720
3337, 300, 528
3338, 861, 873
3339, 38, 924
3340, 692, 734
3341, 213, 268
3342, 453, 546
3343, 336, 947
3344, 625, 776
3345, 113, 324
3346, 645, 648
3347, 15, 714
3348, 227, 493
3349, 358, 671
3350, 530, 978
3351, 498, 893
3352, 188, 815
3353, 124, 159
3354, 50, 158
3355, 447, 962
3356, 419, 742
3357, 322, 902
3358, 80, 389
3359, 194, 713
3360, 69, 370
3361, 13, 705
3362, 142, 667
3363, 270, 306
3364, 145, 441
3365, 315, 813
3366, 415, 722
3367, 730, 752
3368, 319, 724
3369, 239, 660
3370, 139, 294
3371, 745, 894
3372, 388, 964
3373, 245, 889
3374, 98, 269
3375, 335, 708
3376, 338, 570
3377, 480, 761
3378, 116, 697
3379, 62, 874
3380, 675, 952
3381, 596, 878
3382, 64, 95
3383, 524, 822
3384, 393, 748
3385, 109, 371
3386, 58, 646
3387, 84, 804
3388, 437, 746
3389, 694, 976
3390, 6, 790
3391, 343, 420
3392, 798, 808
3393, 267, 849
3394, 438, 489
3395, 121, 317
3396, 57, 307
3397, 71, 583
3398, 59, 765
3399, 334, 623
3400, 184, 192
3401, 174, 828
3402, 72, 700
3403, 265, 410
3404, 661, 744
3405, 123, 221
3406, 617, 767
3407, 935, 983
3408, 17, 253
3409, 431, 448
3410, 200, 972
3411, 427, 593
3412, 79, 361
3413, 365, 449
3414, 549, 704
3415, 117, 846
3416, 506, 838
3417, 132, 649
3418, 226, 350
3419, 250, 918
3420, 290, 783
3421, 329, 880
3422, 20, 627
3423, 452, 592
3424, 102, 514
3425, 309, 751
3426, 157, 843
3427, 553, 859
3428, 450, 574
3429, 228, 429
3430, 351, 750
3431, 115, 809
3432, 136, 644
3433, 41, 637
3434, 279, 937
3435, 666, 743
3436, 229, 944
3437, 67, 75
3438, 522, 969
3439, 631, 900
3440, 764, 841
3441, 230, 654
3442, 93, 939
3443, 548, 910
3444, 126, 340
3445, 257, 949
3446, 595, 950
3447, 262, 659
3448, 357, 982
3449, 103, 330
3450, 364, 931
3451, 588, 876
3452, 589, 885
3453, 642, 911
3454, 384, 958
3455, 316, 622
3456, 45, 337
3457, 246, 521
3458, 536, 759
3459, 21, 289
3460, 26, 122
3461, 235, 516
3462, 85, 218
3463, 505, 788
3464, 179, 835
3465, 293, 766
3466, 3, 866
3467, 852, 940
3468, 669, 891
3469, 222, 1000
3470, 87, 216
3471, 155, 801
3472, 44, 943
3473, 134, 725
3474, 609, 971
3475, 83, 691
3476, 231, 487
3477, 540, 906
3478, 417, 922
3479, 76, 614
3480, 491, 996
3481, 381, 633
3482, 385, 842
3483, 129, 278
3484, 70, 465
3485, 120, 585
3486, 511, 771
3487, 39, 987
3488, 572, 676
3489, 101, 490
3490, 575, 961
3491, 163, 865
3492, 504, 599
3493, 390, 662
3494, 557, 784
3495, 144, 881
3496, 495, 932
3497, 276, 375
3498, 444, 545
3499, 161, 442
3500, 360, 869
3501, 178, 483
3502, 796, 806
3503, 100, 511
3504, 463, 969
3505, 762, 935
3506, 72, 97
3507, 1, 366
3508, 691, 795
3509, 112, 890
3510, 565, 943
3511, 89, 603
3512, 120, 379
3513, 222, 459
3514, 216, 644
3515, 361, 854
3516, 151, 703
3517, 407, 995
3518, 640, 991
3519, 345, 938
3520, 405, 934
3521, 556, 570
3522, 641, 693
3523, 55, 519
3524, 613, 923
3525, 215, 419
3526, 56, 885
3527, 129, 561
3528, 731, 933
3529, 601, 805
3530, 542, 689
3531, 41, 697
3532, 401, 415
3533, 462, 694
3534, 472, 501
3535, 51, 420
3536, 98, 331
3537, 334, 931
3538, 241, 549
3539, 509, 927
3540, 192, 756
3541, 11, 952
3542, 346, 752
3543, 113, 168
3544, 292, 352
3545, 325, 446
3546, 303, 898
3547, 50, 398
3548, 6, 126
3549, 19, 469
3550, 396, 936
3551, 210, 283
3552, 351, 788
3553, 624, 678
3554, 52, 746
3555, 725, 972
3556, 814, 880
3557, 749, 870
3558, 319, 951
3559, 106, 997
3560, 311, 767
3561, 295, 811
3562, 616, 793
3563, 358, 776
3564, 455, 548
3565, 310, 323
3566, 276, 431
3567, 512, 877
3568, 395, 701
3569, 573, 954
3570, 333, 412
3571, 154, 886
3572, 235, 822
3573, 252, 554
3574, 706, 729
3575, 233, 555
3576, 18, 82
3577, 320, 838
3578, 163, 532
3579, 166, 676
3580, 581, 766
3581, 364, 593
3582, 108, 264
3583, 344, 780
3584, 94, 928
3585, 827, 853
3586, 564, 653
3587, 54, 621
3588, 73, 769
3589, 162, 855
3590, 529, 993
3591, 291, 534
3592, 871, 881
3593, 718, 856
3594, 237, 574
3595, 423, 850
3596, 118, 937
3597, 243, 272
3598, 737, 763
3599, 889, 929
3600, 304, 562
3601, 58, 686
3602, 696, 903
3603, 305, 964
3604, 289, 690
3605, 741, 753
3606, 228, 563
3607, 142, 209
3608, 172, 426
3609, 394, 738
3610, 32, 764
3611, 410, 905
3612, 96, 339
3613, 651, 817
3614, 197, 308
3615, 176, 627
3616, 296, 732
3617, 80, 761
3618, 251, 454
3619, 327, 400
3620, 948, 985
3621, 7, 539
3622, 219, 945
3623, 62, 253
3624, 382, 742
3625, 417, 488
3626, 717, 957
3627, 110, 381
3628, 362, 541
3629, 274, 328
3630, 466, 797
3631, 127, 648
3632, 528, 596
3633, 614, 874
3634, 13, 904
3635, 663, 983
3636, 341, 798
3637, 478, 872
3638, 225, 896
3639, 655, 980
3640, 102, 883
3641, 386, 444
3642, 498, 662
3643, 774, 920
3644, 489, 592
3645, 180, 318
3646, 553, 712
3647, 239, 391
3648, 150, 588
3649, 28, 81
3650, 146, 673
3651, 380, 845
3652, 183, 560
3653, 232, 428
3654, 245, 984
3655, 109, 643
3656, 167, 337
3657, 681, 949
3658, 205, 930
3659, 25, 944
3660, 716, 959
3661, 486, 630
3662, 30, 231
3663, 336, 902
3664, 207, 491
3665, 424, 941
3666, 285, 888
3667, 911, 914
3668, 628, 953
3669, 287, 682
3670, 307, 442
3671, 184, 425
3672, 861, 887
3673, 658, 661
3674, 2, 567
3675, 262, 467
3676, 101, 104
3677, 803, 968
3678, 600, 846
3679, 378, 977
3680, 125, 414
3681, 589, 704
3682, 214, 987
3683, 734, 974
3684, 299, 875
3685, 111, 784
3686, 506, 996
3687, 582, 994
3688, 743, 981
3689, 61, 865
3690, 187, 758
3691, 250, 975
3692, 508, 770
3693, 834, 849
3694, 440, 566
3695, 445, 500
3696, 123, 193
3697, 692, 857
3698, 139, 490
3699, 67, 448
3700, 95, 447
3701, 777, 909
3702, 505, 518
3703, 152, 464
3704, 263, 493
3705, 388, 677
3706, 170, 543
3707, 99, 363
3708, 24, 157
3709, 916, 973
3710, 238, 714
3711, 271, 273
3712, 230, 434
3713, 372, 436
3714, 365, 586
3715, 46, 965
3716, 84, 213
3717, 57, 727
3718, 715, 961
3719, 279, 837
3720, 494, 591
3721, 487, 516
3722, 572, 647
3723, 141, 147
3724, 309, 988
3725, 473, 524
3726, 10, 558
3727, 571, 730
3728, 92, 932
3729, 136, 639
3730, 437, 576
3731, 221, 577
3732, 107, 164
3733, 652, 804
3734, 940, 999
3735, 22, 356
3736, 71, 355
3737, 3, 825
3738, 199, 406
3739, 223, 950
3740, 37, 470
3741, 782, 921
3742, 306, 815
3743, 134, 402
3744, 145, 843
3745, 242, 835
3746, 128, 510
3747, 124, 906
3748, 297, 649
3749, 657, 917
3750, 64, 525
3751, 413, 823
3752, 634, 841
3753, 42, 819
3754, 451, 958
3755, 598, 863
3756, 5, 584
3757, 982, 992
3758, 190, 679
3759, 708, 859
3760, 724, 869
3761, 53, 76
3762, 433, 650
3763, 275, 848
3764, 257, 765
3765, 844, 851
3766, 370, 908
3767, 161, 269
3768, 148, 460
3769, 34, 656
3770, 779, 831
3771, 484, 502
3772, 16, 688
3773, 17, 976
3774, 456, 799
3775, 408, 526
3776, 475, 672
3777, 638, 684
3778, 282, 429
3779, 683, 860
3780, 281, 966
3781, 79, 202
3782, 70, 787
3783, 266, 302
3784, 435, 504
3785, 158, 195
3786, 367, 664
3787, 40, 1000
3788, 343, 617
3789, 189, 515
3790, 204, 359
3791, 194, 208
3792, 69, 321
3793, 38, 83
3794, 465, 722
3795, 12, 246
3796, 393, 583
3797, 569, 685
3798, 322, 480
3799, 432, 523
3800, 468, 568
3801, 481, 939
3802, 342, 702
3803, 669, 808
3804, 546, 720
3805, 385, 713
3806, 801, 891
3807, 535, 868
3808, 247, 922
3809, 404, 970
3810, 244, 654
3811, 165, 626
3812, 103, 290
3813, 211, 312
3814, 175, 206
3815, 63, 754
3816, 265, 646
3817, 590, 608
3818, 14, 540
3819, 314, 503
3820, 443, 695
3821, 757, 915
3822, 338, 821
3823, 188, 547
3824, 224, 255
3825, 236, 595
3826, 457, 587
3827, 317, 816
3828, 229, 427
3829, 552, 775
3830, 36, 335
3831, 135, 829
3832, 93, 597
3833, 77, 122
3834, 430, 474
3835, 723, 820
3836, 668, 873
3837, 87, 879
3838, 773, 783
3839, 399, 866
3840, 78, 347
3841, 270, 619
3842, 149, 910
3843, 745, 878
3844, 267, 326
3845, 226, 280
3846, 416, 618
3847, 736, 800
3848, 159, 260
3849, 353, 384
3850, 179, 967
3851, 9, 132
3852, 85, 557
3853, 544, 926
3854, 20, 313
3855, 369, 709
3856, 293, 377
3857, 368, 477
3858, 33, 778
3859, 220, 665
3860, 315, 963
3861, 171, 301
3862, 719, 792
3863, 268, 711
3864, 330, 925
3865, 495, 751
3866, 116, 882
3867, 422, 998
3868, 636, 842
3869, 383, 625
3870, 137, 169
3871, 286, 794
3872, 49, 545
3873, 131, 418
3874, 8, 277
3875, 115, 671
3876, 155, 637
3877, 66, 360
3878, 59, 847
3879, 31, 140
3880, 461, 818
3881, 217, 839
3882, 284, 962
3883, 86, 119
3884, 29, 895
3885, 531, 594
3886, 133, 606
3887, 397, 990
3888, 177, 735
3889, 520, 894
3890, 615, 629
3891, 35, 240
3892, 185, 721
3893, 514, 707
3894, 482, 513
3895, 620, 960
3896, 249, 897
3897, 218, 687
3898, 441, 659
3899, 521, 559
3900, 670, 956
3901, 409, 439
3902, 15, 191
3903, 288, 609
3904, 527, 631
3905, 575, 781
3906, 830, 899
3907, 453, 750
3908, 74, 227
3909, 44, 259
3910, 632, 833
3911, 75, 612
3912, 201, 373
3913, 248, 876
3914, 348, 947
3915, 810, 900
3916, 278, 538
3917, 376, 680
3918, 23, 438
3919, 121, 578
3920, 160, 389
3921, 173, 421
3922, 392, 771
3923, 497, 946
3924, 375, 522
3925, 450, 836
3926, 143, 153
3927, 580, 705
3928, 371, 387
3929, 47, 667
3930, 39, 579
3931, 130, 698
3932, 884, 907
3933, 181, 254
3934, 27, 200
3935, 357, 744
3936, 492, 585
3937, 602, 772
3938, 824, 986
3939, 186, 332
3940, 403, 551
3941, 739, 942
3942, 390, 633
3943, 21, 610
3944, 316, 989
3945, 452, 807
3946, 802, 978
3947, 411, 471
3948, 91, 645
3949, 212, 675
3950, 4, 354
3951, 340, 901
3952, 350, 979
3953, 65, 256
3954, 45, 117
3955, 790, 971
3956, 90, 955
3957, 156, 826
3958, 88, 789
3959, 812, 832
3960, 852, 864
3961, 476, 791
3962, 728, 924
3963, 699, 893
3964, 43, 517
3965, 660, 700
3966, 26, 174
3967, 196, 458
3968, 324, 329
3969, 203, 755
3970, 105, 786
3971, 294, 499
3972, 537, 635
3973, 740, 918
3974, 607, 858
3975, 611, 748
3976, 507, 622
3977, 298, 840
3978, 813, 862
3979, 623, 733
3980, 68, 785
3981, 485, 536
3982, 759, 913
3983, 479, 533
3984, 234, 867
3985, 48, 60
3986, 449, 530
3987, 605, 747
3988, 710, 768
3989, 138, 726
3990, 261, 919
3991, 114, 604
3992, 258, 349
3993, 809, 892
3994, 300, 599
3995, 374, 912
3996, 496, 674
3997, 198, 666
3998, 144, 642
3999, 550, 760
4000, 182, 828
