id, img1, img2
1, 711, 842
2, 132, 849
3, 191, 486
4, 439, 451
5, 302, 836
6, 122, 494
7, 713, 744
8, 828, 958
9, 177, 989
10, 13, 288
11, 514, 726
12, 454, 749
13, 466, 635
14, 551, 722
15, 349, 882
16, 93, 811
17, 164, 698
18, 432, 902
19, 316, 605
20, 395, 700
21, 881, 928
22, 538, 986
23, 300, 660
24, 391, 762
25, 475, 555
26, 588, 655
27, 651, 934
28, 56, 385
29, 275, 940
30, 80, 386
31, 626, 899
32, 382, 681
33, 114, 824
34, 229, 781
35, 471, 562
36, 666, 960
37, 643, 760
38, 553, 710
39, 603, 861
40, 97, 731
41, 332, 458
42, 399, 889
43, 238, 891
44, 173, 854
45, 12, 857
46, 631, 919
47, 524, 678
48, 201, 408
49, 295, 977
50, 557, 691
51, 689, 864
52, 616, 920
53, 412, 770
54, 351, 737
55, 500, 564
56, 1, 293
57, 43, 526
58, 92, 334
59, 314, 845
60, 189, 991
61, 508, 716
62, 182, 197
63, 404, 968
64, 365, 921
65, 250, 973
66, 27, 211
67, 586, 668
68, 276, 835
69, 17, 53
70, 204, 801
71, 797, 964
72, 116, 757
73, 261, 305
74, 167, 344
75, 778, 821
76, 428, 740
77, 66, 995
78, 146, 403
79, 346, 576
80, 130, 788
81, 214, 852
82, 87, 659
83, 426, 565
84, 19, 23
85, 160, 210
86, 147, 503
87, 14, 697
88, 44, 598
89, 28, 910
90, 172, 273
91, 241, 336
92, 366, 575
93, 753, 972
94, 645, 970
95, 269, 787
96, 301, 783
97, 798, 834
98, 400, 844
99, 348, 378
100, 355, 425
101, 21, 531
102, 129, 547
103, 170, 233
104, 287, 954
105, 278, 969
106, 283, 534
107, 277, 552
108, 237, 984
109, 563, 843
110, 830, 952
111, 608, 955
112, 568, 990
113, 313, 647
114, 335, 908
115, 5, 64
116, 488, 596
117, 370, 804
118, 306, 812
119, 249, 994
120, 18, 664
121, 227, 343
122, 456, 707
123, 318, 410
124, 540, 549
125, 580, 953
126, 6, 498
127, 859, 985
128, 136, 767
129, 89, 205
130, 461, 649
131, 85, 356
132, 473, 658
133, 755, 937
134, 221, 942
135, 493, 657
136, 312, 901
137, 388, 674
138, 497, 779
139, 220, 625
140, 209, 320
141, 158, 862
142, 37, 460
143, 296, 636
144, 764, 971
145, 371, 785
146, 507, 515
147, 77, 997
148, 54, 464
149, 522, 606
150, 24, 870
151, 789, 832
152, 150, 198
153, 68, 961
154, 291, 424
155, 883, 932
156, 286, 866
157, 627, 750
158, 139, 213
159, 46, 259
160, 521, 817
161, 111, 206
162, 22, 279
163, 420, 661
164, 83, 819
165, 634, 999
166, 415, 559
167, 115, 728
168, 193, 417
169, 419, 768
170, 347, 474
171, 149, 703
172, 159, 915
173, 180, 297
174, 457, 622
175, 4, 183
176, 208, 979
177, 145, 884
178, 670, 892
179, 489, 967
180, 69, 936
181, 536, 794
182, 253, 729
183, 86, 677
184, 228, 739
185, 326, 379
186, 41, 780
187, 706, 907
188, 25, 853
189, 484, 620
190, 9, 587
191, 299, 505
192, 63, 224
193, 39, 263
194, 904, 981
195, 99, 463
196, 396, 712
197, 618, 806
198, 774, 867
199, 566, 602
200, 255, 790
201, 646, 946
202, 530, 847
203, 7, 665
204, 309, 1000
205, 482, 594
206, 94, 487
207, 110, 117
208, 10, 848
209, 185, 613
210, 431, 496
211, 156, 441
212, 47, 688
213, 245, 709
214, 190, 945
215, 333, 976
216, 578, 998
217, 222, 742
218, 676, 856
219, 289, 769
220, 381, 925
221, 593, 792
222, 218, 838
223, 248, 917
224, 322, 629
225, 247, 799
226, 841, 987
227, 217, 600
228, 184, 868
229, 604, 808
230, 327, 537
231, 294, 816
232, 102, 721
233, 67, 933
234, 108, 893
235, 45, 101
236, 171, 863
237, 203, 271
238, 533, 878
239, 392, 479
240, 166, 375
241, 55, 76
242, 438, 673
243, 435, 570
244, 274, 440
245, 714, 823
246, 34, 734
247, 357, 675
248, 58, 492
249, 239, 330
250, 448, 833
251, 98, 126
252, 266, 528
253, 406, 911
254, 60, 875
255, 321, 325
256, 119, 212
257, 49, 573
258, 265, 630
259, 181, 556
260, 544, 956
261, 820, 909
262, 597, 807
263, 281, 525
264, 560, 561
265, 272, 449
266, 65, 542
267, 485, 941
268, 151, 831
269, 199, 747
270, 143, 468
271, 26, 331
272, 3, 877
273, 140, 912
274, 163, 383
275, 467, 684
276, 589, 633
277, 384, 502
278, 50, 390
279, 481, 543
280, 100, 368
281, 109, 352
282, 683, 846
283, 380, 813
284, 52, 763
285, 614, 938
286, 280, 918
287, 59, 694
288, 176, 268
289, 477, 905
290, 178, 532
291, 138, 328
292, 529, 704
293, 405, 628
294, 705, 890
295, 447, 814
296, 686, 966
297, 815, 827
298, 194, 591
299, 148, 234
300, 401, 725
301, 256, 680
302, 903, 939
303, 30, 71
304, 720, 872
305, 730, 818
306, 123, 858
307, 292, 359
308, 601, 874
309, 232, 329
310, 112, 491
311, 72, 930
312, 354, 650
313, 421, 951
314, 174, 394
315, 35, 246
316, 88, 758
317, 133, 582
318, 161, 472
319, 777, 914
320, 104, 667
321, 692, 957
322, 2, 345
323, 82, 187
324, 455, 518
325, 443, 826
326, 134, 240
327, 262, 809
328, 430, 579
329, 693, 949
330, 510, 695
331, 179, 611
332, 360, 974
333, 118, 207
334, 595, 766
335, 298, 871
336, 545, 775
337, 231, 754
338, 75, 541
339, 16, 70
340, 393, 948
341, 73, 422
342, 436, 825
343, 91, 442
344, 745, 980
345, 162, 690
346, 511, 638
347, 308, 574
348, 512, 975
349, 62, 373
350, 216, 429
351, 337, 445
352, 850, 943
353, 31, 829
354, 416, 571
355, 113, 623
356, 152, 315
357, 125, 157
358, 663, 671
359, 516, 927
360, 57, 144
361, 784, 800
362, 252, 751
363, 29, 988
364, 254, 387
365, 656, 851
366, 128, 452
367, 639, 733
368, 569, 685
369, 121, 935
370, 702, 765
371, 423, 427
372, 196, 822
373, 495, 727
374, 257, 913
375, 413, 752
376, 226, 362
377, 219, 397
378, 369, 609
379, 78, 837
380, 364, 583
381, 153, 855
382, 632, 718
383, 8, 592
384, 585, 900
385, 340, 641
386, 682, 888
387, 124, 558
388, 612, 947
389, 358, 520
390, 434, 896
391, 225, 284
392, 894, 923
393, 453, 723
394, 319, 931
395, 462, 996
396, 81, 581
397, 607, 610
398, 567, 699
399, 756, 810
400, 51, 506
401, 106, 879
402, 200, 398
403, 483, 880
404, 599, 898
405, 142, 465
406, 290, 377
407, 376, 478
408, 95, 127
409, 310, 577
410, 637, 696
411, 42, 341
412, 490, 715
413, 527, 962
414, 33, 572
415, 652, 759
416, 79, 701
417, 38, 418
418, 36, 648
419, 554, 959
420, 61, 155
421, 407, 746
422, 476, 732
423, 141, 916
424, 131, 687
425, 96, 840
426, 235, 444
427, 169, 963
428, 230, 771
429, 105, 304
430, 372, 459
431, 154, 786
432, 48, 267
433, 317, 350
434, 363, 535
435, 324, 374
436, 186, 264
437, 367, 876
438, 353, 865
439, 282, 539
440, 175, 402
441, 107, 523
442, 195, 802
443, 15, 929
444, 501, 773
445, 499, 548
446, 323, 414
447, 103, 719
448, 513, 654
449, 672, 679
450, 244, 950
451, 469, 978
452, 188, 772
453, 450, 669
454, 270, 860
455, 389, 743
456, 120, 509
457, 165, 338
458, 11, 642
459, 839, 873
460, 303, 782
461, 223, 793
462, 243, 285
463, 192, 624
464, 480, 736
465, 307, 361
466, 619, 992
467, 339, 644
468, 409, 885
469, 869, 965
470, 411, 717
471, 517, 886
472, 617, 795
473, 741, 887
474, 40, 546
475, 584, 796
476, 242, 640
477, 251, 735
478, 342, 983
479, 168, 906
480, 761, 922
481, 32, 550
482, 90, 258
483, 135, 446
484, 202, 805
485, 311, 504
486, 519, 776
487, 590, 615
488, 437, 791
489, 137, 260
490, 748, 803
491, 708, 926
492, 724, 982
493, 215, 236
494, 662, 993
495, 621, 897
496, 433, 924
497, 20, 84
498, 470, 738
499, 74, 944
500, 653, 895
501, 101, 227
502, 55, 64
503, 543, 846
504, 465, 920
505, 135, 813
506, 764, 843
507, 517, 831
508, 133, 685
509, 142, 250
510, 487, 515
511, 138, 523
512, 31, 580
513, 610, 793
514, 206, 981
515, 140, 169
516, 418, 647
517, 835, 844
518, 482, 860
519, 284, 617
520, 892, 947
521, 248, 754
522, 333, 540
523, 510, 666
524, 656, 810
525, 203, 761
526, 376, 856
527, 228, 509
528, 330, 648
529, 885, 946
530, 314, 782
531, 281, 375
532, 16, 278
533, 93, 196
534, 131, 245
535, 152, 694
536, 438, 826
537, 343, 770
538, 100, 863
539, 40, 318
540, 200, 492
541, 522, 734
542, 792, 795
543, 655, 702
544, 150, 189
545, 302, 983
546, 54, 714
547, 240, 914
548, 244, 904
549, 25, 362
550, 321, 750
551, 60, 818
552, 74, 681
553, 132, 359
554, 220, 309
555, 90, 494
556, 730, 902
557, 187, 260
558, 67, 992
559, 329, 668
560, 47, 893
561, 49, 870
562, 373, 729
563, 221, 331
564, 110, 988
565, 312, 919
566, 385, 741
567, 84, 613
568, 146, 628
569, 554, 622
570, 4, 573
571, 210, 454
572, 139, 675
573, 353, 466
574, 177, 651
575, 485, 511
576, 311, 560
577, 42, 933
578, 352, 567
579, 193, 552
580, 277, 378
581, 225, 398
582, 493, 894
583, 471, 491
584, 166, 167
585, 783, 888
586, 686, 695
587, 24, 566
588, 410, 411
589, 532, 739
590, 7, 235
591, 252, 453
592, 439, 457
593, 564, 726
594, 265, 938
595, 32, 929
596, 384, 758
597, 188, 472
598, 633, 979
599, 478, 882
600, 383, 548
601, 363, 732
602, 3, 296
603, 122, 593
604, 112, 346
605, 335, 379
606, 268, 719
607, 703, 725
608, 723, 985
609, 401, 529
610, 75, 710
611, 347, 484
612, 130, 704
613, 687, 880
614, 22, 950
615, 290, 747
616, 259, 806
617, 288, 868
618, 718, 986
619, 19, 82
620, 51, 396
621, 176, 332
622, 276, 336
623, 370, 737
624, 232, 275
625, 642, 916
626, 246, 462
627, 440, 649
628, 86, 834
629, 56, 464
630, 832, 841
631, 404, 539
632, 218, 446
633, 191, 572
634, 448, 780
635, 480, 936
636, 43, 395
637, 158, 293
638, 300, 794
639, 847, 865
640, 612, 811
641, 659, 828
642, 263, 629
643, 496, 772
644, 688, 968
645, 674, 964
646, 386, 821
647, 338, 526
648, 308, 698
649, 27, 483
650, 303, 441
651, 123, 361
652, 428, 553
653, 575, 805
654, 129, 470
655, 878, 959
656, 165, 626
657, 80, 458
658, 81, 163
659, 533, 787
660, 89, 424
661, 99, 261
662, 106, 459
663, 103, 304
664, 451, 872
665, 683, 972
666, 48, 460
667, 576, 949
668, 147, 976
669, 693, 911
670, 500, 577
671, 541, 820
672, 53, 999
673, 800, 822
674, 175, 592
675, 18, 875
676, 239, 390
677, 38, 852
678, 242, 801
679, 467, 508
680, 223, 713
681, 65, 420
682, 105, 365
683, 414, 521
684, 590, 765
685, 372, 944
686, 20, 942
687, 26, 422
688, 186, 716
689, 45, 542
690, 367, 595
691, 179, 990
692, 295, 657
693, 233, 313
694, 141, 354
695, 645, 825
696, 68, 932
697, 434, 926
698, 669, 889
699, 6, 984
700, 357, 859
701, 184, 389
702, 605, 864
703, 264, 282
704, 77, 786
705, 538, 641
706, 431, 520
707, 563, 927
708, 144, 897
709, 159, 956
710, 208, 582
711, 71, 327
712, 126, 310
713, 609, 853
714, 267, 585
715, 160, 736
716, 294, 600
717, 364, 528
718, 30, 708
719, 50, 677
720, 561, 798
721, 502, 862
722, 46, 430
723, 271, 625
724, 87, 535
725, 153, 170
726, 9, 17
727, 307, 965
728, 190, 746
729, 534, 799
730, 701, 857
731, 156, 214
732, 591, 785
733, 2, 444
734, 601, 608
735, 544, 971
736, 632, 672
737, 63, 771
738, 36, 59
739, 198, 266
740, 292, 301
741, 15, 503
742, 456, 943
743, 393, 402
744, 731, 905
745, 298, 611
746, 183, 809
747, 172, 939
748, 164, 476
749, 134, 945
750, 391, 571
751, 151, 855
752, 989, 998
753, 161, 219
754, 230, 394
755, 486, 814
756, 350, 579
757, 35, 639
758, 79, 621
759, 92, 804
760, 415, 842
761, 215, 748
762, 217, 243
763, 12, 781
764, 377, 808
765, 433, 937
766, 443, 490
767, 789, 907
768, 254, 409
769, 117, 881
770, 744, 807
771, 504, 562
772, 618, 667
773, 555, 634
774, 8, 873
775, 407, 970
776, 339, 935
777, 589, 619
778, 342, 709
779, 499, 960
780, 29, 280
781, 450, 475
782, 249, 387
783, 118, 514
784, 374, 689
785, 623, 697
786, 201, 551
787, 213, 289
788, 381, 578
789, 358, 839
790, 536, 658
791, 66, 883
792, 62, 812
793, 102, 463
794, 403, 531
795, 524, 637
796, 405, 546
797, 606, 887
798, 715, 895
799, 185, 910
800, 550, 586
801, 234, 974
802, 121, 763
803, 355, 756
804, 173, 706
805, 1, 987
806, 328, 913
807, 662, 774
808, 317, 762
809, 413, 607
810, 149, 168
811, 423, 884
812, 37, 388
813, 452, 584
814, 127, 918
815, 21, 676
816, 588, 664
817, 148, 435
818, 858, 901
819, 222, 975
820, 98, 957
821, 442, 991
822, 262, 768
823, 285, 817
824, 291, 636
825, 417, 690
826, 406, 997
827, 513, 930
828, 742, 776
829, 305, 399
830, 258, 699
831, 143, 231
832, 778, 898
833, 836, 952
834, 114, 182
835, 436, 791
836, 437, 928
837, 530, 615
838, 671, 692
839, 360, 874
840, 497, 850
841, 238, 707
842, 474, 777
843, 602, 733
844, 23, 903
845, 299, 953
846, 371, 680
847, 155, 620
848, 501, 879
849, 816, 896
850, 516, 738
851, 283, 751
852, 192, 236
853, 461, 759
854, 594, 848
855, 319, 635
856, 597, 925
857, 356, 900
858, 790, 941
859, 412, 923
860, 449, 980
861, 425, 712
862, 421, 670
863, 115, 661
864, 644, 665
865, 803, 917
866, 498, 861
867, 587, 775
868, 556, 866
869, 400, 948
870, 682, 851
871, 61, 73
872, 52, 207
873, 88, 340
874, 211, 823
875, 204, 749
876, 181, 518
877, 802, 906
878, 392, 505
879, 867, 973
880, 241, 506
881, 41, 652
882, 119, 660
883, 315, 341
884, 627, 757
885, 10, 994
886, 39, 512
887, 14, 34
888, 696, 934
889, 507, 624
890, 255, 962
891, 195, 272
892, 70, 76
893, 274, 527
894, 286, 969
895, 104, 769
896, 724, 977
897, 745, 967
898, 684, 700
899, 5, 519
900, 640, 650
901, 829, 963
902, 488, 547
903, 97, 429
904, 212, 921
905, 830, 908
906, 229, 890
907, 469, 876
908, 237, 643
909, 94, 297
910, 270, 325
911, 574, 721
912, 638, 711
913, 445, 833
914, 174, 717
915, 432, 958
916, 83, 827
917, 727, 743
918, 351, 673
919, 194, 788
920, 28, 603
921, 180, 224
922, 598, 760
923, 349, 419
924, 344, 604
925, 107, 995
926, 840, 951
927, 426, 631
928, 348, 966
929, 368, 596
930, 565, 854
931, 306, 616
932, 525, 784
933, 753, 996
934, 427, 447
935, 226, 849
936, 558, 797
937, 116, 366
938, 91, 891
939, 72, 178
940, 256, 477
941, 583, 735
942, 209, 720
943, 654, 796
944, 13, 44
945, 559, 678
946, 663, 915
947, 569, 705
948, 125, 408
949, 316, 337
950, 247, 322
951, 69, 899
952, 128, 815
953, 653, 909
954, 95, 646
955, 253, 473
956, 279, 345
957, 111, 824
958, 269, 287
959, 481, 489
960, 755, 955
961, 162, 940
962, 740, 886
963, 468, 954
964, 557, 924
965, 216, 455
966, 199, 323
967, 495, 570
968, 157, 205
969, 113, 154
970, 109, 324
971, 108, 145
972, 614, 752
973, 58, 78
974, 599, 766
975, 630, 722
976, 837, 1000
977, 779, 877
978, 251, 679
979, 479, 819
980, 581, 978
981, 136, 869
982, 845, 922
983, 334, 993
984, 171, 728
985, 33, 545
986, 773, 961
987, 202, 326
988, 273, 691
989, 11, 85
990, 57, 369
991, 380, 549
992, 124, 537
993, 96, 931
994, 197, 320
995, 397, 416
996, 137, 257
997, 838, 871
998, 120, 912
999, 382, 568
1000, 767, 982
1001, 134, 450
1002, 676, 910
1003, 96, 280
1004, 331, 957
1005, 149, 963
1006, 740, 992
1007, 46, 767
1008, 81, 875
1009, 60, 495
1010, 362, 364
1011, 257, 287
1012, 347, 459
1013, 62, 971
1014, 845, 904
1015, 523, 610
1016, 564, 862
1017, 132, 273
1018, 544, 667
1019, 1, 671
1020, 229, 732
1021, 525, 563
1022, 241, 433
1023, 210, 412
1024, 513, 831
1025, 179, 497
1026, 439, 986
1027, 77, 841
1028, 191, 706
1029, 441, 554
1030, 76, 637
1031, 143, 696
1032, 462, 742
1033, 209, 568
1034, 73, 318
1035, 970, 998
1036, 54, 749
1037, 214, 313
1038, 455, 665
1039, 301, 952
1040, 13, 350
1041, 850, 964
1042, 165, 197
1043, 274, 751
1044, 71, 615
1045, 392, 508
1046, 467, 663
1047, 652, 848
1048, 464, 712
1049, 645, 653
1050, 707, 786
1051, 22, 591
1052, 279, 777
1053, 605, 613
1054, 359, 480
1055, 421, 714
1056, 308, 390
1057, 630, 762
1058, 295, 435
1059, 487, 849
1060, 152, 593
1061, 560, 594
1062, 240, 736
1063, 247, 934
1064, 68, 661
1065, 212, 795
1066, 182, 887
1067, 167, 551
1068, 785, 822
1069, 621, 626
1070, 725, 825
1071, 169, 837
1072, 110, 687
1073, 357, 527
1074, 784, 943
1075, 602, 616
1076, 774, 961
1077, 690, 913
1078, 309, 651
1079, 343, 834
1080, 384, 977
1081, 155, 415
1082, 7, 727
1083, 28, 973
1084, 8, 469
1085, 500, 868
1086, 39, 192
1087, 161, 337
1088, 2, 990
1089, 239, 546
1090, 383, 625
1091, 278, 689
1092, 119, 769
1093, 403, 633
1094, 265, 944
1095, 539, 573
1096, 50, 674
1097, 213, 291
1098, 38, 529
1099, 449, 600
1100, 385, 766
1101, 106, 162
1102, 84, 640
1103, 557, 731
1104, 419, 794
1105, 481, 812
1106, 58, 632
1107, 518, 638
1108, 817, 839
1109, 23, 932
1110, 150, 847
1111, 15, 815
1112, 574, 804
1113, 584, 715
1114, 420, 492
1115, 20, 570
1116, 216, 250
1117, 672, 892
1118, 243, 877
1119, 61, 200
1120, 66, 821
1121, 5, 561
1122, 268, 298
1123, 765, 778
1124, 693, 730
1125, 128, 842
1126, 516, 660
1127, 753, 907
1128, 139, 898
1129, 129, 381
1130, 322, 789
1131, 188, 567
1132, 120, 816
1133, 284, 532
1134, 145, 670
1135, 338, 694
1136, 569, 688
1137, 367, 755
1138, 123, 788
1139, 118, 244
1140, 555, 942
1141, 585, 946
1142, 761, 931
1143, 329, 954
1144, 198, 823
1145, 365, 556
1146, 223, 684
1147, 565, 726
1148, 376, 485
1149, 486, 512
1150, 158, 744
1151, 297, 936
1152, 59, 476
1153, 351, 923
1154, 288, 502
1155, 206, 935
1156, 219, 938
1157, 18, 782
1158, 233, 750
1159, 255, 820
1160, 316, 991
1161, 225, 683
1162, 635, 752
1163, 108, 917
1164, 507, 581
1165, 289, 520
1166, 583, 629
1167, 692, 876
1168, 166, 869
1169, 184, 939
1170, 142, 636
1171, 195, 314
1172, 305, 622
1173, 695, 797
1174, 332, 340
1175, 533, 614
1176, 82, 171
1177, 266, 641
1178, 493, 1000
1179, 648, 802
1180, 306, 488
1181, 181, 933
1182, 121, 947
1183, 87, 958
1184, 558, 654
1185, 711, 763
1186, 249, 685
1187, 396, 861
1188, 380, 466
1189, 530, 773
1190, 47, 133
1191, 104, 361
1192, 307, 710
1193, 43, 719
1194, 65, 922
1195, 436, 829
1196, 173, 972
1197, 484, 838
1198, 116, 470
1199, 86, 276
1200, 17, 951
1201, 566, 818
1202, 26, 327
1203, 159, 550
1204, 170, 863
1205, 91, 962
1206, 806, 941
1207, 619, 840
1208, 582, 590
1209, 369, 919
1210, 757, 803
1211, 647, 649
1212, 489, 854
1213, 686, 832
1214, 292, 315
1215, 372, 624
1216, 496, 628
1217, 36, 202
1218, 226, 830
1219, 14, 604
1220, 238, 356
1221, 547, 608
1222, 538, 620
1223, 160, 836
1224, 41, 833
1225, 319, 490
1226, 456, 864
1227, 342, 503
1228, 658, 704
1229, 254, 505
1230, 88, 598
1231, 534, 920
1232, 379, 929
1233, 103, 183
1234, 146, 463
1235, 607, 914
1236, 234, 754
1237, 135, 759
1238, 63, 168
1239, 650, 979
1240, 552, 853
1241, 526, 873
1242, 643, 666
1243, 510, 589
1244, 296, 494
1245, 138, 311
1246, 353, 985
1247, 102, 965
1248, 317, 479
1249, 345, 801
1250, 264, 425
1251, 230, 760
1252, 72, 993
1253, 326, 611
1254, 465, 882
1255, 32, 509
1256, 382, 705
1257, 528, 680
1258, 64, 870
1259, 270, 576
1260, 293, 542
1261, 101, 374
1262, 98, 172
1263, 724, 894
1264, 156, 682
1265, 31, 99
1266, 339, 835
1267, 242, 664
1268, 281, 634
1269, 115, 642
1270, 253, 739
1271, 330, 844
1272, 19, 454
1273, 429, 575
1274, 328, 536
1275, 321, 824
1276, 735, 976
1277, 617, 713
1278, 775, 826
1279, 424, 535
1280, 177, 858
1281, 3, 235
1282, 491, 968
1283, 691, 895
1284, 592, 623
1285, 346, 720
1286, 4, 901
1287, 113, 776
1288, 49, 746
1289, 27, 443
1290, 33, 975
1291, 320, 948
1292, 97, 208
1293, 290, 698
1294, 85, 358
1295, 394, 460
1296, 144, 405
1297, 393, 805
1298, 366, 478
1299, 397, 980
1300, 391, 477
1301, 388, 437
1302, 248, 447
1303, 880, 897
1304, 294, 743
1305, 406, 411
1306, 483, 918
1307, 352, 446
1308, 668, 859
1309, 174, 809
1310, 299, 916
1311, 111, 344
1312, 428, 796
1313, 324, 603
1314, 283, 417
1315, 884, 890
1316, 107, 905
1317, 482, 681
1318, 9, 75
1319, 109, 215
1320, 186, 770
1321, 783, 846
1322, 387, 921
1323, 475, 679
1324, 51, 416
1325, 245, 572
1326, 130, 207
1327, 808, 891
1328, 114, 432
1329, 378, 717
1330, 457, 537
1331, 277, 473
1332, 164, 644
1333, 157, 956
1334, 256, 414
1335, 601, 721
1336, 40, 218
1337, 548, 949
1338, 29, 800
1339, 422, 885
1340, 37, 745
1341, 370, 519
1342, 511, 709
1343, 67, 927
1344, 93, 937
1345, 323, 597
1346, 79, 903
1347, 25, 807
1348, 451, 474
1349, 80, 995
1350, 52, 196
1351, 386, 787
1352, 211, 580
1353, 201, 404
1354, 90, 377
1355, 430, 940
1356, 902, 911
1357, 871, 987
1358, 431, 741
1359, 53, 900
1360, 148, 781
1361, 531, 708
1362, 282, 989
1363, 748, 852
1364, 966, 967
1365, 409, 799
1366, 163, 881
1367, 418, 571
1368, 639, 780
1369, 127, 768
1370, 515, 997
1371, 220, 716
1372, 205, 354
1373, 398, 599
1374, 70, 204
1375, 514, 697
1376, 89, 723
1377, 348, 498
1378, 360, 543
1379, 333, 656
1380, 267, 747
1381, 729, 791
1382, 185, 984
1383, 224, 260
1384, 94, 452
1385, 252, 718
1386, 30, 312
1387, 222, 541
1388, 453, 886
1389, 78, 999
1390, 559, 772
1391, 203, 228
1392, 21, 893
1393, 69, 217
1394, 675, 866
1395, 95, 860
1396, 662, 856
1397, 389, 855
1398, 275, 371
1399, 819, 874
1400, 631, 677
1401, 55, 521
1402, 112, 978
1403, 105, 506
1404, 263, 899
1405, 153, 187
1406, 442, 737
1407, 606, 827
1408, 410, 445
1409, 45, 924
1410, 237, 468
1411, 175, 413
1412, 286, 908
1413, 199, 444
1414, 236, 950
1415, 814, 865
1416, 261, 612
1417, 355, 517
1418, 587, 659
1419, 402, 959
1420, 811, 867
1421, 926, 955
1422, 501, 655
1423, 190, 407
1424, 400, 883
1425, 251, 549
1426, 609, 764
1427, 258, 461
1428, 395, 618
1429, 262, 701
1430, 699, 702
1431, 553, 646
1432, 180, 596
1433, 136, 341
1434, 42, 57
1435, 83, 906
1436, 779, 982
1437, 189, 872
1438, 524, 981
1439, 125, 889
1440, 303, 657
1441, 325, 678
1442, 44, 915
1443, 335, 996
1444, 147, 336
1445, 302, 828
1446, 440, 734
1447, 522, 792
1448, 194, 458
1449, 879, 983
1450, 140, 945
1451, 141, 595
1452, 246, 368
1453, 131, 896
1454, 310, 953
1455, 122, 562
1456, 6, 545
1457, 137, 928
1458, 448, 912
1459, 363, 471
1460, 540, 578
1461, 438, 588
1462, 401, 499
1463, 427, 771
1464, 221, 232
1465, 722, 857
1466, 100, 577
1467, 126, 434
1468, 426, 733
1469, 231, 703
1470, 124, 399
1471, 227, 272
1472, 34, 994
1473, 304, 472
1474, 151, 790
1475, 793, 878
1476, 117, 700
1477, 16, 810
1478, 56, 74
1479, 271, 728
1480, 334, 930
1481, 92, 423
1482, 24, 673
1483, 758, 851
1484, 408, 738
1485, 154, 843
1486, 285, 925
1487, 375, 969
1488, 10, 35
1489, 48, 176
1490, 11, 627
1491, 193, 259
1492, 373, 586
1493, 349, 960
1494, 300, 756
1495, 504, 669
1496, 269, 813
1497, 579, 798
1498, 888, 974
1499, 12, 988
1500, 178, 909
1501, 192, 609
1502, 642, 702
1503, 69, 793
1504, 610, 671
1505, 605, 830
1506, 158, 481
1507, 622, 709
1508, 161, 748
1509, 281, 820
1510, 426, 782
1511, 76, 755
1512, 772, 909
1513, 190, 404
1514, 179, 728
1515, 78, 511
1516, 730, 741
1517, 96, 875
1518, 310, 415
1519, 175, 712
1520, 912, 928
1521, 368, 595
1522, 124, 937
1523, 53, 421
1524, 411, 787
1525, 42, 51
1526, 253, 461
1527, 405, 533
1528, 304, 943
1529, 236, 864
1530, 337, 365
1531, 82, 718
1532, 542, 579
1533, 273, 629
1534, 464, 600
1535, 522, 580
1536, 184, 469
1537, 221, 288
1538, 267, 513
1539, 150, 318
1540, 46, 241
1541, 133, 397
1542, 448, 996
1543, 348, 440
1544, 121, 815
1545, 742, 939
1546, 61, 764
1547, 302, 554
1548, 874, 918
1549, 598, 802
1550, 122, 131
1551, 75, 862
1552, 172, 269
1553, 351, 414
1554, 425, 971
1555, 552, 636
1556, 339, 851
1557, 932, 942
1558, 101, 413
1559, 299, 387
1560, 149, 706
1561, 54, 827
1562, 640, 751
1563, 364, 649
1564, 103, 713
1565, 4, 21
1566, 120, 938
1567, 325, 537
1568, 189, 210
1569, 321, 383
1570, 548, 592
1571, 224, 977
1572, 475, 916
1573, 462, 924
1574, 114, 920
1575, 176, 483
1576, 493, 572
1577, 378, 445
1578, 117, 118
1579, 791, 969
1580, 29, 125
1581, 239, 984
1582, 804, 989
1583, 119, 573
1584, 137, 771
1585, 412, 517
1586, 560, 837
1587, 102, 923
1588, 95, 491
1589, 204, 857
1590, 695, 777
1591, 463, 915
1592, 278, 981
1593, 285, 685
1594, 408, 868
1595, 733, 992
1596, 71, 606
1597, 205, 441
1598, 84, 398
1599, 655, 796
1600, 676, 995
1601, 15, 621
1602, 167, 618
1603, 509, 973
1604, 188, 197
1605, 123, 571
1606, 662, 829
1607, 140, 826
1608, 208, 660
1609, 261, 644
1610, 100, 630
1611, 557, 949
1612, 248, 449
1613, 591, 957
1614, 141, 749
1615, 229, 710
1616, 635, 882
1617, 643, 767
1618, 220, 394
1619, 369, 902
1620, 168, 683
1621, 384, 866
1622, 104, 934
1623, 2, 134
1624, 247, 964
1625, 14, 374
1626, 50, 316
1627, 41, 402
1628, 444, 482
1629, 370, 962
1630, 16, 839
1631, 28, 656
1632, 219, 743
1633, 5, 654
1634, 129, 872
1635, 153, 739
1636, 289, 970
1637, 55, 434
1638, 244, 744
1639, 110, 527
1640, 388, 770
1641, 439, 495
1642, 196, 704
1643, 607, 785
1644, 72, 972
1645, 490, 581
1646, 317, 819
1647, 216, 922
1648, 144, 270
1649, 399, 941
1650, 128, 534
1651, 799, 854
1652, 164, 500
1653, 33, 385
1654, 352, 750
1655, 786, 876
1656, 272, 478
1657, 145, 781
1658, 58, 708
1659, 305, 879
1660, 518, 650
1661, 186, 987
1662, 200, 817
1663, 62, 737
1664, 306, 681
1665, 599, 867
1666, 274, 393
1667, 56, 668
1668, 453, 926
1669, 191, 848
1670, 577, 651
1671, 202, 966
1672, 152, 736
1673, 92, 294
1674, 70, 561
1675, 223, 768
1676, 287, 893
1677, 390, 498
1678, 59, 292
1679, 126, 692
1680, 34, 181
1681, 471, 670
1682, 870, 974
1683, 324, 899
1684, 680, 806
1685, 22, 39
1686, 107, 525
1687, 48, 485
1688, 8, 460
1689, 73, 852
1690, 329, 401
1691, 211, 330
1692, 466, 944
1693, 163, 467
1694, 666, 907
1695, 477, 814
1696, 255, 664
1697, 682, 792
1698, 214, 584
1699, 19, 559
1700, 717, 917
1701, 472, 528
1702, 258, 811
1703, 416, 986
1704, 492, 919
1705, 178, 935
1706, 159, 836
1707, 452, 556
1708, 657, 1000
1709, 470, 849
1710, 12, 419
1711, 446, 465
1712, 203, 624
1713, 91, 562
1714, 507, 674
1715, 363, 381
1716, 109, 756
1717, 356, 953
1718, 180, 927
1719, 226, 601
1720, 116, 171
1721, 818, 878
1722, 689, 832
1723, 260, 958
1724, 558, 720
1725, 719, 999
1726, 379, 457
1727, 476, 898
1728, 275, 925
1729, 520, 714
1730, 342, 952
1731, 157, 217
1732, 17, 45
1733, 603, 639
1734, 631, 784
1735, 135, 933
1736, 268, 856
1737, 297, 684
1738, 115, 960
1739, 199, 903
1740, 230, 900
1741, 515, 568
1742, 486, 885
1743, 174, 797
1744, 1, 345
1745, 346, 855
1746, 271, 758
1747, 496, 778
1748, 277, 661
1749, 276, 360
1750, 430, 456
1751, 231, 998
1752, 497, 585
1753, 237, 887
1754, 35, 574
1755, 7, 821
1756, 38, 233
1757, 32, 980
1758, 293, 991
1759, 512, 914
1760, 235, 648
1761, 362, 583
1762, 843, 846
1763, 88, 930
1764, 9, 372
1765, 108, 853
1766, 350, 906
1767, 26, 347
1768, 262, 332
1769, 130, 803
1770, 910, 948
1771, 173, 936
1772, 183, 688
1773, 198, 886
1774, 166, 218
1775, 616, 895
1776, 613, 766
1777, 127, 251
1778, 538, 633
1779, 309, 567
1780, 57, 614
1781, 647, 985
1782, 417, 615
1783, 11, 447
1784, 555, 904
1785, 531, 677
1786, 246, 451
1787, 266, 769
1788, 147, 376
1789, 641, 705
1790, 450, 725
1791, 238, 908
1792, 301, 443
1793, 551, 978
1794, 529, 715
1795, 177, 506
1796, 139, 994
1797, 44, 227
1798, 454, 645
1799, 433, 888
1800, 83, 355
1801, 146, 286
1802, 731, 776
1803, 312, 569
1804, 228, 438
1805, 504, 807
1806, 160, 519
1807, 435, 753
1808, 489, 535
1809, 343, 424
1810, 353, 790
1811, 105, 693
1812, 213, 589
1813, 283, 429
1814, 735, 955
1815, 259, 800
1816, 234, 298
1817, 10, 501
1818, 20, 773
1819, 890, 993
1820, 81, 625
1821, 847, 869
1822, 549, 588
1823, 295, 503
1824, 375, 539
1825, 400, 757
1826, 550, 663
1827, 90, 307
1828, 532, 590
1829, 291, 564
1830, 780, 801
1831, 155, 805
1832, 23, 93
1833, 523, 954
1834, 18, 838
1835, 403, 530
1836, 165, 320
1837, 442, 740
1838, 326, 812
1839, 395, 905
1840, 43, 729
1841, 25, 859
1842, 264, 834
1843, 170, 341
1844, 132, 976
1845, 68, 328
1846, 313, 612
1847, 80, 659
1848, 333, 646
1849, 747, 810
1850, 658, 687
1851, 617, 983
1852, 340, 865
1853, 209, 698
1854, 322, 536
1855, 409, 494
1856, 30, 896
1857, 724, 779
1858, 947, 963
1859, 47, 602
1860, 508, 628
1861, 303, 951
1862, 359, 596
1863, 391, 979
1864, 87, 828
1865, 578, 694
1866, 143, 222
1867, 86, 499
1868, 106, 282
1869, 63, 142
1870, 252, 540
1871, 371, 707
1872, 151, 669
1873, 473, 775
1874, 243, 608
1875, 774, 871
1876, 570, 575
1877, 65, 547
1878, 544, 726
1879, 156, 831
1880, 85, 193
1881, 931, 997
1882, 458, 881
1883, 488, 673
1884, 111, 761
1885, 721, 795
1886, 169, 940
1887, 526, 965
1888, 225, 809
1889, 632, 891
1890, 428, 691
1891, 323, 844
1892, 686, 975
1893, 410, 863
1894, 212, 727
1895, 195, 563
1896, 296, 541
1897, 308, 604
1898, 66, 587
1899, 637, 889
1900, 37, 667
1901, 74, 623
1902, 113, 845
1903, 396, 745
1904, 13, 788
1905, 967, 988
1906, 187, 543
1907, 280, 331
1908, 77, 546
1909, 154, 696
1910, 732, 892
1911, 487, 833
1912, 99, 194
1913, 484, 794
1914, 232, 883
1915, 327, 380
1916, 98, 759
1917, 315, 824
1918, 215, 319
1919, 334, 392
1920, 185, 516
1921, 279, 367
1922, 60, 418
1923, 366, 620
1924, 901, 913
1925, 79, 242
1926, 711, 894
1927, 49, 611
1928, 524, 816
1929, 3, 254
1930, 521, 760
1931, 36, 97
1932, 138, 945
1933, 314, 545
1934, 822, 946
1935, 382, 968
1936, 344, 716
1937, 311, 956
1938, 723, 789
1939, 752, 825
1940, 24, 94
1941, 783, 873
1942, 468, 510
1943, 427, 798
1944, 357, 406
1945, 675, 877
1946, 880, 961
1947, 338, 665
1948, 263, 514
1949, 206, 678
1950, 136, 377
1951, 652, 746
1952, 240, 690
1953, 290, 823
1954, 576, 929
1955, 257, 959
1956, 265, 722
1957, 459, 842
1958, 582, 763
1959, 474, 619
1960, 700, 884
1961, 432, 697
1962, 27, 911
1963, 256, 672
1964, 437, 627
1965, 423, 597
1966, 479, 594
1967, 207, 358
1968, 566, 626
1969, 112, 738
1970, 300, 436
1971, 52, 249
1972, 64, 813
1973, 349, 950
1974, 361, 586
1975, 201, 835
1976, 6, 990
1977, 422, 897
1978, 31, 638
1979, 245, 653
1980, 553, 679
1981, 593, 840
1982, 284, 336
1983, 480, 860
1984, 182, 407
1985, 420, 431
1986, 162, 754
1987, 808, 861
1988, 762, 841
1989, 250, 634
1990, 89, 455
1991, 354, 502
1992, 67, 858
1993, 373, 701
1994, 386, 982
1995, 734, 765
1996, 505, 699
1997, 389, 921
1998, 335, 565
1999, 40, 703
2000, 148, 850
2001, 318, 911
2002, 189, 551
2003, 635, 838
2004, 847, 980
2005, 121, 863
2006, 581, 729
2007, 30, 926
2008, 324, 726
2009, 667, 956
2010, 79, 212
2011, 452, 721
2012, 265, 981
2013, 260, 506
2014, 118, 640
2015, 95, 910
2016, 144, 359
2017, 355, 562
2018, 339, 401
2019, 280, 610
2020, 487, 914
2021, 457, 839
2022, 822, 958
2023, 345, 448
2024, 530, 710
2025, 249, 990
2026, 536, 618
2027, 527, 707
2028, 170, 519
2029, 641, 902
2030, 372, 918
2031, 257, 456
2032, 28, 588
2033, 155, 464
2034, 122, 185
2035, 193, 594
2036, 405, 643
2037, 192, 787
2038, 322, 479
2039, 85, 614
2040, 461, 584
2041, 47, 517
2042, 84, 897
2043, 109, 752
2044, 55, 645
2045, 373, 866
2046, 38, 699
2047, 891, 977
2048, 89, 426
2049, 166, 801
2050, 623, 748
2051, 498, 846
2052, 250, 284
2053, 222, 698
2054, 690, 744
2055, 485, 770
2056, 639, 685
2057, 555, 842
2058, 156, 834
2059, 385, 673
2060, 244, 543
2061, 140, 642
2062, 391, 968
2063, 160, 817
2064, 460, 602
2065, 152, 860
2066, 455, 619
2067, 740, 743
2068, 26, 625
2069, 390, 920
2070, 158, 989
2071, 335, 346
2072, 205, 798
2073, 398, 507
2074, 738, 864
2075, 305, 950
2076, 60, 736
2077, 50, 63
2078, 389, 476
2079, 620, 938
2080, 162, 796
2081, 98, 354
2082, 554, 808
2083, 433, 597
2084, 127, 691
2085, 124, 638
2086, 676, 888
2087, 422, 804
2088, 475, 781
2089, 352, 678
2090, 274, 844
2091, 351, 898
2092, 310, 539
2093, 100, 183
2094, 8, 689
2095, 159, 741
2096, 493, 859
2097, 86, 887
2098, 279, 853
2099, 445, 915
2100, 360, 370
2101, 41, 825
2102, 589, 675
2103, 309, 330
2104, 204, 296
2105, 327, 858
2106, 134, 571
2107, 609, 880
2108, 371, 983
2109, 201, 833
2110, 443, 803
2111, 649, 841
2112, 337, 857
2113, 402, 835
2114, 557, 616
2115, 2, 585
2116, 231, 634
2117, 5, 972
2118, 451, 996
2119, 287, 458
2120, 421, 665
2121, 865, 884
2122, 97, 826
2123, 746, 943
2124, 570, 924
2125, 228, 535
2126, 165, 872
2127, 343, 658
2128, 24, 994
2129, 136, 386
2130, 10, 117
2131, 294, 856
2132, 4, 502
2133, 49, 988
2134, 453, 852
2135, 110, 960
2136, 763, 934
2137, 341, 754
2138, 883, 942
2139, 277, 407
2140, 44, 768
2141, 450, 564
2142, 328, 534
2143, 575, 917
2144, 240, 682
2145, 338, 719
2146, 210, 565
2147, 254, 268
2148, 427, 511
2149, 73, 976
2150, 499, 598
2151, 67, 692
2152, 486, 700
2153, 251, 723
2154, 236, 591
2155, 16, 53
2156, 258, 592
2157, 194, 387
2158, 106, 114
2159, 737, 757
2160, 103, 652
2161, 374, 414
2162, 644, 742
2163, 227, 875
2164, 105, 163
2165, 191, 477
2166, 239, 430
2167, 806, 905
2168, 340, 876
2169, 628, 668
2170, 266, 886
2171, 48, 877
2172, 474, 656
2173, 190, 617
2174, 51, 702
2175, 788, 953
2176, 123, 724
2177, 20, 944
2178, 411, 779
2179, 480, 745
2180, 459, 861
2181, 248, 800
2182, 377, 703
2183, 605, 624
2184, 467, 714
2185, 54, 211
2186, 108, 922
2187, 13, 868
2188, 178, 213
2189, 179, 505
2190, 812, 878
2191, 553, 871
2192, 568, 749
2193, 161, 292
2194, 276, 845
2195, 283, 694
2196, 72, 331
2197, 115, 226
2198, 528, 654
2199, 230, 267
2200, 167, 504
2201, 43, 378
2202, 64, 357
2203, 627, 784
2204, 232, 540
2205, 396, 767
2206, 397, 791
2207, 174, 196
2208, 12, 908
2209, 149, 470
2210, 186, 435
2211, 71, 428
2212, 316, 718
2213, 362, 790
2214, 126, 393
2215, 33, 143
2216, 419, 786
2217, 307, 367
2218, 518, 882
2219, 611, 777
2220, 408, 514
2221, 951, 993
2222, 733, 828
2223, 82, 238
2224, 816, 913
2225, 91, 431
2226, 88, 855
2227, 102, 509
2228, 409, 930
2229, 171, 301
2230, 36, 392
2231, 650, 948
2232, 599, 693
2233, 315, 613
2234, 586, 928
2235, 404, 410
2236, 503, 552
2237, 132, 1000
2238, 113, 755
2239, 376, 632
2240, 3, 107
2241, 157, 946
2242, 334, 542
2243, 319, 637
2244, 302, 907
2245, 62, 967
2246, 37, 662
2247, 440, 906
2248, 188, 982
2249, 299, 446
2250, 473, 559
2251, 15, 187
2252, 766, 969
2253, 379, 937
2254, 653, 903
2255, 532, 964
2256, 526, 832
2257, 176, 293
2258, 21, 751
2259, 288, 762
2260, 496, 706
2261, 180, 237
2262, 466, 520
2263, 677, 725
2264, 286, 437
2265, 478, 501
2266, 444, 636
2267, 246, 663
2268, 77, 81
2269, 74, 363
2270, 137, 347
2271, 94, 771
2272, 69, 101
2273, 365, 601
2274, 281, 353
2275, 70, 923
2276, 128, 952
2277, 890, 947
2278, 269, 308
2279, 272, 722
2280, 147, 366
2281, 792, 814
2282, 99, 262
2283, 104, 909
2284, 674, 778
2285, 670, 775
2286, 492, 789
2287, 381, 567
2288, 52, 215
2289, 795, 973
2290, 314, 434
2291, 111, 646
2292, 129, 815
2293, 31, 750
2294, 358, 999
2295, 154, 252
2296, 394, 830
2297, 593, 941
2298, 177, 573
2299, 1, 533
2300, 221, 900
2301, 590, 836
2302, 556, 965
2303, 172, 840
2304, 415, 735
2305, 271, 874
2306, 256, 348
2307, 273, 657
2308, 199, 285
2309, 558, 975
2310, 544, 892
2311, 168, 889
2312, 672, 933
2313, 799, 919
2314, 206, 253
2315, 141, 756
2316, 537, 547
2317, 209, 651
2318, 150, 661
2319, 488, 912
2320, 681, 811
2321, 829, 921
2322, 413, 797
2323, 261, 850
2324, 512, 524
2325, 629, 630
2326, 298, 991
2327, 417, 583
2328, 80, 418
2329, 297, 782
2330, 566, 986
2331, 164, 687
2332, 612, 633
2333, 495, 785
2334, 142, 197
2335, 403, 957
2336, 432, 576
2337, 7, 275
2338, 17, 720
2339, 513, 732
2340, 25, 233
2341, 688, 827
2342, 116, 139
2343, 181, 561
2344, 259, 753
2345, 406, 916
2346, 369, 465
2347, 336, 881
2348, 304, 831
2349, 131, 935
2350, 306, 739
2351, 423, 893
2352, 290, 734
2353, 531, 669
2354, 217, 849
2355, 349, 595
2356, 424, 697
2357, 303, 490
2358, 545, 819
2359, 384, 851
2360, 65, 821
2361, 119, 810
2362, 175, 998
2363, 563, 717
2364, 582, 901
2365, 439, 482
2366, 587, 869
2367, 14, 344
2368, 46, 647
2369, 516, 929
2370, 42, 879
2371, 93, 441
2372, 550, 760
2373, 241, 541
2374, 27, 961
2375, 56, 332
2376, 429, 578
2377, 19, 87
2378, 416, 904
2379, 329, 468
2380, 463, 978
2381, 195, 683
2382, 229, 295
2383, 764, 807
2384, 173, 438
2385, 270, 774
2386, 112, 577
2387, 245, 264
2388, 442, 963
2389, 472, 761
2390, 400, 574
2391, 412, 600
2392, 342, 695
2393, 200, 966
2394, 34, 974
2395, 66, 773
2396, 321, 992
2397, 207, 569
2398, 686, 979
2399, 57, 704
2400, 263, 508
2401, 219, 510
2402, 9, 659
2403, 317, 375
2404, 96, 794
2405, 289, 631
2406, 300, 399
2407, 61, 940
2408, 68, 758
2409, 747, 949
2410, 243, 671
2411, 225, 626
2412, 356, 783
2413, 481, 854
2414, 35, 848
2415, 604, 997
2416, 489, 894
2417, 198, 311
2418, 220, 255
2419, 182, 312
2420, 326, 469
2421, 39, 242
2422, 380, 711
2423, 224, 648
2424, 780, 995
2425, 776, 985
2426, 18, 151
2427, 494, 522
2428, 715, 809
2429, 560, 936
2430, 120, 759
2431, 395, 867
2432, 727, 899
2433, 728, 984
2434, 500, 805
2435, 184, 713
2436, 548, 970
2437, 218, 454
2438, 730, 824
2439, 76, 523
2440, 820, 873
2441, 223, 420
2442, 214, 959
2443, 818, 987
2444, 32, 895
2445, 313, 497
2446, 125, 608
2447, 772, 932
2448, 383, 712
2449, 78, 962
2450, 462, 971
2451, 525, 769
2452, 621, 680
2453, 130, 291
2454, 75, 765
2455, 382, 925
2456, 135, 955
2457, 208, 666
2458, 701, 823
2459, 40, 153
2460, 606, 793
2461, 234, 655
2462, 278, 368
2463, 596, 945
2464, 138, 515
2465, 579, 885
2466, 29, 90
2467, 549, 708
2468, 235, 521
2469, 145, 449
2470, 425, 615
2471, 23, 684
2472, 436, 837
2473, 447, 927
2474, 709, 862
2475, 45, 216
2476, 133, 939
2477, 320, 931
2478, 148, 603
2479, 282, 705
2480, 325, 660
2481, 529, 607
2482, 6, 580
2483, 92, 364
2484, 484, 538
2485, 169, 731
2486, 247, 843
2487, 323, 716
2488, 572, 664
2489, 361, 802
2490, 333, 546
2491, 22, 954
2492, 202, 679
2493, 11, 491
2494, 203, 870
2495, 483, 622
2496, 350, 813
2497, 471, 896
2498, 388, 696
2499, 59, 83
2500, 58, 146
2501, 496, 732
2502, 295, 578
2503, 298, 398
2504, 251, 960
2505, 336, 392
2506, 664, 882
2507, 344, 944
2508, 554, 879
2509, 605, 648
2510, 168, 606
2511, 87, 966
2512, 169, 902
2513, 385, 567
2514, 103, 434
2515, 408, 925
2516, 516, 812
2517, 32, 49
2518, 17, 266
2519, 330, 570
2520, 264, 363
2521, 616, 996
2522, 505, 964
2523, 327, 438
2524, 446, 457
2525, 636, 871
2526, 288, 431
2527, 677, 762
2528, 218, 793
2529, 131, 338
2530, 200, 269
2531, 671, 838
2532, 582, 662
2533, 633, 888
2534, 211, 548
2535, 65, 856
2536, 412, 735
2537, 326, 533
2538, 205, 810
2539, 481, 834
2540, 328, 485
2541, 654, 703
2542, 480, 564
2543, 83, 143
2544, 384, 797
2545, 322, 530
2546, 279, 792
2547, 544, 721
2548, 258, 362
2549, 600, 863
2550, 287, 742
2551, 80, 233
2552, 300, 750
2553, 451, 511
2554, 120, 709
2555, 222, 908
2556, 123, 137
2557, 53, 197
2558, 244, 314
2559, 324, 545
2560, 296, 339
2561, 672, 768
2562, 343, 514
2563, 28, 48
2564, 170, 250
2565, 260, 595
2566, 436, 535
2567, 751, 769
2568, 532, 907
2569, 589, 642
2570, 149, 901
2571, 124, 904
2572, 528, 987
2573, 317, 706
2574, 215, 903
2575, 262, 833
2576, 569, 913
2577, 109, 836
2578, 291, 746
2579, 122, 778
2580, 40, 924
2581, 615, 720
2582, 160, 752
2583, 748, 823
2584, 141, 665
2585, 210, 335
2586, 444, 943
2587, 42, 378
2588, 147, 486
2589, 309, 316
2590, 248, 473
2591, 454, 468
2592, 82, 397
2593, 492, 634
2594, 58, 668
2595, 489, 780
2596, 68, 162
2597, 50, 821
2598, 311, 754
2599, 419, 427
2600, 275, 808
2601, 713, 758
2602, 39, 491
2603, 129, 719
2604, 132, 574
2605, 354, 930
2606, 313, 935
2607, 510, 955
2608, 425, 961
2609, 12, 232
2610, 685, 700
2611, 255, 566
2612, 501, 896
2613, 104, 765
2614, 41, 325
2615, 225, 710
2616, 98, 227
2617, 212, 368
2618, 525, 736
2619, 310, 349
2620, 448, 452
2621, 171, 373
2622, 62, 814
2623, 194, 980
2624, 157, 914
2625, 166, 985
2626, 55, 770
2627, 46, 423
2628, 520, 848
2629, 127, 497
2630, 625, 990
2631, 220, 631
2632, 299, 355
2633, 177, 367
2634, 686, 740
2635, 27, 759
2636, 352, 857
2637, 608, 860
2638, 102, 858
2639, 620, 724
2640, 356, 581
2641, 167, 353
2642, 340, 371
2643, 115, 552
2644, 236, 716
2645, 277, 390
2646, 8, 239
2647, 293, 922
2648, 572, 603
2649, 483, 828
2650, 193, 940
2651, 33, 954
2652, 158, 997
2653, 315, 394
2654, 281, 405
2655, 717, 870
2656, 159, 421
2657, 333, 855
2658, 71, 290
2659, 238, 757
2660, 472, 788
2661, 348, 687
2662, 347, 561
2663, 61, 466
2664, 579, 883
2665, 282, 418
2666, 97, 722
2667, 387, 824
2668, 475, 959
2669, 795, 962
2670, 125, 906
2671, 249, 981
2672, 45, 547
2673, 191, 723
2674, 187, 188
2675, 294, 639
2676, 508, 791
2677, 424, 807
2678, 383, 407
2679, 217, 235
2680, 429, 967
2681, 57, 977
2682, 471, 585
2683, 11, 393
2684, 161, 661
2685, 422, 995
2686, 557, 927
2687, 176, 596
2688, 67, 271
2689, 56, 534
2690, 725, 874
2691, 78, 118
2692, 38, 666
2693, 612, 683
2694, 659, 917
2695, 413, 727
2696, 588, 948
2697, 94, 638
2698, 21, 921
2699, 69, 805
2700, 782, 971
2701, 522, 937
2702, 801, 813
2703, 270, 276
2704, 47, 912
2705, 245, 974
2706, 95, 274
2707, 192, 650
2708, 320, 956
2709, 432, 611
2710, 64, 696
2711, 462, 827
2712, 99, 456
2713, 646, 774
2714, 877, 911
2715, 558, 776
2716, 79, 482
2717, 140, 689
2718, 19, 898
2719, 219, 697
2720, 370, 975
2721, 458, 598
2722, 308, 342
2723, 459, 674
2724, 783, 957
2725, 70, 280
2726, 760, 952
2727, 302, 991
2728, 20, 747
2729, 539, 711
2730, 781, 875
2731, 635, 998
2732, 6, 840
2733, 243, 565
2734, 441, 958
2735, 369, 691
2736, 556, 577
2737, 698, 965
2738, 784, 950
2739, 242, 575
2740, 183, 714
2741, 495, 538
2742, 562, 586
2743, 148, 465
2744, 526, 560
2745, 203, 509
2746, 527, 785
2747, 375, 790
2748, 658, 963
2749, 254, 916
2750, 209, 599
2751, 627, 737
2752, 4, 999
2753, 30, 231
2754, 26, 761
2755, 487, 644
2756, 341, 417
2757, 357, 437
2758, 14, 257
2759, 15, 842
2760, 455, 847
2761, 214, 416
2762, 252, 521
2763, 728, 730
2764, 771, 970
2765, 361, 837
2766, 673, 928
2767, 92, 164
2768, 263, 364
2769, 350, 449
2770, 181, 947
2771, 66, 77
2772, 854, 968
2773, 442, 681
2774, 680, 850
2775, 107, 829
2776, 695, 852
2777, 523, 835
2778, 189, 488
2779, 702, 949
2780, 830, 864
2781, 224, 787
2782, 872, 982
2783, 464, 690
2784, 542, 559
2785, 110, 360
2786, 74, 861
2787, 186, 976
2788, 37, 993
2789, 81, 843
2790, 450, 786
2791, 229, 319
2792, 715, 839
2793, 112, 175
2794, 580, 986
2795, 641, 772
2796, 443, 461
2797, 234, 718
2798, 22, 493
2799, 414, 618
2800, 447, 915
2801, 402, 818
2802, 96, 851
2803, 283, 918
2804, 90, 555
2805, 16, 273
2806, 208, 651
2807, 206, 469
2808, 401, 609
2809, 88, 886
2810, 190, 623
2811, 656, 878
2812, 946, 989
2813, 583, 844
2814, 284, 410
2815, 145, 988
2816, 381, 919
2817, 119, 377
2818, 307, 433
2819, 694, 868
2820, 198, 226
2821, 117, 809
2822, 31, 404
2823, 679, 939
2824, 268, 660
2825, 84, 93
2826, 470, 568
2827, 113, 640
2828, 479, 899
2829, 285, 389
2830, 358, 563
2831, 478, 897
2832, 647, 890
2833, 52, 519
2834, 179, 490
2835, 51, 895
2836, 196, 794
2837, 221, 571
2838, 207, 684
2839, 637, 941
2840, 60, 130
2841, 372, 426
2842, 24, 440
2843, 185, 297
2844, 826, 876
2845, 755, 929
2846, 507, 739
2847, 121, 846
2848, 667, 881
2849, 729, 825
2850, 738, 803
2851, 613, 789
2852, 551, 584
2853, 43, 301
2854, 460, 853
2855, 756, 869
2856, 743, 926
2857, 619, 969
2858, 34, 614
2859, 253, 536
2860, 213, 513
2861, 477, 705
2862, 7, 359
2863, 63, 749
2864, 540, 587
2865, 3, 265
2866, 745, 984
2867, 165, 379
2868, 272, 983
2869, 1, 195
2870, 201, 331
2871, 5, 241
2872, 35, 867
2873, 866, 992
2874, 199, 900
2875, 593, 682
2876, 85, 806
2877, 36, 802
2878, 10, 366
2879, 237, 617
2880, 101, 543
2881, 550, 822
2882, 106, 767
2883, 173, 591
2884, 467, 804
2885, 138, 645
2886, 403, 415
2887, 267, 777
2888, 155, 345
2889, 54, 453
2890, 91, 933
2891, 142, 602
2892, 135, 891
2893, 286, 321
2894, 172, 474
2895, 624, 880
2896, 72, 649
2897, 59, 766
2898, 607, 655
2899, 13, 180
2900, 151, 499
2901, 626, 775
2902, 105, 945
2903, 334, 972
2904, 399, 905
2905, 289, 701
2906, 590, 923
2907, 604, 796
2908, 506, 831
2909, 517, 704
2910, 184, 744
2911, 139, 144
2912, 230, 820
2913, 463, 503
2914, 597, 932
2915, 653, 936
2916, 292, 893
2917, 128, 817
2918, 323, 979
2919, 9, 524
2920, 163, 629
2921, 154, 411
2922, 388, 657
2923, 89, 537
2924, 573, 934
2925, 25, 146
2926, 531, 621
2927, 44, 773
2928, 332, 549
2929, 428, 541
2930, 216, 305
2931, 873, 892
2932, 734, 910
2933, 529, 811
2934, 174, 435
2935, 156, 409
2936, 576, 889
2937, 329, 395
2938, 304, 396
2939, 108, 688
2940, 246, 753
2941, 29, 894
2942, 678, 859
2943, 592, 779
2944, 675, 799
2945, 337, 512
2946, 204, 938
2947, 86, 845
2948, 351, 708
2949, 116, 318
2950, 182, 676
2951, 693, 978
2952, 278, 594
2953, 476, 494
2954, 420, 546
2955, 374, 643
2956, 712, 764
2957, 632, 816
2958, 134, 498
2959, 430, 815
2960, 100, 887
2961, 439, 953
2962, 610, 741
2963, 699, 884
2964, 733, 942
2965, 202, 261
2966, 500, 800
2967, 400, 515
2968, 153, 312
2969, 23, 630
2970, 73, 376
2971, 76, 303
2972, 259, 391
2973, 178, 518
2974, 504, 726
2975, 445, 502
2976, 111, 622
2977, 663, 885
2978, 669, 819
2979, 909, 973
2980, 240, 763
2981, 553, 652
2982, 2, 628
2983, 380, 1000
2984, 365, 484
2985, 18, 306
2986, 692, 865
2987, 247, 931
2988, 150, 670
2989, 256, 382
2990, 126, 707
2991, 841, 920
2992, 152, 406
2993, 223, 994
2994, 114, 346
2995, 228, 951
2996, 731, 849
2997, 75, 386
2998, 136, 601
2999, 798, 862
3000, 133, 832
3001, 832, 948
3002, 581, 717
3003, 146, 747
3004, 425, 791
3005, 528, 830
3006, 151, 465
3007, 206, 926
3008, 866, 888
3009, 164, 966
3010, 170, 635
3011, 411, 683
3012, 502, 533
3013, 404, 451
3014, 76, 383
3015, 697, 931
3016, 23, 577
3017, 556, 615
3018, 167, 222
3019, 179, 692
3020, 155, 363
3021, 169, 625
3022, 171, 416
3023, 115, 644
3024, 547, 953
3025, 299, 485
3026, 393, 825
3027, 20, 596
3028, 193, 713
3029, 565, 611
3030, 188, 946
3031, 125, 368
3032, 24, 324
3033, 83, 846
3034, 297, 504
3035, 414, 812
3036, 298, 718
3037, 9, 965
3038, 150, 295
3039, 358, 540
3040, 29, 492
3041, 142, 628
3042, 268, 881
3043, 129, 477
3044, 37, 564
3045, 375, 490
3046, 671, 756
3047, 479, 508
3048, 259, 594
3049, 497, 782
3050, 276, 736
3051, 165, 798
3052, 944, 962
3053, 252, 474
3054, 113, 790
3055, 593, 797
3056, 195, 289
3057, 322, 506
3058, 382, 572
3059, 79, 967
3060, 139, 351
3061, 398, 468
3062, 478, 488
3063, 573, 937
3064, 166, 859
3065, 85, 864
3066, 184, 430
3067, 509, 597
3068, 241, 847
3069, 47, 940
3070, 82, 159
3071, 500, 994
3072, 605, 934
3073, 61, 472
3074, 867, 951
3075, 181, 861
3076, 64, 199
3077, 702, 976
3078, 603, 652
3079, 248, 964
3080, 137, 445
3081, 197, 776
3082, 257, 532
3083, 380, 745
3084, 336, 687
3085, 190, 986
3086, 428, 456
3087, 646, 734
3088, 91, 120
3089, 724, 834
3090, 833, 971
3091, 207, 214
3092, 273, 898
3093, 93, 436
3094, 122, 570
3095, 352, 542
3096, 541, 933
3097, 296, 893
3098, 364, 538
3099, 13, 35
3100, 101, 746
3101, 587, 809
3102, 224, 516
3103, 128, 579
3104, 187, 730
3105, 433, 664
3106, 72, 313
3107, 144, 495
3108, 277, 659
3109, 379, 919
3110, 26, 178
3111, 553, 685
3112, 140, 435
3113, 438, 860
3114, 132, 172
3115, 877, 890
3116, 487, 616
3117, 405, 848
3118, 31, 90
3119, 807, 905
3120, 600, 974
3121, 498, 999
3122, 236, 560
3123, 12, 77
3124, 372, 698
3125, 16, 312
3126, 244, 348
3127, 293, 759
3128, 134, 845
3129, 916, 991
3130, 402, 739
3131, 459, 882
3132, 114, 748
3133, 494, 955
3134, 618, 987
3135, 45, 231
3136, 397, 434
3137, 285, 775
3138, 220, 263
3139, 356, 400
3140, 44, 973
3141, 612, 707
3142, 376, 681
3143, 412, 754
3144, 136, 811
3145, 367, 519
3146, 422, 446
3147, 287, 321
3148, 81, 449
3149, 87, 514
3150, 770, 959
3151, 30, 943
3152, 158, 620
3153, 108, 152
3154, 264, 850
3155, 566, 675
3156, 510, 674
3157, 39, 668
3158, 243, 753
3159, 679, 752
3160, 198, 426
3161, 278, 941
3162, 317, 901
3163, 180, 778
3164, 17, 240
3165, 695, 743
3166, 14, 876
3167, 212, 245
3168, 462, 970
3169, 473, 631
3170, 89, 103
3171, 98, 549
3172, 58, 67
3173, 387, 639
3174, 251, 728
3175, 544, 555
3176, 254, 968
3177, 513, 883
3178, 56, 327
3179, 65, 318
3180, 543, 684
3181, 237, 942
3182, 8, 373
3183, 370, 735
3184, 267, 361
3185, 226, 904
3186, 200, 787
3187, 131, 982
3188, 388, 599
3189, 354, 821
3190, 185, 619
3191, 228, 757
3192, 591, 939
3193, 642, 894
3194, 116, 875
3195, 162, 750
3196, 602, 829
3197, 914, 935
3198, 311, 891
3199, 386, 932
3200, 758, 879
3201, 437, 870
3202, 823, 828
3203, 326, 399
3204, 310, 339
3205, 168, 558
3206, 94, 678
3207, 328, 868
3208, 467, 676
3209, 53, 813
3210, 784, 954
3211, 503, 537
3212, 629, 761
3213, 448, 767
3214, 872, 920
3215, 518, 562
3216, 271, 995
3217, 163, 686
3218, 262, 729
3219, 335, 384
3220, 673, 983
3221, 314, 499
3222, 636, 997
3223, 117, 857
3224, 109, 401
3225, 623, 653
3226, 213, 421
3227, 395, 539
3228, 915, 930
3229, 301, 347
3230, 42, 99
3231, 88, 511
3232, 794, 802
3233, 111, 305
3234, 51, 550
3235, 123, 957
3236, 282, 461
3237, 270, 727
3238, 357, 396
3239, 176, 520
3240, 801, 820
3241, 28, 585
3242, 288, 705
3243, 458, 469
3244, 32, 655
3245, 104, 831
3246, 338, 923
3247, 216, 582
3248, 41, 255
3249, 580, 755
3250, 337, 896
3251, 215, 505
3252, 889, 992
3253, 749, 760
3254, 475, 806
3255, 557, 567
3256, 667, 988
3257, 710, 980
3258, 191, 885
3259, 333, 796
3260, 36, 680
3261, 80, 663
3262, 189, 819
3263, 353, 716
3264, 126, 703
3265, 284, 909
3266, 10, 52
3267, 708, 855
3268, 330, 816
3269, 33, 589
3270, 369, 648
3271, 871, 1000
3272, 432, 912
3273, 203, 647
3274, 453, 608
3275, 512, 874
3276, 604, 658
3277, 70, 534
3278, 609, 873
3279, 7, 660
3280, 279, 835
3281, 38, 911
3282, 343, 960
3283, 194, 826
3284, 389, 795
3285, 261, 378
3286, 75, 463
3287, 250, 950
3288, 124, 394
3289, 531, 575
3290, 192, 945
3291, 175, 308
3292, 112, 374
3293, 3, 286
3294, 316, 844
3295, 4, 260
3296, 217, 486
3297, 598, 711
3298, 441, 769
3299, 21, 84
3300, 569, 574
3301, 548, 810
3302, 143, 947
3303, 410, 452
3304, 638, 853
3305, 233, 366
3306, 219, 476
3307, 643, 927
3308, 345, 996
3309, 68, 523
3310, 501, 525
3311, 371, 985
3312, 887, 913
3313, 762, 897
3314, 470, 838
3315, 610, 936
3316, 300, 563
3317, 637, 772
3318, 5, 696
3319, 669, 854
3320, 256, 657
3321, 160, 842
3322, 69, 849
3323, 54, 95
3324, 640, 865
3325, 209, 482
3326, 145, 972
3327, 362, 699
3328, 856, 998
3329, 634, 650
3330, 27, 878
3331, 107, 661
3332, 229, 720
3333, 601, 714
3334, 892, 961
3335, 157, 201
3336, 127, 559
3337, 958, 975
3338, 202, 507
3339, 230, 993
3340, 92, 779
3341, 253, 413
3342, 586, 786
3343, 457, 677
3344, 443, 841
3345, 265, 924
3346, 444, 701
3347, 304, 349
3348, 418, 766
3349, 584, 869
3350, 119, 917
3351, 43, 440
3352, 182, 649
3353, 350, 902
3354, 455, 774
3355, 483, 804
3356, 110, 862
3357, 803, 984
3358, 6, 654
3359, 211, 491
3360, 204, 694
3361, 408, 922
3362, 489, 788
3363, 105, 148
3364, 731, 963
3365, 738, 989
3366, 306, 925
3367, 283, 521
3368, 154, 709
3369, 18, 765
3370, 74, 938
3371, 590, 624
3372, 592, 662
3373, 59, 281
3374, 242, 292
3375, 614, 721
3376, 96, 332
3377, 527, 725
3378, 49, 551
3379, 258, 777
3380, 25, 294
3381, 225, 818
3382, 50, 744
3383, 133, 899
3384, 427, 800
3385, 460, 751
3386, 235, 536
3387, 34, 420
3388, 626, 722
3389, 100, 415
3390, 22, 218
3391, 141, 246
3392, 346, 670
3393, 789, 908
3394, 302, 630
3395, 208, 764
3396, 78, 344
3397, 517, 526
3398, 156, 423
3399, 880, 907
3400, 238, 329
3401, 447, 768
3402, 571, 837
3403, 442, 742
3404, 471, 691
3405, 822, 929
3406, 561, 793
3407, 130, 688
3408, 858, 886
3409, 918, 952
3410, 62, 86
3411, 210, 689
3412, 651, 851
3413, 138, 977
3414, 97, 102
3415, 323, 377
3416, 454, 771
3417, 429, 827
3418, 147, 360
3419, 583, 665
3420, 342, 385
3421, 315, 799
3422, 733, 895
3423, 407, 910
3424, 46, 66
3425, 554, 693
3426, 431, 840
3427, 621, 723
3428, 391, 817
3429, 221, 450
3430, 11, 63
3431, 55, 290
3432, 1, 177
3433, 73, 863
3434, 641, 981
3435, 406, 773
3436, 161, 645
3437, 303, 690
3438, 274, 979
3439, 726, 740
3440, 340, 763
3441, 291, 712
3442, 320, 805
3443, 419, 921
3444, 341, 613
3445, 19, 275
3446, 40, 135
3447, 183, 205
3448, 173, 682
3449, 480, 719
3450, 334, 969
3451, 307, 535
3452, 839, 990
3453, 529, 903
3454, 381, 666
3455, 227, 530
3456, 355, 552
3457, 118, 269
3458, 223, 464
3459, 484, 496
3460, 439, 808
3461, 319, 606
3462, 232, 493
3463, 706, 836
3464, 546, 576
3465, 632, 704
3466, 403, 956
3467, 481, 700
3468, 48, 424
3469, 57, 71
3470, 186, 249
3471, 843, 900
3472, 359, 884
3473, 247, 280
3474, 149, 568
3475, 272, 741
3476, 522, 545
3477, 325, 466
3478, 15, 824
3479, 622, 627
3480, 234, 578
3481, 524, 780
3482, 239, 737
3483, 60, 978
3484, 392, 781
3485, 515, 783
3486, 196, 792
3487, 365, 906
3488, 266, 409
3489, 732, 785
3490, 417, 672
3491, 607, 852
3492, 331, 949
3493, 595, 633
3494, 121, 309
3495, 656, 928
3496, 2, 106
3497, 617, 715
3498, 174, 814
3499, 390, 815
3500, 153, 588
3501, 201, 659
3502, 527, 979
3503, 39, 277
3504, 565, 934
3505, 413, 743
3506, 387, 725
3507, 139, 671
3508, 8, 708
3509, 352, 696
3510, 261, 272
3511, 268, 982
3512, 729, 921
3513, 30, 930
3514, 833, 962
3515, 15, 836
3516, 646, 916
3517, 227, 792
3518, 650, 972
3519, 314, 533
3520, 125, 628
3521, 210, 400
3522, 49, 580
3523, 80, 624
3524, 861, 908
3525, 190, 563
3526, 492, 854
3527, 560, 615
3528, 239, 711
3529, 265, 480
3530, 195, 862
3531, 804, 899
3532, 214, 591
3533, 129, 666
3534, 209, 706
3535, 599, 796
3536, 444, 534
3537, 575, 933
3538, 762, 774
3539, 101, 544
3540, 312, 474
3541, 573, 746
3542, 414, 928
3543, 281, 834
3544, 494, 844
3545, 489, 602
3546, 50, 259
3547, 328, 805
3548, 71, 994
3549, 551, 685
3550, 60, 154
3551, 652, 745
3552, 769, 975
3553, 79, 819
3554, 104, 536
3555, 12, 812
3556, 600, 880
3557, 757, 981
3558, 74, 427
3559, 43, 801
3560, 545, 724
3561, 653, 749
3562, 467, 486
3563, 529, 898
3564, 163, 687
3565, 26, 365
3566, 207, 231
3567, 222, 298
3568, 435, 768
3569, 549, 763
3570, 287, 404
3571, 28, 147
3572, 588, 726
3573, 488, 996
3574, 145, 248
3575, 283, 622
3576, 89, 249
3577, 420, 873
3578, 514, 850
3579, 135, 524
3580, 168, 817
3581, 343, 913
3582, 733, 811
3583, 115, 438
3584, 225, 568
3585, 229, 964
3586, 166, 852
3587, 96, 295
3588, 428, 790
3589, 46, 601
3590, 68, 437
3591, 45, 572
3592, 516, 853
3593, 294, 380
3594, 368, 493
3595, 113, 795
3596, 194, 284
3597, 612, 616
3598, 379, 890
3599, 374, 656
3600, 76, 180
3601, 660, 993
3602, 170, 719
3603, 175, 956
3604, 1, 713
3605, 83, 773
3606, 29, 334
3607, 828, 999
3608, 505, 509
3609, 436, 681
3610, 351, 830
3611, 311, 673
3612, 69, 607
3613, 521, 963
3614, 7, 117
3615, 587, 658
3616, 19, 381
3617, 197, 347
3618, 399, 891
3619, 593, 723
3620, 341, 364
3621, 22, 453
3622, 62, 455
3623, 662, 950
3624, 276, 346
3625, 454, 552
3626, 236, 282
3627, 292, 584
3628, 517, 766
3629, 319, 417
3630, 220, 473
3631, 446, 694
3632, 401, 479
3633, 243, 393
3634, 288, 515
3635, 305, 630
3636, 291, 375
3637, 40, 86
3638, 403, 735
3639, 457, 968
3640, 97, 596
3641, 179, 360
3642, 188, 241
3643, 569, 923
3644, 776, 832
3645, 354, 973
3646, 576, 707
3647, 397, 720
3648, 4, 422
3649, 72, 538
3650, 216, 827
3651, 238, 849
3652, 176, 337
3653, 173, 525
3654, 900, 974
3655, 627, 869
3656, 431, 847
3657, 189, 333
3658, 361, 779
3659, 678, 829
3660, 48, 432
3661, 232, 758
3662, 456, 728
3663, 647, 712
3664, 705, 988
3665, 558, 756
3666, 727, 938
3667, 41, 502
3668, 359, 955
3669, 88, 245
3670, 507, 918
3671, 58, 449
3672, 367, 917
3673, 130, 698
3674, 683, 693
3675, 165, 542
3676, 36, 789
3677, 153, 554
3678, 475, 986
3679, 156, 613
3680, 100, 606
3681, 561, 674
3682, 65, 118
3683, 781, 786
3684, 641, 983
3685, 583, 637
3686, 25, 280
3687, 6, 20
3688, 460, 620
3689, 388, 906
3690, 481, 843
3691, 297, 629
3692, 738, 886
3693, 274, 574
3694, 61, 744
3695, 353, 949
3696, 389, 439
3697, 325, 663
3698, 23, 971
3699, 378, 419
3700, 377, 676
3701, 485, 977
3702, 632, 649
3703, 878, 943
3704, 242, 638
3705, 382, 846
3706, 120, 814
3707, 128, 131
3708, 608, 866
3709, 82, 697
3710, 355, 513
3711, 350, 936
3712, 410, 570
3713, 883, 970
3714, 747, 860
3715, 409, 430
3716, 535, 684
3717, 111, 528
3718, 702, 721
3719, 345, 442
3720, 809, 931
3721, 132, 518
3722, 140, 670
3723, 246, 299
3724, 665, 863
3725, 398, 990
3726, 831, 976
3727, 13, 903
3728, 32, 98
3729, 384, 777
3730, 308, 871
3731, 618, 922
3732, 547, 741
3733, 42, 787
3734, 54, 138
3735, 884, 992
3736, 217, 701
3737, 167, 868
3738, 340, 754
3739, 390, 919
3740, 709, 797
3741, 87, 736
3742, 395, 879
3743, 338, 461
3744, 406, 732
3745, 218, 320
3746, 155, 557
3747, 3, 642
3748, 200, 330
3749, 626, 765
3750, 211, 959
3751, 857, 948
3752, 876, 896
3753, 675, 937
3754, 458, 586
3755, 418, 1000
3756, 342, 907
3757, 191, 307
3758, 785, 911
3759, 250, 326
3760, 429, 855
3761, 148, 700
3762, 396, 813
3763, 18, 870
3764, 310, 751
3765, 503, 567
3766, 134, 434
3767, 53, 508
3768, 595, 740
3769, 35, 760
3770, 137, 824
3771, 619, 954
3772, 714, 767
3773, 590, 881
3774, 651, 677
3775, 468, 597
3776, 764, 822
3777, 70, 358
3778, 329, 802
3779, 94, 667
3780, 109, 327
3781, 571, 704
3782, 386, 867
3783, 55, 322
3784, 392, 491
3785, 452, 856
3786, 208, 321
3787, 107, 471
3788, 44, 958
3789, 256, 537
3790, 14, 423
3791, 204, 500
3792, 336, 519
3793, 2, 578
3794, 318, 611
3795, 451, 581
3796, 589, 888
3797, 17, 541
3798, 498, 691
3799, 296, 654
3800, 463, 539
3801, 688, 810
3802, 266, 383
3803, 219, 370
3804, 51, 960
3805, 159, 206
3806, 372, 912
3807, 95, 905
3808, 753, 910
3809, 927, 944
3810, 293, 604
3811, 664, 997
3812, 253, 496
3813, 127, 722
3814, 182, 594
3815, 730, 925
3816, 160, 731
3817, 271, 690
3818, 150, 803
3819, 59, 625
3820, 462, 902
3821, 512, 689
3822, 278, 825
3823, 52, 932
3824, 171, 331
3825, 64, 818
3826, 106, 425
3827, 592, 679
3828, 482, 951
3829, 258, 800
3830, 504, 791
3831, 196, 965
3832, 441, 835
3833, 119, 798
3834, 313, 661
3835, 244, 633
3836, 300, 897
3837, 57, 815
3838, 16, 126
3839, 31, 668
3840, 228, 254
3841, 263, 845
3842, 635, 874
3843, 426, 920
3844, 73, 680
3845, 133, 324
3846, 634, 952
3847, 123, 648
3848, 783, 807
3849, 315, 915
3850, 21, 497
3851, 110, 193
3852, 548, 657
3853, 178, 924
3854, 184, 221
3855, 371, 550
3856, 161, 639
3857, 84, 464
3858, 889, 980
3859, 223, 788
3860, 440, 772
3861, 247, 585
3862, 415, 526
3863, 108, 837
3864, 385, 465
3865, 279, 672
3866, 445, 946
3867, 579, 759
3868, 270, 998
3869, 181, 402
3870, 459, 953
3871, 192, 645
3872, 172, 940
3873, 303, 909
3874, 202, 511
3875, 213, 405
3876, 433, 755
3877, 577, 794
3878, 478, 640
3879, 302, 942
3880, 215, 961
3881, 142, 914
3882, 257, 356
3883, 116, 411
3884, 582, 823
3885, 718, 761
3886, 230, 499
3887, 149, 237
3888, 275, 686
3889, 226, 610
3890, 290, 692
3891, 102, 520
3892, 152, 412
3893, 92, 892
3894, 839, 957
3895, 408, 495
3896, 510, 621
3897, 5, 995
3898, 472, 887
3899, 391, 838
3900, 99, 984
3901, 93, 865
3902, 821, 895
3903, 260, 631
3904, 349, 531
3905, 174, 978
3906, 9, 904
3907, 655, 985
3908, 183, 609
3909, 348, 643
3910, 81, 447
3911, 24, 901
3912, 309, 555
3913, 91, 136
3914, 78, 669
3915, 332, 935
3916, 717, 858
3917, 376, 742
3918, 252, 840
3919, 77, 469
3920, 598, 894
3921, 186, 695
3922, 144, 877
3923, 112, 806
3924, 603, 623
3925, 716, 941
3926, 443, 617
3927, 614, 882
3928, 34, 553
3929, 33, 141
3930, 269, 540
3931, 483, 532
3932, 233, 556
3933, 67, 164
3934, 885, 967
3935, 699, 842
3936, 317, 820
3937, 424, 448
3938, 146, 780
3939, 373, 487
3940, 255, 267
3941, 262, 564
3942, 240, 306
3943, 501, 644
3944, 121, 285
3945, 523, 775
3946, 771, 816
3947, 289, 421
3948, 90, 199
3949, 212, 530
3950, 394, 991
3951, 407, 808
3952, 234, 546
3953, 339, 864
3954, 793, 939
3955, 27, 363
3956, 122, 205
3957, 416, 926
3958, 224, 799
3959, 85, 841
3960, 198, 987
3961, 301, 357
3962, 75, 304
3963, 187, 750
3964, 10, 273
3965, 566, 872
3966, 11, 56
3967, 185, 929
3968, 366, 945
3969, 605, 734
3970, 316, 466
3971, 506, 784
3972, 851, 969
3973, 490, 989
3974, 157, 484
3975, 323, 335
3976, 264, 893
3977, 203, 782
3978, 362, 710
3979, 158, 476
3980, 37, 739
3981, 369, 522
3982, 66, 748
3983, 235, 344
3984, 477, 770
3985, 63, 162
3986, 682, 859
3987, 114, 562
3988, 105, 251
3989, 947, 966
3990, 703, 826
3991, 286, 715
3992, 124, 151
3993, 103, 450
3994, 38, 470
3995, 177, 848
3996, 47, 636
3997, 143, 752
3998, 559, 778
3999, 169, 875
4000, 543, 737
