id, img1, img2
1, 342, 841
2, 737, 851
3, 191, 698
4, 350, 425
5, 16, 871
6, 273, 287
7, 300, 760
8, 19, 724
9, 574, 590
10, 680, 839
11, 109, 663
12, 215, 878
13, 262, 646
14, 5, 279
15, 375, 499
16, 566, 775
17, 90, 669
18, 376, 716
19, 44, 79
20, 579, 801
21, 58, 338
22, 199, 882
23, 359, 912
24, 929, 936
25, 931, 968
26, 894, 981
27, 681, 993
28, 76, 995
29, 243, 695
30, 89, 309
31, 154, 601
32, 271, 802
33, 34, 930
34, 419, 985
35, 123, 687
36, 370, 667
37, 120, 620
38, 489, 817
39, 322, 945
40, 220, 364
41, 54, 682
42, 797, 973
43, 97, 485
44, 171, 372
45, 259, 536
46, 461, 919
47, 172, 577
48, 877, 950
49, 291, 334
50, 435, 866
51, 149, 614
52, 471, 942
53, 7, 196
54, 307, 398
55, 156, 881
56, 257, 313
57, 346, 671
58, 605, 891
59, 459, 488
60, 354, 508
61, 977, 988
62, 135, 479
63, 540, 982
64, 187, 418
65, 523, 550
66, 200, 715
67, 344, 922
68, 650, 887
69, 111, 843
70, 1, 404
71, 559, 947
72, 312, 343
73, 100, 825
74, 430, 467
75, 218, 868
76, 497, 847
77, 374, 617
78, 852, 892
79, 438, 898
80, 548, 731
81, 910, 923
82, 157, 251
83, 167, 320
84, 84, 782
85, 353, 567
86, 24, 394
87, 328, 652
88, 295, 515
89, 469, 857
90, 168, 643
91, 653, 826
92, 67, 254
93, 838, 963
94, 238, 986
95, 158, 769
96, 659, 752
97, 464, 928
98, 317, 534
99, 29, 348
100, 227, 615
101, 308, 623
102, 153, 733
103, 454, 944
104, 821, 933
105, 575, 756
106, 427, 845
107, 62, 226
108, 703, 800
109, 42, 296
110, 121, 808
111, 261, 828
112, 253, 815
113, 897, 978
114, 624, 903
115, 468, 743
116, 593, 637
117, 194, 636
118, 475, 568
119, 20, 263
120, 137, 745
121, 249, 886
122, 177, 545
123, 638, 665
124, 305, 500
125, 50, 610
126, 74, 666
127, 66, 584
128, 250, 592
129, 142, 812
130, 708, 893
131, 152, 332
132, 206, 275
133, 21, 634
134, 588, 629
135, 214, 318
136, 525, 813
137, 329, 576
138, 529, 693
139, 151, 160
140, 622, 774
141, 285, 657
142, 644, 651
143, 456, 582
144, 33, 850
145, 387, 791
146, 563, 967
147, 138, 700
148, 17, 861
149, 783, 989
150, 301, 940
151, 107, 786
152, 23, 935
153, 433, 966
154, 280, 316
155, 688, 734
156, 640, 735
157, 537, 710
158, 768, 827
159, 118, 443
160, 43, 755
161, 14, 848
162, 4, 209
163, 718, 914
164, 165, 463
165, 723, 999
166, 466, 597
167, 373, 957
168, 495, 865
169, 794, 858
170, 13, 349
171, 181, 480
172, 606, 832
173, 787, 984
174, 188, 741
175, 56, 611
176, 192, 925
177, 237, 504
178, 750, 901
179, 518, 738
180, 125, 556
181, 182, 448
182, 217, 772
183, 242, 941
184, 853, 854
185, 378, 874
186, 491, 714
187, 505, 833
188, 293, 507
189, 26, 155
190, 339, 739
191, 235, 837
192, 369, 842
193, 223, 553
194, 509, 920
195, 453, 706
196, 414, 906
197, 879, 990
198, 198, 422
199, 55, 538
200, 2, 362
201, 86, 126
202, 173, 655
203, 183, 736
204, 202, 481
205, 60, 873
206, 124, 496
207, 754, 971
208, 197, 689
209, 381, 451
210, 678, 814
211, 306, 541
212, 439, 781
213, 384, 904
214, 377, 602
215, 241, 382
216, 148, 549
217, 231, 905
218, 581, 805
219, 784, 949
220, 440, 902
221, 696, 757
222, 532, 702
223, 112, 533
224, 3, 516
225, 139, 612
226, 87, 184
227, 104, 740
228, 385, 647
229, 823, 952
230, 96, 834
231, 527, 807
232, 122, 595
233, 105, 490
234, 870, 943
235, 660, 927
236, 333, 907
237, 766, 829
238, 449, 465
239, 267, 639
240, 265, 478
241, 668, 896
242, 245, 609
243, 41, 818
244, 164, 656
245, 727, 803
246, 224, 956
247, 169, 859
248, 11, 195
249, 441, 763
250, 12, 178
251, 72, 299
252, 25, 357
253, 150, 616
254, 684, 885
255, 799, 810
256, 146, 569
257, 65, 82
258, 255, 888
259, 539, 571
260, 57, 71
261, 522, 555
262, 53, 304
263, 401, 452
264, 345, 780
265, 127, 520
266, 81, 409
267, 765, 975
268, 391, 938
269, 711, 761
270, 526, 948
271, 39, 709
272, 147, 587
273, 115, 513
274, 421, 493
275, 174, 284
276, 110, 162
277, 78, 228
278, 434, 626
279, 221, 297
280, 6, 632
281, 323, 699
282, 136, 310
283, 608, 635
284, 530, 747
285, 234, 521
286, 477, 675
287, 661, 869
288, 303, 816
289, 411, 954
290, 432, 544
291, 662, 899
292, 356, 712
293, 325, 363
294, 92, 961
295, 51, 277
296, 631, 778
297, 128, 330
298, 302, 955
299, 93, 779
300, 483, 831
301, 352, 880
302, 219, 445
303, 170, 379
304, 99, 314
305, 45, 132
306, 176, 758
307, 770, 795
308, 270, 694
309, 175, 685
310, 596, 798
311, 436, 889
312, 193, 388
313, 324, 824
314, 185, 437
315, 36, 413
316, 246, 298
317, 283, 361
318, 286, 358
319, 252, 649
320, 326, 551
321, 492, 744
322, 278, 792
323, 117, 840
324, 30, 773
325, 341, 806
326, 159, 403
327, 613, 921
328, 289, 405
329, 140, 315
330, 131, 547
331, 717, 937
332, 389, 915
333, 216, 751
334, 59, 554
335, 22, 383
336, 408, 987
337, 203, 934
338, 9, 543
339, 412, 524
340, 720, 939
341, 239, 836
342, 258, 777
343, 573, 820
344, 542, 748
345, 918, 1000
346, 444, 583
347, 589, 729
348, 69, 340
349, 426, 992
350, 390, 997
351, 327, 932
352, 180, 512
353, 399, 645
354, 670, 676
355, 116, 759
356, 114, 996
357, 8, 916
358, 290, 776
359, 360, 875
360, 189, 420
361, 10, 658
362, 288, 580
363, 46, 749
364, 232, 603
365, 355, 811
366, 32, 281
367, 35, 347
368, 73, 862
369, 63, 722
370, 143, 470
371, 83, 94
372, 535, 790
373, 366, 697
374, 229, 396
375, 561, 994
376, 31, 964
377, 101, 830
378, 130, 725
379, 40, 351
380, 18, 552
381, 161, 455
382, 119, 292
383, 607, 721
384, 514, 674
385, 397, 980
386, 108, 849
387, 294, 913
388, 207, 519
389, 247, 510
390, 572, 909
391, 506, 562
392, 244, 392
393, 38, 190
394, 75, 557
395, 450, 604
396, 598, 788
397, 113, 528
398, 68, 442
399, 61, 673
400, 48, 476
401, 274, 771
402, 473, 565
403, 415, 728
404, 37, 594
405, 210, 974
406, 145, 337
407, 106, 335
408, 742, 855
409, 85, 664
410, 457, 864
411, 211, 268
412, 256, 395
413, 570, 908
414, 564, 883
415, 835, 960
416, 144, 692
417, 212, 599
418, 560, 972
419, 462, 686
420, 416, 809
421, 319, 600
422, 236, 517
423, 186, 683
424, 336, 924
425, 460, 487
426, 393, 502
427, 248, 959
428, 368, 402
429, 691, 719
430, 204, 585
431, 417, 679
432, 311, 380
433, 331, 386
434, 15, 424
435, 410, 494
436, 501, 726
437, 260, 953
438, 282, 753
439, 503, 793
440, 141, 970
441, 208, 900
442, 52, 166
443, 233, 969
444, 49, 586
445, 860, 946
446, 98, 767
447, 472, 484
448, 446, 619
449, 844, 979
450, 819, 822
451, 47, 867
452, 91, 272
453, 266, 276
454, 103, 856
455, 423, 705
456, 230, 428
457, 627, 704
458, 102, 713
459, 400, 630
460, 431, 447
461, 28, 962
462, 625, 884
463, 213, 269
464, 895, 951
465, 648, 677
466, 482, 628
467, 201, 365
468, 407, 633
469, 458, 474
470, 846, 998
471, 179, 789
472, 371, 926
473, 95, 730
474, 321, 429
475, 64, 701
476, 498, 983
477, 804, 872
478, 672, 785
479, 134, 225
480, 546, 890
481, 746, 917
482, 80, 406
483, 133, 621
484, 367, 511
485, 654, 965
486, 976, 991
487, 591, 642
488, 70, 558
489, 641, 796
490, 77, 222
491, 240, 764
492, 129, 486
493, 531, 876
494, 88, 732
495, 707, 762
496, 863, 958
497, 578, 690
498, 205, 264
499, 163, 618
500, 27, 911
501, 201, 883
502, 290, 382
503, 757, 925
504, 306, 702
505, 417, 954
506, 337, 583
507, 916, 980
508, 317, 848
509, 586, 882
510, 245, 616
511, 200, 404
512, 39, 821
513, 607, 631
514, 437, 462
515, 507, 761
516, 585, 942
517, 159, 329
518, 542, 811
519, 26, 405
520, 495, 938
521, 17, 578
522, 184, 905
523, 354, 614
524, 102, 355
525, 374, 828
526, 271, 415
527, 31, 174
528, 179, 592
529, 95, 978
530, 192, 637
531, 21, 241
532, 94, 517
533, 548, 714
534, 288, 923
535, 173, 843
536, 115, 778
537, 5, 803
538, 299, 706
539, 104, 831
540, 759, 830
541, 91, 380
542, 118, 701
543, 788, 870
544, 57, 976
545, 563, 896
546, 113, 365
547, 424, 642
548, 731, 981
549, 699, 988
550, 63, 822
551, 211, 971
552, 488, 797
553, 724, 836
554, 6, 243
555, 93, 677
556, 644, 943
557, 726, 993
558, 574, 922
559, 247, 909
560, 639, 798
561, 478, 839
562, 499, 624
563, 416, 473
564, 294, 408
565, 395, 640
566, 187, 205
567, 225, 456
568, 209, 281
569, 539, 854
570, 485, 590
571, 151, 859
572, 164, 946
573, 146, 964
574, 182, 388
575, 266, 447
576, 137, 194
577, 364, 866
578, 330, 814
579, 546, 979
580, 25, 727
581, 280, 319
582, 166, 170
583, 361, 480
584, 215, 336
585, 19, 791
586, 433, 459
587, 440, 477
588, 54, 543
589, 503, 711
590, 453, 717
591, 446, 603
592, 117, 697
593, 120, 526
594, 844, 895
595, 664, 739
596, 730, 890
597, 165, 885
598, 273, 310
599, 252, 420
600, 27, 845
601, 745, 840
602, 60, 518
603, 661, 881
604, 521, 790
605, 207, 877
606, 339, 742
607, 570, 674
608, 426, 647
609, 747, 972
610, 795, 812
611, 285, 693
612, 435, 491
613, 556, 610
614, 3, 190
615, 59, 185
616, 369, 595
617, 61, 418
618, 410, 627
619, 199, 204
620, 609, 944
621, 114, 593
622, 274, 304
623, 323, 551
624, 244, 522
625, 147, 612
626, 332, 929
627, 240, 800
628, 143, 505
629, 344, 827
630, 732, 867
631, 297, 469
632, 139, 487
633, 951, 966
634, 11, 982
635, 439, 626
636, 636, 936
637, 62, 1000
638, 406, 758
639, 177, 913
640, 589, 991
641, 9, 956
642, 101, 696
643, 530, 772
644, 84, 680
645, 77, 825
646, 64, 69
647, 65, 712
648, 555, 955
649, 328, 736
650, 133, 553
651, 40, 623
652, 82, 750
653, 255, 451
654, 183, 576
655, 515, 992
656, 403, 763
657, 833, 842
658, 129, 967
659, 7, 99
660, 963, 985
661, 434, 941
662, 497, 766
663, 468, 479
664, 32, 668
665, 282, 952
666, 212, 217
667, 598, 875
668, 51, 707
669, 359, 421
670, 466, 874
671, 524, 904
672, 20, 973
673, 136, 605
674, 725, 975
675, 75, 167
676, 35, 670
677, 869, 984
678, 246, 962
679, 567, 568
680, 98, 573
681, 203, 472
682, 122, 762
683, 239, 298
684, 385, 996
685, 774, 897
686, 957, 960
687, 13, 860
688, 267, 579
689, 56, 752
690, 493, 919
691, 340, 853
692, 1, 926
693, 58, 140
694, 156, 658
695, 138, 619
696, 214, 481
697, 132, 572
698, 71, 893
699, 131, 630
700, 401, 715
701, 213, 577
702, 635, 924
703, 398, 995
704, 504, 868
705, 275, 719
706, 872, 878
707, 145, 366
708, 467, 528
709, 545, 559
710, 254, 305
711, 189, 378
712, 564, 817
713, 236, 983
714, 538, 876
715, 263, 911
716, 345, 989
717, 261, 335
718, 541, 928
719, 341, 810
720, 608, 743
721, 581, 633
722, 14, 229
723, 356, 533
724, 659, 691
725, 202, 549
726, 338, 443
727, 28, 594
728, 162, 394
729, 109, 265
730, 83, 713
731, 560, 673
732, 221, 342
733, 445, 965
734, 600, 873
735, 537, 777
736, 300, 780
737, 37, 50
738, 38, 352
739, 367, 684
740, 123, 753
741, 379, 969
742, 97, 444
743, 482, 783
744, 611, 665
745, 153, 454
746, 657, 846
747, 111, 986
748, 228, 547
749, 461, 501
750, 176, 277
751, 89, 150
752, 347, 720
753, 722, 789
754, 413, 629
755, 293, 357
756, 389, 901
757, 76, 921
758, 160, 442
759, 46, 486
760, 709, 865
761, 130, 400
762, 650, 784
763, 428, 457
764, 16, 620
765, 320, 880
766, 29, 540
767, 135, 455
768, 262, 483
769, 325, 999
770, 42, 315
771, 850, 879
772, 169, 251
773, 242, 823
774, 519, 932
775, 596, 940
776, 10, 475
777, 534, 618
778, 142, 970
779, 125, 698
780, 278, 580
781, 584, 792
782, 36, 318
783, 163, 235
784, 168, 375
785, 67, 126
786, 74, 656
787, 694, 855
788, 460, 463
789, 531, 587
790, 349, 852
791, 66, 906
792, 511, 622
793, 575, 953
794, 78, 934
795, 847, 968
796, 287, 311
797, 432, 760
798, 835, 863
799, 755, 998
800, 705, 931
801, 218, 272
802, 34, 908
803, 68, 384
804, 502, 824
805, 127, 155
806, 116, 561
807, 96, 372
808, 513, 756
809, 360, 599
810, 523, 776
811, 346, 813
812, 90, 689
813, 289, 425
814, 348, 826
815, 638, 687
816, 8, 430
817, 260, 769
818, 161, 302
819, 224, 422
820, 449, 775
821, 141, 829
822, 785, 832
823, 250, 838
824, 316, 799
825, 49, 617
826, 458, 681
827, 191, 613
828, 234, 651
829, 569, 959
830, 735, 948
831, 558, 884
832, 100, 494
833, 291, 815
834, 377, 734
835, 409, 606
836, 41, 889
837, 15, 662
838, 105, 350
839, 520, 994
840, 2, 121
841, 660, 977
842, 233, 682
843, 399, 498
844, 232, 802
845, 270, 292
846, 30, 945
847, 112, 222
848, 208, 841
849, 557, 675
850, 53, 914
851, 471, 529
852, 303, 764
853, 484, 796
854, 331, 804
855, 106, 582
856, 470, 733
857, 632, 851
858, 249, 309
859, 489, 807
860, 393, 436
861, 729, 918
862, 324, 464
863, 326, 950
864, 108, 119
865, 383, 645
866, 407, 987
867, 22, 227
868, 571, 947
869, 327, 781
870, 206, 496
871, 358, 690
872, 808, 819
873, 196, 506
874, 87, 704
875, 195, 269
876, 70, 492
877, 500, 894
878, 452, 646
879, 414, 862
880, 476, 768
881, 552, 641
882, 474, 565
883, 210, 786
884, 276, 685
885, 231, 749
886, 806, 915
887, 259, 809
888, 248, 334
889, 237, 949
890, 18, 314
891, 295, 933
892, 438, 679
893, 85, 887
894, 321, 770
895, 362, 937
896, 514, 898
897, 773, 834
898, 700, 737
899, 279, 368
900, 652, 917
901, 363, 907
902, 431, 602
903, 124, 683
904, 381, 692
905, 223, 849
906, 703, 801
907, 226, 516
908, 216, 902
909, 79, 429
910, 24, 628
911, 490, 818
912, 180, 392
913, 178, 396
914, 597, 793
915, 55, 744
916, 172, 258
917, 73, 313
918, 678, 686
919, 588, 899
920, 509, 891
921, 144, 510
922, 688, 886
923, 48, 997
924, 253, 283
925, 728, 738
926, 427, 939
927, 508, 695
928, 371, 448
929, 888, 903
930, 86, 103
931, 748, 961
932, 181, 864
933, 148, 765
934, 264, 333
935, 220, 284
936, 621, 740
937, 268, 990
938, 158, 186
939, 771, 861
940, 751, 930
941, 92, 634
942, 716, 723
943, 149, 794
944, 554, 927
945, 4, 710
946, 312, 974
947, 219, 450
948, 512, 615
949, 80, 871
950, 157, 653
951, 649, 782
952, 256, 591
953, 532, 741
954, 423, 837
955, 643, 900
956, 419, 535
957, 663, 920
958, 12, 787
959, 441, 544
960, 52, 81
961, 566, 676
962, 45, 198
963, 373, 779
964, 411, 805
965, 671, 858
966, 33, 655
967, 286, 465
968, 171, 912
969, 23, 107
970, 527, 746
971, 188, 672
972, 391, 708
973, 525, 816
974, 193, 820
975, 666, 754
976, 43, 402
977, 238, 386
978, 44, 958
979, 296, 667
980, 154, 230
981, 718, 935
982, 387, 397
983, 47, 856
984, 197, 550
985, 128, 562
986, 110, 152
987, 257, 669
988, 343, 648
989, 72, 351
990, 721, 892
991, 625, 767
992, 376, 604
993, 308, 353
994, 390, 601
995, 175, 301
996, 88, 412
997, 322, 536
998, 134, 654
999, 370, 910
1000, 307, 857
1001, 249, 967
1002, 525, 841
1003, 9, 246
1004, 80, 955
1005, 230, 574
1006, 749, 983
1007, 170, 566
1008, 278, 343
1009, 554, 562
1010, 456, 690
1011, 283, 816
1012, 417, 550
1013, 676, 727
1014, 868, 918
1015, 190, 620
1016, 409, 494
1017, 53, 434
1018, 590, 920
1019, 55, 664
1020, 85, 860
1021, 7, 400
1022, 491, 615
1023, 171, 311
1024, 90, 978
1025, 24, 136
1026, 88, 500
1027, 834, 934
1028, 414, 919
1029, 26, 75
1030, 523, 601
1031, 239, 388
1032, 48, 471
1033, 96, 244
1034, 815, 970
1035, 846, 878
1036, 6, 74
1037, 943, 995
1038, 714, 972
1039, 290, 555
1040, 186, 362
1041, 28, 761
1042, 354, 775
1043, 274, 798
1044, 124, 649
1045, 721, 906
1046, 639, 980
1047, 510, 546
1048, 377, 722
1049, 442, 551
1050, 691, 939
1051, 350, 544
1052, 264, 443
1053, 160, 398
1054, 294, 507
1055, 642, 768
1056, 405, 652
1057, 112, 223
1058, 301, 502
1059, 674, 866
1060, 368, 796
1061, 177, 416
1062, 303, 765
1063, 312, 331
1064, 102, 770
1065, 437, 472
1066, 410, 693
1067, 163, 535
1068, 149, 754
1069, 276, 806
1070, 191, 454
1071, 129, 809
1072, 50, 86
1073, 613, 986
1074, 118, 614
1075, 57, 893
1076, 168, 949
1077, 207, 769
1078, 77, 273
1079, 365, 764
1080, 308, 647
1081, 210, 281
1082, 12, 450
1083, 270, 847
1084, 148, 892
1085, 231, 580
1086, 156, 709
1087, 512, 831
1088, 675, 804
1089, 14, 571
1090, 413, 672
1091, 723, 921
1092, 493, 626
1093, 32, 181
1094, 30, 836
1095, 381, 961
1096, 508, 905
1097, 563, 730
1098, 533, 576
1099, 40, 981
1100, 483, 792
1101, 885, 909
1102, 38, 441
1103, 302, 671
1104, 352, 360
1105, 133, 489
1106, 51, 973
1107, 21, 701
1108, 175, 717
1109, 220, 395
1110, 36, 623
1111, 172, 997
1112, 406, 950
1113, 193, 251
1114, 589, 673
1115, 63, 159
1116, 233, 538
1117, 94, 247
1118, 321, 760
1119, 581, 945
1120, 522, 724
1121, 757, 996
1122, 338, 689
1123, 588, 867
1124, 536, 781
1125, 144, 154
1126, 819, 948
1127, 150, 363
1128, 600, 752
1129, 325, 839
1130, 438, 936
1131, 174, 778
1132, 56, 158
1133, 881, 883
1134, 849, 855
1135, 226, 367
1136, 84, 870
1137, 60, 106
1138, 256, 915
1139, 553, 707
1140, 218, 880
1141, 334, 648
1142, 340, 824
1143, 234, 743
1144, 316, 526
1145, 339, 421
1146, 16, 227
1147, 378, 612
1148, 61, 634
1149, 657, 975
1150, 516, 903
1151, 382, 495
1152, 349, 353
1153, 857, 858
1154, 506, 573
1155, 29, 681
1156, 386, 844
1157, 432, 930
1158, 195, 435
1159, 597, 811
1160, 213, 322
1161, 540, 611
1162, 271, 504
1163, 141, 803
1164, 782, 926
1165, 18, 669
1166, 654, 684
1167, 505, 549
1168, 585, 656
1169, 109, 299
1170, 822, 861
1171, 111, 204
1172, 666, 988
1173, 424, 646
1174, 431, 944
1175, 201, 625
1176, 347, 990
1177, 293, 898
1178, 476, 957
1179, 578, 938
1180, 358, 869
1181, 453, 556
1182, 357, 911
1183, 306, 925
1184, 229, 908
1185, 627, 628
1186, 323, 660
1187, 15, 297
1188, 173, 248
1189, 184, 255
1190, 266, 927
1191, 13, 747
1192, 380, 745
1193, 131, 663
1194, 440, 564
1195, 2, 82
1196, 42, 557
1197, 545, 979
1198, 468, 567
1199, 587, 877
1200, 152, 705
1201, 820, 873
1202, 253, 710
1203, 383, 896
1204, 62, 871
1205, 11, 394
1206, 127, 289
1207, 635, 962
1208, 128, 407
1209, 116, 794
1210, 67, 592
1211, 425, 586
1212, 135, 422
1213, 34, 520
1214, 372, 982
1215, 196, 643
1216, 120, 445
1217, 772, 987
1218, 436, 716
1219, 261, 465
1220, 130, 351
1221, 99, 451
1222, 583, 602
1223, 651, 708
1224, 480, 732
1225, 169, 715
1226, 35, 517
1227, 1, 622
1228, 108, 537
1229, 327, 713
1230, 25, 777
1231, 314, 618
1232, 411, 852
1233, 241, 304
1234, 547, 863
1235, 43, 694
1236, 97, 616
1237, 548, 848
1238, 458, 519
1239, 608, 667
1240, 98, 125
1241, 228, 452
1242, 292, 795
1243, 138, 993
1244, 113, 187
1245, 886, 891
1246, 254, 653
1247, 179, 703
1248, 799, 964
1249, 46, 790
1250, 346, 572
1251, 295, 496
1252, 686, 751
1253, 280, 359
1254, 58, 766
1255, 232, 965
1256, 115, 370
1257, 72, 910
1258, 748, 753
1259, 473, 791
1260, 33, 423
1261, 221, 272
1262, 621, 741
1263, 252, 922
1264, 164, 617
1265, 490, 946
1266, 54, 225
1267, 851, 879
1268, 603, 718
1269, 361, 531
1270, 260, 518
1271, 52, 759
1272, 486, 812
1273, 199, 650
1274, 371, 632
1275, 214, 658
1276, 683, 793
1277, 783, 966
1278, 95, 835
1279, 47, 463
1280, 444, 559
1281, 268, 738
1282, 219, 699
1283, 298, 682
1284, 447, 459
1285, 341, 837
1286, 594, 739
1287, 393, 802
1288, 146, 267
1289, 185, 833
1290, 126, 826
1291, 153, 511
1292, 139, 916
1293, 609, 865
1294, 485, 998
1295, 330, 376
1296, 4, 498
1297, 237, 326
1298, 528, 932
1299, 224, 501
1300, 142, 275
1301, 364, 530
1302, 762, 952
1303, 284, 604
1304, 242, 569
1305, 307, 814
1306, 542, 829
1307, 285, 644
1308, 606, 645
1309, 800, 823
1310, 842, 923
1311, 412, 917
1312, 132, 774
1313, 134, 872
1314, 64, 678
1315, 355, 976
1316, 137, 497
1317, 659, 776
1318, 593, 677
1319, 446, 541
1320, 384, 897
1321, 369, 845
1322, 257, 929
1323, 22, 527
1324, 448, 974
1325, 599, 665
1326, 180, 731
1327, 300, 637
1328, 720, 780
1329, 492, 840
1330, 662, 875
1331, 515, 894
1332, 385, 953
1333, 122, 315
1334, 27, 668
1335, 582, 788
1336, 200, 636
1337, 758, 767
1338, 462, 853
1339, 366, 931
1340, 469, 933
1341, 755, 807
1342, 735, 991
1343, 279, 924
1344, 216, 374
1345, 466, 697
1346, 329, 420
1347, 787, 856
1348, 335, 680
1349, 183, 801
1350, 810, 947
1351, 20, 403
1352, 110, 192
1353, 157, 968
1354, 245, 401
1355, 44, 117
1356, 147, 348
1357, 76, 387
1358, 23, 324
1359, 87, 176
1360, 457, 977
1361, 426, 561
1362, 91, 591
1363, 66, 123
1364, 568, 985
1365, 750, 890
1366, 726, 832
1367, 263, 373
1368, 638, 729
1369, 37, 558
1370, 630, 954
1371, 265, 771
1372, 430, 624
1373, 65, 577
1374, 695, 992
1375, 78, 258
1376, 419, 509
1377, 215, 661
1378, 482, 670
1379, 208, 598
1380, 197, 899
1381, 79, 914
1382, 514, 859
1383, 539, 688
1384, 162, 888
1385, 310, 912
1386, 565, 629
1387, 399, 971
1388, 71, 402
1389, 70, 785
1390, 39, 702
1391, 107, 742
1392, 194, 478
1393, 706, 902
1394, 17, 345
1395, 941, 959
1396, 318, 779
1397, 167, 692
1398, 8, 105
1399, 397, 827
1400, 5, 850
1401, 178, 305
1402, 212, 524
1403, 73, 332
1404, 313, 830
1405, 143, 477
1406, 320, 719
1407, 428, 696
1408, 119, 733
1409, 286, 698
1410, 250, 956
1411, 296, 876
1412, 470, 889
1413, 235, 821
1414, 396, 529
1415, 93, 100
1416, 202, 487
1417, 467, 619
1418, 140, 813
1419, 222, 503
1420, 513, 887
1421, 687, 940
1422, 206, 711
1423, 243, 882
1424, 789, 825
1425, 211, 874
1426, 805, 942
1427, 101, 484
1428, 725, 900
1429, 532, 740
1430, 439, 679
1431, 161, 328
1432, 89, 288
1433, 337, 763
1434, 736, 963
1435, 269, 838
1436, 610, 728
1437, 287, 631
1438, 277, 843
1439, 595, 734
1440, 737, 773
1441, 584, 640
1442, 333, 958
1443, 756, 960
1444, 121, 309
1445, 259, 379
1446, 145, 700
1447, 390, 744
1448, 935, 984
1449, 818, 994
1450, 205, 913
1451, 570, 828
1452, 151, 166
1453, 319, 427
1454, 433, 488
1455, 336, 864
1456, 375, 862
1457, 3, 240
1458, 68, 928
1459, 391, 786
1460, 534, 901
1461, 104, 552
1462, 461, 479
1463, 10, 31
1464, 49, 1000
1465, 188, 633
1466, 69, 989
1467, 81, 560
1468, 895, 999
1469, 182, 449
1470, 392, 746
1471, 605, 817
1472, 198, 655
1473, 189, 579
1474, 41, 291
1475, 575, 969
1476, 217, 464
1477, 342, 344
1478, 236, 499
1479, 103, 155
1480, 418, 521
1481, 415, 455
1482, 59, 92
1483, 607, 937
1484, 596, 797
1485, 712, 808
1486, 404, 641
1487, 460, 854
1488, 165, 408
1489, 114, 543
1490, 475, 884
1491, 262, 904
1492, 45, 317
1493, 704, 907
1494, 19, 685
1495, 209, 429
1496, 83, 203
1497, 389, 784
1498, 238, 282
1499, 356, 951
1500, 474, 481
1501, 16, 298
1502, 99, 250
1503, 503, 530
1504, 449, 813
1505, 348, 440
1506, 153, 625
1507, 201, 748
1508, 31, 871
1509, 359, 412
1510, 195, 581
1511, 549, 774
1512, 178, 922
1513, 189, 671
1514, 506, 890
1515, 24, 690
1516, 340, 775
1517, 38, 54
1518, 76, 927
1519, 420, 788
1520, 785, 873
1521, 135, 343
1522, 323, 355
1523, 494, 529
1524, 216, 973
1525, 352, 964
1526, 482, 923
1527, 589, 728
1528, 125, 269
1529, 68, 656
1530, 285, 312
1531, 693, 947
1532, 9, 50
1533, 894, 897
1534, 302, 502
1535, 579, 753
1536, 261, 604
1537, 290, 825
1538, 472, 573
1539, 470, 704
1540, 47, 826
1541, 202, 236
1542, 673, 934
1543, 483, 985
1544, 86, 846
1545, 214, 414
1546, 908, 917
1547, 64, 610
1548, 266, 523
1549, 321, 867
1550, 516, 695
1551, 161, 388
1552, 646, 926
1553, 407, 845
1554, 711, 759
1555, 478, 989
1556, 254, 705
1557, 273, 522
1558, 28, 688
1559, 674, 818
1560, 139, 757
1561, 42, 565
1562, 831, 837
1563, 350, 950
1564, 107, 124
1565, 369, 957
1566, 2, 515
1567, 309, 956
1568, 20, 484
1569, 473, 678
1570, 159, 821
1571, 366, 851
1572, 313, 356
1573, 194, 939
1574, 196, 329
1575, 220, 999
1576, 277, 289
1577, 672, 896
1578, 629, 637
1579, 88, 278
1580, 227, 268
1581, 45, 328
1582, 231, 795
1583, 262, 828
1584, 501, 902
1585, 446, 611
1586, 721, 983
1587, 613, 735
1588, 218, 755
1589, 383, 620
1590, 608, 910
1591, 221, 951
1592, 606, 929
1593, 532, 712
1594, 304, 869
1595, 417, 940
1596, 12, 258
1597, 338, 561
1598, 409, 665
1599, 204, 588
1600, 683, 700
1601, 288, 424
1602, 77, 117
1603, 381, 903
1604, 691, 835
1605, 79, 96
1606, 62, 287
1607, 187, 547
1608, 60, 777
1609, 82, 587
1610, 175, 386
1611, 87, 546
1612, 115, 781
1613, 296, 649
1614, 327, 976
1615, 91, 819
1616, 562, 798
1617, 181, 778
1618, 445, 790
1619, 127, 133
1620, 334, 650
1621, 399, 706
1622, 41, 358
1623, 39, 969
1624, 505, 593
1625, 612, 772
1626, 429, 670
1627, 15, 838
1628, 603, 879
1629, 365, 526
1630, 207, 882
1631, 697, 803
1632, 681, 1000
1633, 517, 609
1634, 518, 730
1635, 276, 694
1636, 434, 980
1637, 75, 570
1638, 337, 942
1639, 172, 648
1640, 459, 812
1641, 123, 972
1642, 237, 263
1643, 253, 763
1644, 4, 145
1645, 55, 817
1646, 391, 594
1647, 1, 442
1648, 615, 793
1649, 92, 713
1650, 106, 240
1651, 49, 385
1652, 617, 914
1653, 737, 993
1654, 783, 784
1655, 479, 716
1656, 362, 455
1657, 435, 623
1658, 34, 152
1659, 295, 729
1660, 37, 741
1661, 6, 468
1662, 315, 401
1663, 306, 324
1664, 116, 452
1665, 764, 766
1666, 80, 633
1667, 404, 862
1668, 156, 272
1669, 186, 761
1670, 345, 960
1671, 422, 464
1672, 108, 988
1673, 10, 709
1674, 17, 600
1675, 27, 794
1676, 140, 474
1677, 396, 410
1678, 203, 848
1679, 23, 836
1680, 225, 639
1681, 132, 260
1682, 524, 963
1683, 595, 641
1684, 21, 333
1685, 252, 954
1686, 453, 676
1687, 210, 408
1688, 14, 74
1689, 8, 467
1690, 727, 953
1691, 40, 418
1692, 427, 959
1693, 736, 937
1694, 616, 809
1695, 475, 680
1696, 457, 720
1697, 698, 816
1698, 93, 182
1699, 233, 994
1700, 294, 432
1701, 48, 441
1702, 147, 286
1703, 397, 456
1704, 151, 370
1705, 578, 916
1706, 247, 423
1707, 353, 568
1708, 938, 962
1709, 437, 931
1710, 224, 405
1711, 540, 749
1712, 533, 653
1713, 439, 684
1714, 829, 856
1715, 114, 800
1716, 84, 834
1717, 651, 779
1718, 557, 827
1719, 477, 710
1720, 499, 854
1721, 332, 552
1722, 7, 514
1723, 259, 326
1724, 167, 188
1725, 599, 866
1726, 208, 553
1727, 390, 974
1728, 264, 815
1729, 958, 992
1730, 411, 995
1731, 531, 632
1732, 113, 970
1733, 171, 863
1734, 81, 554
1735, 342, 666
1736, 820, 865
1737, 425, 738
1738, 234, 930
1739, 129, 751
1740, 19, 150
1741, 685, 765
1742, 57, 739
1743, 110, 160
1744, 29, 119
1745, 708, 773
1746, 770, 864
1747, 70, 703
1748, 465, 746
1749, 723, 804
1750, 95, 702
1751, 229, 885
1752, 280, 853
1753, 627, 715
1754, 580, 901
1755, 400, 661
1756, 840, 904
1757, 583, 797
1758, 336, 675
1759, 212, 714
1760, 177, 539
1761, 32, 58
1762, 544, 701
1763, 361, 760
1764, 402, 488
1765, 626, 731
1766, 270, 582
1767, 550, 786
1768, 168, 971
1769, 134, 384
1770, 592, 789
1771, 219, 796
1772, 344, 395
1773, 471, 782
1774, 576, 898
1775, 126, 243
1776, 104, 725
1777, 164, 935
1778, 374, 984
1779, 696, 888
1780, 162, 371
1781, 318, 591
1782, 346, 368
1783, 25, 419
1784, 143, 209
1785, 248, 489
1786, 387, 743
1787, 232, 299
1788, 279, 667
1789, 393, 403
1790, 66, 936
1791, 97, 492
1792, 460, 791
1793, 635, 689
1794, 509, 732
1795, 22, 614
1796, 883, 921
1797, 655, 905
1798, 354, 495
1799, 520, 686
1800, 597, 893
1801, 239, 319
1802, 26, 564
1803, 889, 996
1804, 756, 839
1805, 679, 884
1806, 692, 948
1807, 141, 493
1808, 341, 628
1809, 543, 841
1810, 118, 891
1811, 112, 380
1812, 824, 961
1813, 271, 563
1814, 647, 874
1815, 642, 906
1816, 758, 981
1817, 121, 251
1818, 43, 537
1819, 497, 920
1820, 566, 669
1821, 335, 811
1822, 170, 193
1823, 179, 949
1824, 211, 438
1825, 223, 858
1826, 320, 389
1827, 622, 814
1828, 199, 822
1829, 339, 682
1830, 508, 833
1831, 51, 636
1832, 59, 213
1833, 406, 461
1834, 198, 913
1835, 275, 717
1836, 631, 645
1837, 255, 376
1838, 416, 510
1839, 643, 852
1840, 190, 769
1841, 183, 868
1842, 487, 638
1843, 618, 832
1844, 146, 932
1845, 100, 719
1846, 545, 662
1847, 173, 349
1848, 90, 184
1849, 89, 443
1850, 120, 556
1851, 226, 500
1852, 598, 663
1853, 870, 952
1854, 513, 968
1855, 72, 377
1856, 363, 726
1857, 185, 398
1858, 567, 877
1859, 5, 282
1860, 301, 584
1861, 413, 899
1862, 155, 534
1863, 274, 747
1864, 61, 481
1865, 330, 771
1866, 943, 998
1867, 297, 447
1868, 98, 887
1869, 415, 991
1870, 507, 535
1871, 111, 979
1872, 205, 886
1873, 36, 941
1874, 63, 928
1875, 52, 536
1876, 101, 291
1877, 548, 912
1878, 444, 448
1879, 222, 776
1880, 572, 933
1881, 300, 664
1882, 33, 78
1883, 486, 944
1884, 310, 752
1885, 367, 379
1886, 53, 997
1887, 308, 575
1888, 521, 842
1889, 551, 857
1890, 431, 528
1891, 192, 454
1892, 73, 305
1893, 180, 986
1894, 652, 881
1895, 375, 810
1896, 372, 571
1897, 228, 918
1898, 307, 621
1899, 303, 946
1900, 331, 451
1901, 215, 245
1902, 569, 586
1903, 317, 872
1904, 630, 754
1905, 128, 601
1906, 44, 148
1907, 137, 605
1908, 718, 801
1909, 624, 808
1910, 458, 640
1911, 105, 498
1912, 158, 316
1913, 525, 875
1914, 293, 512
1915, 462, 892
1916, 849, 880
1917, 56, 802
1918, 436, 844
1919, 241, 559
1920, 11, 740
1921, 217, 915
1922, 707, 876
1923, 357, 855
1924, 490, 859
1925, 35, 767
1926, 977, 987
1927, 191, 249
1928, 174, 463
1929, 292, 843
1930, 541, 895
1931, 235, 485
1932, 450, 945
1933, 596, 734
1934, 102, 430
1935, 109, 491
1936, 542, 900
1937, 142, 724
1938, 585, 787
1939, 607, 644
1940, 322, 967
1941, 18, 659
1942, 284, 805
1943, 511, 538
1944, 85, 163
1945, 496, 806
1946, 149, 426
1947, 131, 792
1948, 169, 722
1949, 46, 955
1950, 555, 590
1951, 373, 799
1952, 265, 965
1953, 634, 861
1954, 574, 733
1955, 122, 428
1956, 382, 421
1957, 94, 990
1958, 699, 975
1959, 657, 780
1960, 347, 660
1961, 197, 466
1962, 267, 668
1963, 103, 911
1964, 283, 560
1965, 83, 314
1966, 244, 378
1967, 924, 982
1968, 351, 364
1969, 200, 480
1970, 469, 823
1971, 238, 878
1972, 157, 750
1973, 504, 744
1974, 138, 476
1975, 206, 527
1976, 69, 394
1977, 144, 281
1978, 619, 978
1979, 246, 847
1980, 519, 658
1981, 166, 762
1982, 71, 433
1983, 257, 925
1984, 130, 165
1985, 768, 907
1986, 360, 745
1987, 392, 654
1988, 256, 807
1989, 176, 687
1990, 136, 919
1991, 325, 850
1992, 3, 65
1993, 154, 602
1994, 13, 242
1995, 558, 830
1996, 30, 909
1997, 677, 742
1998, 67, 230
1999, 577, 860
2000, 311, 966
2001, 486, 873
2002, 160, 885
2003, 256, 695
2004, 755, 784
2005, 19, 897
2006, 57, 115
2007, 720, 956
2008, 175, 686
2009, 44, 154
2010, 765, 823
2011, 524, 860
2012, 650, 680
2013, 28, 659
2014, 531, 626
2015, 655, 658
2016, 595, 667
2017, 188, 719
2018, 481, 584
2019, 410, 802
2020, 358, 401
2021, 14, 614
2022, 77, 181
2023, 694, 829
2024, 25, 277
2025, 402, 922
2026, 29, 156
2027, 307, 528
2028, 380, 935
2029, 284, 878
2030, 663, 816
2031, 636, 730
2032, 542, 934
2033, 18, 684
2034, 164, 679
2035, 103, 303
2036, 786, 913
2037, 56, 804
2038, 172, 861
2039, 798, 840
2040, 601, 877
2041, 102, 276
2042, 264, 744
2043, 339, 454
2044, 578, 794
2045, 74, 669
2046, 324, 713
2047, 41, 96
2048, 903, 976
2049, 229, 898
2050, 672, 940
2051, 791, 875
2052, 527, 638
2053, 540, 729
2054, 42, 936
2055, 280, 857
2056, 423, 710
2057, 504, 613
2058, 444, 830
2059, 69, 766
2060, 396, 965
2061, 33, 146
2062, 634, 723
2063, 479, 604
2064, 415, 712
2065, 27, 999
2066, 73, 376
2067, 625, 984
2068, 250, 389
2069, 545, 689
2070, 556, 882
2071, 520, 635
2072, 826, 855
2073, 400, 815
2074, 247, 293
2075, 144, 378
2076, 497, 615
2077, 725, 964
2078, 301, 302
2079, 525, 797
2080, 290, 910
2081, 11, 734
2082, 430, 869
2083, 43, 841
2084, 116, 207
2085, 388, 610
2086, 470, 839
2087, 845, 958
2088, 932, 959
2089, 763, 945
2090, 92, 189
2091, 741, 888
2092, 13, 110
2093, 246, 703
2094, 623, 801
2095, 346, 820
2096, 406, 929
2097, 347, 649
2098, 728, 900
2099, 167, 688
2100, 225, 235
2101, 571, 631
2102, 200, 285
2103, 198, 685
2104, 292, 592
2105, 136, 949
2106, 312, 709
2107, 199, 465
2108, 237, 803
2109, 787, 890
2110, 398, 702
2111, 75, 158
2112, 489, 706
2113, 574, 767
2114, 8, 234
2115, 572, 799
2116, 345, 722
2117, 328, 500
2118, 654, 665
2119, 334, 731
2120, 106, 386
2121, 690, 743
2122, 48, 51
2123, 407, 648
2124, 335, 732
2125, 537, 819
2126, 458, 563
2127, 171, 770
2128, 521, 926
2129, 282, 453
2130, 120, 909
2131, 404, 543
2132, 512, 981
2133, 70, 769
2134, 3, 608
2135, 464, 916
2136, 362, 419
2137, 403, 970
2138, 656, 793
2139, 193, 880
2140, 112, 434
2141, 596, 683
2142, 270, 753
2143, 84, 288
2144, 142, 381
2145, 320, 594
2146, 90, 519
2147, 485, 963
2148, 109, 174
2149, 517, 944
2150, 10, 950
2151, 738, 899
2152, 416, 463
2153, 693, 871
2154, 448, 587
2155, 422, 865
2156, 214, 849
2157, 129, 409
2158, 379, 924
2159, 774, 795
2160, 168, 311
2161, 251, 467
2162, 607, 758
2163, 876, 887
2164, 126, 564
2165, 529, 652
2166, 141, 539
2167, 190, 781
2168, 108, 603
2169, 641, 651
2170, 125, 273
2171, 85, 580
2172, 4, 39
2173, 187, 359
2174, 275, 522
2175, 236, 699
2176, 213, 979
2177, 245, 523
2178, 471, 513
2179, 94, 724
2180, 283, 905
2181, 71, 550
2182, 337, 436
2183, 600, 682
2184, 298, 998
2185, 912, 919
2186, 215, 777
2187, 274, 764
2188, 336, 421
2189, 165, 621
2190, 711, 746
2191, 7, 779
2192, 62, 429
2193, 131, 733
2194, 147, 332
2195, 31, 991
2196, 149, 162
2197, 1, 747
2198, 95, 499
2199, 367, 715
2200, 472, 742
2201, 265, 536
2202, 195, 216
2203, 761, 789
2204, 295, 582
2205, 143, 879
2206, 315, 502
2207, 390, 986
2208, 118, 975
2209, 176, 413
2210, 590, 931
2211, 619, 800
2212, 53, 230
2213, 79, 209
2214, 305, 951
2215, 67, 739
2216, 314, 633
2217, 12, 807
2218, 475, 775
2219, 113, 918
2220, 197, 420
2221, 196, 955
2222, 902, 966
2223, 76, 83
2224, 281, 817
2225, 145, 484
2226, 87, 925
2227, 353, 426
2228, 642, 983
2229, 306, 341
2230, 296, 677
2231, 721, 993
2232, 266, 593
2233, 394, 717
2234, 220, 708
2235, 157, 923
2236, 514, 516
2237, 371, 772
2238, 219, 643
2239, 342, 411
2240, 180, 573
2241, 700, 821
2242, 222, 946
2243, 271, 673
2244, 653, 776
2245, 354, 561
2246, 333, 437
2247, 99, 843
2248, 313, 555
2249, 326, 330
2250, 569, 768
2251, 834, 866
2252, 140, 583
2253, 526, 788
2254, 602, 933
2255, 241, 837
2256, 58, 97
2257, 585, 822
2258, 55, 152
2259, 331, 847
2260, 450, 832
2261, 751, 1000
2262, 294, 338
2263, 82, 664
2264, 166, 169
2265, 675, 953
2266, 61, 704
2267, 130, 352
2268, 201, 443
2269, 452, 856
2270, 54, 308
2271, 124, 972
2272, 469, 605
2273, 445, 859
2274, 668, 825
2275, 941, 980
2276, 462, 939
2277, 466, 629
2278, 81, 503
2279, 433, 895
2280, 104, 960
2281, 289, 316
2282, 91, 624
2283, 645, 814
2284, 377, 639
2285, 20, 447
2286, 15, 374
2287, 459, 612
2288, 269, 907
2289, 38, 698
2290, 417, 806
2291, 375, 530
2292, 490, 989
2293, 68, 714
2294, 262, 778
2295, 242, 987
2296, 399, 915
2297, 340, 670
2298, 661, 785
2299, 231, 570
2300, 17, 474
2301, 325, 494
2302, 178, 943
2303, 40, 263
2304, 565, 796
2305, 45, 544
2306, 750, 842
2307, 78, 562
2308, 586, 874
2309, 319, 838
2310, 609, 692
2311, 267, 476
2312, 541, 811
2313, 369, 994
2314, 455, 850
2315, 397, 644
2316, 139, 862
2317, 657, 726
2318, 383, 716
2319, 119, 498
2320, 93, 483
2321, 238, 647
2322, 836, 954
2323, 581, 676
2324, 49, 852
2325, 671, 978
2326, 52, 867
2327, 185, 674
2328, 137, 957
2329, 559, 622
2330, 260, 361
2331, 427, 985
2332, 387, 660
2333, 310, 364
2334, 204, 343
2335, 637, 678
2336, 80, 368
2337, 133, 948
2338, 9, 617
2339, 344, 618
2340, 515, 805
2341, 16, 98
2342, 589, 748
2343, 351, 460
2344, 221, 318
2345, 828, 952
2346, 261, 391
2347, 217, 558
2348, 611, 846
2349, 598, 606
2350, 6, 218
2351, 287, 442
2352, 194, 974
2353, 253, 405
2354, 243, 370
2355, 300, 424
2356, 495, 754
2357, 105, 553
2358, 153, 745
2359, 372, 901
2360, 546, 701
2361, 122, 599
2362, 428, 977
2363, 228, 938
2364, 258, 868
2365, 810, 961
2366, 211, 893
2367, 457, 833
2368, 161, 206
2369, 223, 627
2370, 32, 148
2371, 30, 163
2372, 182, 809
2373, 360, 911
2374, 449, 480
2375, 408, 446
2376, 65, 439
2377, 249, 551
2378, 46, 552
2379, 248, 477
2380, 37, 138
2381, 533, 884
2382, 510, 947
2383, 26, 691
2384, 272, 384
2385, 2, 192
2386, 232, 393
2387, 240, 456
2388, 579, 818
2389, 50, 487
2390, 737, 780
2391, 239, 872
2392, 309, 473
2393, 121, 557
2394, 548, 752
2395, 233, 827
2396, 5, 365
2397, 21, 995
2398, 438, 908
2399, 317, 736
2400, 107, 150
2401, 705, 996
2402, 348, 697
2403, 662, 886
2404, 155, 205
2405, 321, 501
2406, 355, 568
2407, 532, 783
2408, 132, 588
2409, 735, 891
2410, 323, 808
2411, 86, 632
2412, 89, 969
2413, 173, 278
2414, 24, 127
2415, 59, 208
2416, 468, 478
2417, 538, 962
2418, 183, 412
2419, 114, 762
2420, 72, 203
2421, 151, 244
2422, 47, 863
2423, 896, 937
2424, 36, 835
2425, 179, 549
2426, 23, 135
2427, 440, 727
2428, 488, 870
2429, 534, 687
2430, 435, 881
2431, 66, 414
2432, 257, 640
2433, 34, 392
2434, 892, 982
2435, 177, 385
2436, 128, 646
2437, 159, 630
2438, 227, 889
2439, 576, 740
2440, 111, 357
2441, 904, 973
2442, 291, 505
2443, 506, 566
2444, 441, 997
2445, 123, 170
2446, 507, 992
2447, 268, 356
2448, 186, 853
2449, 431, 492
2450, 496, 535
2451, 432, 968
2452, 252, 771
2453, 628, 920
2454, 616, 927
2455, 759, 790
2456, 191, 906
2457, 782, 917
2458, 255, 928
2459, 279, 547
2460, 202, 418
2461, 297, 812
2462, 373, 858
2463, 760, 864
2464, 854, 990
2465, 482, 575
2466, 366, 756
2467, 382, 988
2468, 757, 930
2469, 696, 914
2470, 493, 707
2471, 327, 425
2472, 35, 831
2473, 254, 395
2474, 350, 824
2475, 461, 883
2476, 773, 792
2477, 64, 304
2478, 101, 511
2479, 508, 518
2480, 554, 813
2481, 259, 844
2482, 349, 577
2483, 184, 971
2484, 210, 226
2485, 224, 666
2486, 22, 921
2487, 100, 134
2488, 363, 451
2489, 491, 567
2490, 117, 509
2491, 63, 894
2492, 286, 597
2493, 60, 322
2494, 560, 851
2495, 681, 967
2496, 620, 718
2497, 88, 749
2498, 591, 848
2499, 329, 942
2500, 212, 299
2501, 105, 716
2502, 58, 918
2503, 233, 465
2504, 88, 795
2505, 116, 402
2506, 329, 645
2507, 30, 42
2508, 600, 703
2509, 172, 840
2510, 241, 931
2511, 129, 373
2512, 182, 935
2513, 86, 884
2514, 666, 698
2515, 162, 265
2516, 232, 948
2517, 96, 557
2518, 13, 115
2519, 223, 569
2520, 228, 851
2521, 798, 801
2522, 419, 598
2523, 55, 335
2524, 326, 771
2525, 325, 678
2526, 317, 841
2527, 139, 983
2528, 2, 147
2529, 309, 624
2530, 410, 773
2531, 403, 697
2532, 151, 171
2533, 576, 961
2534, 567, 749
2535, 59, 763
2536, 70, 719
2537, 175, 283
2538, 453, 484
2539, 727, 942
2540, 56, 562
2541, 131, 757
2542, 322, 407
2543, 405, 609
2544, 41, 246
2545, 137, 849
2546, 586, 888
2547, 90, 579
2548, 386, 993
2549, 5, 454
2550, 466, 924
2551, 470, 760
2552, 134, 135
2553, 99, 196
2554, 168, 401
2555, 396, 436
2556, 376, 474
2557, 243, 974
2558, 556, 730
2559, 249, 307
2560, 497, 926
2561, 464, 684
2562, 736, 891
2563, 590, 820
2564, 140, 741
2565, 400, 516
2566, 349, 602
2567, 371, 839
2568, 827, 836
2569, 379, 611
2570, 535, 903
2571, 582, 950
2572, 318, 433
2573, 252, 968
2574, 389, 825
2575, 82, 94
2576, 71, 737
2577, 461, 469
2578, 16, 177
2579, 467, 782
2580, 651, 973
2581, 287, 708
2582, 777, 805
2583, 98, 492
2584, 18, 972
2585, 239, 413
2586, 9, 132
2587, 505, 747
2588, 146, 672
2589, 632, 648
2590, 53, 689
2591, 670, 815
2592, 442, 669
2593, 23, 253
2594, 266, 869
2595, 480, 998
2596, 842, 960
2597, 319, 955
2598, 734, 800
2599, 332, 775
2600, 141, 508
2601, 450, 900
2602, 658, 789
2603, 47, 852
2604, 109, 803
2605, 907, 952
2606, 216, 272
2607, 87, 830
2608, 501, 977
2609, 29, 173
2610, 660, 964
2611, 144, 377
2612, 817, 994
2613, 170, 874
2614, 195, 679
2615, 430, 546
2616, 337, 858
2617, 570, 655
2618, 790, 970
2619, 74, 990
2620, 46, 659
2621, 816, 967
2622, 409, 822
2623, 323, 364
2624, 154, 490
2625, 230, 435
2626, 97, 620
2627, 251, 680
2628, 353, 398
2629, 145, 370
2630, 39, 218
2631, 123, 770
2632, 458, 610
2633, 766, 894
2634, 601, 796
2635, 313, 722
2636, 254, 732
2637, 367, 819
2638, 245, 988
2639, 491, 531
2640, 345, 823
2641, 38, 366
2642, 285, 653
2643, 111, 980
2644, 257, 917
2645, 48, 944
2646, 1, 793
2647, 113, 866
2648, 217, 784
2649, 588, 943
2650, 675, 694
2651, 35, 489
2652, 26, 193
2653, 853, 906
2654, 92, 953
2655, 316, 859
2656, 369, 459
2657, 417, 985
2658, 415, 762
2659, 149, 617
2660, 720, 787
2661, 185, 828
2662, 263, 976
2663, 799, 916
2664, 95, 812
2665, 43, 533
2666, 392, 701
2667, 255, 596
2668, 17, 681
2669, 207, 649
2670, 205, 327
2671, 84, 929
2672, 128, 821
2673, 294, 758
2674, 404, 652
2675, 710, 871
2676, 718, 729
2677, 181, 225
2678, 189, 673
2679, 167, 627
2680, 440, 920
2681, 80, 919
2682, 258, 860
2683, 106, 479
2684, 380, 411
2685, 192, 457
2686, 212, 806
2687, 7, 898
2688, 314, 522
2689, 234, 887
2690, 343, 418
2691, 878, 892
2692, 344, 432
2693, 107, 247
2694, 76, 721
2695, 201, 278
2696, 412, 780
2697, 885, 902
2698, 320, 463
2699, 227, 883
2700, 235, 975
2701, 769, 788
2702, 494, 573
2703, 455, 574
2704, 431, 625
2705, 274, 778
2706, 385, 542
2707, 210, 311
2708, 438, 540
2709, 110, 934
2710, 72, 103
2711, 631, 639
2712, 425, 792
2713, 765, 835
2714, 500, 791
2715, 664, 957
2716, 199, 397
2717, 330, 725
2718, 358, 650
2719, 441, 589
2720, 408, 738
2721, 10, 164
2722, 876, 915
2723, 954, 996
2724, 260, 927
2725, 63, 333
2726, 331, 564
2727, 279, 965
2728, 728, 808
2729, 499, 713
2730, 62, 594
2731, 472, 509
2732, 60, 634
2733, 443, 767
2734, 460, 615
2735, 31, 341
2736, 623, 714
2737, 178, 693
2738, 77, 614
2739, 739, 804
2740, 583, 873
2741, 3, 745
2742, 483, 715
2743, 219, 686
2744, 64, 429
2745, 334, 783
2746, 382, 581
2747, 742, 802
2748, 49, 833
2749, 153, 356
2750, 122, 226
2751, 298, 488
2752, 119, 282
2753, 65, 163
2754, 190, 414
2755, 240, 452
2756, 946, 956
2757, 93, 118
2758, 597, 854
2759, 321, 683
2760, 462, 764
2761, 299, 572
2762, 286, 395
2763, 709, 754
2764, 180, 362
2765, 723, 932
2766, 865, 897
2767, 15, 445
2768, 157, 238
2769, 188, 595
2770, 231, 336
2771, 378, 618
2772, 959, 992
2773, 513, 855
2774, 197, 814
2775, 6, 889
2776, 8, 880
2777, 387, 809
2778, 324, 482
2779, 394, 797
2780, 372, 940
2781, 275, 978
2782, 186, 774
2783, 512, 759
2784, 785, 848
2785, 674, 912
2786, 224, 886
2787, 300, 585
2788, 521, 933
2789, 125, 834
2790, 504, 525
2791, 882, 905
2792, 36, 339
2793, 390, 941
2794, 448, 751
2795, 209, 242
2796, 881, 971
2797, 136, 711
2798, 112, 312
2799, 962, 979
2800, 250, 824
2801, 621, 626
2802, 553, 908
2803, 340, 899
2804, 33, 904
2805, 191, 810
2806, 677, 829
2807, 612, 826
2808, 138, 552
2809, 517, 984
2810, 603, 696
2811, 4, 12
2812, 276, 549
2813, 183, 365
2814, 244, 923
2815, 476, 647
2816, 308, 416
2817, 277, 776
2818, 104, 587
2819, 159, 561
2820, 52, 124
2821, 121, 150
2822, 22, 68
2823, 289, 428
2824, 66, 176
2825, 108, 158
2826, 357, 527
2827, 511, 565
2828, 143, 691
2829, 687, 922
2830, 75, 705
2831, 214, 446
2832, 640, 724
2833, 399, 496
2834, 215, 524
2835, 267, 280
2836, 502, 642
2837, 45, 534
2838, 481, 958
2839, 11, 354
2840, 81, 756
2841, 360, 578
2842, 142, 700
2843, 928, 937
2844, 451, 593
2845, 381, 514
2846, 449, 914
2847, 566, 740
2848, 83, 229
2849, 20, 861
2850, 704, 991
2851, 495, 947
2852, 665, 989
2853, 21, 204
2854, 51, 384
2855, 155, 901
2856, 24, 261
2857, 248, 811
2858, 846, 945
2859, 166, 303
2860, 485, 733
2861, 439, 493
2862, 236, 607
2863, 78, 663
2864, 85, 746
2865, 271, 850
2866, 359, 575
2867, 391, 862
2868, 284, 487
2869, 117, 288
2870, 296, 643
2871, 28, 706
2872, 79, 532
2873, 832, 995
2874, 130, 447
2875, 515, 568
2876, 34, 910
2877, 577, 856
2878, 292, 434
2879, 477, 550
2880, 290, 925
2881, 761, 818
2882, 27, 346
2883, 352, 786
2884, 580, 807
2885, 262, 426
2886, 646, 838
2887, 551, 667
2888, 127, 613
2889, 605, 857
2890, 478, 638
2891, 554, 635
2892, 348, 909
2893, 636, 707
2894, 599, 847
2895, 537, 547
2896, 160, 692
2897, 523, 753
2898, 50, 420
2899, 519, 752
2900, 591, 592
2901, 237, 877
2902, 297, 654
2903, 471, 548
2904, 114, 695
2905, 539, 690
2906, 437, 768
2907, 622, 712
2908, 629, 688
2909, 174, 393
2910, 179, 302
2911, 351, 507
2912, 169, 986
2913, 54, 662
2914, 293, 468
2915, 57, 879
2916, 69, 406
2917, 444, 475
2918, 44, 269
2919, 61, 427
2920, 863, 969
2921, 456, 743
2922, 100, 864
2923, 301, 930
2924, 291, 423
2925, 361, 506
2926, 221, 560
2927, 510, 563
2928, 772, 966
2929, 355, 543
2930, 208, 981
2931, 350, 794
2932, 101, 921
2933, 388, 685
2934, 202, 913
2935, 584, 890
2936, 194, 422
2937, 731, 868
2938, 604, 644
2939, 637, 872
2940, 304, 503
2941, 256, 305
2942, 67, 781
2943, 203, 421
2944, 152, 717
2945, 19, 735
2946, 187, 268
2947, 213, 843
2948, 559, 938
2949, 206, 726
2950, 608, 744
2951, 126, 541
2952, 374, 870
2953, 222, 633
2954, 606, 699
2955, 529, 671
2956, 837, 963
2957, 338, 1000
2958, 273, 779
2959, 211, 951
2960, 32, 424
2961, 844, 997
2962, 668, 831
2963, 198, 676
2964, 295, 528
2965, 25, 37
2966, 184, 520
2967, 526, 555
2968, 73, 473
2969, 156, 987
2970, 270, 895
2971, 616, 619
2972, 498, 949
2973, 536, 630
2974, 755, 813
2975, 347, 641
2976, 748, 999
2977, 89, 383
2978, 14, 936
2979, 91, 306
2980, 220, 845
2981, 628, 682
2982, 40, 259
2983, 538, 867
2984, 148, 342
2985, 310, 375
2986, 363, 661
2987, 486, 875
2988, 133, 161
2989, 328, 911
2990, 165, 518
2991, 702, 939
2992, 281, 530
2993, 102, 544
2994, 571, 750
2995, 656, 657
2996, 200, 315
2997, 120, 558
2998, 893, 982
2999, 264, 368
3000, 545, 896
3001, 118, 743
3002, 6, 415
3003, 810, 836
3004, 648, 939
3005, 436, 977
3006, 36, 972
3007, 774, 981
3008, 568, 613
3009, 385, 921
3010, 64, 625
3011, 128, 636
3012, 130, 185
3013, 434, 847
3014, 280, 809
3015, 51, 124
3016, 398, 992
3017, 286, 380
3018, 750, 840
3019, 90, 450
3020, 288, 470
3021, 279, 563
3022, 147, 891
3023, 230, 951
3024, 440, 549
3025, 424, 427
3026, 780, 929
3027, 287, 513
3028, 99, 138
3029, 225, 715
3030, 304, 942
3031, 123, 263
3032, 239, 391
3033, 504, 986
3034, 752, 811
3035, 9, 418
3036, 831, 953
3037, 546, 906
3038, 616, 955
3039, 223, 278
3040, 687, 806
3041, 156, 428
3042, 186, 267
3043, 42, 300
3044, 254, 290
3045, 314, 572
3046, 293, 649
3047, 8, 622
3048, 188, 195
3049, 281, 297
3050, 192, 843
3051, 30, 902
3052, 571, 590
3053, 163, 852
3054, 235, 615
3055, 168, 211
3056, 423, 716
3057, 351, 878
3058, 335, 940
3059, 816, 853
3060, 169, 663
3061, 41, 826
3062, 184, 987
3063, 366, 526
3064, 885, 924
3065, 662, 884
3066, 538, 879
3067, 1, 421
3068, 384, 592
3069, 324, 729
3070, 667, 971
3071, 342, 907
3072, 198, 705
3073, 345, 598
3074, 388, 668
3075, 19, 801
3076, 259, 474
3077, 256, 838
3078, 200, 514
3079, 94, 672
3080, 105, 354
3081, 152, 364
3082, 920, 959
3083, 726, 828
3084, 521, 560
3085, 550, 803
3086, 107, 466
3087, 229, 412
3088, 108, 629
3089, 482, 948
3090, 120, 531
3091, 825, 856
3092, 272, 311
3093, 655, 912
3094, 723, 835
3095, 370, 498
3096, 348, 978
3097, 255, 496
3098, 515, 637
3099, 487, 620
3100, 175, 495
3101, 151, 456
3102, 32, 221
3103, 91, 170
3104, 485, 834
3105, 567, 700
3106, 253, 693
3107, 527, 938
3108, 644, 846
3109, 232, 845
3110, 45, 755
3111, 534, 542
3112, 344, 381
3113, 516, 746
3114, 83, 115
3115, 218, 497
3116, 52, 784
3117, 642, 683
3118, 60, 411
3119, 249, 471
3120, 601, 606
3121, 600, 827
3122, 438, 817
3123, 595, 688
3124, 58, 708
3125, 758, 909
3126, 530, 982
3127, 56, 833
3128, 38, 757
3129, 28, 368
3130, 201, 764
3131, 190, 969
3132, 545, 748
3133, 295, 922
3134, 502, 808
3135, 494, 760
3136, 11, 933
3137, 340, 857
3138, 369, 685
3139, 213, 439
3140, 522, 710
3141, 240, 681
3142, 181, 283
3143, 396, 506
3144, 453, 555
3145, 654, 935
3146, 386, 647
3147, 204, 794
3148, 559, 638
3149, 509, 594
3150, 320, 910
3151, 227, 588
3152, 222, 882
3153, 141, 458
3154, 74, 724
3155, 319, 378
3156, 59, 665
3157, 224, 994
3158, 312, 609
3159, 196, 754
3160, 167, 339
3161, 78, 365
3162, 704, 747
3163, 537, 576
3164, 15, 512
3165, 448, 519
3166, 206, 246
3167, 81, 965
3168, 475, 756
3169, 376, 680
3170, 150, 823
3171, 70, 110
3172, 431, 937
3173, 389, 864
3174, 210, 711
3175, 449, 473
3176, 98, 867
3177, 273, 792
3178, 44, 144
3179, 490, 802
3180, 155, 410
3181, 270, 425
3182, 414, 996
3183, 26, 69
3184, 82, 500
3185, 178, 854
3186, 589, 767
3187, 87, 214
3188, 231, 805
3189, 67, 306
3190, 24, 832
3191, 16, 814
3192, 111, 761
3193, 174, 460
3194, 299, 394
3195, 447, 481
3196, 334, 558
3197, 468, 640
3198, 102, 535
3199, 405, 872
3200, 337, 820
3201, 315, 524
3202, 696, 946
3203, 850, 968
3204, 738, 789
3205, 886, 944
3206, 763, 979
3207, 61, 77
3208, 510, 721
3209, 393, 657
3210, 298, 766
3211, 416, 877
3212, 869, 973
3213, 612, 679
3214, 338, 581
3215, 13, 352
3216, 207, 673
3217, 714, 734
3218, 238, 593
3219, 332, 357
3220, 233, 744
3221, 325, 401
3222, 17, 859
3223, 382, 575
3224, 553, 652
3225, 525, 633
3226, 193, 988
3227, 614, 855
3228, 690, 829
3229, 34, 759
3230, 707, 830
3231, 264, 433
3232, 149, 492
3233, 85, 698
3234, 95, 984
3235, 429, 894
3236, 446, 529
3237, 127, 432
3238, 209, 875
3239, 333, 569
3240, 407, 669
3241, 114, 770
3242, 353, 573
3243, 158, 871
3244, 443, 779
3245, 220, 904
3246, 43, 444
3247, 437, 591
3248, 39, 309
3249, 65, 776
3250, 3, 236
3251, 180, 451
3252, 491, 532
3253, 171, 540
3254, 528, 621
3255, 137, 242
3256, 153, 219
3257, 106, 632
3258, 653, 849
3259, 134, 574
3260, 413, 777
3261, 80, 841
3262, 452, 837
3263, 477, 947
3264, 205, 634
3265, 12, 964
3266, 166, 682
3267, 86, 316
3268, 787, 941
3269, 915, 926
3270, 50, 84
3271, 336, 646
3272, 296, 479
3273, 274, 927
3274, 329, 866
3275, 160, 695
3276, 408, 788
3277, 400, 883
3278, 350, 821
3279, 317, 730
3280, 307, 739
3281, 62, 914
3282, 89, 113
3283, 247, 782
3284, 328, 804
3285, 469, 797
3286, 260, 603
3287, 146, 931
3288, 343, 430
3289, 4, 455
3290, 677, 976
3291, 119, 140
3292, 265, 313
3293, 145, 605
3294, 650, 999
3295, 331, 793
3296, 135, 913
3297, 97, 709
3298, 35, 917
3299, 53, 703
3300, 419, 628
3301, 565, 671
3302, 75, 308
3303, 125, 765
3304, 584, 930
3305, 557, 719
3306, 20, 292
3307, 585, 599
3308, 215, 362
3309, 483, 518
3310, 25, 266
3311, 889, 905
3312, 578, 630
3313, 493, 995
3314, 27, 363
3315, 349, 717
3316, 245, 417
3317, 48, 467
3318, 182, 712
3319, 501, 539
3320, 199, 851
3321, 822, 925
3322, 73, 454
3323, 305, 699
3324, 367, 627
3325, 374, 897
3326, 359, 702
3327, 839, 997
3328, 618, 751
3329, 165, 643
3330, 173, 517
3331, 635, 893
3332, 68, 975
3333, 684, 733
3334, 360, 461
3335, 462, 783
3336, 49, 936
3337, 261, 624
3338, 29, 790
3339, 136, 611
3340, 154, 798
3341, 544, 742
3342, 133, 617
3343, 379, 656
3344, 164, 216
3345, 327, 991
3346, 228, 623
3347, 33, 626
3348, 678, 916
3349, 237, 692
3350, 177, 954
3351, 459, 694
3352, 586, 753
3353, 689, 731
3354, 234, 901
3355, 172, 923
3356, 258, 876
3357, 488, 675
3358, 706, 791
3359, 161, 842
3360, 824, 956
3361, 126, 659
3362, 143, 356
3363, 257, 645
3364, 728, 932
3365, 346, 478
3366, 159, 970
3367, 691, 943
3368, 322, 403
3369, 21, 358
3370, 2, 404
3371, 725, 795
3372, 486, 661
3373, 548, 551
3374, 289, 762
3375, 241, 775
3376, 92, 769
3377, 31, 983
3378, 18, 666
3379, 88, 900
3380, 749, 870
3381, 602, 863
3382, 577, 868
3383, 556, 745
3384, 547, 873
3385, 269, 402
3386, 285, 895
3387, 250, 321
3388, 10, 445
3389, 46, 395
3390, 489, 967
3391, 392, 639
3392, 631, 736
3393, 217, 608
3394, 772, 807
3395, 103, 771
3396, 587, 737
3397, 566, 596
3398, 162, 406
3399, 7, 341
3400, 194, 796
3401, 116, 957
3402, 420, 641
3403, 208, 226
3404, 40, 463
3405, 271, 375
3406, 187, 732
3407, 47, 536
3408, 183, 387
3409, 472, 597
3410, 465, 564
3411, 865, 962
3412, 139, 176
3413, 189, 990
3414, 294, 442
3415, 619, 993
3416, 63, 945
3417, 122, 131
3418, 244, 934
3419, 132, 949
3420, 541, 950
3421, 651, 844
3422, 422, 727
3423, 14, 963
3424, 562, 713
3425, 508, 786
3426, 484, 800
3427, 383, 720
3428, 104, 302
3429, 284, 785
3430, 191, 277
3431, 96, 740
3432, 409, 426
3433, 464, 966
3434, 888, 918
3435, 361, 511
3436, 282, 1000
3437, 554, 980
3438, 310, 480
3439, 243, 658
3440, 773, 848
3441, 55, 203
3442, 179, 818
3443, 674, 989
3444, 371, 372
3445, 57, 523
3446, 5, 251
3447, 129, 860
3448, 291, 880
3449, 890, 908
3450, 533, 998
3451, 23, 347
3452, 664, 815
3453, 898, 952
3454, 121, 390
3455, 607, 819
3456, 435, 961
3457, 100, 157
3458, 520, 552
3459, 197, 377
3460, 109, 148
3461, 355, 781
3462, 768, 974
3463, 583, 881
3464, 101, 604
3465, 76, 276
3466, 142, 813
3467, 330, 919
3468, 262, 397
3469, 323, 476
3470, 610, 735
3471, 252, 499
3472, 697, 718
3473, 326, 892
3474, 212, 660
3475, 93, 670
3476, 22, 301
3477, 318, 373
3478, 66, 778
3479, 507, 887
3480, 72, 579
3481, 580, 722
3482, 54, 457
3483, 79, 928
3484, 570, 799
3485, 37, 112
3486, 303, 960
3487, 874, 899
3488, 117, 896
3489, 543, 958
3490, 268, 861
3491, 71, 903
3492, 399, 911
3493, 686, 985
3494, 676, 862
3495, 441, 561
3496, 503, 582
3497, 202, 741
3498, 275, 858
3499, 248, 701
3500, 505, 812
3501, 210, 298
3502, 32, 854
3503, 347, 856
3504, 85, 893
3505, 618, 859
3506, 873, 948
3507, 1, 244
3508, 686, 949
3509, 21, 929
3510, 107, 269
3511, 62, 404
3512, 470, 559
3513, 310, 665
3514, 393, 919
3515, 535, 850
3516, 629, 921
3517, 255, 704
3518, 423, 537
3519, 282, 372
3520, 80, 434
3521, 294, 827
3522, 560, 853
3523, 129, 280
3524, 653, 695
3525, 56, 109
3526, 453, 521
3527, 539, 757
3528, 79, 651
3529, 208, 640
3530, 78, 626
3531, 767, 826
3532, 74, 455
3533, 163, 734
3534, 429, 449
3535, 115, 741
3536, 312, 935
3537, 502, 812
3538, 436, 606
3539, 24, 34
3540, 89, 585
3541, 705, 914
3542, 266, 299
3543, 543, 694
3544, 218, 510
3545, 201, 243
3546, 601, 677
3547, 313, 913
3548, 175, 649
3549, 281, 926
3550, 528, 887
3551, 16, 602
3552, 501, 892
3553, 355, 368
3554, 261, 903
3555, 174, 678
3556, 407, 763
3557, 223, 490
3558, 73, 363
3559, 345, 899
3560, 72, 600
3561, 117, 316
3562, 160, 557
3563, 46, 582
3564, 296, 823
3565, 178, 805
3566, 11, 131
3567, 593, 816
3568, 278, 717
3569, 136, 229
3570, 329, 552
3571, 590, 950
3572, 187, 327
3573, 667, 770
3574, 544, 786
3575, 829, 934
3576, 94, 650
3577, 291, 833
3578, 509, 711
3579, 265, 975
3580, 84, 457
3581, 610, 839
3582, 77, 984
3583, 205, 911
3584, 120, 185
3585, 624, 671
3586, 225, 252
3587, 340, 469
3588, 141, 314
3589, 200, 540
3590, 486, 488
3591, 369, 573
3592, 459, 800
3593, 480, 520
3594, 477, 681
3595, 456, 784
3596, 595, 703
3597, 207, 961
3598, 217, 605
3599, 583, 637
3600, 432, 802
3601, 275, 656
3602, 630, 713
3603, 37, 51
3604, 412, 838
3605, 39, 818
3606, 415, 474
3607, 47, 832
3608, 303, 723
3609, 628, 631
3610, 764, 776
3611, 105, 772
3612, 387, 401
3613, 44, 986
3614, 145, 836
3615, 183, 572
3616, 779, 785
3617, 245, 690
3618, 15, 894
3619, 45, 123
3620, 435, 547
3621, 6, 164
3622, 59, 158
3623, 809, 883
3624, 446, 747
3625, 127, 518
3626, 297, 489
3627, 17, 925
3628, 357, 875
3629, 645, 909
3630, 182, 371
3631, 627, 754
3632, 328, 465
3633, 749, 970
3634, 42, 647
3635, 67, 448
3636, 365, 440
3637, 8, 379
3638, 567, 739
3639, 699, 759
3640, 788, 837
3641, 108, 525
3642, 231, 512
3643, 374, 555
3644, 491, 860
3645, 924, 965
3646, 532, 958
3647, 399, 748
3648, 52, 884
3649, 295, 867
3650, 203, 804
3651, 918, 920
3652, 241, 643
3653, 12, 458
3654, 580, 733
3655, 222, 668
3656, 271, 725
3657, 607, 940
3658, 334, 485
3659, 53, 861
3660, 505, 963
3661, 206, 538
3662, 471, 619
3663, 69, 118
3664, 534, 943
3665, 214, 566
3666, 91, 238
3667, 103, 126
3668, 301, 349
3669, 351, 466
3670, 65, 831
3671, 495, 498
3672, 402, 506
3673, 293, 464
3674, 551, 874
3675, 508, 575
3676, 603, 810
3677, 43, 130
3678, 50, 663
3679, 879, 898
3680, 263, 855
3681, 166, 473
3682, 359, 957
3683, 279, 481
3684, 460, 675
3685, 121, 876
3686, 574, 609
3687, 437, 889
3688, 180, 353
3689, 554, 743
3690, 18, 450
3691, 213, 871
3692, 691, 813
3693, 289, 793
3694, 394, 969
3695, 104, 522
3696, 246, 378
3697, 83, 276
3698, 622, 724
3699, 315, 411
3700, 230, 842
3701, 40, 308
3702, 35, 730
3703, 262, 794
3704, 403, 751
3705, 283, 660
3706, 128, 421
3707, 7, 144
3708, 199, 620
3709, 971, 999
3710, 75, 247
3711, 76, 496
3712, 418, 708
3713, 845, 946
3714, 38, 752
3715, 286, 901
3716, 716, 922
3717, 468, 820
3718, 124, 625
3719, 762, 830
3720, 93, 967
3721, 541, 635
3722, 95, 817
3723, 360, 825
3724, 545, 588
3725, 507, 977
3726, 19, 439
3727, 249, 568
3728, 96, 814
3729, 287, 982
3730, 621, 937
3731, 4, 531
3732, 798, 907
3733, 215, 841
3734, 256, 1000
3735, 331, 433
3736, 373, 577
3737, 172, 679
3738, 156, 684
3739, 492, 900
3740, 797, 868
3741, 221, 304
3742, 227, 998
3743, 106, 193
3744, 110, 886
3745, 306, 951
3746, 33, 614
3747, 204, 385
3748, 382, 693
3749, 140, 167
3750, 408, 847
3751, 669, 790
3752, 5, 902
3753, 367, 771
3754, 332, 698
3755, 97, 976
3756, 858, 928
3757, 777, 938
3758, 288, 659
3759, 22, 190
3760, 224, 258
3761, 760, 979
3762, 305, 835
3763, 137, 558
3764, 235, 844
3765, 88, 176
3766, 31, 664
3767, 652, 996
3768, 445, 697
3769, 599, 881
3770, 592, 992
3771, 487, 983
3772, 564, 819
3773, 179, 441
3774, 587, 895
3775, 427, 499
3776, 584, 756
3777, 774, 930
3778, 10, 102
3779, 113, 801
3780, 292, 783
3781, 264, 553
3782, 36, 346
3783, 122, 155
3784, 125, 526
3785, 718, 787
3786, 344, 356
3787, 268, 549
3788, 324, 864
3789, 165, 906
3790, 386, 866
3791, 807, 857
3792, 270, 277
3793, 527, 561
3794, 636, 727
3795, 406, 483
3796, 150, 750
3797, 239, 504
3798, 23, 846
3799, 511, 700
3800, 877, 947
3801, 181, 923
3802, 461, 548
3803, 425, 702
3804, 162, 945
3805, 319, 384
3806, 196, 885
3807, 317, 570
3808, 390, 578
3809, 611, 701
3810, 61, 990
3811, 515, 523
3812, 862, 888
3813, 285, 896
3814, 194, 952
3815, 28, 687
3816, 672, 803
3817, 738, 960
3818, 444, 670
3819, 376, 780
3820, 405, 597
3821, 519, 987
3822, 343, 424
3823, 746, 933
3824, 728, 834
3825, 309, 765
3826, 14, 978
3827, 872, 997
3828, 339, 778
3829, 68, 959
3830, 290, 416
3831, 865, 968
3832, 197, 323
3833, 737, 956
3834, 260, 720
3835, 454, 615
3836, 82, 151
3837, 66, 447
3838, 71, 657
3839, 904, 972
3840, 370, 692
3841, 632, 917
3842, 157, 300
3843, 851, 905
3844, 318, 388
3845, 366, 953
3846, 48, 233
3847, 915, 939
3848, 209, 761
3849, 250, 364
3850, 228, 326
3851, 257, 707
3852, 100, 380
3853, 219, 546
3854, 654, 682
3855, 740, 745
3856, 49, 674
3857, 173, 612
3858, 563, 852
3859, 430, 616
3860, 463, 758
3861, 335, 604
3862, 171, 410
3863, 497, 641
3864, 710, 715
3865, 198, 377
3866, 354, 662
3867, 462, 736
3868, 184, 251
3869, 81, 484
3870, 333, 476
3871, 64, 646
3872, 111, 431
3873, 569, 994
3874, 63, 92
3875, 13, 613
3876, 422, 658
3877, 634, 755
3878, 26, 954
3879, 57, 644
3880, 116, 321
3881, 186, 211
3882, 41, 467
3883, 307, 482
3884, 60, 202
3885, 302, 342
3886, 253, 591
3887, 392, 617
3888, 86, 714
3889, 2, 966
3890, 154, 341
3891, 25, 409
3892, 517, 571
3893, 27, 494
3894, 775, 962
3895, 721, 869
3896, 594, 811
3897, 58, 897
3898, 325, 648
3899, 565, 683
3900, 70, 726
3901, 284, 709
3902, 139, 942
3903, 451, 973
3904, 500, 769
3905, 419, 732
3906, 87, 348
3907, 912, 989
3908, 828, 964
3909, 478, 849
3910, 391, 821
3911, 438, 529
3912, 146, 191
3913, 248, 254
3914, 685, 781
3915, 29, 420
3916, 475, 503
3917, 358, 576
3918, 54, 638
3919, 138, 472
3920, 381, 955
3921, 395, 795
3922, 796, 806
3923, 428, 799
3924, 712, 974
3925, 232, 661
3926, 706, 822
3927, 320, 336
3928, 352, 623
3929, 161, 932
3930, 98, 927
3931, 114, 689
3932, 666, 773
3933, 220, 941
3934, 3, 452
3935, 236, 493
3936, 240, 397
3937, 442, 824
3938, 273, 993
3939, 550, 596
3940, 170, 237
3941, 272, 337
3942, 112, 735
3943, 149, 890
3944, 533, 768
3945, 753, 936
3946, 479, 513
3947, 234, 259
3948, 530, 696
3949, 133, 311
3950, 153, 792
3951, 30, 542
3952, 90, 870
3953, 562, 891
3954, 134, 169
3955, 132, 766
3956, 655, 910
3957, 143, 536
3958, 101, 639
3959, 147, 722
3960, 426, 608
3961, 20, 212
3962, 808, 916
3963, 688, 744
3964, 516, 731
3965, 676, 742
3966, 148, 188
3967, 417, 586
3968, 396, 514
3969, 789, 791
3970, 673, 908
3971, 99, 159
3972, 55, 168
3973, 443, 843
3974, 398, 848
3975, 840, 882
3976, 189, 383
3977, 322, 991
3978, 9, 195
3979, 216, 815
3980, 642, 878
3981, 350, 589
3982, 524, 995
3983, 413, 985
3984, 556, 980
3985, 119, 981
3986, 142, 267
3987, 192, 598
3988, 242, 362
3989, 135, 361
3990, 719, 782
3991, 152, 579
3992, 633, 880
3993, 177, 581
3994, 226, 389
3995, 375, 729
3996, 931, 944
3997, 274, 863
3998, 330, 414
3999, 400, 680
4000, 338, 988
