id, img1, img2
1, 174, 884
2, 59, 974
3, 843, 845
4, 550, 812
5, 739, 763
6, 146, 276
7, 165, 656
8, 488, 613
9, 590, 773
10, 329, 661
11, 202, 587
12, 622, 897
13, 172, 886
14, 492, 730
15, 156, 819
16, 418, 561
17, 168, 593
18, 546, 745
19, 9, 956
20, 262, 570
21, 689, 815
22, 73, 912
23, 506, 922
24, 398, 577
25, 138, 437
26, 86, 853
27, 35, 476
28, 211, 840
29, 8, 128
30, 480, 706
31, 580, 718
32, 112, 235
33, 452, 933
34, 101, 704
35, 207, 776
36, 439, 508
37, 366, 539
38, 740, 858
39, 869, 959
40, 393, 744
41, 215, 873
42, 290, 302
43, 92, 469
44, 831, 880
45, 945, 946
46, 637, 841
47, 191, 356
48, 349, 382
49, 496, 927
50, 572, 669
51, 273, 526
52, 479, 801
53, 426, 659
54, 358, 710
55, 741, 797
56, 239, 660
57, 29, 51
58, 305, 422
59, 839, 991
60, 293, 576
61, 913, 980
62, 678, 727
63, 252, 383
64, 185, 598
65, 17, 777
66, 343, 545
67, 6, 832
68, 93, 118
69, 385, 501
70, 553, 648
71, 58, 514
72, 76, 241
73, 61, 110
74, 339, 381
75, 259, 345
76, 102, 786
77, 316, 919
78, 143, 761
79, 60, 208
80, 181, 992
81, 243, 312
82, 147, 918
83, 129, 419
84, 297, 403
85, 415, 932
86, 164, 509
87, 89, 255
88, 677, 877
89, 263, 489
90, 790, 967
91, 753, 851
92, 3, 120
93, 83, 957
94, 79, 747
95, 91, 701
96, 163, 650
97, 267, 715
98, 39, 376
99, 56, 936
100, 394, 849
101, 171, 206
102, 209, 459
103, 440, 679
104, 653, 691
105, 575, 597
106, 275, 538
107, 82, 854
108, 192, 591
109, 10, 960
110, 271, 623
111, 187, 568
112, 26, 397
113, 289, 578
114, 286, 977
115, 216, 309
116, 729, 764
117, 142, 560
118, 399, 482
119, 32, 636
120, 445, 533
121, 457, 802
122, 646, 652
123, 178, 412
124, 353, 683
125, 37, 254
126, 167, 340
127, 304, 979
128, 55, 671
129, 62, 277
130, 48, 245
131, 139, 891
132, 416, 925
133, 67, 170
134, 374, 395
135, 90, 935
136, 503, 534
137, 563, 870
138, 205, 949
139, 441, 465
140, 391, 466
141, 95, 528
142, 43, 993
143, 417, 490
144, 341, 875
145, 31, 594
146, 512, 930
147, 294, 695
148, 670, 856
149, 282, 989
150, 604, 792
151, 42, 612
152, 214, 700
153, 953, 962
154, 219, 247
155, 608, 625
156, 592, 804
157, 456, 769
158, 226, 709
159, 44, 250
160, 242, 633
161, 38, 894
162, 390, 707
163, 233, 600
164, 13, 322
165, 303, 837
166, 698, 751
167, 487, 896
168, 28, 371
169, 355, 559
170, 125, 495
171, 196, 334
172, 975, 988
173, 605, 916
174, 421, 518
175, 153, 183
176, 238, 696
177, 313, 642
178, 2, 75
179, 116, 300
180, 45, 573
181, 323, 405
182, 746, 917
183, 298, 474
184, 288, 770
185, 548, 818
186, 232, 351
187, 643, 825
188, 127, 664
189, 15, 680
190, 743, 939
191, 188, 900
192, 828, 966
193, 217, 901
194, 98, 166
195, 665, 850
196, 749, 963
197, 23, 64
198, 544, 951
199, 674, 686
200, 108, 430
201, 5, 817
202, 649, 668
203, 442, 672
204, 461, 823
205, 537, 588
206, 589, 811
207, 333, 472
208, 644, 952
209, 697, 938
210, 816, 879
211, 258, 447
212, 7, 554
213, 49, 783
214, 11, 736
215, 517, 529
216, 451, 596
217, 272, 414
218, 798, 937
219, 113, 955
220, 716, 838
221, 19, 338
222, 310, 826
223, 124, 584
224, 794, 1000
225, 363, 386
226, 248, 346
227, 231, 574
228, 71, 833
229, 871, 990
230, 602, 756
231, 307, 924
232, 654, 964
233, 225, 244
234, 427, 583
235, 599, 905
236, 367, 610
237, 824, 982
238, 515, 655
239, 24, 551
240, 682, 692
241, 324, 350
242, 34, 928
243, 84, 731
244, 283, 368
245, 475, 477
246, 265, 557
247, 434, 846
248, 246, 392
249, 760, 954
250, 728, 735
251, 274, 693
252, 595, 914
253, 332, 423
254, 326, 336
255, 498, 750
256, 511, 902
257, 782, 842
258, 107, 555
259, 723, 881
260, 796, 987
261, 111, 607
262, 618, 667
263, 72, 360
264, 179, 562
265, 711, 985
266, 74, 136
267, 494, 903
268, 387, 396
269, 330, 651
270, 161, 895
271, 603, 836
272, 319, 402
273, 540, 684
274, 808, 847
275, 634, 673
276, 571, 619
277, 218, 889
278, 814, 971
279, 292, 807
280, 50, 256
281, 20, 484
282, 157, 852
283, 68, 446
284, 481, 567
285, 16, 983
286, 269, 443
287, 199, 337
288, 321, 908
289, 193, 504
290, 483, 863
291, 317, 947
292, 87, 173
293, 620, 757
294, 77, 122
295, 755, 803
296, 230, 662
297, 806, 867
298, 335, 513
299, 738, 899
300, 370, 909
301, 198, 791
302, 162, 627
303, 268, 830
304, 291, 357
305, 658, 758
306, 69, 973
307, 40, 907
308, 765, 775
309, 401, 883
310, 280, 968
311, 65, 135
312, 810, 885
313, 212, 848
314, 204, 320
315, 306, 961
316, 70, 224
317, 721, 860
318, 222, 766
319, 717, 733
320, 657, 752
321, 30, 318
322, 278, 725
323, 114, 699
324, 631, 868
325, 296, 724
326, 126, 813
327, 1, 220
328, 621, 785
329, 279, 911
330, 195, 270
331, 535, 821
332, 104, 558
333, 148, 948
334, 606, 754
335, 640, 972
336, 137, 464
337, 106, 762
338, 331, 986
339, 234, 384
340, 132, 342
341, 14, 616
342, 638, 778
343, 308, 624
344, 435, 519
345, 438, 784
346, 12, 432
347, 249, 523
348, 566, 944
349, 158, 486
350, 190, 703
351, 362, 473
352, 260, 998
353, 105, 180
354, 820, 861
355, 675, 859
356, 354, 641
357, 88, 767
358, 85, 726
359, 266, 876
360, 115, 829
361, 155, 978
362, 182, 454
363, 617, 934
364, 471, 893
365, 18, 666
366, 389, 685
367, 141, 898
368, 525, 569
369, 532, 981
370, 556, 579
371, 478, 708
372, 117, 585
373, 344, 361
374, 468, 500
375, 189, 565
376, 150, 601
377, 299, 941
378, 109, 448
379, 822, 910
380, 965, 995
381, 301, 787
382, 281, 713
383, 314, 712
384, 152, 210
385, 131, 449
386, 154, 186
387, 507, 929
388, 36, 874
389, 130, 177
390, 663, 892
391, 99, 629
392, 364, 547
393, 372, 984
394, 134, 433
395, 639, 904
396, 408, 676
397, 133, 377
398, 365, 614
399, 41, 63
400, 52, 96
401, 184, 413
402, 160, 201
403, 27, 236
404, 748, 793
405, 536, 996
406, 609, 771
407, 145, 969
408, 491, 872
409, 855, 970
410, 772, 834
411, 420, 681
412, 522, 789
413, 221, 705
414, 694, 864
415, 406, 527
416, 470, 915
417, 223, 359
418, 285, 719
419, 462, 690
420, 380, 542
421, 327, 732
422, 4, 887
423, 315, 687
424, 543, 857
425, 325, 428
426, 253, 499
427, 213, 582
428, 123, 200
429, 429, 994
430, 203, 809
431, 444, 878
432, 257, 940
433, 119, 835
434, 453, 626
435, 467, 779
436, 229, 411
437, 734, 844
438, 328, 549
439, 647, 882
440, 404, 431
441, 458, 768
442, 611, 827
443, 121, 999
444, 287, 906
445, 688, 788
446, 47, 197
447, 630, 866
448, 352, 531
449, 714, 722
450, 237, 774
451, 149, 931
452, 284, 463
453, 516, 976
454, 21, 261
455, 455, 521
456, 524, 923
457, 485, 628
458, 94, 460
459, 81, 890
460, 635, 780
461, 194, 702
462, 78, 176
463, 450, 552
464, 388, 493
465, 144, 369
466, 46, 159
467, 169, 530
468, 264, 920
469, 720, 805
470, 228, 795
471, 22, 53
472, 80, 497
473, 615, 865
474, 645, 888
475, 57, 227
476, 251, 921
477, 586, 997
478, 375, 378
479, 410, 737
480, 379, 510
481, 97, 799
482, 581, 781
483, 100, 942
484, 347, 424
485, 436, 520
486, 311, 409
487, 348, 926
488, 505, 759
489, 541, 632
490, 400, 862
491, 103, 950
492, 373, 742
493, 564, 958
494, 33, 175
495, 54, 407
496, 240, 295
497, 502, 943
498, 25, 425
499, 151, 800
500, 66, 140
501, 232, 495
502, 155, 833
503, 660, 917
504, 559, 773
505, 545, 903
506, 192, 729
507, 276, 831
508, 449, 910
509, 127, 293
510, 135, 862
511, 278, 367
512, 271, 949
513, 16, 197
514, 644, 864
515, 188, 897
516, 450, 882
517, 311, 852
518, 414, 520
519, 411, 564
520, 463, 640
521, 173, 571
522, 59, 372
523, 501, 540
524, 789, 971
525, 109, 561
526, 256, 464
527, 248, 359
528, 163, 925
529, 285, 731
530, 37, 563
531, 105, 322
532, 179, 290
533, 13, 543
534, 333, 570
535, 319, 490
536, 566, 957
537, 267, 980
538, 159, 204
539, 17, 161
540, 137, 928
541, 108, 575
542, 102, 806
543, 273, 784
544, 787, 805
545, 899, 924
546, 324, 530
547, 514, 532
548, 182, 585
549, 87, 336
550, 268, 370
551, 198, 386
552, 5, 711
553, 191, 671
554, 88, 955
555, 344, 975
556, 793, 867
557, 164, 758
558, 38, 549
559, 814, 954
560, 160, 705
561, 144, 483
562, 97, 836
563, 129, 220
564, 606, 617
565, 149, 181
566, 143, 959
567, 262, 718
568, 275, 785
569, 715, 748
570, 702, 909
571, 103, 352
572, 365, 934
573, 410, 825
574, 35, 176
575, 844, 901
576, 528, 742
577, 523, 707
578, 193, 935
579, 629, 651
580, 101, 375
581, 165, 939
582, 326, 339
583, 231, 737
584, 153, 884
585, 67, 881
586, 389, 558
587, 34, 625
588, 294, 552
589, 291, 496
590, 240, 880
591, 86, 478
592, 647, 783
593, 394, 509
594, 460, 944
595, 438, 885
596, 29, 451
597, 481, 626
598, 662, 824
599, 39, 125
600, 477, 993
601, 151, 666
602, 506, 863
603, 72, 703
604, 152, 264
605, 120, 812
606, 22, 823
607, 202, 534
608, 239, 427
609, 337, 368
610, 288, 764
611, 492, 782
612, 553, 819
613, 338, 614
614, 57, 827
615, 82, 772
616, 61, 627
617, 321, 590
618, 366, 608
619, 395, 947
620, 550, 636
621, 121, 656
622, 551, 616
623, 42, 618
624, 4, 413
625, 123, 887
626, 519, 599
627, 218, 747
628, 81, 420
629, 316, 351
630, 441, 821
631, 423, 929
632, 205, 732
633, 259, 396
634, 475, 968
635, 36, 605
636, 356, 405
637, 62, 752
638, 223, 593
639, 89, 813
640, 146, 241
641, 106, 119
642, 743, 994
643, 435, 556
644, 224, 539
645, 187, 890
646, 246, 403
647, 849, 868
648, 746, 753
649, 154, 794
650, 517, 797
651, 603, 800
652, 7, 892
653, 171, 706
654, 635, 722
655, 286, 943
656, 158, 349
657, 432, 554
658, 234, 879
659, 249, 870
660, 80, 310
661, 378, 709
662, 415, 854
663, 565, 691
664, 330, 967
665, 544, 816
666, 190, 334
667, 245, 569
668, 199, 576
669, 574, 749
670, 708, 953
671, 15, 280
672, 31, 385
673, 332, 380
674, 447, 692
675, 452, 973
676, 228, 480
677, 529, 972
678, 677, 695
679, 638, 865
680, 628, 726
681, 472, 770
682, 90, 212
683, 555, 622
684, 376, 937
685, 589, 958
686, 580, 982
687, 437, 795
688, 3, 927
689, 503, 995
690, 845, 911
691, 467, 786
692, 46, 112
693, 317, 548
694, 822, 837
695, 56, 454
696, 596, 724
697, 266, 292
698, 213, 525
699, 673, 894
700, 18, 429
701, 200, 270
702, 630, 757
703, 253, 360
704, 230, 254
705, 325, 482
706, 486, 807
707, 346, 568
708, 141, 484
709, 78, 869
710, 664, 776
711, 8, 312
712, 216, 421
713, 471, 739
714, 1, 755
715, 391, 840
716, 736, 826
717, 457, 663
718, 930, 992
719, 541, 765
720, 847, 921
721, 762, 810
722, 536, 598
723, 328, 428
724, 210, 633
725, 741, 951
726, 581, 693
727, 362, 704
728, 138, 721
729, 761, 798
730, 113, 650
731, 177, 857
732, 19, 442
733, 85, 318
734, 136, 808
735, 659, 985
736, 96, 313
737, 295, 680
738, 577, 893
739, 70, 730
740, 55, 588
741, 398, 439
742, 45, 527
743, 305, 956
744, 669, 855
745, 579, 941
746, 443, 632
747, 774, 998
748, 582, 907
749, 487, 547
750, 697, 922
751, 12, 861
752, 117, 818
753, 289, 562
754, 124, 347
755, 526, 981
756, 251, 369
757, 208, 802
758, 23, 468
759, 77, 601
760, 642, 685
761, 583, 866
762, 600, 615
763, 52, 698
764, 257, 896
765, 340, 841
766, 207, 209
767, 646, 740
768, 621, 728
769, 227, 919
770, 497, 871
771, 27, 699
772, 433, 445
773, 502, 904
774, 908, 984
775, 354, 488
776, 139, 1000
777, 235, 469
778, 48, 681
779, 756, 877
780, 906, 974
781, 20, 983
782, 676, 781
783, 409, 510
784, 225, 431
785, 133, 990
786, 168, 272
787, 714, 932
788, 104, 513
789, 314, 723
790, 522, 853
791, 560, 738
792, 175, 946
793, 274, 426
794, 688, 960
795, 661, 914
796, 641, 878
797, 434, 964
798, 619, 850
799, 678, 750
800, 304, 648
801, 297, 572
802, 381, 397
803, 511, 604
804, 713, 851
805, 300, 900
806, 33, 734
807, 84, 913
808, 465, 979
809, 287, 670
810, 320, 799
811, 236, 406
812, 69, 402
813, 710, 898
814, 260, 838
815, 422, 989
816, 461, 624
817, 229, 379
818, 58, 343
819, 147, 686
820, 238, 948
821, 156, 446
822, 195, 962
823, 419, 874
824, 98, 942
825, 63, 214
826, 65, 327
827, 41, 533
828, 546, 620
829, 66, 610
830, 388, 886
831, 51, 68
832, 111, 609
833, 353, 829
834, 717, 848
835, 118, 778
836, 10, 145
837, 404, 834
838, 780, 856
839, 184, 744
840, 653, 759
841, 132, 258
842, 94, 308
843, 364, 846
844, 233, 498
845, 201, 474
846, 110, 779
847, 281, 891
848, 515, 811
849, 418, 700
850, 597, 607
851, 222, 872
852, 341, 873
853, 479, 494
854, 21, 128
855, 637, 940
856, 296, 760
857, 505, 895
858, 76, 417
859, 142, 424
860, 436, 843
861, 140, 342
862, 261, 440
863, 6, 186
864, 393, 858
865, 654, 842
866, 335, 594
867, 542, 689
868, 64, 584
869, 684, 792
870, 32, 444
871, 122, 430
872, 255, 687
873, 282, 777
874, 178, 883
875, 75, 100
876, 507, 595
877, 167, 587
878, 719, 815
879, 50, 790
880, 374, 535
881, 769, 996
882, 803, 978
883, 99, 371
884, 243, 690
885, 53, 531
886, 567, 675
887, 247, 672
888, 206, 416
889, 250, 817
890, 470, 923
891, 298, 383
892, 114, 331
893, 60, 801
894, 92, 965
895, 384, 657
896, 194, 701
897, 284, 631
898, 30, 95
899, 323, 350
900, 920, 969
901, 14, 157
902, 355, 485
903, 24, 407
904, 788, 820
905, 361, 751
906, 93, 493
907, 537, 623
908, 263, 735
909, 44, 116
910, 219, 508
911, 390, 839
912, 357, 516
913, 9, 933
914, 226, 459
915, 408, 796
916, 196, 712
917, 162, 242
918, 269, 902
919, 166, 613
920, 401, 491
921, 83, 329
922, 221, 876
923, 277, 888
924, 244, 828
925, 573, 733
926, 189, 963
927, 830, 961
928, 301, 977
929, 148, 302
930, 392, 679
931, 557, 578
932, 299, 775
933, 2, 986
934, 43, 591
935, 107, 185
936, 303, 860
937, 745, 835
938, 425, 696
939, 126, 252
940, 652, 804
941, 306, 966
942, 131, 766
943, 538, 931
944, 462, 655
945, 518, 674
946, 74, 499
947, 763, 905
948, 73, 130
949, 476, 720
950, 512, 875
951, 172, 667
952, 456, 832
953, 71, 521
954, 79, 387
955, 500, 634
956, 47, 999
957, 665, 768
958, 11, 643
959, 26, 134
960, 237, 279
961, 115, 926
962, 203, 489
963, 399, 889
964, 504, 725
965, 170, 645
966, 307, 358
967, 217, 976
968, 412, 727
969, 25, 991
970, 211, 950
971, 682, 936
972, 683, 716
973, 377, 945
974, 363, 458
975, 612, 912
976, 40, 952
977, 309, 987
978, 54, 183
979, 455, 611
980, 91, 918
981, 754, 809
982, 28, 649
983, 345, 938
984, 639, 658
985, 174, 466
986, 453, 602
987, 169, 859
988, 791, 916
989, 283, 970
990, 348, 524
991, 382, 448
992, 400, 771
993, 180, 373
994, 668, 694
995, 49, 915
996, 150, 767
997, 586, 988
998, 265, 315
999, 473, 997
1000, 215, 592
1001, 87, 889
1002, 20, 427
1003, 857, 918
1004, 215, 970
1005, 262, 339
1006, 368, 782
1007, 291, 806
1008, 334, 715
1009, 751, 752
1010, 822, 843
1011, 16, 274
1012, 656, 952
1013, 565, 675
1014, 318, 575
1015, 100, 162
1016, 109, 654
1017, 252, 489
1018, 746, 907
1019, 296, 537
1020, 69, 972
1021, 213, 563
1022, 154, 548
1023, 502, 769
1024, 614, 950
1025, 505, 821
1026, 372, 581
1027, 626, 709
1028, 265, 317
1029, 176, 191
1030, 749, 904
1031, 412, 906
1032, 621, 917
1033, 223, 591
1034, 812, 927
1035, 63, 789
1036, 103, 758
1037, 49, 726
1038, 454, 518
1039, 326, 534
1040, 172, 406
1041, 667, 955
1042, 587, 639
1043, 615, 636
1044, 580, 610
1045, 949, 986
1046, 425, 495
1047, 175, 919
1048, 390, 439
1049, 930, 937
1050, 421, 968
1051, 84, 704
1052, 270, 736
1053, 420, 426
1054, 99, 903
1055, 410, 965
1056, 56, 102
1057, 186, 738
1058, 797, 951
1059, 32, 199
1060, 210, 429
1061, 299, 510
1062, 43, 1000
1063, 793, 941
1064, 72, 687
1065, 130, 882
1066, 796, 920
1067, 42, 155
1068, 556, 571
1069, 382, 507
1070, 539, 570
1071, 577, 910
1072, 142, 440
1073, 40, 781
1074, 437, 763
1075, 680, 890
1076, 435, 450
1077, 118, 328
1078, 12, 29
1079, 444, 877
1080, 612, 817
1081, 432, 849
1082, 107, 244
1083, 648, 872
1084, 85, 512
1085, 283, 493
1086, 19, 629
1087, 313, 525
1088, 168, 281
1089, 290, 924
1090, 249, 324
1091, 145, 810
1092, 149, 928
1093, 601, 896
1094, 64, 823
1095, 321, 613
1096, 292, 319
1097, 6, 391
1098, 92, 205
1099, 45, 46
1100, 618, 787
1101, 652, 681
1102, 449, 569
1103, 948, 962
1104, 86, 987
1105, 365, 670
1106, 250, 367
1107, 428, 935
1108, 227, 698
1109, 57, 892
1110, 553, 922
1111, 164, 464
1112, 228, 436
1113, 150, 940
1114, 28, 272
1115, 59, 248
1116, 76, 914
1117, 90, 663
1118, 184, 256
1119, 143, 559
1120, 767, 876
1121, 255, 963
1122, 411, 779
1123, 397, 434
1124, 701, 975
1125, 301, 310
1126, 126, 958
1127, 132, 616
1128, 674, 964
1129, 216, 976
1130, 360, 722
1131, 362, 593
1132, 684, 745
1133, 807, 944
1134, 245, 696
1135, 263, 973
1136, 47, 725
1137, 235, 336
1138, 101, 347
1139, 370, 703
1140, 221, 306
1141, 743, 985
1142, 254, 264
1143, 791, 931
1144, 346, 932
1145, 358, 392
1146, 52, 551
1147, 371, 547
1148, 289, 900
1149, 485, 692
1150, 858, 899
1151, 243, 959
1152, 349, 419
1153, 389, 911
1154, 106, 989
1155, 383, 744
1156, 138, 323
1157, 379, 786
1158, 878, 960
1159, 170, 352
1160, 529, 867
1161, 21, 222
1162, 242, 772
1163, 70, 678
1164, 682, 809
1165, 761, 762
1166, 74, 490
1167, 251, 480
1168, 114, 174
1169, 128, 729
1170, 185, 193
1171, 808, 933
1172, 790, 848
1173, 160, 689
1174, 695, 737
1175, 302, 625
1176, 487, 805
1177, 543, 939
1178, 672, 990
1179, 378, 946
1180, 361, 417
1181, 157, 177
1182, 139, 855
1183, 158, 916
1184, 536, 999
1185, 453, 638
1186, 320, 520
1187, 359, 519
1188, 586, 978
1189, 611, 813
1190, 104, 538
1191, 431, 730
1192, 332, 469
1193, 232, 555
1194, 197, 460
1195, 27, 329
1196, 60, 528
1197, 574, 734
1198, 353, 673
1199, 376, 683
1200, 467, 845
1201, 220, 373
1202, 208, 766
1203, 532, 794
1204, 166, 212
1205, 120, 148
1206, 540, 815
1207, 468, 634
1208, 134, 503
1209, 218, 799
1210, 381, 830
1211, 54, 653
1212, 203, 861
1213, 343, 811
1214, 140, 279
1215, 783, 785
1216, 44, 422
1217, 354, 645
1218, 874, 908
1219, 9, 91
1220, 544, 803
1221, 501, 988
1222, 169, 784
1223, 67, 716
1224, 178, 792
1225, 133, 273
1226, 282, 627
1227, 238, 710
1228, 179, 514
1229, 53, 387
1230, 82, 992
1231, 386, 479
1232, 850, 936
1233, 594, 893
1234, 476, 954
1235, 458, 847
1236, 491, 926
1237, 284, 473
1238, 753, 833
1239, 11, 971
1240, 897, 956
1241, 377, 724
1242, 182, 866
1243, 364, 418
1244, 115, 298
1245, 153, 650
1246, 234, 923
1247, 496, 883
1248, 214, 350
1249, 89, 860
1250, 344, 795
1251, 224, 814
1252, 202, 595
1253, 747, 764
1254, 558, 980
1255, 253, 997
1256, 438, 727
1257, 685, 888
1258, 735, 853
1259, 239, 579
1260, 394, 664
1261, 94, 171
1262, 921, 979
1263, 433, 841
1264, 97, 582
1265, 18, 342
1266, 33, 838
1267, 338, 731
1268, 679, 714
1269, 721, 969
1270, 631, 658
1271, 402, 942
1272, 515, 880
1273, 415, 665
1274, 430, 780
1275, 750, 925
1276, 506, 977
1277, 131, 592
1278, 486, 775
1279, 345, 567
1280, 340, 649
1281, 226, 870
1282, 136, 862
1283, 481, 535
1284, 395, 521
1285, 141, 452
1286, 4, 304
1287, 492, 541
1288, 677, 708
1289, 124, 443
1290, 661, 756
1291, 578, 660
1292, 211, 617
1293, 498, 832
1294, 267, 604
1295, 854, 891
1296, 315, 686
1297, 777, 934
1298, 240, 659
1299, 557, 712
1300, 77, 778
1301, 30, 690
1302, 333, 826
1303, 549, 605
1304, 757, 829
1305, 230, 697
1306, 455, 885
1307, 300, 488
1308, 15, 173
1309, 423, 887
1310, 113, 816
1311, 258, 804
1312, 533, 564
1313, 58, 356
1314, 385, 676
1315, 79, 943
1316, 80, 859
1317, 183, 671
1318, 225, 445
1319, 312, 651
1320, 700, 774
1321, 83, 647
1322, 754, 865
1323, 836, 957
1324, 13, 294
1325, 441, 842
1326, 526, 905
1327, 61, 204
1328, 152, 311
1329, 596, 871
1330, 151, 285
1331, 309, 597
1332, 116, 477
1333, 1, 713
1334, 711, 895
1335, 314, 475
1336, 275, 739
1337, 576, 720
1338, 2, 846
1339, 146, 603
1340, 325, 851
1341, 96, 589
1342, 14, 260
1343, 219, 416
1344, 632, 984
1345, 307, 742
1346, 457, 902
1347, 380, 983
1348, 399, 607
1349, 280, 327
1350, 5, 573
1351, 10, 135
1352, 23, 144
1353, 112, 741
1354, 640, 974
1355, 233, 330
1356, 572, 706
1357, 478, 765
1358, 463, 835
1359, 196, 759
1360, 48, 388
1361, 31, 369
1362, 566, 844
1363, 259, 995
1364, 39, 800
1365, 606, 646
1366, 190, 688
1367, 337, 929
1368, 22, 105
1369, 802, 856
1370, 98, 598
1371, 236, 599
1372, 65, 662
1373, 161, 276
1374, 237, 641
1375, 156, 229
1376, 404, 568
1377, 68, 628
1378, 584, 873
1379, 95, 119
1380, 125, 728
1381, 88, 331
1382, 38, 322
1383, 355, 635
1384, 466, 633
1385, 585, 827
1386, 17, 447
1387, 523, 624
1388, 51, 953
1389, 147, 375
1390, 81, 909
1391, 295, 500
1392, 165, 530
1393, 62, 748
1394, 129, 898
1395, 50, 363
1396, 127, 820
1397, 494, 776
1398, 405, 913
1399, 705, 881
1400, 75, 271
1401, 864, 879
1402, 189, 869
1403, 499, 693
1404, 35, 396
1405, 303, 608
1406, 201, 393
1407, 3, 288
1408, 733, 828
1409, 657, 740
1410, 509, 915
1411, 839, 961
1412, 348, 669
1413, 25, 666
1414, 517, 819
1415, 401, 966
1416, 207, 967
1417, 111, 459
1418, 384, 527
1419, 630, 642
1420, 609, 619
1421, 798, 818
1422, 483, 938
1423, 366, 398
1424, 110, 886
1425, 8, 545
1426, 542, 668
1427, 198, 912
1428, 122, 167
1429, 335, 588
1430, 305, 472
1431, 194, 451
1432, 497, 840
1433, 123, 991
1434, 231, 562
1435, 71, 471
1436, 461, 620
1437, 73, 200
1438, 55, 414
1439, 824, 875
1440, 163, 268
1441, 277, 773
1442, 137, 982
1443, 209, 831
1444, 771, 998
1445, 622, 996
1446, 66, 637
1447, 159, 442
1448, 403, 456
1449, 552, 981
1450, 34, 195
1451, 287, 694
1452, 462, 801
1453, 206, 241
1454, 24, 852
1455, 413, 623
1456, 181, 868
1457, 37, 400
1458, 188, 699
1459, 760, 863
1460, 407, 522
1461, 770, 993
1462, 192, 691
1463, 560, 583
1464, 702, 994
1465, 448, 825
1466, 357, 884
1467, 513, 901
1468, 446, 788
1469, 108, 246
1470, 531, 947
1471, 465, 524
1472, 504, 834
1473, 297, 590
1474, 78, 278
1475, 121, 837
1476, 293, 894
1477, 180, 643
1478, 266, 374
1479, 93, 600
1480, 257, 546
1481, 308, 768
1482, 474, 554
1483, 470, 550
1484, 269, 719
1485, 424, 561
1486, 286, 723
1487, 36, 351
1488, 482, 602
1489, 187, 644
1490, 217, 945
1491, 341, 408
1492, 247, 655
1493, 26, 261
1494, 7, 717
1495, 516, 707
1496, 117, 316
1497, 484, 718
1498, 409, 732
1499, 511, 755
1500, 41, 508
1501, 45, 114
1502, 207, 676
1503, 53, 169
1504, 182, 535
1505, 215, 840
1506, 499, 583
1507, 597, 941
1508, 187, 834
1509, 637, 786
1510, 778, 793
1511, 4, 896
1512, 418, 893
1513, 532, 831
1514, 355, 356
1515, 252, 662
1516, 529, 983
1517, 688, 994
1518, 142, 558
1519, 891, 927
1520, 108, 708
1521, 690, 837
1522, 267, 817
1523, 722, 753
1524, 850, 913
1525, 409, 921
1526, 663, 884
1527, 238, 463
1528, 189, 204
1529, 419, 701
1530, 51, 308
1531, 306, 546
1532, 390, 944
1533, 7, 119
1534, 411, 657
1535, 180, 590
1536, 24, 668
1537, 48, 928
1538, 458, 823
1539, 166, 550
1540, 616, 699
1541, 452, 997
1542, 425, 855
1543, 444, 661
1544, 691, 709
1545, 517, 683
1546, 383, 508
1547, 749, 889
1548, 772, 803
1549, 167, 863
1550, 918, 935
1551, 282, 353
1552, 160, 269
1553, 361, 819
1554, 549, 894
1555, 294, 363
1556, 259, 975
1557, 375, 667
1558, 59, 545
1559, 814, 934
1560, 94, 577
1561, 654, 795
1562, 575, 798
1563, 525, 628
1564, 57, 633
1565, 736, 871
1566, 97, 677
1567, 323, 467
1568, 87, 818
1569, 197, 578
1570, 47, 827
1571, 605, 953
1572, 163, 377
1573, 27, 134
1574, 211, 299
1575, 439, 962
1576, 122, 129
1577, 720, 946
1578, 194, 719
1579, 199, 909
1580, 111, 832
1581, 522, 833
1582, 230, 854
1583, 502, 511
1584, 504, 613
1585, 50, 757
1586, 378, 632
1587, 330, 973
1588, 784, 933
1589, 526, 758
1590, 423, 560
1591, 5, 342
1592, 278, 769
1593, 516, 539
1594, 35, 695
1595, 343, 938
1596, 217, 800
1597, 775, 868
1598, 337, 581
1599, 219, 338
1600, 561, 700
1601, 70, 331
1602, 268, 591
1603, 33, 792
1604, 619, 828
1605, 369, 372
1606, 145, 966
1607, 584, 910
1608, 226, 706
1609, 249, 611
1610, 69, 442
1611, 844, 878
1612, 563, 704
1613, 326, 450
1614, 334, 774
1615, 264, 815
1616, 316, 694
1617, 806, 993
1618, 579, 963
1619, 731, 847
1620, 198, 379
1621, 212, 716
1622, 37, 980
1623, 496, 919
1624, 413, 533
1625, 71, 329
1626, 178, 943
1627, 44, 448
1628, 595, 730
1629, 140, 797
1630, 288, 340
1631, 239, 665
1632, 371, 430
1633, 138, 615
1634, 141, 670
1635, 49, 434
1636, 261, 794
1637, 63, 542
1638, 107, 745
1639, 81, 600
1640, 161, 809
1641, 30, 756
1642, 143, 776
1643, 227, 349
1644, 75, 870
1645, 645, 651
1646, 164, 404
1647, 303, 674
1648, 100, 322
1649, 433, 440
1650, 845, 862
1651, 133, 737
1652, 410, 920
1653, 380, 812
1654, 39, 65
1655, 848, 929
1656, 412, 449
1657, 408, 506
1658, 714, 825
1659, 773, 992
1660, 158, 914
1661, 32, 464
1662, 843, 932
1663, 902, 930
1664, 401, 592
1665, 629, 787
1666, 376, 465
1667, 137, 703
1668, 170, 785
1669, 312, 698
1670, 603, 750
1671, 313, 865
1672, 341, 470
1673, 509, 879
1674, 42, 112
1675, 466, 710
1676, 497, 631
1677, 292, 853
1678, 283, 346
1679, 364, 924
1680, 220, 995
1681, 656, 727
1682, 810, 931
1683, 392, 537
1684, 284, 520
1685, 507, 947
1686, 541, 553
1687, 333, 494
1688, 80, 643
1689, 304, 653
1690, 174, 970
1691, 275, 403
1692, 104, 468
1693, 43, 417
1694, 154, 232
1695, 12, 327
1696, 136, 666
1697, 484, 747
1698, 188, 960
1699, 547, 734
1700, 480, 728
1701, 101, 237
1702, 445, 836
1703, 76, 481
1704, 393, 999
1705, 317, 739
1706, 566, 752
1707, 244, 807
1708, 297, 805
1709, 295, 648
1710, 9, 176
1711, 432, 959
1712, 181, 474
1713, 325, 782
1714, 370, 608
1715, 224, 715
1716, 321, 650
1717, 568, 820
1718, 3, 300
1719, 536, 939
1720, 214, 852
1721, 985, 996
1722, 185, 311
1723, 216, 638
1724, 607, 742
1725, 273, 314
1726, 279, 527
1727, 172, 765
1728, 15, 956
1729, 576, 652
1730, 14, 883
1731, 523, 759
1732, 277, 1000
1733, 209, 744
1734, 171, 580
1735, 552, 606
1736, 491, 885
1737, 386, 397
1738, 149, 907
1739, 310, 830
1740, 287, 649
1741, 351, 971
1742, 22, 173
1743, 52, 120
1744, 770, 972
1745, 290, 540
1746, 981, 991
1747, 225, 693
1748, 906, 967
1749, 493, 696
1750, 624, 640
1751, 477, 573
1752, 514, 867
1753, 257, 788
1754, 113, 234
1755, 475, 799
1756, 291, 873
1757, 610, 723
1758, 260, 512
1759, 241, 382
1760, 336, 551
1761, 148, 451
1762, 8, 864
1763, 569, 589
1764, 34, 851
1765, 195, 399
1766, 276, 460
1767, 2, 62
1768, 98, 258
1769, 72, 760
1770, 874, 875
1771, 245, 687
1772, 531, 554
1773, 256, 332
1774, 6, 368
1775, 395, 824
1776, 528, 647
1777, 407, 801
1778, 446, 556
1779, 367, 618
1780, 125, 717
1781, 285, 857
1782, 79, 955
1783, 519, 754
1784, 201, 348
1785, 347, 986
1786, 90, 950
1787, 461, 796
1788, 639, 899
1789, 420, 989
1790, 117, 761
1791, 210, 473
1792, 135, 360
1793, 162, 923
1794, 585, 842
1795, 77, 978
1796, 67, 767
1797, 146, 151
1798, 61, 977
1799, 222, 350
1800, 315, 421
1801, 366, 707
1802, 374, 790
1803, 208, 443
1804, 17, 298
1805, 904, 912
1806, 406, 802
1807, 456, 655
1808, 139, 476
1809, 900, 979
1810, 96, 265
1811, 40, 103
1812, 302, 472
1813, 453, 732
1814, 251, 365
1815, 93, 385
1816, 860, 908
1817, 190, 804
1818, 596, 623
1819, 126, 598
1820, 620, 686
1821, 455, 822
1822, 272, 555
1823, 437, 685
1824, 515, 958
1825, 635, 903
1826, 121, 398
1827, 389, 869
1828, 92, 248
1829, 31, 544
1830, 58, 964
1831, 175, 594
1832, 296, 479
1833, 763, 901
1834, 320, 345
1835, 280, 771
1836, 431, 530
1837, 286, 388
1838, 263, 872
1839, 68, 609
1840, 841, 882
1841, 357, 791
1842, 16, 205
1843, 429, 521
1844, 630, 835
1845, 266, 898
1846, 153, 634
1847, 457, 780
1848, 684, 859
1849, 436, 826
1850, 671, 990
1851, 713, 718
1852, 808, 954
1853, 73, 91
1854, 253, 866
1855, 751, 789
1856, 281, 680
1857, 56, 559
1858, 339, 462
1859, 84, 250
1860, 459, 829
1861, 262, 498
1862, 240, 925
1863, 102, 948
1864, 147, 702
1865, 123, 892
1866, 319, 358
1867, 567, 764
1868, 131, 735
1869, 384, 614
1870, 582, 877
1871, 359, 505
1872, 402, 987
1873, 890, 915
1874, 46, 354
1875, 426, 755
1876, 85, 974
1877, 89, 675
1878, 513, 673
1879, 66, 99
1880, 191, 846
1881, 777, 969
1882, 229, 270
1883, 156, 886
1884, 352, 922
1885, 223, 362
1886, 482, 622
1887, 381, 524
1888, 60, 678
1889, 20, 165
1890, 86, 328
1891, 83, 876
1892, 218, 438
1893, 177, 543
1894, 414, 416
1895, 887, 917
1896, 247, 725
1897, 305, 307
1898, 781, 821
1899, 271, 861
1900, 183, 659
1901, 157, 658
1902, 489, 911
1903, 55, 641
1904, 202, 642
1905, 159, 548
1906, 128, 952
1907, 469, 487
1908, 335, 428
1909, 572, 766
1910, 492, 503
1911, 106, 849
1912, 888, 984
1913, 557, 881
1914, 483, 721
1915, 627, 905
1916, 740, 895
1917, 144, 228
1918, 697, 951
1919, 38, 741
1920, 19, 274
1921, 118, 726
1922, 13, 626
1923, 109, 324
1924, 242, 937
1925, 179, 510
1926, 105, 926
1927, 235, 733
1928, 839, 858
1929, 221, 965
1930, 422, 729
1931, 115, 660
1932, 289, 534
1933, 23, 184
1934, 78, 150
1935, 231, 779
1936, 811, 949
1937, 11, 396
1938, 243, 636
1939, 387, 644
1940, 586, 968
1941, 391, 564
1942, 36, 478
1943, 424, 813
1944, 196, 200
1945, 246, 571
1946, 255, 495
1947, 485, 625
1948, 192, 856
1949, 41, 454
1950, 602, 612
1951, 441, 692
1952, 599, 601
1953, 127, 373
1954, 26, 746
1955, 10, 565
1956, 574, 897
1957, 293, 405
1958, 54, 95
1959, 64, 74
1960, 471, 518
1961, 587, 669
1962, 236, 562
1963, 593, 748
1964, 588, 682
1965, 18, 570
1966, 193, 415
1967, 1, 501
1968, 203, 942
1969, 427, 705
1970, 168, 664
1971, 186, 976
1972, 28, 621
1973, 617, 998
1974, 254, 447
1975, 116, 130
1976, 110, 982
1977, 132, 712
1978, 82, 762
1979, 155, 916
1980, 25, 880
1981, 768, 816
1982, 29, 88
1983, 538, 689
1984, 301, 936
1985, 681, 743
1986, 21, 783
1987, 604, 672
1988, 344, 500
1989, 435, 940
1990, 646, 957
1991, 394, 961
1992, 124, 206
1993, 152, 679
1994, 309, 711
1995, 488, 724
1996, 233, 738
1997, 486, 988
1998, 213, 318
1999, 400, 945
2000, 490, 838
2001, 592, 746
2002, 394, 898
2003, 403, 903
2004, 508, 721
2005, 851, 930
2006, 263, 312
2007, 789, 862
2008, 534, 569
2009, 631, 820
2010, 543, 579
2011, 103, 374
2012, 52, 65
2013, 505, 712
2014, 60, 309
2015, 438, 638
2016, 498, 735
2017, 597, 841
2018, 121, 606
2019, 179, 493
2020, 683, 949
2021, 468, 545
2022, 113, 441
2023, 111, 214
2024, 454, 586
2025, 861, 865
2026, 27, 888
2027, 326, 872
2028, 285, 684
2029, 499, 847
2030, 187, 641
2031, 706, 984
2032, 221, 344
2033, 358, 867
2034, 445, 931
2035, 128, 525
2036, 207, 548
2037, 167, 253
2038, 100, 752
2039, 815, 883
2040, 715, 729
2041, 222, 392
2042, 551, 911
2043, 943, 972
2044, 824, 999
2045, 576, 694
2046, 350, 665
2047, 59, 823
2048, 347, 794
2049, 252, 876
2050, 255, 874
2051, 22, 306
2052, 433, 819
2053, 839, 891
2054, 417, 584
2055, 84, 755
2056, 163, 603
2057, 82, 275
2058, 30, 959
2059, 419, 940
2060, 542, 612
2061, 24, 124
2062, 239, 599
2063, 133, 906
2064, 547, 863
2065, 369, 784
2066, 497, 946
2067, 137, 510
2068, 296, 961
2069, 218, 998
2070, 68, 178
2071, 315, 588
2072, 256, 827
2073, 149, 873
2074, 860, 947
2075, 234, 901
2076, 71, 838
2077, 481, 733
2078, 889, 920
2079, 594, 640
2080, 106, 708
2081, 560, 623
2082, 276, 583
2083, 297, 361
2084, 224, 644
2085, 341, 982
2086, 652, 899
2087, 217, 406
2088, 414, 692
2089, 130, 365
2090, 552, 741
2091, 357, 495
2092, 442, 910
2093, 36, 348
2094, 208, 504
2095, 432, 879
2096, 757, 952
2097, 618, 719
2098, 143, 375
2099, 391, 778
2100, 595, 671
2101, 57, 480
2102, 67, 538
2103, 427, 918
2104, 421, 787
2105, 157, 799
2106, 661, 983
2107, 249, 488
2108, 643, 900
2109, 80, 924
2110, 447, 591
2111, 228, 916
2112, 636, 905
2113, 13, 216
2114, 659, 732
2115, 158, 725
2116, 145, 950
2117, 7, 236
2118, 439, 608
2119, 258, 762
2120, 180, 664
2121, 186, 915
2122, 267, 378
2123, 675, 786
2124, 649, 871
2125, 328, 398
2126, 287, 370
2127, 99, 527
2128, 156, 242
2129, 58, 484
2130, 422, 461
2131, 666, 667
2132, 45, 697
2133, 710, 766
2134, 518, 980
2135, 777, 990
2136, 713, 955
2137, 209, 968
2138, 424, 747
2139, 469, 607
2140, 23, 257
2141, 161, 632
2142, 247, 690
2143, 323, 927
2144, 516, 533
2145, 63, 413
2146, 734, 925
2147, 450, 912
2148, 107, 956
2149, 390, 804
2150, 760, 814
2151, 271, 877
2152, 155, 540
2153, 333, 637
2154, 75, 944
2155, 458, 655
2156, 354, 869
2157, 444, 478
2158, 532, 854
2159, 299, 385
2160, 92, 593
2161, 574, 679
2162, 630, 843
2163, 646, 647
2164, 15, 32
2165, 650, 806
2166, 393, 687
2167, 388, 482
2168, 531, 908
2169, 642, 994
2170, 386, 622
2171, 116, 705
2172, 215, 809
2173, 282, 645
2174, 549, 566
2175, 261, 928
2176, 74, 117
2177, 72, 373
2178, 205, 269
2179, 479, 866
2180, 401, 782
2181, 226, 338
2182, 609, 981
2183, 554, 802
2184, 237, 319
2185, 200, 600
2186, 653, 702
2187, 95, 108
2188, 56, 753
2189, 327, 570
2190, 678, 736
2191, 168, 825
2192, 203, 301
2193, 44, 318
2194, 26, 754
2195, 88, 182
2196, 673, 780
2197, 325, 337
2198, 316, 975
2199, 500, 751
2200, 105, 681
2201, 66, 567
2202, 176, 546
2203, 160, 295
2204, 443, 475
2205, 502, 971
2206, 104, 882
2207, 90, 764
2208, 304, 558
2209, 436, 501
2210, 129, 462
2211, 29, 550
2212, 8, 248
2213, 767, 887
2214, 656, 868
2215, 25, 260
2216, 336, 726
2217, 717, 885
2218, 6, 571
2219, 230, 490
2220, 568, 663
2221, 494, 832
2222, 10, 85
2223, 61, 932
2224, 197, 204
2225, 515, 875
2226, 544, 590
2227, 49, 749
2228, 506, 691
2229, 272, 763
2230, 418, 1000
2231, 280, 951
2232, 585, 936
2233, 97, 840
2234, 331, 922
2235, 773, 788
2236, 101, 907
2237, 476, 978
2238, 254, 660
2239, 535, 884
2240, 229, 522
2241, 46, 126
2242, 473, 633
2243, 562, 723
2244, 150, 343
2245, 172, 758
2246, 317, 964
2247, 241, 364
2248, 472, 821
2249, 474, 853
2250, 412, 728
2251, 360, 977
2252, 2, 425
2253, 281, 483
2254, 834, 878
2255, 300, 818
2256, 289, 415
2257, 399, 577
2258, 324, 575
2259, 451, 704
2260, 159, 894
2261, 308, 496
2262, 139, 845
2263, 346, 785
2264, 796, 993
2265, 190, 225
2266, 114, 970
2267, 262, 836
2268, 223, 682
2269, 381, 448
2270, 372, 848
2271, 536, 716
2272, 144, 395
2273, 188, 380
2274, 70, 423
2275, 709, 958
2276, 314, 519
2277, 64, 396
2278, 621, 776
2279, 750, 769
2280, 151, 992
2281, 420, 792
2282, 232, 674
2283, 34, 402
2284, 219, 953
2285, 270, 939
2286, 507, 524
2287, 523, 745
2288, 42, 278
2289, 87, 561
2290, 290, 892
2291, 489, 855
2292, 465, 926
2293, 368, 791
2294, 240, 405
2295, 134, 557
2296, 162, 356
2297, 428, 467
2298, 174, 492
2299, 47, 284
2300, 651, 967
2301, 720, 933
2302, 371, 620
2303, 102, 844
2304, 55, 812
2305, 783, 991
2306, 685, 835
2307, 695, 965
2308, 9, 320
2309, 339, 756
2310, 397, 581
2311, 362, 962
2312, 555, 797
2313, 127, 801
2314, 379, 460
2315, 512, 759
2316, 166, 509
2317, 77, 303
2318, 4, 286
2319, 235, 846
2320, 619, 881
2321, 556, 880
2322, 18, 693
2323, 154, 976
2324, 529, 775
2325, 153, 487
2326, 345, 919
2327, 165, 989
2328, 657, 996
2329, 142, 963
2330, 744, 923
2331, 573, 627
2332, 279, 974
2333, 112, 185
2334, 122, 136
2335, 429, 578
2336, 410, 491
2337, 53, 722
2338, 307, 771
2339, 349, 969
2340, 89, 772
2341, 123, 243
2342, 626, 707
2343, 206, 985
2344, 147, 175
2345, 541, 833
2346, 625, 731
2347, 164, 973
2348, 35, 202
2349, 795, 937
2350, 613, 696
2351, 16, 680
2352, 265, 277
2353, 768, 917
2354, 212, 699
2355, 194, 335
2356, 842, 897
2357, 37, 283
2358, 611, 893
2359, 617, 822
2360, 471, 572
2361, 238, 464
2362, 17, 520
2363, 294, 446
2364, 440, 513
2365, 859, 870
2366, 890, 960
2367, 21, 941
2368, 110, 539
2369, 69, 407
2370, 408, 701
2371, 227, 274
2372, 39, 957
2373, 718, 864
2374, 170, 800
2375, 83, 938
2376, 268, 449
2377, 634, 886
2378, 676, 826
2379, 81, 987
2380, 119, 503
2381, 564, 837
2382, 624, 737
2383, 131, 171
2384, 431, 779
2385, 54, 805
2386, 321, 342
2387, 177, 435
2388, 477, 909
2389, 191, 199
2390, 118, 587
2391, 50, 184
2392, 850, 896
2393, 213, 688
2394, 259, 353
2395, 11, 334
2396, 329, 384
2397, 78, 125
2398, 33, 146
2399, 817, 857
2400, 192, 311
2401, 711, 798
2402, 173, 245
2403, 456, 598
2404, 76, 852
2405, 470, 831
2406, 430, 914
2407, 94, 141
2408, 677, 790
2409, 12, 913
2410, 132, 148
2411, 40, 604
2412, 724, 902
2413, 79, 246
2414, 563, 605
2415, 302, 352
2416, 553, 770
2417, 514, 730
2418, 748, 807
2419, 485, 616
2420, 264, 457
2421, 251, 273
2422, 93, 849
2423, 20, 196
2424, 250, 409
2425, 565, 635
2426, 305, 672
2427, 41, 220
2428, 921, 929
2429, 382, 668
2430, 404, 793
2431, 91, 98
2432, 452, 995
2433, 377, 387
2434, 266, 614
2435, 765, 942
2436, 1, 904
2437, 152, 389
2438, 31, 658
2439, 211, 781
2440, 322, 669
2441, 233, 582
2442, 803, 856
2443, 601, 689
2444, 602, 654
2445, 210, 367
2446, 351, 808
2447, 517, 610
2448, 115, 895
2449, 19, 700
2450, 330, 589
2451, 135, 140
2452, 363, 743
2453, 355, 948
2454, 738, 986
2455, 73, 742
2456, 359, 453
2457, 596, 829
2458, 411, 740
2459, 38, 189
2460, 727, 858
2461, 181, 703
2462, 739, 966
2463, 138, 662
2464, 437, 954
2465, 376, 813
2466, 416, 670
2467, 62, 714
2468, 686, 761
2469, 288, 298
2470, 86, 526
2471, 120, 530
2472, 183, 935
2473, 231, 244
2474, 434, 628
2475, 109, 698
2476, 51, 96
2477, 629, 639
2478, 400, 528
2479, 169, 201
2480, 291, 830
2481, 383, 979
2482, 615, 934
2483, 313, 455
2484, 3, 521
2485, 463, 537
2486, 28, 459
2487, 43, 811
2488, 426, 466
2489, 5, 559
2490, 774, 988
2491, 14, 310
2492, 292, 580
2493, 486, 828
2494, 193, 340
2495, 195, 332
2496, 48, 366
2497, 293, 511
2498, 198, 997
2499, 810, 945
2500, 648, 816
2501, 181, 713
2502, 44, 539
2503, 590, 977
2504, 115, 996
2505, 502, 819
2506, 224, 948
2507, 636, 722
2508, 609, 866
2509, 325, 939
2510, 293, 408
2511, 341, 973
2512, 935, 963
2513, 232, 324
2514, 223, 227
2515, 462, 570
2516, 625, 953
2517, 221, 486
2518, 307, 530
2519, 489, 968
2520, 450, 551
2521, 581, 906
2522, 766, 994
2523, 639, 748
2524, 63, 577
2525, 559, 876
2526, 434, 883
2527, 189, 681
2528, 107, 704
2529, 220, 377
2530, 531, 974
2531, 86, 952
2532, 337, 458
2533, 517, 898
2534, 844, 891
2535, 193, 790
2536, 30, 529
2537, 5, 345
2538, 390, 516
2539, 587, 703
2540, 368, 662
2541, 871, 917
2542, 165, 958
2543, 252, 830
2544, 546, 569
2545, 791, 811
2546, 144, 419
2547, 348, 615
2548, 142, 313
2549, 755, 914
2550, 612, 887
2551, 180, 649
2552, 373, 768
2553, 356, 383
2554, 477, 513
2555, 578, 857
2556, 135, 839
2557, 85, 758
2558, 386, 929
2559, 689, 751
2560, 148, 385
2561, 793, 889
2562, 381, 683
2563, 79, 645
2564, 497, 915
2565, 259, 992
2566, 521, 890
2567, 505, 705
2568, 515, 805
2569, 781, 989
2570, 366, 726
2571, 138, 934
2572, 261, 728
2573, 203, 654
2574, 441, 737
2575, 402, 550
2576, 10, 964
2577, 219, 525
2578, 290, 449
2579, 535, 928
2580, 655, 868
2581, 207, 785
2582, 40, 471
2583, 264, 824
2584, 331, 445
2585, 473, 553
2586, 47, 773
2587, 338, 401
2588, 187, 693
2589, 145, 926
2590, 656, 880
2591, 228, 784
2592, 859, 927
2593, 233, 435
2594, 70, 433
2595, 427, 724
2596, 1, 332
2597, 50, 459
2598, 484, 903
2599, 72, 280
2600, 922, 983
2601, 524, 746
2602, 351, 563
2603, 81, 240
2604, 483, 984
2605, 139, 596
2606, 938, 959
2607, 163, 523
2608, 648, 825
2609, 316, 680
2610, 250, 822
2611, 183, 828
2612, 394, 439
2613, 317, 583
2614, 457, 700
2615, 856, 911
2616, 116, 239
2617, 76, 230
2618, 349, 614
2619, 635, 787
2620, 425, 765
2621, 131, 950
2622, 610, 882
2623, 195, 740
2624, 54, 969
2625, 18, 685
2626, 558, 718
2627, 57, 65
2628, 579, 664
2629, 19, 158
2630, 170, 646
2631, 102, 564
2632, 479, 756
2633, 172, 807
2634, 410, 873
2635, 128, 309
2636, 315, 580
2637, 534, 798
2638, 96, 286
2639, 89, 759
2640, 301, 613
2641, 514, 604
2642, 39, 623
2643, 253, 594
2644, 36, 800
2645, 392, 924
2646, 178, 209
2647, 522, 545
2648, 354, 846
2649, 42, 149
2650, 7, 365
2651, 267, 987
2652, 452, 872
2653, 204, 980
2654, 276, 409
2655, 122, 428
2656, 226, 762
2657, 567, 892
2658, 58, 698
2659, 279, 511
2660, 56, 607
2661, 197, 678
2662, 20, 185
2663, 589, 774
2664, 333, 382
2665, 468, 504
2666, 391, 957
2667, 734, 841
2668, 49, 629
2669, 400, 855
2670, 34, 454
2671, 355, 997
2672, 152, 243
2673, 146, 201
2674, 448, 597
2675, 380, 496
2676, 407, 976
2677, 97, 673
2678, 45, 941
2679, 75, 850
2680, 708, 812
2681, 270, 399
2682, 422, 694
2683, 833, 886
2684, 363, 858
2685, 101, 684
2686, 674, 923
2687, 299, 512
2688, 372, 993
2689, 456, 852
2690, 41, 136
2691, 696, 902
2692, 592, 743
2693, 532, 720
2694, 340, 719
2695, 241, 672
2696, 8, 847
2697, 783, 970
2698, 25, 682
2699, 447, 760
2700, 9, 285
2701, 106, 360
2702, 196, 925
2703, 602, 706
2704, 605, 669
2705, 186, 796
2706, 15, 814
2707, 584, 777
2708, 27, 328
2709, 336, 634
2710, 465, 921
2711, 644, 860
2712, 123, 369
2713, 303, 806
2714, 518, 709
2715, 82, 750
2716, 52, 633
2717, 697, 702
2718, 296, 661
2719, 707, 714
2720, 112, 874
2721, 184, 575
2722, 549, 688
2723, 480, 744
2724, 417, 937
2725, 321, 867
2726, 574, 653
2727, 173, 308
2728, 38, 944
2729, 182, 361
2730, 191, 482
2731, 198, 444
2732, 501, 641
2733, 159, 990
2734, 99, 461
2735, 789, 943
2736, 171, 900
2737, 244, 652
2738, 741, 881
2739, 32, 205
2740, 51, 236
2741, 94, 838
2742, 362, 960
2743, 764, 932
2744, 537, 829
2745, 130, 384
2746, 896, 972
2747, 378, 966
2748, 129, 940
2749, 11, 405
2750, 200, 717
2751, 125, 591
2752, 248, 257
2753, 119, 951
2754, 23, 327
2755, 413, 507
2756, 110, 225
2757, 247, 695
2758, 64, 864
2759, 350, 647
2760, 376, 474
2761, 31, 306
2762, 519, 956
2763, 396, 586
2764, 6, 466
2765, 576, 909
2766, 367, 747
2767, 548, 919
2768, 598, 763
2769, 237, 843
2770, 701, 946
2771, 4, 910
2772, 213, 985
2773, 832, 965
2774, 311, 371
2775, 343, 527
2776, 272, 1000
2777, 573, 631
2778, 526, 716
2779, 908, 967
2780, 624, 797
2781, 692, 780
2782, 273, 566
2783, 358, 547
2784, 430, 820
2785, 295, 630
2786, 442, 509
2787, 155, 986
2788, 266, 640
2789, 104, 863
2790, 93, 443
2791, 432, 776
2792, 28, 282
2793, 260, 329
2794, 878, 971
2795, 114, 467
2796, 16, 83
2797, 33, 897
2798, 424, 469
2799, 277, 498
2800, 164, 536
2801, 730, 821
2802, 281, 588
2803, 291, 294
2804, 212, 436
2805, 175, 861
2806, 73, 168
2807, 29, 161
2808, 470, 476
2809, 255, 339
2810, 84, 215
2811, 554, 879
2812, 37, 245
2813, 77, 603
2814, 600, 845
2815, 499, 933
2816, 151, 988
2817, 344, 632
2818, 71, 375
2819, 169, 818
2820, 134, 823
2821, 585, 801
2822, 732, 745
2823, 87, 725
2824, 389, 670
2825, 246, 792
2826, 2, 231
2827, 342, 611
2828, 154, 836
2829, 80, 211
2830, 782, 981
2831, 188, 312
2832, 3, 628
2833, 46, 538
2834, 292, 446
2835, 506, 543
2836, 627, 802
2837, 738, 894
2838, 418, 895
2839, 254, 601
2840, 162, 995
2841, 753, 905
2842, 510, 650
2843, 133, 275
2844, 556, 651
2845, 124, 541
2846, 17, 62
2847, 92, 916
2848, 153, 619
2849, 66, 572
2850, 14, 961
2851, 235, 772
2852, 431, 620
2853, 249, 472
2854, 298, 326
2855, 126, 147
2856, 12, 208
2857, 364, 870
2858, 533, 779
2859, 500, 712
2860, 263, 804
2861, 374, 862
2862, 305, 310
2863, 174, 945
2864, 314, 918
2865, 388, 775
2866, 453, 767
2867, 24, 803
2868, 460, 568
2869, 179, 283
2870, 593, 842
2871, 393, 949
2872, 256, 414
2873, 202, 475
2874, 262, 642
2875, 423, 582
2876, 150, 893
2877, 35, 671
2878, 397, 761
2879, 562, 735
2880, 542, 869
2881, 105, 831
2882, 699, 947
2883, 346, 888
2884, 22, 167
2885, 68, 288
2886, 55, 320
2887, 117, 357
2888, 733, 739
2889, 210, 234
2890, 137, 463
2891, 657, 660
2892, 478, 931
2893, 103, 319
2894, 675, 999
2895, 251, 528
2896, 711, 731
2897, 88, 742
2898, 61, 455
2899, 271, 403
2900, 48, 877
2901, 849, 904
2902, 778, 942
2903, 565, 835
2904, 353, 991
2905, 492, 721
2906, 60, 100
2907, 160, 853
2908, 194, 494
2909, 666, 848
2910, 113, 754
2911, 140, 618
2912, 91, 265
2913, 269, 544
2914, 663, 676
2915, 416, 884
2916, 322, 998
2917, 43, 690
2918, 323, 795
2919, 710, 851
2920, 387, 885
2921, 487, 621
2922, 398, 595
2923, 222, 412
2924, 491, 954
2925, 359, 840
2926, 284, 451
2927, 156, 920
2928, 411, 622
2929, 616, 770
2930, 289, 723
2931, 557, 638
2932, 216, 304
2933, 98, 757
2934, 493, 936
2935, 540, 837
2936, 143, 438
2937, 352, 794
2938, 13, 816
2939, 90, 571
2940, 406, 606
2941, 771, 901
2942, 679, 912
2943, 190, 749
2944, 111, 426
2945, 481, 520
2946, 555, 875
2947, 658, 834
2948, 242, 643
2949, 665, 729
2950, 415, 810
2951, 67, 827
2952, 118, 420
2953, 404, 809
2954, 552, 799
2955, 297, 715
2956, 268, 429
2957, 278, 370
2958, 177, 691
2959, 141, 206
2960, 440, 495
2961, 300, 608
2962, 508, 813
2963, 132, 667
2964, 21, 677
2965, 120, 121
2966, 687, 786
2967, 108, 238
2968, 907, 978
2969, 109, 815
2970, 166, 975
2971, 26, 437
2972, 69, 464
2973, 599, 659
2974, 395, 930
2975, 347, 637
2976, 214, 258
2977, 53, 817
2978, 421, 854
2979, 157, 617
2980, 218, 865
2981, 59, 913
2982, 217, 485
2983, 330, 626
2984, 78, 686
2985, 302, 962
2986, 561, 727
2987, 287, 503
2988, 769, 982
2989, 176, 335
2990, 192, 274
2991, 95, 668
2992, 127, 899
2993, 334, 560
2994, 199, 788
2995, 488, 826
2996, 318, 490
2997, 752, 808
2998, 229, 955
2999, 74, 379
3000, 736, 979
3001, 150, 208
3002, 478, 565
3003, 323, 406
3004, 196, 351
3005, 472, 982
3006, 76, 286
3007, 422, 756
3008, 368, 395
3009, 287, 386
3010, 747, 992
3011, 289, 665
3012, 80, 178
3013, 198, 494
3014, 6, 690
3015, 521, 888
3016, 5, 210
3017, 612, 677
3018, 546, 621
3019, 694, 855
3020, 584, 654
3021, 237, 894
3022, 319, 781
3023, 136, 889
3024, 9, 182
3025, 671, 844
3026, 588, 863
3027, 829, 838
3028, 42, 530
3029, 520, 924
3030, 415, 938
3031, 105, 830
3032, 62, 431
3033, 274, 800
3034, 695, 727
3035, 548, 657
3036, 67, 234
3037, 312, 555
3038, 226, 732
3039, 218, 703
3040, 486, 951
3041, 932, 937
3042, 74, 248
3043, 509, 833
3044, 558, 731
3045, 822, 925
3046, 428, 998
3047, 157, 629
3048, 149, 489
3049, 88, 202
3050, 439, 659
3051, 465, 483
3052, 332, 835
3053, 660, 795
3054, 294, 402
3055, 177, 639
3056, 90, 837
3057, 250, 420
3058, 79, 118
3059, 382, 952
3060, 111, 735
3061, 163, 552
3062, 296, 988
3063, 227, 791
3064, 41, 737
3065, 375, 935
3066, 911, 955
3067, 257, 401
3068, 40, 466
3069, 68, 918
3070, 16, 601
3071, 341, 474
3072, 299, 686
3073, 801, 920
3074, 197, 705
3075, 763, 892
3076, 82, 585
3077, 255, 775
3078, 684, 878
3079, 96, 222
3080, 663, 963
3081, 322, 890
3082, 540, 707
3083, 891, 926
3084, 140, 819
3085, 13, 862
3086, 699, 762
3087, 270, 275
3088, 49, 742
3089, 27, 864
3090, 7, 348
3091, 697, 825
3092, 89, 593
3093, 575, 640
3094, 549, 967
3095, 203, 626
3096, 569, 608
3097, 23, 1000
3098, 318, 961
3099, 675, 922
3100, 456, 611
3101, 53, 498
3102, 15, 485
3103, 696, 751
3104, 205, 772
3105, 125, 282
3106, 172, 901
3107, 328, 893
3108, 821, 973
3109, 554, 921
3110, 359, 550
3111, 468, 916
3112, 404, 594
3113, 818, 857
3114, 204, 381
3115, 47, 858
3116, 562, 986
3117, 704, 934
3118, 252, 592
3119, 14, 617
3120, 66, 253
3121, 356, 793
3122, 340, 700
3123, 342, 636
3124, 3, 883
3125, 559, 875
3126, 488, 873
3127, 99, 869
3128, 102, 701
3129, 58, 577
3130, 107, 768
3131, 160, 314
3132, 648, 879
3133, 223, 563
3134, 790, 841
3135, 283, 674
3136, 154, 484
3137, 692, 900
3138, 325, 372
3139, 22, 190
3140, 112, 669
3141, 236, 499
3142, 711, 780
3143, 574, 813
3144, 672, 799
3145, 632, 715
3146, 384, 953
3147, 17, 978
3148, 277, 339
3149, 337, 535
3150, 108, 668
3151, 1, 54
3152, 630, 794
3153, 8, 123
3154, 24, 679
3155, 122, 459
3156, 156, 736
3157, 410, 949
3158, 539, 983
3159, 92, 440
3160, 582, 586
3161, 525, 767
3162, 221, 333
3163, 164, 610
3164, 808, 826
3165, 232, 280
3166, 786, 946
3167, 876, 915
3168, 365, 754
3169, 777, 787
3170, 158, 262
3171, 72, 443
3172, 152, 300
3173, 131, 803
3174, 708, 859
3175, 631, 993
3176, 797, 944
3177, 33, 477
3178, 214, 308
3179, 70, 436
3180, 174, 985
3181, 220, 979
3182, 445, 490
3183, 827, 895
3184, 446, 538
3185, 596, 840
3186, 30, 265
3187, 162, 201
3188, 361, 789
3189, 251, 503
3190, 458, 748
3191, 115, 683
3192, 278, 870
3193, 321, 442
3194, 373, 444
3195, 605, 720
3196, 114, 965
3197, 293, 954
3198, 403, 504
3199, 184, 860
3200, 159, 374
3201, 51, 258
3202, 279, 734
3203, 417, 885
3204, 146, 529
3205, 625, 816
3206, 324, 493
3207, 500, 543
3208, 752, 836
3209, 666, 929
3210, 180, 604
3211, 290, 526
3212, 765, 966
3213, 212, 260
3214, 347, 904
3215, 98, 847
3216, 71, 579
3217, 353, 981
3218, 73, 264
3219, 132, 482
3220, 467, 810
3221, 189, 411
3222, 366, 556
3223, 84, 400
3224, 469, 616
3225, 284, 656
3226, 267, 738
3227, 316, 425
3228, 670, 948
3229, 43, 413
3230, 206, 216
3231, 61, 531
3232, 110, 542
3233, 615, 814
3234, 691, 987
3235, 429, 760
3236, 138, 315
3237, 219, 682
3238, 874, 930
3239, 55, 455
3240, 397, 510
3241, 93, 726
3242, 75, 113
3243, 161, 571
3244, 532, 687
3245, 120, 650
3246, 37, 755
3247, 643, 931
3248, 21, 473
3249, 273, 730
3250, 391, 453
3251, 97, 133
3252, 276, 783
3253, 192, 516
3254, 45, 396
3255, 435, 716
3256, 407, 880
3257, 371, 702
3258, 750, 865
3259, 591, 970
3260, 919, 969
3261, 301, 602
3262, 245, 376
3263, 238, 950
3264, 519, 958
3265, 288, 581
3266, 685, 902
3267, 57, 740
3268, 805, 884
3269, 31, 169
3270, 804, 856
3271, 28, 957
3272, 295, 471
3273, 193, 609
3274, 725, 853
3275, 355, 843
3276, 658, 990
3277, 449, 644
3278, 513, 977
3279, 52, 307
3280, 103, 743
3281, 344, 393
3282, 311, 722
3283, 421, 811
3284, 77, 185
3285, 560, 652
3286, 744, 974
3287, 135, 334
3288, 170, 724
3289, 304, 647
3290, 179, 362
3291, 572, 942
3292, 317, 913
3293, 48, 824
3294, 243, 557
3295, 693, 939
3296, 962, 996
3297, 244, 976
3298, 168, 176
3299, 38, 313
3300, 94, 580
3301, 770, 812
3302, 733, 991
3303, 155, 392
3304, 101, 305
3305, 235, 491
3306, 536, 545
3307, 495, 831
3308, 352, 940
3309, 297, 729
3310, 229, 618
3311, 19, 383
3312, 230, 427
3313, 363, 834
3314, 139, 364
3315, 128, 336
3316, 394, 507
3317, 261, 568
3318, 4, 622
3319, 83, 689
3320, 638, 766
3321, 399, 851
3322, 127, 597
3323, 213, 717
3324, 457, 899
3325, 175, 785
3326, 561, 712
3327, 753, 778
3328, 100, 773
3329, 846, 906
3330, 419, 713
3331, 718, 882
3332, 454, 947
3333, 809, 984
3334, 523, 912
3335, 272, 281
3336, 338, 903
3337, 358, 497
3338, 746, 792
3339, 302, 423
3340, 199, 933
3341, 151, 655
3342, 35, 285
3343, 651, 960
3344, 44, 917
3345, 331, 688
3346, 512, 908
3347, 143, 378
3348, 479, 524
3349, 266, 972
3350, 432, 871
3351, 171, 430
3352, 329, 613
3353, 165, 506
3354, 448, 745
3355, 116, 606
3356, 680, 815
3357, 327, 661
3358, 95, 501
3359, 505, 614
3360, 18, 153
3361, 119, 971
3362, 598, 997
3363, 126, 502
3364, 832, 914
3365, 408, 619
3366, 357, 518
3367, 424, 975
3368, 475, 553
3369, 11, 905
3370, 412, 434
3371, 447, 698
3372, 271, 528
3373, 231, 866
3374, 330, 476
3375, 564, 741
3376, 26, 587
3377, 187, 191
3378, 87, 441
3379, 117, 240
3380, 137, 788
3381, 65, 881
3382, 496, 706
3383, 298, 721
3384, 10, 56
3385, 326, 995
3386, 380, 607
3387, 167, 989
3388, 225, 398
3389, 269, 943
3390, 370, 898
3391, 141, 867
3392, 46, 335
3393, 388, 487
3394, 186, 628
3395, 345, 346
3396, 121, 480
3397, 761, 968
3398, 426, 796
3399, 145, 461
3400, 533, 928
3401, 211, 945
3402, 249, 511
3403, 354, 583
3404, 78, 246
3405, 81, 576
3406, 842, 959
3407, 589, 739
3408, 387, 806
3409, 256, 798
3410, 623, 642
3411, 104, 784
3412, 148, 624
3413, 385, 849
3414, 566, 590
3415, 645, 964
3416, 676, 774
3417, 254, 350
3418, 547, 845
3419, 228, 247
3420, 29, 578
3421, 714, 877
3422, 534, 896
3423, 595, 662
3424, 25, 242
3425, 292, 872
3426, 259, 710
3427, 522, 646
3428, 147, 320
3429, 215, 728
3430, 34, 828
3431, 207, 416
3432, 86, 450
3433, 367, 820
3434, 194, 776
3435, 306, 861
3436, 343, 673
3437, 166, 570
3438, 217, 709
3439, 134, 627
3440, 183, 927
3441, 868, 897
3442, 379, 923
3443, 377, 405
3444, 514, 802
3445, 91, 241
3446, 600, 678
3447, 32, 303
3448, 635, 980
3449, 12, 85
3450, 414, 544
3451, 2, 723
3452, 567, 603
3453, 515, 649
3454, 233, 936
3455, 470, 994
3456, 492, 551
3457, 130, 839
3458, 349, 541
3459, 463, 664
3460, 63, 620
3461, 224, 464
3462, 782, 907
3463, 124, 369
3464, 173, 310
3465, 527, 910
3466, 239, 769
3467, 268, 508
3468, 537, 633
3469, 144, 451
3470, 438, 848
3471, 36, 758
3472, 759, 909
3473, 517, 941
3474, 39, 637
3475, 60, 749
3476, 641, 886
3477, 360, 956
3478, 64, 433
3479, 409, 771
3480, 418, 653
3481, 195, 263
3482, 200, 460
3483, 50, 852
3484, 681, 823
3485, 106, 634
3486, 291, 854
3487, 667, 719
3488, 59, 850
3489, 129, 764
3490, 209, 452
3491, 390, 779
3492, 109, 437
3493, 181, 389
3494, 20, 309
3495, 573, 817
3496, 481, 757
3497, 188, 462
3498, 142, 807
3499, 887, 999
3500, 69, 599
3501, 359, 765
3502, 388, 887
3503, 506, 918
3504, 280, 753
3505, 260, 417
3506, 609, 646
3507, 190, 945
3508, 429, 595
3509, 415, 533
3510, 507, 664
3511, 29, 543
3512, 287, 685
3513, 244, 375
3514, 597, 840
3515, 44, 814
3516, 291, 843
3517, 432, 979
3518, 73, 686
3519, 449, 824
3520, 549, 794
3521, 312, 534
3522, 334, 906
3523, 552, 954
3524, 138, 764
3525, 164, 890
3526, 461, 667
3527, 745, 948
3528, 74, 456
3529, 88, 662
3530, 297, 696
3531, 104, 837
3532, 111, 704
3533, 454, 908
3534, 27, 206
3535, 124, 481
3536, 299, 474
3537, 118, 154
3538, 38, 283
3539, 268, 955
3540, 72, 800
3541, 453, 927
3542, 452, 776
3543, 436, 580
3544, 355, 455
3545, 657, 877
3546, 854, 907
3547, 232, 608
3548, 591, 826
3549, 642, 889
3550, 443, 537
3551, 61, 298
3552, 170, 480
3553, 441, 773
3554, 167, 313
3555, 308, 971
3556, 229, 302
3557, 214, 860
3558, 594, 929
3559, 392, 554
3560, 336, 371
3561, 249, 738
3562, 494, 576
3563, 126, 362
3564, 435, 439
3565, 808, 856
3566, 352, 400
3567, 50, 524
3568, 724, 795
3569, 395, 428
3570, 572, 870
3571, 859, 871
3572, 331, 904
3573, 31, 825
3574, 130, 493
3575, 10, 581
3576, 665, 743
3577, 383, 718
3578, 281, 880
3579, 151, 961
3580, 327, 610
3581, 230, 997
3582, 107, 888
3583, 638, 798
3584, 222, 367
3585, 160, 882
3586, 296, 648
3587, 698, 774
3588, 354, 382
3589, 197, 219
3590, 264, 514
3591, 402, 478
3592, 863, 956
3593, 937, 993
3594, 758, 830
3595, 903, 980
3596, 2, 318
3597, 323, 744
3598, 467, 635
3599, 833, 899
3600, 34, 947
3601, 215, 477
3602, 619, 754
3603, 226, 807
3604, 489, 804
3605, 556, 660
3606, 675, 919
3607, 140, 925
3608, 599, 690
3609, 208, 242
3610, 414, 909
3611, 498, 668
3612, 11, 426
3613, 319, 811
3614, 114, 356
3615, 265, 542
3616, 82, 437
3617, 583, 716
3618, 578, 847
3619, 300, 652
3620, 95, 418
3621, 168, 187
3622, 430, 812
3623, 341, 545
3624, 530, 695
3625, 235, 427
3626, 491, 733
3627, 135, 671
3628, 577, 916
3629, 420, 761
3630, 189, 562
3631, 561, 791
3632, 647, 786
3633, 75, 974
3634, 326, 729
3635, 282, 901
3636, 59, 290
3637, 741, 757
3638, 458, 885
3639, 233, 497
3640, 501, 938
3641, 108, 472
3642, 485, 699
3643, 78, 835
3644, 394, 996
3645, 252, 992
3646, 861, 923
3647, 90, 689
3648, 551, 841
3649, 309, 522
3650, 188, 822
3651, 47, 387
3652, 70, 406
3653, 559, 684
3654, 145, 438
3655, 272, 590
3656, 30, 722
3657, 563, 850
3658, 71, 84
3659, 575, 656
3660, 58, 606
3661, 450, 981
3662, 377, 389
3663, 335, 809
3664, 351, 653
3665, 573, 720
3666, 228, 713
3667, 358, 777
3668, 257, 305
3669, 52, 589
3670, 267, 446
3671, 183, 896
3672, 431, 876
3673, 77, 636
3674, 397, 755
3675, 677, 813
3676, 566, 933
3677, 162, 482
3678, 445, 633
3679, 221, 712
3680, 425, 632
3681, 865, 1000
3682, 683, 768
3683, 1, 999
3684, 732, 746
3685, 89, 687
3686, 109, 550
3687, 106, 525
3688, 396, 509
3689, 171, 273
3690, 3, 345
3691, 9, 891
3692, 526, 536
3693, 223, 709
3694, 292, 544
3695, 347, 459
3696, 519, 723
3697, 624, 772
3698, 53, 293
3699, 915, 926
3700, 123, 303
3701, 271, 701
3702, 557, 920
3703, 692, 828
3704, 560, 953
3705, 163, 181
3706, 344, 715
3707, 702, 779
3708, 433, 605
3709, 46, 496
3710, 316, 460
3711, 194, 959
3712, 166, 643
3713, 152, 505
3714, 141, 161
3715, 410, 895
3716, 21, 541
3717, 289, 634
3718, 8, 878
3719, 172, 681
3720, 177, 617
3721, 373, 725
3722, 846, 931
3723, 48, 670
3724, 127, 448
3725, 153, 627
3726, 416, 848
3727, 611, 630
3728, 85, 96
3729, 136, 603
3730, 174, 621
3731, 321, 325
3732, 13, 54
3733, 178, 248
3734, 155, 288
3735, 115, 928
3736, 259, 678
3737, 405, 423
3738, 234, 970
3739, 134, 883
3740, 261, 893
3741, 251, 512
3742, 202, 714
3743, 593, 962
3744, 137, 376
3745, 403, 790
3746, 442, 669
3747, 256, 817
3748, 600, 910
3749, 365, 844
3750, 412, 783
3751, 444, 983
3752, 179, 963
3753, 6, 191
3754, 99, 258
3755, 42, 598
3756, 747, 957
3757, 568, 949
3758, 390, 867
3759, 18, 750
3760, 413, 845
3761, 45, 625
3762, 329, 539
3763, 503, 805
3764, 349, 819
3765, 301, 788
3766, 641, 884
3767, 165, 976
3768, 379, 787
3769, 16, 517
3770, 364, 995
3771, 19, 122
3772, 337, 810
3773, 156, 339
3774, 169, 771
3775, 434, 842
3776, 7, 110
3777, 270, 440
3778, 306, 932
3779, 596, 673
3780, 855, 998
3781, 620, 626
3782, 93, 834
3783, 121, 350
3784, 182, 285
3785, 569, 679
3786, 87, 553
3787, 253, 658
3788, 315, 340
3789, 310, 613
3790, 411, 851
3791, 547, 985
3792, 900, 934
3793, 697, 831
3794, 897, 958
3795, 159, 943
3796, 92, 991
3797, 266, 518
3798, 63, 393
3799, 829, 977
3800, 35, 338
3801, 25, 66
3802, 384, 631
3803, 56, 736
3804, 175, 311
3805, 55, 881
3806, 538, 629
3807, 284, 853
3808, 328, 399
3809, 457, 666
3810, 802, 965
3811, 94, 984
3812, 263, 866
3813, 236, 320
3814, 76, 510
3815, 192, 886
3816, 366, 385
3817, 676, 793
3818, 97, 469
3819, 749, 894
3820, 133, 342
3821, 184, 499
3822, 218, 357
3823, 295, 767
3824, 15, 408
3825, 279, 942
3826, 711, 742
3827, 205, 628
3828, 756, 806
3829, 546, 640
3830, 706, 966
3831, 422, 823
3832, 4, 623
3833, 12, 820
3834, 246, 858
3835, 502, 567
3836, 49, 792
3837, 314, 801
3838, 22, 372
3839, 419, 986
3840, 224, 739
3841, 117, 644
3842, 462, 951
3843, 275, 521
3844, 245, 531
3845, 769, 969
3846, 39, 86
3847, 239, 936
3848, 196, 324
3849, 81, 622
3850, 484, 857
3851, 473, 990
3852, 132, 380
3853, 548, 586
3854, 60, 495
3855, 488, 987
3856, 682, 731
3857, 796, 849
3858, 463, 527
3859, 131, 173
3860, 528, 730
3861, 240, 994
3862, 409, 694
3863, 207, 322
3864, 570, 978
3865, 348, 921
3866, 68, 607
3867, 487, 579
3868, 465, 529
3869, 212, 618
3870, 67, 564
3871, 186, 939
3872, 57, 912
3873, 523, 555
3874, 157, 763
3875, 276, 982
3876, 125, 304
3877, 80, 973
3878, 708, 721
3879, 655, 728
3880, 37, 204
3881, 717, 869
3882, 346, 944
3883, 254, 879
3884, 520, 585
3885, 330, 803
3886, 139, 213
3887, 766, 873
3888, 294, 940
3889, 748, 988
3890, 451, 674
3891, 102, 185
3892, 203, 719
3893, 211, 663
3894, 40, 799
3895, 540, 781
3896, 727, 775
3897, 69, 770
3898, 616, 852
3899, 62, 582
3900, 637, 693
3901, 868, 968
3902, 5, 784
3903, 378, 587
3904, 149, 227
3905, 333, 651
3906, 386, 797
3907, 129, 535
3908, 33, 209
3909, 210, 751
3910, 113, 872
3911, 238, 778
3912, 421, 815
3913, 515, 558
3914, 468, 902
3915, 317, 363
3916, 369, 941
3917, 41, 654
3918, 274, 500
3919, 360, 752
3920, 198, 735
3921, 237, 307
3922, 101, 381
3923, 424, 734
3924, 100, 839
3925, 243, 680
3926, 180, 220
3927, 592, 864
3928, 150, 231
3929, 26, 216
3930, 195, 241
3931, 20, 490
3932, 361, 726
3933, 278, 483
3934, 286, 516
3935, 28, 584
3936, 143, 892
3937, 112, 688
3938, 492, 975
3939, 649, 924
3940, 193, 703
3941, 588, 967
3942, 475, 821
3943, 470, 565
3944, 486, 612
3945, 262, 818
3946, 51, 780
3947, 24, 917
3948, 158, 782
3949, 147, 950
3950, 759, 930
3951, 391, 479
3952, 17, 952
3953, 615, 760
3954, 374, 659
3955, 343, 789
3956, 898, 922
3957, 120, 639
3958, 532, 705
3959, 119, 604
3960, 511, 836
3961, 36, 661
3962, 142, 737
3963, 14, 989
3964, 105, 650
3965, 176, 672
3966, 508, 574
3967, 277, 645
3968, 79, 911
3969, 332, 368
3970, 146, 875
3971, 144, 960
3972, 103, 225
3973, 353, 816
3974, 571, 972
3975, 601, 602
3976, 269, 398
3977, 23, 476
3978, 247, 707
3979, 762, 935
3980, 401, 740
3981, 404, 691
3982, 116, 874
3983, 504, 964
3984, 255, 471
3985, 148, 407
3986, 43, 832
3987, 838, 914
3988, 32, 64
3989, 217, 464
3990, 710, 862
3991, 65, 201
3992, 466, 785
3993, 199, 700
3994, 827, 913
3995, 370, 946
3996, 91, 614
3997, 128, 905
3998, 250, 447
3999, 83, 513
4000, 98, 200
