id, img1, img2
1, 827, 972
2, 270, 468
3, 73, 769
4, 116, 579
5, 191, 781
6, 551, 907
7, 3, 838
8, 28, 841
9, 709, 895
10, 654, 739
11, 91, 335
12, 147, 842
13, 355, 744
14, 680, 850
15, 102, 340
16, 25, 865
17, 110, 383
18, 442, 968
19, 639, 695
20, 35, 936
21, 515, 994
22, 339, 351
23, 392, 810
24, 791, 951
25, 59, 942
26, 87, 517
27, 185, 572
28, 333, 504
29, 338, 682
30, 214, 872
31, 597, 701
32, 231, 581
33, 469, 802
34, 561, 940
35, 440, 818
36, 822, 839
37, 50, 923
38, 44, 934
39, 702, 817
40, 40, 753
41, 362, 545
42, 719, 985
43, 99, 149
44, 632, 685
45, 254, 317
46, 538, 857
47, 386, 963
48, 160, 956
49, 167, 660
50, 1, 820
51, 134, 793
52, 430, 774
53, 393, 795
54, 140, 880
55, 405, 623
56, 312, 938
57, 90, 644
58, 655, 771
59, 123, 347
60, 154, 236
61, 125, 400
62, 375, 764
63, 453, 866
64, 139, 496
65, 29, 522
66, 253, 470
67, 112, 411
68, 24, 88
69, 360, 789
70, 42, 926
71, 309, 544
72, 14, 57
73, 245, 741
74, 257, 518
75, 760, 932
76, 819, 914
77, 374, 733
78, 439, 580
79, 208, 952
80, 34, 787
81, 494, 873
82, 12, 785
83, 265, 617
84, 129, 630
85, 274, 358
86, 472, 731
87, 158, 342
88, 906, 915
89, 618, 858
90, 20, 227
91, 578, 734
92, 448, 772
93, 100, 121
94, 908, 991
95, 600, 1000
96, 686, 752
97, 776, 939
98, 511, 966
99, 195, 946
100, 291, 385
101, 268, 667
102, 302, 566
103, 505, 588
104, 176, 205
105, 352, 698
106, 384, 900
107, 103, 404
108, 177, 528
109, 455, 691
110, 425, 981
111, 251, 690
112, 13, 53
113, 221, 576
114, 65, 666
115, 909, 930
116, 41, 535
117, 152, 846
118, 4, 473
119, 77, 247
120, 725, 990
121, 240, 498
122, 488, 633
123, 255, 458
124, 380, 902
125, 350, 432
126, 757, 973
127, 395, 801
128, 463, 809
129, 459, 792
130, 249, 826
131, 150, 343
132, 501, 546
133, 359, 931
134, 83, 969
135, 235, 553
136, 748, 823
137, 132, 583
138, 416, 433
139, 615, 887
140, 319, 399
141, 248, 960
142, 323, 704
143, 194, 272
144, 23, 628
145, 142, 290
146, 479, 868
147, 161, 834
148, 474, 590
149, 282, 509
150, 413, 803
151, 61, 435
152, 76, 593
153, 16, 506
154, 460, 965
155, 275, 427
156, 917, 964
157, 464, 503
158, 82, 554
159, 138, 577
160, 603, 625
161, 119, 300
162, 837, 978
163, 174, 391
164, 797, 993
165, 402, 976
166, 743, 777
167, 341, 863
168, 201, 767
169, 153, 203
170, 714, 947
171, 910, 957
172, 645, 974
173, 730, 971
174, 829, 977
175, 229, 677
176, 192, 499
177, 316, 421
178, 326, 620
179, 133, 661
180, 529, 987
181, 815, 919
182, 67, 481
183, 722, 945
184, 318, 681
185, 196, 861
186, 146, 507
187, 187, 890
188, 182, 584
189, 283, 729
190, 477, 649
191, 609, 903
192, 199, 640
193, 656, 851
194, 141, 631
195, 101, 510
196, 285, 647
197, 483, 693
198, 267, 794
199, 289, 536
200, 563, 571
201, 85, 106
202, 671, 860
203, 273, 847
204, 491, 531
205, 443, 867
206, 241, 980
207, 207, 692
208, 6, 219
209, 96, 843
210, 256, 986
211, 238, 928
212, 233, 286
213, 66, 89
214, 958, 984
215, 377, 533
216, 396, 700
217, 261, 519
218, 213, 723
219, 45, 252
220, 284, 896
221, 144, 259
222, 376, 619
223, 524, 642
224, 79, 84
225, 447, 711
226, 541, 635
227, 831, 833
228, 204, 970
229, 705, 715
230, 891, 955
231, 287, 568
232, 490, 514
233, 92, 921
234, 52, 638
235, 32, 879
236, 243, 357
237, 699, 997
238, 669, 798
239, 670, 870
240, 431, 485
241, 298, 372
242, 17, 782
243, 735, 840
244, 381, 778
245, 708, 720
246, 223, 814
247, 281, 523
248, 706, 825
249, 266, 626
250, 423, 508
251, 766, 855
252, 244, 451
253, 296, 606
254, 697, 886
255, 420, 530
256, 710, 813
257, 171, 364
258, 168, 345
259, 69, 495
260, 217, 353
261, 696, 871
262, 63, 487
263, 452, 883
264, 403, 516
265, 462, 543
266, 370, 438
267, 166, 836
268, 93, 763
269, 210, 856
270, 303, 721
271, 222, 434
272, 78, 328
273, 304, 835
274, 46, 804
275, 239, 320
276, 157, 390
277, 369, 954
278, 169, 684
279, 324, 636
280, 321, 811
281, 295, 665
282, 591, 622
283, 51, 215
284, 130, 409
285, 314, 419
286, 5, 368
287, 414, 905
288, 562, 913
289, 277, 864
290, 98, 482
291, 761, 953
292, 8, 854
293, 2, 480
294, 308, 898
295, 534, 874
296, 31, 941
297, 126, 862
298, 269, 412
299, 18, 349
300, 128, 564
301, 672, 770
302, 21, 749
303, 607, 844
304, 344, 737
305, 676, 726
306, 586, 943
307, 276, 605
308, 179, 471
309, 526, 539
310, 47, 882
311, 75, 599
312, 246, 521
313, 193, 398
314, 806, 982
315, 331, 465
316, 294, 664
317, 674, 784
318, 624, 634
319, 122, 475
320, 156, 306
321, 330, 643
322, 313, 894
323, 327, 418
324, 27, 151
325, 307, 527
326, 237, 962
327, 108, 537
328, 104, 492
329, 570, 653
330, 565, 567
331, 111, 184
332, 637, 950
333, 299, 724
334, 165, 889
335, 54, 627
336, 212, 888
337, 39, 476
338, 629, 738
339, 542, 996
340, 188, 500
341, 33, 329
342, 7, 662
343, 436, 598
344, 10, 747
345, 107, 852
346, 197, 878
347, 145, 918
348, 805, 979
349, 173, 828
350, 209, 707
351, 94, 912
352, 58, 967
353, 86, 916
354, 155, 512
355, 278, 397
356, 378, 444
357, 456, 608
358, 315, 449
359, 81, 602
360, 136, 513
361, 105, 569
362, 366, 525
363, 114, 549
364, 616, 652
365, 120, 540
366, 48, 750
367, 379, 387
368, 657, 779
369, 407, 712
370, 230, 356
371, 484, 765
372, 260, 348
373, 113, 621
374, 755, 892
375, 759, 812
376, 756, 849
377, 164, 694
378, 15, 181
379, 679, 786
380, 202, 807
381, 354, 650
382, 198, 478
383, 467, 559
384, 718, 783
385, 159, 410
386, 610, 848
387, 363, 394
388, 135, 703
389, 74, 582
390, 19, 975
391, 389, 824
392, 648, 746
393, 131, 371
394, 180, 573
395, 71, 589
396, 183, 305
397, 279, 927
398, 762, 830
399, 262, 446
400, 454, 899
401, 336, 520
402, 118, 881
403, 311, 424
404, 127, 683
405, 489, 924
406, 264, 751
407, 263, 382
408, 68, 334
409, 422, 687
410, 832, 876
411, 178, 224
412, 271, 884
413, 768, 959
414, 556, 658
415, 190, 457
416, 43, 72
417, 175, 788
418, 728, 853
419, 117, 869
420, 745, 999
421, 137, 148
422, 49, 70
423, 675, 989
424, 280, 585
425, 97, 228
426, 292, 322
427, 663, 717
428, 373, 796
429, 415, 429
430, 388, 799
431, 310, 532
432, 641, 816
433, 143, 992
434, 11, 426
435, 592, 859
436, 62, 678
437, 401, 604
438, 9, 332
439, 428, 673
440, 800, 998
441, 346, 445
442, 558, 897
443, 60, 186
444, 225, 575
445, 38, 949
446, 56, 613
447, 713, 961
448, 172, 875
449, 548, 821
450, 64, 115
451, 211, 790
452, 124, 885
453, 550, 780
454, 234, 689
455, 466, 893
456, 206, 929
457, 80, 612
458, 406, 493
459, 170, 901
460, 297, 920
461, 109, 216
462, 200, 595
463, 95, 845
464, 740, 742
465, 441, 497
466, 450, 937
467, 226, 461
468, 162, 250
469, 437, 922
470, 30, 611
471, 22, 775
472, 36, 574
473, 301, 596
474, 716, 935
475, 242, 668
476, 408, 983
477, 486, 547
478, 325, 754
479, 220, 646
480, 361, 688
481, 944, 995
482, 288, 601
483, 555, 988
484, 367, 925
485, 258, 502
486, 293, 877
487, 560, 933
488, 587, 736
489, 337, 614
490, 26, 55
491, 37, 808
492, 557, 911
493, 218, 727
494, 552, 948
495, 163, 773
496, 659, 758
497, 232, 365
498, 417, 594
499, 651, 732
500, 189, 904
501, 184, 518
502, 173, 919
503, 813, 964
504, 67, 145
505, 257, 371
506, 125, 374
507, 43, 174
508, 744, 916
509, 630, 688
510, 144, 201
511, 485, 815
512, 320, 820
513, 558, 957
514, 547, 992
515, 53, 492
516, 123, 896
517, 512, 942
518, 433, 720
519, 318, 609
520, 513, 680
521, 28, 314
522, 185, 496
523, 142, 967
524, 263, 934
525, 484, 818
526, 501, 787
527, 163, 238
528, 52, 465
529, 593, 977
530, 459, 816
531, 218, 391
532, 254, 408
533, 621, 638
534, 50, 752
535, 349, 540
536, 56, 211
537, 42, 545
538, 88, 244
539, 543, 650
540, 306, 474
541, 46, 506
542, 372, 382
543, 190, 453
544, 229, 598
545, 168, 666
546, 195, 928
547, 266, 544
548, 239, 410
549, 61, 785
550, 59, 383
551, 25, 156
552, 366, 988
553, 258, 862
554, 648, 843
555, 622, 871
556, 40, 205
557, 377, 954
558, 65, 116
559, 100, 102
560, 486, 555
561, 81, 953
562, 395, 481
563, 753, 952
564, 17, 718
565, 460, 884
566, 579, 614
567, 533, 963
568, 703, 705
569, 113, 758
570, 178, 674
571, 300, 750
572, 1, 778
573, 707, 795
574, 387, 779
575, 237, 305
576, 479, 578
577, 741, 743
578, 478, 948
579, 617, 956
580, 69, 519
581, 603, 654
582, 308, 801
583, 301, 541
584, 203, 214
585, 152, 494
586, 848, 920
587, 511, 997
588, 482, 973
589, 79, 686
590, 385, 991
591, 350, 561
592, 590, 624
593, 640, 734
594, 106, 292
595, 160, 525
596, 697, 782
597, 268, 789
598, 179, 853
599, 127, 247
600, 4, 793
601, 667, 974
602, 259, 660
603, 829, 841
604, 303, 989
605, 36, 283
606, 633, 844
607, 48, 66
608, 101, 902
609, 390, 645
610, 566, 776
611, 689, 885
612, 570, 596
613, 575, 927
614, 461, 822
615, 41, 362
616, 227, 294
617, 889, 955
618, 535, 762
619, 242, 577
620, 170, 607
621, 770, 810
622, 32, 449
623, 935, 943
624, 602, 735
625, 5, 552
626, 381, 456
627, 580, 584
628, 428, 984
629, 111, 490
630, 73, 296
631, 118, 618
632, 288, 636
633, 130, 899
634, 133, 464
635, 363, 780
636, 199, 637
637, 530, 769
638, 351, 897
639, 514, 806
640, 786, 807
641, 346, 347
642, 99, 202
643, 671, 736
644, 15, 542
645, 12, 321
646, 325, 990
647, 693, 903
648, 87, 642
649, 365, 605
650, 232, 355
651, 699, 711
652, 150, 694
653, 22, 941
654, 24, 788
655, 777, 821
656, 147, 534
657, 376, 968
658, 407, 549
659, 360, 808
660, 574, 913
661, 655, 804
662, 228, 878
663, 281, 611
664, 572, 676
665, 592, 999
666, 284, 302
667, 252, 783
668, 367, 936
669, 20, 119
670, 685, 692
671, 334, 701
672, 476, 498
673, 471, 500
674, 51, 105
675, 554, 869
676, 8, 751
677, 812, 839
678, 169, 297
679, 825, 961
680, 397, 462
681, 394, 932
682, 103, 949
683, 92, 576
684, 313, 890
685, 29, 690
686, 276, 413
687, 84, 378
688, 404, 864
689, 441, 733
690, 339, 639
691, 670, 700
692, 186, 797
693, 803, 985
694, 192, 811
695, 206, 606
696, 117, 784
697, 200, 632
698, 124, 791
699, 331, 852
700, 14, 373
701, 34, 950
702, 280, 510
703, 121, 246
704, 792, 930
705, 10, 438
706, 274, 550
707, 140, 155
708, 386, 448
709, 669, 722
710, 316, 336
711, 746, 796
712, 180, 641
713, 361, 412
714, 290, 983
715, 497, 553
716, 265, 463
717, 60, 597
718, 110, 882
719, 651, 748
720, 315, 352
721, 54, 712
722, 159, 886
723, 210, 523
724, 891, 898
725, 71, 851
726, 90, 216
727, 646, 664
728, 262, 981
729, 393, 659
730, 604, 982
731, 131, 345
732, 358, 435
733, 27, 836
734, 469, 470
735, 7, 77
736, 11, 635
737, 136, 975
738, 213, 515
739, 86, 723
740, 876, 918
741, 805, 860
742, 335, 849
743, 182, 234
744, 662, 850
745, 3, 364
746, 704, 872
747, 64, 833
748, 369, 426
749, 612, 929
750, 278, 987
751, 241, 588
752, 96, 661
753, 458, 972
754, 126, 765
755, 434, 729
756, 138, 658
757, 177, 248
758, 759, 858
759, 828, 901
760, 146, 323
761, 212, 277
762, 389, 644
763, 526, 924
764, 422, 995
765, 83, 842
766, 49, 399
767, 57, 82
768, 132, 236
769, 384, 445
770, 601, 958
771, 183, 631
772, 450, 719
773, 21, 682
774, 235, 468
775, 403, 880
776, 74, 447
777, 68, 771
778, 483, 586
779, 285, 493
780, 289, 560
781, 94, 800
782, 600, 873
783, 528, 732
784, 31, 256
785, 503, 619
786, 222, 1000
787, 166, 440
788, 333, 728
789, 356, 802
790, 261, 341
791, 63, 505
792, 480, 507
793, 58, 716
794, 93, 971
795, 599, 629
796, 220, 827
797, 176, 473
798, 628, 749
799, 454, 522
800, 226, 912
801, 548, 900
802, 26, 416
803, 44, 437
804, 307, 411
805, 249, 353
806, 565, 840
807, 568, 608
808, 520, 814
809, 868, 993
810, 134, 760
811, 348, 538
812, 196, 893
813, 322, 536
814, 143, 698
815, 613, 817
816, 188, 267
817, 826, 931
818, 148, 311
819, 33, 767
820, 675, 979
821, 925, 951
822, 2, 424
823, 370, 691
824, 193, 668
825, 260, 656
826, 189, 230
827, 167, 582
828, 564, 727
829, 287, 921
830, 396, 567
831, 255, 764
832, 310, 870
833, 563, 937
834, 112, 947
835, 62, 715
836, 392, 725
837, 761, 945
838, 39, 219
839, 162, 521
840, 191, 706
841, 357, 737
842, 327, 415
843, 319, 626
844, 595, 933
845, 161, 708
846, 76, 114
847, 717, 888
848, 475, 965
849, 551, 583
850, 217, 781
851, 420, 731
852, 425, 773
853, 431, 887
854, 85, 442
855, 141, 834
856, 175, 799
857, 309, 359
858, 406, 421
859, 472, 657
860, 677, 724
861, 594, 966
862, 906, 914
863, 418, 556
864, 344, 944
865, 643, 892
866, 72, 819
867, 286, 742
868, 652, 909
869, 157, 663
870, 250, 343
871, 863, 978
872, 332, 665
873, 696, 861
874, 317, 379
875, 330, 647
876, 19, 831
877, 835, 915
878, 509, 569
879, 18, 443
880, 537, 681
881, 158, 209
882, 832, 877
883, 338, 673
884, 30, 342
885, 495, 687
886, 790, 938
887, 264, 524
888, 181, 446
889, 45, 620
890, 135, 823
891, 187, 809
892, 80, 623
893, 324, 627
894, 678, 946
895, 75, 487
896, 164, 466
897, 846, 960
898, 38, 649
899, 16, 845
900, 98, 527
901, 223, 253
902, 585, 980
903, 298, 368
904, 679, 969
905, 108, 531
906, 581, 875
907, 70, 529
908, 270, 615
909, 824, 895
910, 562, 587
911, 489, 905
912, 215, 508
913, 272, 380
914, 13, 197
915, 857, 883
916, 9, 225
917, 683, 721
918, 417, 976
919, 282, 940
920, 208, 894
921, 326, 573
922, 340, 962
923, 388, 879
924, 672, 847
925, 231, 830
926, 149, 354
927, 128, 653
928, 293, 430
929, 137, 455
930, 122, 763
931, 224, 766
932, 198, 337
933, 233, 986
934, 245, 451
935, 713, 904
936, 6, 115
937, 405, 730
938, 153, 695
939, 429, 532
940, 204, 794
941, 798, 910
942, 78, 291
943, 23, 926
944, 591, 747
945, 539, 710
946, 165, 275
947, 47, 911
948, 517, 837
949, 37, 867
950, 856, 874
951, 423, 865
952, 444, 994
953, 401, 998
954, 107, 745
955, 427, 917
956, 251, 714
957, 409, 432
958, 375, 504
959, 35, 129
960, 756, 838
961, 97, 139
962, 221, 559
963, 329, 996
964, 109, 616
965, 477, 625
966, 154, 171
967, 207, 634
968, 398, 908
969, 328, 772
970, 419, 491
971, 273, 740
972, 89, 855
973, 738, 959
974, 240, 499
975, 467, 774
976, 104, 151
977, 91, 557
978, 502, 754
979, 194, 271
980, 269, 436
981, 279, 571
982, 757, 939
983, 457, 610
984, 243, 452
985, 295, 488
986, 402, 546
987, 439, 709
988, 312, 702
989, 414, 726
990, 304, 970
991, 859, 866
992, 95, 922
993, 854, 881
994, 120, 400
995, 299, 775
996, 739, 768
997, 55, 907
998, 516, 923
999, 172, 755
1000, 589, 684
1001, 202, 357
1002, 221, 818
1003, 195, 687
1004, 31, 275
1005, 724, 755
1006, 462, 596
1007, 161, 725
1008, 350, 426
1009, 117, 558
1010, 97, 148
1011, 548, 858
1012, 111, 867
1013, 333, 619
1014, 390, 609
1015, 99, 831
1016, 2, 838
1017, 608, 873
1018, 656, 910
1019, 446, 667
1020, 90, 279
1021, 122, 707
1022, 205, 508
1023, 27, 926
1024, 26, 48
1025, 612, 965
1026, 248, 532
1027, 216, 982
1028, 492, 553
1029, 594, 776
1030, 269, 416
1031, 65, 862
1032, 66, 980
1033, 653, 897
1034, 96, 295
1035, 17, 958
1036, 633, 913
1037, 35, 358
1038, 241, 843
1039, 793, 971
1040, 578, 689
1041, 53, 413
1042, 121, 988
1043, 40, 824
1044, 455, 992
1045, 80, 770
1046, 488, 990
1047, 239, 294
1048, 353, 644
1049, 213, 305
1050, 172, 809
1051, 145, 181
1052, 108, 762
1053, 595, 957
1054, 691, 767
1055, 19, 132
1056, 496, 640
1057, 709, 743
1058, 320, 783
1059, 277, 487
1060, 76, 920
1061, 445, 650
1062, 581, 927
1063, 55, 747
1064, 526, 566
1065, 337, 512
1066, 678, 993
1067, 441, 531
1068, 250, 935
1069, 310, 388
1070, 405, 898
1071, 203, 937
1072, 881, 929
1073, 708, 1000
1074, 215, 604
1075, 362, 736
1076, 318, 983
1077, 406, 931
1078, 41, 557
1079, 253, 751
1080, 853, 986
1081, 209, 348
1082, 283, 975
1083, 589, 951
1084, 344, 356
1085, 18, 411
1086, 237, 710
1087, 727, 889
1088, 567, 746
1089, 660, 870
1090, 467, 963
1091, 598, 794
1092, 238, 312
1093, 78, 610
1094, 158, 258
1095, 61, 754
1096, 127, 956
1097, 262, 906
1098, 199, 270
1099, 273, 626
1100, 486, 681
1101, 740, 948
1102, 51, 764
1103, 178, 458
1104, 737, 872
1105, 110, 830
1106, 345, 549
1107, 24, 293
1108, 317, 815
1109, 194, 795
1110, 268, 282
1111, 188, 807
1112, 587, 883
1113, 228, 493
1114, 802, 974
1115, 46, 940
1116, 533, 947
1117, 34, 525
1118, 565, 817
1119, 149, 996
1120, 479, 545
1121, 431, 798
1122, 173, 981
1123, 82, 574
1124, 81, 564
1125, 328, 647
1126, 169, 550
1127, 242, 801
1128, 671, 882
1129, 75, 698
1130, 735, 875
1131, 796, 841
1132, 819, 908
1133, 236, 299
1134, 301, 657
1135, 381, 662
1136, 811, 959
1137, 463, 534
1138, 597, 840
1139, 739, 895
1140, 5, 790
1141, 252, 421
1142, 119, 329
1143, 74, 580
1144, 444, 775
1145, 107, 542
1146, 104, 370
1147, 363, 968
1148, 116, 154
1149, 271, 272
1150, 685, 892
1151, 325, 901
1152, 537, 851
1153, 136, 226
1154, 374, 677
1155, 140, 214
1156, 196, 696
1157, 438, 753
1158, 64, 298
1159, 146, 505
1160, 577, 599
1161, 3, 311
1162, 466, 670
1163, 284, 697
1164, 560, 757
1165, 366, 382
1166, 601, 829
1167, 832, 835
1168, 497, 758
1169, 29, 718
1170, 21, 613
1171, 165, 166
1172, 583, 593
1173, 398, 475
1174, 156, 852
1175, 701, 715
1176, 264, 552
1177, 765, 791
1178, 693, 887
1179, 16, 893
1180, 403, 664
1181, 249, 484
1182, 860, 955
1183, 412, 797
1184, 105, 946
1185, 125, 985
1186, 276, 338
1187, 616, 871
1188, 193, 918
1189, 138, 572
1190, 365, 732
1191, 14, 432
1192, 86, 450
1193, 102, 126
1194, 504, 844
1195, 219, 972
1196, 286, 748
1197, 635, 886
1198, 240, 611
1199, 439, 451
1200, 461, 866
1201, 139, 417
1202, 100, 109
1203, 186, 733
1204, 4, 185
1205, 43, 289
1206, 865, 925
1207, 290, 785
1208, 376, 400
1209, 93, 361
1210, 401, 630
1211, 792, 964
1212, 175, 517
1213, 91, 224
1214, 555, 923
1215, 502, 731
1216, 379, 674
1217, 527, 586
1218, 433, 442
1219, 198, 863
1220, 481, 806
1221, 683, 928
1222, 114, 292
1223, 482, 641
1224, 407, 659
1225, 164, 415
1226, 130, 771
1227, 176, 212
1228, 159, 267
1229, 300, 879
1230, 83, 182
1231, 404, 470
1232, 543, 973
1233, 84, 717
1234, 524, 716
1235, 332, 950
1236, 13, 615
1237, 143, 728
1238, 639, 934
1239, 210, 989
1240, 902, 907
1241, 623, 658
1242, 372, 410
1243, 568, 646
1244, 383, 605
1245, 346, 694
1246, 538, 803
1247, 234, 805
1248, 15, 254
1249, 614, 904
1250, 77, 675
1251, 247, 430
1252, 828, 970
1253, 67, 855
1254, 511, 690
1255, 378, 478
1256, 147, 472
1257, 530, 936
1258, 833, 987
1259, 223, 672
1260, 503, 800
1261, 422, 576
1262, 584, 618
1263, 850, 912
1264, 585, 984
1265, 359, 804
1266, 435, 909
1267, 582, 676
1268, 592, 914
1269, 134, 864
1270, 71, 397
1271, 42, 812
1272, 627, 846
1273, 245, 369
1274, 763, 885
1275, 837, 845
1276, 123, 969
1277, 285, 919
1278, 235, 991
1279, 394, 428
1280, 529, 600
1281, 229, 752
1282, 9, 308
1283, 59, 854
1284, 128, 617
1285, 57, 745
1286, 222, 354
1287, 144, 953
1288, 70, 321
1289, 483, 726
1290, 336, 459
1291, 788, 979
1292, 460, 825
1293, 490, 820
1294, 296, 339
1295, 192, 539
1296, 7, 917
1297, 92, 211
1298, 514, 772
1299, 56, 786
1300, 183, 306
1301, 836, 939
1302, 231, 684
1303, 45, 742
1304, 324, 399
1305, 39, 787
1306, 225, 480
1307, 227, 288
1308, 834, 900
1309, 37, 112
1310, 28, 340
1311, 575, 634
1312, 437, 464
1313, 33, 922
1314, 69, 162
1315, 135, 631
1316, 1, 323
1317, 569, 621
1318, 10, 551
1319, 118, 952
1320, 334, 620
1321, 603, 999
1322, 391, 924
1323, 360, 782
1324, 682, 823
1325, 30, 700
1326, 200, 204
1327, 187, 878
1328, 85, 636
1329, 469, 779
1330, 547, 884
1331, 434, 814
1332, 590, 781
1333, 95, 414
1334, 208, 778
1335, 371, 894
1336, 622, 673
1337, 218, 899
1338, 141, 648
1339, 72, 190
1340, 386, 774
1341, 536, 692
1342, 629, 703
1343, 177, 307
1344, 448, 665
1345, 606, 861
1346, 189, 734
1347, 408, 573
1348, 364, 474
1349, 868, 903
1350, 702, 730
1351, 47, 129
1352, 387, 509
1353, 94, 944
1354, 180, 540
1355, 230, 367
1356, 6, 655
1357, 309, 896
1358, 571, 998
1359, 842, 977
1360, 63, 260
1361, 163, 921
1362, 233, 591
1363, 38, 686
1364, 874, 876
1365, 120, 142
1366, 389, 744
1367, 263, 695
1368, 706, 915
1369, 304, 554
1370, 150, 857
1371, 22, 197
1372, 491, 649
1373, 206, 447
1374, 425, 559
1375, 157, 680
1376, 396, 849
1377, 184, 515
1378, 23, 943
1379, 115, 954
1380, 420, 714
1381, 179, 520
1382, 373, 477
1383, 528, 632
1384, 106, 259
1385, 349, 877
1386, 485, 507
1387, 419, 563
1388, 217, 688
1389, 131, 535
1390, 343, 761
1391, 760, 827
1392, 256, 810
1393, 20, 98
1394, 265, 423
1395, 201, 319
1396, 243, 780
1397, 624, 713
1398, 522, 961
1399, 476, 518
1400, 49, 351
1401, 409, 651
1402, 822, 976
1403, 314, 967
1404, 335, 711
1405, 68, 722
1406, 54, 385
1407, 347, 368
1408, 457, 888
1409, 11, 174
1410, 302, 997
1411, 101, 402
1412, 58, 395
1413, 62, 821
1414, 291, 523
1415, 384, 723
1416, 380, 392
1417, 341, 544
1418, 443, 579
1419, 679, 859
1420, 153, 257
1421, 191, 661
1422, 546, 699
1423, 436, 541
1424, 642, 789
1425, 137, 930
1426, 274, 704
1427, 331, 949
1428, 303, 643
1429, 516, 602
1430, 220, 712
1431, 556, 784
1432, 905, 941
1433, 498, 500
1434, 499, 916
1435, 705, 995
1436, 769, 890
1437, 424, 719
1438, 759, 856
1439, 160, 720
1440, 911, 945
1441, 287, 513
1442, 12, 73
1443, 113, 355
1444, 36, 473
1445, 44, 826
1446, 330, 393
1447, 326, 966
1448, 933, 938
1449, 847, 962
1450, 32, 471
1451, 297, 721
1452, 232, 637
1453, 266, 280
1454, 468, 978
1455, 255, 501
1456, 454, 768
1457, 278, 816
1458, 251, 313
1459, 89, 813
1460, 628, 750
1461, 322, 489
1462, 25, 839
1463, 440, 932
1464, 638, 994
1465, 50, 749
1466, 281, 377
1467, 151, 449
1468, 167, 352
1469, 506, 741
1470, 495, 510
1471, 124, 561
1472, 246, 465
1473, 519, 666
1474, 52, 429
1475, 88, 777
1476, 133, 756
1477, 103, 808
1478, 456, 738
1479, 607, 880
1480, 87, 570
1481, 244, 418
1482, 562, 625
1483, 8, 654
1484, 342, 729
1485, 155, 375
1486, 152, 315
1487, 168, 316
1488, 261, 668
1489, 79, 327
1490, 773, 942
1491, 171, 960
1492, 207, 891
1493, 427, 494
1494, 652, 663
1495, 453, 869
1496, 588, 645
1497, 60, 452
1498, 521, 766
1499, 799, 848
1500, 170, 669
1501, 23, 207
1502, 526, 832
1503, 389, 803
1504, 167, 613
1505, 238, 430
1506, 438, 669
1507, 404, 628
1508, 14, 597
1509, 178, 876
1510, 258, 705
1511, 639, 945
1512, 30, 729
1513, 45, 154
1514, 290, 790
1515, 694, 754
1516, 199, 915
1517, 379, 439
1518, 728, 741
1519, 351, 823
1520, 653, 835
1521, 100, 524
1522, 452, 802
1523, 499, 989
1524, 128, 932
1525, 398, 957
1526, 36, 215
1527, 348, 465
1528, 141, 813
1529, 552, 980
1530, 16, 449
1531, 353, 856
1532, 401, 771
1533, 330, 621
1534, 453, 985
1535, 533, 828
1536, 659, 672
1537, 82, 152
1538, 399, 797
1539, 747, 800
1540, 117, 868
1541, 857, 901
1542, 87, 562
1543, 202, 907
1544, 283, 477
1545, 825, 841
1546, 184, 460
1547, 115, 235
1548, 7, 936
1549, 123, 791
1550, 86, 964
1551, 445, 656
1552, 201, 896
1553, 772, 982
1554, 26, 782
1555, 511, 815
1556, 425, 676
1557, 594, 938
1558, 377, 684
1559, 108, 181
1560, 394, 760
1561, 285, 928
1562, 134, 891
1563, 124, 434
1564, 286, 365
1565, 291, 721
1566, 228, 471
1567, 189, 682
1568, 490, 848
1569, 534, 632
1570, 95, 264
1571, 518, 838
1572, 424, 660
1573, 19, 383
1574, 94, 247
1575, 320, 587
1576, 231, 368
1577, 84, 158
1578, 242, 701
1579, 259, 646
1580, 135, 699
1581, 234, 969
1582, 191, 714
1583, 407, 416
1584, 243, 548
1585, 559, 999
1586, 69, 753
1587, 583, 783
1588, 553, 739
1589, 303, 569
1590, 138, 846
1591, 748, 892
1592, 29, 590
1593, 157, 319
1594, 322, 666
1595, 347, 596
1596, 486, 851
1597, 53, 620
1598, 198, 545
1599, 324, 359
1600, 502, 744
1601, 455, 536
1602, 111, 630
1603, 575, 598
1604, 541, 691
1605, 567, 883
1606, 556, 693
1607, 130, 833
1608, 409, 658
1609, 327, 505
1610, 163, 496
1611, 79, 390
1612, 28, 454
1613, 317, 930
1614, 795, 798
1615, 725, 849
1616, 256, 824
1617, 609, 986
1618, 381, 786
1619, 42, 906
1620, 591, 711
1621, 192, 204
1622, 54, 62
1623, 38, 250
1624, 64, 963
1625, 211, 442
1626, 49, 537
1627, 636, 816
1628, 898, 990
1629, 571, 631
1630, 105, 722
1631, 156, 686
1632, 889, 981
1633, 31, 992
1634, 318, 328
1635, 501, 794
1636, 177, 978
1637, 57, 897
1638, 685, 880
1639, 213, 301
1640, 638, 673
1641, 441, 910
1642, 280, 702
1643, 979, 987
1644, 909, 946
1645, 81, 775
1646, 10, 443
1647, 308, 843
1648, 321, 343
1649, 415, 692
1650, 299, 827
1651, 147, 334
1652, 71, 967
1653, 216, 888
1654, 387, 820
1655, 254, 549
1656, 448, 749
1657, 55, 183
1658, 925, 961
1659, 436, 724
1660, 8, 647
1661, 33, 865
1662, 410, 870
1663, 48, 875
1664, 358, 679
1665, 229, 479
1666, 233, 804
1667, 56, 508
1668, 96, 834
1669, 337, 476
1670, 289, 592
1671, 185, 370
1672, 395, 674
1673, 405, 677
1674, 924, 974
1675, 221, 715
1676, 667, 867
1677, 433, 605
1678, 210, 805
1679, 212, 266
1680, 608, 995
1681, 451, 879
1682, 34, 307
1683, 230, 529
1684, 357, 690
1685, 106, 411
1686, 271, 895
1687, 50, 83
1688, 4, 525
1689, 39, 463
1690, 20, 102
1691, 911, 973
1692, 89, 513
1693, 712, 948
1694, 200, 650
1695, 565, 829
1696, 63, 625
1697, 99, 382
1698, 225, 257
1699, 579, 796
1700, 475, 919
1701, 497, 668
1702, 240, 934
1703, 778, 854
1704, 186, 697
1705, 76, 576
1706, 577, 612
1707, 294, 519
1708, 481, 959
1709, 208, 680
1710, 187, 484
1711, 155, 949
1712, 470, 807
1713, 374, 708
1714, 85, 683
1715, 2, 923
1716, 188, 293
1717, 421, 872
1718, 255, 942
1719, 670, 755
1720, 617, 768
1721, 269, 551
1722, 162, 633
1723, 515, 688
1724, 459, 532
1725, 315, 996
1726, 174, 196
1727, 142, 641
1728, 72, 629
1729, 110, 780
1730, 11, 419
1731, 227, 836
1732, 352, 818
1733, 531, 709
1734, 918, 937
1735, 861, 882
1736, 132, 726
1737, 326, 821
1738, 466, 806
1739, 510, 840
1740, 44, 423
1741, 166, 367
1742, 376, 773
1743, 417, 446
1744, 750, 926
1745, 140, 615
1746, 695, 837
1747, 131, 217
1748, 143, 171
1749, 1, 325
1750, 444, 504
1751, 600, 652
1752, 246, 371
1753, 432, 766
1754, 403, 852
1755, 214, 706
1756, 563, 881
1757, 239, 920
1758, 304, 428
1759, 546, 869
1760, 350, 555
1761, 863, 971
1762, 40, 482
1763, 61, 550
1764, 22, 278
1765, 355, 877
1766, 51, 940
1767, 241, 717
1768, 267, 651
1769, 59, 437
1770, 107, 663
1771, 88, 346
1772, 333, 661
1773, 406, 968
1774, 182, 245
1775, 720, 941
1776, 356, 731
1777, 514, 547
1778, 60, 588
1779, 654, 710
1780, 643, 765
1781, 24, 855
1782, 129, 703
1783, 292, 997
1784, 248, 573
1785, 160, 606
1786, 962, 966
1787, 819, 830
1788, 219, 862
1789, 349, 488
1790, 332, 574
1791, 316, 626
1792, 6, 137
1793, 718, 952
1794, 9, 302
1795, 263, 345
1796, 469, 517
1797, 35, 743
1798, 66, 90
1799, 148, 951
1800, 528, 873
1801, 540, 965
1802, 226, 296
1803, 161, 193
1804, 489, 844
1805, 386, 931
1806, 736, 950
1807, 378, 752
1808, 93, 298
1809, 149, 175
1810, 103, 313
1811, 354, 785
1812, 814, 977
1813, 392, 958
1814, 222, 495
1815, 850, 885
1816, 558, 939
1817, 509, 842
1818, 21, 74
1819, 866, 908
1820, 206, 603
1821, 282, 544
1822, 172, 340
1823, 12, 890
1824, 47, 281
1825, 67, 826
1826, 151, 339
1827, 761, 970
1828, 46, 602
1829, 77, 733
1830, 723, 808
1831, 342, 498
1832, 118, 360
1833, 277, 516
1834, 776, 1000
1835, 272, 584
1836, 119, 616
1837, 361, 521
1838, 297, 799
1839, 168, 557
1840, 561, 886
1841, 78, 146
1842, 13, 252
1843, 159, 637
1844, 127, 589
1845, 665, 864
1846, 623, 644
1847, 170, 554
1848, 116, 599
1849, 91, 507
1850, 218, 745
1851, 845, 998
1852, 261, 767
1853, 18, 500
1854, 32, 427
1855, 114, 467
1856, 75, 648
1857, 801, 822
1858, 619, 740
1859, 580, 582
1860, 769, 943
1861, 384, 645
1862, 144, 203
1863, 120, 955
1864, 25, 927
1865, 153, 268
1866, 314, 738
1867, 429, 777
1868, 916, 960
1869, 655, 831
1870, 223, 491
1871, 194, 604
1872, 614, 640
1873, 92, 295
1874, 80, 414
1875, 391, 478
1876, 362, 762
1877, 457, 538
1878, 43, 288
1879, 209, 468
1880, 165, 312
1881, 3, 284
1882, 173, 593
1883, 657, 912
1884, 763, 913
1885, 447, 756
1886, 512, 564
1887, 420, 542
1888, 642, 742
1889, 905, 922
1890, 244, 878
1891, 373, 860
1892, 338, 539
1893, 380, 903
1894, 205, 983
1895, 662, 664
1896, 400, 993
1897, 422, 727
1898, 287, 732
1899, 68, 522
1900, 462, 704
1901, 492, 601
1902, 270, 627
1903, 300, 921
1904, 265, 757
1905, 133, 904
1906, 336, 874
1907, 136, 331
1908, 195, 431
1909, 341, 917
1910, 687, 988
1911, 635, 954
1912, 109, 122
1913, 237, 363
1914, 385, 649
1915, 408, 893
1916, 585, 789
1917, 839, 871
1918, 113, 792
1919, 770, 984
1920, 164, 275
1921, 323, 774
1922, 101, 994
1923, 809, 812
1924, 472, 746
1925, 306, 485
1926, 793, 847
1927, 37, 461
1928, 220, 788
1929, 305, 566
1930, 530, 610
1931, 260, 369
1932, 622, 675
1933, 311, 991
1934, 503, 810
1935, 145, 329
1936, 372, 487
1937, 27, 671
1938, 253, 595
1939, 393, 730
1940, 276, 972
1941, 112, 976
1942, 787, 899
1943, 375, 418
1944, 104, 535
1945, 251, 678
1946, 456, 611
1947, 310, 902
1948, 435, 713
1949, 17, 309
1950, 121, 681
1951, 586, 935
1952, 483, 624
1953, 696, 975
1954, 139, 224
1955, 520, 716
1956, 364, 707
1957, 41, 607
1958, 737, 853
1959, 344, 751
1960, 126, 473
1961, 572, 735
1962, 180, 758
1963, 70, 689
1964, 474, 480
1965, 335, 578
1966, 65, 97
1967, 698, 817
1968, 150, 887
1969, 236, 543
1970, 426, 494
1971, 759, 811
1972, 412, 581
1973, 402, 719
1974, 764, 784
1975, 249, 413
1976, 98, 523
1977, 52, 900
1978, 58, 190
1979, 884, 944
1980, 397, 933
1981, 169, 464
1982, 570, 859
1983, 527, 914
1984, 125, 440
1985, 781, 929
1986, 274, 700
1987, 73, 858
1988, 15, 779
1989, 197, 634
1990, 5, 560
1991, 232, 568
1992, 506, 618
1993, 179, 956
1994, 947, 953
1995, 388, 894
1996, 176, 279
1997, 396, 734
1998, 262, 458
1999, 273, 450
2000, 366, 493
2001, 194, 484
2002, 329, 448
2003, 200, 653
2004, 77, 995
2005, 46, 78
2006, 239, 407
2007, 268, 496
2008, 316, 616
2009, 378, 736
2010, 1, 582
2011, 566, 973
2012, 48, 706
2013, 650, 936
2014, 272, 368
2015, 321, 755
2016, 278, 548
2017, 211, 929
2018, 348, 967
2019, 777, 854
2020, 288, 648
2021, 754, 850
2022, 75, 996
2023, 158, 589
2024, 71, 533
2025, 311, 828
2026, 110, 246
2027, 349, 960
2028, 540, 863
2029, 84, 931
2030, 528, 779
2031, 568, 656
2032, 464, 557
2033, 212, 723
2034, 721, 829
2035, 458, 794
2036, 124, 287
2037, 786, 823
2038, 144, 684
2039, 49, 503
2040, 187, 864
2041, 45, 894
2042, 279, 801
2043, 91, 898
2044, 526, 550
2045, 7, 688
2046, 314, 799
2047, 275, 447
2048, 546, 576
2049, 293, 928
2050, 19, 460
2051, 569, 781
2052, 659, 710
2053, 264, 742
2054, 515, 625
2055, 848, 938
2056, 952, 987
2057, 382, 655
2058, 101, 193
2059, 666, 756
2060, 346, 963
2061, 95, 855
2062, 810, 945
2063, 304, 417
2064, 317, 724
2065, 690, 956
2066, 386, 512
2067, 47, 966
2068, 10, 313
2069, 206, 991
2070, 506, 1000
2071, 114, 633
2072, 154, 166
2073, 401, 660
2074, 682, 741
2075, 16, 577
2076, 451, 591
2077, 545, 900
2078, 269, 558
2079, 6, 319
2080, 276, 646
2081, 4, 978
2082, 310, 665
2083, 254, 477
2084, 123, 797
2085, 441, 881
2086, 262, 718
2087, 422, 475
2088, 354, 694
2089, 105, 910
2090, 185, 918
2091, 479, 869
2092, 456, 556
2093, 257, 527
2094, 218, 940
2095, 771, 961
2096, 83, 292
2097, 132, 440
2098, 590, 776
2099, 502, 595
2100, 332, 804
2101, 402, 469
2102, 121, 897
2103, 338, 972
2104, 463, 626
2105, 41, 757
2106, 294, 836
2107, 867, 948
2108, 162, 701
2109, 467, 639
2110, 490, 927
2111, 168, 196
2112, 652, 890
2113, 409, 481
2114, 260, 614
2115, 342, 497
2116, 207, 328
2117, 435, 994
2118, 102, 137
2119, 117, 924
2120, 334, 491
2121, 59, 369
2122, 437, 439
2123, 277, 689
2124, 116, 406
2125, 100, 858
2126, 23, 384
2127, 119, 535
2128, 333, 457
2129, 494, 791
2130, 267, 770
2131, 180, 297
2132, 159, 385
2133, 202, 993
2134, 536, 976
2135, 259, 443
2136, 57, 365
2137, 424, 773
2138, 90, 563
2139, 67, 227
2140, 285, 286
2141, 270, 610
2142, 420, 452
2143, 224, 704
2144, 631, 819
2145, 514, 896
2146, 271, 817
2147, 584, 892
2148, 391, 970
2149, 35, 570
2150, 381, 597
2151, 400, 803
2152, 188, 697
2153, 726, 752
2154, 473, 523
2155, 43, 889
2156, 657, 939
2157, 351, 861
2158, 335, 946
2159, 165, 370
2160, 438, 843
2161, 112, 147
2162, 54, 223
2163, 94, 787
2164, 37, 290
2165, 27, 565
2166, 153, 619
2167, 493, 642
2168, 366, 871
2169, 81, 635
2170, 806, 856
2171, 398, 712
2172, 11, 734
2173, 33, 455
2174, 309, 904
2175, 599, 802
2176, 172, 508
2177, 62, 80
2178, 44, 547
2179, 234, 265
2180, 3, 419
2181, 389, 541
2182, 574, 695
2183, 55, 782
2184, 29, 882
2185, 581, 692
2186, 5, 778
2187, 629, 895
2188, 672, 685
2189, 715, 808
2190, 343, 937
2191, 518, 765
2192, 662, 988
2193, 531, 745
2194, 36, 131
2195, 627, 899
2196, 263, 478
2197, 524, 957
2198, 544, 663
2199, 8, 913
2200, 146, 919
2201, 296, 356
2202, 111, 708
2203, 698, 730
2204, 868, 951
2205, 240, 866
2206, 226, 909
2207, 15, 127
2208, 331, 837
2209, 425, 998
2210, 759, 997
2211, 377, 846
2212, 220, 274
2213, 125, 792
2214, 834, 930
2215, 394, 783
2216, 308, 636
2217, 56, 935
2218, 538, 727
2219, 243, 559
2220, 562, 575
2221, 201, 922
2222, 405, 872
2223, 387, 862
2224, 69, 600
2225, 772, 835
2226, 815, 883
2227, 427, 430
2228, 197, 305
2229, 327, 982
2230, 465, 728
2231, 120, 830
2232, 181, 722
2233, 109, 838
2234, 364, 686
2235, 192, 359
2236, 596, 921
2237, 353, 762
2238, 766, 816
2239, 190, 471
2240, 138, 322
2241, 408, 549
2242, 17, 516
2243, 530, 847
2244, 22, 58
2245, 255, 737
2246, 283, 849
2247, 415, 923
2248, 115, 800
2249, 87, 141
2250, 282, 769
2251, 281, 428
2252, 746, 865
2253, 553, 813
2254, 99, 645
2255, 470, 525
2256, 79, 388
2257, 26, 860
2258, 24, 853
2259, 34, 230
2260, 128, 725
2261, 12, 252
2262, 40, 462
2263, 637, 761
2264, 213, 788
2265, 199, 679
2266, 107, 693
2267, 687, 827
2268, 178, 529
2269, 403, 675
2270, 375, 751
2271, 355, 607
2272, 25, 411
2273, 764, 920
2274, 216, 767
2275, 261, 613
2276, 186, 713
2277, 499, 560
2278, 404, 658
2279, 249, 943
2280, 363, 374
2281, 204, 421
2282, 60, 647
2283, 520, 720
2284, 362, 912
2285, 167, 480
2286, 298, 543
2287, 68, 638
2288, 63, 942
2289, 606, 669
2290, 432, 442
2291, 414, 949
2292, 21, 975
2293, 743, 932
2294, 235, 980
2295, 444, 714
2296, 696, 888
2297, 330, 399
2298, 492, 907
2299, 245, 916
2300, 567, 879
2301, 579, 775
2302, 242, 700
2303, 225, 367
2304, 103, 809
2305, 486, 891
2306, 232, 511
2307, 108, 965
2308, 171, 360
2309, 468, 985
2310, 593, 632
2311, 396, 857
2312, 461, 992
2313, 789, 876
2314, 88, 760
2315, 32, 878
2316, 517, 758
2317, 532, 561
2318, 169, 209
2319, 72, 905
2320, 42, 161
2321, 820, 844
2322, 318, 326
2323, 150, 183
2324, 393, 733
2325, 609, 811
2326, 152, 247
2327, 155, 585
2328, 416, 964
2329, 731, 735
2330, 53, 624
2331, 488, 958
2332, 253, 323
2333, 151, 315
2334, 926, 984
2335, 31, 934
2336, 215, 542
2337, 164, 768
2338, 654, 999
2339, 312, 674
2340, 483, 641
2341, 336, 604
2342, 70, 831
2343, 118, 644
2344, 66, 418
2345, 423, 501
2346, 238, 291
2347, 85, 673
2348, 482, 587
2349, 749, 877
2350, 205, 445
2351, 135, 634
2352, 602, 805
2353, 295, 453
2354, 143, 664
2355, 133, 681
2356, 195, 256
2357, 703, 824
2358, 459, 572
2359, 198, 902
2360, 357, 578
2361, 113, 429
2362, 500, 796
2363, 191, 683
2364, 145, 640
2365, 340, 971
2366, 744, 903
2367, 244, 358
2368, 412, 617
2369, 301, 320
2370, 392, 554
2371, 50, 598
2372, 716, 840
2373, 426, 887
2374, 38, 953
2375, 667, 968
2376, 361, 519
2377, 474, 670
2378, 28, 959
2379, 175, 678
2380, 231, 454
2381, 157, 886
2382, 98, 140
2383, 821, 986
2384, 436, 601
2385, 434, 740
2386, 397, 812
2387, 96, 489
2388, 337, 709
2389, 450, 875
2390, 106, 630
2391, 2, 580
2392, 61, 73
2393, 170, 969
2394, 717, 738
2395, 76, 989
2396, 139, 852
2397, 126, 173
2398, 564, 711
2399, 671, 807
2400, 229, 793
2401, 466, 845
2402, 555, 615
2403, 136, 917
2404, 495, 825
2405, 97, 210
2406, 306, 944
2407, 350, 977
2408, 258, 826
2409, 592, 622
2410, 347, 521
2411, 487, 947
2412, 373, 884
2413, 51, 86
2414, 217, 251
2415, 130, 160
2416, 588, 785
2417, 814, 906
2418, 583, 608
2419, 219, 979
2420, 14, 104
2421, 30, 189
2422, 303, 950
2423, 573, 691
2424, 182, 498
2425, 64, 176
2426, 410, 818
2427, 18, 729
2428, 534, 933
2429, 705, 908
2430, 280, 539
2431, 273, 551
2432, 82, 955
2433, 92, 233
2434, 122, 476
2435, 163, 628
2436, 748, 832
2437, 325, 915
2438, 39, 214
2439, 352, 605
2440, 618, 839
2441, 914, 925
2442, 344, 873
2443, 339, 841
2444, 611, 649
2445, 571, 851
2446, 250, 612
2447, 376, 643
2448, 371, 774
2449, 395, 954
2450, 833, 901
2451, 142, 380
2452, 842, 859
2453, 513, 552
2454, 179, 504
2455, 390, 870
2456, 668, 911
2457, 522, 874
2458, 93, 289
2459, 89, 449
2460, 221, 248
2461, 383, 603
2462, 129, 413
2463, 184, 302
2464, 300, 324
2465, 13, 594
2466, 372, 680
2467, 174, 236
2468, 52, 763
2469, 241, 431
2470, 177, 753
2471, 379, 433
2472, 537, 661
2473, 65, 148
2474, 134, 228
2475, 707, 962
2476, 307, 747
2477, 208, 780
2478, 9, 472
2479, 149, 990
2480, 237, 485
2481, 699, 798
2482, 739, 974
2483, 505, 620
2484, 74, 732
2485, 222, 795
2486, 623, 702
2487, 446, 893
2488, 203, 586
2489, 345, 510
2490, 156, 719
2491, 677, 885
2492, 507, 790
2493, 621, 750
2494, 284, 822
2495, 20, 651
2496, 266, 676
2497, 509, 983
2498, 299, 784
2499, 880, 981
2500, 341, 941
2501, 171, 611
2502, 371, 504
2503, 3, 335
2504, 623, 756
2505, 707, 916
2506, 113, 636
2507, 519, 731
2508, 765, 883
2509, 22, 44
2510, 300, 799
2511, 7, 181
2512, 27, 813
2513, 16, 405
2514, 323, 769
2515, 815, 953
2516, 74, 428
2517, 310, 836
2518, 250, 592
2519, 8, 33
2520, 266, 287
2521, 570, 887
2522, 26, 314
2523, 658, 879
2524, 168, 298
2525, 668, 821
2526, 273, 566
2527, 346, 749
2528, 369, 923
2529, 642, 728
2530, 201, 856
2531, 49, 766
2532, 156, 464
2533, 330, 385
2534, 347, 651
2535, 267, 869
2536, 237, 441
2537, 823, 867
2538, 48, 484
2539, 263, 362
2540, 69, 165
2541, 902, 972
2542, 35, 491
2543, 618, 680
2544, 423, 739
2545, 185, 274
2546, 692, 956
2547, 432, 909
2548, 476, 970
2549, 389, 788
2550, 277, 899
2551, 361, 440
2552, 182, 411
2553, 54, 329
2554, 612, 917
2555, 674, 952
2556, 512, 782
2557, 189, 738
2558, 529, 661
2559, 79, 861
2560, 213, 229
2561, 264, 804
2562, 596, 598
2563, 736, 963
2564, 141, 395
2565, 653, 671
2566, 230, 396
2567, 645, 966
2568, 365, 627
2569, 55, 852
2570, 629, 783
2571, 99, 235
2572, 42, 760
2573, 606, 826
2574, 406, 518
2575, 755, 844
2576, 196, 547
2577, 175, 197
2578, 232, 421
2579, 546, 943
2580, 276, 586
2581, 560, 837
2582, 68, 387
2583, 758, 999
2584, 624, 842
2585, 740, 846
2586, 265, 992
2587, 207, 704
2588, 725, 751
2589, 320, 594
2590, 136, 862
2591, 284, 316
2592, 634, 898
2593, 356, 391
2594, 231, 872
2595, 51, 104
2596, 9, 255
2597, 373, 881
2598, 67, 964
2599, 325, 498
2600, 337, 633
2601, 752, 779
2602, 761, 871
2603, 107, 716
2604, 28, 720
2605, 431, 777
2606, 733, 770
2607, 41, 677
2608, 462, 892
2609, 289, 659
2610, 657, 727
2611, 472, 845
2612, 162, 548
2613, 531, 884
2614, 243, 410
2615, 184, 859
2616, 392, 965
2617, 617, 855
2618, 714, 816
2619, 93, 393
2620, 444, 605
2621, 381, 513
2622, 86, 955
2623, 126, 206
2624, 509, 630
2625, 488, 781
2626, 288, 631
2627, 82, 968
2628, 295, 734
2629, 742, 780
2630, 65, 66
2631, 817, 988
2632, 312, 478
2633, 463, 737
2634, 17, 218
2635, 383, 886
2636, 319, 583
2637, 368, 456
2638, 81, 331
2639, 258, 901
2640, 149, 415
2641, 542, 603
2642, 771, 941
2643, 688, 796
2644, 571, 843
2645, 34, 875
2646, 516, 656
2647, 367, 520
2648, 342, 442
2649, 426, 430
2650, 252, 281
2651, 459, 604
2652, 253, 848
2653, 366, 908
2654, 146, 681
2655, 2, 905
2656, 11, 789
2657, 166, 984
2658, 530, 889
2659, 23, 496
2660, 647, 757
2661, 221, 741
2662, 88, 572
2663, 427, 840
2664, 787, 954
2665, 809, 985
2666, 593, 911
2667, 161, 978
2668, 105, 303
2669, 150, 776
2670, 46, 983
2671, 212, 545
2672, 186, 667
2673, 262, 957
2674, 492, 893
2675, 573, 830
2676, 469, 753
2677, 85, 920
2678, 36, 220
2679, 705, 805
2680, 75, 280
2681, 690, 987
2682, 568, 695
2683, 549, 710
2684, 778, 792
2685, 439, 589
2686, 116, 784
2687, 111, 479
2688, 157, 927
2689, 363, 672
2690, 15, 828
2691, 466, 467
2692, 5, 931
2693, 60, 991
2694, 321, 878
2695, 678, 793
2696, 580, 986
2697, 148, 619
2698, 140, 452
2699, 652, 670
2700, 814, 915
2701, 745, 995
2702, 575, 873
2703, 559, 807
2704, 147, 477
2705, 595, 637
2706, 272, 919
2707, 384, 495
2708, 227, 718
2709, 45, 119
2710, 382, 870
2711, 285, 929
2712, 59, 222
2713, 103, 436
2714, 247, 663
2715, 80, 308
2716, 350, 863
2717, 429, 912
2718, 359, 702
2719, 600, 928
2720, 413, 947
2721, 435, 655
2722, 40, 216
2723, 199, 709
2724, 354, 669
2725, 1, 286
2726, 249, 251
2727, 13, 245
2728, 18, 110
2729, 763, 994
2730, 451, 962
2731, 416, 924
2732, 465, 588
2733, 345, 806
2734, 64, 131
2735, 205, 961
2736, 244, 628
2737, 446, 717
2738, 414, 874
2739, 101, 502
2740, 537, 541
2741, 291, 341
2742, 703, 926
2743, 297, 564
2744, 470, 998
2745, 143, 228
2746, 188, 865
2747, 234, 455
2748, 539, 715
2749, 507, 654
2750, 53, 269
2751, 730, 979
2752, 194, 574
2753, 139, 797
2754, 254, 864
2755, 453, 904
2756, 43, 490
2757, 84, 102
2758, 324, 352
2759, 533, 649
2760, 481, 882
2761, 96, 204
2762, 333, 638
2763, 155, 438
2764, 614, 851
2765, 108, 971
2766, 318, 759
2767, 183, 819
2768, 662, 847
2769, 721, 794
2770, 52, 215
2771, 226, 925
2772, 791, 829
2773, 536, 969
2774, 344, 461
2775, 501, 944
2776, 241, 338
2777, 90, 158
2778, 317, 370
2779, 172, 942
2780, 558, 696
2781, 351, 569
2782, 211, 895
2783, 271, 945
2784, 138, 643
2785, 486, 977
2786, 508, 996
2787, 527, 587
2788, 177, 949
2789, 990, 1000
2790, 256, 500
2791, 125, 578
2792, 493, 800
2793, 83, 910
2794, 198, 403
2795, 118, 390
2796, 98, 850
2797, 178, 866
2798, 32, 379
2799, 437, 648
2800, 538, 635
2801, 482, 555
2802, 223, 934
2803, 679, 838
2804, 517, 553
2805, 163, 290
2806, 187, 412
2807, 97, 768
2808, 296, 557
2809, 293, 449
2810, 307, 722
2811, 73, 179
2812, 626, 993
2813, 584, 803
2814, 313, 526
2815, 315, 802
2816, 192, 334
2817, 774, 973
2818, 660, 946
2819, 270, 565
2820, 487, 900
2821, 693, 726
2822, 50, 639
2823, 408, 691
2824, 128, 326
2825, 4, 372
2826, 890, 930
2827, 729, 832
2828, 951, 997
2829, 831, 897
2830, 282, 689
2831, 170, 485
2832, 425, 590
2833, 121, 424
2834, 301, 448
2835, 190, 860
2836, 433, 764
2837, 641, 976
2838, 576, 615
2839, 399, 401
2840, 785, 936
2841, 144, 818
2842, 71, 302
2843, 133, 152
2844, 278, 723
2845, 12, 825
2846, 503, 921
2847, 824, 967
2848, 402, 685
2849, 95, 877
2850, 246, 460
2851, 261, 914
2852, 233, 762
2853, 38, 602
2854, 812, 989
2855, 6, 355
2856, 582, 713
2857, 25, 880
2858, 311, 975
2859, 457, 708
2860, 394, 790
2861, 173, 567
2862, 420, 958
2863, 176, 746
2864, 443, 798
2865, 238, 378
2866, 534, 932
2867, 21, 523
2868, 471, 841
2869, 56, 203
2870, 524, 698
2871, 37, 208
2872, 76, 868
2873, 835, 935
2874, 475, 735
2875, 122, 386
2876, 535, 922
2877, 242, 974
2878, 268, 358
2879, 63, 939
2880, 114, 332
2881, 514, 754
2882, 700, 701
2883, 579, 834
2884, 124, 193
2885, 89, 858
2886, 360, 375
2887, 632, 772
2888, 61, 913
2889, 454, 666
2890, 640, 673
2891, 299, 306
2892, 169, 687
2893, 225, 522
2894, 47, 174
2895, 336, 339
2896, 292, 550
2897, 91, 167
2898, 374, 747
2899, 191, 694
2900, 525, 811
2901, 650, 810
2902, 622, 664
2903, 540, 676
2904, 515, 554
2905, 348, 775
2906, 275, 891
2907, 328, 712
2908, 510, 748
2909, 398, 521
2910, 609, 711
2911, 94, 137
2912, 620, 621
2913, 377, 505
2914, 445, 684
2915, 135, 675
2916, 551, 577
2917, 562, 732
2918, 134, 400
2919, 24, 260
2920, 10, 808
2921, 106, 839
2922, 214, 591
2923, 304, 474
2924, 259, 511
2925, 117, 468
2926, 87, 257
2927, 39, 801
2928, 343, 608
2929, 349, 544
2930, 417, 849
2931, 499, 665
2932, 160, 309
2933, 120, 607
2934, 364, 744
2935, 279, 795
2936, 418, 940
2937, 159, 980
2938, 786, 876
2939, 407, 613
2940, 543, 610
2941, 625, 646
2942, 322, 581
2943, 30, 422
2944, 70, 938
2945, 450, 857
2946, 100, 683
2947, 14, 217
2948, 29, 473
2949, 750, 827
2950, 19, 699
2951, 552, 601
2952, 906, 959
2953, 903, 933
2954, 532, 885
2955, 153, 585
2956, 210, 561
2957, 62, 480
2958, 376, 894
2959, 77, 380
2960, 115, 597
2961, 154, 353
2962, 820, 833
2963, 239, 888
2964, 58, 706
2965, 616, 960
2966, 31, 506
2967, 123, 644
2968, 78, 682
2969, 236, 409
2970, 202, 528
2971, 20, 129
2972, 719, 918
2973, 209, 294
2974, 224, 599
2975, 112, 950
2976, 72, 497
2977, 92, 219
2978, 458, 907
2979, 404, 767
2980, 164, 340
2981, 109, 434
2982, 200, 697
2983, 305, 489
2984, 283, 556
2985, 397, 419
2986, 57, 132
2987, 127, 822
2988, 151, 357
2989, 195, 853
2990, 142, 724
2991, 248, 494
2992, 180, 948
2993, 686, 937
2994, 896, 981
2995, 483, 743
2996, 130, 145
2997, 773, 982
2998, 240, 854
2999, 327, 447
3000, 388, 563
3001, 438, 545
3002, 175, 456
3003, 46, 739
3004, 750, 860
3005, 58, 174
3006, 578, 646
3007, 377, 882
3008, 147, 485
3009, 126, 141
3010, 79, 875
3011, 896, 976
3012, 52, 708
3013, 127, 979
3014, 657, 715
3015, 307, 913
3016, 227, 413
3017, 159, 647
3018, 5, 785
3019, 273, 993
3020, 84, 645
3021, 697, 969
3022, 529, 651
3023, 614, 704
3024, 191, 395
3025, 435, 894
3026, 59, 224
3027, 182, 535
3028, 549, 978
3029, 98, 927
3030, 51, 870
3031, 367, 476
3032, 256, 928
3033, 380, 922
3034, 358, 846
3035, 177, 272
3036, 100, 302
3037, 527, 677
3038, 518, 878
3039, 569, 707
3040, 269, 560
3041, 87, 324
3042, 282, 390
3043, 533, 689
3044, 738, 866
3045, 542, 733
3046, 251, 706
3047, 278, 950
3048, 364, 926
3049, 123, 531
3050, 223, 679
3051, 409, 584
3052, 17, 663
3053, 627, 667
3054, 193, 313
3055, 184, 376
3056, 648, 837
3057, 488, 988
3058, 548, 603
3059, 602, 814
3060, 105, 534
3061, 39, 650
3062, 24, 323
3063, 394, 421
3064, 474, 973
3065, 130, 820
3066, 773, 806
3067, 816, 899
3068, 202, 314
3069, 200, 967
3070, 152, 419
3071, 425, 600
3072, 205, 443
3073, 203, 971
3074, 497, 940
3075, 245, 264
3076, 222, 371
3077, 36, 760
3078, 360, 948
3079, 3, 417
3080, 372, 964
3081, 705, 915
3082, 318, 321
3083, 473, 591
3084, 63, 728
3085, 161, 579
3086, 62, 427
3087, 279, 813
3088, 331, 821
3089, 588, 628
3090, 343, 787
3091, 723, 890
3092, 442, 997
3093, 641, 768
3094, 675, 791
3095, 190, 283
3096, 154, 213
3097, 638, 893
3098, 88, 322
3099, 611, 996
3100, 277, 557
3101, 555, 665
3102, 340, 582
3103, 289, 701
3104, 567, 790
3105, 242, 521
3106, 163, 753
3107, 305, 998
3108, 71, 618
3109, 2, 621
3110, 153, 486
3111, 31, 209
3112, 93, 219
3113, 240, 366
3114, 414, 494
3115, 197, 280
3116, 617, 862
3117, 404, 863
3118, 67, 684
3119, 668, 871
3120, 296, 326
3121, 500, 923
3122, 33, 120
3123, 824, 982
3124, 308, 805
3125, 136, 198
3126, 467, 551
3127, 316, 328
3128, 730, 916
3129, 38, 462
3130, 55, 612
3131, 34, 210
3132, 352, 754
3133, 499, 905
3134, 925, 955
3135, 18, 135
3136, 594, 936
3137, 540, 623
3138, 285, 437
3139, 564, 884
3140, 94, 897
3141, 332, 852
3142, 766, 886
3143, 249, 990
3144, 56, 568
3145, 720, 855
3146, 516, 858
3147, 92, 661
3148, 131, 850
3149, 695, 794
3150, 868, 939
3151, 942, 944
3152, 351, 682
3153, 381, 740
3154, 37, 778
3155, 27, 477
3156, 8, 309
3157, 416, 598
3158, 65, 559
3159, 487, 956
3160, 214, 287
3161, 751, 887
3162, 917, 932
3163, 263, 711
3164, 288, 770
3165, 803, 907
3166, 73, 144
3167, 156, 563
3168, 221, 405
3169, 596, 765
3170, 217, 637
3171, 12, 553
3172, 319, 632
3173, 656, 732
3174, 117, 121
3175, 303, 999
3176, 1, 947
3177, 433, 761
3178, 436, 589
3179, 362, 946
3180, 139, 258
3181, 216, 853
3182, 101, 737
3183, 64, 919
3184, 586, 783
3185, 359, 491
3186, 306, 625
3187, 341, 920
3188, 412, 572
3189, 42, 854
3190, 613, 975
3191, 115, 441
3192, 653, 702
3193, 173, 510
3194, 426, 517
3195, 114, 719
3196, 171, 815
3197, 207, 403
3198, 275, 615
3199, 802, 830
3200, 304, 902
3201, 507, 804
3202, 799, 857
3203, 349, 867
3204, 109, 758
3205, 44, 840
3206, 432, 992
3207, 70, 593
3208, 724, 960
3209, 35, 458
3210, 295, 970
3211, 325, 696
3212, 348, 451
3213, 28, 987
3214, 669, 752
3215, 50, 320
3216, 54, 986
3217, 23, 822
3218, 125, 576
3219, 192, 480
3220, 933, 953
3221, 166, 891
3222, 133, 949
3223, 53, 95
3224, 509, 729
3225, 180, 429
3226, 47, 132
3227, 317, 873
3228, 134, 420
3229, 503, 622
3230, 301, 508
3231, 311, 550
3232, 281, 356
3233, 10, 562
3234, 688, 786
3235, 260, 526
3236, 165, 686
3237, 354, 859
3238, 204, 722
3239, 570, 644
3240, 188, 755
3241, 793, 914
3242, 400, 974
3243, 80, 365
3244, 546, 834
3245, 20, 238
3246, 369, 495
3247, 482, 712
3248, 155, 636
3249, 640, 912
3250, 85, 957
3251, 91, 344
3252, 9, 514
3253, 82, 215
3254, 779, 954
3255, 151, 523
3256, 81, 980
3257, 235, 298
3258, 748, 851
3259, 422, 994
3260, 511, 968
3261, 78, 977
3262, 160, 471
3263, 29, 743
3264, 391, 892
3265, 505, 935
3266, 48, 102
3267, 382, 827
3268, 741, 756
3269, 108, 941
3270, 484, 782
3271, 406, 938
3272, 90, 268
3273, 110, 478
3274, 373, 464
3275, 418, 538
3276, 962, 983
3277, 267, 659
3278, 293, 672
3279, 162, 774
3280, 439, 744
3281, 357, 450
3282, 797, 924
3283, 370, 845
3284, 178, 951
3285, 270, 831
3286, 61, 196
3287, 13, 119
3288, 168, 642
3289, 45, 610
3290, 49, 931
3291, 228, 828
3292, 673, 832
3293, 146, 265
3294, 250, 402
3295, 566, 660
3296, 122, 379
3297, 19, 607
3298, 552, 643
3299, 69, 194
3300, 465, 718
3301, 519, 796
3302, 624, 918
3303, 396, 655
3304, 4, 300
3305, 580, 631
3306, 811, 841
3307, 587, 856
3308, 107, 683
3309, 185, 297
3310, 15, 700
3311, 138, 266
3312, 32, 930
3313, 195, 449
3314, 74, 547
3315, 187, 515
3316, 338, 844
3317, 21, 312
3318, 6, 981
3319, 255, 385
3320, 68, 581
3321, 848, 883
3322, 590, 605
3323, 388, 781
3324, 558, 937
3325, 335, 961
3326, 14, 460
3327, 261, 817
3328, 111, 965
3329, 72, 528
3330, 347, 759
3331, 342, 428
3332, 571, 606
3333, 408, 654
3334, 248, 966
3335, 554, 713
3336, 41, 536
3337, 469, 881
3338, 116, 736
3339, 142, 231
3340, 389, 685
3341, 461, 502
3342, 243, 658
3343, 233, 544
3344, 447, 958
3345, 524, 809
3346, 676, 763
3347, 257, 368
3348, 411, 898
3349, 179, 355
3350, 226, 415
3351, 475, 635
3352, 60, 585
3353, 493, 995
3354, 662, 829
3355, 498, 929
3356, 448, 775
3357, 889, 900
3358, 103, 310
3359, 972, 991
3360, 649, 771
3361, 158, 345
3362, 440, 537
3363, 336, 399
3364, 604, 620
3365, 76, 565
3366, 468, 865
3367, 608, 943
3368, 77, 424
3369, 66, 164
3370, 392, 839
3371, 363, 384
3372, 143, 189
3373, 506, 690
3374, 208, 334
3375, 299, 445
3376, 619, 731
3377, 398, 634
3378, 387, 452
3379, 75, 232
3380, 252, 430
3381, 375, 472
3382, 206, 454
3383, 423, 764
3384, 40, 237
3385, 496, 849
3386, 199, 921
3387, 489, 767
3388, 466, 910
3389, 262, 630
3390, 431, 492
3391, 577, 895
3392, 83, 639
3393, 225, 798
3394, 457, 479
3395, 112, 906
3396, 407, 879
3397, 501, 556
3398, 599, 692
3399, 30, 374
3400, 699, 952
3401, 592, 795
3402, 459, 490
3403, 16, 201
3404, 140, 762
3405, 520, 561
3406, 575, 843
3407, 104, 1000
3408, 236, 244
3409, 11, 749
3410, 327, 861
3411, 229, 539
3412, 129, 633
3413, 212, 904
3414, 329, 597
3415, 710, 717
3416, 167, 629
3417, 106, 808
3418, 254, 769
3419, 247, 616
3420, 43, 666
3421, 253, 742
3422, 833, 877
3423, 284, 292
3424, 246, 874
3425, 230, 709
3426, 218, 595
3427, 274, 876
3428, 532, 772
3429, 290, 601
3430, 652, 777
3431, 727, 788
3432, 89, 286
3433, 220, 350
3434, 26, 149
3435, 609, 838
3436, 725, 735
3437, 96, 573
3438, 241, 945
3439, 361, 869
3440, 124, 211
3441, 181, 434
3442, 137, 681
3443, 294, 678
3444, 574, 807
3445, 57, 671
3446, 530, 818
3447, 333, 674
3448, 172, 346
3449, 186, 383
3450, 330, 784
3451, 169, 826
3452, 150, 721
3453, 113, 626
3454, 901, 989
3455, 934, 959
3456, 97, 792
3457, 315, 378
3458, 543, 746
3459, 393, 963
3460, 455, 842
3461, 444, 903
3462, 337, 726
3463, 353, 401
3464, 339, 984
3465, 239, 780
3466, 99, 513
3467, 664, 680
3468, 176, 714
3469, 691, 789
3470, 483, 747
3471, 118, 583
3472, 386, 541
3473, 522, 911
3474, 148, 512
3475, 128, 800
3476, 157, 481
3477, 698, 835
3478, 810, 847
3479, 694, 825
3480, 670, 703
3481, 183, 410
3482, 397, 470
3483, 25, 888
3484, 446, 525
3485, 259, 463
3486, 291, 734
3487, 836, 908
3488, 276, 757
3489, 504, 872
3490, 716, 776
3491, 745, 985
3492, 453, 819
3493, 687, 864
3494, 22, 880
3495, 271, 693
3496, 86, 170
3497, 145, 801
3498, 234, 885
3499, 823, 909
3500, 7, 812
3501, 51, 144
3502, 340, 960
3503, 23, 245
3504, 222, 722
3505, 83, 110
3506, 61, 147
3507, 352, 404
3508, 150, 911
3509, 26, 235
3510, 38, 958
3511, 801, 901
3512, 17, 489
3513, 433, 653
3514, 422, 616
3515, 60, 656
3516, 864, 982
3517, 263, 361
3518, 73, 860
3519, 385, 875
3520, 610, 898
3521, 219, 644
3522, 182, 853
3523, 24, 558
3524, 206, 774
3525, 82, 397
3526, 36, 493
3527, 602, 956
3528, 187, 390
3529, 559, 782
3530, 320, 894
3531, 423, 884
3532, 604, 941
3533, 468, 948
3534, 4, 989
3535, 362, 508
3536, 908, 963
3537, 166, 290
3538, 405, 844
3539, 298, 498
3540, 528, 725
3541, 183, 360
3542, 188, 364
3543, 14, 66
3544, 449, 766
3545, 284, 326
3546, 606, 871
3547, 565, 720
3548, 313, 619
3549, 416, 599
3550, 381, 675
3551, 357, 778
3552, 104, 715
3553, 271, 523
3554, 221, 635
3555, 218, 338
3556, 159, 959
3557, 41, 146
3558, 524, 718
3559, 114, 466
3560, 586, 996
3561, 467, 629
3562, 674, 781
3563, 63, 485
3564, 54, 729
3565, 494, 660
3566, 448, 711
3567, 382, 759
3568, 446, 588
3569, 315, 917
3570, 882, 902
3571, 502, 809
3572, 124, 857
3573, 400, 758
3574, 297, 398
3575, 703, 878
3576, 476, 553
3577, 288, 598
3578, 768, 955
3579, 442, 788
3580, 910, 927
3581, 128, 572
3582, 55, 806
3583, 562, 821
3584, 550, 867
3585, 118, 443
3586, 265, 694
3587, 8, 529
3588, 372, 583
3589, 151, 961
3590, 628, 993
3591, 171, 892
3592, 492, 836
3593, 353, 487
3594, 116, 802
3595, 86, 914
3596, 464, 680
3597, 418, 805
3598, 30, 445
3599, 301, 522
3600, 726, 734
3601, 91, 785
3602, 81, 880
3603, 49, 749
3604, 117, 131
3605, 411, 596
3606, 504, 527
3607, 895, 921
3608, 344, 985
3609, 27, 843
3610, 189, 665
3611, 537, 546
3612, 213, 603
3613, 858, 977
3614, 403, 970
3615, 246, 391
3616, 317, 577
3617, 459, 488
3618, 737, 811
3619, 292, 431
3620, 384, 776
3621, 169, 307
3622, 236, 377
3623, 441, 770
3624, 154, 784
3625, 140, 800
3626, 163, 756
3627, 388, 943
3628, 310, 904
3629, 112, 990
3630, 129, 764
3631, 731, 861
3632, 103, 609
3633, 670, 765
3634, 515, 953
3635, 490, 748
3636, 253, 399
3637, 779, 919
3638, 593, 707
3639, 266, 625
3640, 424, 452
3641, 115, 915
3642, 713, 852
3643, 746, 923
3644, 160, 651
3645, 223, 401
3646, 177, 973
3647, 214, 738
3648, 435, 922
3649, 296, 540
3650, 19, 668
3651, 32, 655
3652, 168, 763
3653, 612, 743
3654, 429, 787
3655, 305, 708
3656, 7, 220
3657, 67, 228
3658, 258, 754
3659, 471, 736
3660, 94, 969
3661, 503, 554
3662, 512, 573
3663, 631, 998
3664, 432, 870
3665, 576, 626
3666, 328, 872
3667, 672, 937
3668, 570, 874
3669, 851, 932
3670, 278, 885
3671, 240, 402
3672, 495, 771
3673, 87, 862
3674, 207, 520
3675, 732, 812
3676, 195, 481
3677, 571, 652
3678, 728, 855
3679, 1, 98
3680, 9, 337
3681, 79, 542
3682, 439, 807
3683, 196, 745
3684, 547, 815
3685, 135, 425
3686, 280, 709
3687, 685, 893
3688, 70, 324
3689, 20, 887
3690, 484, 624
3691, 125, 677
3692, 342, 458
3693, 348, 717
3694, 696, 991
3695, 143, 543
3696, 260, 716
3697, 275, 408
3698, 211, 482
3699, 819, 831
3700, 68, 530
3701, 272, 427
3702, 137, 283
3703, 460, 654
3704, 322, 363
3705, 379, 564
3706, 666, 888
3707, 123, 832
3708, 630, 936
3709, 89, 944
3710, 331, 951
3711, 947, 995
3712, 539, 548
3713, 373, 587
3714, 33, 287
3715, 185, 889
3716, 184, 393
3717, 133, 510
3718, 244, 979
3719, 192, 975
3720, 371, 451
3721, 335, 823
3722, 472, 622
3723, 369, 817
3724, 28, 355
3725, 838, 997
3726, 699, 907
3727, 50, 455
3728, 590, 621
3729, 261, 813
3730, 35, 657
3731, 29, 594
3732, 316, 925
3733, 65, 257
3734, 359, 633
3735, 175, 465
3736, 650, 808
3737, 64, 330
3738, 80, 561
3739, 783, 903
3740, 552, 965
3741, 251, 252
3742, 704, 883
3743, 505, 607
3744, 76, 95
3745, 46, 191
3746, 93, 689
3747, 273, 497
3748, 525, 667
3749, 227, 578
3750, 281, 983
3751, 176, 501
3752, 233, 254
3753, 295, 567
3754, 909, 988
3755, 684, 733
3756, 421, 795
3757, 336, 849
3758, 180, 780
3759, 473, 957
3760, 239, 686
3761, 312, 877
3762, 810, 987
3763, 16, 1000
3764, 368, 840
3765, 658, 920
3766, 575, 751
3767, 139, 580
3768, 121, 739
3769, 507, 934
3770, 816, 837
3771, 96, 389
3772, 109, 478
3773, 343, 420
3774, 632, 834
3775, 430, 999
3776, 217, 545
3777, 3, 945
3778, 242, 394
3779, 719, 876
3780, 62, 681
3781, 678, 803
3782, 437, 820
3783, 198, 775
3784, 77, 142
3785, 88, 891
3786, 130, 339
3787, 165, 952
3788, 314, 378
3789, 153, 259
3790, 215, 347
3791, 186, 683
3792, 701, 896
3793, 647, 924
3794, 216, 643
3795, 544, 642
3796, 299, 483
3797, 197, 712
3798, 535, 994
3799, 829, 946
3800, 108, 750
3801, 202, 268
3802, 78, 127
3803, 141, 276
3804, 526, 532
3805, 92, 551
3806, 250, 869
3807, 247, 406
3808, 285, 534
3809, 479, 627
3810, 101, 302
3811, 294, 868
3812, 2, 341
3813, 238, 804
3814, 56, 730
3815, 173, 396
3816, 274, 308
3817, 291, 410
3818, 100, 623
3819, 461, 886
3820, 172, 457
3821, 59, 303
3822, 767, 899
3823, 426, 824
3824, 740, 833
3825, 155, 773
3826, 514, 964
3827, 113, 205
3828, 90, 376
3829, 589, 825
3830, 134, 521
3831, 204, 346
3832, 158, 845
3833, 323, 854
3834, 356, 691
3835, 57, 972
3836, 345, 727
3837, 210, 723
3838, 374, 830
3839, 386, 454
3840, 226, 269
3841, 74, 890
3842, 351, 721
3843, 256, 710
3844, 248, 949
3845, 199, 906
3846, 321, 695
3847, 39, 608
3848, 798, 928
3849, 375, 592
3850, 645, 980
3851, 679, 828
3852, 164, 950
3853, 584, 724
3854, 193, 942
3855, 97, 933
3856, 22, 282
3857, 744, 966
3858, 289, 563
3859, 414, 463
3860, 15, 777
3861, 145, 865
3862, 566, 662
3863, 107, 682
3864, 71, 700
3865, 34, 178
3866, 506, 664
3867, 267, 772
3868, 579, 822
3869, 58, 968
3870, 706, 752
3871, 380, 967
3872, 249, 444
3873, 582, 747
3874, 531, 986
3875, 549, 600
3876, 533, 761
3877, 149, 167
3878, 792, 976
3879, 753, 842
3880, 161, 415
3881, 370, 569
3882, 325, 329
3883, 500, 835
3884, 264, 640
3885, 224, 231
3886, 491, 789
3887, 306, 311
3888, 856, 929
3889, 18, 541
3890, 850, 978
3891, 43, 44
3892, 243, 367
3893, 136, 536
3894, 286, 648
3895, 641, 692
3896, 839, 863
3897, 538, 581
3898, 162, 757
3899, 613, 693
3900, 194, 277
3901, 105, 181
3902, 511, 618
3903, 234, 477
3904, 304, 327
3905, 319, 913
3906, 201, 470
3907, 132, 409
3908, 53, 354
3909, 126, 636
3910, 225, 974
3911, 13, 387
3912, 597, 940
3913, 190, 900
3914, 42, 474
3915, 45, 358
3916, 605, 962
3917, 826, 905
3918, 84, 760
3919, 456, 614
3920, 174, 241
3921, 480, 620
3922, 332, 595
3923, 212, 293
3924, 138, 931
3925, 428, 790
3926, 255, 560
3927, 513, 705
3928, 85, 270
3929, 122, 366
3930, 417, 615
3931, 611, 796
3932, 568, 661
3933, 120, 516
3934, 318, 447
3935, 48, 72
3936, 232, 935
3937, 279, 475
3938, 574, 676
3939, 897, 926
3940, 794, 954
3941, 350, 412
3942, 846, 866
3943, 37, 434
3944, 229, 419
3945, 395, 638
3946, 697, 930
3947, 309, 918
3948, 334, 769
3949, 671, 791
3950, 170, 690
3951, 365, 797
3952, 52, 486
3953, 75, 157
3954, 392, 617
3955, 40, 102
3956, 879, 916
3957, 47, 509
3958, 984, 992
3959, 11, 106
3960, 413, 762
3961, 31, 793
3962, 209, 981
3963, 755, 799
3964, 5, 10
3965, 440, 518
3966, 687, 814
3967, 69, 939
3968, 12, 841
3969, 450, 859
3970, 659, 818
3971, 591, 938
3972, 436, 971
3973, 262, 912
3974, 585, 714
3975, 663, 741
3976, 119, 639
3977, 200, 881
3978, 152, 230
3979, 6, 646
3980, 742, 873
3981, 698, 702
3982, 557, 847
3983, 517, 735
3984, 634, 688
3985, 99, 669
3986, 148, 156
3987, 203, 601
3988, 25, 333
3989, 786, 848
3990, 496, 827
3991, 237, 469
3992, 179, 556
3993, 111, 407
3994, 383, 637
3995, 453, 555
3996, 300, 519
3997, 499, 649
3998, 438, 462
3999, 349, 673
4000, 21, 208
