id, img1, img2
1, 228, 476
2, 251, 903
3, 372, 494
4, 332, 445
5, 628, 974
6, 72, 452
7, 65, 522
8, 617, 897
9, 118, 548
10, 76, 690
11, 500, 837
12, 778, 818
13, 518, 850
14, 147, 874
15, 622, 780
16, 184, 673
17, 395, 493
18, 150, 219
19, 315, 971
20, 40, 66
21, 687, 768
22, 108, 847
23, 17, 60
24, 200, 980
25, 94, 133
26, 583, 621
27, 505, 704
28, 366, 475
29, 867, 979
30, 242, 386
31, 292, 712
32, 75, 862
33, 380, 547
34, 308, 757
35, 356, 970
36, 178, 947
37, 943, 968
38, 829, 909
39, 465, 610
40, 478, 785
41, 888, 986
42, 80, 898
43, 109, 685
44, 388, 454
45, 651, 658
46, 613, 640
47, 90, 913
48, 209, 924
49, 599, 710
50, 151, 630
51, 127, 407
52, 330, 570
53, 4, 748
54, 515, 618
55, 112, 793
56, 575, 955
57, 5, 389
58, 96, 809
59, 652, 741
60, 297, 659
61, 34, 215
62, 99, 483
63, 334, 536
64, 339, 896
65, 519, 860
66, 385, 588
67, 202, 341
68, 486, 760
69, 9, 747
70, 590, 656
71, 517, 769
72, 36, 770
73, 668, 858
74, 120, 777
75, 523, 790
76, 81, 305
77, 295, 418
78, 298, 373
79, 141, 563
80, 650, 865
81, 259, 491
82, 803, 821
83, 411, 801
84, 823, 972
85, 139, 185
86, 365, 647
87, 345, 346
88, 237, 543
89, 216, 878
90, 269, 272
91, 196, 730
92, 313, 469
93, 672, 709
94, 289, 307
95, 740, 866
96, 37, 164
97, 421, 707
98, 63, 923
99, 92, 241
100, 381, 586
101, 596, 983
102, 352, 379
103, 534, 789
104, 598, 692
105, 175, 711
106, 459, 845
107, 417, 763
108, 148, 533
109, 126, 541
110, 79, 473
111, 735, 868
112, 123, 639
113, 190, 553
114, 314, 348
115, 397, 612
116, 702, 992
117, 317, 824
118, 420, 434
119, 52, 275
120, 152, 798
121, 88, 239
122, 1, 739
123, 177, 383
124, 232, 455
125, 591, 822
126, 428, 677
127, 861, 994
128, 457, 471
129, 437, 585
130, 593, 820
131, 282, 922
132, 199, 689
133, 195, 323
134, 581, 875
135, 56, 670
136, 499, 555
137, 182, 915
138, 309, 387
139, 857, 958
140, 767, 954
141, 329, 762
142, 176, 831
143, 856, 902
144, 15, 419
145, 415, 766
146, 249, 474
147, 363, 440
148, 631, 883
149, 257, 645
150, 35, 682
151, 2, 435
152, 130, 815
153, 463, 481
154, 384, 490
155, 480, 904
156, 192, 426
157, 374, 511
158, 807, 1000
159, 268, 601
160, 206, 427
161, 138, 696
162, 69, 786
163, 221, 812
164, 727, 864
165, 303, 901
166, 378, 756
167, 235, 946
168, 256, 567
169, 254, 552
170, 826, 965
171, 544, 558
172, 466, 623
173, 355, 764
174, 377, 393
175, 509, 619
176, 7, 912
177, 489, 681
178, 23, 231
179, 498, 501
180, 403, 507
181, 513, 933
182, 595, 792
183, 183, 561
184, 101, 285
185, 125, 931
186, 559, 961
187, 169, 174
188, 12, 527
189, 197, 684
190, 460, 918
191, 722, 775
192, 102, 438
193, 755, 936
194, 87, 750
195, 597, 811
196, 273, 635
197, 61, 392
198, 286, 787
199, 26, 881
200, 708, 814
201, 116, 945
202, 100, 962
203, 217, 842
204, 758, 951
205, 279, 580
206, 300, 368
207, 364, 810
208, 53, 84
209, 107, 745
210, 226, 759
211, 504, 889
212, 186, 893
213, 179, 337
214, 402, 816
215, 587, 662
216, 240, 449
217, 230, 461
218, 70, 993
219, 213, 705
220, 349, 989
221, 284, 302
222, 322, 661
223, 181, 890
224, 115, 616
225, 248, 646
226, 808, 827
227, 149, 941
228, 294, 914
229, 562, 998
230, 62, 966
231, 33, 327
232, 502, 908
233, 144, 932
234, 71, 117
235, 701, 838
236, 165, 819
237, 560, 840
238, 168, 783
239, 238, 996
240, 162, 917
241, 606, 665
242, 78, 321
243, 158, 997
244, 54, 556
245, 714, 928
246, 404, 464
247, 324, 638
248, 446, 999
249, 357, 648
250, 51, 205
251, 198, 870
252, 579, 632
253, 29, 713
254, 210, 312
255, 442, 920
256, 424, 678
257, 32, 720
258, 155, 394
259, 229, 956
260, 41, 390
261, 447, 871
262, 137, 310
263, 436, 991
264, 382, 550
265, 47, 797
266, 111, 641
267, 624, 977
268, 391, 470
269, 58, 830
270, 554, 796
271, 629, 693
272, 431, 627
273, 671, 723
274, 160, 872
275, 121, 660
276, 433, 832
277, 528, 976
278, 508, 982
279, 742, 892
280, 245, 985
281, 736, 964
282, 173, 930
283, 906, 988
284, 73, 342
285, 733, 969
286, 578, 620
287, 207, 899
288, 224, 484
289, 444, 688
290, 664, 905
291, 784, 828
292, 347, 885
293, 68, 129
294, 128, 278
295, 280, 841
296, 267, 791
297, 25, 338
298, 333, 409
299, 77, 104
300, 545, 607
301, 336, 611
302, 542, 855
303, 191, 886
304, 131, 514
305, 218, 430
306, 85, 978
307, 19, 42
308, 172, 361
309, 423, 925
310, 603, 729
311, 24, 572
312, 362, 853
313, 360, 521
314, 214, 609
315, 201, 637
316, 686, 934
317, 625, 717
318, 538, 839
319, 203, 679
320, 253, 952
321, 271, 526
322, 718, 732
323, 246, 299
324, 432, 799
325, 400, 529
326, 95, 773
327, 103, 497
328, 472, 643
329, 695, 753
330, 942, 973
331, 136, 880
332, 326, 817
333, 439, 683
334, 188, 344
335, 376, 468
336, 281, 425
337, 252, 895
338, 250, 894
339, 98, 540
340, 804, 937
341, 161, 981
342, 83, 703
343, 416, 719
344, 13, 825
345, 516, 843
346, 487, 927
347, 301, 939
348, 450, 877
349, 634, 863
350, 82, 304
351, 568, 938
352, 451, 805
353, 728, 836
354, 926, 949
355, 153, 715
356, 781, 900
357, 535, 614
358, 14, 105
359, 93, 666
360, 512, 802
361, 266, 571
362, 31, 520
363, 145, 990
364, 156, 844
365, 204, 959
366, 57, 477
367, 28, 594
368, 89, 134
369, 97, 851
370, 813, 882
371, 276, 734
372, 350, 479
373, 132, 774
374, 453, 675
375, 64, 680
376, 260, 846
377, 413, 876
378, 55, 343
379, 412, 957
380, 485, 706
381, 193, 852
382, 744, 834
383, 725, 869
384, 124, 367
385, 44, 779
386, 38, 180
387, 644, 835
388, 255, 496
389, 283, 653
390, 429, 462
391, 633, 884
392, 738, 935
393, 358, 960
394, 194, 375
395, 43, 398
396, 691, 907
397, 21, 39
398, 564, 754
399, 10, 604
400, 669, 953
401, 261, 854
402, 236, 537
403, 22, 244
404, 340, 891
405, 114, 649
406, 265, 749
407, 146, 569
408, 642, 794
409, 694, 940
410, 353, 697
411, 212, 848
412, 422, 456
413, 30, 531
414, 370, 441
415, 8, 270
416, 142, 726
417, 306, 752
418, 589, 724
419, 11, 654
420, 699, 911
421, 223, 716
422, 86, 776
423, 113, 277
424, 157, 788
425, 293, 557
426, 351, 354
427, 288, 525
428, 27, 551
429, 290, 987
430, 396, 800
431, 582, 975
432, 220, 467
433, 408, 448
434, 608, 916
435, 674, 963
436, 605, 944
437, 91, 187
438, 488, 539
439, 549, 772
440, 59, 443
441, 46, 319
442, 546, 761
443, 122, 615
444, 328, 503
445, 110, 331
446, 258, 274
447, 211, 806
448, 166, 910
449, 170, 262
450, 320, 700
451, 371, 771
452, 311, 577
453, 626, 743
454, 359, 566
455, 636, 859
456, 401, 879
457, 167, 506
458, 16, 849
459, 222, 406
460, 189, 296
461, 49, 995
462, 399, 592
463, 291, 751
464, 318, 410
465, 163, 765
466, 48, 574
467, 45, 119
468, 530, 984
469, 135, 948
470, 159, 565
471, 225, 746
472, 264, 663
473, 20, 369
474, 18, 243
475, 950, 967
476, 154, 655
477, 143, 576
478, 405, 492
479, 414, 495
480, 721, 921
481, 263, 532
482, 325, 919
483, 74, 584
484, 458, 782
485, 208, 873
486, 524, 887
487, 234, 602
488, 316, 510
489, 573, 667
490, 50, 106
491, 67, 482
492, 731, 929
493, 600, 737
494, 247, 657
495, 171, 233
496, 3, 676
497, 227, 833
498, 6, 698
499, 335, 795
500, 140, 287
501, 214, 726
502, 174, 326
503, 104, 835
504, 329, 374
505, 392, 612
506, 293, 805
507, 274, 369
508, 6, 640
509, 475, 780
510, 304, 862
511, 755, 962
512, 407, 756
513, 336, 771
514, 15, 20
515, 942, 946
516, 828, 968
517, 297, 520
518, 76, 232
519, 211, 384
520, 73, 339
521, 45, 903
522, 71, 823
523, 35, 479
524, 54, 315
525, 514, 576
526, 237, 283
527, 380, 984
528, 619, 825
529, 204, 528
530, 676, 810
531, 357, 631
532, 150, 492
533, 622, 655
534, 519, 529
535, 300, 751
536, 312, 733
537, 102, 493
538, 106, 522
539, 209, 757
540, 226, 335
541, 702, 815
542, 239, 821
543, 157, 218
544, 750, 861
545, 172, 178
546, 470, 589
547, 273, 428
548, 817, 877
549, 550, 562
550, 53, 695
551, 229, 742
552, 413, 635
553, 331, 944
554, 85, 368
555, 47, 813
556, 731, 784
557, 865, 891
558, 512, 837
559, 551, 577
560, 212, 842
561, 190, 515
562, 654, 715
563, 422, 768
564, 430, 860
565, 21, 546
566, 28, 910
567, 349, 980
568, 58, 651
569, 149, 391
570, 198, 915
571, 588, 894
572, 103, 136
573, 63, 81
574, 386, 680
575, 101, 183
576, 113, 135
577, 567, 952
578, 626, 667
579, 202, 985
580, 443, 601
581, 399, 483
582, 466, 688
583, 495, 900
584, 332, 992
585, 681, 753
586, 133, 220
587, 671, 711
588, 471, 763
589, 517, 705
590, 5, 455
591, 167, 816
592, 362, 571
593, 415, 840
594, 361, 472
595, 590, 937
596, 416, 556
597, 786, 902
598, 488, 951
599, 434, 557
600, 658, 925
601, 37, 578
602, 685, 737
603, 690, 824
604, 699, 887
605, 29, 365
606, 2, 738
607, 286, 586
608, 86, 693
609, 67, 799
610, 807, 857
611, 249, 806
612, 244, 284
613, 559, 953
614, 123, 614
615, 740, 897
616, 192, 623
617, 57, 269
618, 442, 833
619, 348, 536
620, 371, 476
621, 599, 796
622, 189, 913
623, 314, 794
624, 34, 725
625, 19, 554
626, 182, 309
627, 674, 843
628, 91, 161
629, 261, 966
630, 583, 584
631, 210, 452
632, 122, 313
633, 397, 549
634, 849, 854
635, 39, 898
636, 56, 231
637, 153, 288
638, 162, 501
639, 281, 487
640, 307, 463
641, 473, 613
642, 632, 889
643, 618, 644
644, 716, 782
645, 610, 633
646, 395, 530
647, 206, 696
648, 513, 972
649, 158, 555
650, 628, 918
651, 570, 637
652, 387, 540
653, 49, 792
654, 139, 180
655, 243, 804
656, 306, 318
657, 156, 950
658, 66, 311
659, 44, 656
660, 684, 747
661, 406, 534
662, 129, 159
663, 707, 864
664, 155, 270
665, 92, 673
666, 251, 661
667, 276, 303
668, 110, 838
669, 364, 366
670, 647, 650
671, 359, 708
672, 78, 319
673, 321, 545
674, 325, 909
675, 17, 383
676, 127, 436
677, 223, 851
678, 379, 710
679, 793, 970
680, 43, 615
681, 481, 859
682, 279, 480
683, 427, 460
684, 762, 820
685, 831, 863
686, 152, 954
687, 114, 907
688, 376, 975
689, 532, 704
690, 853, 890
691, 593, 741
692, 146, 814
693, 773, 848
694, 490, 682
695, 69, 552
696, 188, 931
697, 32, 697
698, 111, 832
699, 382, 608
700, 181, 265
701, 236, 926
702, 196, 982
703, 797, 906
704, 390, 575
705, 201, 830
706, 224, 961
707, 13, 591
708, 262, 884
709, 454, 542
710, 334, 752
711, 98, 142
712, 748, 914
713, 173, 675
714, 822, 827
715, 140, 634
716, 305, 498
717, 18, 758
718, 24, 856
719, 285, 451
720, 100, 444
721, 408, 727
722, 734, 839
723, 548, 729
724, 88, 639
725, 531, 761
726, 164, 414
727, 320, 486
728, 394, 798
729, 932, 996
730, 242, 381
731, 124, 921
732, 130, 888
733, 330, 714
734, 333, 960
735, 134, 340
736, 424, 769
737, 777, 979
738, 238, 993
739, 165, 580
740, 648, 998
741, 89, 718
742, 398, 899
743, 927, 976
744, 33, 482
745, 709, 964
746, 649, 660
747, 163, 343
748, 112, 919
749, 1, 52
750, 533, 876
751, 353, 943
752, 16, 389
753, 289, 291
754, 503, 967
755, 138, 728
756, 26, 722
757, 524, 592
758, 447, 547
759, 338, 855
760, 62, 594
761, 84, 116
762, 426, 875
763, 445, 958
764, 724, 778
765, 260, 689
766, 790, 791
767, 641, 736
768, 23, 459
769, 433, 477
770, 363, 871
771, 355, 691
772, 258, 553
773, 22, 558
774, 579, 923
775, 121, 787
776, 474, 717
777, 410, 499
778, 521, 604
779, 461, 957
780, 464, 617
781, 959, 1000
782, 74, 253
783, 278, 370
784, 48, 916
785, 264, 598
786, 375, 692
787, 453, 939
788, 568, 595
789, 767, 819
790, 117, 290
791, 177, 403
792, 234, 879
793, 808, 999
794, 573, 818
795, 77, 378
796, 719, 732
797, 160, 170
798, 131, 770
799, 458, 870
800, 282, 664
801, 215, 775
802, 145, 184
803, 3, 739
804, 7, 605
805, 418, 743
806, 587, 687
807, 40, 437
808, 344, 401
809, 75, 956
810, 625, 981
811, 38, 585
812, 83, 137
813, 59, 627
814, 812, 912
815, 351, 563
816, 14, 597
817, 419, 616
818, 421, 683
819, 245, 800
820, 439, 698
821, 504, 706
822, 259, 505
823, 126, 346
824, 176, 337
825, 441, 478
826, 582, 893
827, 844, 928
828, 516, 995
829, 118, 301
830, 200, 845
831, 90, 446
832, 744, 749
833, 438, 882
834, 345, 947
835, 36, 847
836, 194, 560
837, 607, 965
838, 277, 518
839, 400, 809
840, 147, 544
841, 435, 670
842, 801, 892
843, 41, 602
844, 221, 352
845, 268, 652
846, 448, 949
847, 82, 425
848, 774, 776
849, 30, 874
850, 484, 665
851, 271, 872
852, 217, 991
853, 197, 917
854, 677, 868
855, 525, 663
856, 70, 935
857, 31, 497
858, 543, 701
859, 275, 772
860, 93, 185
861, 216, 788
862, 132, 496
863, 611, 779
864, 207, 457
865, 267, 491
866, 328, 922
867, 500, 760
868, 298, 745
869, 507, 713
870, 144, 896
871, 494, 624
872, 125, 280
873, 252, 873
874, 310, 606
875, 367, 694
876, 409, 969
877, 187, 803
878, 789, 989
879, 46, 294
880, 449, 934
881, 27, 469
882, 322, 636
883, 55, 266
884, 143, 933
885, 759, 990
886, 79, 456
887, 166, 878
888, 254, 686
889, 302, 324
890, 51, 867
891, 621, 638
892, 105, 168
893, 653, 988
894, 9, 905
895, 120, 659
896, 450, 672
897, 255, 526
898, 4, 523
899, 256, 354
900, 272, 785
901, 179, 679
902, 247, 509
903, 850, 971
904, 68, 574
905, 296, 764
906, 600, 904
907, 230, 646
908, 11, 50
909, 250, 393
910, 411, 440
911, 222, 508
912, 94, 342
913, 175, 511
914, 643, 846
915, 246, 852
916, 199, 429
917, 561, 881
918, 467, 811
919, 720, 883
920, 65, 360
921, 228, 596
922, 388, 841
923, 195, 385
924, 317, 974
925, 404, 920
926, 119, 527
927, 295, 765
928, 193, 462
929, 208, 219
930, 80, 107
931, 299, 630
932, 141, 502
933, 930, 978
934, 95, 629
935, 405, 666
936, 115, 642
937, 377, 908
938, 225, 678
939, 108, 802
940, 72, 240
941, 169, 372
942, 87, 358
943, 603, 645
944, 148, 396
945, 61, 64
946, 191, 535
947, 657, 977
948, 42, 489
949, 10, 432
950, 431, 730
951, 109, 669
952, 213, 510
953, 417, 539
954, 783, 983
955, 538, 564
956, 241, 323
957, 895, 973
958, 420, 963
959, 227, 836
960, 96, 936
961, 99, 356
962, 866, 948
963, 287, 485
964, 609, 781
965, 350, 565
966, 248, 997
967, 766, 829
968, 151, 869
969, 60, 233
970, 886, 929
971, 186, 795
972, 703, 938
973, 662, 746
974, 826, 940
975, 327, 373
976, 700, 885
977, 128, 423
978, 8, 911
979, 341, 468
980, 880, 945
981, 154, 581
982, 12, 986
983, 171, 235
984, 537, 834
985, 723, 955
986, 541, 569
987, 308, 712
988, 205, 941
989, 257, 668
990, 25, 901
991, 412, 924
992, 572, 620
993, 506, 566
994, 263, 292
995, 721, 858
996, 97, 754
997, 347, 994
998, 402, 987
999, 316, 465
1000, 203, 735
1001, 788, 932
1002, 200, 547
1003, 909, 998
1004, 195, 376
1005, 363, 571
1006, 358, 786
1007, 391, 682
1008, 382, 720
1009, 37, 784
1010, 106, 296
1011, 151, 432
1012, 494, 611
1013, 212, 647
1014, 317, 451
1015, 23, 739
1016, 678, 690
1017, 641, 658
1018, 38, 80
1019, 313, 593
1020, 403, 928
1021, 180, 263
1022, 152, 579
1023, 916, 981
1024, 168, 486
1025, 67, 686
1026, 104, 844
1027, 224, 904
1028, 275, 321
1029, 377, 823
1030, 615, 816
1031, 672, 996
1032, 332, 828
1033, 124, 477
1034, 261, 456
1035, 569, 581
1036, 740, 826
1037, 112, 619
1038, 705, 813
1039, 88, 885
1040, 870, 952
1041, 207, 551
1042, 825, 922
1043, 302, 359
1044, 447, 989
1045, 218, 592
1046, 295, 683
1047, 20, 640
1048, 344, 968
1049, 574, 919
1050, 543, 863
1051, 704, 829
1052, 156, 228
1053, 166, 719
1054, 316, 929
1055, 305, 367
1056, 75, 653
1057, 415, 666
1058, 442, 798
1059, 531, 861
1060, 576, 642
1061, 545, 655
1062, 49, 696
1063, 680, 716
1064, 562, 827
1065, 372, 941
1066, 247, 606
1067, 183, 685
1068, 9, 59
1069, 101, 400
1070, 240, 506
1071, 169, 315
1072, 103, 561
1073, 147, 893
1074, 310, 903
1075, 439, 599
1076, 91, 679
1077, 237, 598
1078, 556, 609
1079, 175, 457
1080, 30, 375
1081, 176, 814
1082, 221, 558
1083, 71, 733
1084, 453, 565
1085, 18, 762
1086, 141, 951
1087, 479, 482
1088, 306, 839
1089, 25, 167
1090, 205, 468
1091, 854, 873
1092, 21, 853
1093, 139, 462
1094, 273, 749
1095, 126, 301
1096, 219, 984
1097, 45, 847
1098, 138, 311
1099, 26, 857
1100, 251, 354
1101, 822, 973
1102, 761, 834
1103, 28, 727
1104, 78, 795
1105, 416, 639
1106, 661, 783
1107, 289, 818
1108, 594, 804
1109, 329, 507
1110, 6, 780
1111, 44, 136
1112, 585, 741
1113, 184, 343
1114, 53, 803
1115, 154, 722
1116, 320, 703
1117, 19, 650
1118, 89, 767
1119, 232, 549
1120, 157, 374
1121, 419, 869
1122, 12, 116
1123, 42, 603
1124, 440, 760
1125, 406, 724
1126, 744, 787
1127, 102, 897
1128, 566, 734
1129, 253, 459
1130, 312, 563
1131, 836, 953
1132, 280, 776
1133, 96, 425
1134, 120, 537
1135, 557, 702
1136, 505, 620
1137, 721, 732
1138, 773, 817
1139, 264, 977
1140, 618, 750
1141, 114, 254
1142, 41, 421
1143, 413, 806
1144, 63, 554
1145, 629, 668
1146, 122, 771
1147, 297, 913
1148, 307, 656
1149, 279, 631
1150, 435, 958
1151, 499, 743
1152, 266, 789
1153, 125, 671
1154, 87, 364
1155, 99, 427
1156, 610, 665
1157, 373, 756
1158, 130, 450
1159, 277, 436
1160, 13, 608
1161, 293, 480
1162, 85, 527
1163, 508, 944
1164, 127, 396
1165, 177, 328
1166, 35, 429
1167, 319, 745
1168, 216, 774
1169, 1, 748
1170, 3, 398
1171, 336, 764
1172, 597, 978
1173, 463, 747
1174, 775, 949
1175, 390, 471
1176, 299, 512
1177, 60, 695
1178, 146, 980
1179, 199, 657
1180, 94, 934
1181, 347, 714
1182, 265, 805
1183, 541, 923
1184, 362, 751
1185, 335, 487
1186, 411, 971
1187, 290, 404
1188, 241, 510
1189, 536, 687
1190, 64, 478
1191, 182, 689
1192, 268, 938
1193, 523, 794
1194, 489, 871
1195, 24, 950
1196, 32, 892
1197, 5, 684
1198, 395, 782
1199, 123, 987
1200, 56, 577
1201, 752, 906
1202, 785, 946
1203, 420, 553
1204, 596, 777
1205, 387, 712
1206, 643, 662
1207, 323, 368
1208, 630, 652
1209, 483, 821
1210, 796, 856
1211, 210, 464
1212, 546, 838
1213, 244, 868
1214, 718, 792
1215, 27, 134
1216, 165, 667
1217, 843, 867
1218, 567, 601
1219, 402, 841
1220, 352, 607
1221, 624, 925
1222, 17, 890
1223, 29, 324
1224, 896, 962
1225, 848, 920
1226, 74, 799
1227, 105, 407
1228, 467, 469
1229, 616, 991
1230, 583, 846
1231, 129, 648
1232, 528, 882
1233, 493, 976
1234, 48, 591
1235, 341, 614
1236, 119, 163
1237, 725, 855
1238, 500, 990
1239, 282, 337
1240, 161, 511
1241, 735, 766
1242, 51, 497
1243, 203, 602
1244, 729, 910
1245, 540, 694
1246, 481, 940
1247, 46, 430
1248, 190, 234
1249, 143, 956
1250, 604, 942
1251, 849, 957
1252, 229, 356
1253, 501, 769
1254, 149, 243
1255, 570, 859
1256, 131, 509
1257, 61, 753
1258, 441, 674
1259, 309, 452
1260, 197, 204
1261, 70, 239
1262, 7, 970
1263, 633, 842
1264, 227, 409
1265, 50, 851
1266, 82, 972
1267, 564, 778
1268, 217, 636
1269, 252, 936
1270, 669, 963
1271, 589, 676
1272, 65, 351
1273, 11, 691
1274, 135, 550
1275, 55, 393
1276, 444, 926
1277, 470, 534
1278, 688, 931
1279, 79, 488
1280, 260, 405
1281, 97, 709
1282, 109, 635
1283, 797, 852
1284, 623, 708
1285, 370, 491
1286, 179, 258
1287, 360, 605
1288, 128, 137
1289, 449, 697
1290, 145, 622
1291, 132, 300
1292, 595, 812
1293, 52, 446
1294, 424, 532
1295, 68, 361
1296, 385, 948
1297, 832, 902
1298, 144, 455
1299, 438, 707
1300, 246, 992
1301, 57, 999
1302, 92, 389
1303, 544, 912
1304, 226, 582
1305, 878, 955
1306, 172, 529
1307, 287, 492
1308, 514, 875
1309, 93, 765
1310, 627, 986
1311, 10, 632
1312, 763, 894
1313, 222, 781
1314, 458, 915
1315, 905, 966
1316, 521, 588
1317, 242, 830
1318, 196, 793
1319, 711, 810
1320, 365, 872
1321, 758, 900
1322, 410, 864
1323, 845, 965
1324, 384, 757
1325, 613, 979
1326, 502, 935
1327, 371, 759
1328, 625, 802
1329, 95, 235
1330, 399, 612
1331, 379, 621
1332, 159, 628
1333, 108, 651
1334, 677, 815
1335, 517, 520
1336, 473, 790
1337, 162, 819
1338, 654, 888
1339, 43, 256
1340, 378, 939
1341, 348, 881
1342, 496, 833
1343, 291, 975
1344, 276, 908
1345, 392, 634
1346, 394, 937
1347, 238, 580
1348, 314, 995
1349, 801, 808
1350, 397, 700
1351, 259, 988
1352, 530, 590
1353, 62, 474
1354, 269, 490
1355, 369, 422
1356, 516, 519
1357, 111, 887
1358, 285, 659
1359, 233, 250
1360, 47, 339
1361, 673, 723
1362, 40, 186
1363, 333, 850
1364, 525, 730
1365, 417, 768
1366, 255, 737
1367, 617, 772
1368, 121, 698
1369, 83, 304
1370, 717, 800
1371, 350, 476
1372, 270, 284
1373, 76, 437
1374, 86, 994
1375, 431, 865
1376, 345, 660
1377, 475, 779
1378, 513, 891
1379, 201, 575
1380, 542, 638
1381, 495, 918
1382, 115, 770
1383, 2, 187
1384, 318, 820
1385, 699, 895
1386, 148, 331
1387, 118, 236
1388, 294, 340
1389, 181, 983
1390, 298, 713
1391, 559, 959
1392, 225, 982
1393, 572, 945
1394, 443, 866
1395, 215, 460
1396, 202, 472
1397, 8, 448
1398, 286, 326
1399, 386, 840
1400, 178, 746
1401, 158, 889
1402, 726, 877
1403, 98, 901
1404, 907, 969
1405, 107, 206
1406, 568, 1000
1407, 461, 985
1408, 100, 515
1409, 209, 961
1410, 535, 876
1411, 278, 646
1412, 77, 153
1413, 423, 701
1414, 54, 824
1415, 39, 584
1416, 692, 921
1417, 357, 637
1418, 220, 899
1419, 208, 433
1420, 188, 738
1421, 465, 807
1422, 349, 943
1423, 171, 194
1424, 518, 710
1425, 133, 412
1426, 174, 325
1427, 454, 524
1428, 874, 960
1429, 831, 924
1430, 257, 383
1431, 231, 974
1432, 288, 964
1433, 503, 644
1434, 16, 498
1435, 538, 755
1436, 366, 555
1437, 69, 837
1438, 193, 898
1439, 4, 649
1440, 90, 914
1441, 110, 811
1442, 185, 933
1443, 526, 706
1444, 34, 681
1445, 292, 645
1446, 587, 993
1447, 401, 548
1448, 189, 338
1449, 214, 626
1450, 883, 947
1451, 267, 884
1452, 353, 736
1453, 303, 342
1454, 533, 600
1455, 664, 742
1456, 408, 578
1457, 140, 283
1458, 414, 445
1459, 142, 539
1460, 560, 860
1461, 380, 728
1462, 164, 213
1463, 308, 388
1464, 173, 522
1465, 249, 504
1466, 248, 334
1467, 211, 330
1468, 155, 381
1469, 113, 262
1470, 731, 791
1471, 327, 485
1472, 346, 663
1473, 81, 954
1474, 72, 835
1475, 230, 271
1476, 418, 879
1477, 191, 192
1478, 223, 552
1479, 14, 434
1480, 573, 858
1481, 33, 484
1482, 66, 245
1483, 198, 911
1484, 58, 355
1485, 150, 272
1486, 84, 997
1487, 880, 927
1488, 170, 274
1489, 160, 862
1490, 281, 428
1491, 675, 967
1492, 322, 809
1493, 31, 930
1494, 22, 670
1495, 15, 36
1496, 117, 693
1497, 886, 917
1498, 426, 466
1499, 73, 715
1500, 586, 754
1501, 576, 925
1502, 57, 427
1503, 207, 780
1504, 255, 791
1505, 434, 519
1506, 382, 974
1507, 113, 398
1508, 391, 968
1509, 344, 959
1510, 112, 803
1511, 510, 779
1512, 310, 348
1513, 311, 991
1514, 851, 859
1515, 551, 556
1516, 515, 869
1517, 448, 698
1518, 2, 962
1519, 160, 171
1520, 125, 841
1521, 216, 475
1522, 139, 937
1523, 290, 324
1524, 215, 441
1525, 466, 752
1526, 156, 738
1527, 14, 678
1528, 488, 560
1529, 261, 273
1530, 429, 971
1531, 308, 964
1532, 651, 733
1533, 568, 757
1534, 131, 352
1535, 138, 995
1536, 172, 997
1537, 285, 401
1538, 218, 675
1539, 335, 639
1540, 92, 574
1541, 744, 839
1542, 42, 148
1543, 621, 728
1544, 26, 718
1545, 53, 623
1546, 474, 582
1547, 201, 714
1548, 330, 534
1549, 107, 741
1550, 615, 910
1551, 72, 385
1552, 166, 506
1553, 294, 590
1554, 479, 575
1555, 567, 663
1556, 174, 533
1557, 332, 808
1558, 78, 827
1559, 77, 522
1560, 293, 431
1561, 850, 993
1562, 47, 952
1563, 900, 999
1564, 284, 604
1565, 316, 414
1566, 323, 725
1567, 771, 898
1568, 445, 605
1569, 436, 946
1570, 10, 883
1571, 337, 471
1572, 697, 772
1573, 241, 976
1574, 21, 369
1575, 144, 362
1576, 145, 660
1577, 591, 885
1578, 115, 789
1579, 677, 967
1580, 35, 192
1581, 607, 654
1582, 659, 662
1583, 555, 856
1584, 164, 625
1585, 386, 884
1586, 158, 954
1587, 363, 926
1588, 122, 813
1589, 93, 996
1590, 9, 65
1591, 400, 561
1592, 452, 817
1593, 493, 652
1594, 373, 501
1595, 32, 764
1596, 319, 415
1597, 616, 837
1598, 224, 380
1599, 126, 257
1600, 341, 881
1601, 494, 720
1602, 857, 921
1603, 521, 849
1604, 351, 749
1605, 795, 945
1606, 562, 807
1607, 242, 878
1608, 1, 424
1609, 459, 742
1610, 343, 785
1611, 680, 938
1612, 932, 940
1613, 69, 756
1614, 128, 828
1615, 162, 687
1616, 713, 919
1617, 673, 831
1618, 836, 912
1619, 195, 887
1620, 25, 657
1621, 130, 682
1622, 16, 833
1623, 631, 924
1624, 467, 740
1625, 571, 864
1626, 371, 527
1627, 620, 832
1628, 253, 430
1629, 44, 347
1630, 120, 552
1631, 495, 612
1632, 628, 670
1633, 110, 111
1634, 84, 159
1635, 170, 951
1636, 54, 235
1637, 463, 642
1638, 137, 508
1639, 142, 909
1640, 259, 287
1641, 626, 707
1642, 68, 599
1643, 141, 233
1644, 30, 456
1645, 302, 802
1646, 38, 970
1647, 167, 231
1648, 331, 943
1649, 182, 297
1650, 517, 538
1651, 366, 727
1652, 788, 862
1653, 861, 982
1654, 614, 666
1655, 82, 636
1656, 840, 891
1657, 64, 155
1658, 876, 895
1659, 520, 899
1660, 194, 863
1661, 178, 396
1662, 286, 805
1663, 523, 916
1664, 85, 769
1665, 229, 390
1666, 419, 873
1667, 462, 835
1668, 350, 355
1669, 238, 634
1670, 455, 834
1671, 328, 665
1672, 12, 99
1673, 184, 597
1674, 901, 953
1675, 454, 842
1676, 549, 906
1677, 498, 685
1678, 753, 806
1679, 221, 816
1680, 67, 205
1681, 507, 961
1682, 262, 855
1683, 135, 790
1684, 71, 988
1685, 965, 980
1686, 593, 902
1687, 868, 896
1688, 186, 843
1689, 539, 766
1690, 91, 824
1691, 43, 774
1692, 565, 754
1693, 46, 472
1694, 469, 529
1695, 875, 935
1696, 664, 758
1697, 267, 296
1698, 250, 715
1699, 13, 692
1700, 325, 617
1701, 492, 956
1702, 252, 334
1703, 106, 264
1704, 282, 844
1705, 276, 897
1706, 478, 505
1707, 388, 948
1708, 683, 747
1709, 603, 800
1710, 381, 984
1711, 61, 247
1712, 147, 602
1713, 29, 395
1714, 586, 732
1715, 37, 825
1716, 153, 933
1717, 271, 975
1718, 581, 853
1719, 425, 983
1720, 79, 299
1721, 279, 584
1722, 56, 618
1723, 94, 179
1724, 97, 679
1725, 18, 288
1726, 499, 646
1727, 399, 497
1728, 439, 579
1729, 214, 356
1730, 283, 981
1731, 146, 220
1732, 87, 648
1733, 188, 402
1734, 557, 969
1735, 74, 240
1736, 601, 798
1737, 11, 248
1738, 374, 667
1739, 3, 911
1740, 181, 223
1741, 109, 781
1742, 6, 559
1743, 450, 572
1744, 546, 882
1745, 4, 638
1746, 203, 504
1747, 542, 913
1748, 55, 443
1749, 152, 613
1750, 357, 484
1751, 394, 746
1752, 726, 796
1753, 180, 190
1754, 34, 292
1755, 410, 775
1756, 209, 578
1757, 437, 491
1758, 118, 944
1759, 295, 458
1760, 251, 317
1761, 62, 228
1762, 672, 994
1763, 483, 914
1764, 66, 213
1765, 309, 383
1766, 133, 177
1767, 103, 640
1768, 421, 577
1769, 314, 531
1770, 116, 121
1771, 260, 277
1772, 548, 641
1773, 326, 633
1774, 129, 691
1775, 413, 877
1776, 408, 729
1777, 114, 280
1778, 225, 227
1779, 266, 650
1780, 406, 773
1781, 265, 656
1782, 193, 289
1783, 407, 751
1784, 143, 486
1785, 461, 544
1786, 447, 709
1787, 630, 722
1788, 387, 797
1789, 234, 644
1790, 102, 704
1791, 151, 573
1792, 27, 365
1793, 397, 880
1794, 81, 86
1795, 96, 244
1796, 322, 349
1797, 175, 681
1798, 59, 263
1799, 689, 889
1800, 60, 778
1801, 518, 904
1802, 165, 915
1803, 360, 867
1804, 119, 809
1805, 95, 482
1806, 340, 858
1807, 473, 922
1808, 611, 892
1809, 187, 444
1810, 525, 941
1811, 226, 540
1812, 249, 526
1813, 792, 907
1814, 327, 464
1815, 258, 307
1816, 41, 236
1817, 239, 658
1818, 185, 301
1819, 423, 823
1820, 438, 553
1821, 269, 547
1822, 256, 866
1823, 270, 854
1824, 712, 811
1825, 564, 643
1826, 31, 51
1827, 480, 536
1828, 580, 949
1829, 668, 737
1830, 750, 960
1831, 254, 972
1832, 627, 783
1833, 563, 985
1834, 624, 838
1835, 278, 879
1836, 212, 820
1837, 535, 894
1838, 761, 942
1839, 476, 545
1840, 24, 920
1841, 703, 1000
1842, 739, 927
1843, 329, 886
1844, 787, 847
1845, 655, 893
1846, 39, 684
1847, 7, 594
1848, 5, 770
1849, 150, 245
1850, 202, 870
1851, 23, 745
1852, 291, 782
1853, 204, 516
1854, 306, 460
1855, 342, 647
1856, 376, 845
1857, 232, 610
1858, 140, 600
1859, 440, 502
1860, 470, 786
1861, 411, 416
1862, 830, 963
1863, 661, 793
1864, 246, 719
1865, 489, 860
1866, 537, 978
1867, 161, 361
1868, 17, 822
1869, 405, 872
1870, 33, 426
1871, 318, 422
1872, 384, 810
1873, 183, 986
1874, 169, 592
1875, 312, 442
1876, 336, 979
1877, 339, 812
1878, 268, 710
1879, 149, 585
1880, 211, 814
1881, 554, 888
1882, 379, 490
1883, 566, 934
1884, 359, 558
1885, 966, 987
1886, 706, 929
1887, 73, 992
1888, 90, 272
1889, 619, 801
1890, 690, 784
1891, 412, 496
1892, 80, 417
1893, 377, 818
1894, 28, 217
1895, 583, 608
1896, 15, 485
1897, 105, 936
1898, 189, 198
1899, 928, 931
1900, 500, 589
1901, 50, 237
1902, 532, 587
1903, 154, 315
1904, 274, 871
1905, 281, 528
1906, 503, 530
1907, 320, 358
1908, 389, 762
1909, 392, 799
1910, 723, 815
1911, 321, 435
1912, 191, 219
1913, 22, 206
1914, 368, 699
1915, 903, 908
1916, 541, 755
1917, 378, 716
1918, 905, 939
1919, 101, 313
1920, 196, 998
1921, 404, 721
1922, 457, 693
1923, 372, 711
1924, 40, 108
1925, 19, 104
1926, 208, 275
1927, 465, 917
1928, 345, 453
1929, 354, 702
1930, 768, 777
1931, 451, 629
1932, 305, 420
1933, 98, 243
1934, 48, 819
1935, 100, 298
1936, 200, 705
1937, 338, 695
1938, 717, 743
1939, 760, 826
1940, 596, 955
1941, 409, 930
1942, 230, 304
1943, 346, 676
1944, 487, 669
1945, 333, 700
1946, 635, 736
1947, 370, 569
1948, 432, 514
1949, 123, 449
1950, 511, 543
1951, 58, 134
1952, 765, 950
1953, 157, 509
1954, 173, 804
1955, 300, 947
1956, 49, 222
1957, 428, 477
1958, 132, 989
1959, 127, 653
1960, 468, 977
1961, 197, 852
1962, 124, 724
1963, 393, 708
1964, 595, 637
1965, 622, 696
1966, 609, 821
1967, 76, 674
1968, 52, 168
1969, 89, 735
1970, 570, 918
1971, 63, 88
1972, 210, 748
1973, 70, 83
1974, 874, 958
1975, 199, 513
1976, 671, 686
1977, 524, 990
1978, 75, 375
1979, 403, 512
1980, 163, 632
1981, 36, 606
1982, 446, 649
1983, 794, 846
1984, 588, 767
1985, 734, 759
1986, 418, 694
1987, 303, 957
1988, 645, 829
1989, 8, 730
1990, 848, 923
1991, 353, 364
1992, 550, 701
1993, 688, 865
1994, 20, 763
1995, 45, 973
1996, 367, 731
1997, 136, 481
1998, 117, 776
1999, 433, 890
2000, 176, 598
2001, 213, 591
2002, 172, 959
2003, 29, 107
2004, 547, 575
2005, 449, 590
2006, 587, 710
2007, 305, 386
2008, 615, 746
2009, 183, 513
2010, 51, 945
2011, 177, 259
2012, 38, 43
2013, 548, 912
2014, 515, 646
2015, 115, 759
2016, 12, 682
2017, 502, 582
2018, 370, 905
2019, 568, 676
2020, 763, 895
2021, 339, 966
2022, 173, 255
2023, 819, 822
2024, 397, 428
2025, 123, 693
2026, 772, 986
2027, 152, 979
2028, 655, 784
2029, 382, 713
2030, 73, 534
2031, 36, 437
2032, 470, 652
2033, 131, 904
2034, 102, 164
2035, 462, 563
2036, 711, 827
2037, 264, 938
2038, 296, 703
2039, 361, 707
2040, 195, 725
2041, 114, 147
2042, 557, 741
2043, 136, 145
2044, 536, 888
2045, 89, 816
2046, 160, 338
2047, 268, 282
2048, 438, 471
2049, 106, 728
2050, 396, 853
2051, 667, 811
2052, 318, 919
2053, 453, 678
2054, 465, 731
2055, 416, 456
2056, 61, 863
2057, 188, 275
2058, 330, 691
2059, 68, 572
2060, 485, 505
2061, 490, 669
2062, 137, 750
2063, 70, 374
2064, 205, 380
2065, 294, 754
2066, 31, 362
2067, 14, 649
2068, 354, 616
2069, 846, 857
2070, 842, 901
2071, 83, 830
2072, 248, 889
2073, 271, 634
2074, 594, 715
2075, 95, 862
2076, 202, 351
2077, 90, 175
2078, 464, 735
2079, 212, 523
2080, 119, 209
2081, 641, 894
2082, 885, 960
2083, 237, 308
2084, 6, 700
2085, 111, 185
2086, 165, 478
2087, 242, 260
2088, 230, 349
2089, 284, 701
2090, 48, 835
2091, 385, 608
2092, 65, 346
2093, 7, 549
2094, 787, 797
2095, 180, 620
2096, 801, 864
2097, 289, 624
2098, 15, 445
2099, 110, 674
2100, 714, 883
2101, 53, 187
2102, 77, 179
2103, 28, 158
2104, 371, 943
2105, 415, 965
2106, 531, 968
2107, 300, 364
2108, 327, 783
2109, 156, 529
2110, 218, 391
2111, 66, 466
2112, 87, 982
2113, 267, 551
2114, 559, 690
2115, 4, 984
2116, 220, 525
2117, 58, 206
2118, 662, 786
2119, 581, 887
2120, 454, 858
2121, 328, 790
2122, 253, 777
2123, 467, 605
2124, 702, 936
2125, 409, 598
2126, 176, 585
2127, 244, 576
2128, 84, 653
2129, 181, 613
2130, 535, 974
2131, 210, 537
2132, 134, 250
2133, 774, 869
2134, 272, 890
2135, 640, 843
2136, 199, 791
2137, 325, 628
2138, 249, 573
2139, 120, 673
2140, 75, 985
2141, 448, 481
2142, 182, 356
2143, 388, 805
2144, 9, 604
2145, 826, 902
2146, 571, 647
2147, 530, 745
2148, 16, 171
2149, 793, 870
2150, 276, 717
2151, 342, 395
2152, 644, 696
2153, 71, 174
2154, 491, 526
2155, 279, 610
2156, 98, 840
2157, 166, 167
2158, 23, 122
2159, 632, 666
2160, 86, 879
2161, 392, 981
2162, 203, 214
2163, 413, 457
2164, 190, 944
2165, 675, 907
2166, 245, 493
2167, 317, 365
2168, 20, 129
2169, 519, 764
2170, 586, 866
2171, 225, 522
2172, 270, 771
2173, 155, 619
2174, 856, 897
2175, 126, 848
2176, 251, 779
2177, 93, 776
2178, 492, 874
2179, 261, 458
2180, 236, 569
2181, 455, 929
2182, 286, 871
2183, 861, 955
2184, 11, 290
2185, 514, 599
2186, 21, 555
2187, 292, 334
2188, 767, 836
2189, 298, 561
2190, 447, 602
2191, 426, 442
2192, 881, 911
2193, 496, 876
2194, 266, 558
2195, 224, 593
2196, 686, 913
2197, 33, 975
2198, 192, 625
2199, 446, 452
2200, 425, 528
2201, 352, 444
2202, 72, 321
2203, 618, 727
2204, 679, 946
2205, 872, 915
2206, 509, 722
2207, 408, 570
2208, 100, 406
2209, 476, 562
2210, 597, 775
2211, 601, 677
2212, 611, 643
2213, 435, 987
2214, 231, 488
2215, 337, 709
2216, 5, 159
2217, 60, 223
2218, 755, 825
2219, 414, 837
2220, 69, 920
2221, 480, 705
2222, 127, 737
2223, 201, 796
2224, 373, 859
2225, 718, 893
2226, 340, 631
2227, 149, 355
2228, 88, 235
2229, 78, 280
2230, 748, 898
2231, 269, 961
2232, 424, 740
2233, 614, 971
2234, 418, 475
2235, 150, 967
2236, 685, 892
2237, 221, 928
2238, 85, 441
2239, 125, 770
2240, 25, 47
2241, 274, 501
2242, 460, 670
2243, 390, 988
2244, 463, 941
2245, 420, 648
2246, 399, 719
2247, 204, 383
2248, 553, 972
2249, 607, 817
2250, 739, 850
2251, 336, 410
2252, 139, 233
2253, 303, 314
2254, 50, 947
2255, 906, 989
2256, 216, 600
2257, 612, 706
2258, 288, 367
2259, 104, 357
2260, 293, 708
2261, 24, 544
2262, 132, 257
2263, 510, 589
2264, 326, 378
2265, 956, 978
2266, 193, 841
2267, 958, 963
2268, 524, 527
2269, 323, 621
2270, 520, 532
2271, 254, 792
2272, 405, 923
2273, 400, 412
2274, 91, 851
2275, 215, 940
2276, 109, 376
2277, 57, 153
2278, 52, 865
2279, 211, 402
2280, 59, 560
2281, 168, 401
2282, 54, 143
2283, 324, 498
2284, 197, 335
2285, 609, 900
2286, 208, 461
2287, 200, 622
2288, 163, 394
2289, 507, 543
2290, 716, 789
2291, 852, 891
2292, 417, 606
2293, 756, 769
2294, 637, 949
2295, 574, 993
2296, 332, 617
2297, 128, 681
2298, 331, 845
2299, 603, 812
2300, 439, 997
2301, 27, 430
2302, 8, 32
2303, 319, 487
2304, 258, 950
2305, 583, 806
2306, 729, 794
2307, 542, 833
2308, 142, 773
2309, 322, 930
2310, 310, 468
2311, 419, 942
2312, 301, 451
2313, 348, 432
2314, 752, 880
2315, 744, 954
2316, 207, 411
2317, 781, 788
2318, 306, 751
2319, 810, 973
2320, 344, 760
2321, 313, 873
2322, 226, 363
2323, 151, 680
2324, 285, 552
2325, 626, 659
2326, 692, 699
2327, 343, 736
2328, 360, 489
2329, 189, 795
2330, 698, 802
2331, 146, 933
2332, 35, 567
2333, 592, 687
2334, 103, 757
2335, 81, 983
2336, 26, 82
2337, 443, 908
2338, 724, 738
2339, 133, 381
2340, 222, 730
2341, 450, 742
2342, 19, 161
2343, 422, 684
2344, 198, 504
2345, 42, 427
2346, 499, 867
2347, 375, 654
2348, 440, 899
2349, 62, 996
2350, 234, 350
2351, 22, 517
2352, 431, 436
2353, 389, 743
2354, 511, 761
2355, 56, 503
2356, 372, 953
2357, 144, 726
2358, 45, 477
2359, 665, 824
2360, 434, 541
2361, 521, 721
2362, 500, 934
2363, 40, 660
2364, 580, 734
2365, 281, 896
2366, 564, 657
2367, 359, 910
2368, 565, 838
2369, 658, 778
2370, 935, 998
2371, 130, 239
2372, 148, 656
2373, 141, 991
2374, 246, 311
2375, 398, 785
2376, 312, 506
2377, 256, 265
2378, 518, 554
2379, 37, 672
2380, 550, 839
2381, 366, 877
2382, 635, 921
2383, 44, 970
2384, 732, 849
2385, 227, 661
2386, 178, 459
2387, 379, 579
2388, 320, 636
2389, 74, 486
2390, 474, 823
2391, 18, 948
2392, 63, 407
2393, 154, 878
2394, 252, 807
2395, 157, 347
2396, 124, 992
2397, 170, 689
2398, 832, 854
2399, 97, 113
2400, 118, 302
2401, 135, 219
2402, 262, 469
2403, 299, 497
2404, 695, 712
2405, 473, 803
2406, 140, 868
2407, 753, 780
2408, 232, 720
2409, 925, 962
2410, 13, 800
2411, 186, 903
2412, 10, 916
2413, 194, 316
2414, 79, 980
2415, 295, 1000
2416, 162, 664
2417, 483, 494
2418, 3, 92
2419, 671, 697
2420, 191, 834
2421, 538, 798
2422, 304, 329
2423, 482, 957
2424, 433, 924
2425, 403, 595
2426, 116, 768
2427, 663, 995
2428, 217, 765
2429, 704, 999
2430, 782, 922
2431, 64, 101
2432, 2, 546
2433, 241, 977
2434, 67, 645
2435, 291, 884
2436, 196, 277
2437, 623, 629
2438, 169, 914
2439, 283, 588
2440, 596, 969
2441, 533, 927
2442, 1, 39
2443, 829, 860
2444, 30, 556
2445, 847, 926
2446, 353, 804
2447, 393, 813
2448, 238, 762
2449, 94, 479
2450, 228, 937
2451, 584, 633
2452, 345, 512
2453, 309, 939
2454, 545, 818
2455, 297, 994
2456, 369, 799
2457, 651, 831
2458, 46, 315
2459, 341, 821
2460, 387, 952
2461, 429, 917
2462, 630, 694
2463, 421, 814
2464, 307, 875
2465, 539, 882
2466, 273, 578
2467, 76, 749
2468, 577, 932
2469, 747, 766
2470, 55, 886
2471, 184, 333
2472, 404, 484
2473, 229, 368
2474, 472, 844
2475, 516, 815
2476, 278, 909
2477, 642, 820
2478, 41, 138
2479, 627, 918
2480, 384, 758
2481, 121, 423
2482, 49, 99
2483, 495, 733
2484, 108, 358
2485, 112, 247
2486, 650, 931
2487, 809, 828
2488, 566, 688
2489, 17, 639
2490, 638, 964
2491, 243, 976
2492, 263, 990
2493, 723, 808
2494, 34, 855
2495, 96, 240
2496, 105, 117
2497, 80, 508
2498, 540, 683
2499, 287, 668
2500, 377, 951
2501, 51, 180
2502, 72, 545
2503, 618, 796
2504, 218, 837
2505, 225, 852
2506, 211, 962
2507, 365, 483
2508, 445, 511
2509, 373, 558
2510, 108, 602
2511, 629, 697
2512, 81, 329
2513, 481, 566
2514, 73, 316
2515, 275, 422
2516, 121, 187
2517, 416, 849
2518, 174, 256
2519, 381, 391
2520, 287, 806
2521, 263, 630
2522, 170, 199
2523, 16, 92
2524, 681, 754
2525, 625, 787
2526, 136, 490
2527, 402, 519
2528, 62, 471
2529, 58, 607
2530, 315, 526
2531, 324, 349
2532, 205, 797
2533, 502, 767
2534, 878, 886
2535, 269, 871
2536, 626, 957
2537, 322, 562
2538, 100, 605
2539, 243, 762
2540, 15, 208
2541, 358, 659
2542, 219, 889
2543, 472, 745
2544, 662, 709
2545, 733, 948
2546, 599, 925
2547, 118, 323
2548, 131, 666
2549, 55, 213
2550, 676, 963
2551, 341, 773
2552, 20, 804
2553, 257, 303
2554, 467, 498
2555, 226, 902
2556, 401, 609
2557, 40, 616
2558, 610, 692
2559, 707, 959
2560, 30, 888
2561, 340, 688
2562, 201, 388
2563, 80, 960
2564, 239, 370
2565, 694, 973
2566, 75, 730
2567, 144, 623
2568, 53, 284
2569, 386, 819
2570, 139, 426
2571, 45, 518
2572, 85, 97
2573, 273, 735
2574, 465, 550
2575, 505, 537
2576, 264, 812
2577, 158, 801
2578, 5, 565
2579, 586, 740
2580, 169, 684
2581, 196, 909
2582, 866, 940
2583, 10, 339
2584, 278, 484
2585, 356, 651
2586, 14, 944
2587, 193, 364
2588, 406, 949
2589, 635, 695
2590, 106, 385
2591, 561, 980
2592, 70, 705
2593, 536, 854
2594, 223, 311
2595, 143, 266
2596, 191, 438
2597, 375, 786
2598, 376, 840
2599, 460, 593
2600, 530, 743
2601, 177, 251
2602, 724, 811
2603, 824, 935
2604, 517, 835
2605, 90, 734
2606, 755, 805
2607, 63, 487
2608, 197, 330
2609, 799, 813
2610, 185, 987
2611, 47, 293
2612, 204, 419
2613, 360, 958
2614, 27, 943
2615, 274, 992
2616, 749, 884
2617, 763, 877
2618, 547, 778
2619, 650, 847
2620, 513, 894
2621, 64, 673
2622, 184, 619
2623, 306, 964
2624, 65, 576
2625, 95, 523
2626, 29, 598
2627, 237, 516
2628, 285, 994
2629, 643, 893
2630, 93, 981
2631, 235, 952
2632, 114, 506
2633, 914, 1000
2634, 59, 299
2635, 68, 716
2636, 253, 335
2637, 397, 822
2638, 25, 995
2639, 22, 418
2640, 11, 127
2641, 699, 833
2642, 36, 137
2643, 289, 870
2644, 77, 641
2645, 314, 682
2646, 387, 507
2647, 548, 977
2648, 529, 744
2649, 357, 924
2650, 166, 259
2651, 9, 756
2652, 308, 830
2653, 896, 899
2654, 272, 620
2655, 44, 753
2656, 160, 838
2657, 829, 846
2658, 296, 632
2659, 776, 913
2660, 178, 302
2661, 631, 869
2662, 918, 926
2663, 167, 400
2664, 721, 885
2665, 182, 615
2666, 346, 600
2667, 41, 267
2668, 120, 421
2669, 271, 742
2670, 307, 675
2671, 649, 783
2672, 132, 967
2673, 606, 766
2674, 326, 726
2675, 292, 818
2676, 88, 462
2677, 217, 802
2678, 410, 770
2679, 732, 823
2680, 374, 538
2681, 221, 905
2682, 661, 672
2683, 696, 713
2684, 466, 700
2685, 124, 703
2686, 231, 443
2687, 480, 950
2688, 246, 966
2689, 159, 906
2690, 611, 953
2691, 162, 901
2692, 236, 390
2693, 493, 521
2694, 198, 680
2695, 229, 260
2696, 510, 748
2697, 265, 941
2698, 113, 933
2699, 181, 429
2700, 382, 990
2701, 216, 279
2702, 33, 449
2703, 435, 768
2704, 503, 660
2705, 683, 718
2706, 444, 789
2707, 874, 945
2708, 179, 446
2709, 712, 850
2710, 26, 781
2711, 814, 984
2712, 312, 954
2713, 573, 627
2714, 496, 857
2715, 520, 590
2716, 222, 993
2717, 642, 646
2718, 87, 907
2719, 492, 608
2720, 639, 916
2721, 119, 759
2722, 366, 882
2723, 67, 258
2724, 13, 903
2725, 188, 821
2726, 37, 792
2727, 596, 715
2728, 245, 527
2729, 60, 729
2730, 731, 825
2731, 168, 658
2732, 780, 927
2733, 645, 989
2734, 300, 974
2735, 592, 912
2736, 595, 746
2737, 552, 560
2738, 499, 617
2739, 378, 556
2740, 452, 934
2741, 297, 501
2742, 83, 522
2743, 115, 587
2744, 701, 951
2745, 152, 157
2746, 667, 704
2747, 1, 879
2748, 104, 148
2749, 415, 826
2750, 69, 109
2751, 557, 578
2752, 668, 752
2753, 212, 423
2754, 347, 867
2755, 250, 881
2756, 564, 790
2757, 399, 441
2758, 19, 795
2759, 664, 978
2760, 147, 414
2761, 832, 839
2762, 200, 570
2763, 491, 739
2764, 112, 751
2765, 202, 827
2766, 276, 588
2767, 3, 637
2768, 344, 873
2769, 175, 413
2770, 686, 920
2771, 574, 880
2772, 533, 614
2773, 309, 336
2774, 895, 955
2775, 105, 863
2776, 638, 897
2777, 2, 254
2778, 154, 842
2779, 342, 563
2780, 173, 553
2781, 56, 589
2782, 89, 720
2783, 82, 848
2784, 111, 327
2785, 440, 717
2786, 403, 469
2787, 238, 791
2788, 150, 333
2789, 355, 450
2790, 244, 998
2791, 515, 930
2792, 371, 455
2793, 601, 728
2794, 367, 554
2795, 551, 621
2796, 354, 544
2797, 320, 669
2798, 125, 653
2799, 310, 603
2800, 509, 654
2801, 334, 853
2802, 153, 461
2803, 134, 969
2804, 541, 644
2805, 57, 923
2806, 103, 479
2807, 194, 392
2808, 473, 864
2809, 771, 865
2810, 803, 971
2811, 215, 834
2812, 135, 710
2813, 500, 887
2814, 290, 454
2815, 494, 612
2816, 35, 689
2817, 203, 495
2818, 163, 719
2819, 268, 377
2820, 359, 841
2821, 122, 757
2822, 34, 291
2823, 761, 939
2824, 319, 758
2825, 674, 820
2826, 456, 777
2827, 116, 206
2828, 298, 568
2829, 369, 999
2830, 922, 929
2831, 432, 900
2832, 394, 858
2833, 542, 722
2834, 613, 727
2835, 39, 908
2836, 663, 979
2837, 286, 936
2838, 890, 911
2839, 128, 436
2840, 61, 282
2841, 214, 723
2842, 91, 424
2843, 448, 828
2844, 528, 844
2845, 512, 583
2846, 17, 779
2847, 209, 482
2848, 350, 708
2849, 280, 774
2850, 50, 241
2851, 404, 579
2852, 230, 737
2853, 648, 750
2854, 304, 409
2855, 476, 524
2856, 453, 817
2857, 138, 451
2858, 594, 975
2859, 7, 546
2860, 227, 361
2861, 380, 417
2862, 325, 687
2863, 624, 784
2864, 928, 996
2865, 313, 904
2866, 161, 898
2867, 18, 591
2868, 702, 736
2869, 79, 437
2870, 190, 634
2871, 655, 986
2872, 427, 597
2873, 84, 991
2874, 514, 859
2875, 567, 910
2876, 577, 968
2877, 405, 559
2878, 49, 678
2879, 535, 698
2880, 130, 604
2881, 408, 489
2882, 283, 706
2883, 4, 485
2884, 396, 652
2885, 52, 420
2886, 439, 965
2887, 207, 393
2888, 110, 976
2889, 23, 352
2890, 919, 988
2891, 240, 862
2892, 43, 691
2893, 252, 856
2894, 186, 628
2895, 679, 851
2896, 46, 457
2897, 288, 447
2898, 343, 938
2899, 690, 937
2900, 146, 816
2901, 431, 845
2902, 281, 633
2903, 195, 442
2904, 98, 171
2905, 433, 459
2906, 379, 468
2907, 345, 398
2908, 504, 760
2909, 809, 946
2910, 458, 970
2911, 353, 685
2912, 189, 831
2913, 126, 277
2914, 412, 488
2915, 407, 997
2916, 48, 317
2917, 411, 656
2918, 210, 233
2919, 301, 793
2920, 765, 782
2921, 28, 425
2922, 76, 220
2923, 140, 295
2924, 242, 572
2925, 318, 810
2926, 107, 985
2927, 534, 640
2928, 800, 868
2929, 255, 932
2930, 94, 670
2931, 32, 478
2932, 149, 497
2933, 183, 711
2934, 430, 738
2935, 428, 956
2936, 164, 961
2937, 78, 855
2938, 145, 464
2939, 463, 769
2940, 133, 891
2941, 12, 332
2942, 540, 584
2943, 470, 636
2944, 102, 129
2945, 151, 571
2946, 123, 232
2947, 262, 543
2948, 434, 785
2949, 368, 942
2950, 508, 580
2951, 31, 861
2952, 141, 836
2953, 747, 947
2954, 338, 876
2955, 351, 775
2956, 96, 321
2957, 486, 585
2958, 892, 917
2959, 156, 248
2960, 142, 807
2961, 474, 872
2962, 38, 581
2963, 555, 788
2964, 362, 921
2965, 665, 741
2966, 270, 883
2967, 794, 875
2968, 383, 582
2969, 101, 172
2970, 384, 525
2971, 234, 843
2972, 305, 714
2973, 8, 372
2974, 331, 983
2975, 117, 261
2976, 176, 224
2977, 549, 808
2978, 165, 693
2979, 539, 772
2980, 42, 531
2981, 328, 725
2982, 228, 982
2983, 71, 86
2984, 622, 915
2985, 532, 647
2986, 477, 972
2987, 155, 860
2988, 21, 389
2989, 475, 657
2990, 66, 575
2991, 74, 294
2992, 6, 24
2993, 569, 931
2994, 54, 395
2995, 247, 348
2996, 363, 815
2997, 249, 798
2998, 99, 677
2999, 192, 337
3000, 671, 764
3001, 586, 667
3002, 84, 450
3003, 299, 823
3004, 674, 884
3005, 454, 459
3006, 180, 265
3007, 46, 810
3008, 746, 998
3009, 373, 462
3010, 98, 526
3011, 150, 824
3012, 147, 188
3013, 79, 96
3014, 331, 869
3015, 208, 604
3016, 727, 795
3017, 477, 706
3018, 26, 657
3019, 152, 421
3020, 178, 735
3021, 209, 391
3022, 433, 829
3023, 268, 281
3024, 201, 887
3025, 275, 486
3026, 31, 765
3027, 566, 599
3028, 886, 983
3029, 114, 808
3030, 136, 251
3031, 2, 240
3032, 661, 766
3033, 104, 729
3034, 123, 187
3035, 54, 536
3036, 213, 558
3037, 556, 687
3038, 71, 400
3039, 100, 862
3040, 135, 842
3041, 345, 385
3042, 374, 598
3043, 271, 292
3044, 624, 700
3045, 825, 880
3046, 329, 554
3047, 375, 882
3048, 387, 461
3049, 362, 688
3050, 455, 519
3051, 535, 701
3052, 195, 630
3053, 125, 537
3054, 253, 847
3055, 194, 288
3056, 6, 895
3057, 622, 865
3058, 356, 898
3059, 221, 576
3060, 571, 845
3061, 153, 490
3062, 212, 496
3063, 109, 388
3064, 737, 922
3065, 145, 785
3066, 238, 660
3067, 579, 917
3068, 502, 971
3069, 9, 572
3070, 34, 507
3071, 217, 640
3072, 782, 838
3073, 230, 297
3074, 417, 854
3075, 595, 930
3076, 367, 860
3077, 86, 933
3078, 514, 974
3079, 164, 449
3080, 380, 733
3081, 258, 555
3082, 323, 516
3083, 257, 471
3084, 254, 967
3085, 294, 901
3086, 612, 780
3087, 802, 945
3088, 29, 685
3089, 168, 858
3090, 21, 220
3091, 39, 436
3092, 119, 646
3093, 429, 591
3094, 411, 482
3095, 75, 883
3096, 654, 953
3097, 402, 431
3098, 447, 833
3099, 768, 788
3100, 47, 863
3101, 815, 993
3102, 13, 530
3103, 708, 743
3104, 28, 290
3105, 48, 205
3106, 552, 645
3107, 613, 943
3108, 177, 293
3109, 468, 891
3110, 115, 947
3111, 307, 522
3112, 340, 698
3113, 4, 629
3114, 439, 812
3115, 322, 651
3116, 710, 958
3117, 680, 900
3118, 159, 527
3119, 346, 956
3120, 113, 950
3121, 377, 937
3122, 349, 369
3123, 110, 489
3124, 682, 817
3125, 347, 836
3126, 65, 548
3127, 255, 719
3128, 574, 747
3129, 584, 751
3130, 51, 222
3131, 134, 639
3132, 264, 702
3133, 298, 618
3134, 85, 95
3135, 561, 939
3136, 720, 745
3137, 686, 756
3138, 277, 985
3139, 453, 709
3140, 551, 632
3141, 683, 976
3142, 412, 991
3143, 197, 620
3144, 577, 918
3145, 919, 942
3146, 235, 609
3147, 93, 117
3148, 596, 656
3149, 60, 881
3150, 122, 446
3151, 559, 718
3152, 403, 464
3153, 761, 872
3154, 132, 625
3155, 190, 965
3156, 383, 995
3157, 252, 948
3158, 66, 711
3159, 73, 616
3160, 143, 229
3161, 518, 964
3162, 337, 568
3163, 176, 839
3164, 88, 758
3165, 101, 438
3166, 316, 890
3167, 49, 314
3168, 592, 936
3169, 707, 783
3170, 99, 499
3171, 370, 857
3172, 228, 726
3173, 236, 336
3174, 278, 384
3175, 232, 525
3176, 69, 435
3177, 142, 295
3178, 831, 870
3179, 557, 980
3180, 393, 443
3181, 372, 408
3182, 728, 987
3183, 129, 664
3184, 246, 543
3185, 343, 724
3186, 821, 846
3187, 544, 855
3188, 23, 91
3189, 786, 805
3190, 355, 787
3191, 607, 981
3192, 327, 409
3193, 320, 804
3194, 469, 848
3195, 182, 511
3196, 12, 914
3197, 611, 806
3198, 587, 666
3199, 771, 916
3200, 368, 949
3201, 42, 714
3202, 410, 920
3203, 631, 781
3204, 250, 303
3205, 157, 734
3206, 160, 970
3207, 354, 483
3208, 102, 465
3209, 263, 773
3210, 308, 692
3211, 259, 800
3212, 636, 834
3213, 249, 396
3214, 234, 699
3215, 151, 458
3216, 285, 960
3217, 723, 741
3218, 7, 68
3219, 55, 760
3220, 382, 405
3221, 590, 635
3222, 300, 484
3223, 59, 984
3224, 601, 705
3225, 452, 982
3226, 740, 789
3227, 269, 430
3228, 472, 924
3229, 97, 404
3230, 144, 364
3231, 70, 915
3232, 907, 931
3233, 474, 906
3234, 219, 361
3235, 585, 894
3236, 488, 798
3237, 818, 929
3238, 233, 977
3239, 803, 927
3240, 670, 997
3241, 296, 363
3242, 305, 791
3243, 390, 905
3244, 619, 623
3245, 78, 371
3246, 565, 742
3247, 80, 206
3248, 283, 757
3249, 186, 357
3250, 225, 794
3251, 226, 580
3252, 583, 722
3253, 312, 979
3254, 130, 432
3255, 155, 775
3256, 36, 990
3257, 64, 231
3258, 328, 492
3259, 739, 820
3260, 602, 841
3261, 407, 844
3262, 270, 888
3263, 27, 414
3264, 146, 199
3265, 669, 738
3266, 359, 517
3267, 302, 655
3268, 318, 627
3269, 16, 279
3270, 183, 506
3271, 750, 868
3272, 626, 809
3273, 871, 966
3274, 272, 351
3275, 451, 460
3276, 215, 242
3277, 539, 550
3278, 677, 703
3279, 935, 992
3280, 350, 628
3281, 428, 896
3282, 487, 904
3283, 386, 494
3284, 333, 643
3285, 478, 843
3286, 203, 332
3287, 476, 546
3288, 111, 684
3289, 141, 266
3290, 58, 500
3291, 140, 877
3292, 309, 311
3293, 444, 563
3294, 112, 776
3295, 835, 853
3296, 679, 832
3297, 162, 365
3298, 139, 509
3299, 495, 762
3300, 830, 875
3301, 105, 485
3302, 163, 694
3303, 837, 963
3304, 19, 778
3305, 335, 681
3306, 148, 748
3307, 649, 696
3308, 730, 772
3309, 33, 675
3310, 216, 498
3311, 520, 913
3312, 501, 752
3313, 538, 617
3314, 903, 910
3315, 440, 614
3316, 149, 644
3317, 878, 912
3318, 124, 175
3319, 169, 248
3320, 425, 861
3321, 207, 348
3322, 121, 989
3323, 18, 274
3324, 491, 662
3325, 540, 549
3326, 137, 512
3327, 437, 523
3328, 1, 889
3329, 243, 763
3330, 334, 799
3331, 273, 665
3332, 154, 634
3333, 691, 911
3334, 304, 389
3335, 755, 767
3336, 508, 938
3337, 816, 864
3338, 43, 63
3339, 319, 852
3340, 378, 961
3341, 326, 497
3342, 573, 1000
3343, 479, 610
3344, 237, 790
3345, 321, 899
3346, 76, 524
3347, 82, 594
3348, 504, 597
3349, 189, 671
3350, 241, 395
3351, 174, 376
3352, 14, 179
3353, 170, 866
3354, 67, 560
3355, 313, 358
3356, 289, 570
3357, 200, 456
3358, 342, 562
3359, 56, 638
3360, 198, 793
3361, 106, 202
3362, 120, 204
3363, 588, 759
3364, 74, 131
3365, 161, 659
3366, 53, 637
3367, 481, 973
3368, 5, 227
3369, 339, 814
3370, 366, 721
3371, 22, 118
3372, 470, 909
3373, 280, 547
3374, 770, 811
3375, 648, 678
3376, 193, 819
3377, 8, 578
3378, 92, 986
3379, 856, 978
3380, 480, 934
3381, 72, 89
3382, 704, 951
3383, 413, 416
3384, 442, 952
3385, 725, 932
3386, 753, 801
3387, 247, 653
3388, 196, 840
3389, 192, 463
3390, 52, 879
3391, 40, 158
3392, 434, 532
3393, 181, 528
3394, 37, 392
3395, 184, 885
3396, 165, 658
3397, 427, 515
3398, 717, 921
3399, 61, 324
3400, 398, 589
3401, 676, 873
3402, 172, 893
3403, 126, 353
3404, 531, 792
3405, 20, 45
3406, 306, 418
3407, 116, 171
3408, 764, 962
3409, 615, 647
3410, 510, 754
3411, 315, 972
3412, 191, 603
3413, 50, 94
3414, 41, 341
3415, 108, 521
3416, 650, 944
3417, 267, 493
3418, 330, 426
3419, 127, 338
3420, 3, 423
3421, 32, 969
3422, 261, 928
3423, 286, 441
3424, 10, 445
3425, 245, 545
3426, 35, 83
3427, 87, 849
3428, 244, 784
3429, 214, 291
3430, 284, 731
3431, 807, 954
3432, 394, 940
3433, 30, 695
3434, 401, 533
3435, 128, 260
3436, 457, 652
3437, 57, 415
3438, 420, 851
3439, 593, 925
3440, 185, 282
3441, 422, 575
3442, 62, 690
3443, 276, 600
3444, 138, 301
3445, 156, 262
3446, 15, 466
3447, 103, 224
3448, 902, 957
3449, 352, 689
3450, 473, 642
3451, 582, 641
3452, 541, 988
3453, 567, 797
3454, 317, 908
3455, 397, 448
3456, 133, 581
3457, 25, 534
3458, 90, 796
3459, 715, 867
3460, 173, 946
3461, 381, 996
3462, 379, 673
3463, 732, 744
3464, 24, 503
3465, 467, 994
3466, 569, 633
3467, 167, 769
3468, 529, 826
3469, 713, 774
3470, 210, 941
3471, 239, 813
3472, 736, 779
3473, 166, 716
3474, 672, 874
3475, 44, 959
3476, 218, 955
3477, 606, 850
3478, 38, 621
3479, 399, 608
3480, 11, 77
3481, 693, 926
3482, 287, 564
3483, 223, 344
3484, 17, 325
3485, 81, 697
3486, 827, 892
3487, 542, 668
3488, 605, 923
3489, 211, 406
3490, 822, 968
3491, 419, 859
3492, 749, 876
3493, 360, 475
3494, 828, 975
3495, 256, 999
3496, 663, 897
3497, 553, 777
3498, 505, 712
3499, 107, 424
3500, 310, 513
3501, 175, 283
3502, 447, 621
3503, 57, 589
3504, 74, 385
3505, 6, 146
3506, 62, 572
3507, 636, 772
3508, 282, 982
3509, 84, 394
3510, 549, 801
3511, 105, 918
3512, 732, 934
3513, 239, 898
3514, 169, 624
3515, 201, 453
3516, 818, 835
3517, 204, 429
3518, 421, 998
3519, 369, 515
3520, 541, 867
3521, 266, 309
3522, 85, 628
3523, 13, 841
3524, 191, 597
3525, 264, 924
3526, 406, 484
3527, 251, 508
3528, 340, 673
3529, 289, 442
3530, 218, 648
3531, 858, 863
3532, 134, 372
3533, 411, 916
3534, 56, 744
3535, 439, 481
3536, 108, 436
3537, 286, 929
3538, 8, 861
3539, 278, 798
3540, 40, 685
3541, 200, 271
3542, 451, 768
3543, 227, 467
3544, 167, 470
3545, 171, 976
3546, 543, 817
3547, 155, 782
3548, 128, 775
3549, 608, 821
3550, 360, 852
3551, 308, 571
3552, 26, 387
3553, 58, 229
3554, 351, 469
3555, 37, 490
3556, 118, 472
3557, 919, 950
3558, 51, 875
3559, 53, 966
3560, 880, 883
3561, 404, 968
3562, 161, 381
3563, 88, 157
3564, 463, 829
3565, 399, 660
3566, 450, 997
3567, 666, 681
3568, 547, 633
3569, 164, 319
3570, 659, 738
3571, 194, 602
3572, 462, 592
3573, 637, 647
3574, 147, 940
3575, 48, 667
3576, 524, 920
3577, 310, 699
3578, 116, 828
3579, 466, 803
3580, 43, 505
3581, 41, 576
3582, 23, 76
3583, 321, 519
3584, 54, 649
3585, 131, 631
3586, 591, 787
3587, 226, 522
3588, 154, 250
3589, 444, 921
3590, 75, 575
3591, 397, 587
3592, 298, 643
3593, 89, 350
3594, 77, 622
3595, 101, 158
3596, 683, 757
3597, 561, 668
3598, 371, 504
3599, 17, 61
3600, 312, 749
3601, 689, 970
3602, 400, 805
3603, 330, 434
3604, 367, 567
3605, 180, 776
3606, 129, 525
3607, 617, 859
3608, 534, 986
3609, 627, 698
3610, 460, 678
3611, 173, 911
3612, 307, 741
3613, 80, 640
3614, 268, 669
3615, 663, 949
3616, 813, 870
3617, 345, 500
3618, 642, 912
3619, 588, 905
3620, 42, 405
3621, 517, 967
3622, 326, 851
3623, 292, 342
3624, 357, 364
3625, 610, 939
3626, 302, 767
3627, 242, 538
3628, 426, 670
3629, 358, 580
3630, 163, 962
3631, 269, 343
3632, 378, 705
3633, 731, 907
3634, 328, 376
3635, 79, 91
3636, 33, 133
3637, 423, 983
3638, 5, 126
3639, 594, 936
3640, 238, 900
3641, 235, 746
3642, 137, 822
3643, 184, 270
3644, 316, 606
3645, 293, 315
3646, 537, 832
3647, 774, 848
3648, 96, 375
3649, 438, 956
3650, 475, 753
3651, 259, 568
3652, 657, 909
3653, 815, 886
3654, 166, 290
3655, 497, 651
3656, 11, 896
3657, 4, 468
3658, 168, 917
3659, 46, 876
3660, 677, 716
3661, 700, 890
3662, 192, 212
3663, 456, 721
3664, 50, 806
3665, 156, 988
3666, 382, 579
3667, 122, 256
3668, 644, 987
3669, 165, 338
3670, 305, 384
3671, 206, 276
3672, 479, 963
3673, 119, 361
3674, 274, 664
3675, 241, 973
3676, 109, 240
3677, 261, 899
3678, 208, 766
3679, 10, 331
3680, 21, 548
3681, 540, 692
3682, 897, 922
3683, 160, 272
3684, 352, 410
3685, 808, 937
3686, 179, 786
3687, 55, 796
3688, 501, 879
3689, 125, 850
3690, 115, 150
3691, 729, 855
3692, 244, 461
3693, 182, 877
3694, 482, 632
3695, 267, 297
3696, 947, 965
3697, 252, 639
3698, 245, 941
3699, 19, 804
3700, 78, 590
3701, 67, 390
3702, 139, 701
3703, 203, 348
3704, 231, 871
3705, 408, 894
3706, 496, 529
3707, 28, 374
3708, 27, 745
3709, 334, 763
3710, 459, 574
3711, 152, 418
3712, 14, 720
3713, 254, 925
3714, 457, 676
3715, 415, 853
3716, 427, 521
3717, 59, 718
3718, 533, 544
3719, 221, 654
3720, 586, 615
3721, 260, 812
3722, 25, 44
3723, 388, 884
3724, 207, 954
3725, 32, 224
3726, 195, 914
3727, 29, 234
3728, 396, 810
3729, 112, 366
3730, 552, 785
3731, 111, 946
3732, 202, 495
3733, 144, 558
3734, 106, 513
3735, 71, 130
3736, 1, 281
3737, 294, 903
3738, 213, 507
3739, 257, 961
3740, 600, 712
3741, 530, 695
3742, 83, 737
3743, 409, 931
3744, 275, 392
3745, 230, 799
3746, 650, 833
3747, 846, 873
3748, 790, 837
3749, 176, 412
3750, 356, 839
3751, 140, 856
3752, 99, 993
3753, 478, 626
3754, 440, 565
3755, 419, 492
3756, 645, 702
3757, 703, 743
3758, 102, 237
3759, 781, 927
3760, 86, 181
3761, 391, 760
3762, 362, 736
3763, 18, 792
3764, 443, 800
3765, 770, 844
3766, 15, 960
3767, 12, 560
3768, 679, 969
3769, 196, 215
3770, 727, 751
3771, 110, 452
3772, 95, 322
3773, 473, 604
3774, 416, 532
3775, 228, 407
3776, 117, 493
3777, 225, 819
3778, 232, 337
3779, 172, 862
3780, 445, 959
3781, 63, 494
3782, 199, 265
3783, 944, 984
3784, 9, 765
3785, 107, 928
3786, 177, 570
3787, 189, 354
3788, 3, 509
3789, 595, 868
3790, 247, 329
3791, 20, 413
3792, 124, 807
3793, 90, 349
3794, 365, 723
3795, 121, 186
3796, 216, 474
3797, 38, 957
3798, 771, 955
3799, 35, 280
3800, 487, 536
3801, 198, 553
3802, 296, 948
3803, 516, 972
3804, 66, 183
3805, 2, 87
3806, 81, 383
3807, 31, 491
3808, 402, 932
3809, 159, 370
3810, 64, 455
3811, 690, 889
3812, 306, 324
3813, 70, 531
3814, 448, 994
3815, 398, 710
3816, 273, 662
3817, 926, 942
3818, 313, 403
3819, 764, 943
3820, 656, 754
3821, 320, 864
3822, 341, 825
3823, 104, 991
3824, 511, 675
3825, 45, 174
3826, 127, 904
3827, 185, 327
3828, 706, 726
3829, 253, 581
3830, 414, 609
3831, 393, 611
3832, 170, 694
3833, 335, 623
3834, 197, 854
3835, 514, 634
3836, 214, 658
3837, 249, 255
3838, 709, 945
3839, 488, 834
3840, 68, 596
3841, 542, 985
3842, 486, 811
3843, 379, 585
3844, 424, 874
3845, 489, 933
3846, 223, 368
3847, 556, 979
3848, 528, 684
3849, 598, 778
3850, 39, 748
3851, 629, 895
3852, 303, 691
3853, 82, 638
3854, 325, 428
3855, 563, 847
3856, 373, 715
3857, 559, 777
3858, 564, 882
3859, 518, 872
3860, 512, 566
3861, 577, 734
3862, 336, 908
3863, 233, 840
3864, 389, 788
3865, 60, 892
3866, 135, 573
3867, 498, 614
3868, 100, 697
3869, 593, 953
3870, 178, 502
3871, 193, 971
3872, 187, 857
3873, 153, 287
3874, 380, 761
3875, 113, 386
3876, 682, 952
3877, 205, 646
3878, 464, 826
3879, 550, 814
3880, 123, 620
3881, 346, 913
3882, 22, 527
3883, 73, 285
3884, 148, 262
3885, 437, 860
3886, 49, 339
3887, 98, 655
3888, 363, 779
3889, 209, 711
3890, 145, 665
3891, 258, 995
3892, 36, 69
3893, 603, 964
3894, 417, 704
3895, 641, 893
3896, 34, 132
3897, 30, 97
3898, 318, 562
3899, 422, 431
3900, 138, 454
3901, 793, 951
3902, 520, 725
3903, 503, 974
3904, 217, 733
3905, 735, 780
3906, 299, 930
3907, 246, 809
3908, 93, 359
3909, 317, 823
3910, 430, 842
3911, 47, 881
3912, 485, 661
3913, 526, 599
3914, 295, 539
3915, 377, 582
3916, 625, 935
3917, 136, 420
3918, 554, 992
3919, 347, 535
3920, 557, 672
3921, 210, 333
3922, 555, 652
3923, 740, 791
3924, 425, 630
3925, 222, 680
3926, 92, 866
3927, 142, 476
3928, 693, 910
3929, 613, 838
3930, 304, 756
3931, 433, 616
3932, 762, 845
3933, 465, 722
3934, 248, 752
3935, 827, 915
3936, 103, 728
3937, 65, 797
3938, 243, 311
3939, 236, 902
3940, 707, 849
3941, 151, 901
3942, 355, 687
3943, 546, 755
3944, 674, 795
3945, 441, 446
3946, 288, 551
3947, 277, 719
3948, 16, 219
3949, 545, 794
3950, 938, 978
3951, 510, 843
3952, 344, 836
3953, 141, 759
3954, 618, 688
3955, 523, 865
3956, 314, 506
3957, 769, 831
3958, 300, 891
3959, 114, 820
3960, 477, 480
3961, 72, 653
3962, 211, 802
3963, 747, 990
3964, 24, 869
3965, 279, 783
3966, 120, 471
3967, 432, 773
3968, 724, 996
3969, 323, 458
3970, 401, 714
3971, 816, 1000
3972, 149, 742
3973, 94, 980
3974, 686, 717
3975, 607, 923
3976, 758, 906
3977, 635, 989
3978, 696, 981
3979, 739, 789
3980, 301, 584
3981, 708, 824
3982, 878, 885
3983, 830, 975
3984, 395, 713
3985, 499, 999
3986, 888, 977
3987, 188, 190
3988, 52, 353
3989, 612, 784
3990, 601, 958
3991, 578, 583
3992, 483, 730
3993, 284, 619
3994, 291, 332
3995, 750, 887
3996, 449, 569
3997, 7, 162
3998, 435, 605
3999, 220, 263
4000, 143, 671
