id, img1, img2
1, 434, 639
2, 444, 967
3, 485, 964
4, 255, 526
5, 334, 619
6, 99, 375
7, 19, 710
8, 817, 982
9, 248, 490
10, 32, 881
11, 670, 752
12, 367, 495
13, 59, 177
14, 506, 693
15, 147, 449
16, 667, 846
17, 601, 854
18, 779, 798
19, 755, 861
20, 129, 460
21, 676, 707
22, 161, 305
23, 712, 733
24, 179, 196
25, 361, 442
26, 124, 525
27, 377, 986
28, 448, 687
29, 222, 671
30, 501, 908
31, 89, 223
32, 264, 576
33, 595, 988
34, 74, 320
35, 484, 739
36, 472, 896
37, 1, 322
38, 169, 236
39, 70, 339
40, 53, 909
41, 92, 304
42, 426, 773
43, 105, 705
44, 417, 647
45, 630, 897
46, 6, 732
47, 51, 204
48, 260, 550
49, 77, 393
50, 453, 735
51, 35, 225
52, 110, 273
53, 665, 725
54, 332, 421
55, 488, 793
56, 462, 730
57, 244, 931
58, 579, 952
59, 52, 175
60, 729, 795
61, 313, 409
62, 288, 379
63, 336, 513
64, 340, 938
65, 46, 233
66, 199, 275
67, 592, 786
68, 451, 985
69, 315, 942
70, 457, 799
71, 241, 548
72, 85, 797
73, 397, 602
74, 108, 141
75, 608, 767
76, 590, 711
77, 64, 130
78, 482, 661
79, 272, 285
80, 686, 781
81, 203, 953
82, 610, 978
83, 384, 585
84, 162, 709
85, 171, 298
86, 374, 611
87, 303, 570
88, 106, 182
89, 856, 984
90, 71, 916
91, 607, 879
92, 119, 811
93, 507, 911
94, 125, 373
95, 30, 695
96, 769, 925
97, 279, 537
98, 547, 582
99, 823, 973
100, 804, 945
101, 454, 652
102, 239, 518
103, 436, 960
104, 617, 750
105, 494, 873
106, 100, 703
107, 849, 947
108, 187, 587
109, 295, 524
110, 280, 394
111, 114, 716
112, 527, 822
113, 310, 446
114, 343, 355
115, 859, 995
116, 122, 228
117, 471, 651
118, 107, 441
119, 61, 345
120, 133, 674
121, 42, 136
122, 489, 905
123, 316, 405
124, 87, 520
125, 408, 996
126, 94, 824
127, 205, 638
128, 533, 928
129, 765, 887
130, 787, 894
131, 281, 794
132, 534, 813
133, 354, 882
134, 479, 772
135, 435, 516
136, 424, 802
137, 541, 627
138, 166, 522
139, 351, 390
140, 371, 402
141, 181, 664
142, 683, 690
143, 923, 979
144, 12, 121
145, 668, 892
146, 642, 805
147, 104, 219
148, 15, 555
149, 556, 586
150, 256, 980
151, 34, 553
152, 253, 852
153, 456, 828
154, 184, 957
155, 254, 770
156, 237, 411
157, 62, 350
158, 528, 531
159, 368, 626
160, 132, 864
161, 17, 266
162, 466, 551
163, 519, 715
164, 44, 185
165, 252, 438
166, 39, 597
167, 151, 594
168, 806, 827
169, 747, 888
170, 566, 961
171, 138, 565
172, 381, 900
173, 575, 669
174, 134, 212
175, 2, 748
176, 540, 796
177, 135, 172
178, 242, 744
179, 616, 633
180, 618, 971
181, 265, 612
182, 174, 270
183, 841, 927
184, 432, 877
185, 521, 785
186, 72, 721
187, 398, 557
188, 780, 963
189, 791, 915
190, 318, 962
191, 561, 891
192, 9, 511
193, 229, 933
194, 658, 863
195, 16, 259
196, 572, 603
197, 197, 437
198, 552, 949
199, 83, 656
200, 423, 839
201, 152, 416
202, 719, 975
203, 95, 430
204, 620, 622
205, 153, 990
206, 850, 899
207, 21, 509
208, 359, 940
209, 13, 571
210, 347, 530
211, 362, 788
212, 745, 890
213, 149, 510
214, 505, 842
215, 38, 492
216, 314, 625
217, 756, 829
218, 311, 666
219, 363, 400
220, 220, 544
221, 440, 461
222, 312, 593
223, 843, 936
224, 56, 959
225, 131, 464
226, 25, 210
227, 3, 731
228, 650, 789
229, 78, 218
230, 268, 807
231, 238, 294
232, 380, 895
233, 542, 921
234, 324, 559
235, 189, 267
236, 840, 871
237, 207, 319
238, 860, 937
239, 75, 202
240, 183, 920
241, 14, 581
242, 902, 970
243, 69, 943
244, 8, 18
245, 112, 289
246, 364, 389
247, 600, 999
248, 833, 866
249, 118, 366
250, 297, 577
251, 123, 545
252, 128, 282
253, 378, 836
254, 326, 968
255, 632, 700
256, 308, 803
257, 301, 981
258, 538, 737
259, 116, 758
260, 262, 766
261, 591, 837
262, 740, 919
263, 352, 512
264, 49, 718
265, 331, 754
266, 508, 790
267, 428, 568
268, 84, 406
269, 36, 580
270, 387, 777
271, 341, 974
272, 874, 976
273, 478, 749
274, 413, 950
275, 50, 486
276, 299, 946
277, 26, 657
278, 317, 517
279, 491, 706
280, 103, 465
281, 48, 564
282, 743, 906
283, 369, 644
284, 474, 475
285, 697, 939
286, 287, 783
287, 91, 111
288, 330, 966
289, 55, 146
290, 412, 467
291, 27, 972
292, 37, 98
293, 243, 955
294, 296, 599
295, 101, 391
296, 583, 636
297, 403, 563
298, 81, 480
299, 97, 342
300, 58, 201
301, 481, 930
302, 401, 450
303, 176, 934
304, 57, 646
305, 292, 365
306, 645, 688
307, 232, 713
308, 230, 724
309, 477, 834
310, 148, 349
311, 567, 614
312, 22, 997
313, 726, 935
314, 45, 810
315, 28, 659
316, 504, 886
317, 170, 214
318, 344, 855
319, 102, 120
320, 637, 865
321, 93, 993
322, 216, 286
323, 677, 951
324, 215, 532
325, 258, 835
326, 628, 954
327, 291, 977
328, 306, 699
329, 142, 168
330, 529, 635
331, 249, 869
332, 302, 723
333, 483, 609
334, 821, 1000
335, 206, 742
336, 328, 418
337, 809, 904
338, 327, 414
339, 190, 535
340, 63, 643
341, 157, 213
342, 759, 926
343, 388, 476
344, 682, 753
345, 358, 867
346, 604, 680
347, 115, 605
348, 180, 293
349, 640, 819
350, 221, 382
351, 463, 598
352, 43, 649
353, 144, 217
354, 459, 884
355, 160, 198
356, 7, 209
357, 360, 655
358, 145, 502
359, 31, 932
360, 165, 415
361, 231, 278
362, 808, 944
363, 452, 818
364, 558, 578
365, 234, 800
366, 427, 717
367, 158, 778
368, 309, 338
369, 284, 868
370, 684, 727
371, 193, 893
372, 137, 969
373, 66, 560
374, 469, 847
375, 353, 621
376, 127, 420
377, 329, 523
378, 396, 596
379, 782, 870
380, 192, 589
381, 194, 200
382, 372, 631
383, 4, 383
384, 257, 746
385, 694, 851
386, 573, 678
387, 235, 455
388, 269, 549
389, 113, 536
390, 546, 685
391, 503, 760
392, 67, 226
393, 588, 764
394, 109, 139
395, 10, 910
396, 641, 648
397, 562, 776
398, 738, 880
399, 321, 613
400, 29, 410
401, 159, 399
402, 191, 672
403, 68, 673
404, 156, 274
405, 163, 965
406, 634, 958
407, 188, 425
408, 41, 271
409, 496, 662
410, 458, 663
411, 654, 698
412, 164, 763
413, 395, 901
414, 47, 431
415, 195, 872
416, 470, 857
417, 211, 708
418, 728, 815
419, 357, 392
420, 816, 838
421, 768, 825
422, 246, 775
423, 335, 623
424, 741, 912
425, 692, 757
426, 60, 407
427, 653, 784
428, 820, 848
429, 140, 150
430, 792, 853
431, 386, 554
432, 90, 574
433, 173, 696
434, 227, 918
435, 247, 876
436, 143, 858
437, 178, 660
438, 88, 445
439, 376, 948
440, 346, 771
441, 333, 443
442, 862, 987
443, 126, 468
444, 429, 992
445, 23, 991
446, 736, 832
447, 33, 325
448, 751, 844
449, 186, 812
450, 433, 493
451, 155, 224
452, 20, 629
453, 208, 385
454, 337, 497
455, 515, 989
456, 283, 956
457, 65, 889
458, 702, 801
459, 54, 404
460, 117, 885
461, 323, 907
462, 356, 584
463, 290, 348
464, 447, 762
465, 722, 922
466, 500, 734
467, 261, 606
468, 245, 498
469, 704, 983
470, 5, 898
471, 79, 998
472, 499, 924
473, 487, 878
474, 251, 624
475, 569, 691
476, 679, 714
477, 845, 883
478, 80, 830
479, 24, 720
480, 615, 831
481, 439, 675
482, 300, 473
483, 903, 914
484, 82, 814
485, 40, 774
486, 539, 761
487, 76, 276
488, 701, 994
489, 73, 543
490, 419, 917
491, 11, 689
492, 681, 826
493, 96, 514
494, 154, 929
495, 263, 307
496, 370, 941
497, 240, 913
498, 86, 277
499, 167, 422
500, 250, 875
501, 57, 904
502, 52, 969
503, 77, 154
504, 233, 539
505, 3, 58
506, 11, 848
507, 414, 537
508, 36, 812
509, 372, 840
510, 107, 319
511, 138, 860
512, 740, 815
513, 223, 263
514, 665, 864
515, 161, 956
516, 160, 638
517, 86, 929
518, 123, 595
519, 435, 727
520, 890, 915
521, 621, 749
522, 331, 782
523, 258, 854
524, 267, 967
525, 688, 709
526, 103, 971
527, 189, 959
528, 9, 403
529, 49, 663
530, 277, 460
531, 27, 888
532, 13, 950
533, 221, 368
534, 132, 597
535, 217, 878
536, 767, 932
537, 427, 737
538, 264, 968
539, 385, 820
540, 376, 978
541, 656, 896
542, 732, 984
543, 562, 873
544, 71, 496
545, 531, 705
546, 384, 462
547, 857, 944
548, 405, 519
549, 118, 646
550, 637, 802
551, 667, 912
552, 287, 785
553, 194, 622
554, 44, 171
555, 747, 784
556, 876, 992
557, 43, 145
558, 355, 668
559, 125, 875
560, 781, 918
561, 642, 937
562, 322, 691
563, 696, 811
564, 680, 833
565, 434, 765
566, 252, 596
567, 983, 988
568, 618, 880
569, 256, 647
570, 392, 406
571, 619, 778
572, 184, 794
573, 234, 250
574, 540, 636
575, 33, 975
576, 183, 678
577, 207, 270
578, 303, 721
579, 169, 538
580, 825, 886
581, 82, 594
582, 527, 565
583, 510, 534
584, 602, 892
585, 601, 887
586, 38, 913
587, 62, 735
588, 329, 583
589, 193, 625
590, 121, 695
591, 771, 835
592, 338, 839
593, 120, 503
594, 15, 345
595, 55, 108
596, 316, 495
597, 463, 921
598, 111, 868
599, 421, 807
600, 532, 819
601, 243, 348
602, 614, 798
603, 381, 787
604, 124, 340
605, 54, 777
606, 157, 247
607, 474, 701
608, 289, 858
609, 134, 700
610, 689, 810
611, 180, 261
612, 546, 557
613, 95, 172
614, 35, 796
615, 23, 105
616, 529, 631
617, 461, 627
618, 493, 955
619, 516, 660
620, 584, 672
621, 64, 268
622, 728, 859
623, 242, 541
624, 224, 942
625, 304, 895
626, 423, 444
627, 648, 834
628, 408, 566
629, 317, 725
630, 743, 933
631, 69, 586
632, 232, 671
633, 377, 982
634, 222, 598
635, 731, 869
636, 305, 768
637, 330, 358
638, 509, 690
639, 931, 989
640, 159, 974
641, 623, 865
642, 185, 335
643, 29, 206
644, 1, 736
645, 425, 628
646, 296, 410
647, 244, 664
648, 318, 682
649, 591, 692
650, 100, 251
651, 197, 265
652, 328, 687
653, 773, 964
654, 21, 457
655, 315, 343
656, 422, 454
657, 22, 253
658, 326, 817
659, 89, 710
660, 18, 502
661, 6, 32
662, 404, 905
663, 469, 806
664, 165, 939
665, 99, 106
666, 204, 923
667, 96, 829
668, 200, 734
669, 112, 910
670, 284, 698
671, 465, 657
672, 117, 849
673, 94, 375
674, 561, 571
675, 471, 940
676, 387, 801
677, 208, 378
678, 413, 837
679, 286, 827
680, 301, 938
681, 2, 821
682, 382, 535
683, 236, 808
684, 85, 310
685, 522, 909
686, 574, 797
687, 297, 308
688, 641, 645
689, 324, 470
690, 156, 745
691, 238, 254
692, 587, 828
693, 37, 533
694, 170, 764
695, 149, 752
696, 48, 269
697, 81, 599
698, 56, 813
699, 391, 446
700, 219, 285
701, 477, 883
702, 836, 926
703, 63, 190
704, 271, 553
705, 66, 205
706, 19, 293
707, 45, 415
708, 367, 861
709, 158, 163
710, 135, 142
711, 357, 755
712, 178, 569
713, 490, 822
714, 361, 977
715, 347, 365
716, 341, 491
717, 349, 844
718, 325, 451
719, 464, 476
720, 114, 323
721, 443, 670
722, 87, 201
723, 191, 380
724, 72, 288
725, 211, 711
726, 874, 952
727, 369, 990
728, 216, 901
729, 673, 769
730, 608, 697
731, 893, 900
732, 417, 852
733, 74, 231
734, 116, 934
735, 126, 999
736, 146, 899
737, 16, 957
738, 590, 751
739, 80, 407
740, 523, 947
741, 272, 762
742, 459, 763
743, 164, 416
744, 401, 468
745, 50, 394
746, 137, 576
747, 199, 786
748, 278, 379
749, 150, 196
750, 456, 924
751, 93, 168
752, 432, 716
753, 364, 851
754, 140, 962
755, 411, 719
756, 386, 513
757, 517, 640
758, 73, 788
759, 292, 520
760, 8, 332
761, 203, 935
762, 373, 894
763, 98, 559
764, 389, 581
765, 115, 226
766, 353, 897
767, 61, 90
768, 881, 985
769, 214, 862
770, 593, 958
771, 395, 515
772, 585, 774
773, 47, 823
774, 458, 855
775, 466, 600
776, 260, 818
777, 789, 831
778, 770, 911
779, 122, 255
780, 167, 314
781, 644, 961
782, 550, 750
783, 65, 536
784, 192, 775
785, 110, 674
786, 83, 681
787, 741, 898
788, 14, 838
789, 603, 654
790, 7, 501
791, 51, 610
792, 309, 393
793, 447, 592
794, 452, 704
795, 101, 824
796, 428, 760
797, 437, 484
798, 630, 845
799, 722, 795
800, 31, 930
801, 754, 997
802, 339, 960
803, 779, 979
804, 783, 914
805, 528, 712
806, 312, 953
807, 336, 356
808, 606, 702
809, 259, 803
810, 449, 832
811, 651, 661
812, 147, 632
813, 753, 879
814, 97, 139
815, 181, 793
816, 75, 889
817, 4, 273
818, 544, 973
819, 188, 738
820, 175, 1000
821, 761, 949
822, 17, 455
823, 143, 998
824, 30, 418
825, 91, 351
826, 511, 607
827, 396, 662
828, 588, 846
829, 202, 430
830, 400, 578
831, 514, 853
832, 481, 580
833, 248, 426
834, 79, 863
835, 151, 847
836, 500, 872
837, 276, 472
838, 548, 882
839, 299, 346
840, 439, 908
841, 148, 866
842, 174, 563
843, 431, 730
844, 714, 948
845, 76, 995
846, 67, 954
847, 40, 649
848, 499, 972
849, 568, 867
850, 467, 965
851, 718, 772
852, 906, 980
853, 241, 556
854, 579, 639
855, 419, 708
856, 624, 804
857, 420, 633
858, 658, 713
859, 102, 635
860, 518, 555
861, 187, 707
862, 676, 720
863, 295, 525
864, 655, 729
865, 130, 620
866, 530, 570
867, 162, 699
868, 239, 334
869, 225, 572
870, 59, 512
871, 279, 486
872, 429, 643
873, 366, 693
874, 766, 917
875, 212, 871
876, 354, 448
877, 41, 805
878, 792, 919
879, 78, 131
880, 814, 927
881, 524, 996
882, 440, 928
883, 70, 195
884, 12, 715
885, 344, 920
886, 5, 582
887, 589, 694
888, 104, 922
889, 152, 629
890, 144, 842
891, 684, 790
892, 155, 951
893, 245, 390
894, 350, 703
895, 92, 884
896, 210, 229
897, 508, 617
898, 398, 677
899, 128, 850
900, 441, 634
901, 39, 870
902, 573, 780
903, 383, 453
904, 298, 450
905, 492, 841
906, 549, 679
907, 26, 262
908, 675, 994
909, 371, 487
910, 281, 424
911, 397, 526
912, 213, 436
913, 88, 228
914, 129, 756
915, 290, 724
916, 179, 480
917, 545, 613
918, 119, 650
919, 136, 282
920, 554, 970
921, 235, 856
922, 604, 723
923, 182, 891
924, 800, 941
925, 113, 352
926, 24, 826
927, 173, 748
928, 42, 109
929, 280, 313
930, 291, 759
931, 60, 717
932, 359, 877
933, 611, 758
934, 84, 494
935, 542, 991
936, 230, 653
937, 399, 483
938, 307, 885
939, 560, 615
940, 478, 612
941, 283, 757
942, 320, 485
943, 830, 966
944, 809, 902
945, 209, 505
946, 240, 946
947, 475, 482
948, 133, 945
949, 666, 976
950, 506, 799
951, 363, 963
952, 249, 497
953, 791, 816
954, 127, 726
955, 433, 575
956, 685, 925
957, 552, 916
958, 53, 370
959, 479, 936
960, 227, 843
961, 409, 521
962, 327, 333
963, 215, 489
964, 257, 551
965, 20, 993
966, 166, 498
967, 294, 388
968, 34, 652
969, 374, 669
970, 46, 609
971, 266, 360
972, 275, 507
973, 10, 445
974, 153, 302
975, 220, 742
976, 321, 744
977, 274, 442
978, 311, 733
979, 547, 739
980, 683, 776
981, 626, 981
982, 25, 362
983, 237, 342
984, 306, 567
985, 412, 605
986, 543, 686
987, 141, 746
988, 68, 177
989, 473, 564
990, 186, 659
991, 176, 218
992, 300, 337
993, 504, 986
994, 246, 438
995, 907, 987
996, 28, 402
997, 558, 706
998, 903, 943
999, 488, 577
1000, 198, 616
1001, 797, 984
1002, 411, 913
1003, 684, 704
1004, 208, 928
1005, 463, 467
1006, 800, 843
1007, 890, 926
1008, 19, 222
1009, 702, 724
1010, 70, 540
1011, 468, 740
1012, 106, 340
1013, 687, 917
1014, 187, 308
1015, 311, 569
1016, 382, 677
1017, 300, 959
1018, 571, 909
1019, 193, 490
1020, 481, 918
1021, 372, 862
1022, 31, 606
1023, 413, 826
1024, 683, 765
1025, 158, 625
1026, 130, 245
1027, 303, 367
1028, 250, 539
1029, 334, 711
1030, 16, 412
1031, 642, 758
1032, 392, 974
1033, 113, 374
1034, 535, 922
1035, 512, 565
1036, 46, 492
1037, 109, 266
1038, 256, 853
1039, 123, 568
1040, 706, 716
1041, 323, 379
1042, 267, 755
1043, 259, 618
1044, 120, 745
1045, 675, 949
1046, 145, 516
1047, 211, 983
1048, 236, 958
1049, 629, 929
1050, 108, 218
1051, 806, 812
1052, 213, 648
1053, 89, 180
1054, 2, 157
1055, 378, 607
1056, 244, 837
1057, 47, 333
1058, 944, 993
1059, 331, 833
1060, 58, 127
1061, 38, 119
1062, 480, 526
1063, 560, 855
1064, 61, 900
1065, 248, 630
1066, 486, 789
1067, 102, 942
1068, 573, 845
1069, 866, 902
1070, 143, 616
1071, 436, 865
1072, 68, 662
1073, 776, 785
1074, 511, 830
1075, 85, 220
1076, 81, 280
1077, 304, 951
1078, 134, 966
1079, 484, 996
1080, 536, 656
1081, 207, 406
1082, 163, 976
1083, 679, 898
1084, 381, 446
1085, 588, 624
1086, 730, 953
1087, 93, 440
1088, 389, 893
1089, 369, 882
1090, 777, 799
1091, 39, 319
1092, 554, 796
1093, 700, 947
1094, 877, 881
1095, 13, 332
1096, 640, 962
1097, 351, 751
1098, 121, 615
1099, 26, 228
1100, 65, 241
1101, 365, 737
1102, 358, 546
1103, 212, 637
1104, 418, 612
1105, 521, 673
1106, 98, 934
1107, 176, 404
1108, 454, 901
1109, 153, 895
1110, 161, 527
1111, 385, 414
1112, 12, 727
1113, 578, 782
1114, 534, 628
1115, 613, 697
1116, 268, 359
1117, 817, 842
1118, 136, 139
1119, 132, 464
1120, 224, 295
1121, 137, 757
1122, 664, 819
1123, 59, 472
1124, 27, 150
1125, 762, 784
1126, 515, 925
1127, 608, 712
1128, 82, 667
1129, 243, 435
1130, 322, 756
1131, 75, 128
1132, 51, 835
1133, 101, 888
1134, 32, 638
1135, 375, 645
1136, 275, 850
1137, 201, 980
1138, 425, 912
1139, 336, 791
1140, 186, 237
1141, 52, 930
1142, 522, 861
1143, 20, 549
1144, 660, 804
1145, 558, 781
1146, 242, 623
1147, 674, 764
1148, 147, 169
1149, 296, 960
1150, 74, 567
1151, 532, 920
1152, 205, 457
1153, 200, 234
1154, 555, 883
1155, 325, 626
1156, 55, 586
1157, 159, 731
1158, 421, 461
1159, 173, 181
1160, 582, 999
1161, 485, 503
1162, 124, 732
1163, 419, 995
1164, 77, 160
1165, 750, 879
1166, 393, 451
1167, 63, 658
1168, 148, 703
1169, 23, 670
1170, 709, 788
1171, 177, 450
1172, 111, 803
1173, 601, 692
1174, 284, 905
1175, 405, 952
1176, 298, 691
1177, 22, 938
1178, 251, 424
1179, 327, 643
1180, 36, 293
1181, 343, 836
1182, 226, 262
1183, 505, 908
1184, 95, 285
1185, 695, 778
1186, 247, 460
1187, 302, 698
1188, 88, 896
1189, 42, 62
1190, 313, 646
1191, 771, 875
1192, 483, 910
1193, 117, 668
1194, 18, 864
1195, 146, 524
1196, 708, 754
1197, 589, 678
1198, 192, 636
1199, 258, 977
1200, 305, 605
1201, 164, 229
1202, 408, 594
1203, 433, 868
1204, 185, 383
1205, 246, 537
1206, 87, 182
1207, 17, 822
1208, 556, 665
1209, 154, 215
1210, 559, 921
1211, 743, 887
1212, 770, 848
1213, 235, 633
1214, 452, 749
1215, 86, 821
1216, 317, 488
1217, 94, 839
1218, 286, 579
1219, 171, 194
1220, 561, 611
1221, 232, 301
1222, 227, 739
1223, 693, 723
1224, 386, 550
1225, 45, 399
1226, 112, 790
1227, 15, 395
1228, 4, 916
1229, 513, 886
1230, 504, 701
1231, 142, 557
1232, 274, 388
1233, 491, 827
1234, 126, 214
1235, 166, 736
1236, 321, 431
1237, 390, 652
1238, 735, 987
1239, 14, 361
1240, 371, 659
1241, 353, 946
1242, 846, 914
1243, 320, 396
1244, 96, 254
1245, 261, 427
1246, 671, 690
1247, 175, 973
1248, 178, 206
1249, 324, 655
1250, 90, 793
1251, 400, 975
1252, 593, 904
1253, 282, 489
1254, 270, 614
1255, 190, 360
1256, 7, 574
1257, 25, 110
1258, 24, 649
1259, 713, 779
1260, 876, 971
1261, 78, 682
1262, 138, 811
1263, 202, 287
1264, 29, 761
1265, 231, 824
1266, 631, 766
1267, 48, 233
1268, 335, 965
1269, 478, 681
1270, 307, 417
1271, 663, 841
1272, 456, 590
1273, 91, 217
1274, 239, 792
1275, 294, 410
1276, 3, 376
1277, 1, 37
1278, 685, 991
1279, 622, 717
1280, 831, 956
1281, 225, 306
1282, 609, 849
1283, 330, 497
1284, 107, 496
1285, 67, 344
1286, 442, 786
1287, 283, 366
1288, 506, 807
1289, 773, 924
1290, 432, 458
1291, 60, 820
1292, 41, 276
1293, 99, 471
1294, 635, 710
1295, 290, 498
1296, 165, 686
1297, 11, 420
1298, 189, 553
1299, 465, 997
1300, 572, 982
1301, 858, 950
1302, 403, 600
1303, 288, 542
1304, 346, 715
1305, 370, 487
1306, 50, 696
1307, 289, 547
1308, 34, 884
1309, 661, 878
1310, 775, 847
1311, 538, 720
1312, 83, 529
1313, 291, 992
1314, 265, 903
1315, 416, 978
1316, 238, 818
1317, 272, 552
1318, 753, 968
1319, 263, 694
1320, 525, 874
1321, 33, 209
1322, 277, 337
1323, 191, 368
1324, 281, 752
1325, 583, 604
1326, 364, 838
1327, 72, 100
1328, 462, 742
1329, 641, 939
1330, 443, 808
1331, 174, 943
1332, 363, 856
1333, 9, 587
1334, 705, 815
1335, 933, 957
1336, 592, 654
1337, 426, 469
1338, 144, 741
1339, 230, 998
1340, 183, 825
1341, 768, 885
1342, 726, 869
1343, 459, 892
1344, 151, 963
1345, 203, 316
1346, 639, 734
1347, 149, 455
1348, 260, 530
1349, 21, 449
1350, 401, 961
1351, 969, 986
1352, 634, 931
1353, 273, 738
1354, 857, 863
1355, 199, 430
1356, 5, 970
1357, 501, 932
1358, 40, 328
1359, 409, 545
1360, 437, 801
1361, 577, 832
1362, 647, 894
1363, 66, 197
1364, 240, 355
1365, 354, 669
1366, 349, 919
1367, 722, 787
1368, 115, 252
1369, 495, 816
1370, 152, 479
1371, 114, 985
1372, 434, 603
1373, 873, 955
1374, 318, 937
1375, 195, 923
1376, 80, 729
1377, 597, 725
1378, 184, 398
1379, 264, 475
1380, 338, 954
1381, 528, 619
1382, 73, 596
1383, 566, 747
1384, 627, 994
1385, 415, 610
1386, 216, 602
1387, 347, 564
1388, 168, 990
1389, 10, 744
1390, 310, 508
1391, 219, 309
1392, 210, 759
1393, 30, 689
1394, 278, 444
1395, 271, 570
1396, 562, 981
1397, 188, 269
1398, 927, 948
1399, 500, 680
1400, 531, 672
1401, 844, 989
1402, 156, 870
1403, 357, 809
1404, 441, 967
1405, 341, 772
1406, 97, 650
1407, 584, 829
1408, 79, 657
1409, 43, 653
1410, 721, 795
1411, 651, 834
1412, 257, 422
1413, 763, 907
1414, 69, 520
1415, 84, 581
1416, 448, 810
1417, 598, 988
1418, 253, 666
1419, 523, 580
1420, 476, 935
1421, 514, 823
1422, 380, 719
1423, 438, 517
1424, 118, 122
1425, 767, 872
1426, 204, 329
1427, 292, 502
1428, 746, 871
1429, 162, 563
1430, 54, 140
1431, 314, 585
1432, 312, 911
1433, 103, 544
1434, 172, 945
1435, 131, 828
1436, 805, 941
1437, 595, 632
1438, 423, 813
1439, 447, 699
1440, 859, 940
1441, 397, 493
1442, 688, 840
1443, 92, 394
1444, 356, 551
1445, 620, 733
1446, 453, 548
1447, 223, 897
1448, 429, 617
1449, 8, 814
1450, 71, 373
1451, 510, 979
1452, 196, 339
1453, 116, 780
1454, 28, 714
1455, 255, 533
1456, 167, 889
1457, 391, 470
1458, 35, 644
1459, 179, 964
1460, 44, 428
1461, 105, 621
1462, 129, 499
1463, 198, 860
1464, 155, 352
1465, 104, 576
1466, 575, 783
1467, 348, 880
1468, 591, 854
1469, 133, 599
1470, 76, 494
1471, 445, 477
1472, 57, 350
1473, 299, 707
1474, 56, 728
1475, 342, 507
1476, 482, 509
1477, 64, 899
1478, 279, 541
1479, 387, 543
1480, 6, 936
1481, 135, 249
1482, 326, 474
1483, 384, 852
1484, 49, 439
1485, 53, 170
1486, 221, 676
1487, 466, 718
1488, 760, 915
1489, 774, 851
1490, 402, 972
1491, 473, 802
1492, 377, 798
1493, 345, 407
1494, 769, 891
1495, 141, 906
1496, 315, 362
1497, 748, 794
1498, 297, 1000
1499, 125, 867
1500, 518, 519
1501, 10, 286
1502, 568, 681
1503, 362, 766
1504, 844, 890
1505, 292, 964
1506, 141, 275
1507, 64, 770
1508, 75, 893
1509, 11, 83
1510, 62, 370
1511, 433, 854
1512, 240, 255
1513, 306, 759
1514, 547, 601
1515, 266, 330
1516, 625, 631
1517, 140, 743
1518, 287, 427
1519, 89, 506
1520, 93, 636
1521, 313, 399
1522, 192, 665
1523, 41, 355
1524, 668, 985
1525, 183, 375
1526, 9, 960
1527, 271, 469
1528, 211, 909
1529, 119, 143
1530, 198, 958
1531, 379, 561
1532, 2, 126
1533, 190, 431
1534, 46, 856
1535, 454, 847
1536, 262, 288
1537, 23, 95
1538, 165, 430
1539, 500, 717
1540, 573, 673
1541, 134, 332
1542, 214, 374
1543, 45, 873
1544, 408, 650
1545, 709, 842
1546, 616, 876
1547, 125, 721
1548, 371, 462
1549, 31, 104
1550, 663, 925
1551, 517, 530
1552, 760, 987
1553, 552, 991
1554, 113, 979
1555, 187, 1000
1556, 86, 282
1557, 659, 825
1558, 24, 58
1559, 564, 773
1560, 868, 972
1561, 402, 872
1562, 157, 520
1563, 967, 971
1564, 595, 621
1565, 32, 121
1566, 112, 875
1567, 16, 34
1568, 397, 831
1569, 421, 977
1570, 661, 998
1571, 12, 14
1572, 598, 729
1573, 220, 268
1574, 812, 879
1575, 575, 902
1576, 537, 824
1577, 160, 599
1578, 350, 999
1579, 139, 878
1580, 135, 477
1581, 188, 862
1582, 571, 652
1583, 713, 943
1584, 412, 865
1585, 608, 932
1586, 203, 504
1587, 300, 838
1588, 44, 67
1589, 534, 667
1590, 472, 623
1591, 29, 692
1592, 60, 764
1593, 108, 540
1594, 512, 738
1595, 226, 858
1596, 128, 910
1597, 849, 992
1598, 110, 711
1599, 15, 724
1600, 750, 915
1601, 250, 279
1602, 63, 797
1603, 710, 830
1604, 354, 442
1605, 327, 556
1606, 52, 395
1607, 325, 502
1608, 133, 756
1609, 372, 503
1610, 757, 781
1611, 671, 731
1612, 542, 607
1613, 40, 164
1614, 224, 475
1615, 184, 525
1616, 317, 329
1617, 326, 368
1618, 107, 488
1619, 640, 735
1620, 411, 551
1621, 378, 892
1622, 358, 800
1623, 588, 767
1624, 524, 836
1625, 219, 460
1626, 626, 814
1627, 852, 874
1628, 212, 324
1629, 153, 966
1630, 56, 806
1631, 169, 708
1632, 260, 338
1633, 117, 818
1634, 380, 535
1635, 867, 907
1636, 647, 832
1637, 882, 963
1638, 159, 606
1639, 703, 799
1640, 28, 109
1641, 388, 697
1642, 99, 576
1643, 283, 451
1644, 386, 918
1645, 225, 593
1646, 335, 688
1647, 585, 645
1648, 646, 889
1649, 166, 765
1650, 311, 468
1651, 27, 821
1652, 61, 208
1653, 424, 941
1654, 233, 387
1655, 204, 685
1656, 258, 754
1657, 178, 342
1658, 284, 610
1659, 111, 496
1660, 494, 772
1661, 265, 348
1662, 249, 414
1663, 242, 261
1664, 587, 834
1665, 227, 957
1666, 377, 544
1667, 584, 870
1668, 679, 981
1669, 917, 919
1670, 894, 939
1671, 491, 541
1672, 6, 105
1673, 357, 984
1674, 748, 900
1675, 658, 866
1676, 103, 696
1677, 690, 859
1678, 511, 978
1679, 161, 887
1680, 145, 816
1681, 510, 769
1682, 22, 933
1683, 291, 554
1684, 71, 522
1685, 90, 501
1686, 294, 980
1687, 726, 959
1688, 98, 210
1689, 309, 737
1690, 114, 470
1691, 353, 961
1692, 452, 617
1693, 613, 793
1694, 17, 151
1695, 322, 728
1696, 691, 895
1697, 193, 666
1698, 557, 762
1699, 532, 580
1700, 367, 410
1701, 155, 248
1702, 77, 698
1703, 775, 888
1704, 213, 295
1705, 124, 429
1706, 55, 807
1707, 336, 415
1708, 101, 373
1709, 791, 804
1710, 216, 774
1711, 343, 823
1712, 305, 982
1713, 536, 808
1714, 570, 746
1715, 274, 945
1716, 256, 448
1717, 123, 714
1718, 339, 702
1719, 438, 914
1720, 393, 559
1721, 732, 983
1722, 215, 495
1723, 404, 409
1724, 57, 968
1725, 851, 861
1726, 94, 529
1727, 389, 736
1728, 675, 745
1729, 508, 744
1730, 407, 796
1731, 426, 611
1732, 752, 940
1733, 590, 912
1734, 628, 630
1735, 79, 582
1736, 69, 80
1737, 19, 223
1738, 400, 422
1739, 478, 566
1740, 150, 299
1741, 695, 725
1742, 787, 877
1743, 276, 642
1744, 802, 813
1745, 171, 567
1746, 73, 263
1747, 78, 950
1748, 194, 620
1749, 615, 768
1750, 197, 648
1751, 531, 843
1752, 706, 962
1753, 137, 280
1754, 439, 518
1755, 352, 935
1756, 466, 782
1757, 927, 930
1758, 519, 946
1759, 457, 976
1760, 51, 507
1761, 720, 996
1762, 65, 290
1763, 173, 205
1764, 715, 988
1765, 467, 634
1766, 473, 479
1767, 674, 850
1768, 484, 553
1769, 50, 820
1770, 7, 385
1771, 369, 920
1772, 565, 604
1773, 316, 574
1774, 156, 904
1775, 68, 443
1776, 440, 499
1777, 423, 891
1778, 132, 913
1779, 684, 833
1780, 37, 840
1781, 365, 672
1782, 257, 444
1783, 841, 990
1784, 638, 786
1785, 252, 952
1786, 8, 130
1787, 428, 942
1788, 699, 905
1789, 471, 896
1790, 694, 811
1791, 116, 632
1792, 480, 899
1793, 302, 346
1794, 278, 798
1795, 30, 267
1796, 118, 929
1797, 176, 201
1798, 337, 345
1799, 170, 656
1800, 579, 683
1801, 482, 803
1802, 680, 924
1803, 76, 129
1804, 449, 747
1805, 921, 937
1806, 481, 526
1807, 36, 641
1808, 4, 505
1809, 230, 245
1810, 700, 829
1811, 43, 605
1812, 749, 853
1813, 627, 975
1814, 195, 600
1815, 42, 87
1816, 241, 723
1817, 483, 486
1818, 33, 792
1819, 3, 911
1820, 366, 432
1821, 179, 523
1822, 91, 815
1823, 189, 527
1824, 763, 863
1825, 228, 578
1826, 669, 948
1827, 704, 885
1828, 231, 450
1829, 158, 273
1830, 196, 310
1831, 485, 761
1832, 949, 956
1833, 96, 437
1834, 463, 678
1835, 281, 822
1836, 592, 643
1837, 303, 514
1838, 644, 908
1839, 293, 401
1840, 391, 583
1841, 307, 637
1842, 509, 986
1843, 48, 845
1844, 771, 951
1845, 340, 664
1846, 147, 515
1847, 349, 497
1848, 837, 916
1849, 493, 614
1850, 359, 456
1851, 21, 464
1852, 136, 881
1853, 543, 635
1854, 390, 639
1855, 54, 594
1856, 39, 489
1857, 20, 653
1858, 328, 794
1859, 790, 974
1860, 898, 947
1861, 13, 586
1862, 168, 997
1863, 25, 923
1864, 253, 569
1865, 333, 392
1866, 59, 602
1867, 360, 459
1868, 805, 903
1869, 487, 776
1870, 259, 577
1871, 81, 154
1872, 53, 545
1873, 670, 780
1874, 144, 232
1875, 405, 546
1876, 455, 458
1877, 687, 778
1878, 138, 936
1879, 49, 200
1880, 172, 676
1881, 538, 609
1882, 347, 651
1883, 364, 931
1884, 419, 657
1885, 301, 901
1886, 127, 243
1887, 239, 382
1888, 549, 785
1889, 654, 906
1890, 298, 753
1891, 285, 662
1892, 719, 897
1893, 413, 871
1894, 70, 730
1895, 254, 727
1896, 237, 880
1897, 394, 655
1898, 441, 928
1899, 142, 689
1900, 5, 622
1901, 82, 707
1902, 202, 548
1903, 26, 883
1904, 35, 739
1905, 403, 686
1906, 85, 995
1907, 581, 955
1908, 84, 97
1909, 716, 788
1910, 18, 209
1911, 186, 563
1912, 218, 521
1913, 926, 954
1914, 244, 308
1915, 474, 934
1916, 742, 993
1917, 181, 741
1918, 445, 857
1919, 384, 810
1920, 247, 572
1921, 453, 733
1922, 217, 835
1923, 314, 846
1924, 115, 177
1925, 334, 973
1926, 341, 701
1927, 396, 848
1928, 100, 516
1929, 185, 596
1930, 163, 558
1931, 199, 619
1932, 289, 603
1933, 236, 884
1934, 269, 722
1935, 315, 784
1936, 297, 461
1937, 149, 321
1938, 234, 492
1939, 801, 938
1940, 120, 272
1941, 416, 420
1942, 106, 817
1943, 66, 751
1944, 597, 777
1945, 102, 629
1946, 323, 331
1947, 425, 758
1948, 705, 809
1949, 174, 398
1950, 560, 795
1951, 312, 417
1952, 74, 238
1953, 418, 562
1954, 633, 649
1955, 318, 994
1956, 92, 864
1957, 498, 969
1958, 434, 435
1959, 351, 436
1960, 304, 383
1961, 264, 296
1962, 162, 860
1963, 122, 476
1964, 718, 826
1965, 624, 989
1966, 376, 953
1967, 381, 539
1968, 251, 828
1969, 72, 693
1970, 320, 555
1971, 88, 779
1972, 131, 677
1973, 146, 869
1974, 221, 839
1975, 589, 855
1976, 207, 682
1977, 734, 922
1978, 246, 490
1979, 550, 660
1980, 363, 533
1981, 175, 827
1982, 270, 447
1983, 38, 167
1984, 344, 406
1985, 235, 277
1986, 465, 591
1987, 789, 944
1988, 229, 755
1989, 191, 222
1990, 513, 712
1991, 206, 446
1992, 182, 783
1993, 47, 361
1994, 180, 819
1995, 740, 970
1996, 612, 618
1997, 1, 319
1998, 528, 965
1999, 148, 152
2000, 356, 886
2001, 769, 994
2002, 499, 787
2003, 247, 341
2004, 230, 258
2005, 198, 596
2006, 526, 620
2007, 61, 314
2008, 37, 720
2009, 820, 842
2010, 301, 982
2011, 130, 677
2012, 189, 510
2013, 29, 911
2014, 98, 291
2015, 349, 660
2016, 103, 310
2017, 530, 878
2018, 297, 721
2019, 419, 984
2020, 265, 485
2021, 362, 444
2022, 657, 950
2023, 368, 401
2024, 496, 686
2025, 783, 849
2026, 176, 775
2027, 5, 434
2028, 36, 763
2029, 364, 747
2030, 196, 574
2031, 22, 285
2032, 85, 498
2033, 873, 936
2034, 282, 376
2035, 385, 876
2036, 379, 983
2037, 415, 694
2038, 802, 896
2039, 679, 861
2040, 877, 1000
2041, 661, 964
2042, 474, 992
2043, 487, 682
2044, 358, 473
2045, 758, 830
2046, 92, 529
2047, 87, 912
2048, 118, 691
2049, 52, 926
2050, 504, 827
2051, 63, 910
2052, 463, 916
2053, 97, 836
2054, 337, 965
2055, 430, 467
2056, 611, 927
2057, 355, 482
2058, 66, 845
2059, 551, 593
2060, 305, 692
2061, 613, 735
2062, 944, 952
2063, 381, 851
2064, 918, 943
2065, 767, 882
2066, 407, 647
2067, 10, 59
2068, 667, 719
2069, 217, 824
2070, 749, 925
2071, 140, 571
2072, 156, 518
2073, 511, 516
2074, 197, 662
2075, 597, 751
2076, 12, 292
2077, 129, 223
2078, 440, 766
2079, 203, 962
2080, 132, 447
2081, 110, 776
2082, 367, 570
2083, 27, 455
2084, 340, 493
2085, 224, 788
2086, 601, 637
2087, 607, 654
2088, 445, 458
2089, 433, 880
2090, 175, 718
2091, 256, 569
2092, 257, 331
2093, 126, 969
2094, 736, 883
2095, 191, 540
2096, 318, 632
2097, 505, 671
2098, 411, 754
2099, 144, 914
2100, 287, 933
2101, 177, 476
2102, 200, 967
2103, 67, 192
2104, 56, 532
2105, 387, 616
2106, 822, 894
2107, 785, 797
2108, 220, 795
2109, 643, 722
2110, 219, 803
2111, 585, 768
2112, 717, 988
2113, 696, 739
2114, 188, 815
2115, 195, 886
2116, 228, 681
2117, 697, 976
2118, 240, 645
2119, 232, 938
2120, 490, 853
2121, 439, 974
2122, 311, 351
2123, 111, 839
2124, 147, 525
2125, 1, 884
2126, 226, 834
2127, 214, 781
2128, 335, 519
2129, 73, 929
2130, 325, 945
2131, 104, 977
2132, 392, 653
2133, 418, 816
2134, 38, 991
2135, 308, 829
2136, 507, 608
2137, 475, 979
2138, 155, 184
2139, 450, 813
2140, 309, 327
2141, 333, 609
2142, 229, 269
2143, 57, 479
2144, 481, 592
2145, 43, 234
2146, 202, 669
2147, 413, 872
2148, 25, 271
2149, 377, 934
2150, 655, 798
2151, 468, 523
2152, 684, 879
2153, 326, 513
2154, 555, 990
2155, 235, 664
2156, 35, 789
2157, 699, 809
2158, 454, 561
2159, 417, 595
2160, 552, 755
2161, 114, 625
2162, 323, 408
2163, 166, 689
2164, 254, 436
2165, 780, 895
2166, 82, 546
2167, 157, 437
2168, 152, 838
2169, 174, 865
2170, 290, 648
2171, 428, 857
2172, 599, 805
2173, 48, 995
2174, 773, 793
2175, 55, 142
2176, 222, 299
2177, 563, 567
2178, 213, 471
2179, 170, 538
2180, 584, 588
2181, 587, 711
2182, 190, 267
2183, 100, 322
2184, 207, 941
2185, 21, 162
2186, 539, 782
2187, 259, 804
2188, 93, 495
2189, 631, 996
2190, 51, 659
2191, 344, 575
2192, 50, 543
2193, 221, 715
2194, 153, 524
2195, 369, 388
2196, 209, 451
2197, 705, 922
2198, 225, 361
2199, 2, 870
2200, 724, 801
2201, 348, 695
2202, 283, 484
2203, 461, 486
2204, 491, 961
2205, 295, 350
2206, 628, 835
2207, 109, 400
2208, 122, 246
2209, 90, 128
2210, 581, 796
2211, 204, 808
2212, 372, 533
2213, 602, 930
2214, 26, 307
2215, 40, 423
2216, 374, 947
2217, 185, 963
2218, 139, 312
2219, 840, 897
2220, 134, 730
2221, 58, 212
2222, 386, 619
2223, 8, 274
2224, 359, 542
2225, 416, 737
2226, 398, 915
2227, 236, 501
2228, 343, 875
2229, 378, 859
2230, 60, 78
2231, 649, 868
2232, 168, 946
2233, 23, 352
2234, 488, 923
2235, 167, 272
2236, 178, 665
2237, 201, 544
2238, 205, 300
2239, 452, 903
2240, 270, 980
2241, 304, 615
2242, 280, 618
2243, 652, 954
2244, 921, 985
2245, 354, 431
2246, 460, 862
2247, 324, 492
2248, 294, 821
2249, 412, 888
2250, 72, 74
2251, 716, 847
2252, 124, 199
2253, 208, 940
2254, 119, 264
2255, 253, 534
2256, 382, 728
2257, 347, 811
2258, 281, 503
2259, 54, 856
2260, 296, 989
2261, 133, 742
2262, 497, 506
2263, 527, 629
2264, 7, 329
2265, 80, 623
2266, 806, 904
2267, 508, 583
2268, 194, 725
2269, 356, 731
2270, 145, 630
2271, 313, 469
2272, 16, 545
2273, 489, 603
2274, 289, 978
2275, 939, 972
2276, 761, 905
2277, 591, 764
2278, 6, 906
2279, 183, 414
2280, 20, 405
2281, 688, 858
2282, 779, 913
2283, 143, 598
2284, 15, 146
2285, 252, 641
2286, 88, 774
2287, 293, 509
2288, 800, 818
2289, 500, 672
2290, 241, 572
2291, 465, 932
2292, 96, 409
2293, 45, 874
2294, 149, 998
2295, 70, 566
2296, 494, 898
2297, 760, 790
2298, 777, 931
2299, 215, 338
2300, 275, 617
2301, 743, 928
2302, 32, 600
2303, 120, 710
2304, 206, 260
2305, 472, 693
2306, 53, 948
2307, 521, 606
2308, 263, 389
2309, 733, 971
2310, 770, 864
2311, 306, 365
2312, 554, 701
2313, 901, 953
2314, 288, 892
2315, 116, 512
2316, 245, 255
2317, 211, 456
2318, 24, 478
2319, 49, 902
2320, 75, 517
2321, 470, 685
2322, 464, 778
2323, 112, 786
2324, 621, 810
2325, 315, 817
2326, 446, 826
2327, 181, 520
2328, 317, 321
2329, 541, 568
2330, 273, 558
2331, 179, 956
2332, 502, 899
2333, 622, 740
2334, 638, 993
2335, 62, 438
2336, 402, 678
2337, 403, 658
2338, 158, 380
2339, 332, 427
2340, 673, 908
2341, 83, 866
2342, 237, 384
2343, 279, 986
2344, 69, 663
2345, 316, 573
2346, 150, 477
2347, 277, 973
2348, 11, 841
2349, 605, 709
2350, 396, 462
2351, 371, 881
2352, 363, 935
2353, 844, 848
2354, 173, 633
2355, 553, 651
2356, 453, 924
2357, 703, 860
2358, 448, 729
2359, 360, 959
2360, 137, 968
2361, 13, 732
2362, 704, 741
2363, 432, 531
2364, 480, 560
2365, 807, 825
2366, 397, 771
2367, 612, 955
2368, 420, 734
2369, 395, 700
2370, 113, 515
2371, 745, 823
2372, 151, 687
2373, 239, 762
2374, 334, 863
2375, 171, 393
2376, 41, 586
2377, 115, 833
2378, 84, 394
2379, 4, 9
2380, 121, 159
2381, 64, 951
2382, 135, 642
2383, 193, 674
2384, 843, 855
2385, 65, 837
2386, 101, 303
2387, 28, 683
2388, 44, 483
2389, 556, 590
2390, 656, 854
2391, 346, 917
2392, 227, 406
2393, 357, 712
2394, 549, 889
2395, 578, 942
2396, 95, 339
2397, 169, 850
2398, 635, 723
2399, 646, 765
2400, 161, 744
2401, 91, 163
2402, 164, 266
2403, 610, 759
2404, 278, 537
2405, 71, 957
2406, 123, 624
2407, 125, 726
2408, 210, 422
2409, 106, 353
2410, 14, 242
2411, 141, 594
2412, 565, 791
2413, 105, 708
2414, 319, 557
2415, 636, 819
2416, 251, 449
2417, 330, 675
2418, 231, 812
2419, 172, 429
2420, 39, 108
2421, 391, 970
2422, 370, 459
2423, 180, 182
2424, 46, 698
2425, 268, 576
2426, 466, 577
2427, 261, 799
2428, 138, 676
2429, 107, 562
2430, 79, 869
2431, 34, 670
2432, 390, 752
2433, 284, 871
2434, 421, 753
2435, 441, 997
2436, 18, 828
2437, 639, 668
2438, 42, 890
2439, 286, 536
2440, 76, 580
2441, 89, 690
2442, 302, 958
2443, 233, 404
2444, 17, 634
2445, 99, 148
2446, 852, 900
2447, 31, 579
2448, 165, 644
2449, 131, 784
2450, 186, 772
2451, 328, 366
2452, 3, 250
2453, 713, 960
2454, 442, 999
2455, 614, 714
2456, 154, 966
2457, 249, 528
2458, 424, 702
2459, 47, 909
2460, 514, 564
2461, 136, 738
2462, 548, 885
2463, 187, 238
2464, 77, 814
2465, 298, 336
2466, 550, 640
2467, 443, 887
2468, 794, 981
2469, 559, 626
2470, 94, 949
2471, 68, 160
2472, 248, 750
2473, 627, 727
2474, 320, 975
2475, 435, 650
2476, 127, 218
2477, 457, 831
2478, 244, 987
2479, 426, 707
2480, 262, 582
2481, 756, 846
2482, 102, 604
2483, 375, 680
2484, 399, 535
2485, 216, 373
2486, 757, 920
2487, 410, 893
2488, 30, 81
2489, 345, 748
2490, 342, 792
2491, 706, 832
2492, 425, 907
2493, 19, 891
2494, 666, 919
2495, 276, 746
2496, 522, 937
2497, 33, 383
2498, 243, 547
2499, 86, 589
2500, 117, 867
2501, 231, 756
2502, 126, 745
2503, 429, 771
2504, 389, 820
2505, 201, 817
2506, 407, 430
2507, 832, 854
2508, 315, 727
2509, 214, 366
2510, 186, 211
2511, 451, 609
2512, 237, 292
2513, 434, 844
2514, 267, 740
2515, 22, 159
2516, 208, 994
2517, 498, 955
2518, 33, 79
2519, 382, 791
2520, 283, 890
2521, 296, 669
2522, 422, 676
2523, 67, 555
2524, 72, 449
2525, 194, 847
2526, 83, 774
2527, 274, 705
2528, 537, 584
2529, 415, 787
2530, 512, 944
2531, 697, 720
2532, 11, 978
2533, 209, 516
2534, 592, 964
2535, 626, 662
2536, 42, 120
2537, 117, 220
2538, 226, 899
2539, 295, 649
2540, 513, 591
2541, 623, 867
2542, 32, 636
2543, 431, 625
2544, 210, 316
2545, 158, 682
2546, 445, 571
2547, 143, 903
2548, 58, 913
2549, 103, 749
2550, 34, 883
2551, 172, 729
2552, 300, 456
2553, 247, 386
2554, 507, 888
2555, 567, 782
2556, 65, 325
2557, 468, 515
2558, 279, 624
2559, 46, 184
2560, 250, 781
2561, 953, 998
2562, 97, 545
2563, 166, 467
2564, 372, 734
2565, 257, 563
2566, 795, 938
2567, 60, 342
2568, 122, 408
2569, 107, 999
2570, 84, 174
2571, 427, 565
2572, 768, 893
2573, 273, 772
2574, 190, 931
2575, 678, 943
2576, 547, 996
2577, 91, 199
2578, 413, 452
2579, 680, 703
2580, 786, 928
2581, 249, 659
2582, 114, 444
2583, 176, 593
2584, 621, 826
2585, 487, 579
2586, 318, 606
2587, 412, 478
2588, 668, 930
2589, 125, 607
2590, 755, 793
2591, 543, 661
2592, 163, 856
2593, 137, 599
2594, 45, 604
2595, 556, 974
2596, 253, 759
2597, 470, 989
2598, 215, 343
2599, 788, 819
2600, 460, 993
2601, 251, 733
2602, 155, 219
2603, 508, 833
2604, 116, 436
2605, 597, 838
2606, 369, 564
2607, 259, 347
2608, 435, 707
2609, 5, 835
2610, 601, 926
2611, 525, 562
2612, 64, 105
2613, 77, 970
2614, 218, 418
2615, 359, 911
2616, 165, 376
2617, 469, 532
2618, 149, 282
2619, 384, 818
2620, 123, 598
2621, 50, 827
2622, 73, 145
2623, 14, 560
2624, 9, 229
2625, 440, 521
2626, 289, 550
2627, 602, 687
2628, 86, 757
2629, 416, 443
2630, 364, 465
2631, 7, 708
2632, 667, 809
2633, 222, 920
2634, 18, 357
2635, 923, 936
2636, 481, 859
2637, 128, 765
2638, 92, 675
2639, 27, 652
2640, 848, 919
2641, 118, 614
2642, 666, 834
2643, 371, 860
2644, 298, 815
2645, 323, 355
2646, 232, 758
2647, 950, 971
2648, 840, 1000
2649, 496, 924
2650, 441, 712
2651, 907, 962
2652, 246, 350
2653, 539, 871
2654, 164, 685
2655, 648, 693
2656, 25, 44
2657, 324, 617
2658, 351, 799
2659, 307, 502
2660, 519, 561
2661, 719, 841
2662, 302, 514
2663, 684, 846
2664, 175, 829
2665, 85, 404
2666, 168, 320
2667, 380, 688
2668, 147, 643
2669, 339, 585
2670, 737, 979
2671, 526, 552
2672, 633, 754
2673, 192, 968
2674, 670, 681
2675, 509, 797
2676, 619, 983
2677, 141, 887
2678, 353, 548
2679, 428, 934
2680, 568, 816
2681, 151, 892
2682, 188, 876
2683, 270, 653
2684, 354, 660
2685, 109, 879
2686, 57, 927
2687, 12, 182
2688, 352, 495
2689, 363, 780
2690, 691, 881
2691, 261, 437
2692, 511, 613
2693, 896, 975
2694, 76, 732
2695, 221, 700
2696, 183, 378
2697, 365, 506
2698, 233, 484
2699, 566, 627
2700, 55, 503
2701, 113, 945
2702, 99, 308
2703, 112, 278
2704, 391, 692
2705, 40, 573
2706, 235, 252
2707, 24, 948
2708, 421, 715
2709, 488, 823
2710, 269, 897
2711, 23, 171
2712, 801, 959
2713, 375, 476
2714, 266, 918
2715, 453, 965
2716, 61, 814
2717, 264, 746
2718, 134, 424
2719, 327, 722
2720, 361, 779
2721, 212, 271
2722, 236, 878
2723, 223, 837
2724, 618, 735
2725, 160, 985
2726, 121, 882
2727, 559, 909
2728, 321, 853
2729, 227, 713
2730, 260, 590
2731, 640, 763
2732, 651, 790
2733, 157, 877
2734, 505, 806
2735, 527, 542
2736, 340, 630
2737, 133, 167
2738, 576, 723
2739, 48, 90
2740, 326, 594
2741, 529, 857
2742, 217, 362
2743, 581, 830
2744, 620, 870
2745, 379, 811
2746, 836, 852
2747, 442, 778
2748, 491, 960
2749, 642, 709
2750, 400, 803
2751, 499, 988
2752, 102, 284
2753, 285, 895
2754, 762, 775
2755, 608, 861
2756, 291, 501
2757, 792, 821
2758, 656, 991
2759, 554, 558
2760, 200, 504
2761, 586, 810
2762, 196, 939
2763, 287, 346
2764, 341, 368
2765, 286, 338
2766, 486, 695
2767, 331, 718
2768, 68, 977
2769, 914, 980
2770, 272, 517
2771, 420, 864
2772, 111, 156
2773, 747, 992
2774, 314, 958
2775, 243, 753
2776, 632, 804
2777, 225, 518
2778, 493, 738
2779, 10, 483
2780, 426, 825
2781, 207, 534
2782, 417, 589
2783, 310, 987
2784, 16, 170
2785, 81, 679
2786, 154, 438
2787, 15, 523
2788, 245, 370
2789, 131, 869
2790, 69, 742
2791, 202, 473
2792, 146, 242
2793, 110, 933
2794, 721, 743
2795, 951, 966
2796, 255, 313
2797, 699, 748
2798, 744, 969
2799, 203, 941
2800, 411, 447
2801, 52, 677
2802, 551, 770
2803, 686, 963
2804, 197, 333
2805, 309, 572
2806, 474, 901
2807, 71, 544
2808, 485, 577
2809, 17, 942
2810, 51, 305
2811, 88, 557
2812, 178, 805
2813, 454, 851
2814, 47, 863
2815, 43, 574
2816, 385, 600
2817, 629, 634
2818, 689, 777
2819, 673, 986
2820, 80, 710
2821, 29, 492
2822, 106, 381
2823, 66, 414
2824, 471, 546
2825, 553, 776
2826, 480, 868
2827, 13, 875
2828, 337, 674
2829, 94, 760
2830, 26, 524
2831, 311, 423
2832, 329, 947
2833, 374, 982
2834, 472, 641
2835, 198, 489
2836, 135, 764
2837, 1, 530
2838, 181, 635
2839, 701, 937
2840, 173, 973
2841, 262, 482
2842, 230, 889
2843, 497, 976
2844, 299, 582
2845, 144, 312
2846, 6, 108
2847, 132, 731
2848, 56, 610
2849, 74, 873
2850, 616, 812
2851, 93, 588
2852, 645, 952
2853, 254, 549
2854, 277, 949
2855, 82, 865
2856, 397, 769
2857, 463, 789
2858, 580, 904
2859, 78, 335
2860, 180, 595
2861, 148, 808
2862, 880, 885
2863, 124, 596
2864, 535, 671
2865, 142, 858
2866, 161, 448
2867, 872, 922
2868, 98, 796
2869, 169, 874
2870, 800, 912
2871, 187, 191
2872, 751, 932
2873, 228, 528
2874, 605, 910
2875, 402, 464
2876, 129, 587
2877, 696, 711
2878, 842, 898
2879, 8, 140
2880, 281, 921
2881, 265, 807
2882, 205, 578
2883, 388, 981
2884, 466, 824
2885, 344, 403
2886, 741, 794
2887, 458, 522
2888, 290, 462
2889, 773, 798
2890, 19, 457
2891, 461, 845
2892, 153, 387
2893, 101, 193
2894, 39, 479
2895, 179, 615
2896, 224, 639
2897, 706, 884
2898, 75, 433
2899, 189, 704
2900, 654, 672
2901, 494, 725
2902, 459, 638
2903, 631, 717
2904, 694, 900
2905, 395, 866
2906, 20, 658
2907, 95, 536
2908, 425, 813
2909, 70, 894
2910, 36, 396
2911, 409, 843
2912, 28, 256
2913, 87, 655
2914, 850, 972
2915, 127, 736
2916, 450, 862
2917, 37, 916
2918, 244, 336
2919, 239, 510
2920, 139, 328
2921, 622, 984
2922, 119, 360
2923, 583, 752
2924, 334, 647
2925, 828, 990
2926, 306, 332
2927, 393, 570
2928, 905, 917
2929, 383, 405
2930, 115, 432
2931, 390, 730
2932, 644, 784
2933, 785, 822
2934, 603, 802
2935, 30, 663
2936, 238, 275
2937, 288, 855
2938, 455, 915
2939, 783, 935
2940, 398, 724
2941, 540, 728
2942, 177, 240
2943, 301, 766
2944, 303, 849
2945, 31, 297
2946, 35, 891
2947, 531, 702
2948, 330, 538
2949, 392, 646
2950, 21, 906
2951, 967, 997
2952, 89, 650
2953, 138, 929
2954, 136, 767
2955, 241, 714
2956, 319, 348
2957, 831, 839
2958, 304, 664
2959, 533, 961
2960, 317, 356
2961, 213, 611
2962, 263, 294
2963, 628, 690
2964, 100, 130
2965, 2, 925
2966, 500, 954
2967, 399, 683
2968, 96, 575
2969, 59, 419
2970, 216, 248
2971, 268, 886
2972, 152, 957
2973, 54, 520
2974, 349, 612
2975, 234, 280
2976, 162, 761
2977, 41, 739
2978, 446, 637
2979, 62, 490
2980, 258, 377
2981, 49, 373
2982, 185, 940
2983, 204, 657
2984, 406, 716
2985, 726, 946
2986, 475, 908
2987, 4, 276
2988, 206, 367
2989, 293, 322
2990, 150, 541
2991, 3, 63
2992, 104, 569
2993, 38, 410
2994, 439, 902
2995, 195, 345
2996, 53, 358
2997, 665, 956
2998, 401, 477
2999, 394, 995
3000, 698, 750
3001, 156, 468
3002, 108, 463
3003, 243, 589
3004, 392, 807
3005, 111, 448
3006, 709, 768
3007, 204, 842
3008, 436, 760
3009, 447, 554
3010, 23, 420
3011, 178, 525
3012, 781, 980
3013, 198, 362
3014, 46, 430
3015, 574, 890
3016, 275, 386
3017, 508, 846
3018, 522, 880
3019, 227, 974
3020, 215, 607
3021, 532, 675
3022, 454, 877
3023, 351, 867
3024, 552, 859
3025, 371, 901
3026, 372, 809
3027, 600, 982
3028, 471, 497
3029, 863, 957
3030, 638, 930
3031, 134, 140
3032, 303, 875
3033, 187, 681
3034, 290, 496
3035, 41, 104
3036, 119, 485
3037, 491, 694
3038, 562, 595
3039, 101, 376
3040, 39, 360
3041, 597, 948
3042, 382, 503
3043, 435, 697
3044, 437, 612
3045, 67, 92
3046, 423, 994
3047, 703, 841
3048, 19, 991
3049, 379, 416
3050, 674, 713
3051, 584, 966
3052, 126, 750
3053, 190, 947
3054, 139, 357
3055, 361, 695
3056, 611, 753
3057, 241, 964
3058, 449, 835
3059, 363, 823
3060, 179, 661
3061, 973, 989
3062, 505, 936
3063, 499, 727
3064, 304, 678
3065, 61, 99
3066, 145, 570
3067, 202, 288
3068, 322, 911
3069, 712, 776
3070, 273, 418
3071, 186, 792
3072, 234, 587
3073, 395, 546
3074, 453, 563
3075, 246, 289
3076, 155, 329
3077, 259, 417
3078, 42, 943
3079, 69, 334
3080, 356, 873
3081, 411, 475
3082, 150, 427
3083, 73, 206
3084, 613, 802
3085, 265, 495
3086, 95, 344
3087, 32, 192
3088, 358, 487
3089, 331, 569
3090, 49, 692
3091, 203, 818
3092, 154, 516
3093, 812, 992
3094, 171, 350
3095, 384, 976
3096, 459, 483
3097, 904, 958
3098, 506, 745
3099, 588, 800
3100, 402, 489
3101, 421, 779
3102, 590, 798
3103, 181, 222
3104, 579, 698
3105, 445, 596
3106, 625, 687
3107, 250, 773
3108, 567, 689
3109, 558, 720
3110, 244, 440
3111, 318, 918
3112, 757, 941
3113, 160, 347
3114, 267, 390
3115, 310, 763
3116, 276, 845
3117, 296, 641
3118, 342, 786
3119, 708, 996
3120, 88, 854
3121, 16, 749
3122, 172, 195
3123, 25, 998
3124, 127, 927
3125, 311, 547
3126, 109, 232
3127, 297, 791
3128, 56, 235
3129, 568, 594
3130, 307, 328
3131, 510, 728
3132, 813, 827
3133, 336, 740
3134, 477, 913
3135, 142, 320
3136, 13, 910
3137, 110, 278
3138, 341, 601
3139, 602, 933
3140, 14, 284
3141, 294, 857
3142, 896, 993
3143, 528, 990
3144, 149, 617
3145, 370, 676
3146, 158, 540
3147, 662, 862
3148, 424, 833
3149, 107, 133
3150, 399, 796
3151, 327, 743
3152, 20, 655
3153, 850, 914
3154, 582, 866
3155, 82, 252
3156, 725, 878
3157, 136, 271
3158, 205, 646
3159, 549, 1000
3160, 11, 312
3161, 31, 429
3162, 415, 501
3163, 650, 935
3164, 346, 959
3165, 817, 968
3166, 626, 652
3167, 730, 961
3168, 870, 916
3169, 634, 805
3170, 228, 476
3171, 337, 391
3172, 667, 970
3173, 412, 614
3174, 397, 738
3175, 457, 651
3176, 338, 742
3177, 292, 656
3178, 452, 834
3179, 236, 543
3180, 519, 679
3181, 176, 581
3182, 100, 256
3183, 632, 884
3184, 706, 839
3185, 287, 879
3186, 37, 193
3187, 98, 230
3188, 734, 815
3189, 710, 853
3190, 210, 915
3191, 173, 616
3192, 26, 144
3193, 129, 333
3194, 434, 837
3195, 821, 986
3196, 157, 535
3197, 166, 586
3198, 254, 647
3199, 377, 479
3200, 403, 545
3201, 84, 578
3202, 826, 920
3203, 167, 343
3204, 36, 513
3205, 53, 541
3206, 33, 86
3207, 378, 902
3208, 207, 696
3209, 321, 438
3210, 665, 858
3211, 816, 929
3212, 63, 557
3213, 103, 680
3214, 481, 804
3215, 201, 339
3216, 251, 886
3217, 242, 999
3218, 608, 636
3219, 2, 615
3220, 717, 978
3221, 572, 577
3222, 269, 524
3223, 27, 264
3224, 68, 782
3225, 799, 848
3226, 512, 903
3227, 238, 500
3228, 40, 830
3229, 257, 685
3230, 255, 308
3231, 684, 775
3232, 637, 668
3233, 121, 790
3234, 165, 387
3235, 355, 653
3236, 280, 374
3237, 153, 627
3238, 224, 585
3239, 184, 855
3240, 917, 965
3241, 309, 473
3242, 654, 975
3243, 120, 368
3244, 306, 530
3245, 80, 553
3246, 314, 629
3247, 380, 741
3248, 233, 744
3249, 118, 352
3250, 494, 788
3251, 197, 677
3252, 266, 618
3253, 130, 444
3254, 57, 283
3255, 168, 907
3256, 326, 566
3257, 409, 729
3258, 148, 431
3259, 28, 924
3260, 138, 718
3261, 748, 770
3262, 488, 851
3263, 814, 899
3264, 644, 783
3265, 690, 759
3266, 474, 622
3267, 219, 795
3268, 30, 874
3269, 340, 663
3270, 366, 592
3271, 571, 946
3272, 124, 229
3273, 756, 897
3274, 359, 772
3275, 315, 828
3276, 94, 701
3277, 442, 451
3278, 163, 406
3279, 34, 221
3280, 85, 945
3281, 659, 960
3282, 300, 969
3283, 270, 711
3284, 59, 373
3285, 461, 628
3286, 89, 872
3287, 132, 923
3288, 164, 722
3289, 550, 784
3290, 400, 432
3291, 861, 995
3292, 319, 504
3293, 177, 317
3294, 787, 892
3295, 105, 302
3296, 79, 952
3297, 332, 847
3298, 97, 141
3299, 170, 174
3300, 664, 876
3301, 484, 486
3302, 50, 81
3303, 493, 747
3304, 114, 931
3305, 305, 789
3306, 90, 849
3307, 76, 91
3308, 51, 719
3309, 439, 699
3310, 60, 714
3311, 188, 556
3312, 671, 852
3313, 404, 460
3314, 450, 736
3315, 274, 591
3316, 838, 934
3317, 364, 455
3318, 47, 605
3319, 18, 829
3320, 38, 293
3321, 96, 211
3322, 515, 840
3323, 22, 645
3324, 208, 865
3325, 162, 560
3326, 9, 883
3327, 514, 881
3328, 631, 864
3329, 367, 942
3330, 112, 212
3331, 313, 538
3332, 75, 803
3333, 766, 780
3334, 74, 843
3335, 4, 598
3336, 544, 765
3337, 755, 944
3338, 299, 316
3339, 194, 649
3340, 62, 216
3341, 527, 539
3342, 758, 785
3343, 285, 575
3344, 534, 731
3345, 196, 683
3346, 248, 639
3347, 159, 977
3348, 45, 987
3349, 17, 348
3350, 106, 537
3351, 715, 754
3352, 593, 633
3353, 895, 951
3354, 223, 414
3355, 180, 385
3356, 240, 410
3357, 70, 561
3358, 261, 997
3359, 272, 732
3360, 330, 888
3361, 249, 967
3362, 502, 988
3363, 281, 751
3364, 200, 623
3365, 137, 762
3366, 648, 724
3367, 564, 624
3368, 831, 955
3369, 422, 467
3370, 65, 217
3371, 237, 962
3372, 609, 900
3373, 529, 666
3374, 113, 464
3375, 345, 531
3376, 218, 381
3377, 231, 520
3378, 131, 619
3379, 58, 298
3380, 77, 868
3381, 353, 723
3382, 551, 887
3383, 189, 472
3384, 375, 919
3385, 630, 716
3386, 603, 938
3387, 369, 704
3388, 29, 507
3389, 44, 102
3390, 213, 972
3391, 1, 548
3392, 24, 466
3393, 686, 761
3394, 398, 733
3395, 526, 621
3396, 555, 793
3397, 325, 926
3398, 78, 953
3399, 122, 349
3400, 5, 225
3401, 536, 702
3402, 146, 956
3403, 3, 836
3404, 509, 642
3405, 401, 576
3406, 469, 693
3407, 606, 620
3408, 220, 670
3409, 152, 822
3410, 83, 971
3411, 226, 871
3412, 135, 673
3413, 115, 891
3414, 443, 739
3415, 43, 984
3416, 72, 832
3417, 64, 301
3418, 258, 354
3419, 54, 291
3420, 405, 462
3421, 93, 433
3422, 185, 767
3423, 456, 518
3424, 389, 906
3425, 583, 979
3426, 721, 824
3427, 769, 937
3428, 116, 279
3429, 182, 245
3430, 183, 425
3431, 478, 610
3432, 8, 949
3433, 55, 778
3434, 640, 808
3435, 260, 413
3436, 921, 925
3437, 48, 707
3438, 35, 465
3439, 688, 797
3440, 128, 860
3441, 691, 954
3442, 66, 658
3443, 286, 922
3444, 12, 498
3445, 151, 985
3446, 908, 939
3447, 7, 542
3448, 295, 428
3449, 470, 480
3450, 123, 580
3451, 517, 909
3452, 6, 143
3453, 672, 771
3454, 669, 764
3455, 396, 523
3456, 191, 262
3457, 735, 806
3458, 15, 147
3459, 490, 811
3460, 705, 898
3461, 559, 894
3462, 820, 981
3463, 253, 810
3464, 774, 844
3465, 660, 912
3466, 394, 565
3467, 408, 737
3468, 419, 604
3469, 268, 573
3470, 71, 869
3471, 263, 801
3472, 682, 885
3473, 117, 277
3474, 247, 383
3475, 125, 825
3476, 169, 777
3477, 426, 599
3478, 856, 889
3479, 446, 963
3480, 161, 324
3481, 726, 928
3482, 393, 746
3483, 282, 819
3484, 700, 940
3485, 199, 239
3486, 794, 932
3487, 52, 950
3488, 87, 511
3489, 388, 983
3490, 21, 643
3491, 441, 752
3492, 209, 521
3493, 365, 635
3494, 323, 657
3495, 175, 482
3496, 335, 407
3497, 893, 905
3498, 10, 533
3499, 214, 458
3500, 492, 882
3501, 400, 999
3502, 731, 893
3503, 235, 430
3504, 203, 882
3505, 356, 428
3506, 18, 234
3507, 512, 542
3508, 269, 942
3509, 26, 970
3510, 546, 888
3511, 385, 500
3512, 681, 972
3513, 63, 439
3514, 207, 461
3515, 602, 605
3516, 419, 536
3517, 514, 689
3518, 401, 980
3519, 30, 121
3520, 255, 802
3521, 784, 864
3522, 396, 998
3523, 295, 315
3524, 702, 812
3525, 432, 722
3526, 366, 919
3527, 111, 677
3528, 105, 982
3529, 192, 442
3530, 540, 687
3531, 176, 483
3532, 78, 671
3533, 355, 733
3534, 325, 746
3535, 460, 643
3536, 180, 861
3537, 3, 592
3538, 212, 767
3539, 202, 539
3540, 258, 931
3541, 91, 344
3542, 774, 947
3543, 117, 328
3544, 277, 985
3545, 524, 837
3546, 574, 973
3547, 632, 967
3548, 150, 179
3549, 257, 454
3550, 806, 835
3551, 272, 559
3552, 174, 709
3553, 404, 534
3554, 256, 936
3555, 892, 916
3556, 817, 954
3557, 583, 959
3558, 316, 688
3559, 420, 523
3560, 48, 891
3561, 122, 139
3562, 59, 71
3563, 32, 311
3564, 286, 783
3565, 287, 306
3566, 305, 554
3567, 243, 453
3568, 4, 144
3569, 88, 622
3570, 66, 964
3571, 739, 949
3572, 734, 943
3573, 87, 336
3574, 163, 471
3575, 466, 649
3576, 567, 911
3577, 374, 693
3578, 682, 853
3579, 320, 552
3580, 873, 966
3581, 777, 991
3582, 577, 781
3583, 341, 811
3584, 268, 968
3585, 317, 630
3586, 127, 467
3587, 652, 656
3588, 53, 799
3589, 39, 963
3590, 73, 423
3591, 666, 912
3592, 263, 712
3593, 426, 617
3594, 357, 680
3595, 684, 797
3596, 509, 870
3597, 79, 170
3598, 581, 986
3599, 375, 434
3600, 119, 701
3601, 580, 997
3602, 6, 579
3603, 297, 533
3604, 848, 918
3605, 623, 770
3606, 694, 809
3607, 593, 599
3608, 151, 463
3609, 475, 834
3610, 448, 645
3611, 123, 944
3612, 36, 238
3613, 616, 665
3614, 265, 860
3615, 310, 855
3616, 92, 283
3617, 97, 833
3618, 543, 566
3619, 721, 736
3620, 101, 762
3621, 75, 125
3622, 629, 782
3623, 789, 945
3624, 503, 922
3625, 563, 859
3626, 164, 405
3627, 513, 657
3628, 468, 673
3629, 330, 545
3630, 217, 408
3631, 452, 955
3632, 421, 436
3633, 279, 445
3634, 479, 824
3635, 695, 978
3636, 13, 600
3637, 406, 868
3638, 253, 884
3639, 77, 282
3640, 377, 941
3641, 349, 889
3642, 146, 827
3643, 749, 822
3644, 60, 492
3645, 280, 639
3646, 499, 640
3647, 19, 820
3648, 544, 939
3649, 365, 768
3650, 242, 395
3651, 64, 133
3652, 369, 410
3653, 934, 958
3654, 370, 1000
3655, 700, 759
3656, 189, 530
3657, 50, 704
3658, 440, 713
3659, 12, 134
3660, 319, 975
3661, 266, 594
3662, 8, 373
3663, 222, 313
3664, 17, 228
3665, 116, 894
3666, 296, 398
3667, 535, 760
3668, 332, 450
3669, 181, 289
3670, 155, 615
3671, 141, 393
3672, 89, 300
3673, 245, 482
3674, 589, 747
3675, 230, 842
3676, 86, 946
3677, 301, 384
3678, 501, 526
3679, 14, 303
3680, 548, 846
3681, 661, 863
3682, 473, 631
3683, 34, 757
3684, 38, 550
3685, 171, 819
3686, 152, 371
3687, 507, 628
3688, 182, 333
3689, 383, 950
3690, 646, 743
3691, 40, 773
3692, 147, 608
3693, 654, 707
3694, 714, 927
3695, 284, 412
3696, 136, 614
3697, 41, 857
3698, 177, 288
3699, 335, 569
3700, 100, 249
3701, 414, 726
3702, 45, 607
3703, 232, 655
3704, 323, 651
3705, 821, 976
3706, 800, 807
3707, 27, 270
3708, 219, 850
3709, 585, 879
3710, 162, 399
3711, 537, 715
3712, 741, 753
3713, 130, 642
3714, 603, 917
3715, 606, 710
3716, 527, 925
3717, 188, 294
3718, 128, 935
3719, 326, 465
3720, 16, 669
3721, 51, 83
3722, 361, 638
3723, 35, 752
3724, 407, 823
3725, 74, 382
3726, 98, 755
3727, 191, 953
3728, 413, 474
3729, 1, 647
3730, 29, 290
3731, 447, 795
3732, 113, 692
3733, 491, 659
3734, 229, 779
3735, 23, 240
3736, 10, 107
3737, 324, 875
3738, 435, 481
3739, 132, 431
3740, 103, 390
3741, 218, 878
3742, 409, 915
3743, 135, 706
3744, 397, 515
3745, 231, 506
3746, 138, 591
3747, 690, 785
3748, 729, 730
3749, 55, 236
3750, 168, 528
3751, 472, 584
3752, 572, 831
3753, 262, 340
3754, 149, 157
3755, 76, 477
3756, 22, 553
3757, 596, 748
3758, 293, 487
3759, 206, 541
3760, 488, 521
3761, 159, 367
3762, 120, 751
3763, 496, 573
3764, 618, 890
3765, 502, 610
3766, 308, 994
3767, 484, 612
3768, 109, 247
3769, 209, 685
3770, 93, 582
3771, 497, 716
3772, 510, 699
3773, 343, 856
3774, 84, 764
3775, 816, 828
3776, 744, 803
3777, 169, 470
3778, 156, 754
3779, 392, 796
3780, 798, 895
3781, 70, 971
3782, 46, 508
3783, 145, 601
3784, 110, 153
3785, 69, 338
3786, 347, 368
3787, 225, 619
3788, 94, 449
3789, 517, 926
3790, 114, 914
3791, 108, 769
3792, 321, 845
3793, 264, 354
3794, 389, 511
3795, 15, 650
3796, 221, 334
3797, 227, 960
3798, 248, 804
3799, 267, 887
3800, 836, 920
3801, 61, 570
3802, 183, 763
3803, 376, 988
3804, 204, 840
3805, 302, 634
3806, 787, 905
3807, 216, 372
3808, 251, 485
3809, 285, 565
3810, 551, 705
3811, 549, 885
3812, 418, 898
3813, 866, 981
3814, 211, 723
3815, 226, 425
3816, 42, 124
3817, 158, 564
3818, 261, 990
3819, 223, 989
3820, 118, 529
3821, 896, 924
3822, 696, 902
3823, 54, 350
3824, 195, 938
3825, 815, 974
3826, 81, 362
3827, 937, 993
3828, 49, 208
3829, 160, 740
3830, 571, 698
3831, 43, 979
3832, 56, 178
3833, 411, 711
3834, 239, 738
3835, 187, 345
3836, 214, 307
3837, 52, 402
3838, 555, 962
3839, 143, 862
3840, 568, 598
3841, 2, 184
3842, 353, 957
3843, 244, 717
3844, 85, 433
3845, 67, 233
3846, 37, 627
3847, 198, 299
3848, 403, 786
3849, 636, 876
3850, 415, 928
3851, 832, 872
3852, 220, 590
3853, 275, 904
3854, 173, 906
3855, 33, 604
3856, 775, 881
3857, 161, 318
3858, 199, 379
3859, 658, 847
3860, 719, 901
3861, 291, 417
3862, 849, 956
3863, 394, 443
3864, 360, 897
3865, 456, 613
3866, 165, 560
3867, 210, 977
3868, 810, 951
3869, 44, 438
3870, 732, 867
3871, 464, 561
3872, 427, 446
3873, 237, 664
3874, 478, 626
3875, 194, 556
3876, 921, 965
3877, 562, 841
3878, 137, 190
3879, 597, 771
3880, 469, 877
3881, 620, 644
3882, 21, 883
3883, 9, 728
3884, 578, 611
3885, 348, 416
3886, 672, 933
3887, 794, 814
3888, 140, 826
3889, 758, 766
3890, 745, 854
3891, 337, 984
3892, 215, 493
3893, 65, 633
3894, 342, 635
3895, 5, 780
3896, 364, 923
3897, 331, 363
3898, 327, 983
3899, 380, 641
3900, 451, 531
3901, 422, 930
3902, 115, 776
3903, 322, 498
3904, 95, 668
3905, 557, 865
3906, 346, 678
3907, 790, 874
3908, 576, 724
3909, 193, 462
3910, 637, 778
3911, 298, 609
3912, 660, 765
3913, 314, 424
3914, 358, 900
3915, 480, 662
3916, 388, 940
3917, 851, 932
3918, 106, 948
3919, 197, 516
3920, 621, 625
3921, 292, 929
3922, 24, 663
3923, 648, 670
3924, 200, 205
3925, 852, 992
3926, 11, 791
3927, 495, 691
3928, 455, 952
3929, 476, 522
3930, 278, 391
3931, 57, 213
3932, 725, 843
3933, 72, 737
3934, 909, 961
3935, 588, 742
3936, 494, 871
3937, 260, 830
3938, 273, 675
3939, 175, 708
3940, 805, 869
3941, 459, 886
3942, 201, 772
3943, 490, 808
3944, 167, 813
3945, 246, 254
3946, 7, 987
3947, 674, 839
3948, 102, 720
3949, 58, 910
3950, 437, 818
3951, 505, 995
3952, 575, 624
3953, 62, 154
3954, 68, 112
3955, 458, 899
3956, 104, 825
3957, 148, 381
3958, 99, 761
3959, 276, 844
3960, 166, 686
3961, 504, 679
3962, 142, 186
3963, 241, 271
3964, 378, 653
3965, 339, 429
3966, 667, 718
3967, 90, 518
3968, 185, 683
3969, 96, 792
3970, 697, 913
3971, 547, 587
3972, 274, 793
3973, 304, 386
3974, 595, 908
3975, 457, 727
3976, 281, 969
3977, 80, 131
3978, 224, 880
3979, 196, 309
3980, 129, 907
3981, 126, 558
3982, 329, 352
3983, 28, 676
3984, 47, 703
3985, 82, 387
3986, 259, 444
3987, 172, 520
3988, 252, 996
3989, 25, 351
3990, 525, 756
3991, 735, 903
3992, 519, 829
3993, 538, 750
3994, 31, 838
3995, 359, 586
3996, 20, 788
3997, 486, 801
3998, 250, 489
3999, 312, 441
4000, 532, 858
