id, img1, img2
1, 717, 917
2, 26, 206
3, 442, 591
4, 209, 847
5, 247, 637
6, 267, 852
7, 542, 667
8, 211, 534
9, 748, 991
10, 358, 524
11, 174, 482
12, 641, 937
13, 192, 651
14, 45, 695
15, 99, 305
16, 472, 787
17, 300, 727
18, 322, 785
19, 526, 560
20, 344, 998
21, 102, 426
22, 262, 778
23, 299, 312
24, 588, 711
25, 138, 817
26, 119, 904
27, 323, 710
28, 655, 845
29, 175, 835
30, 269, 593
31, 751, 795
32, 790, 927
33, 557, 973
34, 121, 818
35, 137, 265
36, 724, 758
37, 328, 857
38, 85, 242
39, 456, 755
40, 61, 181
41, 489, 548
42, 187, 644
43, 874, 977
44, 74, 824
45, 356, 681
46, 51, 779
47, 249, 497
48, 381, 729
49, 357, 822
50, 500, 895
51, 92, 470
52, 215, 814
53, 188, 650
54, 346, 946
55, 509, 863
56, 200, 495
57, 444, 807
58, 430, 455
59, 864, 956
60, 550, 589
61, 27, 195
62, 925, 949
63, 134, 819
64, 55, 142
65, 152, 291
66, 696, 707
67, 770, 810
68, 281, 375
69, 38, 441
70, 199, 275
71, 4, 920
72, 132, 797
73, 418, 575
74, 468, 966
75, 81, 640
76, 270, 776
77, 316, 753
78, 222, 680
79, 129, 477
80, 749, 773
81, 273, 309
82, 6, 622
83, 307, 733
84, 583, 853
85, 285, 552
86, 260, 582
87, 416, 916
88, 406, 698
89, 629, 647
90, 236, 796
91, 280, 714
92, 386, 978
93, 146, 286
94, 162, 218
95, 166, 494
96, 149, 610
97, 228, 253
98, 385, 397
99, 82, 325
100, 623, 672
101, 349, 951
102, 237, 675
103, 531, 918
104, 726, 866
105, 533, 983
106, 65, 310
107, 53, 221
108, 12, 486
109, 367, 645
110, 475, 556
111, 671, 988
112, 901, 971
113, 224, 481
114, 355, 943
115, 150, 899
116, 339, 942
117, 774, 933
118, 451, 959
119, 519, 703
120, 296, 706
121, 521, 800
122, 547, 903
123, 329, 377
124, 634, 708
125, 411, 679
126, 77, 304
127, 89, 909
128, 98, 964
129, 15, 24
130, 601, 653
131, 765, 908
132, 554, 919
133, 400, 828
134, 73, 921
135, 184, 452
136, 57, 318
137, 167, 578
138, 447, 485
139, 239, 635
140, 661, 781
141, 388, 687
142, 700, 859
143, 337, 398
144, 351, 450
145, 108, 292
146, 688, 838
147, 317, 587
148, 376, 625
149, 830, 948
150, 278, 804
151, 484, 709
152, 258, 669
153, 331, 652
154, 210, 784
155, 14, 364
156, 464, 826
157, 760, 870
158, 742, 788
159, 107, 955
160, 660, 794
161, 520, 674
162, 90, 109
163, 173, 886
164, 147, 338
165, 39, 145
166, 436, 516
167, 139, 241
168, 405, 743
169, 382, 608
170, 3, 898
171, 243, 801
172, 127, 996
173, 208, 457
174, 324, 336
175, 37, 678
176, 40, 454
177, 766, 975
178, 302, 974
179, 115, 136
180, 1, 282
181, 691, 712
182, 248, 259
183, 798, 831
184, 409, 850
185, 505, 960
186, 566, 632
187, 201, 769
188, 514, 962
189, 161, 865
190, 164, 860
191, 326, 879
192, 808, 854
193, 621, 636
194, 792, 844
195, 563, 858
196, 54, 745
197, 62, 97
198, 288, 506
199, 646, 982
200, 128, 342
201, 528, 624
202, 366, 545
203, 373, 465
204, 31, 615
205, 106, 633
206, 124, 620
207, 811, 922
208, 301, 990
209, 231, 775
210, 735, 832
211, 713, 889
212, 670, 689
213, 155, 972
214, 264, 370
215, 168, 379
216, 56, 433
217, 522, 892
218, 197, 931
219, 372, 478
220, 118, 180
221, 183, 512
222, 410, 812
223, 35, 226
224, 693, 994
225, 93, 579
226, 631, 722
227, 435, 458
228, 492, 907
229, 126, 479
230, 240, 391
231, 511, 963
232, 52, 685
233, 277, 417
234, 50, 833
235, 91, 289
236, 11, 461
237, 648, 914
238, 254, 287
239, 133, 561
240, 728, 985
241, 216, 821
242, 203, 924
243, 125, 762
244, 69, 360
245, 196, 371
246, 33, 913
247, 190, 912
248, 559, 987
249, 395, 603
250, 70, 403
251, 596, 682
252, 878, 958
253, 938, 979
254, 643, 658
255, 232, 438
256, 352, 535
257, 544, 911
258, 2, 246
259, 30, 96
260, 72, 250
261, 597, 638
262, 383, 827
263, 861, 957
264, 617, 902
265, 10, 562
266, 415, 882
267, 699, 736
268, 130, 143
269, 420, 868
270, 654, 771
271, 780, 891
272, 361, 595
273, 95, 459
274, 244, 884
275, 78, 928
276, 59, 182
277, 387, 980
278, 178, 607
279, 100, 463
280, 71, 116
281, 303, 466
282, 306, 602
283, 540, 881
284, 271, 813
285, 335, 802
286, 68, 970
287, 445, 702
288, 414, 738
289, 396, 744
290, 135, 843
291, 599, 993
292, 469, 809
293, 186, 408
294, 47, 515
295, 732, 820
296, 220, 723
297, 839, 900
298, 213, 422
299, 428, 513
300, 905, 932
301, 94, 786
302, 746, 976
303, 58, 718
304, 205, 499
305, 131, 525
306, 462, 995
307, 157, 298
308, 586, 984
309, 737, 939
310, 117, 245
311, 101, 432
312, 683, 701
313, 413, 873
314, 345, 677
315, 80, 235
316, 76, 968
317, 573, 981
318, 340, 585
319, 649, 692
320, 172, 424
321, 549, 876
322, 402, 754
323, 194, 618
324, 191, 720
325, 362, 453
326, 353, 551
327, 434, 564
328, 577, 657
329, 144, 731
330, 189, 541
331, 295, 799
332, 936, 967
333, 263, 823
334, 41, 223
335, 363, 626
336, 846, 947
337, 8, 79
338, 893, 952
339, 476, 890
340, 293, 529
341, 272, 614
342, 429, 694
343, 915, 954
344, 483, 934
345, 311, 443
346, 60, 538
347, 343, 697
348, 276, 592
349, 266, 763
350, 22, 256
351, 9, 910
352, 279, 319
353, 530, 768
354, 664, 989
355, 84, 440
356, 83, 141
357, 140, 407
358, 123, 815
359, 803, 887
360, 238, 283
361, 46, 673
362, 332, 537
363, 630, 888
364, 112, 158
365, 401, 906
366, 21, 268
367, 569, 997
368, 104, 757
369, 764, 945
370, 42, 294
371, 665, 806
372, 572, 923
373, 227, 327
374, 185, 590
375, 176, 604
376, 460, 965
377, 510, 659
378, 491, 663
379, 88, 606
380, 217, 423
381, 103, 212
382, 320, 600
383, 380, 532
384, 156, 841
385, 568, 609
386, 496, 576
387, 734, 772
388, 290, 570
389, 177, 229
390, 111, 473
391, 527, 875
392, 49, 518
393, 354, 867
394, 19, 404
395, 64, 684
396, 261, 501
397, 234, 504
398, 555, 730
399, 334, 871
400, 517, 793
401, 16, 940
402, 676, 969
403, 493, 930
404, 204, 219
405, 605, 686
406, 368, 842
407, 28, 777
408, 160, 715
409, 7, 179
410, 120, 739
411, 171, 953
412, 752, 767
413, 251, 704
414, 705, 961
415, 359, 986
416, 378, 393
417, 467, 783
418, 333, 427
419, 449, 880
420, 29, 487
421, 207, 829
422, 20, 394
423, 598, 885
424, 23, 341
425, 330, 437
426, 18, 872
427, 169, 314
428, 321, 666
429, 105, 153
430, 439, 616
431, 44, 941
432, 756, 935
433, 543, 883
434, 159, 546
435, 284, 662
436, 151, 944
437, 34, 392
438, 154, 580
439, 348, 741
440, 48, 389
441, 503, 716
442, 565, 761
443, 315, 851
444, 425, 594
445, 252, 612
446, 897, 992
447, 114, 230
448, 856, 896
449, 613, 759
450, 581, 926
451, 66, 639
452, 421, 498
453, 488, 747
454, 412, 869
455, 214, 628
456, 740, 825
457, 110, 399
458, 508, 656
459, 523, 567
460, 313, 627
461, 193, 834
462, 32, 350
463, 255, 448
464, 274, 725
465, 480, 791
466, 233, 877
467, 471, 999
468, 75, 558
469, 148, 750
470, 13, 446
471, 5, 539
472, 202, 431
473, 170, 536
474, 17, 390
475, 86, 950
476, 553, 668
477, 365, 855
478, 719, 837
479, 36, 849
480, 163, 571
481, 165, 782
482, 225, 816
483, 384, 862
484, 113, 584
485, 257, 929
486, 122, 474
487, 67, 619
488, 502, 507
489, 308, 369
490, 63, 721
491, 347, 611
492, 789, 1000
493, 25, 894
494, 690, 840
495, 87, 490
496, 297, 848
497, 43, 836
498, 198, 574
499, 642, 805
500, 374, 419
501, 430, 675
502, 467, 481
503, 407, 783
504, 156, 183
505, 67, 867
506, 129, 851
507, 51, 70
508, 85, 767
509, 262, 866
510, 192, 759
511, 404, 760
512, 82, 641
513, 140, 329
514, 202, 984
515, 197, 901
516, 498, 532
517, 839, 897
518, 29, 494
519, 426, 429
520, 137, 807
521, 474, 550
522, 750, 812
523, 460, 668
524, 120, 512
525, 799, 957
526, 326, 915
527, 195, 698
528, 64, 609
529, 738, 885
530, 543, 989
531, 448, 502
532, 713, 853
533, 427, 443
534, 264, 700
535, 309, 359
536, 40, 981
537, 625, 969
538, 251, 883
539, 196, 387
540, 207, 237
541, 150, 161
542, 340, 728
543, 445, 828
544, 611, 788
545, 333, 435
546, 54, 162
547, 344, 726
548, 630, 639
549, 312, 877
550, 5, 348
551, 14, 539
552, 41, 616
553, 23, 229
554, 250, 552
555, 974, 983
556, 97, 647
557, 862, 878
558, 221, 506
559, 669, 931
560, 536, 677
561, 65, 133
562, 273, 544
563, 557, 813
564, 591, 949
565, 881, 925
566, 255, 826
567, 186, 372
568, 780, 990
569, 529, 564
570, 79, 886
571, 245, 857
572, 141, 742
573, 899, 900
574, 244, 488
575, 63, 755
576, 391, 756
577, 142, 174
578, 287, 701
579, 525, 604
580, 492, 781
581, 327, 962
582, 678, 731
583, 541, 707
584, 290, 574
585, 230, 741
586, 19, 939
587, 8, 842
588, 136, 401
589, 364, 868
590, 311, 486
591, 658, 797
592, 499, 761
593, 352, 447
594, 534, 704
595, 455, 644
596, 417, 918
597, 13, 621
598, 76, 972
599, 215, 622
600, 437, 749
601, 528, 722
602, 30, 743
603, 547, 782
604, 570, 602
605, 3, 351
606, 582, 610
607, 68, 757
608, 440, 671
609, 793, 874
610, 163, 394
611, 75, 347
612, 697, 846
613, 228, 595
614, 724, 735
615, 175, 571
616, 116, 729
617, 400, 493
618, 224, 358
619, 284, 489
620, 103, 579
621, 475, 673
622, 128, 219
623, 653, 930
624, 119, 463
625, 110, 235
626, 680, 946
627, 94, 476
628, 572, 809
629, 258, 567
630, 122, 415
631, 188, 416
632, 209, 689
633, 234, 640
634, 531, 937
635, 819, 973
636, 164, 585
637, 114, 211
638, 191, 786
639, 113, 638
640, 368, 910
641, 597, 636
642, 279, 635
643, 87, 148
644, 454, 816
645, 665, 872
646, 345, 768
647, 189, 979
648, 10, 21
649, 62, 490
650, 831, 907
651, 361, 458
652, 620, 896
653, 272, 942
654, 37, 702
655, 254, 603
656, 288, 876
657, 598, 888
658, 600, 693
659, 414, 775
660, 285, 985
661, 451, 855
662, 104, 794
663, 727, 929
664, 935, 977
665, 154, 875
666, 106, 301
667, 694, 889
668, 216, 438
669, 201, 425
670, 540, 954
671, 180, 354
672, 483, 612
673, 125, 330
674, 149, 256
675, 121, 184
676, 468, 890
677, 145, 383
678, 328, 422
679, 421, 917
680, 418, 696
681, 662, 747
682, 263, 938
683, 132, 751
684, 656, 822
685, 452, 517
686, 753, 815
687, 650, 912
688, 343, 772
689, 688, 773
690, 465, 796
691, 386, 533
692, 342, 893
693, 57, 169
694, 365, 370
695, 260, 829
696, 139, 349
697, 270, 943
698, 92, 396
699, 992, 995
700, 86, 764
701, 818, 880
702, 167, 928
703, 109, 854
704, 382, 723
705, 681, 732
706, 100, 185
707, 36, 181
708, 286, 850
709, 32, 860
710, 27, 484
711, 53, 789
712, 89, 212
713, 155, 711
714, 432, 718
715, 83, 683
716, 134, 514
717, 322, 752
718, 28, 524
719, 657, 833
720, 96, 538
721, 578, 608
722, 33, 568
723, 130, 500
724, 214, 553
725, 42, 105
726, 2, 336
727, 52, 495
728, 123, 637
729, 170, 275
730, 706, 906
731, 335, 594
732, 313, 895
733, 88, 480
734, 204, 346
735, 213, 964
736, 739, 835
737, 248, 253
738, 566, 991
739, 198, 769
740, 614, 845
741, 559, 843
742, 325, 699
743, 392, 599
744, 101, 135
745, 717, 748
746, 666, 873
747, 520, 605
748, 307, 324
749, 535, 577
750, 168, 530
751, 315, 892
752, 459, 771
753, 289, 804
754, 280, 827
755, 376, 423
756, 278, 663
757, 111, 856
758, 357, 397
759, 265, 940
760, 575, 719
761, 144, 584
762, 362, 660
763, 634, 894
764, 25, 624
765, 466, 592
766, 332, 682
767, 393, 690
768, 84, 350
769, 395, 965
770, 17, 193
771, 473, 821
772, 670, 684
773, 802, 904
774, 61, 933
775, 176, 399
776, 331, 908
777, 20, 823
778, 736, 859
779, 944, 963
780, 360, 909
781, 464, 607
782, 792, 922
783, 171, 491
784, 687, 730
785, 291, 453
786, 252, 338
787, 317, 777
788, 126, 652
789, 203, 580
790, 12, 479
791, 241, 402
792, 236, 305
793, 115, 737
794, 606, 953
795, 194, 403
796, 151, 157
797, 337, 838
798, 243, 882
799, 55, 858
800, 60, 623
801, 321, 779
802, 424, 863
803, 588, 776
804, 449, 785
805, 691, 921
806, 300, 304
807, 545, 569
808, 654, 987
809, 302, 497
810, 267, 740
811, 282, 832
812, 226, 297
813, 220, 685
814, 587, 801
815, 66, 268
816, 153, 563
817, 558, 932
818, 172, 513
819, 692, 927
820, 160, 428
821, 339, 849
822, 117, 318
823, 619, 836
824, 77, 817
825, 865, 976
826, 778, 791
827, 573, 947
828, 223, 645
829, 434, 714
830, 314, 715
831, 73, 199
832, 378, 905
833, 319, 439
834, 261, 431
835, 166, 560
836, 11, 442
837, 299, 581
838, 903, 980
839, 515, 919
840, 46, 78
841, 15, 419
842, 47, 870
843, 374, 643
844, 861, 956
845, 26, 746
846, 200, 705
847, 217, 959
848, 218, 379
849, 505, 510
850, 601, 820
851, 341, 798
852, 91, 565
853, 913, 970
854, 238, 988
855, 56, 363
856, 49, 516
857, 259, 596
858, 478, 869
859, 549, 676
860, 518, 659
861, 323, 790
862, 303, 887
863, 852, 996
864, 131, 266
865, 177, 210
866, 38, 507
867, 124, 924
868, 98, 583
869, 233, 562
870, 576, 613
871, 373, 632
872, 165, 628
873, 1, 293
874, 366, 1000
875, 353, 758
876, 405, 672
877, 496, 803
878, 247, 472
879, 509, 958
880, 926, 950
881, 420, 733
882, 158, 411
883, 523, 615
884, 281, 795
885, 18, 173
886, 398, 891
887, 355, 961
888, 537, 997
889, 240, 720
890, 45, 59
891, 31, 470
892, 187, 501
893, 589, 631
894, 504, 551
895, 674, 871
896, 461, 994
897, 205, 206
898, 24, 805
899, 920, 967
900, 242, 410
901, 703, 834
902, 93, 375
903, 80, 837
904, 519, 686
905, 469, 734
906, 152, 450
907, 385, 508
908, 409, 766
909, 44, 277
910, 642, 911
911, 412, 433
912, 436, 808
913, 231, 485
914, 526, 993
915, 384, 388
916, 389, 554
917, 487, 561
918, 283, 306
919, 754, 762
920, 72, 446
921, 847, 945
922, 159, 222
923, 482, 784
924, 147, 316
925, 190, 457
926, 225, 745
927, 618, 951
928, 239, 593
929, 590, 848
930, 232, 914
931, 811, 830
932, 477, 503
933, 99, 649
934, 633, 971
935, 179, 246
936, 626, 721
937, 864, 884
938, 178, 227
939, 269, 710
940, 7, 679
941, 371, 898
942, 522, 744
943, 308, 664
944, 34, 667
945, 50, 74
946, 108, 975
947, 274, 941
948, 716, 948
949, 441, 651
950, 527, 708
951, 9, 982
952, 555, 934
953, 966, 968
954, 112, 998
955, 334, 844
956, 43, 986
957, 35, 102
958, 48, 840
959, 208, 390
960, 444, 521
961, 648, 810
962, 146, 295
963, 320, 377
964, 81, 249
965, 58, 95
966, 138, 627
967, 787, 916
968, 655, 806
969, 548, 586
970, 143, 276
971, 22, 182
972, 296, 408
973, 118, 712
974, 841, 879
975, 127, 456
976, 4, 556
977, 294, 617
978, 814, 923
979, 629, 695
980, 107, 952
981, 71, 661
982, 381, 462
983, 380, 936
984, 16, 356
985, 257, 406
986, 546, 960
987, 369, 955
988, 310, 413
989, 39, 292
990, 90, 709
991, 69, 298
992, 471, 511
993, 725, 763
994, 800, 978
995, 542, 774
996, 271, 367
997, 646, 765
998, 824, 825
999, 770, 999
1000, 6, 902
1001, 698, 865
1002, 123, 174
1003, 558, 788
1004, 64, 78
1005, 91, 423
1006, 382, 790
1007, 197, 407
1008, 194, 627
1009, 73, 452
1010, 30, 639
1011, 310, 663
1012, 209, 526
1013, 157, 941
1014, 67, 637
1015, 88, 759
1016, 56, 447
1017, 804, 994
1018, 100, 406
1019, 201, 985
1020, 428, 517
1021, 84, 150
1022, 244, 369
1023, 22, 511
1024, 623, 989
1025, 597, 847
1026, 108, 265
1027, 4, 405
1028, 117, 176
1029, 488, 849
1030, 99, 317
1031, 464, 805
1032, 93, 775
1033, 66, 921
1034, 384, 882
1035, 218, 656
1036, 239, 715
1037, 484, 977
1038, 87, 589
1039, 109, 374
1040, 524, 680
1041, 688, 779
1042, 696, 923
1043, 269, 285
1044, 726, 808
1045, 544, 586
1046, 539, 840
1047, 661, 897
1048, 28, 438
1049, 572, 711
1050, 130, 632
1051, 358, 903
1052, 613, 914
1053, 479, 543
1054, 802, 935
1055, 822, 828
1056, 553, 919
1057, 107, 305
1058, 58, 975
1059, 614, 673
1060, 217, 219
1061, 185, 987
1062, 414, 890
1063, 631, 707
1064, 164, 477
1065, 834, 838
1066, 499, 782
1067, 427, 574
1068, 1, 831
1069, 730, 887
1070, 181, 320
1071, 37, 60
1072, 134, 296
1073, 307, 585
1074, 57, 81
1075, 15, 230
1076, 9, 676
1077, 338, 458
1078, 746, 785
1079, 214, 604
1080, 114, 576
1081, 469, 769
1082, 446, 651
1083, 826, 894
1084, 29, 189
1085, 635, 643
1086, 40, 331
1087, 225, 692
1088, 492, 990
1089, 316, 929
1090, 169, 697
1091, 648, 889
1092, 162, 798
1093, 430, 860
1094, 482, 794
1095, 629, 839
1096, 212, 442
1097, 569, 853
1098, 515, 718
1099, 679, 749
1100, 65, 694
1101, 281, 577
1102, 466, 950
1103, 628, 926
1104, 63, 381
1105, 206, 261
1106, 420, 476
1107, 62, 74
1108, 363, 593
1109, 311, 393
1110, 76, 807
1111, 422, 712
1112, 263, 266
1113, 619, 767
1114, 131, 481
1115, 236, 339
1116, 791, 895
1117, 578, 999
1118, 761, 960
1119, 521, 528
1120, 509, 893
1121, 170, 276
1122, 177, 342
1123, 460, 899
1124, 292, 314
1125, 421, 647
1126, 636, 760
1127, 435, 896
1128, 536, 552
1129, 595, 951
1130, 326, 483
1131, 59, 306
1132, 12, 68
1133, 52, 681
1134, 273, 841
1135, 361, 953
1136, 119, 148
1137, 13, 71
1138, 459, 888
1139, 753, 931
1140, 142, 913
1141, 120, 933
1142, 207, 739
1143, 434, 821
1144, 378, 699
1145, 149, 437
1146, 227, 478
1147, 5, 245
1148, 416, 473
1149, 179, 519
1150, 178, 257
1151, 290, 686
1152, 754, 833
1153, 102, 243
1154, 132, 366
1155, 216, 474
1156, 706, 852
1157, 204, 995
1158, 559, 695
1159, 226, 575
1160, 313, 705
1161, 784, 837
1162, 55, 137
1163, 800, 945
1164, 372, 1000
1165, 322, 778
1166, 582, 682
1167, 356, 876
1168, 234, 811
1169, 727, 735
1170, 136, 571
1171, 353, 742
1172, 386, 615
1173, 278, 946
1174, 112, 163
1175, 94, 315
1176, 312, 901
1177, 89, 222
1178, 471, 835
1179, 752, 918
1180, 167, 512
1181, 25, 565
1182, 709, 836
1183, 24, 869
1184, 183, 832
1185, 690, 768
1186, 155, 298
1187, 508, 685
1188, 332, 988
1189, 448, 717
1190, 351, 908
1191, 43, 411
1192, 774, 934
1193, 451, 644
1194, 344, 612
1195, 90, 364
1196, 380, 601
1197, 198, 584
1198, 527, 845
1199, 522, 998
1200, 370, 962
1201, 175, 868
1202, 450, 827
1203, 139, 708
1204, 560, 777
1205, 240, 542
1206, 564, 968
1207, 493, 924
1208, 32, 468
1209, 622, 904
1210, 409, 587
1211, 485, 874
1212, 602, 854
1213, 455, 641
1214, 371, 772
1215, 229, 581
1216, 324, 415
1217, 10, 747
1218, 172, 403
1219, 26, 850
1220, 687, 925
1221, 126, 660
1222, 503, 780
1223, 96, 861
1224, 184, 570
1225, 390, 938
1226, 734, 969
1227, 190, 830
1228, 191, 658
1229, 221, 956
1230, 675, 795
1231, 86, 646
1232, 211, 728
1233, 327, 341
1234, 618, 879
1235, 349, 530
1236, 588, 745
1237, 72, 368
1238, 444, 652
1239, 259, 949
1240, 562, 983
1241, 20, 110
1242, 534, 978
1243, 192, 789
1244, 210, 300
1245, 355, 844
1246, 399, 432
1247, 445, 669
1248, 723, 967
1249, 144, 917
1250, 470, 722
1251, 238, 959
1252, 271, 958
1253, 419, 952
1254, 594, 732
1255, 516, 829
1256, 125, 573
1257, 335, 494
1258, 48, 729
1259, 70, 359
1260, 251, 905
1261, 518, 704
1262, 187, 592
1263, 105, 506
1264, 224, 456
1265, 264, 691
1266, 23, 38
1267, 47, 106
1268, 404, 724
1269, 203, 851
1270, 495, 818
1271, 633, 757
1272, 46, 400
1273, 870, 875
1274, 812, 936
1275, 497, 529
1276, 815, 973
1277, 579, 912
1278, 6, 550
1279, 166, 605
1280, 611, 756
1281, 345, 413
1282, 291, 591
1283, 153, 237
1284, 254, 301
1285, 401, 762
1286, 235, 467
1287, 95, 525
1288, 196, 939
1289, 856, 982
1290, 3, 617
1291, 160, 902
1292, 431, 766
1293, 609, 909
1294, 27, 439
1295, 249, 561
1296, 42, 425
1297, 343, 886
1298, 215, 233
1299, 350, 976
1300, 33, 963
1301, 872, 957
1302, 252, 640
1303, 122, 146
1304, 44, 104
1305, 121, 883
1306, 443, 813
1307, 274, 533
1308, 293, 991
1309, 337, 514
1310, 284, 538
1311, 823, 846
1312, 389, 634
1313, 546, 942
1314, 228, 665
1315, 325, 472
1316, 486, 855
1317, 199, 523
1318, 231, 927
1319, 352, 773
1320, 348, 424
1321, 319, 842
1322, 202, 758
1323, 649, 898
1324, 787, 884
1325, 367, 733
1326, 19, 408
1327, 354, 360
1328, 321, 328
1329, 154, 980
1330, 2, 173
1331, 7, 397
1332, 329, 557
1333, 347, 376
1334, 165, 441
1335, 555, 738
1336, 309, 398
1337, 85, 626
1338, 864, 915
1339, 151, 714
1340, 159, 336
1341, 11, 111
1342, 666, 911
1343, 487, 741
1344, 388, 792
1345, 39, 700
1346, 143, 892
1347, 256, 770
1348, 475, 765
1349, 816, 954
1350, 862, 863
1351, 242, 549
1352, 580, 657
1353, 208, 462
1354, 373, 881
1355, 541, 877
1356, 133, 873
1357, 272, 377
1358, 54, 776
1359, 817, 910
1360, 277, 720
1361, 205, 520
1362, 937, 996
1363, 340, 645
1364, 83, 152
1365, 871, 992
1366, 299, 740
1367, 253, 463
1368, 8, 608
1369, 262, 283
1370, 396, 755
1371, 308, 683
1372, 606, 806
1373, 14, 964
1374, 563, 625
1375, 670, 713
1376, 638, 900
1377, 171, 642
1378, 436, 944
1379, 75, 510
1380, 532, 671
1381, 200, 213
1382, 736, 965
1383, 304, 551
1384, 138, 410
1385, 426, 993
1386, 61, 531
1387, 141, 394
1388, 36, 79
1389, 820, 848
1390, 268, 346
1391, 97, 940
1392, 50, 186
1393, 334, 984
1394, 294, 814
1395, 275, 771
1396, 501, 607
1397, 859, 930
1398, 318, 545
1399, 357, 540
1400, 286, 677
1401, 547, 809
1402, 819, 857
1403, 433, 598
1404, 866, 916
1405, 507, 867
1406, 41, 567
1407, 751, 825
1408, 129, 418
1409, 379, 716
1410, 537, 667
1411, 35, 616
1412, 49, 80
1413, 489, 955
1414, 147, 743
1415, 77, 161
1416, 182, 858
1417, 116, 124
1418, 69, 731
1419, 387, 786
1420, 21, 843
1421, 140, 783
1422, 885, 948
1423, 270, 402
1424, 659, 721
1425, 596, 603
1426, 362, 490
1427, 248, 693
1428, 255, 803
1429, 672, 793
1430, 101, 674
1431, 568, 655
1432, 465, 880
1433, 258, 385
1434, 45, 449
1435, 92, 505
1436, 31, 168
1437, 383, 971
1438, 392, 997
1439, 461, 981
1440, 429, 590
1441, 504, 630
1442, 440, 583
1443, 947, 972
1444, 282, 781
1445, 906, 932
1446, 51, 689
1447, 188, 267
1448, 223, 986
1449, 287, 500
1450, 566, 974
1451, 554, 810
1452, 556, 624
1453, 260, 288
1454, 650, 961
1455, 113, 920
1456, 135, 891
1457, 220, 457
1458, 620, 662
1459, 491, 701
1460, 548, 922
1461, 128, 395
1462, 118, 295
1463, 145, 799
1464, 17, 480
1465, 195, 748
1466, 156, 180
1467, 297, 417
1468, 232, 498
1469, 280, 323
1470, 750, 970
1471, 653, 801
1472, 193, 279
1473, 247, 943
1474, 599, 668
1475, 158, 333
1476, 103, 412
1477, 719, 796
1478, 621, 737
1479, 907, 979
1480, 513, 684
1481, 115, 496
1482, 16, 878
1483, 654, 725
1484, 82, 453
1485, 127, 678
1486, 289, 365
1487, 600, 824
1488, 53, 610
1489, 764, 966
1490, 302, 702
1491, 246, 375
1492, 98, 797
1493, 18, 744
1494, 250, 710
1495, 303, 928
1496, 330, 535
1497, 241, 391
1498, 664, 763
1499, 454, 502
1500, 34, 703
1501, 315, 924
1502, 408, 991
1503, 22, 752
1504, 510, 689
1505, 39, 357
1506, 922, 923
1507, 502, 737
1508, 298, 955
1509, 271, 870
1510, 491, 736
1511, 190, 976
1512, 749, 933
1513, 176, 913
1514, 14, 709
1515, 537, 757
1516, 535, 909
1517, 331, 445
1518, 258, 814
1519, 366, 485
1520, 75, 953
1521, 152, 533
1522, 238, 395
1523, 887, 907
1524, 21, 806
1525, 548, 738
1526, 115, 640
1527, 150, 191
1528, 847, 951
1529, 480, 792
1530, 297, 613
1531, 575, 983
1532, 58, 447
1533, 201, 954
1534, 812, 849
1535, 702, 743
1536, 213, 975
1537, 181, 347
1538, 24, 404
1539, 784, 948
1540, 86, 939
1541, 82, 132
1542, 507, 950
1543, 556, 602
1544, 269, 448
1545, 960, 967
1546, 8, 897
1547, 611, 748
1548, 383, 871
1549, 73, 443
1550, 31, 234
1551, 285, 927
1552, 525, 721
1553, 141, 466
1554, 246, 674
1555, 293, 890
1556, 172, 841
1557, 728, 952
1558, 464, 722
1559, 489, 600
1560, 20, 397
1561, 180, 646
1562, 642, 682
1563, 606, 629
1564, 3, 550
1565, 231, 964
1566, 791, 805
1567, 159, 248
1568, 467, 763
1569, 160, 633
1570, 227, 914
1571, 195, 628
1572, 187, 435
1573, 256, 506
1574, 157, 587
1575, 12, 15
1576, 610, 835
1577, 796, 934
1578, 433, 878
1579, 200, 500
1580, 336, 963
1581, 584, 825
1582, 442, 956
1583, 166, 214
1584, 715, 875
1585, 218, 576
1586, 303, 641
1587, 361, 594
1588, 54, 900
1589, 52, 760
1590, 858, 961
1591, 478, 634
1592, 170, 444
1593, 194, 540
1594, 363, 496
1595, 684, 747
1596, 64, 785
1597, 538, 672
1598, 260, 703
1599, 137, 328
1600, 26, 929
1601, 355, 494
1602, 430, 717
1603, 98, 426
1604, 89, 416
1605, 268, 542
1606, 189, 384
1607, 63, 252
1608, 787, 799
1609, 822, 973
1610, 554, 893
1611, 125, 410
1612, 85, 133
1613, 224, 729
1614, 177, 603
1615, 382, 675
1616, 33, 388
1617, 1, 300
1618, 131, 153
1619, 240, 824
1620, 758, 911
1621, 127, 325
1622, 514, 708
1623, 764, 879
1624, 212, 874
1625, 113, 970
1626, 255, 823
1627, 326, 449
1628, 199, 454
1629, 318, 460
1630, 81, 704
1631, 669, 827
1632, 319, 707
1633, 242, 866
1634, 761, 810
1635, 338, 860
1636, 360, 713
1637, 273, 482
1638, 109, 759
1639, 745, 853
1640, 352, 413
1641, 451, 786
1642, 337, 450
1643, 356, 943
1644, 348, 574
1645, 93, 670
1646, 333, 475
1647, 657, 999
1648, 36, 371
1649, 143, 938
1650, 156, 564
1651, 819, 838
1652, 5, 334
1653, 414, 868
1654, 309, 344
1655, 275, 808
1656, 43, 746
1657, 206, 438
1658, 138, 559
1659, 484, 695
1660, 49, 327
1661, 50, 117
1662, 97, 424
1663, 581, 815
1664, 112, 762
1665, 18, 522
1666, 192, 740
1667, 380, 820
1668, 120, 207
1669, 264, 905
1670, 71, 174
1671, 490, 671
1672, 274, 541
1673, 245, 869
1674, 342, 769
1675, 48, 543
1676, 45, 249
1677, 10, 401
1678, 312, 589
1679, 654, 863
1680, 733, 977
1681, 468, 739
1682, 284, 578
1683, 649, 972
1684, 586, 643
1685, 518, 767
1686, 230, 753
1687, 688, 947
1688, 471, 608
1689, 508, 886
1690, 241, 305
1691, 289, 679
1692, 102, 398
1693, 636, 789
1694, 111, 462
1695, 299, 676
1696, 465, 988
1697, 103, 529
1698, 419, 668
1699, 104, 714
1700, 167, 431
1701, 37, 830
1702, 226, 523
1703, 635, 884
1704, 400, 790
1705, 171, 306
1706, 287, 588
1707, 607, 813
1708, 526, 692
1709, 614, 971
1710, 509, 946
1711, 699, 1000
1712, 163, 302
1713, 373, 615
1714, 456, 876
1715, 313, 889
1716, 88, 501
1717, 619, 843
1718, 251, 817
1719, 32, 837
1720, 108, 253
1721, 846, 996
1722, 570, 978
1723, 859, 918
1724, 83, 228
1725, 101, 766
1726, 531, 928
1727, 345, 350
1728, 498, 566
1729, 461, 801
1730, 288, 652
1731, 505, 775
1732, 573, 701
1733, 209, 324
1734, 437, 720
1735, 276, 295
1736, 776, 826
1737, 53, 910
1738, 292, 681
1739, 68, 147
1740, 724, 755
1741, 778, 935
1742, 968, 980
1743, 139, 880
1744, 423, 832
1745, 66, 272
1746, 378, 422
1747, 552, 811
1748, 197, 966
1749, 169, 765
1750, 901, 990
1751, 183, 317
1752, 624, 687
1753, 663, 899
1754, 282, 432
1755, 148, 700
1756, 265, 809
1757, 124, 741
1758, 399, 895
1759, 354, 439
1760, 184, 888
1761, 307, 891
1762, 379, 698
1763, 136, 725
1764, 583, 595
1765, 280, 742
1766, 283, 770
1767, 216, 553
1768, 301, 497
1769, 168, 304
1770, 618, 902
1771, 114, 135
1772, 580, 904
1773, 210, 557
1774, 623, 697
1775, 44, 726
1776, 457, 473
1777, 367, 644
1778, 528, 926
1779, 106, 436
1780, 364, 391
1781, 119, 965
1782, 428, 622
1783, 222, 503
1784, 140, 417
1785, 521, 719
1786, 474, 685
1787, 561, 705
1788, 72, 592
1789, 376, 429
1790, 16, 349
1791, 118, 165
1792, 286, 551
1793, 599, 992
1794, 486, 532
1795, 673, 852
1796, 233, 751
1797, 358, 563
1798, 774, 864
1799, 2, 164
1800, 453, 544
1801, 773, 921
1802, 146, 330
1803, 278, 920
1804, 885, 969
1805, 407, 645
1806, 351, 683
1807, 261, 455
1808, 161, 281
1809, 205, 804
1810, 626, 660
1811, 470, 941
1812, 582, 772
1813, 750, 896
1814, 524, 638
1815, 182, 225
1816, 310, 637
1817, 427, 936
1818, 122, 215
1819, 768, 850
1820, 198, 217
1821, 359, 793
1822, 730, 756
1823, 144, 235
1824, 488, 962
1825, 425, 483
1826, 51, 90
1827, 203, 534
1828, 87, 995
1829, 42, 266
1830, 664, 877
1831, 346, 677
1832, 393, 691
1833, 463, 932
1834, 208, 329
1835, 294, 771
1836, 23, 291
1837, 277, 794
1838, 254, 597
1839, 519, 974
1840, 67, 851
1841, 612, 898
1842, 65, 693
1843, 69, 434
1844, 831, 906
1845, 579, 723
1846, 816, 987
1847, 396, 985
1848, 162, 202
1849, 402, 777
1850, 390, 627
1851, 415, 795
1852, 55, 944
1853, 79, 495
1854, 35, 572
1855, 47, 710
1856, 186, 882
1857, 653, 917
1858, 78, 842
1859, 323, 567
1860, 19, 290
1861, 237, 667
1862, 211, 477
1863, 27, 421
1864, 91, 854
1865, 80, 727
1866, 155, 223
1867, 193, 779
1868, 651, 836
1869, 903, 915
1870, 493, 565
1871, 546, 696
1872, 94, 925
1873, 802, 931
1874, 783, 997
1875, 616, 881
1876, 665, 873
1877, 308, 571
1878, 650, 982
1879, 220, 377
1880, 555, 711
1881, 99, 596
1882, 452, 630
1883, 6, 61
1884, 381, 732
1885, 121, 800
1886, 409, 883
1887, 41, 204
1888, 311, 316
1889, 706, 862
1890, 262, 780
1891, 116, 530
1892, 513, 662
1893, 62, 781
1894, 389, 631
1895, 151, 243
1896, 145, 625
1897, 17, 568
1898, 549, 731
1899, 335, 617
1900, 270, 919
1901, 375, 865
1902, 472, 894
1903, 590, 857
1904, 829, 833
1905, 392, 892
1906, 179, 937
1907, 107, 441
1908, 95, 848
1909, 339, 368
1910, 517, 585
1911, 458, 609
1912, 158, 372
1913, 70, 175
1914, 30, 504
1915, 340, 958
1916, 154, 666
1917, 406, 957
1918, 694, 993
1919, 712, 754
1920, 84, 930
1921, 28, 92
1922, 250, 986
1923, 459, 744
1924, 516, 547
1925, 394, 420
1926, 412, 834
1927, 130, 598
1928, 411, 593
1929, 386, 844
1930, 259, 647
1931, 239, 370
1932, 577, 942
1933, 469, 536
1934, 320, 539
1935, 77, 481
1936, 940, 989
1937, 520, 949
1938, 56, 807
1939, 46, 446
1940, 76, 658
1941, 123, 797
1942, 279, 545
1943, 479, 569
1944, 185, 620
1945, 7, 40
1946, 267, 418
1947, 142, 678
1948, 558, 718
1949, 385, 560
1950, 365, 803
1951, 236, 659
1952, 96, 716
1953, 74, 232
1954, 126, 632
1955, 4, 527
1956, 57, 621
1957, 605, 979
1958, 25, 735
1959, 690, 856
1960, 221, 321
1961, 322, 872
1962, 405, 994
1963, 734, 912
1964, 492, 861
1965, 219, 648
1966, 512, 984
1967, 247, 257
1968, 244, 998
1969, 134, 263
1970, 387, 487
1971, 110, 686
1972, 332, 639
1973, 476, 511
1974, 34, 374
1975, 100, 499
1976, 362, 818
1977, 604, 839
1978, 59, 440
1979, 11, 821
1980, 353, 788
1981, 178, 661
1982, 60, 945
1983, 128, 188
1984, 403, 867
1985, 296, 341
1986, 29, 656
1987, 9, 105
1988, 229, 828
1989, 38, 845
1990, 369, 680
1991, 840, 855
1992, 173, 314
1993, 13, 908
1994, 149, 655
1995, 562, 981
1996, 129, 343
1997, 515, 782
1998, 601, 959
1999, 196, 798
2000, 591, 916
2001, 42, 260
2002, 4, 108
2003, 464, 568
2004, 175, 963
2005, 40, 873
2006, 310, 403
2007, 425, 569
2008, 598, 735
2009, 335, 726
2010, 46, 976
2011, 192, 807
2012, 330, 476
2013, 446, 740
2014, 583, 841
2015, 207, 339
2016, 123, 523
2017, 687, 911
2018, 236, 467
2019, 414, 857
2020, 164, 816
2021, 298, 827
2022, 556, 559
2023, 20, 826
2024, 472, 910
2025, 206, 812
2026, 51, 263
2027, 165, 226
2028, 306, 850
2029, 1, 491
2030, 645, 985
2031, 490, 721
2032, 81, 833
2033, 377, 428
2034, 453, 858
2035, 128, 936
2036, 422, 526
2037, 267, 738
2038, 17, 338
2039, 571, 777
2040, 201, 997
2041, 314, 484
2042, 16, 783
2043, 41, 211
2044, 38, 992
2045, 76, 906
2046, 686, 846
2047, 146, 530
2048, 366, 892
2049, 87, 463
2050, 279, 837
2051, 231, 322
2052, 356, 630
2053, 619, 643
2054, 540, 903
2055, 516, 704
2056, 368, 907
2057, 196, 340
2058, 693, 960
2059, 10, 396
2060, 198, 863
2061, 219, 485
2062, 481, 930
2063, 287, 849
2064, 504, 658
2065, 232, 780
2066, 79, 456
2067, 21, 659
2068, 479, 510
2069, 149, 897
2070, 695, 748
2071, 27, 261
2072, 382, 925
2073, 582, 809
2074, 399, 973
2075, 443, 473
2076, 74, 941
2077, 157, 834
2078, 334, 854
2079, 277, 884
2080, 547, 668
2081, 655, 964
2082, 734, 991
2083, 61, 1000
2084, 124, 189
2085, 599, 750
2086, 297, 782
2087, 525, 931
2088, 375, 888
2089, 419, 654
2090, 30, 883
2091, 97, 789
2092, 710, 765
2093, 494, 796
2094, 701, 770
2095, 145, 700
2096, 130, 661
2097, 92, 202
2098, 37, 952
2099, 284, 956
2100, 309, 448
2101, 351, 509
2102, 546, 594
2103, 296, 996
2104, 423, 621
2105, 177, 771
2106, 136, 870
2107, 699, 764
2108, 120, 371
2109, 134, 285
2110, 67, 629
2111, 363, 585
2112, 258, 705
2113, 753, 999
2114, 450, 831
2115, 268, 689
2116, 731, 878
2117, 225, 507
2118, 501, 678
2119, 233, 394
2120, 137, 766
2121, 147, 970
2122, 65, 894
2123, 155, 397
2124, 243, 265
2125, 498, 717
2126, 386, 671
2127, 144, 622
2128, 566, 934
2129, 521, 784
2130, 58, 688
2131, 215, 305
2132, 342, 641
2133, 644, 791
2134, 321, 920
2135, 889, 924
2136, 71, 374
2137, 563, 860
2138, 367, 990
2139, 88, 681
2140, 518, 703
2141, 166, 919
2142, 95, 608
2143, 389, 743
2144, 174, 912
2145, 926, 966
2146, 170, 400
2147, 346, 820
2148, 457, 576
2149, 600, 942
2150, 48, 250
2151, 107, 769
2152, 618, 714
2153, 288, 301
2154, 62, 224
2155, 673, 692
2156, 148, 239
2157, 682, 986
2158, 251, 763
2159, 85, 160
2160, 116, 814
2161, 249, 438
2162, 227, 982
2163, 853, 861
2164, 259, 805
2165, 77, 677
2166, 84, 928
2167, 343, 468
2168, 197, 536
2169, 29, 229
2170, 751, 762
2171, 105, 865
2172, 103, 852
2173, 275, 452
2174, 512, 980
2175, 674, 867
2176, 316, 364
2177, 133, 357
2178, 381, 499
2179, 328, 712
2180, 545, 612
2181, 395, 623
2182, 26, 404
2183, 607, 772
2184, 269, 302
2185, 68, 948
2186, 307, 856
2187, 880, 981
2188, 466, 729
2189, 93, 554
2190, 102, 303
2191, 122, 977
2192, 244, 916
2193, 656, 697
2194, 14, 350
2195, 36, 603
2196, 756, 881
2197, 54, 359
2198, 245, 638
2199, 660, 868
2200, 388, 790
2201, 152, 480
2202, 460, 500
2203, 22, 348
2204, 34, 776
2205, 380, 958
2206, 577, 937
2207, 55, 313
2208, 444, 757
2209, 163, 810
2210, 256, 632
2211, 360, 800
2212, 270, 967
2213, 534, 602
2214, 458, 488
2215, 482, 732
2216, 636, 657
2217, 126, 694
2218, 213, 496
2219, 182, 331
2220, 204, 550
2221, 162, 527
2222, 49, 690
2223, 45, 961
2224, 828, 953
2225, 685, 727
2226, 332, 596
2227, 172, 390
2228, 169, 975
2229, 628, 755
2230, 247, 876
2231, 420, 939
2232, 100, 180
2233, 32, 191
2234, 248, 786
2235, 53, 205
2236, 210, 312
2237, 212, 794
2238, 293, 344
2239, 832, 994
2240, 94, 604
2241, 50, 492
2242, 200, 230
2243, 272, 370
2244, 181, 959
2245, 442, 515
2246, 584, 725
2247, 186, 662
2248, 64, 90
2249, 376, 806
2250, 140, 486
2251, 391, 847
2252, 111, 142
2253, 6, 320
2254, 44, 804
2255, 407, 787
2256, 489, 781
2257, 98, 904
2258, 57, 203
2259, 195, 597
2260, 520, 652
2261, 434, 933
2262, 606, 829
2263, 158, 455
2264, 471, 675
2265, 19, 543
2266, 308, 788
2267, 470, 754
2268, 47, 132
2269, 138, 178
2270, 797, 864
2271, 295, 454
2272, 663, 667
2273, 410, 768
2274, 257, 875
2275, 33, 384
2276, 315, 441
2277, 131, 634
2278, 151, 168
2279, 254, 502
2280, 631, 885
2281, 18, 817
2282, 392, 445
2283, 802, 899
2284, 96, 176
2285, 117, 855
2286, 595, 978
2287, 199, 570
2288, 723, 815
2289, 237, 691
2290, 24, 935
2291, 282, 535
2292, 437, 647
2293, 216, 574
2294, 8, 573
2295, 115, 670
2296, 581, 908
2297, 187, 365
2298, 429, 483
2299, 758, 947
2300, 616, 932
2301, 742, 879
2302, 436, 461
2303, 819, 905
2304, 99, 379
2305, 234, 649
2306, 52, 803
2307, 266, 323
2308, 190, 702
2309, 352, 433
2310, 579, 808
2311, 214, 706
2312, 412, 974
2313, 274, 785
2314, 9, 835
2315, 72, 565
2316, 529, 590
2317, 80, 421
2318, 538, 779
2319, 823, 968
2320, 43, 415
2321, 209, 927
2322, 451, 728
2323, 104, 426
2324, 430, 683
2325, 179, 886
2326, 737, 799
2327, 508, 511
2328, 408, 713
2329, 161, 383
2330, 56, 950
2331, 592, 642
2332, 474, 637
2333, 588, 708
2334, 617, 938
2335, 183, 327
2336, 60, 531
2337, 63, 326
2338, 276, 733
2339, 475, 773
2340, 278, 589
2341, 240, 711
2342, 221, 317
2343, 121, 506
2344, 528, 915
2345, 12, 555
2346, 127, 918
2347, 75, 836
2348, 541, 839
2349, 561, 722
2350, 409, 562
2351, 416, 439
2352, 872, 929
2353, 532, 774
2354, 544, 587
2355, 167, 522
2356, 23, 801
2357, 435, 624
2358, 497, 575
2359, 739, 866
2360, 720, 902
2361, 447, 760
2362, 241, 998
2363, 393, 848
2364, 639, 898
2365, 292, 567
2366, 517, 613
2367, 262, 767
2368, 73, 896
2369, 28, 900
2370, 341, 775
2371, 325, 845
2372, 171, 951
2373, 432, 945
2374, 114, 349
2375, 553, 843
2376, 194, 378
2377, 208, 611
2378, 82, 709
2379, 246, 653
2380, 353, 715
2381, 11, 984
2382, 718, 943
2383, 119, 891
2384, 537, 716
2385, 513, 798
2386, 744, 965
2387, 749, 987
2388, 793, 838
2389, 291, 648
2390, 462, 969
2391, 106, 503
2392, 86, 909
2393, 478, 890
2394, 112, 188
2395, 542, 707
2396, 578, 593
2397, 745, 813
2398, 319, 741
2399, 253, 626
2400, 220, 329
2401, 402, 514
2402, 413, 778
2403, 25, 679
2404, 324, 957
2405, 228, 347
2406, 669, 887
2407, 283, 354
2408, 405, 869
2409, 558, 921
2410, 273, 955
2411, 252, 465
2412, 264, 477
2413, 69, 110
2414, 355, 825
2415, 519, 840
2416, 143, 665
2417, 135, 650
2418, 605, 871
2419, 539, 830
2420, 113, 746
2421, 173, 954
2422, 676, 944
2423, 625, 844
2424, 139, 601
2425, 406, 914
2426, 3, 666
2427, 387, 811
2428, 311, 560
2429, 609, 651
2430, 150, 821
2431, 336, 922
2432, 459, 614
2433, 280, 398
2434, 300, 495
2435, 318, 424
2436, 193, 552
2437, 70, 294
2438, 586, 752
2439, 5, 222
2440, 719, 736
2441, 238, 698
2442, 2, 159
2443, 372, 874
2444, 822, 940
2445, 184, 696
2446, 7, 724
2447, 640, 995
2448, 358, 633
2449, 101, 411
2450, 118, 154
2451, 548, 971
2452, 304, 564
2453, 635, 901
2454, 153, 792
2455, 109, 877
2456, 345, 824
2457, 646, 851
2458, 591, 747
2459, 418, 818
2460, 13, 362
2461, 242, 979
2462, 235, 949
2463, 156, 217
2464, 31, 680
2465, 15, 795
2466, 417, 923
2467, 39, 218
2468, 337, 684
2469, 533, 759
2470, 469, 551
2471, 59, 627
2472, 35, 862
2473, 385, 962
2474, 299, 895
2475, 255, 917
2476, 615, 842
2477, 431, 672
2478, 286, 620
2479, 281, 913
2480, 557, 580
2481, 427, 761
2482, 610, 983
2483, 373, 549
2484, 91, 946
2485, 129, 893
2486, 83, 89
2487, 78, 493
2488, 440, 859
2489, 290, 972
2490, 185, 882
2491, 289, 664
2492, 369, 988
2493, 223, 271
2494, 487, 993
2495, 730, 989
2496, 141, 505
2497, 66, 449
2498, 125, 524
2499, 361, 401
2500, 333, 572
2501, 211, 280
2502, 524, 644
2503, 325, 477
2504, 336, 618
2505, 125, 508
2506, 164, 337
2507, 607, 623
2508, 157, 513
2509, 664, 925
2510, 204, 697
2511, 391, 416
2512, 768, 827
2513, 423, 615
2514, 251, 585
2515, 851, 868
2516, 403, 671
2517, 221, 274
2518, 24, 206
2519, 133, 414
2520, 188, 523
2521, 305, 593
2522, 187, 543
2523, 279, 281
2524, 111, 330
2525, 311, 835
2526, 54, 379
2527, 728, 736
2528, 4, 67
2529, 653, 984
2530, 32, 556
2531, 98, 212
2532, 654, 853
2533, 372, 580
2534, 614, 821
2535, 132, 316
2536, 359, 462
2537, 647, 814
2538, 338, 408
2539, 638, 826
2540, 214, 822
2541, 82, 393
2542, 374, 982
2543, 189, 598
2544, 233, 930
2545, 166, 426
2546, 482, 533
2547, 689, 691
2548, 81, 788
2549, 207, 343
2550, 432, 696
2551, 276, 776
2552, 737, 812
2553, 366, 790
2554, 667, 743
2555, 38, 124
2556, 428, 625
2557, 73, 514
2558, 389, 413
2559, 107, 957
2560, 122, 412
2561, 215, 629
2562, 317, 567
2563, 476, 902
2564, 126, 142
2565, 744, 936
2566, 409, 436
2567, 616, 683
2568, 110, 730
2569, 549, 770
2570, 123, 711
2571, 33, 948
2572, 34, 282
2573, 144, 676
2574, 61, 341
2575, 624, 898
2576, 489, 845
2577, 519, 920
2578, 210, 877
2579, 492, 883
2580, 443, 962
2581, 539, 978
2582, 246, 763
2583, 455, 505
2584, 324, 608
2585, 735, 981
2586, 3, 344
2587, 310, 867
2588, 71, 707
2589, 951, 967
2590, 494, 572
2591, 457, 723
2592, 196, 591
2593, 117, 258
2594, 313, 899
2595, 6, 570
2596, 113, 732
2597, 466, 517
2598, 149, 502
2599, 128, 356
2600, 84, 888
2601, 824, 857
2602, 25, 960
2603, 509, 932
2604, 209, 370
2605, 748, 805
2606, 134, 863
2607, 298, 429
2608, 37, 977
2609, 688, 882
2610, 447, 724
2611, 604, 632
2612, 197, 459
2613, 731, 766
2614, 641, 873
2615, 230, 659
2616, 27, 555
2617, 266, 405
2618, 308, 636
2619, 55, 388
2620, 248, 946
2621, 547, 695
2622, 139, 779
2623, 208, 829
2624, 633, 755
2625, 714, 917
2626, 193, 964
2627, 649, 651
2628, 385, 526
2629, 339, 362
2630, 371, 601
2631, 270, 433
2632, 156, 677
2633, 155, 756
2634, 240, 410
2635, 184, 859
2636, 72, 959
2637, 295, 640
2638, 446, 568
2639, 198, 796
2640, 686, 876
2641, 9, 849
2642, 224, 726
2643, 474, 648
2644, 892, 934
2645, 380, 425
2646, 56, 377
2647, 694, 764
2648, 303, 840
2649, 717, 781
2650, 833, 875
2651, 75, 605
2652, 129, 495
2653, 332, 375
2654, 512, 628
2655, 681, 769
2656, 36, 903
2657, 100, 854
2658, 464, 544
2659, 757, 856
2660, 801, 922
2661, 143, 729
2662, 183, 226
2663, 19, 473
2664, 606, 906
2665, 705, 860
2666, 319, 558
2667, 94, 301
2668, 102, 480
2669, 355, 458
2670, 106, 926
2671, 813, 945
2672, 165, 527
2673, 557, 645
2674, 479, 832
2675, 180, 333
2676, 528, 639
2677, 262, 382
2678, 468, 887
2679, 733, 921
2680, 472, 897
2681, 185, 943
2682, 218, 504
2683, 16, 896
2684, 83, 347
2685, 200, 658
2686, 195, 386
2687, 368, 786
2688, 761, 774
2689, 483, 760
2690, 771, 940
2691, 418, 915
2692, 478, 793
2693, 627, 668
2694, 205, 439
2695, 15, 584
2696, 63, 590
2697, 112, 228
2698, 434, 929
2699, 392, 762
2700, 367, 589
2701, 381, 398
2702, 192, 650
2703, 564, 673
2704, 77, 109
2705, 118, 582
2706, 97, 522
2707, 453, 750
2708, 272, 299
2709, 13, 487
2710, 602, 862
2711, 577, 924
2712, 29, 154
2713, 799, 807
2714, 675, 879
2715, 327, 794
2716, 137, 626
2717, 320, 545
2718, 785, 905
2719, 273, 364
2720, 287, 881
2721, 904, 986
2722, 417, 965
2723, 448, 592
2724, 95, 202
2725, 40, 182
2726, 536, 574
2727, 153, 488
2728, 791, 842
2729, 363, 975
2730, 484, 738
2731, 247, 745
2732, 329, 682
2733, 150, 825
2734, 93, 232
2735, 42, 456
2736, 775, 780
2737, 293, 461
2738, 331, 820
2739, 227, 949
2740, 422, 772
2741, 31, 181
2742, 450, 989
2743, 121, 864
2744, 88, 655
2745, 159, 201
2746, 529, 642
2747, 1, 264
2748, 225, 361
2749, 57, 878
2750, 454, 581
2751, 575, 908
2752, 151, 699
2753, 511, 749
2754, 14, 22
2755, 160, 931
2756, 353, 378
2757, 223, 690
2758, 373, 441
2759, 399, 844
2760, 485, 548
2761, 7, 746
2762, 103, 217
2763, 314, 424
2764, 68, 500
2765, 665, 935
2766, 407, 808
2767, 191, 323
2768, 140, 846
2769, 322, 552
2770, 50, 440
2771, 120, 997
2772, 99, 969
2773, 709, 712
2774, 58, 838
2775, 334, 837
2776, 583, 739
2777, 427, 578
2778, 661, 850
2779, 285, 307
2780, 702, 933
2781, 401, 988
2782, 53, 758
2783, 161, 669
2784, 252, 710
2785, 152, 792
2786, 91, 872
2787, 62, 260
2788, 437, 546
2789, 236, 400
2790, 360, 913
2791, 656, 874
2792, 559, 816
2793, 39, 445
2794, 69, 497
2795, 8, 721
2796, 402, 847
2797, 460, 747
2798, 277, 431
2799, 104, 993
2800, 52, 203
2801, 415, 612
2802, 171, 516
2803, 700, 992
2804, 90, 297
2805, 802, 893
2806, 685, 719
2807, 96, 869
2808, 486, 599
2809, 304, 521
2810, 345, 966
2811, 288, 958
2812, 105, 259
2813, 554, 753
2814, 176, 787
2815, 390, 631
2816, 866, 910
2817, 309, 469
2818, 79, 292
2819, 634, 754
2820, 250, 267
2821, 162, 510
2822, 241, 365
2823, 565, 806
2824, 315, 540
2825, 312, 680
2826, 571, 797
2827, 86, 663
2828, 778, 914
2829, 26, 244
2830, 213, 537
2831, 101, 438
2832, 173, 383
2833, 254, 890
2834, 64, 703
2835, 955, 974
2836, 586, 621
2837, 167, 561
2838, 222, 900
2839, 530, 576
2840, 342, 357
2841, 302, 937
2842, 5, 59
2843, 328, 983
2844, 186, 321
2845, 158, 419
2846, 395, 666
2847, 493, 609
2848, 87, 810
2849, 430, 643
2850, 701, 722
2851, 51, 725
2852, 257, 708
2853, 444, 985
2854, 294, 889
2855, 231, 901
2856, 190, 501
2857, 80, 503
2858, 2, 352
2859, 481, 973
2860, 127, 350
2861, 611, 858
2862, 742, 783
2863, 284, 836
2864, 130, 954
2865, 135, 818
2866, 579, 678
2867, 65, 563
2868, 672, 999
2869, 278, 803
2870, 229, 256
2871, 108, 141
2872, 467, 693
2873, 199, 773
2874, 49, 275
2875, 740, 895
2876, 169, 692
2877, 784, 885
2878, 219, 679
2879, 216, 318
2880, 449, 734
2881, 194, 741
2882, 131, 242
2883, 163, 970
2884, 531, 1000
2885, 45, 74
2886, 620, 795
2887, 265, 919
2888, 340, 507
2889, 662, 968
2890, 119, 306
2891, 861, 941
2892, 261, 684
2893, 44, 782
2894, 11, 18
2895, 660, 831
2896, 66, 720
2897, 532, 652
2898, 28, 30
2899, 291, 976
2900, 271, 354
2901, 21, 637
2902, 12, 834
2903, 235, 911
2904, 442, 646
2905, 46, 727
2906, 300, 451
2907, 687, 830
2908, 146, 351
2909, 60, 70
2910, 597, 704
2911, 815, 865
2912, 588, 909
2913, 253, 358
2914, 551, 939
2915, 349, 506
2916, 178, 384
2917, 491, 880
2918, 116, 286
2919, 17, 916
2920, 630, 759
2921, 348, 562
2922, 535, 980
2923, 596, 884
2924, 47, 716
2925, 566, 600
2926, 715, 817
2927, 89, 670
2928, 238, 777
2929, 553, 617
2930, 326, 950
2931, 870, 907
2932, 145, 550
2933, 263, 752
2934, 23, 421
2935, 534, 635
2936, 283, 798
2937, 751, 938
2938, 269, 841
2939, 396, 996
2940, 515, 852
2941, 115, 619
2942, 177, 912
2943, 78, 800
2944, 243, 452
2945, 172, 622
2946, 387, 560
2947, 179, 610
2948, 376, 789
2949, 147, 249
2950, 587, 894
2951, 48, 828
2952, 268, 538
2953, 420, 819
2954, 465, 767
2955, 335, 470
2956, 20, 170
2957, 76, 220
2958, 290, 713
2959, 136, 594
2960, 114, 234
2961, 369, 475
2962, 92, 174
2963, 397, 525
2964, 613, 998
2965, 289, 971
2966, 35, 541
2967, 518, 573
2968, 41, 394
2969, 148, 406
2970, 245, 995
2971, 175, 953
2972, 839, 944
2973, 255, 990
2974, 296, 496
2975, 10, 994
2976, 237, 404
2977, 809, 928
2978, 411, 499
2979, 138, 972
2980, 346, 855
2981, 471, 595
2982, 463, 698
2983, 43, 942
2984, 239, 848
2985, 490, 569
2986, 85, 991
2987, 542, 843
2988, 961, 979
2989, 168, 706
2990, 498, 823
2991, 952, 956
2992, 603, 657
2993, 891, 987
2994, 674, 923
2995, 718, 765
2996, 804, 947
2997, 811, 918
2998, 871, 886
2999, 435, 927
3000, 520, 963
3001, 535, 544
3002, 431, 893
3003, 468, 988
3004, 114, 556
3005, 42, 655
3006, 333, 666
3007, 506, 629
3008, 807, 864
3009, 217, 689
3010, 205, 513
3011, 88, 660
3012, 189, 522
3013, 327, 777
3014, 526, 798
3015, 107, 815
3016, 260, 958
3017, 77, 117
3018, 131, 388
3019, 976, 989
3020, 133, 322
3021, 204, 551
3022, 407, 540
3023, 206, 560
3024, 146, 158
3025, 446, 653
3026, 236, 968
3027, 750, 998
3028, 89, 966
3029, 707, 848
3030, 429, 581
3031, 163, 564
3032, 219, 527
3033, 419, 805
3034, 231, 422
3035, 167, 763
3036, 43, 285
3037, 395, 906
3038, 212, 837
3039, 15, 475
3040, 339, 638
3041, 355, 460
3042, 72, 597
3043, 744, 950
3044, 58, 910
3045, 66, 330
3046, 166, 169
3047, 287, 469
3048, 321, 990
3049, 70, 792
3050, 331, 808
3051, 10, 165
3052, 120, 183
3053, 375, 445
3054, 617, 963
3055, 371, 905
3056, 569, 598
3057, 404, 510
3058, 647, 999
3059, 86, 961
3060, 192, 796
3061, 313, 802
3062, 769, 980
3063, 352, 885
3064, 161, 804
3065, 882, 912
3066, 319, 393
3067, 142, 289
3068, 854, 918
3069, 496, 765
3070, 4, 874
3071, 197, 661
3072, 64, 920
3073, 276, 334
3074, 315, 416
3075, 359, 803
3076, 81, 904
3077, 405, 467
3078, 449, 709
3079, 361, 857
3080, 584, 909
3081, 557, 890
3082, 678, 902
3083, 455, 618
3084, 292, 385
3085, 558, 867
3086, 199, 332
3087, 492, 740
3088, 839, 849
3089, 130, 780
3090, 126, 824
3091, 735, 838
3092, 541, 830
3093, 159, 951
3094, 599, 936
3095, 252, 925
3096, 139, 211
3097, 233, 981
3098, 486, 817
3099, 601, 812
3100, 71, 251
3101, 308, 908
3102, 201, 218
3103, 37, 397
3104, 35, 286
3105, 670, 954
3106, 616, 718
3107, 237, 550
3108, 214, 1000
3109, 141, 304
3110, 356, 761
3111, 325, 481
3112, 488, 639
3113, 461, 840
3114, 378, 683
3115, 507, 626
3116, 543, 927
3117, 254, 409
3118, 595, 880
3119, 340, 994
3120, 7, 759
3121, 132, 627
3122, 896, 996
3123, 772, 819
3124, 103, 257
3125, 398, 881
3126, 699, 949
3127, 790, 827
3128, 589, 692
3129, 636, 733
3130, 715, 758
3131, 764, 774
3132, 291, 859
3133, 250, 258
3134, 328, 749
3135, 91, 412
3136, 216, 982
3137, 41, 641
3138, 667, 682
3139, 96, 472
3140, 224, 226
3141, 134, 842
3142, 453, 635
3143, 411, 964
3144, 194, 425
3145, 75, 567
3146, 195, 611
3147, 147, 708
3148, 297, 741
3149, 642, 975
3150, 594, 673
3151, 384, 743
3152, 380, 435
3153, 314, 520
3154, 255, 728
3155, 137, 577
3156, 427, 858
3157, 401, 797
3158, 119, 174
3159, 196, 620
3160, 476, 829
3161, 274, 719
3162, 109, 856
3163, 290, 326
3164, 208, 555
3165, 548, 729
3166, 190, 979
3167, 434, 497
3168, 477, 583
3169, 63, 967
3170, 539, 995
3171, 646, 773
3172, 172, 235
3173, 350, 528
3174, 36, 720
3175, 21, 779
3176, 306, 941
3177, 731, 823
3178, 390, 922
3179, 400, 680
3180, 451, 612
3181, 18, 866
3182, 153, 623
3183, 51, 538
3184, 27, 389
3185, 129, 552
3186, 99, 138
3187, 724, 734
3188, 752, 884
3189, 227, 417
3190, 596, 701
3191, 323, 428
3192, 220, 625
3193, 399, 931
3194, 116, 447
3195, 484, 593
3196, 24, 202
3197, 25, 523
3198, 542, 622
3199, 269, 358
3200, 97, 664
3201, 518, 651
3202, 5, 295
3203, 65, 342
3204, 609, 672
3205, 264, 768
3206, 695, 919
3207, 267, 347
3208, 244, 248
3209, 265, 965
3210, 391, 588
3211, 843, 844
3212, 78, 565
3213, 60, 433
3214, 847, 899
3215, 329, 456
3216, 3, 336
3217, 225, 836
3218, 40, 309
3219, 386, 553
3220, 85, 888
3221, 171, 240
3222, 279, 465
3223, 164, 566
3224, 178, 519
3225, 353, 634
3226, 243, 421
3227, 561, 587
3228, 669, 992
3229, 578, 756
3230, 335, 693
3231, 887, 932
3232, 311, 363
3233, 349, 787
3234, 603, 732
3235, 152, 357
3236, 579, 897
3237, 262, 671
3238, 48, 525
3239, 113, 747
3240, 105, 222
3241, 739, 767
3242, 143, 200
3243, 246, 889
3244, 95, 406
3245, 512, 785
3246, 458, 600
3247, 679, 813
3248, 516, 891
3249, 800, 818
3250, 221, 924
3251, 760, 900
3252, 93, 187
3253, 162, 373
3254, 76, 534
3255, 524, 876
3256, 895, 921
3257, 424, 676
3258, 298, 969
3259, 521, 937
3260, 73, 684
3261, 835, 956
3262, 654, 742
3263, 136, 443
3264, 256, 662
3265, 831, 846
3266, 49, 973
3267, 46, 268
3268, 56, 185
3269, 223, 293
3270, 181, 310
3271, 242, 926
3272, 736, 793
3273, 228, 938
3274, 284, 531
3275, 232, 574
3276, 271, 871
3277, 324, 345
3278, 392, 983
3279, 30, 452
3280, 156, 346
3281, 1, 947
3282, 110, 811
3283, 493, 624
3284, 505, 546
3285, 50, 307
3286, 753, 806
3287, 47, 913
3288, 198, 991
3289, 17, 234
3290, 23, 929
3291, 261, 886
3292, 730, 799
3293, 90, 957
3294, 450, 656
3295, 52, 668
3296, 8, 104
3297, 686, 775
3298, 619, 834
3299, 62, 301
3300, 855, 903
3301, 320, 697
3302, 79, 437
3303, 20, 173
3304, 149, 530
3305, 501, 529
3306, 249, 604
3307, 377, 971
3308, 923, 944
3309, 210, 613
3310, 379, 977
3311, 68, 100
3312, 111, 607
3313, 177, 748
3314, 630, 933
3315, 44, 705
3316, 426, 851
3317, 685, 986
3318, 688, 825
3319, 28, 605
3320, 45, 87
3321, 369, 737
3322, 238, 845
3323, 408, 873
3324, 372, 985
3325, 374, 710
3326, 33, 850
3327, 387, 820
3328, 135, 745
3329, 124, 659
3330, 474, 491
3331, 57, 438
3332, 83, 102
3333, 537, 628
3334, 213, 721
3335, 366, 942
3336, 367, 650
3337, 59, 962
3338, 487, 677
3339, 140, 436
3340, 338, 643
3341, 665, 791
3342, 13, 155
3343, 517, 946
3344, 186, 459
3345, 418, 872
3346, 294, 473
3347, 365, 751
3348, 498, 894
3349, 19, 22
3350, 277, 312
3351, 296, 536
3352, 80, 716
3353, 112, 381
3354, 545, 590
3355, 562, 621
3356, 302, 794
3357, 127, 376
3358, 168, 575
3359, 559, 757
3360, 711, 712
3361, 128, 282
3362, 652, 879
3363, 272, 940
3364, 180, 637
3365, 318, 978
3366, 364, 503
3367, 98, 317
3368, 396, 934
3369, 658, 939
3370, 54, 175
3371, 442, 914
3372, 84, 101
3373, 2, 39
3374, 457, 826
3375, 479, 801
3376, 184, 448
3377, 354, 892
3378, 239, 288
3379, 125, 591
3380, 203, 645
3381, 273, 789
3382, 53, 122
3383, 631, 816
3384, 31, 502
3385, 585, 727
3386, 462, 784
3387, 549, 586
3388, 675, 915
3389, 229, 901
3390, 514, 717
3391, 504, 863
3392, 247, 582
3393, 430, 997
3394, 681, 870
3395, 778, 821
3396, 106, 788
3397, 351, 771
3398, 394, 511
3399, 32, 568
3400, 343, 606
3401, 281, 723
3402, 403, 580
3403, 402, 700
3404, 691, 916
3405, 809, 862
3406, 470, 783
3407, 726, 883
3408, 94, 305
3409, 300, 640
3410, 454, 952
3411, 316, 702
3412, 123, 280
3413, 490, 554
3414, 572, 608
3415, 410, 464
3416, 415, 868
3417, 420, 970
3418, 494, 877
3419, 482, 698
3420, 67, 861
3421, 215, 259
3422, 432, 471
3423, 865, 917
3424, 576, 841
3425, 337, 959
3426, 495, 948
3427, 869, 930
3428, 92, 674
3429, 154, 853
3430, 852, 875
3431, 150, 928
3432, 441, 770
3433, 663, 898
3434, 14, 303
3435, 602, 762
3436, 61, 115
3437, 532, 878
3438, 170, 341
3439, 480, 722
3440, 16, 974
3441, 12, 960
3442, 38, 191
3443, 489, 953
3444, 283, 610
3445, 570, 755
3446, 463, 478
3447, 500, 993
3448, 176, 383
3449, 26, 704
3450, 11, 945
3451, 440, 615
3452, 121, 515
3453, 144, 207
3454, 108, 766
3455, 9, 55
3456, 633, 786
3457, 230, 382
3458, 299, 508
3459, 145, 413
3460, 348, 690
3461, 563, 746
3462, 188, 714
3463, 776, 814
3464, 822, 911
3465, 6, 782
3466, 157, 649
3467, 278, 344
3468, 29, 644
3469, 82, 972
3470, 193, 614
3471, 151, 485
3472, 266, 533
3473, 414, 907
3474, 209, 499
3475, 687, 810
3476, 592, 706
3477, 263, 713
3478, 69, 935
3479, 160, 860
3480, 368, 370
3481, 118, 694
3482, 547, 703
3483, 571, 987
3484, 632, 984
3485, 148, 696
3486, 275, 781
3487, 270, 573
3488, 509, 738
3489, 182, 245
3490, 253, 439
3491, 74, 955
3492, 795, 833
3493, 360, 648
3494, 423, 943
3495, 754, 832
3496, 34, 828
3497, 362, 725
3498, 179, 241
3499, 466, 657
3500, 444, 483
3501, 68, 751
3502, 220, 272
3503, 30, 908
3504, 187, 639
3505, 360, 631
3506, 546, 693
3507, 113, 943
3508, 91, 126
3509, 501, 961
3510, 208, 922
3511, 158, 181
3512, 404, 782
3513, 145, 224
3514, 262, 824
3515, 289, 764
3516, 451, 580
3517, 184, 277
3518, 336, 825
3519, 116, 688
3520, 896, 910
3521, 502, 819
3522, 229, 304
3523, 72, 929
3524, 421, 666
3525, 291, 579
3526, 19, 318
3527, 37, 555
3528, 444, 445
3529, 441, 582
3530, 641, 734
3531, 137, 413
3532, 498, 665
3533, 63, 900
3534, 344, 723
3535, 305, 528
3536, 154, 924
3537, 109, 826
3538, 299, 692
3539, 482, 591
3540, 39, 263
3541, 209, 356
3542, 202, 739
3543, 201, 715
3544, 22, 898
3545, 676, 860
3546, 418, 476
3547, 241, 750
3548, 95, 377
3549, 438, 621
3550, 851, 907
3551, 206, 677
3552, 855, 939
3553, 107, 531
3554, 346, 577
3555, 308, 396
3556, 144, 806
3557, 744, 955
3558, 268, 786
3559, 249, 449
3560, 492, 571
3561, 337, 822
3562, 394, 766
3563, 110, 578
3564, 716, 940
3565, 48, 976
3566, 736, 930
3567, 613, 888
3568, 319, 406
3569, 623, 699
3570, 405, 521
3571, 461, 674
3572, 612, 884
3573, 50, 660
3574, 164, 432
3575, 222, 636
3576, 281, 397
3577, 185, 424
3578, 670, 813
3579, 285, 966
3580, 80, 569
3581, 213, 774
3582, 466, 799
3583, 47, 471
3584, 534, 837
3585, 800, 971
3586, 302, 564
3587, 507, 729
3588, 325, 684
3589, 52, 349
3590, 959, 992
3591, 559, 801
3592, 383, 983
3593, 296, 704
3594, 139, 575
3595, 217, 954
3596, 1, 103
3597, 114, 122
3598, 565, 881
3599, 21, 868
3600, 352, 756
3601, 166, 958
3602, 384, 887
3603, 361, 1000
3604, 133, 812
3605, 658, 721
3606, 754, 842
3607, 79, 995
3608, 28, 401
3609, 446, 978
3610, 162, 567
3611, 519, 616
3612, 354, 970
3613, 402, 838
3614, 342, 576
3615, 135, 403
3616, 129, 194
3617, 18, 138
3618, 275, 710
3619, 779, 969
3620, 357, 891
3621, 457, 873
3622, 593, 840
3623, 7, 142
3624, 98, 705
3625, 16, 901
3626, 427, 552
3627, 430, 915
3628, 97, 695
3629, 243, 568
3630, 36, 78
3631, 33, 143
3632, 146, 899
3633, 182, 246
3634, 386, 880
3635, 226, 487
3636, 6, 609
3637, 105, 252
3638, 176, 626
3639, 136, 694
3640, 749, 916
3641, 906, 987
3642, 539, 809
3643, 691, 848
3644, 463, 604
3645, 865, 928
3646, 77, 872
3647, 74, 563
3648, 945, 960
3649, 657, 745
3650, 392, 805
3651, 205, 697
3652, 198, 515
3653, 62, 527
3654, 303, 326
3655, 124, 174
3656, 683, 856
3657, 707, 802
3658, 708, 757
3659, 332, 640
3660, 180, 678
3661, 34, 718
3662, 42, 789
3663, 44, 328
3664, 251, 909
3665, 14, 419
3666, 473, 740
3667, 49, 484
3668, 526, 989
3669, 271, 374
3670, 288, 720
3671, 88, 364
3672, 833, 861
3673, 368, 633
3674, 108, 283
3675, 32, 455
3676, 118, 436
3677, 204, 585
3678, 260, 724
3679, 147, 912
3680, 554, 835
3681, 605, 843
3682, 547, 895
3683, 348, 614
3684, 149, 379
3685, 845, 857
3686, 183, 618
3687, 435, 743
3688, 353, 653
3689, 362, 680
3690, 398, 778
3691, 152, 573
3692, 437, 620
3693, 270, 443
3694, 548, 746
3695, 131, 290
3696, 214, 675
3697, 40, 316
3698, 65, 667
3699, 687, 878
3700, 331, 378
3701, 159, 595
3702, 45, 61
3703, 200, 673
3704, 11, 150
3705, 389, 702
3706, 470, 864
3707, 51, 892
3708, 207, 686
3709, 367, 991
3710, 2, 780
3711, 163, 247
3712, 422, 439
3713, 151, 685
3714, 719, 844
3715, 753, 941
3716, 276, 587
3717, 607, 985
3718, 642, 798
3719, 306, 796
3720, 423, 536
3721, 791, 948
3722, 558, 853
3723, 286, 714
3724, 425, 485
3725, 334, 589
3726, 634, 810
3727, 56, 274
3728, 233, 259
3729, 29, 913
3730, 366, 784
3731, 493, 968
3732, 167, 557
3733, 264, 588
3734, 512, 957
3735, 70, 242
3736, 75, 849
3737, 31, 918
3738, 15, 190
3739, 315, 767
3740, 808, 972
3741, 628, 875
3742, 505, 601
3743, 454, 785
3744, 20, 178
3745, 43, 57
3746, 803, 811
3747, 266, 770
3748, 35, 722
3749, 371, 496
3750, 245, 570
3751, 522, 829
3752, 54, 788
3753, 100, 102
3754, 230, 671
3755, 345, 440
3756, 82, 391
3757, 931, 977
3758, 85, 516
3759, 408, 517
3760, 128, 341
3761, 210, 256
3762, 488, 520
3763, 169, 608
3764, 160, 500
3765, 195, 594
3766, 525, 672
3767, 231, 709
3768, 475, 944
3769, 179, 986
3770, 244, 538
3771, 255, 442
3772, 237, 663
3773, 115, 776
3774, 459, 836
3775, 417, 994
3776, 172, 727
3777, 453, 545
3778, 24, 973
3779, 495, 902
3780, 211, 409
3781, 10, 763
3782, 400, 886
3783, 165, 465
3784, 168, 307
3785, 610, 890
3786, 420, 748
3787, 64, 817
3788, 55, 949
3789, 317, 775
3790, 499, 615
3791, 381, 730
3792, 295, 494
3793, 790, 834
3794, 86, 312
3795, 175, 456
3796, 279, 537
3797, 532, 920
3798, 376, 794
3799, 725, 831
3800, 393, 903
3801, 590, 925
3802, 240, 876
3803, 188, 469
3804, 574, 792
3805, 69, 491
3806, 89, 321
3807, 71, 388
3808, 66, 431
3809, 339, 889
3810, 399, 807
3811, 650, 869
3812, 606, 752
3813, 874, 938
3814, 8, 477
3815, 506, 572
3816, 41, 737
3817, 787, 956
3818, 733, 738
3819, 228, 990
3820, 793, 963
3821, 225, 617
3822, 5, 583
3823, 173, 980
3824, 638, 883
3825, 157, 533
3826, 648, 701
3827, 524, 732
3828, 189, 363
3829, 885, 996
3830, 9, 294
3831, 76, 359
3832, 280, 560
3833, 199, 781
3834, 358, 988
3835, 509, 950
3836, 472, 625
3837, 223, 664
3838, 177, 460
3839, 219, 310
3840, 101, 645
3841, 467, 535
3842, 112, 741
3843, 59, 347
3844, 551, 947
3845, 60, 647
3846, 140, 298
3847, 25, 385
3848, 191, 630
3849, 742, 927
3850, 351, 897
3851, 83, 679
3852, 148, 867
3853, 489, 818
3854, 212, 852
3855, 529, 669
3856, 599, 795
3857, 92, 644
3858, 508, 544
3859, 322, 410
3860, 258, 681
3861, 713, 815
3862, 530, 914
3863, 314, 566
3864, 130, 186
3865, 297, 758
3866, 632, 711
3867, 84, 433
3868, 350, 974
3869, 96, 760
3870, 153, 773
3871, 904, 917
3872, 387, 448
3873, 923, 999
3874, 510, 603
3875, 414, 877
3876, 257, 373
3877, 668, 768
3878, 447, 905
3879, 330, 624
3880, 293, 935
3881, 452, 816
3882, 549, 820
3883, 3, 602
3884, 134, 197
3885, 250, 863
3886, 4, 104
3887, 329, 728
3888, 335, 649
3889, 218, 486
3890, 12, 611
3891, 333, 543
3892, 235, 962
3893, 141, 561
3894, 267, 553
3895, 370, 921
3896, 155, 462
3897, 287, 981
3898, 541, 735
3899, 93, 513
3900, 407, 717
3901, 265, 821
3902, 797, 879
3903, 854, 979
3904, 919, 932
3905, 26, 731
3906, 340, 598
3907, 269, 450
3908, 769, 772
3909, 13, 236
3910, 292, 600
3911, 234, 997
3912, 369, 646
3913, 503, 629
3914, 132, 747
3915, 46, 762
3916, 254, 382
3917, 480, 761
3918, 497, 984
3919, 637, 846
3920, 592, 661
3921, 429, 952
3922, 841, 993
3923, 73, 309
3924, 936, 964
3925, 311, 343
3926, 196, 412
3927, 411, 965
3928, 416, 823
3929, 87, 511
3930, 171, 690
3931, 584, 828
3932, 428, 656
3933, 117, 504
3934, 67, 375
3935, 320, 777
3936, 38, 771
3937, 278, 562
3938, 248, 942
3939, 390, 474
3940, 23, 682
3941, 203, 850
3942, 300, 479
3943, 261, 365
3944, 90, 934
3945, 127, 327
3946, 703, 953
3947, 120, 662
3948, 464, 804
3949, 550, 627
3950, 458, 937
3951, 755, 832
3952, 94, 967
3953, 81, 946
3954, 597, 951
3955, 58, 355
3956, 123, 652
3957, 689, 827
3958, 193, 338
3959, 253, 726
3960, 323, 659
3961, 866, 926
3962, 216, 712
3963, 53, 975
3964, 882, 998
3965, 696, 859
3966, 221, 706
3967, 17, 700
3968, 415, 911
3969, 156, 654
3970, 170, 847
3971, 99, 765
3972, 232, 651
3973, 111, 227
3974, 596, 982
3975, 282, 284
3976, 121, 238
3977, 119, 192
3978, 698, 858
3979, 125, 759
3980, 313, 395
3981, 814, 933
3982, 523, 542
3983, 635, 894
3984, 586, 622
3985, 581, 619
3986, 161, 478
3987, 556, 783
3988, 106, 655
3989, 468, 643
3990, 481, 514
3991, 239, 372
3992, 434, 839
3993, 426, 483
3994, 540, 870
3995, 215, 518
3996, 301, 871
3997, 830, 893
3998, 324, 490
3999, 27, 862
4000, 273, 380
