id, img1, img2
1, 531, 804
2, 234, 524
3, 306, 877
4, 727, 846
5, 171, 296
6, 270, 576
7, 140, 740
8, 321, 714
9, 522, 728
10, 98, 879
11, 107, 345
12, 46, 121
13, 437, 661
14, 1, 185
15, 65, 288
16, 217, 343
17, 532, 615
18, 452, 469
19, 639, 781
20, 756, 958
21, 101, 439
22, 240, 640
23, 224, 914
24, 213, 289
25, 79, 848
26, 249, 446
27, 517, 700
28, 564, 599
29, 735, 960
30, 408, 557
31, 233, 927
32, 106, 817
33, 7, 398
34, 51, 902
35, 92, 426
36, 510, 672
37, 403, 644
38, 25, 620
39, 478, 521
40, 515, 685
41, 54, 116
42, 287, 511
43, 492, 983
44, 662, 792
45, 755, 866
46, 192, 852
47, 601, 951
48, 197, 444
49, 666, 988
50, 399, 899
51, 420, 897
52, 493, 791
53, 138, 388
54, 883, 896
55, 262, 646
56, 30, 335
57, 117, 281
58, 390, 458
59, 310, 894
60, 84, 825
61, 271, 941
62, 366, 657
63, 14, 705
64, 158, 723
65, 692, 874
66, 193, 910
67, 715, 789
68, 29, 443
69, 907, 975
70, 2, 154
71, 172, 215
72, 267, 993
73, 266, 502
74, 632, 656
75, 957, 973
76, 582, 679
77, 368, 853
78, 391, 925
79, 530, 696
80, 59, 642
81, 113, 584
82, 212, 961
83, 340, 423
84, 247, 713
85, 144, 761
86, 42, 875
87, 292, 543
88, 22, 525
89, 41, 968
90, 102, 819
91, 460, 736
92, 384, 871
93, 123, 1000
94, 711, 991
95, 457, 767
96, 40, 507
97, 370, 673
98, 132, 389
99, 277, 451
100, 331, 743
101, 77, 911
102, 222, 788
103, 556, 660
104, 63, 544
105, 165, 643
106, 264, 570
107, 62, 942
108, 503, 553
109, 297, 733
110, 170, 837
111, 375, 955
112, 322, 329
113, 28, 49
114, 34, 505
115, 774, 882
116, 803, 821
117, 355, 652
118, 71, 373
119, 70, 199
120, 536, 939
121, 721, 738
122, 201, 813
123, 103, 204
124, 569, 684
125, 845, 978
126, 380, 709
127, 67, 888
128, 445, 483
129, 395, 675
130, 104, 467
131, 697, 790
132, 142, 768
133, 598, 959
134, 486, 746
135, 208, 406
136, 191, 815
137, 827, 965
138, 239, 275
139, 186, 200
140, 231, 393
141, 74, 994
142, 527, 567
143, 99, 518
144, 924, 954
145, 73, 689
146, 315, 952
147, 95, 318
148, 53, 237
149, 323, 717
150, 109, 339
151, 139, 999
152, 305, 731
153, 605, 933
154, 377, 904
155, 225, 929
156, 843, 974
157, 15, 419
158, 115, 563
159, 190, 429
160, 409, 596
161, 314, 814
162, 33, 468
163, 60, 722
164, 537, 858
165, 175, 810
166, 614, 619
167, 145, 232
168, 550, 737
169, 164, 770
170, 167, 868
171, 568, 995
172, 806, 908
173, 623, 650
174, 9, 143
175, 427, 886
176, 13, 633
177, 508, 638
178, 6, 258
179, 303, 548
180, 741, 765
181, 263, 475
182, 431, 944
183, 235, 547
184, 450, 891
185, 434, 588
186, 365, 374
187, 416, 855
188, 352, 985
189, 261, 561
190, 152, 869
191, 707, 903
192, 362, 545
193, 552, 802
194, 153, 472
195, 462, 729
196, 244, 497
197, 223, 397
198, 163, 798
199, 108, 823
200, 442, 562
201, 487, 984
202, 626, 716
203, 227, 566
204, 402, 617
205, 603, 752
206, 573, 793
207, 627, 864
208, 609, 932
209, 334, 587
210, 861, 949
211, 44, 309
212, 307, 613
213, 21, 126
214, 351, 654
215, 198, 589
216, 934, 947
217, 48, 411
218, 361, 604
219, 127, 526
220, 211, 668
221, 376, 499
222, 336, 971
223, 500, 970
224, 473, 794
225, 69, 432
226, 347, 611
227, 169, 989
228, 5, 981
229, 506, 647
230, 82, 992
231, 754, 872
232, 301, 485
233, 251, 849
234, 534, 730
235, 187, 459
236, 630, 655
237, 220, 659
238, 11, 800
239, 10, 56
240, 125, 724
241, 119, 133
242, 179, 832
243, 529, 842
244, 269, 621
245, 253, 739
246, 433, 490
247, 759, 946
248, 86, 565
249, 441, 912
250, 764, 997
251, 383, 407
252, 332, 766
253, 111, 317
254, 579, 691
255, 636, 807
256, 94, 750
257, 23, 342
258, 749, 822
259, 385, 703
260, 664, 898
261, 313, 682
262, 818, 885
263, 166, 181
264, 32, 259
265, 622, 629
266, 257, 867
267, 364, 937
268, 471, 745
269, 312, 571
270, 131, 320
271, 219, 256
272, 209, 876
273, 26, 226
274, 282, 328
275, 667, 830
276, 242, 421
277, 926, 938
278, 248, 799
279, 268, 967
280, 189, 554
281, 481, 940
282, 448, 771
283, 81, 962
284, 387, 706
285, 47, 326
286, 786, 840
287, 298, 624
288, 371, 542
289, 76, 575
290, 382, 541
291, 112, 180
292, 635, 982
293, 156, 183
294, 88, 808
295, 424, 606
296, 698, 726
297, 349, 784
298, 128, 137
299, 350, 353
300, 586, 701
301, 75, 479
302, 341, 987
303, 17, 591
304, 27, 100
305, 889, 921
306, 381, 637
307, 392, 616
308, 122, 922
309, 16, 120
310, 118, 618
311, 85, 678
312, 284, 972
313, 20, 418
314, 488, 688
315, 43, 663
316, 57, 838
317, 453, 776
318, 412, 523
319, 495, 916
320, 272, 977
321, 513, 658
322, 3, 850
323, 124, 135
324, 410, 465
325, 769, 785
326, 480, 834
327, 820, 917
328, 176, 797
329, 195, 594
330, 58, 811
331, 590, 608
332, 425, 892
333, 330, 360
334, 207, 641
335, 546, 612
336, 396, 581
337, 19, 600
338, 214, 625
339, 413, 950
340, 4, 884
341, 577, 795
342, 265, 699
343, 595, 653
344, 401, 990
345, 250, 311
346, 134, 863
347, 184, 710
348, 243, 276
349, 39, 870
350, 357, 379
351, 356, 602
352, 363, 913
353, 290, 775
354, 218, 610
355, 174, 273
356, 551, 895
357, 178, 461
358, 8, 572
359, 278, 449
360, 206, 964
361, 246, 578
362, 64, 809
363, 295, 887
364, 159, 414
365, 147, 690
366, 430, 712
367, 585, 702
368, 18, 549
369, 901, 909
370, 148, 327
371, 61, 687
372, 477, 948
373, 87, 778
374, 177, 695
375, 161, 173
376, 68, 953
377, 36, 880
378, 400, 915
379, 597, 945
380, 440, 744
381, 55, 719
382, 496, 519
383, 136, 826
384, 157, 294
385, 422, 725
386, 558, 805
387, 80, 325
388, 369, 482
389, 415, 592
390, 203, 777
391, 787, 930
392, 324, 489
393, 300, 956
394, 447, 607
395, 149, 674
396, 835, 918
397, 455, 772
398, 528, 873
399, 96, 378
400, 66, 631
401, 90, 463
402, 346, 824
403, 229, 758
404, 560, 583
405, 304, 860
406, 35, 168
407, 857, 920
408, 645, 935
409, 37, 228
410, 919, 931
411, 812, 839
412, 651, 923
413, 89, 129
414, 539, 796
415, 538, 854
416, 358, 693
417, 344, 783
418, 338, 680
419, 464, 763
420, 155, 466
421, 291, 540
422, 52, 470
423, 72, 372
424, 686, 986
425, 316, 753
426, 669, 742
427, 202, 428
428, 245, 333
429, 210, 319
430, 394, 996
431, 574, 634
432, 38, 734
433, 509, 708
434, 762, 979
435, 474, 512
436, 851, 859
437, 435, 862
438, 78, 286
439, 520, 865
440, 648, 936
441, 671, 900
442, 438, 504
443, 348, 683
444, 293, 905
445, 498, 757
446, 829, 906
447, 205, 255
448, 97, 670
449, 831, 893
450, 694, 943
451, 299, 436
452, 476, 816
453, 216, 491
454, 12, 593
455, 283, 801
456, 93, 516
457, 31, 45
458, 501, 628
459, 928, 969
460, 494, 782
461, 151, 514
462, 456, 718
463, 720, 833
464, 114, 844
465, 241, 417
466, 535, 555
467, 162, 828
468, 230, 337
469, 196, 780
470, 533, 773
471, 285, 559
472, 238, 836
473, 649, 856
474, 354, 676
475, 91, 404
476, 405, 751
477, 580, 747
478, 130, 760
479, 182, 260
480, 194, 881
481, 141, 704
482, 252, 677
483, 890, 980
484, 308, 976
485, 484, 998
486, 146, 236
487, 254, 841
488, 50, 110
489, 367, 878
490, 105, 279
491, 83, 847
492, 150, 665
493, 280, 681
494, 160, 454
495, 359, 966
496, 188, 221
497, 302, 779
498, 24, 386
499, 748, 963
500, 274, 732
501, 276, 522
502, 567, 803
503, 513, 665
504, 11, 883
505, 783, 961
506, 243, 326
507, 60, 417
508, 62, 663
509, 202, 637
510, 155, 957
511, 286, 946
512, 164, 537
513, 566, 860
514, 788, 918
515, 51, 414
516, 135, 768
517, 405, 576
518, 686, 866
519, 523, 902
520, 371, 823
521, 381, 911
522, 626, 966
523, 345, 752
524, 2, 292
525, 372, 632
526, 314, 574
527, 217, 704
528, 491, 703
529, 76, 808
530, 832, 931
531, 204, 328
532, 384, 390
533, 273, 661
534, 654, 670
535, 287, 753
536, 280, 304
537, 182, 668
538, 68, 343
539, 458, 683
540, 25, 979
541, 453, 556
542, 373, 612
543, 110, 563
544, 6, 602
545, 5, 402
546, 145, 924
547, 642, 919
548, 235, 732
549, 298, 717
550, 127, 361
551, 518, 645
552, 36, 813
553, 375, 472
554, 181, 218
555, 150, 445
556, 452, 878
557, 680, 887
558, 354, 496
559, 358, 962
560, 119, 136
561, 733, 801
562, 79, 799
563, 86, 93
564, 346, 970
565, 629, 696
566, 232, 954
567, 494, 617
568, 388, 475
569, 460, 814
570, 215, 307
571, 1, 812
572, 463, 800
573, 413, 871
574, 133, 561
575, 209, 764
576, 39, 726
577, 530, 569
578, 106, 144
579, 114, 479
580, 760, 942
581, 431, 644
582, 432, 836
583, 640, 948
584, 319, 791
585, 755, 870
586, 74, 895
587, 124, 872
588, 254, 318
589, 252, 562
590, 321, 470
591, 107, 338
592, 184, 611
593, 42, 977
594, 108, 972
595, 327, 412
596, 173, 570
597, 65, 620
598, 880, 926
599, 197, 894
600, 149, 716
601, 8, 364
602, 618, 901
603, 352, 748
604, 370, 649
605, 450, 916
606, 49, 793
607, 715, 839
608, 780, 987
609, 224, 250
610, 228, 379
611, 13, 735
612, 541, 609
613, 92, 487
614, 196, 740
615, 75, 536
616, 527, 622
617, 186, 601
618, 493, 577
619, 309, 893
620, 20, 411
621, 205, 426
622, 650, 690
623, 71, 658
624, 398, 935
625, 206, 838
626, 34, 152
627, 573, 575
628, 129, 382
629, 31, 490
630, 303, 549
631, 214, 775
632, 256, 1000
633, 27, 578
634, 128, 727
635, 362, 876
636, 45, 714
637, 759, 988
638, 210, 310
639, 692, 744
640, 773, 968
641, 162, 337
642, 26, 850
643, 667, 725
644, 684, 986
645, 391, 777
646, 30, 982
647, 9, 896
648, 161, 305
649, 15, 421
650, 802, 816
651, 132, 628
652, 492, 610
653, 418, 782
654, 131, 869
655, 239, 476
656, 289, 698
657, 172, 943
658, 121, 428
659, 545, 614
660, 238, 845
661, 510, 603
662, 223, 267
663, 553, 613
664, 655, 884
665, 251, 757
666, 160, 395
667, 269, 795
668, 600, 873
669, 158, 178
670, 693, 863
671, 434, 861
672, 420, 697
673, 21, 621
674, 633, 647
675, 153, 558
676, 246, 324
677, 348, 990
678, 120, 439
679, 216, 514
680, 521, 831
681, 99, 847
682, 441, 495
683, 95, 820
684, 207, 912
685, 170, 323
686, 301, 737
687, 101, 593
688, 259, 819
689, 809, 999
690, 306, 950
691, 180, 842
692, 200, 596
693, 461, 835
694, 59, 113
695, 724, 771
696, 503, 857
697, 459, 824
698, 123, 443
699, 81, 973
700, 270, 297
701, 646, 695
702, 167, 951
703, 504, 868
704, 378, 676
705, 58, 955
706, 171, 226
707, 143, 192
708, 331, 356
709, 534, 694
710, 83, 88
711, 544, 904
712, 746, 765
713, 787, 899
714, 63, 730
715, 515, 551
716, 125, 442
717, 827, 980
718, 32, 91
719, 82, 142
720, 190, 993
721, 499, 756
722, 401, 927
723, 383, 524
724, 313, 616
725, 116, 163
726, 875, 921
727, 547, 843
728, 532, 910
729, 137, 257
730, 229, 834
731, 446, 681
732, 265, 738
733, 315, 332
734, 430, 882
735, 565, 841
736, 399, 592
737, 50, 526
738, 407, 502
739, 330, 639
740, 84, 85
741, 719, 852
742, 264, 790
743, 747, 963
744, 19, 939
745, 469, 774
746, 519, 844
747, 47, 69
748, 33, 678
749, 595, 854
750, 37, 478
751, 471, 728
752, 271, 311
753, 419, 500
754, 157, 840
755, 769, 965
756, 580, 938
757, 268, 357
758, 435, 723
759, 572, 981
760, 48, 967
761, 394, 940
762, 278, 751
763, 191, 718
764, 914, 922
765, 360, 554
766, 798, 867
767, 242, 488
768, 342, 657
769, 905, 906
770, 619, 992
771, 859, 900
772, 656, 709
773, 291, 956
774, 862, 877
775, 416, 891
776, 230, 631
777, 40, 604
778, 78, 159
779, 451, 660
780, 507, 673
781, 148, 864
782, 300, 720
783, 350, 766
784, 122, 528
785, 52, 245
786, 484, 699
787, 706, 794
788, 38, 925
789, 480, 687
790, 12, 477
791, 183, 535
792, 404, 936
793, 702, 829
794, 351, 579
795, 409, 888
796, 90, 710
797, 248, 742
798, 397, 511
799, 89, 96
800, 179, 376
801, 55, 156
802, 550, 822
803, 253, 624
804, 274, 947
805, 366, 849
806, 784, 815
807, 147, 721
808, 509, 974
809, 785, 810
810, 258, 817
811, 540, 898
812, 387, 996
813, 682, 959
814, 57, 749
815, 154, 885
816, 415, 945
817, 169, 203
818, 72, 641
819, 247, 465
820, 369, 889
821, 115, 166
822, 531, 679
823, 546, 886
824, 18, 713
825, 193, 464
826, 586, 597
827, 353, 754
828, 46, 581
829, 35, 422
830, 334, 705
831, 295, 365
832, 43, 804
833, 349, 952
834, 302, 828
835, 512, 736
836, 482, 975
837, 97, 666
838, 881, 953
839, 386, 806
840, 344, 908
841, 468, 485
842, 28, 917
843, 290, 329
844, 24, 762
845, 138, 543
846, 347, 533
847, 41, 707
848, 177, 671
849, 474, 985
850, 282, 848
851, 94, 437
852, 130, 448
853, 234, 634
854, 112, 643
855, 194, 778
856, 22, 363
857, 340, 505
858, 7, 255
859, 261, 440
860, 151, 325
861, 240, 675
862, 54, 198
863, 23, 497
864, 308, 427
865, 429, 559
866, 98, 219
867, 438, 599
868, 80, 688
869, 299, 853
870, 456, 989
871, 294, 588
872, 607, 685
873, 739, 903
874, 410, 664
875, 355, 761
876, 201, 651
877, 61, 786
878, 141, 913
879, 937, 997
880, 423, 587
881, 104, 506
882, 126, 630
883, 555, 564
884, 403, 483
885, 227, 971
886, 486, 949
887, 208, 772
888, 176, 930
889, 317, 591
890, 424, 525
891, 275, 964
892, 221, 807
893, 175, 293
894, 3, 932
895, 498, 538
896, 17, 991
897, 520, 776
898, 16, 691
899, 29, 236
900, 374, 729
901, 449, 941
902, 168, 659
903, 277, 339
904, 102, 855
905, 392, 915
906, 462, 978
907, 335, 425
908, 473, 923
909, 368, 779
910, 111, 516
911, 285, 557
912, 767, 796
913, 225, 933
914, 56, 296
915, 100, 222
916, 636, 929
917, 322, 648
918, 10, 64
919, 283, 436
920, 501, 934
921, 837, 994
922, 105, 638
923, 118, 879
924, 174, 708
925, 66, 393
926, 87, 103
927, 211, 623
928, 396, 712
929, 212, 508
930, 109, 529
931, 669, 745
932, 606, 763
933, 117, 797
934, 316, 447
935, 284, 865
936, 367, 711
937, 187, 568
938, 385, 944
939, 189, 455
940, 241, 571
941, 67, 743
942, 605, 826
943, 589, 995
944, 481, 909
945, 825, 858
946, 244, 489
947, 231, 444
948, 731, 998
949, 220, 389
950, 653, 662
951, 53, 213
952, 598, 958
953, 454, 548
954, 70, 400
955, 262, 466
956, 539, 969
957, 542, 890
958, 272, 320
959, 689, 920
960, 237, 583
961, 195, 701
962, 288, 897
963, 408, 928
964, 517, 582
965, 281, 359
966, 341, 789
967, 608, 960
968, 635, 734
969, 781, 983
970, 14, 77
971, 560, 833
972, 312, 615
973, 892, 976
974, 73, 199
975, 44, 805
976, 140, 263
977, 758, 770
978, 674, 846
979, 585, 821
980, 4, 811
981, 406, 677
982, 722, 741
983, 249, 260
984, 627, 984
985, 594, 874
986, 830, 856
987, 672, 792
988, 584, 590
989, 134, 139
990, 279, 818
991, 146, 165
992, 433, 625
993, 333, 907
994, 700, 851
995, 380, 652
996, 266, 750
997, 336, 552
998, 188, 457
999, 233, 377
1000, 185, 467
1001, 52, 677
1002, 552, 800
1003, 210, 522
1004, 555, 869
1005, 41, 592
1006, 48, 356
1007, 570, 717
1008, 363, 689
1009, 282, 341
1010, 513, 547
1011, 321, 921
1012, 141, 900
1013, 348, 649
1014, 247, 366
1015, 251, 623
1016, 139, 371
1017, 180, 691
1018, 160, 358
1019, 871, 941
1020, 265, 605
1021, 236, 448
1022, 447, 799
1023, 595, 636
1024, 422, 625
1025, 546, 971
1026, 638, 750
1027, 258, 863
1028, 738, 741
1029, 752, 910
1030, 778, 901
1031, 260, 718
1032, 822, 907
1033, 125, 374
1034, 290, 294
1035, 801, 896
1036, 158, 249
1037, 32, 335
1038, 873, 964
1039, 262, 436
1040, 475, 784
1041, 142, 898
1042, 152, 254
1043, 334, 540
1044, 594, 818
1045, 680, 912
1046, 352, 889
1047, 174, 661
1048, 410, 794
1049, 469, 753
1050, 178, 523
1051, 90, 483
1052, 793, 825
1053, 26, 116
1054, 4, 767
1055, 58, 197
1056, 30, 854
1057, 240, 297
1058, 742, 785
1059, 206, 648
1060, 330, 686
1061, 25, 275
1062, 238, 637
1063, 51, 890
1064, 645, 653
1065, 666, 924
1066, 53, 934
1067, 171, 196
1068, 77, 488
1069, 360, 585
1070, 163, 519
1071, 776, 999
1072, 24, 344
1073, 71, 787
1074, 453, 613
1075, 577, 980
1076, 185, 545
1077, 304, 950
1078, 199, 589
1079, 683, 864
1080, 367, 409
1081, 421, 710
1082, 43, 899
1083, 226, 278
1084, 45, 877
1085, 136, 754
1086, 97, 883
1087, 66, 286
1088, 332, 874
1089, 126, 997
1090, 241, 320
1091, 640, 678
1092, 390, 770
1093, 342, 405
1094, 225, 968
1095, 593, 633
1096, 932, 966
1097, 407, 908
1098, 322, 690
1099, 766, 835
1100, 596, 802
1101, 183, 845
1102, 83, 168
1103, 506, 958
1104, 233, 982
1105, 80, 773
1106, 198, 587
1107, 591, 768
1108, 130, 296
1109, 866, 989
1110, 184, 376
1111, 205, 831
1112, 15, 379
1113, 676, 946
1114, 860, 947
1115, 857, 925
1116, 406, 514
1117, 336, 527
1118, 274, 476
1119, 659, 688
1120, 444, 525
1121, 618, 749
1122, 641, 959
1123, 518, 884
1124, 491, 573
1125, 195, 829
1126, 783, 843
1127, 29, 223
1128, 63, 72
1129, 872, 990
1130, 62, 147
1131, 437, 654
1132, 460, 920
1133, 510, 850
1134, 893, 913
1135, 95, 597
1136, 61, 832
1137, 529, 1000
1138, 375, 851
1139, 64, 485
1140, 364, 438
1141, 669, 748
1142, 207, 671
1143, 215, 416
1144, 548, 858
1145, 87, 952
1146, 203, 542
1147, 131, 404
1148, 112, 450
1149, 44, 828
1150, 472, 824
1151, 313, 919
1152, 511, 617
1153, 578, 708
1154, 408, 859
1155, 146, 701
1156, 325, 520
1157, 17, 456
1158, 190, 257
1159, 137, 239
1160, 724, 772
1161, 101, 840
1162, 852, 936
1163, 92, 414
1164, 458, 478
1165, 329, 643
1166, 719, 841
1167, 214, 647
1168, 627, 746
1169, 69, 727
1170, 59, 895
1171, 55, 473
1172, 886, 998
1173, 809, 942
1174, 35, 581
1175, 572, 967
1176, 75, 839
1177, 425, 576
1178, 104, 309
1179, 512, 789
1180, 888, 922
1181, 541, 972
1182, 229, 712
1183, 76, 345
1184, 273, 830
1185, 333, 626
1186, 693, 817
1187, 563, 575
1188, 663, 697
1189, 34, 372
1190, 114, 865
1191, 109, 292
1192, 308, 442
1193, 219, 305
1194, 813, 996
1195, 21, 337
1196, 68, 580
1197, 435, 543
1198, 108, 193
1199, 620, 929
1200, 91, 502
1201, 70, 993
1202, 156, 354
1203, 634, 722
1204, 604, 853
1205, 211, 284
1206, 235, 245
1207, 11, 298
1208, 122, 398
1209, 387, 533
1210, 244, 353
1211, 2, 381
1212, 493, 505
1213, 819, 849
1214, 393, 606
1215, 57, 65
1216, 100, 441
1217, 535, 904
1218, 170, 635
1219, 838, 842
1220, 283, 807
1221, 209, 586
1222, 295, 658
1223, 148, 743
1224, 668, 974
1225, 439, 833
1226, 276, 744
1227, 775, 786
1228, 228, 280
1229, 74, 970
1230, 269, 834
1231, 121, 431
1232, 380, 949
1233, 106, 471
1234, 105, 948
1235, 164, 394
1236, 96, 891
1237, 176, 574
1238, 270, 288
1239, 681, 699
1240, 73, 524
1241, 622, 685
1242, 242, 765
1243, 696, 918
1244, 14, 954
1245, 47, 629
1246, 31, 481
1247, 8, 208
1248, 396, 698
1249, 181, 780
1250, 598, 755
1251, 338, 931
1252, 721, 944
1253, 19, 704
1254, 37, 894
1255, 709, 769
1256, 429, 979
1257, 846, 986
1258, 186, 470
1259, 614, 788
1260, 27, 319
1261, 56, 213
1262, 733, 991
1263, 175, 289
1264, 103, 945
1265, 16, 79
1266, 120, 218
1267, 411, 756
1268, 757, 988
1269, 495, 734
1270, 415, 879
1271, 423, 923
1272, 428, 955
1273, 248, 700
1274, 124, 928
1275, 159, 695
1276, 455, 530
1277, 102, 553
1278, 99, 962
1279, 517, 672
1280, 230, 619
1281, 464, 607
1282, 222, 339
1283, 599, 816
1284, 713, 720
1285, 302, 905
1286, 413, 554
1287, 192, 389
1288, 612, 882
1289, 602, 870
1290, 664, 943
1291, 584, 805
1292, 539, 797
1293, 182, 259
1294, 461, 561
1295, 277, 532
1296, 588, 679
1297, 624, 856
1298, 187, 558
1299, 135, 361
1300, 468, 811
1301, 189, 935
1302, 427, 885
1303, 237, 417
1304, 98, 221
1305, 118, 487
1306, 560, 837
1307, 351, 412
1308, 13, 177
1309, 494, 881
1310, 232, 480
1311, 878, 930
1312, 430, 479
1313, 402, 902
1314, 261, 975
1315, 179, 463
1316, 346, 420
1317, 433, 956
1318, 224, 650
1319, 268, 579
1320, 500, 616
1321, 132, 737
1322, 382, 386
1323, 191, 810
1324, 12, 484
1325, 531, 569
1326, 94, 340
1327, 760, 861
1328, 440, 735
1329, 373, 796
1330, 272, 730
1331, 496, 751
1332, 507, 644
1333, 200, 781
1334, 359, 615
1335, 169, 675
1336, 465, 940
1337, 285, 812
1338, 706, 926
1339, 466, 684
1340, 78, 808
1341, 445, 777
1342, 652, 779
1343, 660, 985
1344, 432, 892
1345, 293, 844
1346, 38, 694
1347, 60, 534
1348, 127, 451
1349, 368, 771
1350, 631, 827
1351, 521, 847
1352, 201, 782
1353, 140, 403
1354, 39, 357
1355, 263, 820
1356, 556, 651
1357, 323, 564
1358, 128, 984
1359, 378, 582
1360, 216, 745
1361, 204, 490
1362, 256, 392
1363, 662, 868
1364, 36, 937
1365, 161, 452
1366, 385, 537
1367, 54, 310
1368, 67, 814
1369, 489, 938
1370, 774, 995
1371, 551, 823
1372, 705, 762
1373, 571, 642
1374, 609, 994
1375, 761, 848
1376, 143, 608
1377, 482, 963
1378, 419, 815
1379, 113, 747
1380, 165, 508
1381, 153, 155
1382, 119, 150
1383, 81, 610
1384, 151, 255
1385, 646, 656
1386, 516, 559
1387, 93, 562
1388, 134, 220
1389, 123, 515
1390, 291, 867
1391, 486, 692
1392, 906, 915
1393, 715, 795
1394, 307, 674
1395, 144, 703
1396, 400, 862
1397, 281, 401
1398, 3, 243
1399, 85, 454
1400, 133, 961
1401, 497, 567
1402, 194, 670
1403, 306, 370
1404, 395, 983
1405, 459, 566
1406, 611, 739
1407, 46, 973
1408, 167, 880
1409, 383, 976
1410, 217, 377
1411, 565, 600
1412, 202, 836
1413, 33, 914
1414, 188, 316
1415, 311, 498
1416, 462, 702
1417, 157, 326
1418, 149, 729
1419, 632, 763
1420, 271, 301
1421, 467, 628
1422, 317, 987
1423, 499, 728
1424, 50, 977
1425, 9, 583
1426, 328, 759
1427, 536, 557
1428, 145, 457
1429, 806, 992
1430, 449, 927
1431, 22, 474
1432, 318, 443
1433, 111, 804
1434, 49, 601
1435, 117, 264
1436, 492, 933
1437, 246, 397
1438, 350, 365
1439, 231, 327
1440, 20, 384
1441, 509, 960
1442, 657, 953
1443, 707, 917
1444, 303, 732
1445, 287, 434
1446, 86, 129
1447, 107, 897
1448, 89, 655
1449, 665, 957
1450, 18, 875
1451, 82, 731
1452, 726, 978
1453, 369, 504
1454, 40, 355
1455, 324, 939
1456, 716, 740
1457, 212, 876
1458, 84, 544
1459, 630, 673
1460, 252, 331
1461, 173, 227
1462, 172, 723
1463, 667, 981
1464, 234, 803
1465, 682, 687
1466, 314, 821
1467, 312, 909
1468, 88, 388
1469, 399, 764
1470, 426, 725
1471, 362, 855
1472, 798, 951
1473, 28, 903
1474, 528, 916
1475, 349, 590
1476, 162, 965
1477, 110, 736
1478, 115, 568
1479, 7, 969
1480, 266, 501
1481, 1, 424
1482, 23, 758
1483, 446, 503
1484, 343, 526
1485, 10, 826
1486, 42, 538
1487, 138, 418
1488, 154, 253
1489, 315, 391
1490, 477, 714
1491, 5, 603
1492, 549, 790
1493, 166, 250
1494, 279, 299
1495, 621, 911
1496, 639, 711
1497, 347, 887
1498, 6, 550
1499, 267, 300
1500, 791, 792
1501, 311, 379
1502, 13, 802
1503, 87, 834
1504, 740, 854
1505, 429, 597
1506, 487, 832
1507, 506, 977
1508, 520, 619
1509, 283, 686
1510, 78, 387
1511, 104, 841
1512, 127, 648
1513, 154, 460
1514, 89, 214
1515, 122, 892
1516, 442, 697
1517, 175, 179
1518, 219, 851
1519, 481, 534
1520, 129, 536
1521, 352, 926
1522, 335, 789
1523, 557, 560
1524, 389, 947
1525, 167, 924
1526, 793, 985
1527, 74, 97
1528, 130, 970
1529, 339, 718
1530, 116, 159
1531, 599, 971
1532, 598, 853
1533, 325, 428
1534, 359, 632
1535, 100, 551
1536, 514, 725
1537, 245, 314
1538, 305, 416
1539, 27, 774
1540, 143, 468
1541, 381, 719
1542, 530, 758
1543, 262, 800
1544, 322, 340
1545, 329, 470
1546, 474, 940
1547, 210, 513
1548, 292, 937
1549, 294, 743
1550, 252, 347
1551, 372, 821
1552, 278, 317
1553, 268, 499
1554, 124, 922
1555, 526, 744
1556, 141, 680
1557, 312, 981
1558, 295, 889
1559, 109, 994
1560, 816, 990
1561, 883, 911
1562, 237, 636
1563, 637, 935
1564, 444, 739
1565, 451, 689
1566, 44, 243
1567, 421, 921
1568, 114, 766
1569, 898, 946
1570, 298, 544
1571, 386, 824
1572, 363, 966
1573, 745, 914
1574, 568, 629
1575, 131, 660
1576, 477, 782
1577, 401, 656
1578, 198, 798
1579, 315, 448
1580, 290, 872
1581, 382, 695
1582, 524, 616
1583, 112, 354
1584, 584, 671
1585, 422, 943
1586, 196, 498
1587, 54, 168
1588, 284, 641
1589, 206, 668
1590, 190, 201
1591, 285, 407
1592, 128, 820
1593, 378, 607
1594, 338, 357
1595, 145, 559
1596, 102, 583
1597, 7, 28
1598, 277, 395
1599, 220, 364
1600, 106, 805
1601, 75, 199
1602, 765, 878
1603, 158, 602
1604, 567, 762
1605, 133, 982
1606, 341, 417
1607, 769, 796
1608, 385, 438
1609, 147, 330
1610, 48, 419
1611, 16, 266
1612, 540, 961
1613, 91, 115
1614, 39, 270
1615, 692, 712
1616, 370, 541
1617, 494, 861
1618, 383, 539
1619, 716, 944
1620, 108, 286
1621, 37, 238
1622, 1, 626
1623, 15, 324
1624, 547, 701
1625, 174, 657
1626, 125, 983
1627, 121, 337
1628, 34, 767
1629, 679, 684
1630, 43, 988
1631, 213, 546
1632, 840, 887
1633, 399, 435
1634, 23, 328
1635, 306, 473
1636, 527, 959
1637, 155, 877
1638, 71, 886
1639, 140, 991
1640, 523, 938
1641, 302, 345
1642, 729, 792
1643, 261, 993
1644, 603, 907
1645, 76, 842
1646, 46, 368
1647, 350, 979
1648, 497, 561
1649, 434, 516
1650, 374, 558
1651, 449, 890
1652, 373, 555
1653, 271, 817
1654, 331, 819
1655, 308, 969
1656, 192, 358
1657, 811, 904
1658, 402, 775
1659, 82, 226
1660, 777, 790
1661, 369, 974
1662, 580, 714
1663, 65, 169
1664, 32, 858
1665, 67, 630
1666, 532, 543
1667, 367, 445
1668, 569, 836
1669, 476, 747
1670, 52, 801
1671, 161, 917
1672, 519, 980
1673, 293, 611
1674, 472, 537
1675, 126, 348
1676, 412, 814
1677, 215, 868
1678, 194, 609
1679, 12, 857
1680, 391, 730
1681, 313, 565
1682, 356, 865
1683, 753, 913
1684, 319, 334
1685, 710, 908
1686, 113, 663
1687, 187, 573
1688, 589, 672
1689, 606, 956
1690, 251, 443
1691, 9, 275
1692, 485, 984
1693, 38, 996
1694, 475, 772
1695, 73, 525
1696, 103, 457
1697, 208, 941
1698, 247, 464
1699, 667, 676
1700, 185, 709
1701, 455, 512
1702, 461, 881
1703, 59, 925
1704, 371, 614
1705, 502, 535
1706, 715, 965
1707, 380, 682
1708, 909, 916
1709, 458, 664
1710, 230, 501
1711, 96, 426
1712, 90, 274
1713, 79, 731
1714, 724, 737
1715, 200, 441
1716, 515, 893
1717, 107, 529
1718, 258, 918
1719, 231, 688
1720, 221, 678
1721, 21, 217
1722, 670, 687
1723, 119, 156
1724, 355, 408
1725, 409, 835
1726, 574, 986
1727, 273, 815
1728, 211, 822
1729, 397, 722
1730, 148, 799
1731, 618, 934
1732, 18, 182
1733, 60, 847
1734, 47, 736
1735, 425, 490
1736, 162, 963
1737, 896, 912
1738, 216, 770
1739, 634, 948
1740, 3, 610
1741, 170, 746
1742, 403, 702
1743, 11, 703
1744, 414, 936
1745, 195, 662
1746, 578, 905
1747, 734, 910
1748, 440, 717
1749, 135, 376
1750, 496, 694
1751, 624, 642
1752, 228, 700
1753, 152, 621
1754, 180, 812
1755, 66, 431
1756, 639, 894
1757, 234, 423
1758, 326, 829
1759, 783, 869
1760, 160, 850
1761, 81, 791
1762, 503, 874
1763, 80, 349
1764, 291, 794
1765, 593, 604
1766, 2, 469
1767, 875, 897
1768, 218, 643
1769, 62, 968
1770, 173, 508
1771, 42, 756
1772, 282, 570
1773, 166, 795
1774, 85, 654
1775, 424, 779
1776, 846, 933
1777, 466, 486
1778, 134, 843
1779, 392, 999
1780, 562, 691
1781, 8, 732
1782, 36, 316
1783, 138, 492
1784, 50, 785
1785, 265, 902
1786, 617, 844
1787, 144, 605
1788, 137, 738
1789, 683, 927
1790, 203, 698
1791, 20, 181
1792, 300, 406
1793, 780, 903
1794, 627, 778
1795, 891, 960
1796, 786, 992
1797, 320, 862
1798, 360, 942
1799, 92, 601
1800, 26, 830
1801, 521, 590
1802, 53, 365
1803, 272, 587
1804, 101, 227
1805, 361, 873
1806, 661, 674
1807, 646, 888
1808, 176, 884
1809, 548, 677
1810, 191, 920
1811, 635, 839
1812, 233, 951
1813, 581, 591
1814, 484, 545
1815, 353, 720
1816, 735, 906
1817, 242, 430
1818, 69, 110
1819, 151, 393
1820, 752, 755
1821, 146, 225
1822, 332, 640
1823, 17, 400
1824, 207, 478
1825, 362, 504
1826, 533, 901
1827, 197, 390
1828, 35, 241
1829, 256, 410
1830, 563, 628
1831, 70, 139
1832, 229, 681
1833, 40, 343
1834, 259, 651
1835, 260, 623
1836, 150, 804
1837, 111, 117
1838, 528, 998
1839, 594, 957
1840, 665, 958
1841, 427, 658
1842, 263, 870
1843, 72, 855
1844, 650, 882
1845, 30, 571
1846, 652, 721
1847, 157, 818
1848, 163, 776
1849, 171, 239
1850, 771, 828
1851, 787, 919
1852, 164, 240
1853, 669, 871
1854, 856, 915
1855, 309, 810
1856, 351, 592
1857, 248, 659
1858, 88, 809
1859, 666, 761
1860, 596, 613
1861, 575, 748
1862, 757, 803
1863, 336, 463
1864, 303, 863
1865, 489, 704
1866, 269, 760
1867, 375, 837
1868, 6, 600
1869, 246, 975
1870, 63, 420
1871, 806, 831
1872, 98, 713
1873, 388, 705
1874, 411, 864
1875, 459, 945
1876, 249, 582
1877, 644, 773
1878, 223, 955
1879, 205, 394
1880, 136, 939
1881, 553, 733
1882, 58, 235
1883, 750, 867
1884, 608, 808
1885, 310, 552
1886, 22, 132
1887, 105, 954
1888, 95, 823
1889, 327, 384
1890, 5, 56
1891, 120, 751
1892, 279, 454
1893, 193, 505
1894, 10, 848
1895, 655, 696
1896, 781, 880
1897, 585, 685
1898, 184, 483
1899, 415, 953
1900, 645, 726
1901, 118, 845
1902, 64, 304
1903, 346, 566
1904, 172, 859
1905, 344, 827
1906, 518, 900
1907, 267, 825
1908, 86, 188
1909, 178, 813
1910, 24, 453
1911, 413, 556
1912, 572, 622
1913, 123, 860
1914, 653, 833
1915, 542, 754
1916, 299, 517
1917, 84, 253
1918, 83, 209
1919, 318, 631
1920, 236, 450
1921, 797, 932
1922, 57, 452
1923, 764, 838
1924, 41, 987
1925, 491, 620
1926, 495, 586
1927, 204, 509
1928, 177, 972
1929, 68, 807
1930, 432, 707
1931, 549, 673
1932, 436, 675
1933, 962, 1000
1934, 19, 967
1935, 479, 649
1936, 638, 964
1937, 377, 647
1938, 142, 612
1939, 625, 708
1940, 866, 949
1941, 321, 595
1942, 289, 480
1943, 297, 577
1944, 342, 995
1945, 276, 493
1946, 33, 307
1947, 538, 976
1948, 456, 742
1949, 396, 462
1950, 280, 404
1951, 398, 433
1952, 93, 759
1953, 149, 405
1954, 281, 711
1955, 264, 989
1956, 564, 788
1957, 323, 706
1958, 31, 728
1959, 51, 296
1960, 333, 895
1961, 465, 763
1962, 471, 923
1963, 437, 997
1964, 61, 244
1965, 784, 899
1966, 511, 929
1967, 366, 467
1968, 49, 189
1969, 579, 973
1970, 255, 741
1971, 25, 77
1972, 768, 931
1973, 212, 287
1974, 531, 690
1975, 254, 500
1976, 222, 224
1977, 250, 952
1978, 439, 852
1979, 186, 727
1980, 153, 879
1981, 588, 699
1982, 4, 554
1983, 183, 849
1984, 522, 950
1985, 550, 885
1986, 510, 723
1987, 14, 232
1988, 447, 693
1989, 418, 446
1990, 55, 978
1991, 99, 301
1992, 202, 615
1993, 257, 633
1994, 29, 165
1995, 94, 876
1996, 826, 928
1997, 45, 749
1998, 507, 576
1999, 482, 930
2000, 288, 488
2001, 38, 303
2002, 299, 948
2003, 342, 407
2004, 177, 908
2005, 529, 835
2006, 295, 866
2007, 454, 480
2008, 154, 317
2009, 608, 781
2010, 397, 904
2011, 366, 638
2012, 308, 777
2013, 744, 926
2014, 455, 995
2015, 698, 842
2016, 264, 655
2017, 371, 745
2018, 341, 560
2019, 765, 893
2020, 182, 809
2021, 570, 688
2022, 268, 633
2023, 35, 63
2024, 283, 978
2025, 201, 819
2026, 463, 702
2027, 650, 918
2028, 127, 225
2029, 569, 754
2030, 292, 671
2031, 89, 416
2032, 5, 168
2033, 31, 384
2034, 48, 872
2035, 112, 237
2036, 22, 576
2037, 75, 696
2038, 401, 859
2039, 388, 878
2040, 169, 235
2041, 356, 456
2042, 558, 693
2043, 334, 801
2044, 563, 647
2045, 434, 955
2046, 637, 952
2047, 433, 635
2048, 332, 383
2049, 465, 718
2050, 185, 775
2051, 142, 758
2052, 487, 927
2053, 199, 478
2054, 233, 701
2055, 297, 999
2056, 257, 763
2057, 68, 660
2058, 218, 962
2059, 830, 980
2060, 241, 823
2061, 612, 870
2062, 380, 539
2063, 92, 347
2064, 184, 554
2065, 415, 767
2066, 496, 755
2067, 727, 836
2068, 429, 525
2069, 339, 490
2070, 329, 544
2071, 491, 583
2072, 364, 771
2073, 195, 369
2074, 83, 85
2075, 730, 792
2076, 720, 858
2077, 685, 805
2078, 61, 246
2079, 333, 582
2080, 559, 857
2081, 198, 351
2082, 358, 820
2083, 678, 936
2084, 825, 941
2085, 587, 795
2086, 500, 517
2087, 82, 791
2088, 458, 983
2089, 381, 888
2090, 72, 311
2091, 373, 567
2092, 513, 639
2093, 330, 634
2094, 431, 945
2095, 378, 435
2096, 705, 876
2097, 40, 312
2098, 226, 227
2099, 55, 220
2100, 172, 503
2101, 526, 561
2102, 208, 596
2103, 132, 682
2104, 393, 903
2105, 286, 309
2106, 9, 909
2107, 703, 750
2108, 272, 940
2109, 623, 833
2110, 144, 462
2111, 44, 680
2112, 603, 769
2113, 374, 507
2114, 320, 562
2115, 126, 749
2116, 733, 937
2117, 395, 958
2118, 372, 408
2119, 15, 799
2120, 323, 439
2121, 890, 973
2122, 495, 867
2123, 189, 885
2124, 280, 882
2125, 266, 997
2126, 321, 577
2127, 515, 747
2128, 139, 255
2129, 363, 789
2130, 221, 762
2131, 166, 349
2132, 42, 748
2133, 27, 629
2134, 49, 284
2135, 156, 375
2136, 572, 979
2137, 108, 589
2138, 738, 976
2139, 46, 766
2140, 148, 403
2141, 200, 336
2142, 362, 736
2143, 7, 742
2144, 300, 715
2145, 96, 367
2146, 642, 887
2147, 90, 930
2148, 424, 953
2149, 47, 786
2150, 446, 571
2151, 301, 905
2152, 209, 497
2153, 178, 552
2154, 80, 914
2155, 386, 832
2156, 207, 230
2157, 163, 877
2158, 146, 915
2159, 806, 963
2160, 16, 313
2161, 180, 466
2162, 350, 425
2163, 662, 841
2164, 59, 949
2165, 259, 798
2166, 839, 934
2167, 224, 764
2168, 171, 338
2169, 197, 784
2170, 298, 944
2171, 28, 615
2172, 93, 210
2173, 252, 553
2174, 100, 331
2175, 668, 672
2176, 343, 901
2177, 67, 797
2178, 94, 708
2179, 88, 700
2180, 516, 932
2181, 262, 913
2182, 423, 613
2183, 147, 541
2184, 102, 898
2185, 737, 933
2186, 581, 917
2187, 1, 511
2188, 141, 162
2189, 56, 894
2190, 816, 946
2191, 468, 488
2192, 590, 896
2193, 355, 472
2194, 545, 547
2195, 594, 645
2196, 175, 780
2197, 124, 873
2198, 709, 925
2199, 379, 651
2200, 353, 892
2201, 294, 840
2202, 191, 441
2203, 34, 557
2204, 528, 675
2205, 337, 585
2206, 396, 996
2207, 253, 706
2208, 73, 129
2209, 288, 641
2210, 538, 687
2211, 519, 860
2212, 54, 550
2213, 17, 64
2214, 469, 505
2215, 105, 229
2216, 247, 956
2217, 143, 989
2218, 514, 938
2219, 460, 768
2220, 274, 588
2221, 689, 970
2222, 279, 531
2223, 523, 681
2224, 360, 826
2225, 328, 346
2226, 417, 592
2227, 228, 824
2228, 935, 971
2229, 648, 931
2230, 319, 849
2231, 413, 683
2232, 440, 950
2233, 302, 636
2234, 509, 827
2235, 115, 674
2236, 357, 690
2237, 536, 686
2238, 493, 597
2239, 318, 584
2240, 183, 813
2241, 448, 982
2242, 504, 534
2243, 20, 923
2244, 117, 724
2245, 352, 661
2246, 522, 644
2247, 41, 713
2248, 900, 965
2249, 186, 486
2250, 53, 418
2251, 153, 244
2252, 654, 779
2253, 51, 961
2254, 741, 760
2255, 25, 45
2256, 103, 610
2257, 119, 732
2258, 376, 975
2259, 428, 604
2260, 659, 985
2261, 695, 794
2262, 707, 844
2263, 232, 275
2264, 884, 920
2265, 568, 716
2266, 202, 783
2267, 770, 921
2268, 725, 838
2269, 203, 535
2270, 694, 837
2271, 36, 981
2272, 254, 684
2273, 136, 897
2274, 316, 365
2275, 14, 711
2276, 598, 743
2277, 86, 398
2278, 512, 663
2279, 677, 942
2280, 520, 807
2281, 107, 746
2282, 109, 549
2283, 2, 296
2284, 87, 632
2285, 50, 964
2286, 206, 621
2287, 419, 912
2288, 8, 451
2289, 290, 580
2290, 473, 907
2291, 70, 808
2292, 370, 591
2293, 204, 287
2294, 392, 852
2295, 461, 556
2296, 37, 145
2297, 29, 315
2298, 212, 649
2299, 101, 307
2300, 385, 828
2301, 269, 847
2302, 422, 987
2303, 128, 856
2304, 606, 919
2305, 52, 95
2306, 135, 524
2307, 3, 751
2308, 599, 619
2309, 277, 862
2310, 97, 348
2311, 231, 502
2312, 18, 889
2313, 123, 731
2314, 540, 752
2315, 676, 712
2316, 620, 848
2317, 566, 821
2318, 508, 785
2319, 273, 564
2320, 285, 445
2321, 150, 729
2322, 187, 402
2323, 314, 430
2324, 30, 325
2325, 214, 669
2326, 551, 704
2327, 78, 774
2328, 71, 217
2329, 457, 710
2330, 245, 646
2331, 193, 881
2332, 138, 477
2333, 340, 426
2334, 845, 947
2335, 537, 855
2336, 243, 818
2337, 475, 586
2338, 390, 602
2339, 4, 735
2340, 21, 977
2341, 281, 442
2342, 728, 879
2343, 673, 843
2344, 240, 986
2345, 223, 432
2346, 527, 667
2347, 91, 939
2348, 188, 322
2349, 657, 850
2350, 485, 714
2351, 149, 851
2352, 84, 140
2353, 196, 910
2354, 10, 959
2355, 116, 293
2356, 474, 957
2357, 104, 258
2358, 261, 616
2359, 134, 306
2360, 354, 404
2361, 159, 250
2362, 6, 548
2363, 345, 640
2364, 155, 906
2365, 215, 719
2366, 406, 643
2367, 664, 759
2368, 137, 161
2369, 79, 484
2370, 239, 405
2371, 310, 382
2372, 190, 533
2373, 248, 886
2374, 32, 800
2375, 492, 968
2376, 483, 627
2377, 167, 499
2378, 530, 721
2379, 23, 911
2380, 179, 181
2381, 761, 796
2382, 543, 966
2383, 578, 928
2384, 436, 443
2385, 222, 829
2386, 628, 652
2387, 326, 726
2388, 77, 359
2389, 389, 658
2390, 211, 679
2391, 699, 875
2392, 69, 414
2393, 173, 740
2394, 125, 270
2395, 438, 1000
2396, 99, 263
2397, 361, 697
2398, 387, 400
2399, 113, 998
2400, 895, 899
2401, 734, 990
2402, 66, 282
2403, 165, 691
2404, 58, 444
2405, 494, 810
2406, 256, 605
2407, 130, 787
2408, 133, 176
2409, 532, 863
2410, 853, 883
2411, 776, 802
2412, 98, 988
2413, 459, 868
2414, 121, 452
2415, 122, 717
2416, 276, 327
2417, 521, 579
2418, 790, 992
2419, 304, 854
2420, 236, 265
2421, 118, 160
2422, 305, 618
2423, 170, 929
2424, 420, 630
2425, 158, 991
2426, 120, 871
2427, 13, 864
2428, 81, 924
2429, 151, 778
2430, 607, 803
2431, 391, 611
2432, 437, 482
2433, 192, 498
2434, 260, 753
2435, 76, 242
2436, 278, 665
2437, 251, 902
2438, 219, 593
2439, 62, 450
2440, 916, 954
2441, 131, 631
2442, 11, 814
2443, 467, 481
2444, 464, 565
2445, 600, 666
2446, 506, 969
2447, 670, 772
2448, 595, 984
2449, 412, 993
2450, 114, 152
2451, 19, 421
2452, 470, 555
2453, 249, 291
2454, 65, 453
2455, 289, 510
2456, 411, 476
2457, 622, 653
2458, 739, 756
2459, 501, 817
2460, 471, 574
2461, 518, 972
2462, 617, 943
2463, 57, 757
2464, 106, 722
2465, 922, 974
2466, 60, 234
2467, 625, 804
2468, 324, 793
2469, 782, 822
2470, 238, 788
2471, 24, 394
2472, 811, 967
2473, 205, 692
2474, 43, 834
2475, 194, 575
2476, 409, 874
2477, 26, 723
2478, 399, 869
2479, 656, 815
2480, 157, 773
2481, 33, 377
2482, 573, 951
2483, 267, 542
2484, 479, 994
2485, 427, 861
2486, 609, 614
2487, 335, 880
2488, 271, 865
2489, 164, 344
2490, 449, 960
2491, 111, 216
2492, 368, 846
2493, 213, 626
2494, 447, 831
2495, 39, 74
2496, 410, 601
2497, 12, 546
2498, 174, 624
2499, 489, 812
2500, 110, 891
2501, 91, 274
2502, 153, 776
2503, 223, 889
2504, 44, 517
2505, 58, 806
2506, 377, 607
2507, 126, 323
2508, 502, 631
2509, 393, 936
2510, 94, 877
2511, 595, 671
2512, 417, 505
2513, 72, 973
2514, 802, 874
2515, 228, 358
2516, 215, 395
2517, 425, 992
2518, 298, 362
2519, 207, 317
2520, 37, 855
2521, 131, 251
2522, 15, 249
2523, 275, 345
2524, 522, 937
2525, 302, 468
2526, 47, 382
2527, 469, 495
2528, 5, 279
2529, 128, 706
2530, 592, 999
2531, 212, 483
2532, 124, 340
2533, 330, 348
2534, 429, 876
2535, 336, 410
2536, 36, 352
2537, 61, 578
2538, 488, 730
2539, 148, 826
2540, 447, 766
2541, 43, 894
2542, 267, 793
2543, 32, 107
2544, 305, 514
2545, 518, 870
2546, 308, 791
2547, 818, 853
2548, 644, 977
2549, 515, 675
2550, 360, 611
2551, 355, 674
2552, 375, 845
2553, 400, 428
2554, 280, 986
2555, 829, 984
2556, 35, 683
2557, 159, 603
2558, 713, 808
2559, 717, 903
2560, 357, 427
2561, 494, 656
2562, 31, 290
2563, 331, 850
2564, 113, 661
2565, 149, 774
2566, 700, 795
2567, 46, 53
2568, 10, 449
2569, 54, 751
2570, 8, 506
2571, 450, 739
2572, 156, 758
2573, 74, 556
2574, 672, 698
2575, 727, 752
2576, 677, 913
2577, 496, 737
2578, 175, 958
2579, 589, 658
2580, 871, 888
2581, 225, 852
2582, 301, 524
2583, 41, 167
2584, 436, 762
2585, 121, 545
2586, 529, 974
2587, 380, 559
2588, 214, 781
2589, 526, 684
2590, 366, 824
2591, 45, 310
2592, 353, 809
2593, 543, 813
2594, 881, 920
2595, 63, 283
2596, 519, 709
2597, 28, 476
2598, 222, 637
2599, 326, 682
2600, 116, 453
2601, 209, 990
2602, 309, 770
2603, 181, 811
2604, 328, 509
2605, 14, 396
2606, 120, 887
2607, 525, 598
2608, 851, 918
2609, 423, 789
2610, 176, 618
2611, 726, 847
2612, 33, 792
2613, 241, 480
2614, 245, 779
2615, 426, 686
2616, 633, 670
2617, 29, 780
2618, 533, 957
2619, 151, 857
2620, 70, 743
2621, 79, 767
2622, 707, 835
2623, 235, 448
2624, 25, 840
2625, 106, 422
2626, 260, 983
2627, 244, 281
2628, 252, 711
2629, 112, 775
2630, 237, 369
2631, 255, 662
2632, 295, 444
2633, 459, 736
2634, 287, 728
2635, 470, 784
2636, 389, 554
2637, 497, 531
2638, 262, 952
2639, 403, 688
2640, 587, 817
2641, 173, 555
2642, 109, 335
2643, 704, 926
2644, 451, 980
2645, 374, 540
2646, 16, 321
2647, 815, 897
2648, 276, 697
2649, 246, 461
2650, 787, 797
2651, 744, 962
2652, 304, 457
2653, 95, 660
2654, 98, 359
2655, 205, 498
2656, 154, 629
2657, 411, 501
2658, 104, 734
2659, 232, 316
2660, 40, 420
2661, 140, 521
2662, 714, 892
2663, 551, 799
2664, 185, 749
2665, 487, 959
2666, 166, 640
2667, 66, 193
2668, 117, 807
2669, 687, 873
2670, 732, 879
2671, 431, 694
2672, 100, 291
2673, 579, 854
2674, 342, 605
2675, 172, 463
2676, 523, 898
2677, 247, 535
2678, 198, 925
2679, 376, 805
2680, 446, 771
2681, 194, 849
2682, 226, 653
2683, 620, 965
2684, 307, 705
2685, 622, 680
2686, 56, 97
2687, 3, 242
2688, 65, 108
2689, 486, 951
2690, 265, 865
2691, 145, 722
2692, 560, 571
2693, 609, 757
2694, 856, 908
2695, 311, 966
2696, 349, 370
2697, 6, 152
2698, 760, 846
2699, 372, 724
2700, 655, 911
2701, 170, 201
2702, 114, 248
2703, 306, 997
2704, 270, 392
2705, 572, 635
2706, 669, 981
2707, 542, 843
2708, 390, 839
2709, 303, 558
2710, 20, 708
2711, 143, 456
2712, 327, 569
2713, 206, 599
2714, 204, 479
2715, 557, 597
2716, 227, 512
2717, 563, 902
2718, 325, 907
2719, 229, 886
2720, 130, 914
2721, 333, 585
2722, 186, 361
2723, 179, 547
2724, 81, 988
2725, 134, 277
2726, 137, 759
2727, 719, 961
2728, 62, 537
2729, 187, 418
2730, 318, 404
2731, 196, 312
2732, 138, 266
2733, 664, 967
2734, 180, 234
2735, 49, 667
2736, 160, 289
2737, 652, 836
2738, 75, 443
2739, 286, 614
2740, 22, 415
2741, 253, 445
2742, 608, 968
2743, 626, 928
2744, 105, 814
2745, 210, 293
2746, 341, 868
2747, 474, 931
2748, 471, 701
2749, 57, 584
2750, 442, 1000
2751, 455, 610
2752, 292, 434
2753, 231, 553
2754, 294, 419
2755, 239, 718
2756, 264, 583
2757, 39, 378
2758, 115, 593
2759, 465, 567
2760, 416, 979
2761, 263, 648
2762, 17, 741
2763, 42, 288
2764, 385, 507
2765, 481, 786
2766, 409, 619
2767, 320, 963
2768, 833, 976
2769, 364, 379
2770, 394, 484
2771, 623, 878
2772, 84, 867
2773, 11, 950
2774, 812, 921
2775, 347, 880
2776, 615, 895
2777, 191, 987
2778, 68, 825
2779, 7, 927
2780, 344, 773
2781, 69, 367
2782, 777, 955
2783, 313, 467
2784, 621, 904
2785, 195, 750
2786, 71, 827
2787, 562, 901
2788, 504, 539
2789, 473, 934
2790, 34, 402
2791, 564, 685
2792, 261, 756
2793, 580, 819
2794, 285, 654
2795, 110, 141
2796, 386, 570
2797, 127, 916
2798, 217, 284
2799, 182, 218
2800, 935, 948
2801, 691, 703
2802, 642, 944
2803, 147, 917
2804, 132, 272
2805, 678, 746
2806, 699, 946
2807, 51, 765
2808, 59, 690
2809, 412, 548
2810, 725, 939
2811, 475, 552
2812, 439, 947
2813, 406, 646
2814, 139, 399
2815, 76, 332
2816, 500, 800
2817, 460, 798
2818, 405, 454
2819, 740, 969
2820, 9, 649
2821, 314, 681
2822, 60, 397
2823, 157, 161
2824, 24, 665
2825, 146, 930
2826, 178, 830
2827, 492, 582
2828, 119, 915
2829, 346, 859
2830, 489, 982
2831, 437, 945
2832, 511, 909
2833, 300, 848
2834, 702, 922
2835, 338, 424
2836, 315, 972
2837, 129, 591
2838, 163, 464
2839, 527, 530
2840, 103, 588
2841, 324, 768
2842, 221, 764
2843, 142, 822
2844, 50, 842
2845, 268, 790
2846, 550, 632
2847, 18, 440
2848, 477, 970
2849, 27, 573
2850, 676, 742
2851, 4, 192
2852, 383, 861
2853, 590, 716
2854, 899, 910
2855, 356, 844
2856, 199, 534
2857, 647, 858
2858, 254, 657
2859, 23, 710
2860, 596, 639
2861, 250, 435
2862, 67, 188
2863, 258, 796
2864, 38, 755
2865, 78, 651
2866, 82, 929
2867, 438, 761
2868, 738, 885
2869, 99, 617
2870, 123, 837
2871, 256, 778
2872, 64, 278
2873, 1, 528
2874, 354, 891
2875, 413, 466
2876, 388, 689
2877, 493, 613
2878, 869, 933
2879, 510, 601
2880, 122, 645
2881, 782, 816
2882, 12, 643
2883, 586, 863
2884, 92, 208
2885, 219, 890
2886, 650, 998
2887, 238, 731
2888, 273, 322
2889, 269, 723
2890, 433, 906
2891, 693, 900
2892, 233, 923
2893, 401, 754
2894, 102, 748
2895, 581, 668
2896, 600, 864
2897, 144, 230
2898, 638, 943
2899, 384, 804
2900, 86, 211
2901, 568, 896
2902, 257, 319
2903, 430, 938
2904, 203, 624
2905, 625, 794
2906, 334, 612
2907, 189, 350
2908, 2, 171
2909, 133, 905
2910, 912, 994
2911, 538, 772
2912, 575, 838
2913, 216, 801
2914, 125, 971
2915, 452, 769
2916, 13, 197
2917, 745, 960
2918, 93, 202
2919, 508, 541
2920, 118, 513
2921, 544, 594
2922, 462, 663
2923, 371, 893
2924, 602, 882
2925, 576, 679
2926, 19, 692
2927, 213, 763
2928, 421, 478
2929, 168, 810
2930, 200, 721
2931, 85, 88
2932, 87, 841
2933, 164, 883
2934, 373, 574
2935, 150, 407
2936, 472, 720
2937, 165, 220
2938, 634, 872
2939, 52, 224
2940, 73, 884
2941, 363, 993
2942, 627, 953
2943, 158, 712
2944, 155, 398
2945, 296, 491
2946, 174, 919
2947, 490, 516
2948, 630, 866
2949, 236, 414
2950, 733, 875
2951, 83, 978
2952, 26, 299
2953, 259, 673
2954, 30, 991
2955, 169, 729
2956, 956, 995
2957, 80, 566
2958, 240, 803
2959, 55, 243
2960, 101, 391
2961, 136, 432
2962, 932, 975
2963, 820, 821
2964, 190, 485
2965, 641, 832
2966, 351, 604
2967, 183, 577
2968, 135, 696
2969, 441, 666
2970, 695, 735
2971, 271, 831
2972, 408, 747
2973, 77, 482
2974, 21, 177
2975, 365, 964
2976, 381, 532
2977, 111, 546
2978, 368, 616
2979, 162, 549
2980, 48, 715
2981, 565, 783
2982, 282, 940
2983, 343, 828
2984, 520, 941
2985, 834, 954
2986, 339, 561
2987, 90, 985
2988, 628, 949
2989, 329, 659
2990, 503, 942
2991, 785, 989
2992, 636, 862
2993, 499, 860
2994, 297, 753
2995, 96, 337
2996, 387, 823
2997, 458, 924
2998, 89, 996
2999, 184, 536
3000, 606, 788
3001, 694, 767
3002, 88, 340
3003, 460, 654
3004, 121, 638
3005, 406, 823
3006, 70, 392
3007, 740, 896
3008, 92, 167
3009, 785, 870
3010, 474, 640
3011, 12, 428
3012, 246, 473
3013, 671, 718
3014, 469, 651
3015, 384, 673
3016, 521, 584
3017, 261, 548
3018, 309, 343
3019, 129, 423
3020, 227, 395
3021, 173, 569
3022, 364, 668
3023, 526, 909
3024, 249, 606
3025, 339, 501
3026, 151, 949
3027, 629, 700
3028, 391, 842
3029, 280, 663
3030, 192, 557
3031, 237, 890
3032, 119, 589
3033, 504, 754
3034, 235, 623
3035, 321, 544
3036, 675, 856
3037, 272, 713
3038, 157, 174
3039, 248, 583
3040, 176, 661
3041, 58, 295
3042, 68, 547
3043, 66, 180
3044, 132, 298
3045, 193, 826
3046, 316, 788
3047, 30, 989
3048, 656, 804
3049, 26, 352
3050, 2, 745
3051, 217, 601
3052, 390, 598
3053, 624, 955
3054, 361, 413
3055, 78, 334
3056, 90, 702
3057, 347, 939
3058, 591, 763
3059, 590, 835
3060, 318, 733
3061, 335, 422
3062, 111, 644
3063, 103, 680
3064, 84, 471
3065, 996, 998
3066, 470, 999
3067, 427, 715
3068, 211, 225
3069, 29, 264
3070, 867, 922
3071, 581, 910
3072, 641, 764
3073, 194, 919
3074, 314, 377
3075, 33, 200
3076, 818, 959
3077, 1, 224
3078, 86, 532
3079, 344, 440
3080, 300, 353
3081, 50, 695
3082, 135, 722
3083, 195, 208
3084, 889, 958
3085, 218, 975
3086, 554, 751
3087, 251, 528
3088, 368, 551
3089, 125, 723
3090, 525, 953
3091, 573, 605
3092, 630, 846
3093, 608, 980
3094, 133, 185
3095, 609, 802
3096, 967, 994
3097, 672, 765
3098, 330, 332
3099, 138, 516
3100, 371, 725
3101, 106, 117
3102, 191, 865
3103, 612, 991
3104, 104, 894
3105, 807, 809
3106, 518, 690
3107, 45, 647
3108, 520, 522
3109, 57, 536
3110, 401, 691
3111, 75, 986
3112, 311, 906
3113, 484, 850
3114, 240, 930
3115, 315, 734
3116, 443, 683
3117, 418, 693
3118, 253, 268
3119, 594, 794
3120, 215, 574
3121, 934, 978
3122, 231, 439
3123, 677, 997
3124, 61, 666
3125, 759, 1000
3126, 188, 257
3127, 872, 957
3128, 424, 770
3129, 60, 426
3130, 436, 971
3131, 808, 862
3132, 4, 792
3133, 502, 744
3134, 148, 214
3135, 182, 775
3136, 585, 990
3137, 658, 993
3138, 159, 812
3139, 263, 913
3140, 162, 189
3141, 108, 165
3142, 617, 926
3143, 577, 897
3144, 260, 682
3145, 120, 239
3146, 402, 976
3147, 459, 790
3148, 166, 210
3149, 954, 960
3150, 243, 284
3151, 303, 338
3152, 486, 493
3153, 87, 843
3154, 351, 995
3155, 126, 944
3156, 95, 128
3157, 35, 255
3158, 365, 534
3159, 483, 684
3160, 115, 506
3161, 71, 854
3162, 37, 679
3163, 198, 816
3164, 81, 275
3165, 342, 814
3166, 382, 667
3167, 281, 932
3168, 357, 660
3169, 113, 648
3170, 293, 801
3171, 564, 579
3172, 232, 795
3173, 306, 498
3174, 96, 449
3175, 497, 636
3176, 549, 806
3177, 212, 586
3178, 454, 587
3179, 256, 283
3180, 649, 709
3181, 36, 540
3182, 331, 541
3183, 408, 773
3184, 561, 681
3185, 714, 968
3186, 616, 752
3187, 570, 655
3188, 13, 936
3189, 67, 893
3190, 7, 537
3191, 698, 891
3192, 161, 307
3193, 207, 580
3194, 64, 627
3195, 65, 131
3196, 277, 527
3197, 18, 114
3198, 650, 851
3199, 254, 942
3200, 555, 631
3201, 410, 916
3202, 420, 735
3203, 202, 786
3204, 317, 542
3205, 226, 411
3206, 116, 375
3207, 93, 824
3208, 676, 837
3209, 312, 620
3210, 20, 947
3211, 308, 310
3212, 290, 987
3213, 204, 903
3214, 523, 838
3215, 778, 820
3216, 205, 404
3217, 531, 632
3218, 637, 738
3219, 170, 399
3220, 327, 885
3221, 349, 572
3222, 54, 604
3223, 403, 442
3224, 52, 89
3225, 407, 800
3226, 25, 350
3227, 464, 674
3228, 448, 546
3229, 329, 370
3230, 297, 941
3231, 236, 805
3232, 145, 859
3233, 259, 912
3234, 421, 899
3235, 152, 879
3236, 234, 966
3237, 412, 970
3238, 292, 793
3239, 72, 509
3240, 83, 385
3241, 373, 736
3242, 499, 878
3243, 431, 982
3244, 209, 670
3245, 222, 705
3246, 31, 99
3247, 73, 748
3248, 507, 798
3249, 614, 964
3250, 508, 789
3251, 122, 543
3252, 164, 389
3253, 163, 172
3254, 417, 901
3255, 27, 142
3256, 228, 588
3257, 446, 935
3258, 466, 512
3259, 82, 168
3260, 144, 535
3261, 398, 920
3262, 369, 917
3263, 101, 489
3264, 197, 827
3265, 203, 929
3266, 374, 634
3267, 220, 746
3268, 686, 956
3269, 476, 701
3270, 186, 354
3271, 607, 992
3272, 53, 480
3273, 91, 898
3274, 143, 201
3275, 265, 511
3276, 494, 687
3277, 457, 717
3278, 429, 810
3279, 613, 882
3280, 524, 719
3281, 8, 124
3282, 110, 400
3283, 97, 622
3284, 769, 831
3285, 855, 950
3286, 55, 595
3287, 39, 566
3288, 206, 730
3289, 560, 844
3290, 962, 974
3291, 753, 963
3292, 313, 900
3293, 3, 779
3294, 453, 858
3295, 5, 388
3296, 184, 833
3297, 216, 645
3298, 514, 615
3299, 348, 592
3300, 387, 708
3301, 593, 927
3302, 156, 495
3303, 221, 887
3304, 727, 755
3305, 451, 743
3306, 178, 781
3307, 175, 363
3308, 154, 242
3309, 38, 294
3310, 56, 603
3311, 140, 288
3312, 325, 639
3313, 32, 355
3314, 181, 696
3315, 41, 600
3316, 830, 965
3317, 171, 780
3318, 643, 864
3319, 28, 921
3320, 324, 602
3321, 247, 772
3322, 134, 177
3323, 169, 836
3324, 11, 396
3325, 750, 988
3326, 107, 782
3327, 904, 937
3328, 618, 983
3329, 19, 716
3330, 444, 952
3331, 876, 914
3332, 112, 869
3333, 662, 981
3334, 271, 302
3335, 44, 467
3336, 6, 187
3337, 628, 688
3338, 230, 462
3339, 875, 911
3340, 359, 737
3341, 376, 482
3342, 568, 874
3343, 576, 923
3344, 397, 892
3345, 697, 925
3346, 447, 853
3347, 49, 924
3348, 79, 513
3349, 63, 137
3350, 276, 721
3351, 545, 685
3352, 383, 479
3353, 611, 710
3354, 238, 822
3355, 296, 888
3356, 635, 915
3357, 250, 931
3358, 562, 728
3359, 621, 787
3360, 69, 487
3361, 692, 771
3362, 16, 760
3363, 219, 223
3364, 414, 419
3365, 301, 943
3366, 707, 783
3367, 287, 553
3368, 190, 345
3369, 123, 291
3370, 488, 895
3371, 153, 517
3372, 434, 886
3373, 478, 762
3374, 320, 731
3375, 475, 653
3376, 519, 811
3377, 127, 873
3378, 791, 880
3379, 267, 664
3380, 500, 940
3381, 433, 496
3382, 356, 578
3383, 147, 360
3384, 669, 784
3385, 405, 510
3386, 706, 840
3387, 77, 689
3388, 76, 299
3389, 452, 652
3390, 17, 432
3391, 15, 861
3392, 394, 699
3393, 22, 825
3394, 136, 803
3395, 381, 456
3396, 270, 437
3397, 43, 47
3398, 21, 130
3399, 530, 619
3400, 282, 918
3401, 665, 724
3402, 150, 563
3403, 841, 881
3404, 341, 847
3405, 285, 868
3406, 832, 946
3407, 729, 948
3408, 492, 642
3409, 155, 289
3410, 774, 884
3411, 757, 979
3412, 258, 972
3413, 538, 761
3414, 704, 766
3415, 425, 756
3416, 278, 409
3417, 575, 633
3418, 326, 703
3419, 505, 902
3420, 74, 461
3421, 62, 742
3422, 610, 625
3423, 571, 969
3424, 556, 938
3425, 102, 266
3426, 491, 582
3427, 333, 908
3428, 362, 768
3429, 337, 828
3430, 490, 848
3431, 659, 973
3432, 416, 905
3433, 46, 961
3434, 445, 883
3435, 241, 279
3436, 777, 813
3437, 379, 732
3438, 94, 372
3439, 23, 834
3440, 48, 286
3441, 100, 146
3442, 40, 465
3443, 322, 477
3444, 463, 839
3445, 139, 515
3446, 720, 845
3447, 196, 726
3448, 51, 105
3449, 739, 799
3450, 358, 450
3451, 109, 776
3452, 866, 928
3453, 529, 567
3454, 42, 796
3455, 415, 821
3456, 245, 951
3457, 657, 863
3458, 438, 857
3459, 319, 597
3460, 533, 817
3461, 149, 158
3462, 441, 852
3463, 346, 558
3464, 393, 985
3465, 183, 596
3466, 118, 455
3467, 229, 380
3468, 85, 336
3469, 430, 481
3470, 304, 550
3471, 98, 366
3472, 160, 758
3473, 14, 503
3474, 273, 458
3475, 213, 468
3476, 24, 34
3477, 274, 747
3478, 741, 829
3479, 367, 984
3480, 179, 712
3481, 233, 252
3482, 552, 819
3483, 678, 977
3484, 9, 80
3485, 141, 485
3486, 244, 559
3487, 472, 749
3488, 269, 907
3489, 262, 435
3490, 305, 328
3491, 877, 933
3492, 378, 386
3493, 59, 199
3494, 646, 815
3495, 711, 871
3496, 10, 860
3497, 599, 849
3498, 539, 945
3499, 626, 797
3500, 323, 565
3501, 381, 385
3502, 403, 800
3503, 524, 765
3504, 173, 324
3505, 42, 152
3506, 761, 921
3507, 252, 396
3508, 389, 714
3509, 490, 873
3510, 127, 1000
3511, 564, 715
3512, 54, 505
3513, 106, 356
3514, 93, 772
3515, 142, 727
3516, 406, 980
3517, 387, 694
3518, 712, 835
3519, 562, 993
3520, 130, 880
3521, 593, 671
3522, 623, 648
3523, 20, 481
3524, 44, 771
3525, 24, 440
3526, 480, 553
3527, 468, 638
3528, 438, 889
3529, 602, 817
3530, 227, 380
3531, 183, 852
3532, 885, 927
3533, 291, 386
3534, 326, 476
3535, 548, 847
3536, 592, 672
3537, 409, 621
3538, 198, 970
3539, 196, 960
3540, 254, 259
3541, 225, 488
3542, 345, 689
3543, 382, 739
3544, 463, 631
3545, 65, 955
3546, 361, 664
3547, 632, 982
3548, 311, 838
3549, 51, 514
3550, 867, 974
3551, 6, 483
3552, 522, 788
3553, 72, 246
3554, 266, 573
3555, 16, 306
3556, 751, 845
3557, 115, 365
3558, 203, 525
3559, 102, 732
3560, 688, 821
3561, 579, 791
3562, 332, 587
3563, 22, 57
3564, 272, 471
3565, 153, 397
3566, 1, 245
3567, 116, 347
3568, 297, 647
3569, 757, 846
3570, 816, 977
3571, 23, 696
3572, 111, 410
3573, 338, 849
3574, 334, 722
3575, 98, 690
3576, 179, 344
3577, 289, 357
3578, 190, 594
3579, 80, 634
3580, 533, 872
3581, 502, 760
3582, 353, 870
3583, 370, 914
3584, 526, 780
3585, 417, 915
3586, 199, 312
3587, 37, 720
3588, 125, 421
3589, 129, 738
3590, 28, 219
3591, 122, 622
3592, 350, 861
3593, 86, 747
3594, 491, 734
3595, 472, 683
3596, 55, 701
3597, 453, 457
3598, 48, 375
3599, 137, 167
3600, 430, 517
3601, 516, 906
3602, 99, 109
3603, 81, 996
3604, 56, 659
3605, 407, 948
3606, 68, 298
3607, 157, 895
3608, 296, 807
3609, 336, 916
3610, 293, 866
3611, 650, 860
3612, 118, 773
3613, 211, 485
3614, 138, 466
3615, 865, 925
3616, 584, 678
3617, 75, 262
3618, 18, 62
3619, 218, 556
3620, 566, 583
3621, 85, 568
3622, 512, 830
3623, 61, 131
3624, 400, 687
3625, 14, 893
3626, 558, 726
3627, 660, 827
3628, 79, 998
3629, 563, 614
3630, 250, 723
3631, 449, 569
3632, 444, 795
3633, 160, 869
3634, 580, 903
3635, 447, 597
3636, 222, 531
3637, 853, 918
3638, 303, 578
3639, 236, 411
3640, 221, 408
3641, 452, 581
3642, 366, 586
3643, 123, 882
3644, 15, 831
3645, 46, 962
3646, 78, 680
3647, 418, 781
3648, 26, 538
3649, 209, 235
3650, 663, 965
3651, 492, 812
3652, 774, 891
3653, 904, 952
3654, 146, 329
3655, 67, 210
3656, 59, 942
3657, 755, 851
3658, 19, 74
3659, 90, 972
3660, 473, 899
3661, 200, 620
3662, 858, 985
3663, 343, 652
3664, 38, 435
3665, 9, 735
3666, 194, 920
3667, 241, 987
3668, 21, 487
3669, 53, 60
3670, 859, 999
3671, 95, 681
3672, 489, 958
3673, 626, 762
3674, 376, 655
3675, 258, 606
3676, 777, 976
3677, 147, 898
3678, 174, 741
3679, 69, 698
3680, 287, 758
3681, 113, 371
3682, 114, 748
3683, 540, 547
3684, 392, 759
3685, 456, 763
3686, 87, 913
3687, 404, 935
3688, 32, 479
3689, 107, 120
3690, 554, 854
3691, 302, 550
3692, 47, 969
3693, 299, 577
3694, 529, 636
3695, 50, 384
3696, 121, 994
3697, 582, 637
3698, 808, 863
3699, 260, 282
3700, 208, 242
3701, 133, 304
3702, 117, 633
3703, 608, 646
3704, 504, 981
3705, 596, 995
3706, 424, 511
3707, 82, 886
3708, 535, 809
3709, 493, 937
3710, 358, 521
3711, 170, 753
3712, 94, 695
3713, 352, 414
3714, 305, 390
3715, 896, 928
3716, 216, 653
3717, 158, 530
3718, 470, 528
3719, 437, 844
3720, 45, 458
3721, 277, 884
3722, 416, 901
3723, 255, 630
3724, 377, 427
3725, 826, 943
3726, 39, 134
3727, 617, 964
3728, 2, 876
3729, 234, 519
3730, 145, 890
3731, 399, 782
3732, 25, 834
3733, 342, 819
3734, 197, 699
3735, 64, 565
3736, 161, 398
3737, 733, 785
3738, 13, 979
3739, 34, 229
3740, 261, 823
3741, 328, 729
3742, 248, 496
3743, 628, 940
3744, 908, 939
3745, 132, 187
3746, 273, 613
3747, 257, 271
3748, 341, 624
3749, 41, 316
3750, 264, 482
3751, 148, 321
3752, 475, 814
3753, 214, 367
3754, 12, 27
3755, 574, 679
3756, 274, 513
3757, 323, 351
3758, 313, 510
3759, 515, 756
3760, 746, 907
3761, 670, 700
3762, 333, 783
3763, 459, 474
3764, 89, 149
3765, 786, 868
3766, 684, 829
3767, 497, 953
3768, 290, 532
3769, 162, 744
3770, 412, 790
3771, 499, 811
3772, 226, 319
3773, 247, 322
3774, 317, 413
3775, 591, 778
3776, 128, 857
3777, 369, 922
3778, 267, 431
3779, 286, 635
3780, 855, 956
3781, 135, 717
3782, 534, 665
3783, 281, 393
3784, 276, 837
3785, 8, 843
3786, 58, 789
3787, 461, 931
3788, 143, 164
3789, 3, 656
3790, 186, 465
3791, 71, 486
3792, 508, 549
3793, 391, 938
3794, 35, 448
3795, 426, 544
3796, 268, 279
3797, 240, 654
3798, 575, 711
3799, 182, 611
3800, 239, 881
3801, 285, 451
3802, 477, 801
3803, 307, 877
3804, 604, 813
3805, 607, 618
3806, 212, 609
3807, 721, 934
3808, 253, 708
3809, 112, 675
3810, 195, 560
3811, 799, 963
3812, 500, 745
3813, 11, 706
3814, 348, 815
3815, 686, 959
3816, 330, 828
3817, 238, 932
3818, 105, 887
3819, 494, 768
3820, 796, 833
3821, 310, 443
3822, 5, 301
3823, 217, 539
3824, 256, 919
3825, 97, 641
3826, 325, 442
3827, 204, 423
3828, 40, 605
3829, 787, 973
3830, 674, 740
3831, 784, 879
3832, 685, 841
3833, 92, 506
3834, 43, 803
3835, 171, 716
3836, 178, 320
3837, 572, 988
3838, 126, 337
3839, 188, 640
3840, 545, 576
3841, 284, 912
3842, 172, 402
3843, 141, 677
3844, 207, 373
3845, 251, 415
3846, 363, 433
3847, 331, 975
3848, 70, 269
3849, 966, 978
3850, 702, 836
3851, 36, 233
3852, 523, 961
3853, 181, 372
3854, 270, 300
3855, 83, 731
3856, 455, 749
3857, 669, 850
3858, 232, 878
3859, 84, 206
3860, 193, 509
3861, 88, 518
3862, 555, 950
3863, 649, 902
3864, 156, 658
3865, 96, 805
3866, 543, 924
3867, 52, 818
3868, 192, 619
3869, 33, 742
3870, 335, 862
3871, 103, 537
3872, 405, 764
3873, 917, 984
3874, 571, 719
3875, 737, 770
3876, 144, 478
3877, 244, 947
3878, 231, 662
3879, 283, 661
3880, 401, 936
3881, 151, 989
3882, 154, 360
3883, 388, 428
3884, 776, 840
3885, 802, 911
3886, 177, 263
3887, 507, 875
3888, 91, 318
3889, 359, 792
3890, 29, 503
3891, 224, 379
3892, 905, 909
3893, 588, 697
3894, 464, 806
3895, 378, 552
3896, 308, 570
3897, 66, 954
3898, 327, 929
3899, 288, 598
3900, 185, 425
3901, 590, 718
3902, 119, 599
3903, 668, 992
3904, 362, 825
3905, 7, 710
3906, 883, 991
3907, 600, 615
3908, 166, 767
3909, 215, 725
3910, 110, 567
3911, 10, 595
3912, 205, 495
3913, 314, 541
3914, 108, 971
3915, 31, 101
3916, 295, 467
3917, 542, 832
3918, 150, 645
3919, 728, 839
3920, 17, 601
3921, 612, 691
3922, 395, 657
3923, 220, 527
3924, 707, 874
3925, 155, 202
3926, 368, 419
3927, 667, 793
3928, 136, 736
3929, 693, 769
3930, 888, 945
3931, 439, 822
3932, 383, 709
3933, 315, 933
3934, 243, 429
3935, 603, 990
3936, 140, 340
3937, 501, 957
3938, 557, 766
3939, 610, 704
3940, 175, 897
3941, 139, 484
3942, 642, 713
3943, 237, 743
3944, 165, 585
3945, 551, 794
3946, 420, 682
3947, 201, 228
3948, 779, 946
3949, 100, 223
3950, 346, 460
3951, 441, 856
3952, 454, 651
3953, 280, 951
3954, 639, 892
3955, 374, 703
3956, 894, 968
3957, 176, 986
3958, 589, 627
3959, 169, 446
3960, 434, 625
3961, 436, 692
3962, 124, 339
3963, 676, 930
3964, 797, 848
3965, 63, 810
3966, 394, 941
3967, 354, 546
3968, 77, 432
3969, 73, 189
3970, 30, 824
3971, 191, 842
3972, 278, 616
3973, 104, 730
3974, 163, 230
3975, 265, 292
3976, 355, 754
3977, 536, 643
3978, 724, 804
3979, 249, 450
3980, 49, 561
3981, 4, 820
3982, 309, 944
3983, 184, 349
3984, 520, 798
3985, 159, 422
3986, 168, 983
3987, 775, 871
3988, 462, 666
3989, 76, 275
3990, 559, 644
3991, 180, 469
3992, 910, 967
3993, 364, 629
3994, 445, 752
3995, 498, 997
3996, 673, 949
3997, 294, 705
3998, 213, 750
3999, 864, 900
4000, 923, 926
