id, img1, img2
1, 157, 868
2, 14, 273
3, 130, 780
4, 155, 861
5, 260, 730
6, 446, 733
7, 202, 445
8, 160, 998
9, 457, 795
10, 368, 784
11, 408, 729
12, 634, 873
13, 201, 603
14, 93, 479
15, 481, 539
16, 298, 546
17, 313, 471
18, 632, 958
19, 182, 343
20, 277, 825
21, 204, 346
22, 262, 559
23, 60, 954
24, 149, 987
25, 206, 725
26, 325, 719
27, 442, 552
28, 303, 814
29, 254, 927
30, 71, 195
31, 376, 955
32, 781, 850
33, 657, 771
34, 116, 485
35, 11, 413
36, 40, 348
37, 94, 128
38, 113, 716
39, 584, 747
40, 179, 937
41, 839, 911
42, 622, 789
43, 454, 977
44, 375, 572
45, 711, 769
46, 588, 803
47, 354, 438
48, 231, 782
49, 245, 506
50, 241, 455
51, 674, 926
52, 345, 805
53, 186, 504
54, 627, 821
55, 352, 910
56, 529, 610
57, 331, 886
58, 4, 482
59, 537, 660
60, 295, 505
61, 324, 531
62, 683, 742
63, 276, 569
64, 97, 257
65, 745, 952
66, 463, 740
67, 337, 978
68, 314, 429
69, 488, 961
70, 871, 997
71, 665, 863
72, 596, 884
73, 12, 115
74, 175, 389
75, 70, 362
76, 79, 708
77, 62, 470
78, 919, 969
79, 619, 749
80, 609, 848
81, 424, 435
82, 732, 953
83, 561, 712
84, 58, 342
85, 421, 900
86, 15, 166
87, 54, 439
88, 670, 946
89, 162, 685
90, 790, 950
91, 755, 822
92, 151, 528
93, 214, 447
94, 555, 775
95, 9, 548
96, 458, 477
97, 692, 694
98, 371, 407
99, 390, 918
100, 251, 633
101, 816, 960
102, 280, 985
103, 358, 845
104, 173, 242
105, 198, 431
106, 98, 947
107, 112, 748
108, 248, 401
109, 788, 903
110, 639, 644
111, 125, 476
112, 141, 258
113, 78, 964
114, 443, 990
115, 813, 849
116, 211, 912
117, 448, 496
118, 347, 535
119, 841, 925
120, 284, 741
121, 270, 430
122, 286, 966
123, 67, 154
124, 239, 872
125, 652, 922
126, 523, 880
127, 137, 167
128, 856, 956
129, 44, 534
130, 543, 734
131, 824, 876
132, 250, 272
133, 423, 567
134, 333, 832
135, 215, 462
136, 134, 387
137, 52, 799
138, 176, 304
139, 129, 974
140, 583, 857
141, 61, 553
142, 650, 689
143, 323, 398
144, 84, 464
145, 426, 984
146, 715, 802
147, 530, 794
148, 118, 625
149, 507, 723
150, 315, 427
151, 18, 526
152, 465, 593
153, 397, 414
154, 51, 249
155, 735, 932
156, 73, 970
157, 833, 916
158, 236, 237
159, 518, 830
160, 456, 658
161, 300, 957
162, 761, 879
163, 3, 379
164, 666, 728
165, 810, 924
166, 722, 906
167, 96, 503
168, 181, 940
169, 294, 393
170, 224, 889
171, 27, 629
172, 41, 571
173, 641, 669
174, 36, 843
175, 274, 547
176, 263, 696
177, 191, 336
178, 480, 598
179, 57, 855
180, 420, 846
181, 101, 928
182, 472, 570
183, 213, 428
184, 484, 731
185, 316, 939
186, 1, 385
187, 223, 718
188, 226, 680
189, 77, 651
190, 212, 556
191, 190, 240
192, 16, 287
193, 268, 489
194, 624, 898
195, 836, 942
196, 126, 949
197, 21, 483
198, 64, 69
199, 516, 858
200, 558, 899
201, 20, 197
202, 216, 475
203, 768, 890
204, 48, 972
205, 156, 663
206, 164, 844
207, 119, 847
208, 914, 920
209, 187, 818
210, 37, 923
211, 24, 921
212, 807, 982
213, 63, 210
214, 592, 980
215, 196, 302
216, 688, 854
217, 111, 341
218, 378, 691
219, 613, 662
220, 169, 499
221, 174, 386
222, 434, 704
223, 49, 895
224, 33, 590
225, 5, 449
226, 105, 525
227, 140, 163
228, 2, 786
229, 146, 200
230, 278, 717
231, 23, 736
232, 777, 897
233, 612, 751
234, 92, 823
235, 668, 791
236, 486, 487
237, 360, 557
238, 604, 935
239, 153, 357
240, 410, 524
241, 831, 973
242, 495, 608
243, 55, 989
244, 623, 702
245, 265, 687
246, 218, 394
247, 29, 123
248, 102, 885
249, 826, 842
250, 645, 887
251, 217, 322
252, 550, 628
253, 59, 829
254, 282, 754
255, 143, 765
256, 383, 983
257, 192, 436
258, 492, 631
259, 222, 601
260, 586, 772
261, 307, 328
262, 646, 776
263, 773, 815
264, 7, 289
265, 80, 838
266, 681, 778
267, 573, 762
268, 261, 976
269, 851, 859
270, 306, 808
271, 247, 521
272, 147, 757
273, 285, 411
274, 142, 404
275, 706, 945
276, 30, 172
277, 89, 103
278, 31, 913
279, 533, 787
280, 406, 763
281, 82, 578
282, 320, 437
283, 597, 828
284, 577, 986
285, 580, 875
286, 721, 882
287, 120, 121
288, 203, 659
289, 374, 540
290, 283, 541
291, 809, 934
292, 124, 1000
293, 792, 904
294, 642, 896
295, 25, 672
296, 35, 334
297, 68, 372
298, 32, 764
299, 893, 962
300, 536, 713
301, 22, 800
302, 234, 544
303, 158, 318
304, 13, 877
305, 869, 891
306, 412, 656
307, 461, 664
308, 165, 549
309, 380, 929
310, 726, 908
311, 290, 381
312, 227, 710
313, 199, 811
314, 452, 938
315, 520, 720
316, 170, 907
317, 209, 806
318, 47, 853
319, 107, 133
320, 114, 894
321, 450, 508
322, 425, 512
323, 161, 714
324, 330, 993
325, 649, 837
326, 159, 344
327, 901, 968
328, 150, 798
329, 582, 759
330, 178, 395
331, 43, 862
332, 42, 264
333, 219, 301
334, 339, 349
335, 493, 655
336, 564, 819
337, 626, 944
338, 81, 131
339, 292, 963
340, 739, 752
341, 184, 297
342, 91, 95
343, 127, 643
344, 19, 466
345, 271, 288
346, 433, 635
347, 545, 701
348, 72, 183
349, 335, 478
350, 384, 678
351, 188, 319
352, 74, 238
353, 26, 630
354, 312, 587
355, 581, 941
356, 117, 892
357, 235, 705
358, 589, 693
359, 65, 377
360, 321, 671
361, 205, 852
362, 177, 225
363, 402, 975
364, 467, 746
365, 743, 866
366, 684, 979
367, 405, 965
368, 359, 648
369, 136, 474
370, 45, 75
371, 267, 409
372, 293, 542
373, 654, 697
374, 699, 994
375, 148, 812
376, 259, 317
377, 522, 774
378, 338, 527
379, 565, 758
380, 104, 707
381, 296, 744
382, 86, 365
383, 171, 902
384, 785, 860
385, 441, 995
386, 252, 370
387, 353, 698
388, 180, 915
389, 90, 361
390, 562, 653
391, 513, 991
392, 53, 364
393, 122, 943
394, 366, 453
395, 614, 783
396, 243, 834
397, 620, 874
398, 419, 700
399, 396, 500
400, 50, 403
401, 138, 756
402, 139, 770
403, 100, 948
404, 144, 363
405, 99, 930
406, 76, 560
407, 194, 501
408, 554, 682
409, 400, 727
410, 440, 796
411, 83, 638
412, 576, 750
413, 34, 509
414, 444, 883
415, 469, 621
416, 135, 563
417, 615, 738
418, 108, 491
419, 308, 870
420, 232, 519
421, 85, 797
422, 193, 867
423, 677, 992
424, 835, 881
425, 329, 793
426, 460, 600
427, 753, 766
428, 275, 326
429, 574, 959
430, 253, 382
431, 355, 917
432, 514, 599
433, 56, 255
434, 279, 515
435, 220, 933
436, 228, 230
437, 617, 827
438, 340, 459
439, 269, 673
440, 256, 511
441, 305, 640
442, 418, 591
443, 865, 905
444, 87, 207
445, 820, 996
446, 510, 532
447, 246, 840
448, 399, 760
449, 579, 585
450, 432, 497
451, 422, 703
452, 109, 971
453, 38, 779
454, 229, 350
455, 605, 951
456, 88, 291
457, 647, 661
458, 309, 367
459, 46, 221
460, 392, 999
461, 391, 606
462, 8, 981
463, 299, 451
464, 388, 864
465, 417, 686
466, 110, 266
467, 801, 878
468, 667, 988
469, 616, 804
470, 244, 327
471, 132, 888
472, 679, 690
473, 310, 332
474, 607, 909
475, 538, 594
476, 185, 416
477, 281, 568
478, 6, 695
479, 189, 967
480, 66, 145
481, 473, 767
482, 618, 737
483, 602, 817
484, 351, 931
485, 356, 675
486, 517, 595
487, 208, 311
488, 28, 233
489, 168, 611
490, 494, 636
491, 502, 551
492, 498, 575
493, 369, 709
494, 490, 676
495, 39, 637
496, 10, 106
497, 373, 566
498, 152, 415
499, 17, 936
500, 468, 724
501, 460, 660
502, 41, 557
503, 382, 602
504, 93, 297
505, 160, 674
506, 159, 268
507, 122, 855
508, 300, 588
509, 692, 874
510, 445, 790
511, 485, 731
512, 431, 756
513, 242, 356
514, 852, 994
515, 7, 886
516, 468, 598
517, 226, 773
518, 362, 884
519, 196, 966
520, 503, 850
521, 473, 615
522, 370, 752
523, 413, 440
524, 426, 636
525, 680, 795
526, 499, 676
527, 337, 696
528, 70, 210
529, 22, 223
530, 95, 893
531, 805, 822
532, 464, 484
533, 786, 813
534, 519, 840
535, 344, 515
536, 747, 829
537, 520, 762
538, 466, 644
539, 241, 859
540, 26, 937
541, 738, 935
542, 580, 814
543, 209, 544
544, 199, 649
545, 277, 977
546, 487, 505
547, 287, 643
548, 424, 711
549, 733, 990
550, 418, 726
551, 320, 627
552, 38, 417
553, 16, 67
554, 446, 712
555, 188, 984
556, 437, 589
557, 691, 718
558, 42, 912
559, 386, 467
560, 184, 922
561, 185, 946
562, 1, 784
563, 571, 732
564, 251, 587
565, 244, 518
566, 737, 970
567, 230, 608
568, 682, 956
569, 231, 575
570, 378, 663
571, 31, 476
572, 61, 611
573, 245, 965
574, 577, 776
575, 235, 942
576, 574, 767
577, 96, 143
578, 552, 992
579, 166, 681
580, 371, 709
581, 87, 792
582, 247, 578
583, 201, 947
584, 4, 100
585, 10, 123
586, 508, 929
587, 140, 318
588, 58, 779
589, 567, 625
590, 323, 927
591, 472, 765
592, 317, 434
593, 528, 547
594, 934, 971
595, 43, 529
596, 626, 705
597, 114, 640
598, 607, 866
599, 332, 812
600, 276, 363
601, 455, 720
602, 137, 953
603, 340, 824
604, 502, 549
605, 319, 985
606, 107, 527
607, 565, 931
608, 115, 916
609, 163, 270
610, 462, 854
611, 127, 266
612, 377, 725
613, 609, 631
614, 525, 819
615, 590, 770
616, 452, 925
617, 848, 894
618, 745, 851
619, 419, 808
620, 142, 714
621, 423, 569
622, 59, 449
623, 76, 741
624, 120, 208
625, 108, 717
626, 723, 820
627, 710, 841
628, 802, 804
629, 128, 324
630, 325, 763
631, 635, 800
632, 402, 675
633, 271, 667
634, 109, 739
635, 172, 907
636, 336, 621
637, 828, 949
638, 35, 628
639, 71, 98
640, 304, 729
641, 408, 915
642, 510, 821
643, 212, 346
644, 88, 659
645, 40, 948
646, 347, 582
647, 498, 865
648, 154, 758
649, 372, 902
650, 116, 754
651, 530, 647
652, 161, 678
653, 32, 311
654, 110, 506
655, 348, 353
656, 595, 702
657, 69, 677
658, 308, 545
659, 350, 624
660, 620, 782
661, 334, 899
662, 106, 175
663, 15, 501
664, 252, 642
665, 374, 963
666, 105, 648
667, 504, 616
668, 815, 905
669, 139, 272
670, 83, 783
671, 194, 524
672, 183, 507
673, 248, 891
674, 736, 864
675, 523, 887
676, 269, 469
677, 53, 542
678, 198, 381
679, 250, 579
680, 157, 827
681, 830, 898
682, 279, 867
683, 73, 973
684, 316, 923
685, 941, 975
686, 30, 294
687, 130, 661
688, 217, 979
689, 412, 599
690, 653, 835
691, 28, 888
692, 415, 538
693, 409, 856
694, 170, 220
695, 213, 651
696, 25, 37
697, 295, 687
698, 187, 793
699, 801, 908
700, 775, 911
701, 844, 860
702, 612, 780
703, 427, 495
704, 174, 968
705, 169, 974
706, 562, 890
707, 263, 650
708, 72, 533
709, 604, 944
710, 46, 63
711, 193, 670
712, 451, 960
713, 480, 778
714, 148, 978
715, 358, 846
716, 14, 715
717, 92, 335
718, 430, 919
719, 375, 425
720, 150, 390
721, 369, 570
722, 11, 259
723, 52, 310
724, 47, 168
725, 389, 584
726, 493, 744
727, 331, 748
728, 117, 512
729, 721, 959
730, 75, 144
731, 603, 896
732, 514, 811
733, 132, 145
734, 398, 566
735, 19, 44
736, 807, 883
737, 772, 877
738, 225, 863
739, 222, 399
740, 39, 164
741, 403, 797
742, 448, 831
743, 601, 664
744, 147, 939
745, 665, 684
746, 439, 791
747, 365, 787
748, 576, 785
749, 64, 958
750, 285, 740
751, 471, 592
752, 654, 826
753, 243, 301
754, 447, 532
755, 465, 988
756, 327, 742
757, 85, 719
758, 333, 406
759, 842, 991
760, 836, 936
761, 281, 298
762, 221, 500
763, 214, 489
764, 158, 834
765, 27, 818
766, 216, 555
767, 273, 708
768, 33, 461
769, 361, 872
770, 373, 751
771, 392, 481
772, 240, 766
773, 393, 730
774, 18, 197
775, 23, 258
776, 288, 885
777, 237, 957
778, 600, 749
779, 146, 496
780, 734, 921
781, 878, 924
782, 517, 572
783, 207, 838
784, 125, 586
785, 619, 695
786, 238, 686
787, 444, 526
788, 205, 806
789, 509, 983
790, 224, 262
791, 385, 535
792, 45, 433
793, 395, 457
794, 388, 993
795, 521, 618
796, 254, 688
797, 97, 972
798, 463, 561
799, 20, 617
800, 181, 666
801, 420, 825
802, 338, 849
803, 253, 735
804, 422, 879
805, 211, 892
806, 162, 342
807, 483, 817
808, 152, 900
809, 204, 400
810, 454, 951
811, 274, 326
812, 543, 614
813, 129, 996
814, 387, 909
815, 255, 345
816, 124, 167
817, 309, 706
818, 138, 980
819, 482, 989
820, 111, 305
821, 798, 799
822, 239, 302
823, 669, 810
824, 229, 479
825, 227, 307
826, 284, 339
827, 155, 889
828, 9, 443
829, 228, 292
830, 156, 876
831, 315, 613
832, 917, 964
833, 432, 926
834, 645, 873
835, 81, 89
836, 134, 136
837, 3, 583
838, 329, 475
839, 65, 121
840, 99, 534
841, 404, 470
842, 176, 769
843, 234, 954
844, 131, 249
845, 394, 967
846, 633, 875
847, 84, 383
848, 401, 658
849, 218, 396
850, 36, 816
851, 267, 397
852, 380, 689
853, 141, 573
854, 593, 728
855, 764, 861
856, 343, 789
857, 357, 703
858, 34, 261
859, 135, 456
860, 478, 832
861, 151, 999
862, 113, 368
863, 190, 880
864, 637, 858
865, 232, 366
866, 724, 768
867, 191, 906
868, 289, 553
869, 48, 486
870, 24, 976
871, 50, 657
872, 474, 757
873, 869, 930
874, 459, 693
875, 54, 349
876, 68, 112
877, 488, 513
878, 539, 606
879, 477, 540
880, 610, 771
881, 21, 291
882, 189, 685
883, 554, 623
884, 66, 546
885, 78, 180
886, 5, 1000
887, 91, 203
888, 722, 987
889, 173, 998
890, 101, 103
891, 119, 697
892, 314, 568
893, 713, 788
894, 313, 410
895, 29, 118
896, 6, 321
897, 596, 655
898, 903, 945
899, 182, 982
900, 629, 895
901, 275, 407
902, 354, 755
903, 192, 853
904, 8, 548
905, 597, 605
906, 845, 901
907, 322, 897
908, 497, 940
909, 563, 914
910, 13, 79
911, 246, 491
912, 179, 727
913, 264, 857
914, 186, 847
915, 760, 837
916, 330, 868
917, 913, 952
918, 341, 360
919, 265, 662
920, 379, 774
921, 312, 961
922, 233, 671
923, 441, 698
924, 355, 743
925, 809, 843
926, 746, 962
927, 652, 699
928, 364, 416
929, 104, 638
930, 558, 943
931, 639, 690
932, 490, 494
933, 668, 871
934, 171, 881
935, 195, 641
936, 391, 750
937, 438, 516
938, 17, 511
939, 541, 753
940, 178, 200
941, 60, 634
942, 153, 436
943, 51, 531
944, 202, 206
945, 299, 870
946, 777, 955
947, 537, 559
948, 80, 716
949, 57, 794
950, 367, 932
951, 74, 700
952, 351, 384
953, 260, 293
954, 556, 564
955, 453, 672
956, 2, 458
957, 359, 679
958, 442, 986
959, 133, 585
960, 694, 761
961, 55, 581
962, 550, 673
963, 77, 429
964, 632, 918
965, 86, 352
966, 290, 781
967, 704, 707
968, 49, 257
969, 303, 920
970, 833, 910
971, 278, 591
972, 56, 522
973, 428, 803
974, 102, 997
975, 236, 839
976, 328, 492
977, 215, 282
978, 149, 594
979, 177, 256
980, 450, 759
981, 306, 414
982, 219, 882
983, 296, 701
984, 165, 622
985, 421, 683
986, 126, 938
987, 12, 904
988, 823, 862
989, 280, 646
990, 933, 969
991, 630, 950
992, 90, 560
993, 82, 94
994, 286, 411
995, 376, 435
996, 62, 995
997, 656, 796
998, 283, 551
999, 536, 928
1000, 405, 981
1001, 456, 738
1002, 207, 361
1003, 416, 606
1004, 226, 571
1005, 231, 558
1006, 425, 562
1007, 602, 983
1008, 284, 530
1009, 95, 171
1010, 734, 779
1011, 197, 835
1012, 377, 739
1013, 341, 399
1014, 16, 760
1015, 67, 817
1016, 262, 786
1017, 17, 941
1018, 684, 762
1019, 319, 605
1020, 334, 858
1021, 156, 669
1022, 135, 995
1023, 302, 671
1024, 94, 704
1025, 291, 332
1026, 299, 708
1027, 223, 265
1028, 617, 683
1029, 252, 856
1030, 161, 240
1031, 164, 557
1032, 2, 518
1033, 743, 793
1034, 316, 765
1035, 705, 759
1036, 521, 867
1037, 13, 512
1038, 838, 972
1039, 338, 431
1040, 11, 895
1041, 401, 628
1042, 428, 600
1043, 79, 729
1044, 368, 417
1045, 384, 639
1046, 111, 958
1047, 323, 473
1048, 696, 921
1049, 804, 808
1050, 427, 888
1051, 147, 458
1052, 335, 777
1053, 120, 426
1054, 185, 892
1055, 770, 937
1056, 59, 96
1057, 659, 670
1058, 342, 527
1059, 507, 814
1060, 569, 586
1061, 408, 437
1062, 196, 587
1063, 601, 763
1064, 45, 913
1065, 20, 490
1066, 28, 309
1067, 234, 415
1068, 22, 183
1069, 400, 866
1070, 547, 824
1071, 806, 968
1072, 731, 981
1073, 279, 386
1074, 430, 479
1075, 534, 535
1076, 153, 422
1077, 118, 235
1078, 327, 846
1079, 452, 613
1080, 281, 841
1081, 551, 899
1082, 548, 978
1083, 282, 727
1084, 544, 695
1085, 43, 48
1086, 136, 321
1087, 274, 598
1088, 99, 910
1089, 498, 798
1090, 610, 661
1091, 209, 595
1092, 591, 991
1093, 129, 908
1094, 216, 996
1095, 52, 359
1096, 647, 767
1097, 462, 540
1098, 314, 581
1099, 14, 868
1100, 362, 629
1101, 391, 625
1102, 593, 924
1103, 158, 742
1104, 553, 975
1105, 463, 816
1106, 30, 726
1107, 355, 407
1108, 119, 877
1109, 579, 833
1110, 754, 820
1111, 565, 746
1112, 98, 195
1113, 146, 366
1114, 286, 902
1115, 214, 730
1116, 232, 267
1117, 26, 721
1118, 247, 635
1119, 496, 637
1120, 144, 956
1121, 482, 986
1122, 347, 710
1123, 691, 758
1124, 596, 609
1125, 464, 657
1126, 264, 819
1127, 92, 132
1128, 497, 878
1129, 784, 918
1130, 162, 179
1131, 352, 896
1132, 272, 919
1133, 239, 831
1134, 122, 443
1135, 310, 764
1136, 121, 827
1137, 194, 615
1138, 329, 771
1139, 707, 928
1140, 126, 410
1141, 68, 979
1142, 311, 419
1143, 905, 993
1144, 160, 542
1145, 64, 939
1146, 72, 873
1147, 305, 388
1148, 732, 785
1149, 418, 650
1150, 578, 618
1151, 313, 429
1152, 788, 863
1153, 326, 969
1154, 103, 219
1155, 182, 815
1156, 46, 925
1157, 206, 483
1158, 278, 470
1159, 379, 404
1160, 524, 950
1161, 101, 797
1162, 612, 717
1163, 575, 733
1164, 167, 511
1165, 795, 901
1166, 665, 832
1167, 528, 599
1168, 21, 883
1169, 328, 871
1170, 570, 775
1171, 169, 387
1172, 242, 778
1173, 215, 744
1174, 175, 203
1175, 199, 405
1176, 396, 590
1177, 741, 872
1178, 799, 847
1179, 114, 638
1180, 24, 259
1181, 643, 652
1182, 31, 576
1183, 460, 850
1184, 300, 999
1185, 510, 583
1186, 230, 658
1187, 478, 998
1188, 88, 484
1189, 818, 931
1190, 810, 900
1191, 821, 935
1192, 107, 616
1193, 112, 348
1194, 477, 714
1195, 128, 500
1196, 134, 142
1197, 154, 962
1198, 822, 848
1199, 224, 546
1200, 466, 914
1201, 61, 227
1202, 263, 976
1203, 747, 988
1204, 218, 225
1205, 38, 77
1206, 420, 538
1207, 159, 494
1208, 766, 963
1209, 271, 836
1210, 49, 678
1211, 237, 940
1212, 212, 912
1213, 480, 519
1214, 228, 301
1215, 681, 945
1216, 298, 395
1217, 84, 536
1218, 76, 465
1219, 90, 642
1220, 411, 640
1221, 533, 926
1222, 503, 700
1223, 253, 604
1224, 790, 869
1225, 728, 949
1226, 887, 980
1227, 74, 864
1228, 297, 520
1229, 502, 592
1230, 336, 782
1231, 985, 987
1232, 378, 920
1233, 364, 781
1234, 221, 256
1235, 34, 83
1236, 80, 451
1237, 317, 676
1238, 432, 946
1239, 277, 468
1240, 783, 933
1241, 163, 501
1242, 58, 435
1243, 220, 622
1244, 529, 561
1245, 71, 694
1246, 446, 961
1247, 438, 966
1248, 258, 813
1249, 303, 651
1250, 75, 202
1251, 523, 992
1252, 289, 481
1253, 513, 517
1254, 807, 870
1255, 495, 504
1256, 269, 751
1257, 514, 844
1258, 211, 584
1259, 374, 1000
1260, 345, 627
1261, 370, 589
1262, 35, 157
1263, 106, 621
1264, 200, 559
1265, 959, 977
1266, 955, 994
1267, 18, 485
1268, 916, 990
1269, 532, 752
1270, 699, 917
1271, 39, 283
1272, 5, 623
1273, 290, 703
1274, 50, 930
1275, 340, 947
1276, 229, 773
1277, 113, 205
1278, 285, 951
1279, 509, 997
1280, 346, 469
1281, 117, 881
1282, 577, 828
1283, 248, 444
1284, 44, 191
1285, 86, 304
1286, 331, 757
1287, 249, 333
1288, 344, 769
1289, 794, 970
1290, 372, 611
1291, 322, 953
1292, 193, 906
1293, 1, 436
1294, 82, 554
1295, 472, 826
1296, 115, 624
1297, 315, 964
1298, 27, 385
1299, 453, 701
1300, 358, 402
1301, 241, 563
1302, 631, 809
1303, 127, 440
1304, 210, 339
1305, 29, 922
1306, 308, 656
1307, 719, 776
1308, 568, 791
1309, 487, 780
1310, 724, 891
1311, 403, 664
1312, 515, 653
1313, 293, 829
1314, 23, 668
1315, 245, 433
1316, 87, 222
1317, 398, 646
1318, 697, 830
1319, 351, 897
1320, 266, 718
1321, 165, 170
1322, 213, 424
1323, 139, 461
1324, 6, 125
1325, 393, 636
1326, 476, 692
1327, 36, 855
1328, 357, 607
1329, 633, 688
1330, 447, 475
1331, 238, 275
1332, 53, 853
1333, 174, 663
1334, 392, 555
1335, 397, 882
1336, 51, 789
1337, 32, 371
1338, 307, 491
1339, 130, 693
1340, 62, 588
1341, 91, 857
1342, 198, 537
1343, 505, 840
1344, 97, 260
1345, 189, 713
1346, 138, 849
1347, 116, 641
1348, 188, 842
1349, 702, 854
1350, 711, 874
1351, 100, 843
1352, 620, 720
1353, 280, 531
1354, 54, 660
1355, 539, 655
1356, 649, 667
1357, 109, 634
1358, 434, 686
1359, 173, 243
1360, 471, 675
1361, 150, 292
1362, 270, 564
1363, 320, 343
1364, 489, 954
1365, 580, 911
1366, 725, 792
1367, 104, 145
1368, 177, 603
1369, 246, 952
1370, 69, 715
1371, 423, 805
1372, 19, 413
1373, 375, 860
1374, 421, 942
1375, 295, 549
1376, 66, 755
1377, 131, 680
1378, 382, 812
1379, 55, 409
1380, 543, 861
1381, 4, 254
1382, 233, 894
1383, 381, 390
1384, 217, 706
1385, 42, 318
1386, 632, 735
1387, 65, 133
1388, 516, 884
1389, 56, 306
1390, 296, 960
1391, 261, 288
1392, 108, 369
1393, 455, 889
1394, 573, 585
1395, 312, 325
1396, 442, 879
1397, 123, 545
1398, 709, 923
1399, 181, 722
1400, 768, 965
1401, 140, 825
1402, 353, 904
1403, 40, 273
1404, 180, 982
1405, 60, 552
1406, 176, 893
1407, 324, 506
1408, 774, 823
1409, 582, 682
1410, 445, 674
1411, 93, 851
1412, 666, 834
1413, 186, 448
1414, 566, 645
1415, 499, 876
1416, 800, 909
1417, 102, 756
1418, 389, 698
1419, 3, 172
1420, 143, 257
1421, 105, 875
1422, 354, 619
1423, 441, 550
1424, 47, 151
1425, 492, 761
1426, 449, 679
1427, 276, 672
1428, 802, 943
1429, 737, 973
1430, 250, 886
1431, 567, 801
1432, 149, 255
1433, 89, 862
1434, 459, 493
1435, 57, 201
1436, 15, 967
1437, 454, 690
1438, 178, 337
1439, 168, 488
1440, 37, 716
1441, 184, 594
1442, 192, 903
1443, 360, 383
1444, 673, 971
1445, 626, 772
1446, 155, 367
1447, 526, 723
1448, 630, 745
1449, 541, 929
1450, 614, 677
1451, 148, 394
1452, 350, 932
1453, 244, 508
1454, 365, 597
1455, 78, 974
1456, 12, 41
1457, 837, 852
1458, 137, 236
1459, 373, 467
1460, 152, 187
1461, 268, 748
1462, 7, 736
1463, 525, 936
1464, 662, 890
1465, 356, 457
1466, 414, 865
1467, 81, 572
1468, 811, 907
1469, 10, 934
1470, 450, 749
1471, 25, 654
1472, 560, 803
1473, 753, 957
1474, 141, 915
1475, 608, 845
1476, 70, 406
1477, 294, 644
1478, 166, 689
1479, 63, 287
1480, 9, 880
1481, 85, 938
1482, 110, 330
1483, 33, 412
1484, 190, 380
1485, 885, 989
1486, 363, 712
1487, 349, 944
1488, 486, 787
1489, 73, 796
1490, 8, 948
1491, 859, 927
1492, 685, 687
1493, 439, 648
1494, 208, 556
1495, 124, 522
1496, 839, 984
1497, 251, 740
1498, 376, 750
1499, 204, 898
1500, 474, 574
1501, 378, 677
1502, 466, 976
1503, 254, 512
1504, 584, 620
1505, 645, 977
1506, 42, 491
1507, 64, 302
1508, 81, 662
1509, 424, 436
1510, 493, 963
1511, 170, 827
1512, 35, 454
1513, 224, 649
1514, 634, 803
1515, 122, 612
1516, 816, 983
1517, 80, 613
1518, 678, 940
1519, 618, 676
1520, 59, 672
1521, 71, 193
1522, 325, 696
1523, 68, 351
1524, 29, 579
1525, 393, 935
1526, 215, 600
1527, 276, 954
1528, 707, 863
1529, 560, 563
1530, 365, 515
1531, 24, 591
1532, 309, 791
1533, 20, 250
1534, 126, 987
1535, 334, 743
1536, 43, 306
1537, 147, 688
1538, 270, 468
1539, 322, 999
1540, 97, 593
1541, 155, 308
1542, 180, 412
1543, 207, 730
1544, 360, 401
1545, 528, 904
1546, 409, 571
1547, 69, 141
1548, 40, 408
1549, 279, 636
1550, 259, 406
1551, 601, 804
1552, 34, 326
1553, 26, 814
1554, 91, 699
1555, 453, 883
1556, 107, 867
1557, 124, 395
1558, 4, 402
1559, 135, 986
1560, 133, 361
1561, 523, 641
1562, 518, 819
1563, 367, 631
1564, 220, 703
1565, 911, 991
1566, 197, 849
1567, 21, 769
1568, 368, 625
1569, 485, 815
1570, 328, 610
1571, 159, 173
1572, 162, 868
1573, 398, 681
1574, 227, 371
1575, 595, 616
1576, 85, 475
1577, 208, 498
1578, 567, 830
1579, 246, 646
1580, 284, 524
1581, 586, 961
1582, 90, 611
1583, 138, 257
1584, 415, 891
1585, 245, 459
1586, 100, 216
1587, 557, 783
1588, 174, 501
1589, 271, 741
1590, 805, 985
1591, 553, 720
1592, 689, 885
1593, 452, 671
1594, 87, 578
1595, 39, 561
1596, 583, 928
1597, 502, 695
1598, 337, 474
1599, 169, 882
1600, 206, 602
1601, 53, 275
1602, 603, 637
1603, 272, 628
1604, 143, 659
1605, 7, 182
1606, 450, 886
1607, 273, 711
1608, 914, 967
1609, 509, 740
1610, 281, 369
1611, 687, 949
1612, 387, 1000
1613, 168, 727
1614, 300, 981
1615, 146, 716
1616, 73, 607
1617, 277, 661
1618, 158, 566
1619, 310, 771
1620, 119, 445
1621, 559, 907
1622, 469, 538
1623, 234, 955
1624, 114, 742
1625, 94, 199
1626, 22, 564
1627, 210, 813
1628, 288, 835
1629, 256, 764
1630, 156, 761
1631, 639, 694
1632, 443, 724
1633, 213, 667
1634, 750, 812
1635, 218, 357
1636, 757, 760
1637, 127, 686
1638, 214, 953
1639, 653, 942
1640, 164, 366
1641, 668, 846
1642, 251, 751
1643, 734, 980
1644, 690, 820
1645, 400, 973
1646, 534, 664
1647, 478, 779
1648, 382, 392
1649, 137, 921
1650, 458, 837
1651, 130, 389
1652, 461, 930
1653, 513, 691
1654, 522, 582
1655, 189, 547
1656, 570, 762
1657, 52, 982
1658, 175, 794
1659, 139, 856
1660, 242, 525
1661, 614, 899
1662, 446, 721
1663, 84, 204
1664, 299, 425
1665, 359, 506
1666, 433, 574
1667, 345, 490
1668, 363, 519
1669, 5, 336
1670, 237, 426
1671, 28, 902
1672, 543, 943
1673, 604, 850
1674, 167, 702
1675, 747, 971
1676, 44, 697
1677, 476, 576
1678, 825, 840
1679, 241, 654
1680, 527, 632
1681, 232, 871
1682, 37, 287
1683, 460, 988
1684, 274, 978
1685, 356, 421
1686, 822, 876
1687, 117, 626
1688, 123, 222
1689, 78, 221
1690, 294, 989
1691, 267, 974
1692, 104, 615
1693, 684, 853
1694, 95, 545
1695, 65, 683
1696, 467, 892
1697, 383, 826
1698, 121, 185
1699, 49, 110
1700, 163, 772
1701, 376, 535
1702, 722, 909
1703, 31, 798
1704, 18, 635
1705, 75, 878
1706, 598, 644
1707, 86, 841
1708, 136, 166
1709, 492, 855
1710, 289, 946
1711, 12, 152
1712, 364, 858
1713, 292, 448
1714, 46, 413
1715, 160, 897
1716, 713, 990
1717, 442, 873
1718, 176, 797
1719, 594, 937
1720, 157, 619
1721, 231, 348
1722, 464, 894
1723, 41, 252
1724, 15, 88
1725, 385, 420
1726, 380, 875
1727, 54, 714
1728, 179, 956
1729, 494, 597
1730, 128, 770
1731, 410, 851
1732, 910, 934
1733, 416, 657
1734, 82, 755
1735, 314, 736
1736, 177, 377
1737, 411, 859
1738, 381, 925
1739, 418, 548
1740, 36, 298
1741, 83, 979
1742, 481, 715
1743, 303, 495
1744, 14, 329
1745, 205, 562
1746, 62, 151
1747, 47, 456
1748, 332, 533
1749, 629, 866
1750, 347, 787
1751, 340, 405
1752, 61, 265
1753, 190, 807
1754, 248, 723
1755, 374, 789
1756, 132, 959
1757, 13, 839
1758, 486, 510
1759, 705, 884
1760, 67, 330
1761, 186, 295
1762, 48, 551
1763, 590, 970
1764, 66, 230
1765, 113, 253
1766, 266, 451
1767, 517, 895
1768, 473, 541
1769, 581, 950
1770, 225, 773
1771, 56, 829
1772, 291, 520
1773, 439, 936
1774, 313, 817
1775, 72, 666
1776, 738, 832
1777, 154, 650
1778, 297, 821
1779, 149, 150
1780, 282, 335
1781, 358, 784
1782, 404, 652
1783, 462, 484
1784, 537, 624
1785, 372, 854
1786, 449, 630
1787, 480, 660
1788, 115, 316
1789, 99, 544
1790, 101, 118
1791, 901, 965
1792, 500, 945
1793, 60, 960
1794, 108, 243
1795, 728, 765
1796, 906, 912
1797, 370, 390
1798, 929, 984
1799, 25, 327
1800, 105, 951
1801, 785, 872
1802, 102, 422
1803, 555, 670
1804, 504, 801
1805, 201, 324
1806, 320, 786
1807, 569, 572
1808, 331, 432
1809, 260, 808
1810, 388, 470
1811, 194, 296
1812, 125, 187
1813, 145, 391
1814, 89, 353
1815, 229, 962
1816, 3, 430
1817, 45, 161
1818, 209, 778
1819, 226, 869
1820, 264, 673
1821, 419, 845
1822, 171, 709
1823, 362, 782
1824, 768, 831
1825, 658, 861
1826, 188, 304
1827, 565, 810
1828, 116, 865
1829, 19, 178
1830, 733, 802
1831, 685, 931
1832, 57, 752
1833, 191, 447
1834, 77, 704
1835, 32, 605
1836, 23, 195
1837, 516, 549
1838, 344, 550
1839, 338, 947
1840, 181, 511
1841, 399, 833
1842, 623, 893
1843, 165, 758
1844, 16, 729
1845, 70, 290
1846, 888, 924
1847, 76, 692
1848, 120, 238
1849, 98, 617
1850, 55, 417
1851, 848, 969
1852, 440, 790
1853, 507, 838
1854, 640, 920
1855, 437, 777
1856, 106, 923
1857, 457, 539
1858, 212, 964
1859, 521, 588
1860, 63, 862
1861, 27, 203
1862, 278, 693
1863, 131, 514
1864, 505, 877
1865, 192, 701
1866, 726, 896
1867, 915, 958
1868, 172, 489
1869, 286, 939
1870, 148, 781
1871, 196, 995
1872, 396, 809
1873, 642, 996
1874, 627, 843
1875, 444, 655
1876, 529, 546
1877, 643, 966
1878, 144, 793
1879, 435, 589
1880, 503, 900
1881, 708, 938
1882, 285, 932
1883, 379, 767
1884, 323, 735
1885, 6, 864
1886, 202, 532
1887, 58, 881
1888, 249, 746
1889, 228, 293
1890, 429, 824
1891, 386, 774
1892, 496, 992
1893, 766, 847
1894, 269, 305
1895, 427, 526
1896, 236, 675
1897, 261, 682
1898, 384, 994
1899, 718, 745
1900, 698, 775
1901, 719, 860
1902, 283, 343
1903, 240, 799
1904, 51, 244
1905, 944, 993
1906, 792, 913
1907, 596, 811
1908, 438, 870
1909, 33, 898
1910, 394, 739
1911, 1, 223
1912, 373, 472
1913, 530, 556
1914, 737, 941
1915, 184, 262
1916, 93, 112
1917, 674, 823
1918, 280, 477
1919, 749, 952
1920, 317, 968
1921, 647, 852
1922, 656, 712
1923, 350, 732
1924, 315, 918
1925, 916, 919
1926, 431, 754
1927, 211, 580
1928, 2, 800
1929, 542, 759
1930, 725, 857
1931, 423, 842
1932, 621, 818
1933, 403, 997
1934, 531, 763
1935, 74, 669
1936, 441, 585
1937, 463, 577
1938, 744, 834
1939, 536, 706
1940, 134, 573
1941, 568, 948
1942, 318, 428
1943, 263, 753
1944, 414, 465
1945, 342, 926
1946, 311, 679
1947, 268, 599
1948, 11, 622
1949, 258, 434
1950, 140, 998
1951, 552, 700
1952, 483, 917
1953, 50, 651
1954, 638, 788
1955, 8, 38
1956, 479, 606
1957, 407, 540
1958, 198, 341
1959, 79, 346
1960, 375, 795
1961, 142, 497
1962, 129, 836
1963, 487, 748
1964, 111, 927
1965, 558, 908
1966, 488, 587
1967, 828, 957
1968, 10, 319
1969, 844, 879
1970, 235, 397
1971, 247, 307
1972, 333, 731
1973, 352, 499
1974, 575, 806
1975, 880, 903
1976, 665, 717
1977, 301, 972
1978, 96, 890
1979, 103, 905
1980, 349, 874
1981, 92, 482
1982, 109, 780
1983, 609, 922
1984, 217, 233
1985, 9, 975
1986, 455, 554
1987, 710, 796
1988, 508, 633
1989, 30, 239
1990, 680, 889
1991, 776, 933
1992, 648, 887
1993, 354, 756
1994, 592, 608
1995, 183, 339
1996, 312, 471
1997, 219, 355
1998, 17, 200
1999, 153, 663
2000, 255, 321
2001, 64, 658
2002, 374, 873
2003, 456, 535
2004, 12, 101
2005, 666, 739
2006, 15, 476
2007, 203, 295
2008, 89, 486
2009, 519, 623
2010, 338, 339
2011, 32, 322
2012, 341, 510
2013, 817, 937
2014, 504, 945
2015, 565, 800
2016, 822, 942
2017, 91, 383
2018, 24, 547
2019, 290, 598
2020, 586, 874
2021, 19, 72
2022, 167, 558
2023, 393, 980
2024, 225, 669
2025, 849, 936
2026, 906, 970
2027, 6, 764
2028, 760, 844
2029, 120, 562
2030, 271, 366
2031, 427, 681
2032, 233, 629
2033, 196, 887
2034, 53, 820
2035, 237, 684
2036, 285, 384
2037, 563, 769
2038, 599, 645
2039, 31, 685
2040, 231, 300
2041, 330, 644
2042, 207, 917
2043, 310, 997
2044, 164, 440
2045, 694, 819
2046, 364, 963
2047, 753, 928
2048, 293, 889
2049, 137, 745
2050, 42, 405
2051, 488, 933
2052, 500, 617
2053, 103, 107
2054, 305, 762
2055, 133, 833
2056, 314, 482
2057, 173, 551
2058, 4, 711
2059, 324, 633
2060, 387, 742
2061, 186, 408
2062, 150, 466
2063, 163, 655
2064, 21, 98
2065, 57, 710
2066, 160, 560
2067, 54, 952
2068, 139, 667
2069, 273, 582
2070, 816, 846
2071, 491, 847
2072, 299, 695
2073, 420, 797
2074, 321, 601
2075, 90, 187
2076, 134, 417
2077, 373, 960
2078, 311, 718
2079, 206, 802
2080, 306, 748
2081, 521, 591
2082, 269, 429
2083, 10, 153
2084, 831, 954
2085, 69, 113
2086, 156, 479
2087, 66, 643
2088, 102, 541
2089, 619, 631
2090, 325, 786
2091, 553, 929
2092, 337, 976
2093, 357, 983
2094, 178, 263
2095, 243, 312
2096, 55, 162
2097, 912, 959
2098, 313, 656
2099, 460, 592
2100, 284, 570
2101, 65, 716
2102, 235, 609
2103, 43, 258
2104, 49, 426
2105, 413, 691
2106, 73, 628
2107, 766, 834
2108, 176, 944
2109, 60, 182
2110, 37, 444
2111, 279, 640
2112, 239, 524
2113, 421, 612
2114, 630, 835
2115, 853, 868
2116, 278, 511
2117, 50, 240
2118, 433, 546
2119, 119, 280
2120, 185, 253
2121, 298, 856
2122, 679, 909
2123, 142, 697
2124, 238, 478
2125, 179, 975
2126, 898, 973
2127, 2, 509
2128, 217, 527
2129, 77, 552
2130, 597, 994
2131, 320, 404
2132, 26, 778
2133, 154, 935
2134, 402, 946
2135, 9, 650
2136, 326, 863
2137, 70, 781
2138, 726, 768
2139, 216, 230
2140, 268, 317
2141, 561, 637
2142, 396, 842
2143, 261, 782
2144, 594, 878
2145, 445, 494
2146, 47, 723
2147, 244, 841
2148, 743, 919
2149, 51, 991
2150, 8, 864
2151, 184, 215
2152, 431, 439
2153, 415, 495
2154, 410, 956
2155, 125, 181
2156, 71, 414
2157, 345, 690
2158, 499, 635
2159, 603, 653
2160, 25, 283
2161, 351, 400
2162, 270, 574
2163, 487, 632
2164, 401, 501
2165, 358, 518
2166, 584, 810
2167, 399, 647
2168, 532, 799
2169, 115, 550
2170, 40, 678
2171, 806, 908
2172, 391, 688
2173, 147, 246
2174, 46, 245
2175, 177, 717
2176, 82, 728
2177, 566, 926
2178, 241, 962
2179, 52, 884
2180, 683, 913
2181, 92, 918
2182, 385, 865
2183, 7, 461
2184, 624, 654
2185, 756, 825
2186, 94, 448
2187, 41, 275
2188, 389, 575
2189, 80, 254
2190, 689, 747
2191, 78, 390
2192, 250, 938
2193, 544, 902
2194, 74, 355
2195, 480, 783
2196, 356, 505
2197, 585, 661
2198, 537, 808
2199, 166, 773
2200, 327, 826
2201, 148, 759
2202, 209, 900
2203, 342, 606
2204, 618, 698
2205, 152, 360
2206, 732, 848
2207, 128, 437
2208, 714, 758
2209, 489, 890
2210, 211, 813
2211, 323, 740
2212, 343, 450
2213, 371, 533
2214, 126, 774
2215, 348, 530
2216, 668, 700
2217, 531, 784
2218, 223, 988
2219, 855, 886
2220, 622, 733
2221, 5, 331
2222, 208, 634
2223, 812, 830
2224, 506, 715
2225, 122, 436
2226, 288, 302
2227, 67, 642
2228, 109, 277
2229, 221, 274
2230, 719, 837
2231, 462, 785
2232, 174, 646
2233, 145, 149
2234, 329, 419
2235, 158, 892
2236, 319, 438
2237, 218, 569
2238, 712, 793
2239, 361, 564
2240, 85, 811
2241, 453, 987
2242, 44, 394
2243, 418, 512
2244, 159, 529
2245, 380, 861
2246, 520, 674
2247, 38, 699
2248, 29, 958
2249, 84, 471
2250, 205, 1000
2251, 100, 272
2252, 200, 897
2253, 227, 672
2254, 639, 862
2255, 377, 659
2256, 353, 473
2257, 276, 477
2258, 611, 708
2259, 770, 798
2260, 281, 539
2261, 432, 907
2262, 110, 226
2263, 407, 910
2264, 579, 895
2265, 652, 964
2266, 435, 901
2267, 872, 978
2268, 636, 924
2269, 587, 648
2270, 248, 858
2271, 736, 893
2272, 416, 807
2273, 649, 839
2274, 596, 923
2275, 593, 850
2276, 257, 775
2277, 289, 984
2278, 267, 340
2279, 265, 724
2280, 111, 428
2281, 423, 696
2282, 13, 986
2283, 3, 702
2284, 458, 657
2285, 430, 966
2286, 703, 796
2287, 212, 365
2288, 180, 602
2289, 198, 247
2290, 607, 772
2291, 625, 920
2292, 328, 459
2293, 838, 843
2294, 58, 117
2295, 63, 790
2296, 188, 409
2297, 771, 840
2298, 832, 947
2299, 386, 525
2300, 123, 333
2301, 446, 880
2302, 210, 860
2303, 720, 788
2304, 502, 725
2305, 403, 434
2306, 165, 475
2307, 191, 224
2308, 516, 538
2309, 192, 911
2310, 79, 449
2311, 136, 555
2312, 388, 852
2313, 507, 722
2314, 583, 965
2315, 34, 292
2316, 229, 677
2317, 767, 969
2318, 424, 548
2319, 97, 680
2320, 193, 197
2321, 282, 676
2322, 170, 794
2323, 859, 931
2324, 22, 801
2325, 62, 686
2326, 493, 750
2327, 517, 939
2328, 464, 877
2329, 701, 891
2330, 454, 470
2331, 608, 857
2332, 871, 957
2333, 1, 540
2334, 705, 985
2335, 572, 930
2336, 296, 934
2337, 138, 447
2338, 127, 376
2339, 315, 469
2340, 412, 888
2341, 105, 141
2342, 492, 549
2343, 116, 367
2344, 201, 815
2345, 30, 827
2346, 99, 189
2347, 347, 372
2348, 738, 904
2349, 118, 381
2350, 124, 925
2351, 334, 620
2352, 130, 707
2353, 792, 845
2354, 580, 932
2355, 95, 829
2356, 36, 297
2357, 451, 568
2358, 161, 255
2359, 309, 578
2360, 146, 484
2361, 514, 814
2362, 737, 757
2363, 392, 627
2364, 730, 979
2365, 472, 496
2366, 266, 664
2367, 68, 883
2368, 291, 836
2369, 260, 605
2370, 219, 687
2371, 175, 213
2372, 346, 905
2373, 854, 915
2374, 104, 589
2375, 252, 671
2376, 369, 556
2377, 513, 673
2378, 332, 749
2379, 526, 626
2380, 406, 571
2381, 316, 441
2382, 264, 542
2383, 545, 992
2384, 382, 682
2385, 335, 704
2386, 222, 286
2387, 866, 996
2388, 395, 660
2389, 96, 349
2390, 155, 990
2391, 18, 195
2392, 467, 876
2393, 108, 727
2394, 554, 981
2395, 370, 974
2396, 234, 787
2397, 135, 378
2398, 112, 375
2399, 114, 132
2400, 536, 615
2401, 308, 559
2402, 228, 621
2403, 304, 595
2404, 88, 171
2405, 776, 867
2406, 262, 498
2407, 143, 336
2408, 157, 256
2409, 86, 706
2410, 922, 982
2411, 354, 765
2412, 87, 805
2413, 17, 503
2414, 614, 851
2415, 754, 941
2416, 232, 287
2417, 485, 751
2418, 259, 379
2419, 131, 204
2420, 23, 28
2421, 301, 465
2422, 943, 967
2423, 56, 523
2424, 490, 882
2425, 45, 894
2426, 20, 914
2427, 294, 528
2428, 39, 577
2429, 481, 777
2430, 14, 543
2431, 352, 921
2432, 220, 474
2433, 303, 818
2434, 169, 972
2435, 33, 61
2436, 251, 483
2437, 824, 948
2438, 183, 425
2439, 443, 662
2440, 879, 971
2441, 249, 497
2442, 172, 194
2443, 236, 638
2444, 398, 581
2445, 397, 457
2446, 675, 713
2447, 780, 875
2448, 35, 741
2449, 368, 803
2450, 199, 995
2451, 27, 999
2452, 610, 734
2453, 896, 989
2454, 567, 828
2455, 452, 693
2456, 613, 729
2457, 916, 940
2458, 93, 953
2459, 106, 363
2460, 350, 515
2461, 752, 870
2462, 651, 692
2463, 140, 885
2464, 16, 129
2465, 804, 823
2466, 83, 735
2467, 344, 961
2468, 709, 881
2469, 588, 779
2470, 76, 616
2471, 422, 949
2472, 307, 993
2473, 590, 903
2474, 508, 795
2475, 604, 746
2476, 755, 791
2477, 242, 789
2478, 202, 463
2479, 214, 576
2480, 144, 455
2481, 318, 468
2482, 59, 362
2483, 869, 955
2484, 927, 968
2485, 151, 950
2486, 600, 670
2487, 557, 641
2488, 48, 573
2489, 81, 899
2490, 442, 721
2491, 663, 821
2492, 665, 763
2493, 411, 951
2494, 522, 534
2495, 761, 809
2496, 75, 190
2497, 168, 359
2498, 744, 998
2499, 121, 977
2500, 11, 731
2501, 675, 727
2502, 445, 843
2503, 589, 978
2504, 503, 654
2505, 328, 810
2506, 771, 953
2507, 39, 96
2508, 690, 937
2509, 698, 774
2510, 261, 331
2511, 313, 319
2512, 481, 898
2513, 426, 528
2514, 234, 255
2515, 304, 482
2516, 176, 837
2517, 138, 992
2518, 394, 776
2519, 881, 965
2520, 775, 788
2521, 527, 848
2522, 347, 967
2523, 396, 409
2524, 151, 966
2525, 8, 350
2526, 93, 850
2527, 235, 386
2528, 391, 425
2529, 299, 855
2530, 107, 348
2531, 346, 880
2532, 393, 612
2533, 53, 72
2534, 518, 760
2535, 443, 543
2536, 205, 910
2537, 506, 988
2538, 483, 942
2539, 201, 541
2540, 469, 557
2541, 198, 642
2542, 422, 468
2543, 510, 537
2544, 419, 628
2545, 142, 669
2546, 879, 938
2547, 310, 712
2548, 617, 903
2549, 869, 936
2550, 564, 613
2551, 108, 694
2552, 265, 315
2553, 345, 619
2554, 128, 308
2555, 428, 652
2556, 491, 745
2557, 472, 906
2558, 558, 946
2559, 83, 765
2560, 62, 144
2561, 332, 770
2562, 497, 860
2563, 58, 819
2564, 405, 455
2565, 238, 980
2566, 163, 917
2567, 435, 440
2568, 290, 914
2569, 383, 655
2570, 249, 586
2571, 78, 185
2572, 69, 931
2573, 32, 693
2574, 183, 809
2575, 416, 476
2576, 171, 991
2577, 302, 841
2578, 248, 826
2579, 893, 894
2580, 117, 858
2581, 402, 787
2582, 569, 688
2583, 24, 190
2584, 116, 956
2585, 716, 922
2586, 311, 692
2587, 718, 846
2588, 580, 620
2589, 60, 818
2590, 629, 699
2591, 653, 768
2592, 398, 623
2593, 258, 738
2594, 41, 979
2595, 507, 975
2596, 289, 864
2597, 226, 329
2598, 964, 971
2599, 106, 280
2600, 244, 404
2601, 27, 657
2602, 212, 632
2603, 210, 413
2604, 196, 363
2605, 76, 838
2606, 158, 334
2607, 63, 546
2608, 40, 133
2609, 80, 495
2610, 99, 259
2611, 502, 955
2612, 480, 673
2613, 56, 933
2614, 160, 256
2615, 282, 886
2616, 54, 251
2617, 266, 812
2618, 288, 365
2619, 89, 935
2620, 431, 500
2621, 194, 672
2622, 556, 762
2623, 676, 923
2624, 679, 696
2625, 630, 645
2626, 197, 372
2627, 77, 839
2628, 175, 705
2629, 279, 588
2630, 317, 327
2631, 70, 706
2632, 47, 114
2633, 627, 667
2634, 326, 856
2635, 794, 957
2636, 278, 691
2637, 174, 927
2638, 254, 681
2639, 221, 865
2640, 122, 814
2641, 81, 286
2642, 202, 227
2643, 364, 785
2644, 574, 782
2645, 524, 929
2646, 147, 982
2647, 298, 551
2648, 1, 514
2649, 295, 791
2650, 135, 273
2651, 100, 449
2652, 522, 597
2653, 110, 131
2654, 146, 157
2655, 595, 878
2656, 105, 909
2657, 262, 411
2658, 23, 125
2659, 421, 609
2660, 859, 939
2661, 52, 501
2662, 14, 714
2663, 132, 731
2664, 217, 379
2665, 192, 199
2666, 211, 263
2667, 220, 728
2668, 230, 683
2669, 641, 920
2670, 68, 247
2671, 535, 868
2672, 25, 191
2673, 17, 195
2674, 847, 972
2675, 209, 505
2676, 7, 857
2677, 21, 130
2678, 721, 890
2679, 65, 277
2680, 200, 359
2681, 353, 456
2682, 433, 607
2683, 381, 593
2684, 264, 565
2685, 46, 542
2686, 6, 895
2687, 121, 805
2688, 579, 799
2689, 828, 911
2690, 354, 538
2691, 429, 830
2692, 373, 458
2693, 129, 576
2694, 649, 751
2695, 71, 417
2696, 16, 177
2697, 840, 872
2698, 529, 896
2699, 123, 710
2700, 64, 214
2701, 513, 736
2702, 9, 479
2703, 341, 802
2704, 725, 824
2705, 120, 604
2706, 82, 587
2707, 544, 883
2708, 368, 744
2709, 496, 743
2710, 228, 631
2711, 773, 954
2712, 281, 610
2713, 241, 851
2714, 519, 989
2715, 378, 389
2716, 730, 759
2717, 166, 430
2718, 188, 854
2719, 420, 568
2720, 338, 987
2721, 153, 662
2722, 722, 994
2723, 10, 796
2724, 222, 702
2725, 427, 530
2726, 339, 861
2727, 434, 781
2728, 159, 892
2729, 340, 444
2730, 664, 763
2731, 504, 916
2732, 152, 471
2733, 461, 643
2734, 161, 680
2735, 168, 969
2736, 463, 862
2737, 126, 685
2738, 189, 208
2739, 357, 369
2740, 521, 808
2741, 28, 314
2742, 671, 866
2743, 464, 842
2744, 49, 901
2745, 777, 820
2746, 252, 470
2747, 517, 912
2748, 806, 811
2749, 512, 797
2750, 757, 973
2751, 594, 951
2752, 55, 784
2753, 203, 663
2754, 180, 269
2755, 48, 127
2756, 84, 376
2757, 603, 640
2758, 109, 772
2759, 179, 397
2760, 181, 884
2761, 670, 761
2762, 45, 219
2763, 508, 563
2764, 414, 488
2765, 758, 786
2766, 61, 145
2767, 410, 764
2768, 611, 925
2769, 337, 689
2770, 296, 717
2771, 306, 534
2772, 407, 977
2773, 30, 606
2774, 137, 239
2775, 104, 572
2776, 118, 981
2777, 272, 475
2778, 297, 949
2779, 141, 753
2780, 223, 919
2781, 384, 562
2782, 355, 499
2783, 336, 634
2784, 92, 164
2785, 309, 526
2786, 216, 323
2787, 57, 478
2788, 474, 584
2789, 801, 961
2790, 260, 318
2791, 143, 360
2792, 13, 567
2793, 207, 960
2794, 358, 494
2795, 437, 457
2796, 42, 172
2797, 844, 905
2798, 37, 926
2799, 79, 778
2800, 701, 958
2801, 686, 984
2802, 349, 466
2803, 695, 750
2804, 486, 970
2805, 19, 740
2806, 438, 741
2807, 74, 590
2808, 742, 932
2809, 559, 990
2810, 783, 816
2811, 87, 388
2812, 746, 963
2813, 287, 621
2814, 232, 451
2815, 700, 889
2816, 343, 575
2817, 789, 999
2818, 206, 877
2819, 532, 874
2820, 374, 885
2821, 870, 902
2822, 370, 723
2823, 149, 382
2824, 38, 540
2825, 169, 633
2826, 560, 646
2827, 271, 473
2828, 547, 677
2829, 35, 582
2830, 50, 735
2831, 284, 793
2832, 5, 941
2833, 73, 515
2834, 605, 656
2835, 509, 875
2836, 15, 715
2837, 43, 186
2838, 406, 948
2839, 441, 713
2840, 766, 831
2841, 335, 362
2842, 18, 596
2843, 485, 704
2844, 577, 959
2845, 460, 536
2846, 487, 817
2847, 139, 467
2848, 385, 944
2849, 31, 578
2850, 170, 516
2851, 94, 352
2852, 361, 635
2853, 119, 156
2854, 674, 915
2855, 236, 390
2856, 115, 888
2857, 285, 616
2858, 598, 803
2859, 300, 548
2860, 767, 829
2861, 86, 928
2862, 154, 403
2863, 165, 599
2864, 67, 792
2865, 204, 813
2866, 90, 815
2867, 571, 1000
2868, 33, 322
2869, 193, 934
2870, 246, 985
2871, 26, 755
2872, 294, 489
2873, 330, 708
2874, 218, 321
2875, 401, 545
2876, 274, 780
2877, 682, 779
2878, 367, 924
2879, 4, 395
2880, 229, 660
2881, 293, 600
2882, 283, 291
2883, 459, 703
2884, 552, 720
2885, 85, 162
2886, 320, 873
2887, 687, 769
2888, 852, 974
2889, 752, 867
2890, 845, 876
2891, 450, 739
2892, 303, 734
2893, 592, 947
2894, 101, 907
2895, 11, 615
2896, 525, 897
2897, 387, 930
2898, 253, 962
2899, 520, 823
2900, 51, 453
2901, 268, 446
2902, 377, 647
2903, 66, 749
2904, 399, 863
2905, 573, 834
2906, 136, 748
2907, 2, 351
2908, 267, 666
2909, 709, 732
2910, 113, 231
2911, 533, 899
2912, 637, 918
2913, 20, 233
2914, 173, 836
2915, 245, 585
2916, 237, 998
2917, 490, 622
2918, 665, 908
2919, 225, 871
2920, 375, 484
2921, 102, 511
2922, 849, 853
2923, 270, 995
2924, 719, 900
2925, 29, 312
2926, 36, 423
2927, 134, 224
2928, 371, 591
2929, 59, 553
2930, 325, 366
2931, 213, 659
2932, 477, 945
2933, 187, 608
2934, 112, 658
2935, 215, 624
2936, 356, 442
2937, 448, 531
2938, 333, 729
2939, 465, 644
2940, 800, 804
2941, 747, 986
2942, 97, 305
2943, 498, 952
2944, 554, 825
2945, 103, 424
2946, 452, 997
2947, 601, 625
2948, 167, 412
2949, 44, 380
2950, 650, 697
2951, 88, 155
2952, 301, 614
2953, 651, 887
2954, 75, 821
2955, 242, 493
2956, 822, 835
2957, 240, 408
2958, 618, 639
2959, 602, 882
2960, 636, 968
2961, 392, 439
2962, 95, 976
2963, 307, 324
2964, 34, 733
2965, 140, 400
2966, 570, 756
2967, 12, 550
2968, 111, 983
2969, 581, 668
2970, 91, 250
2971, 342, 807
2972, 432, 492
2973, 292, 993
2974, 243, 447
2975, 561, 626
2976, 124, 257
2977, 724, 795
2978, 549, 950
2979, 22, 638
2980, 707, 891
2981, 344, 943
2982, 182, 275
2983, 523, 648
2984, 454, 790
2985, 566, 827
2986, 661, 737
2987, 184, 415
2988, 832, 913
2989, 462, 711
2990, 178, 678
2991, 684, 726
2992, 148, 833
2993, 150, 996
2994, 3, 904
2995, 418, 436
2996, 539, 754
2997, 798, 940
2998, 276, 316
2999, 583, 921
3000, 98, 555
3001, 131, 621
3002, 296, 829
3003, 61, 293
3004, 421, 590
3005, 385, 912
3006, 248, 838
3007, 13, 164
3008, 423, 976
3009, 149, 208
3010, 618, 865
3011, 384, 694
3012, 14, 431
3013, 59, 759
3014, 87, 944
3015, 85, 378
3016, 890, 981
3017, 419, 786
3018, 282, 662
3019, 414, 427
3020, 192, 802
3021, 151, 917
3022, 626, 747
3023, 360, 597
3024, 340, 831
3025, 690, 844
3026, 177, 771
3027, 478, 651
3028, 64, 154
3029, 239, 304
3030, 508, 900
3031, 646, 911
3032, 27, 768
3033, 73, 206
3034, 308, 901
3035, 174, 625
3036, 447, 565
3037, 570, 907
3038, 167, 294
3039, 9, 811
3040, 185, 657
3041, 129, 742
3042, 60, 863
3043, 547, 941
3044, 475, 886
3045, 120, 904
3046, 664, 707
3047, 58, 231
3048, 400, 465
3049, 496, 703
3050, 588, 847
3051, 124, 487
3052, 503, 814
3053, 846, 984
3054, 138, 922
3055, 118, 627
3056, 30, 299
3057, 62, 711
3058, 709, 808
3059, 130, 213
3060, 310, 391
3061, 631, 789
3062, 441, 526
3063, 75, 509
3064, 233, 836
3065, 331, 649
3066, 469, 955
3067, 183, 741
3068, 315, 316
3069, 158, 986
3070, 639, 755
3071, 394, 622
3072, 88, 389
3073, 43, 575
3074, 94, 545
3075, 867, 931
3076, 193, 730
3077, 481, 817
3078, 155, 656
3079, 34, 56
3080, 147, 779
3081, 11, 715
3082, 234, 840
3083, 221, 608
3084, 328, 606
3085, 22, 617
3086, 399, 945
3087, 607, 667
3088, 319, 533
3089, 180, 719
3090, 395, 850
3091, 96, 574
3092, 377, 603
3093, 224, 978
3094, 109, 619
3095, 387, 468
3096, 397, 416
3097, 5, 544
3098, 7, 551
3099, 548, 790
3100, 283, 996
3101, 971, 988
3102, 350, 393
3103, 793, 826
3104, 170, 668
3105, 232, 464
3106, 79, 674
3107, 572, 920
3108, 415, 761
3109, 175, 1000
3110, 159, 470
3111, 148, 579
3112, 285, 635
3113, 78, 411
3114, 353, 505
3115, 264, 952
3116, 601, 824
3117, 12, 230
3118, 123, 370
3119, 346, 357
3120, 218, 738
3121, 390, 576
3122, 98, 226
3123, 83, 696
3124, 111, 585
3125, 31, 504
3126, 552, 669
3127, 528, 929
3128, 501, 780
3129, 314, 337
3130, 313, 473
3131, 440, 641
3132, 284, 998
3133, 219, 889
3134, 375, 918
3135, 406, 638
3136, 512, 857
3137, 542, 573
3138, 115, 220
3139, 227, 640
3140, 402, 609
3141, 813, 967
3142, 403, 499
3143, 6, 243
3144, 114, 862
3145, 173, 488
3146, 596, 665
3147, 444, 806
3148, 410, 458
3149, 752, 791
3150, 520, 861
3151, 306, 989
3152, 49, 995
3153, 270, 566
3154, 361, 615
3155, 582, 873
3156, 181, 648
3157, 236, 683
3158, 65, 305
3159, 196, 888
3160, 119, 948
3161, 845, 868
3162, 101, 452
3163, 217, 309
3164, 84, 628
3165, 536, 647
3166, 732, 849
3167, 95, 810
3168, 743, 977
3169, 80, 288
3170, 212, 932
3171, 815, 882
3172, 105, 702
3173, 614, 953
3174, 74, 562
3175, 685, 830
3176, 333, 507
3177, 69, 794
3178, 630, 710
3179, 763, 913
3180, 289, 339
3181, 633, 735
3182, 326, 420
3183, 122, 184
3184, 142, 493
3185, 17, 549
3186, 140, 809
3187, 38, 765
3188, 382, 871
3189, 268, 610
3190, 352, 404
3191, 946, 972
3192, 364, 485
3193, 539, 636
3194, 366, 705
3195, 437, 472
3196, 714, 869
3197, 676, 966
3198, 127, 307
3199, 381, 531
3200, 426, 832
3201, 166, 417
3202, 20, 242
3203, 843, 940
3204, 424, 980
3205, 106, 799
3206, 317, 371
3207, 126, 276
3208, 558, 623
3209, 63, 592
3210, 277, 968
3211, 247, 439
3212, 521, 568
3213, 150, 448
3214, 532, 560
3215, 418, 530
3216, 372, 613
3217, 766, 999
3218, 675, 726
3219, 19, 896
3220, 451, 466
3221, 367, 762
3222, 112, 494
3223, 827, 858
3224, 739, 910
3225, 32, 432
3226, 616, 927
3227, 54, 959
3228, 405, 960
3229, 92, 312
3230, 244, 645
3231, 324, 993
3232, 165, 772
3233, 325, 456
3234, 108, 290
3235, 139, 599
3236, 278, 906
3237, 489, 586
3238, 189, 834
3239, 700, 733
3240, 286, 908
3241, 380, 975
3242, 356, 905
3243, 216, 246
3244, 349, 543
3245, 100, 899
3246, 368, 486
3247, 295, 392
3248, 661, 679
3249, 228, 300
3250, 281, 383
3251, 191, 480
3252, 195, 659
3253, 658, 737
3254, 136, 450
3255, 50, 828
3256, 373, 897
3257, 681, 797
3258, 691, 807
3259, 199, 259
3260, 235, 731
3261, 200, 516
3262, 408, 663
3263, 25, 788
3264, 898, 954
3265, 10, 187
3266, 546, 991
3267, 207, 311
3268, 113, 887
3269, 407, 686
3270, 252, 879
3271, 335, 611
3272, 188, 760
3273, 569, 653
3274, 474, 725
3275, 454, 455
3276, 553, 992
3277, 71, 179
3278, 137, 229
3279, 413, 909
3280, 256, 841
3281, 513, 598
3282, 197, 591
3283, 341, 718
3284, 86, 297
3285, 688, 936
3286, 46, 956
3287, 36, 589
3288, 15, 203
3289, 459, 878
3290, 490, 595
3291, 915, 942
3292, 201, 965
3293, 338, 409
3294, 81, 605
3295, 511, 864
3296, 518, 895
3297, 57, 330
3298, 580, 660
3299, 495, 506
3300, 225, 919
3301, 571, 805
3302, 301, 903
3303, 76, 265
3304, 280, 950
3305, 250, 502
3306, 477, 517
3307, 482, 697
3308, 33, 963
3309, 186, 930
3310, 445, 928
3311, 44, 957
3312, 471, 670
3313, 720, 969
3314, 205, 376
3315, 500, 650
3316, 483, 951
3317, 320, 704
3318, 347, 783
3319, 249, 555
3320, 116, 557
3321, 68, 877
3322, 89, 396
3323, 48, 902
3324, 215, 974
3325, 169, 706
3326, 198, 379
3327, 3, 90
3328, 245, 267
3329, 133, 727
3330, 734, 750
3331, 70, 782
3332, 689, 796
3333, 425, 567
3334, 103, 624
3335, 693, 722
3336, 515, 979
3337, 292, 336
3338, 145, 355
3339, 42, 924
3340, 535, 926
3341, 428, 429
3342, 28, 214
3343, 261, 491
3344, 210, 254
3345, 107, 303
3346, 541, 758
3347, 157, 342
3348, 872, 938
3349, 388, 746
3350, 18, 160
3351, 279, 692
3352, 255, 620
3353, 162, 271
3354, 717, 787
3355, 492, 652
3356, 263, 964
3357, 41, 273
3358, 104, 785
3359, 29, 629
3360, 172, 842
3361, 152, 632
3362, 680, 778
3363, 519, 800
3364, 358, 563
3365, 202, 211
3366, 141, 581
3367, 602, 916
3368, 35, 642
3369, 540, 781
3370, 467, 767
3371, 527, 792
3372, 204, 323
3373, 422, 672
3374, 93, 716
3375, 522, 894
3376, 776, 874
3377, 804, 891
3378, 398, 866
3379, 171, 855
3380, 161, 457
3381, 262, 884
3382, 99, 345
3383, 612, 854
3384, 321, 523
3385, 643, 753
3386, 671, 987
3387, 143, 949
3388, 67, 837
3389, 434, 812
3390, 132, 851
3391, 47, 135
3392, 153, 823
3393, 144, 756
3394, 146, 222
3395, 577, 655
3396, 374, 449
3397, 182, 803
3398, 55, 795
3399, 128, 209
3400, 749, 937
3401, 327, 994
3402, 156, 818
3403, 362, 893
3404, 833, 885
3405, 344, 970
3406, 723, 881
3407, 363, 876
3408, 121, 534
3409, 266, 822
3410, 241, 634
3411, 600, 745
3412, 240, 436
3413, 322, 744
3414, 16, 740
3415, 91, 257
3416, 351, 935
3417, 24, 66
3418, 514, 538
3419, 698, 769
3420, 21, 318
3421, 460, 892
3422, 258, 275
3423, 134, 825
3424, 125, 677
3425, 260, 859
3426, 559, 721
3427, 237, 923
3428, 223, 348
3429, 253, 820
3430, 550, 870
3431, 291, 442
3432, 329, 354
3433, 40, 102
3434, 168, 287
3435, 274, 754
3436, 272, 463
3437, 72, 701
3438, 684, 875
3439, 461, 933
3440, 453, 695
3441, 298, 821
3442, 359, 564
3443, 51, 53
3444, 593, 736
3445, 699, 914
3446, 556, 770
3447, 8, 848
3448, 728, 798
3449, 1, 921
3450, 678, 819
3451, 26, 724
3452, 176, 883
3453, 82, 97
3454, 524, 682
3455, 777, 943
3456, 479, 962
3457, 269, 438
3458, 498, 554
3459, 332, 856
3460, 583, 835
3461, 751, 775
3462, 178, 594
3463, 973, 982
3464, 238, 654
3465, 476, 729
3466, 497, 529
3467, 433, 748
3468, 430, 839
3469, 334, 708
3470, 369, 784
3471, 443, 578
3472, 386, 584
3473, 194, 343
3474, 77, 801
3475, 365, 985
3476, 673, 757
3477, 39, 934
3478, 587, 961
3479, 190, 983
3480, 401, 537
3481, 23, 947
3482, 713, 860
3483, 412, 435
3484, 462, 637
3485, 37, 880
3486, 45, 852
3487, 302, 816
3488, 251, 484
3489, 110, 666
3490, 163, 687
3491, 2, 773
3492, 644, 853
3493, 117, 997
3494, 561, 939
3495, 764, 925
3496, 510, 958
3497, 446, 604
3498, 4, 774
3499, 525, 990
3500, 52, 712
3501, 36, 643
3502, 460, 578
3503, 546, 812
3504, 38, 559
3505, 423, 875
3506, 141, 202
3507, 286, 714
3508, 78, 737
3509, 115, 967
3510, 435, 707
3511, 501, 563
3512, 702, 735
3513, 263, 524
3514, 547, 893
3515, 564, 910
3516, 506, 956
3517, 238, 389
3518, 342, 568
3519, 739, 903
3520, 182, 468
3521, 391, 592
3522, 207, 767
3523, 190, 277
3524, 638, 826
3525, 458, 459
3526, 25, 311
3527, 215, 320
3528, 356, 461
3529, 375, 709
3530, 401, 607
3531, 503, 552
3532, 261, 328
3533, 244, 584
3534, 197, 970
3535, 70, 444
3536, 371, 589
3537, 40, 165
3538, 260, 997
3539, 178, 800
3540, 6, 98
3541, 100, 958
3542, 15, 287
3543, 834, 929
3544, 213, 586
3545, 307, 866
3546, 268, 814
3547, 365, 969
3548, 270, 939
3549, 663, 719
3550, 191, 980
3551, 44, 861
3552, 75, 888
3553, 696, 860
3554, 580, 829
3555, 121, 567
3556, 19, 443
3557, 733, 869
3558, 167, 377
3559, 138, 900
3560, 275, 504
3561, 821, 890
3562, 245, 721
3563, 249, 424
3564, 203, 964
3565, 153, 211
3566, 65, 323
3567, 297, 555
3568, 490, 815
3569, 257, 662
3570, 154, 226
3571, 209, 520
3572, 633, 951
3573, 106, 214
3574, 126, 347
3575, 140, 531
3576, 63, 623
3577, 509, 942
3578, 274, 478
3579, 738, 937
3580, 612, 687
3581, 258, 497
3582, 362, 494
3583, 271, 452
3584, 55, 334
3585, 480, 849
3586, 180, 959
3587, 752, 981
3588, 571, 609
3589, 3, 473
3590, 227, 436
3591, 313, 801
3592, 294, 416
3593, 131, 499
3594, 123, 654
3595, 566, 759
3596, 159, 590
3597, 195, 871
3598, 91, 682
3599, 785, 901
3600, 68, 119
3601, 83, 789
3602, 485, 724
3603, 101, 868
3604, 285, 775
3605, 576, 836
3606, 49, 164
3607, 777, 865
3608, 585, 770
3609, 512, 877
3610, 250, 354
3611, 653, 680
3612, 212, 715
3613, 189, 672
3614, 357, 690
3615, 112, 717
3616, 841, 926
3617, 136, 762
3618, 438, 991
3619, 120, 854
3620, 781, 782
3621, 408, 979
3622, 114, 146
3623, 132, 417
3624, 661, 931
3625, 605, 864
3626, 157, 265
3627, 33, 644
3628, 276, 467
3629, 264, 684
3630, 933, 988
3631, 96, 660
3632, 352, 519
3633, 176, 940
3634, 301, 769
3635, 637, 825
3636, 935, 936
3637, 369, 949
3638, 156, 748
3639, 366, 540
3640, 299, 327
3641, 603, 966
3642, 77, 225
3643, 82, 718
3644, 703, 867
3645, 593, 955
3646, 183, 831
3647, 376, 448
3648, 193, 725
3649, 158, 823
3650, 5, 667
3651, 745, 837
3652, 331, 462
3653, 824, 977
3654, 372, 410
3655, 233, 895
3656, 421, 698
3657, 9, 489
3658, 534, 863
3659, 601, 882
3660, 28, 700
3661, 124, 722
3662, 48, 143
3663, 88, 856
3664, 541, 560
3665, 110, 930
3666, 278, 474
3667, 309, 517
3668, 699, 743
3669, 848, 902
3670, 292, 627
3671, 368, 420
3672, 172, 469
3673, 253, 872
3674, 150, 712
3675, 62, 634
3676, 147, 894
3677, 522, 581
3678, 787, 839
3679, 338, 879
3680, 23, 954
3681, 160, 679
3682, 290, 553
3683, 58, 878
3684, 691, 736
3685, 630, 731
3686, 85, 163
3687, 495, 641
3688, 35, 941
3689, 32, 965
3690, 54, 192
3691, 45, 397
3692, 133, 987
3693, 168, 206
3694, 67, 406
3695, 93, 599
3696, 117, 994
3697, 412, 554
3698, 710, 740
3699, 359, 565
3700, 765, 1000
3701, 569, 675
3702, 341, 704
3703, 30, 181
3704, 230, 393
3705, 179, 403
3706, 72, 500
3707, 577, 591
3708, 134, 196
3709, 434, 917
3710, 447, 548
3711, 537, 892
3712, 50, 304
3713, 754, 756
3714, 433, 858
3715, 361, 551
3716, 545, 943
3717, 155, 281
3718, 479, 516
3719, 29, 920
3720, 199, 751
3721, 139, 658
3722, 187, 798
3723, 557, 799
3724, 351, 852
3725, 220, 476
3726, 321, 884
3727, 511, 635
3728, 273, 975
3729, 113, 808
3730, 17, 335
3731, 453, 588
3732, 407, 953
3733, 428, 688
3734, 89, 535
3735, 640, 711
3736, 145, 669
3737, 95, 310
3738, 404, 507
3739, 243, 574
3740, 706, 851
3741, 493, 862
3742, 208, 465
3743, 415, 908
3744, 142, 259
3745, 463, 761
3746, 413, 830
3747, 296, 686
3748, 144, 348
3749, 293, 948
3750, 594, 950
3751, 10, 850
3752, 716, 909
3753, 753, 961
3754, 302, 380
3755, 454, 505
3756, 175, 528
3757, 542, 732
3758, 14, 832
3759, 843, 971
3760, 631, 650
3761, 411, 996
3762, 73, 913
3763, 626, 874
3764, 125, 606
3765, 284, 409
3766, 385, 396
3767, 482, 817
3768, 111, 471
3769, 216, 720
3770, 317, 891
3771, 792, 811
3772, 343, 472
3773, 283, 556
3774, 198, 513
3775, 326, 387
3776, 222, 536
3777, 475, 813
3778, 224, 622
3779, 318, 455
3780, 518, 816
3781, 177, 794
3782, 79, 656
3783, 883, 906
3784, 422, 932
3785, 430, 927
3786, 162, 779
3787, 128, 614
3788, 201, 561
3789, 859, 957
3790, 904, 998
3791, 562, 579
3792, 876, 885
3793, 807, 928
3794, 34, 618
3795, 918, 922
3796, 426, 778
3797, 235, 925
3798, 18, 855
3799, 670, 898
3800, 664, 945
3801, 529, 771
3802, 161, 847
3803, 122, 350
3804, 525, 726
3805, 31, 532
3806, 332, 582
3807, 526, 827
3808, 90, 252
3809, 200, 755
3810, 94, 262
3811, 26, 166
3812, 61, 135
3813, 388, 870
3814, 750, 963
3815, 1, 303
3816, 242, 989
3817, 319, 742
3818, 4, 521
3819, 251, 621
3820, 346, 776
3821, 247, 425
3822, 80, 780
3823, 464, 804
3824, 774, 985
3825, 24, 899
3826, 108, 802
3827, 442, 583
3828, 56, 223
3829, 103, 382
3830, 300, 632
3831, 730, 783
3832, 358, 896
3833, 105, 746
3834, 608, 678
3835, 272, 642
3836, 66, 486
3837, 102, 109
3838, 76, 381
3839, 2, 651
3840, 231, 470
3841, 99, 288
3842, 620, 999
3843, 130, 333
3844, 237, 378
3845, 194, 515
3846, 363, 974
3847, 81, 246
3848, 600, 819
3849, 59, 657
3850, 218, 784
3851, 806, 952
3852, 291, 655
3853, 809, 915
3854, 477, 946
3855, 71, 240
3856, 298, 701
3857, 280, 666
3858, 392, 604
3859, 248, 944
3860, 11, 336
3861, 217, 791
3862, 619, 652
3863, 289, 845
3864, 41, 912
3865, 596, 803
3866, 694, 713
3867, 616, 835
3868, 587, 772
3869, 523, 853
3870, 205, 255
3871, 457, 960
3872, 683, 822
3873, 232, 905
3874, 151, 427
3875, 118, 790
3876, 22, 60
3877, 649, 983
3878, 647, 992
3879, 439, 538
3880, 648, 677
3881, 52, 405
3882, 137, 353
3883, 786, 810
3884, 239, 449
3885, 488, 570
3886, 87, 838
3887, 374, 697
3888, 64, 533
3889, 312, 355
3890, 185, 833
3891, 349, 624
3892, 8, 818
3893, 629, 993
3894, 598, 747
3895, 857, 986
3896, 241, 639
3897, 625, 911
3898, 573, 873
3899, 116, 148
3900, 184, 934
3901, 229, 646
3902, 330, 695
3903, 340, 611
3904, 170, 386
3905, 53, 210
3906, 450, 597
3907, 228, 456
3908, 46, 483
3909, 21, 887
3910, 419, 496
3911, 367, 820
3912, 615, 760
3913, 510, 749
3914, 685, 768
3915, 97, 152
3916, 383, 972
3917, 723, 962
3918, 432, 487
3919, 364, 916
3920, 174, 976
3921, 539, 645
3922, 398, 796
3923, 360, 665
3924, 266, 575
3925, 236, 659
3926, 744, 763
3927, 418, 508
3928, 329, 572
3929, 530, 708
3930, 828, 982
3931, 795, 881
3932, 12, 673
3933, 437, 734
3934, 7, 306
3935, 390, 431
3936, 39, 617
3937, 107, 558
3938, 295, 316
3939, 42, 842
3940, 379, 766
3941, 693, 923
3942, 27, 104
3943, 127, 549
3944, 886, 919
3945, 322, 445
3946, 267, 550
3947, 492, 514
3948, 314, 345
3949, 256, 757
3950, 429, 897
3951, 446, 498
3952, 234, 727
3953, 169, 337
3954, 689, 805
3955, 705, 728
3956, 305, 671
3957, 764, 990
3958, 602, 797
3959, 325, 758
3960, 373, 484
3961, 279, 282
3962, 339, 440
3963, 692, 921
3964, 978, 984
3965, 844, 907
3966, 84, 466
3967, 47, 610
3968, 188, 741
3969, 451, 502
3970, 269, 315
3971, 57, 394
3972, 674, 788
3973, 51, 402
3974, 219, 773
3975, 668, 889
3976, 384, 846
3977, 149, 204
3978, 74, 613
3979, 43, 414
3980, 20, 491
3981, 676, 995
3982, 324, 729
3983, 254, 968
3984, 840, 947
3985, 441, 543
3986, 92, 544
3987, 793, 924
3988, 636, 938
3989, 37, 186
3990, 129, 173
3991, 308, 344
3992, 481, 628
3993, 13, 880
3994, 400, 595
3995, 221, 681
3996, 395, 527
3997, 69, 171
3998, 86, 399
3999, 370, 973
4000, 16, 914
