id, img1, img2
1, 465, 609
2, 105, 674
3, 537, 657
4, 135, 486
5, 432, 564
6, 214, 266
7, 147, 936
8, 327, 517
9, 111, 150
10, 321, 642
11, 189, 684
12, 319, 895
13, 22, 46
14, 37, 960
15, 45, 715
16, 17, 731
17, 224, 991
18, 346, 524
19, 431, 583
20, 175, 599
21, 373, 399
22, 724, 968
23, 4, 884
24, 523, 957
25, 258, 824
26, 314, 901
27, 330, 375
28, 129, 468
29, 202, 251
30, 90, 398
31, 701, 767
32, 27, 61
33, 113, 920
34, 443, 904
35, 775, 956
36, 38, 836
37, 860, 932
38, 581, 695
39, 457, 510
40, 729, 988
41, 297, 961
42, 84, 549
43, 207, 773
44, 133, 401
45, 405, 687
46, 21, 245
47, 239, 584
48, 14, 779
49, 152, 213
50, 337, 566
51, 229, 658
52, 208, 483
53, 700, 913
54, 318, 876
55, 427, 804
56, 106, 840
57, 287, 827
58, 169, 725
59, 71, 307
60, 134, 370
61, 226, 418
62, 741, 814
63, 7, 921
64, 13, 417
65, 39, 397
66, 227, 780
67, 18, 281
68, 557, 747
69, 383, 877
70, 273, 887
71, 752, 967
72, 364, 367
73, 231, 906
74, 158, 393
75, 275, 971
76, 59, 529
77, 81, 130
78, 835, 889
79, 490, 912
80, 48, 937
81, 606, 664
82, 53, 870
83, 554, 693
84, 186, 219
85, 368, 867
86, 292, 900
87, 11, 173
88, 590, 728
89, 223, 444
90, 120, 543
91, 49, 798
92, 179, 711
93, 411, 742
94, 402, 430
95, 472, 781
96, 854, 933
97, 404, 639
98, 204, 897
99, 109, 310
100, 504, 777
101, 137, 358
102, 862, 970
103, 395, 552
104, 299, 357
105, 78, 570
106, 103, 898
107, 865, 965
108, 467, 623
109, 449, 868
110, 694, 815
111, 341, 473
112, 64, 188
113, 151, 869
114, 31, 95
115, 823, 837
116, 63, 98
117, 54, 511
118, 387, 972
119, 114, 413
120, 269, 755
121, 656, 930
122, 881, 985
123, 160, 689
124, 615, 652
125, 352, 990
126, 154, 542
127, 157, 392
128, 702, 983
129, 782, 992
130, 893, 918
131, 477, 866
132, 259, 786
133, 257, 627
134, 166, 713
135, 289, 816
136, 670, 793
137, 102, 459
138, 659, 806
139, 253, 977
140, 663, 691
141, 677, 842
142, 51, 470
143, 344, 638
144, 535, 916
145, 200, 737
146, 489, 649
147, 184, 446
148, 67, 136
149, 198, 632
150, 391, 601
151, 294, 995
152, 548, 768
153, 80, 763
154, 192, 680
155, 675, 845
156, 410, 829
157, 487, 980
158, 34, 796
159, 241, 919
160, 155, 843
161, 810, 908
162, 384, 425
163, 57, 326
164, 62, 597
165, 263, 288
166, 85, 520
167, 354, 748
168, 50, 800
169, 555, 820
170, 77, 385
171, 589, 754
172, 515, 825
173, 70, 943
174, 322, 896
175, 69, 93
176, 127, 851
177, 68, 461
178, 662, 790
179, 828, 850
180, 124, 660
181, 12, 891
182, 376, 553
183, 620, 681
184, 308, 872
185, 546, 636
186, 126, 434
187, 277, 440
188, 159, 191
189, 369, 491
190, 142, 216
191, 87, 450
192, 86, 666
193, 88, 699
194, 415, 561
195, 361, 834
196, 177, 624
197, 445, 671
198, 125, 280
199, 536, 959
200, 248, 812
201, 340, 426
202, 481, 838
203, 74, 587
204, 573, 744
205, 94, 935
206, 28, 414
207, 551, 880
208, 819, 931
209, 382, 803
210, 873, 973
211, 138, 575
212, 313, 556
213, 6, 944
214, 264, 910
215, 162, 252
216, 513, 538
217, 559, 848
218, 305, 902
219, 8, 630
220, 146, 679
221, 16, 521
222, 174, 653
223, 479, 613
224, 471, 507
225, 962, 974
226, 302, 455
227, 386, 706
228, 195, 716
229, 187, 453
230, 36, 579
231, 76, 726
232, 692, 801
233, 29, 117
234, 743, 915
235, 128, 439
236, 492, 984
237, 766, 858
238, 255, 841
239, 246, 846
240, 167, 452
241, 644, 762
242, 296, 320
243, 194, 953
244, 144, 262
245, 108, 525
246, 592, 923
247, 47, 247
248, 172, 720
249, 131, 940
250, 234, 927
251, 107, 218
252, 635, 758
253, 532, 746
254, 112, 826
255, 497, 917
256, 153, 598
257, 514, 947
258, 209, 438
259, 333, 712
260, 505, 707
261, 196, 284
262, 650, 981
263, 32, 952
264, 462, 569
265, 416, 994
266, 171, 833
267, 419, 621
268, 448, 890
269, 148, 460
270, 295, 407
271, 498, 864
272, 104, 989
273, 199, 764
274, 441, 997
275, 509, 545
276, 145, 544
277, 607, 875
278, 268, 665
279, 622, 839
280, 874, 926
281, 243, 791
282, 3, 993
283, 23, 626
284, 603, 628
285, 197, 907
286, 329, 530
287, 817, 979
288, 325, 668
289, 265, 541
290, 56, 353
291, 52, 493
292, 588, 879
293, 406, 528
294, 478, 612
295, 938, 975
296, 267, 496
297, 279, 582
298, 141, 371
299, 363, 571
300, 362, 954
301, 788, 969
302, 304, 978
303, 526, 749
304, 2, 690
305, 206, 783
306, 285, 822
307, 298, 309
308, 91, 176
309, 123, 625
310, 685, 774
311, 119, 140
312, 388, 480
313, 334, 458
314, 568, 696
315, 44, 718
316, 394, 586
317, 185, 963
318, 883, 946
319, 351, 500
320, 149, 323
321, 205, 534
322, 41, 909
323, 560, 785
324, 745, 911
325, 244, 614
326, 100, 540
327, 539, 871
328, 939, 948
329, 331, 602
330, 291, 372
331, 301, 495
332, 121, 757
333, 15, 730
334, 228, 885
335, 242, 506
336, 118, 442
337, 423, 751
338, 40, 643
339, 769, 813
340, 233, 574
341, 633, 830
342, 236, 578
343, 941, 945
344, 750, 802
345, 190, 261
346, 733, 976
347, 72, 225
348, 412, 558
349, 42, 986
350, 58, 139
351, 705, 797
352, 282, 942
353, 99, 182
354, 533, 704
355, 328, 809
356, 647, 892
357, 122, 161
358, 634, 661
359, 516, 759
360, 466, 721
361, 35, 96
362, 10, 811
363, 688, 958
364, 366, 950
365, 221, 381
366, 232, 317
367, 312, 672
368, 565, 738
369, 508, 600
370, 193, 316
371, 183, 421
372, 324, 518
373, 499, 753
374, 116, 719
375, 276, 708
376, 336, 550
377, 335, 547
378, 203, 594
379, 110, 772
380, 180, 377
381, 567, 914
382, 447, 682
383, 740, 799
384, 30, 857
385, 637, 723
386, 315, 488
387, 400, 999
388, 89, 905
389, 648, 807
390, 428, 734
391, 577, 727
392, 290, 951
393, 250, 761
394, 278, 818
395, 210, 924
396, 380, 469
397, 75, 256
398, 254, 512
399, 25, 235
400, 355, 396
401, 270, 654
402, 170, 618
403, 82, 617
404, 619, 645
405, 378, 859
406, 456, 641
407, 33, 631
408, 92, 230
409, 502, 580
410, 347, 527
411, 339, 389
412, 390, 903
413, 756, 760
414, 240, 832
415, 342, 792
416, 667, 878
417, 238, 271
418, 286, 345
419, 201, 611
420, 673, 855
421, 274, 349
422, 409, 669
423, 899, 929
424, 164, 501
425, 678, 966
426, 379, 1000
427, 300, 955
428, 222, 987
429, 19, 585
430, 429, 964
431, 26, 853
432, 655, 982
433, 24, 424
434, 604, 925
435, 143, 562
436, 178, 332
437, 616, 698
438, 591, 831
439, 65, 338
440, 83, 494
441, 484, 808
442, 212, 365
443, 422, 888
444, 237, 463
445, 306, 403
446, 272, 709
447, 464, 714
448, 9, 596
449, 593, 735
450, 97, 765
451, 211, 640
452, 474, 805
453, 863, 922
454, 475, 882
455, 1, 217
456, 770, 778
457, 408, 454
458, 132, 374
459, 79, 821
460, 260, 435
461, 595, 651
462, 249, 356
463, 168, 717
464, 60, 215
465, 683, 697
466, 610, 928
467, 43, 165
468, 283, 998
469, 771, 794
470, 5, 776
471, 115, 522
472, 163, 576
473, 359, 739
474, 531, 608
475, 787, 844
476, 433, 856
477, 420, 789
478, 181, 629
479, 485, 861
480, 101, 451
481, 348, 736
482, 73, 476
483, 710, 784
484, 676, 847
485, 722, 894
486, 343, 360
487, 646, 703
488, 482, 519
489, 686, 934
490, 311, 886
491, 55, 503
492, 156, 303
493, 220, 996
494, 563, 949
495, 572, 852
496, 66, 350
497, 293, 849
498, 436, 795
499, 437, 605
500, 20, 732
501, 611, 725
502, 335, 408
503, 64, 482
504, 167, 851
505, 288, 696
506, 797, 887
507, 157, 531
508, 762, 827
509, 704, 715
510, 154, 549
511, 580, 631
512, 4, 869
513, 40, 107
514, 205, 567
515, 123, 969
516, 841, 917
517, 758, 974
518, 265, 405
519, 3, 323
520, 526, 683
521, 309, 658
522, 896, 951
523, 42, 306
524, 597, 825
525, 221, 252
526, 493, 817
527, 559, 679
528, 12, 144
529, 49, 466
530, 50, 925
531, 15, 391
532, 149, 270
533, 128, 746
534, 312, 428
535, 572, 707
536, 286, 807
537, 496, 606
538, 767, 943
539, 162, 816
540, 439, 539
541, 329, 749
542, 71, 632
543, 227, 874
544, 450, 562
545, 55, 441
546, 168, 773
547, 237, 740
548, 120, 133
549, 510, 994
550, 104, 109
551, 353, 532
552, 668, 911
553, 164, 824
554, 211, 928
555, 682, 970
556, 660, 726
557, 228, 983
558, 370, 568
559, 159, 327
560, 534, 610
561, 331, 690
562, 577, 761
563, 402, 741
564, 533, 771
565, 176, 686
566, 590, 899
567, 766, 792
568, 274, 427
569, 269, 953
570, 258, 333
571, 58, 315
572, 314, 914
573, 122, 516
574, 129, 921
575, 664, 860
576, 27, 486
577, 117, 893
578, 229, 381
579, 442, 721
580, 48, 456
581, 19, 204
582, 350, 497
583, 395, 895
584, 283, 468
585, 248, 649
586, 226, 253
587, 91, 791
588, 818, 1000
589, 438, 547
590, 41, 360
591, 362, 413
592, 262, 594
593, 415, 684
594, 36, 282
595, 655, 989
596, 218, 390
597, 155, 235
598, 393, 811
599, 550, 753
600, 74, 371
601, 448, 692
602, 414, 735
603, 53, 651
604, 525, 604
605, 574, 891
606, 581, 831
607, 451, 980
608, 76, 975
609, 279, 538
610, 587, 644
611, 404, 878
612, 376, 602
613, 540, 961
614, 199, 624
615, 5, 988
616, 673, 680
617, 524, 603
618, 595, 908
619, 183, 854
620, 317, 972
621, 180, 355
622, 72, 90
623, 901, 902
624, 206, 769
625, 267, 848
626, 490, 512
627, 377, 507
628, 217, 968
629, 92, 800
630, 131, 517
631, 67, 238
632, 321, 342
633, 113, 998
634, 161, 705
635, 847, 992
636, 24, 778
637, 246, 319
638, 52, 285
639, 145, 709
640, 308, 940
641, 487, 982
642, 142, 209
643, 386, 731
644, 106, 310
645, 699, 711
646, 80, 591
647, 617, 737
648, 939, 987
649, 303, 723
650, 299, 754
651, 65, 794
652, 174, 719
653, 347, 506
654, 582, 904
655, 57, 656
656, 316, 985
657, 744, 941
658, 125, 865
659, 677, 967
660, 33, 786
661, 29, 535
662, 216, 530
663, 148, 999
664, 220, 637
665, 765, 912
666, 191, 201
667, 620, 918
668, 808, 910
669, 275, 385
670, 87, 366
671, 718, 798
672, 295, 488
673, 39, 838
674, 392, 585
675, 368, 809
676, 363, 714
677, 77, 793
678, 198, 776
679, 344, 645
680, 259, 504
681, 287, 454
682, 855, 945
683, 325, 750
684, 189, 511
685, 97, 724
686, 210, 242
687, 772, 949
688, 436, 868
689, 659, 871
690, 675, 781
691, 601, 947
692, 757, 991
693, 650, 701
694, 222, 850
695, 515, 978
696, 599, 866
697, 320, 459
698, 194, 389
699, 254, 915
700, 118, 213
701, 634, 795
702, 467, 977
703, 51, 542
704, 397, 906
705, 292, 563
706, 445, 546
707, 156, 196
708, 219, 318
709, 230, 689
710, 678, 820
711, 630, 733
712, 114, 139
713, 694, 716
714, 105, 853
715, 179, 646
716, 416, 615
717, 178, 225
718, 614, 629
719, 14, 332
720, 46, 564
721, 102, 717
722, 250, 455
723, 722, 775
724, 69, 783
725, 203, 552
726, 579, 960
727, 463, 618
728, 153, 361
729, 243, 460
730, 666, 946
731, 401, 537
732, 130, 536
733, 633, 852
734, 296, 548
735, 357, 748
736, 232, 667
737, 255, 621
738, 514, 558
739, 61, 830
740, 600, 613
741, 298, 845
742, 2, 16
743, 432, 720
744, 529, 952
745, 32, 338
746, 30, 693
747, 11, 886
748, 523, 788
749, 553, 958
750, 264, 305
751, 44, 909
752, 311, 573
753, 421, 730
754, 214, 260
755, 224, 598
756, 150, 933
757, 170, 197
758, 173, 955
759, 115, 691
760, 278, 374
761, 257, 653
762, 447, 592
763, 187, 676
764, 20, 411
765, 648, 857
766, 328, 458
767, 409, 814
768, 571, 584
769, 25, 407
770, 45, 276
771, 28, 412
772, 434, 478
773, 661, 755
774, 143, 195
775, 280, 576
776, 710, 712
777, 34, 892
778, 425, 670
779, 8, 858
780, 418, 935
781, 313, 782
782, 82, 160
783, 971, 997
784, 422, 927
785, 417, 641
786, 10, 481
787, 570, 810
788, 388, 995
789, 73, 212
790, 695, 846
791, 1, 38
792, 62, 75
793, 566, 703
794, 100, 622
795, 184, 461
796, 745, 990
797, 365, 963
798, 21, 95
799, 380, 905
800, 643, 882
801, 681, 802
802, 756, 801
803, 509, 560
804, 181, 239
805, 247, 889
806, 43, 920
807, 322, 541
808, 126, 698
809, 367, 923
810, 334, 569
811, 464, 586
812, 330, 929
813, 293, 348
814, 522, 966
815, 341, 965
816, 147, 815
817, 369, 813
818, 489, 780
819, 185, 302
820, 163, 261
821, 141, 375
822, 502, 508
823, 193, 916
824, 85, 652
825, 394, 959
826, 101, 294
827, 175, 557
828, 764, 832
829, 134, 979
830, 419, 687
831, 398, 821
832, 281, 346
833, 47, 151
834, 387, 457
835, 291, 343
836, 770, 863
837, 410, 760
838, 492, 924
839, 146, 470
840, 208, 472
841, 152, 384
842, 207, 268
843, 158, 665
844, 127, 796
845, 543, 759
846, 94, 777
847, 356, 879
848, 324, 399
849, 68, 790
850, 18, 642
851, 9, 881
852, 96, 877
853, 565, 844
854, 110, 551
855, 513, 518
856, 880, 926
857, 244, 867
858, 231, 475
859, 588, 768
860, 86, 907
861, 476, 688
862, 556, 873
863, 89, 301
864, 135, 752
865, 234, 864
866, 627, 638
867, 520, 554
868, 364, 426
869, 233, 640
870, 192, 964
871, 256, 883
872, 59, 671
873, 435, 774
874, 300, 872
875, 56, 462
876, 812, 956
877, 898, 986
878, 251, 944
879, 249, 785
880, 284, 993
881, 81, 403
882, 612, 996
883, 83, 729
884, 31, 473
885, 273, 494
886, 480, 922
887, 266, 607
888, 60, 976
889, 639, 803
890, 98, 437
891, 263, 823
892, 372, 647
893, 420, 738
894, 657, 763
895, 521, 669
896, 672, 819
897, 884, 937
898, 132, 706
899, 345, 697
900, 277, 449
901, 245, 805
902, 429, 561
903, 452, 934
904, 17, 897
905, 474, 835
906, 6, 112
907, 378, 471
908, 124, 373
909, 787, 862
910, 182, 628
911, 938, 981
912, 88, 806
913, 37, 826
914, 358, 500
915, 177, 829
916, 202, 609
917, 136, 954
918, 108, 336
919, 936, 950
920, 66, 465
921, 111, 849
922, 304, 555
923, 54, 359
924, 379, 440
925, 890, 973
926, 903, 957
927, 13, 23
928, 200, 751
929, 169, 913
930, 662, 888
931, 822, 859
932, 616, 674
933, 339, 836
934, 505, 589
935, 186, 433
936, 713, 948
937, 354, 625
938, 326, 453
939, 116, 499
940, 271, 734
941, 528, 663
942, 78, 503
943, 103, 839
944, 140, 942
945, 351, 900
946, 498, 583
947, 491, 605
948, 430, 743
949, 7, 708
950, 223, 289
951, 626, 828
952, 63, 172
953, 297, 623
954, 70, 870
955, 544, 654
956, 702, 932
957, 290, 545
958, 26, 685
959, 469, 732
960, 171, 984
961, 833, 842
962, 215, 424
963, 241, 446
964, 22, 423
965, 789, 837
966, 596, 727
967, 483, 527
968, 479, 593
969, 340, 861
970, 84, 856
971, 236, 840
972, 165, 406
973, 240, 575
974, 137, 784
975, 444, 519
976, 35, 477
977, 635, 834
978, 396, 843
979, 352, 779
980, 485, 875
981, 636, 742
982, 93, 382
983, 166, 747
984, 349, 931
985, 876, 919
986, 121, 700
987, 190, 962
988, 495, 804
989, 578, 619
990, 484, 608
991, 383, 501
992, 188, 431
993, 99, 307
994, 799, 894
995, 119, 138
996, 272, 728
997, 337, 400
998, 79, 930
999, 443, 885
1000, 736, 739
1001, 432, 530
1002, 705, 767
1003, 99, 153
1004, 262, 541
1005, 687, 729
1006, 443, 963
1007, 24, 771
1008, 48, 289
1009, 278, 718
1010, 799, 832
1011, 154, 515
1012, 287, 568
1013, 707, 921
1014, 194, 529
1015, 198, 762
1016, 11, 420
1017, 170, 467
1018, 551, 926
1019, 288, 839
1020, 3, 19
1021, 42, 807
1022, 383, 849
1023, 256, 299
1024, 197, 974
1025, 286, 675
1026, 240, 616
1027, 188, 311
1028, 82, 724
1029, 452, 987
1030, 234, 830
1031, 343, 902
1032, 176, 243
1033, 295, 753
1034, 677, 861
1035, 46, 852
1036, 275, 955
1037, 213, 397
1038, 54, 497
1039, 540, 765
1040, 389, 818
1041, 744, 940
1042, 318, 663
1043, 702, 821
1044, 307, 344
1045, 205, 380
1046, 171, 693
1047, 110, 495
1048, 162, 607
1049, 351, 557
1050, 191, 766
1051, 192, 382
1052, 265, 499
1053, 85, 423
1054, 359, 412
1055, 112, 719
1056, 317, 907
1057, 699, 795
1058, 669, 1000
1059, 876, 900
1060, 638, 856
1061, 358, 454
1062, 296, 308
1063, 520, 661
1064, 577, 788
1065, 247, 943
1066, 268, 601
1067, 381, 635
1068, 647, 894
1069, 564, 683
1070, 33, 845
1071, 77, 516
1072, 488, 517
1073, 754, 859
1074, 218, 582
1075, 387, 569
1076, 585, 884
1077, 202, 483
1078, 70, 962
1079, 300, 786
1080, 147, 992
1081, 56, 641
1082, 305, 604
1083, 701, 927
1084, 853, 949
1085, 51, 806
1086, 363, 617
1087, 196, 630
1088, 233, 245
1089, 553, 758
1090, 165, 367
1091, 67, 534
1092, 111, 460
1093, 6, 932
1094, 372, 899
1095, 152, 503
1096, 237, 958
1097, 779, 797
1098, 346, 851
1099, 10, 266
1100, 867, 871
1101, 124, 626
1102, 651, 893
1103, 320, 659
1104, 325, 691
1105, 402, 537
1106, 378, 636
1107, 290, 579
1108, 116, 627
1109, 490, 882
1110, 146, 446
1111, 704, 757
1112, 89, 679
1113, 161, 277
1114, 122, 340
1115, 493, 770
1116, 395, 793
1117, 253, 580
1118, 241, 316
1119, 298, 982
1120, 491, 847
1121, 25, 578
1122, 507, 591
1123, 430, 941
1124, 404, 574
1125, 429, 548
1126, 273, 825
1127, 23, 506
1128, 543, 665
1129, 206, 431
1130, 572, 820
1131, 190, 748
1132, 14, 422
1133, 801, 844
1134, 5, 588
1135, 31, 40
1136, 778, 841
1137, 522, 928
1138, 424, 736
1139, 22, 227
1140, 449, 609
1141, 445, 653
1142, 489, 755
1143, 61, 366
1144, 842, 874
1145, 644, 996
1146, 232, 566
1147, 2, 915
1148, 621, 875
1149, 169, 328
1150, 145, 605
1151, 732, 951
1152, 292, 475
1153, 69, 998
1154, 217, 235
1155, 911, 945
1156, 477, 790
1157, 76, 535
1158, 104, 375
1159, 251, 284
1160, 824, 828
1161, 291, 440
1162, 62, 362
1163, 394, 414
1164, 255, 353
1165, 92, 139
1166, 368, 421
1167, 416, 769
1168, 660, 745
1169, 441, 456
1170, 487, 937
1171, 195, 908
1172, 1, 715
1173, 105, 304
1174, 393, 485
1175, 252, 747
1176, 208, 210
1177, 326, 946
1178, 270, 912
1179, 9, 712
1180, 174, 341
1181, 38, 203
1182, 826, 906
1183, 615, 971
1184, 126, 545
1185, 396, 688
1186, 34, 858
1187, 386, 829
1188, 400, 510
1189, 29, 419
1190, 91, 345
1191, 280, 285
1192, 398, 772
1193, 494, 933
1194, 7, 137
1195, 356, 357
1196, 764, 997
1197, 117, 258
1198, 123, 533
1199, 257, 984
1200, 361, 881
1201, 385, 694
1202, 576, 929
1203, 73, 329
1204, 484, 681
1205, 811, 960
1206, 261, 914
1207, 179, 482
1208, 220, 722
1209, 172, 528
1210, 52, 589
1211, 88, 260
1212, 319, 411
1213, 518, 920
1214, 166, 178
1215, 613, 819
1216, 133, 637
1217, 119, 838
1218, 505, 833
1219, 177, 725
1220, 181, 324
1221, 230, 369
1222, 214, 373
1223, 246, 646
1224, 711, 720
1225, 486, 742
1226, 514, 934
1227, 633, 642
1228, 113, 327
1229, 134, 391
1230, 114, 726
1231, 888, 897
1232, 455, 685
1233, 96, 163
1234, 451, 619
1235, 72, 608
1236, 94, 816
1237, 620, 775
1238, 713, 798
1239, 121, 917
1240, 238, 674
1241, 143, 903
1242, 721, 835
1243, 773, 936
1244, 425, 794
1245, 107, 700
1246, 618, 709
1247, 567, 800
1248, 199, 714
1249, 8, 417
1250, 37, 276
1251, 222, 791
1252, 466, 980
1253, 573, 590
1254, 355, 559
1255, 868, 970
1256, 223, 978
1257, 739, 810
1258, 743, 935
1259, 60, 809
1260, 717, 910
1261, 189, 999
1262, 43, 231
1263, 670, 981
1264, 83, 848
1265, 239, 622
1266, 149, 808
1267, 741, 986
1268, 350, 450
1269, 418, 805
1270, 639, 890
1271, 774, 995
1272, 125, 624
1273, 15, 956
1274, 87, 129
1275, 672, 942
1276, 415, 550
1277, 408, 802
1278, 592, 696
1279, 272, 552
1280, 175, 219
1281, 120, 652
1282, 347, 901
1283, 50, 159
1284, 680, 738
1285, 752, 784
1286, 334, 492
1287, 360, 632
1288, 212, 444
1289, 401, 512
1290, 314, 878
1291, 12, 254
1292, 480, 558
1293, 348, 947
1294, 376, 549
1295, 519, 991
1296, 59, 476
1297, 321, 966
1298, 403, 673
1299, 796, 930
1300, 141, 457
1301, 248, 267
1302, 612, 654
1303, 664, 924
1304, 354, 465
1305, 207, 710
1306, 84, 108
1307, 168, 708
1308, 39, 640
1309, 365, 437
1310, 706, 737
1311, 93, 814
1312, 211, 631
1313, 399, 575
1314, 157, 823
1315, 803, 846
1316, 470, 544
1317, 496, 498
1318, 66, 229
1319, 250, 584
1320, 226, 323
1321, 330, 822
1322, 71, 148
1323, 301, 447
1324, 269, 662
1325, 103, 384
1326, 90, 370
1327, 390, 563
1328, 249, 850
1329, 427, 471
1330, 649, 730
1331, 45, 892
1332, 634, 895
1333, 335, 473
1334, 200, 583
1335, 164, 523
1336, 593, 598
1337, 193, 428
1338, 17, 967
1339, 242, 862
1340, 68, 733
1341, 837, 904
1342, 509, 787
1343, 645, 925
1344, 349, 599
1345, 734, 979
1346, 44, 136
1347, 388, 727
1348, 47, 49
1349, 182, 216
1350, 151, 977
1351, 271, 863
1352, 409, 836
1353, 132, 865
1354, 102, 546
1355, 26, 438
1356, 658, 698
1357, 186, 526
1358, 337, 435
1359, 16, 750
1360, 339, 768
1361, 468, 547
1362, 560, 689
1363, 35, 922
1364, 18, 969
1365, 64, 127
1366, 310, 684
1367, 160, 965
1368, 109, 913
1369, 554, 728
1370, 469, 954
1371, 459, 481
1372, 695, 870
1373, 463, 887
1374, 244, 864
1375, 439, 855
1376, 964, 973
1377, 731, 983
1378, 442, 594
1379, 692, 804
1380, 131, 135
1381, 831, 938
1382, 302, 690
1383, 628, 916
1384, 780, 898
1385, 436, 792
1386, 32, 453
1387, 75, 502
1388, 749, 782
1389, 78, 885
1390, 746, 776
1391, 600, 840
1392, 315, 781
1393, 97, 918
1394, 79, 332
1395, 55, 879
1396, 322, 536
1397, 155, 629
1398, 81, 508
1399, 873, 989
1400, 282, 666
1401, 610, 959
1402, 41, 312
1403, 63, 909
1404, 184, 479
1405, 185, 500
1406, 785, 968
1407, 140, 919
1408, 173, 221
1409, 751, 993
1410, 293, 338
1411, 581, 812
1412, 236, 306
1413, 20, 225
1414, 406, 763
1415, 118, 336
1416, 209, 985
1417, 891, 950
1418, 461, 542
1419, 561, 857
1420, 426, 756
1421, 896, 990
1422, 371, 527
1423, 65, 813
1424, 95, 682
1425, 264, 611
1426, 144, 556
1427, 333, 957
1428, 215, 538
1429, 80, 187
1430, 352, 377
1431, 294, 975
1432, 606, 716
1433, 228, 761
1434, 458, 656
1435, 21, 586
1436, 531, 623
1437, 478, 650
1438, 138, 472
1439, 150, 595
1440, 130, 309
1441, 504, 815
1442, 36, 183
1443, 57, 827
1444, 27, 115
1445, 180, 994
1446, 854, 952
1447, 405, 789
1448, 263, 596
1449, 98, 880
1450, 723, 961
1451, 106, 128
1452, 53, 374
1453, 101, 142
1454, 158, 570
1455, 4, 464
1456, 13, 667
1457, 392, 448
1458, 224, 513
1459, 86, 524
1460, 648, 883
1461, 279, 817
1462, 735, 944
1463, 602, 676
1464, 331, 923
1465, 201, 413
1466, 342, 671
1467, 931, 976
1468, 156, 783
1469, 28, 625
1470, 74, 379
1471, 297, 988
1472, 657, 872
1473, 274, 555
1474, 100, 511
1475, 686, 939
1476, 167, 539
1477, 703, 948
1478, 655, 740
1479, 410, 834
1480, 759, 869
1481, 587, 643
1482, 597, 860
1483, 474, 603
1484, 283, 532
1485, 259, 697
1486, 364, 678
1487, 30, 565
1488, 760, 843
1489, 889, 905
1490, 521, 877
1491, 668, 886
1492, 866, 972
1493, 281, 303
1494, 434, 571
1495, 462, 562
1496, 204, 501
1497, 614, 953
1498, 407, 525
1499, 58, 777
1500, 313, 433
1501, 332, 973
1502, 69, 237
1503, 39, 97
1504, 666, 757
1505, 2, 385
1506, 531, 905
1507, 403, 958
1508, 102, 617
1509, 333, 773
1510, 63, 731
1511, 51, 266
1512, 554, 734
1513, 437, 450
1514, 433, 581
1515, 669, 728
1516, 629, 830
1517, 482, 762
1518, 167, 444
1519, 254, 305
1520, 284, 568
1521, 110, 709
1522, 490, 721
1523, 370, 736
1524, 504, 967
1525, 211, 443
1526, 644, 816
1527, 92, 692
1528, 481, 902
1529, 34, 43
1530, 106, 150
1531, 111, 569
1532, 386, 601
1533, 602, 758
1534, 486, 583
1535, 37, 613
1536, 233, 295
1537, 355, 473
1538, 127, 680
1539, 50, 73
1540, 913, 976
1541, 145, 989
1542, 85, 124
1543, 248, 501
1544, 474, 659
1545, 278, 894
1546, 256, 536
1547, 181, 820
1548, 649, 661
1549, 324, 936
1550, 457, 927
1551, 316, 653
1552, 604, 828
1553, 104, 188
1554, 241, 378
1555, 272, 391
1556, 635, 866
1557, 86, 212
1558, 207, 390
1559, 815, 878
1560, 210, 479
1561, 135, 917
1562, 861, 870
1563, 915, 923
1564, 289, 896
1565, 40, 985
1566, 250, 696
1567, 154, 173
1568, 579, 662
1569, 526, 778
1570, 130, 813
1571, 273, 419
1572, 630, 970
1573, 30, 545
1574, 633, 665
1575, 46, 541
1576, 556, 963
1577, 53, 777
1578, 470, 571
1579, 792, 953
1580, 103, 311
1581, 56, 144
1582, 281, 454
1583, 452, 496
1584, 795, 975
1585, 567, 651
1586, 8, 330
1587, 259, 293
1588, 787, 858
1589, 36, 718
1590, 76, 618
1591, 214, 852
1592, 510, 523
1593, 489, 892
1594, 61, 916
1595, 45, 402
1596, 64, 236
1597, 98, 411
1598, 213, 628
1599, 323, 389
1600, 475, 788
1601, 322, 723
1602, 461, 689
1603, 75, 641
1604, 88, 361
1605, 503, 676
1606, 126, 744
1607, 577, 594
1608, 6, 997
1609, 245, 576
1610, 790, 847
1611, 430, 528
1612, 274, 834
1613, 682, 835
1614, 643, 827
1615, 12, 162
1616, 678, 720
1617, 304, 803
1618, 401, 793
1619, 105, 707
1620, 38, 929
1621, 198, 886
1622, 931, 964
1623, 703, 860
1624, 313, 838
1625, 251, 484
1626, 544, 681
1627, 864, 956
1628, 387, 874
1629, 232, 715
1630, 563, 673
1631, 546, 918
1632, 288, 732
1633, 329, 366
1634, 227, 468
1635, 547, 759
1636, 156, 509
1637, 203, 363
1638, 532, 863
1639, 698, 876
1640, 169, 537
1641, 383, 623
1642, 269, 442
1643, 131, 399
1644, 17, 522
1645, 4, 780
1646, 67, 746
1647, 196, 308
1648, 44, 831
1649, 438, 664
1650, 374, 844
1651, 708, 900
1652, 334, 767
1653, 151, 517
1654, 271, 755
1655, 439, 555
1656, 159, 423
1657, 591, 810
1658, 15, 984
1659, 770, 974
1660, 530, 914
1661, 498, 789
1662, 408, 943
1663, 527, 857
1664, 627, 769
1665, 60, 466
1666, 548, 938
1667, 35, 742
1668, 540, 712
1669, 152, 904
1670, 134, 194
1671, 217, 884
1672, 121, 291
1673, 358, 622
1674, 619, 796
1675, 5, 636
1676, 255, 396
1677, 239, 416
1678, 83, 349
1679, 286, 519
1680, 13, 25
1681, 133, 310
1682, 747, 875
1683, 24, 177
1684, 204, 888
1685, 687, 899
1686, 87, 506
1687, 170, 180
1688, 679, 764
1689, 823, 836
1690, 21, 855
1691, 478, 553
1692, 219, 253
1693, 467, 882
1694, 41, 800
1695, 91, 869
1696, 320, 806
1697, 294, 946
1698, 206, 794
1699, 74, 737
1700, 609, 667
1701, 132, 325
1702, 122, 881
1703, 818, 979
1704, 263, 412
1705, 364, 647
1706, 164, 296
1707, 307, 314
1708, 262, 584
1709, 1, 118
1710, 706, 889
1711, 394, 971
1712, 165, 326
1713, 267, 327
1714, 434, 683
1715, 95, 184
1716, 632, 677
1717, 277, 285
1718, 147, 471
1719, 14, 825
1720, 116, 596
1721, 356, 840
1722, 62, 225
1723, 726, 826
1724, 279, 346
1725, 264, 799
1726, 448, 871
1727, 205, 668
1728, 369, 493
1729, 70, 521
1730, 550, 808
1731, 29, 982
1732, 449, 542
1733, 529, 722
1734, 321, 922
1735, 157, 199
1736, 270, 338
1737, 90, 257
1738, 725, 740
1739, 59, 572
1740, 512, 845
1741, 301, 492
1742, 319, 477
1743, 459, 798
1744, 246, 585
1745, 141, 377
1746, 10, 868
1747, 648, 948
1748, 109, 398
1749, 417, 505
1750, 84, 934
1751, 354, 862
1752, 200, 781
1753, 429, 941
1754, 460, 897
1755, 148, 688
1756, 300, 972
1757, 700, 950
1758, 128, 663
1759, 240, 303
1760, 395, 891
1761, 392, 500
1762, 276, 656
1763, 49, 776
1764, 26, 494
1765, 552, 908
1766, 221, 639
1767, 694, 812
1768, 717, 919
1769, 380, 575
1770, 19, 701
1771, 719, 887
1772, 538, 586
1773, 48, 298
1774, 261, 906
1775, 359, 898
1776, 107, 785
1777, 224, 360
1778, 175, 819
1779, 168, 413
1780, 801, 872
1781, 113, 197
1782, 469, 592
1783, 55, 341
1784, 123, 930
1785, 340, 705
1786, 174, 312
1787, 275, 833
1788, 100, 843
1789, 33, 367
1790, 138, 739
1791, 231, 658
1792, 697, 925
1793, 52, 733
1794, 252, 741
1795, 249, 949
1796, 292, 954
1797, 71, 848
1798, 580, 867
1799, 108, 589
1800, 693, 753
1801, 114, 595
1802, 190, 968
1803, 202, 518
1804, 582, 774
1805, 82, 743
1806, 31, 756
1807, 117, 702
1808, 189, 752
1809, 446, 841
1810, 495, 748
1811, 420, 608
1812, 824, 944
1813, 590, 995
1814, 220, 686
1815, 616, 928
1816, 11, 983
1817, 337, 428
1818, 879, 932
1819, 234, 765
1820, 27, 226
1821, 149, 745
1822, 299, 562
1823, 809, 969
1824, 558, 856
1825, 343, 903
1826, 453, 483
1827, 176, 238
1828, 766, 926
1829, 711, 814
1830, 99, 407
1831, 146, 587
1832, 3, 260
1833, 309, 750
1834, 351, 353
1835, 139, 846
1836, 638, 691
1837, 243, 671
1838, 140, 436
1839, 125, 612
1840, 597, 911
1841, 566, 645
1842, 431, 727
1843, 371, 511
1844, 187, 939
1845, 20, 675
1846, 315, 637
1847, 235, 335
1848, 352, 634
1849, 166, 185
1850, 94, 472
1851, 534, 865
1852, 65, 268
1853, 192, 533
1854, 348, 821
1855, 16, 947
1856, 427, 485
1857, 161, 980
1858, 77, 242
1859, 201, 487
1860, 336, 611
1861, 379, 499
1862, 58, 421
1863, 66, 280
1864, 362, 786
1865, 163, 345
1866, 317, 455
1867, 7, 761
1868, 445, 730
1869, 713, 1000
1870, 158, 350
1871, 357, 877
1872, 424, 440
1873, 539, 955
1874, 502, 998
1875, 328, 480
1876, 570, 610
1877, 282, 912
1878, 388, 605
1879, 543, 966
1880, 598, 885
1881, 101, 837
1882, 415, 839
1883, 54, 910
1884, 68, 306
1885, 990, 992
1886, 476, 557
1887, 405, 895
1888, 47, 650
1889, 137, 991
1890, 96, 672
1891, 851, 907
1892, 42, 704
1893, 397, 670
1894, 136, 768
1895, 218, 283
1896, 451, 842
1897, 223, 524
1898, 508, 772
1899, 559, 981
1900, 497, 514
1901, 160, 372
1902, 119, 513
1903, 339, 425
1904, 172, 551
1905, 690, 775
1906, 229, 422
1907, 684, 957
1908, 381, 593
1909, 32, 640
1910, 302, 607
1911, 142, 660
1912, 754, 960
1913, 829, 994
1914, 18, 988
1915, 525, 791
1916, 606, 854
1917, 153, 850
1918, 155, 942
1919, 93, 804
1920, 368, 921
1921, 432, 535
1922, 574, 652
1923, 318, 418
1924, 515, 986
1925, 373, 674
1926, 724, 959
1927, 80, 347
1928, 491, 654
1929, 23, 710
1930, 247, 695
1931, 920, 999
1932, 456, 685
1933, 244, 624
1934, 883, 940
1935, 406, 909
1936, 178, 893
1937, 458, 783
1938, 376, 735
1939, 560, 945
1940, 215, 714
1941, 230, 657
1942, 516, 797
1943, 191, 763
1944, 751, 811
1945, 209, 465
1946, 564, 962
1947, 120, 646
1948, 81, 365
1949, 578, 937
1950, 72, 488
1951, 382, 779
1952, 435, 782
1953, 375, 716
1954, 28, 615
1955, 441, 901
1956, 631, 978
1957, 143, 393
1958, 520, 642
1959, 400, 426
1960, 561, 655
1961, 193, 463
1962, 760, 961
1963, 832, 880
1964, 600, 603
1965, 182, 287
1966, 9, 625
1967, 183, 873
1968, 79, 129
1969, 549, 565
1970, 807, 924
1971, 464, 817
1972, 22, 802
1973, 258, 996
1974, 620, 853
1975, 78, 890
1976, 265, 573
1977, 507, 849
1978, 228, 738
1979, 186, 822
1980, 115, 462
1981, 933, 952
1982, 699, 859
1983, 290, 805
1984, 297, 409
1985, 344, 410
1986, 749, 977
1987, 112, 216
1988, 588, 614
1989, 195, 447
1990, 208, 626
1991, 171, 621
1992, 57, 729
1993, 784, 965
1994, 404, 935
1995, 342, 384
1996, 222, 993
1997, 89, 414
1998, 179, 771
1999, 951, 987
2000, 331, 599
2001, 101, 209
2002, 396, 903
2003, 197, 992
2004, 40, 405
2005, 741, 931
2006, 93, 859
2007, 331, 442
2008, 543, 754
2009, 842, 846
2010, 38, 680
2011, 207, 563
2012, 520, 527
2013, 294, 329
2014, 854, 883
2015, 583, 894
2016, 117, 837
2017, 695, 720
2018, 134, 304
2019, 536, 819
2020, 13, 727
2021, 159, 926
2022, 50, 414
2023, 513, 692
2024, 149, 868
2025, 542, 871
2026, 413, 809
2027, 113, 911
2028, 501, 874
2029, 74, 549
2030, 6, 853
2031, 265, 299
2032, 320, 764
2033, 588, 694
2034, 228, 936
2035, 171, 826
2036, 755, 847
2037, 444, 865
2038, 248, 319
2039, 509, 554
2040, 570, 812
2041, 411, 746
2042, 259, 313
2043, 456, 813
2044, 77, 427
2045, 201, 524
2046, 765, 898
2047, 146, 985
2048, 63, 111
2049, 15, 821
2050, 263, 420
2051, 786, 996
2052, 14, 486
2053, 318, 799
2054, 234, 539
2055, 381, 950
2056, 224, 551
2057, 367, 797
2058, 62, 183
2059, 276, 891
2060, 925, 967
2061, 220, 410
2062, 272, 766
2063, 25, 820
2064, 383, 851
2065, 53, 998
2066, 461, 752
2067, 289, 341
2068, 336, 855
2069, 298, 562
2070, 82, 827
2071, 116, 416
2072, 262, 443
2073, 398, 869
2074, 530, 835
2075, 546, 736
2076, 109, 222
2077, 683, 867
2078, 552, 689
2079, 39, 189
2080, 64, 879
2081, 439, 485
2082, 400, 417
2083, 440, 696
2084, 99, 186
2085, 69, 447
2086, 380, 940
2087, 264, 652
2088, 873, 1000
2089, 22, 91
2090, 26, 401
2091, 16, 718
2092, 45, 301
2093, 211, 218
2094, 24, 747
2095, 282, 544
2096, 556, 642
2097, 87, 565
2098, 60, 96
2099, 356, 969
2100, 507, 942
2101, 470, 975
2102, 160, 790
2103, 125, 849
2104, 4, 27
2105, 671, 721
2106, 162, 573
2107, 314, 997
2108, 858, 948
2109, 365, 658
2110, 579, 614
2111, 327, 949
2112, 139, 645
2113, 286, 615
2114, 814, 901
2115, 105, 668
2116, 18, 593
2117, 635, 706
2118, 623, 636
2119, 594, 887
2120, 212, 732
2121, 559, 629
2122, 9, 935
2123, 10, 660
2124, 571, 726
2125, 884, 905
2126, 500, 710
2127, 592, 651
2128, 61, 85
2129, 505, 566
2130, 182, 217
2131, 506, 613
2132, 293, 987
2133, 621, 682
2134, 445, 782
2135, 287, 518
2136, 67, 482
2137, 52, 334
2138, 242, 787
2139, 221, 409
2140, 206, 424
2141, 258, 609
2142, 523, 654
2143, 393, 633
2144, 360, 844
2145, 757, 972
2146, 553, 632
2147, 339, 712
2148, 275, 909
2149, 250, 832
2150, 100, 702
2151, 226, 735
2152, 216, 745
2153, 202, 915
2154, 521, 717
2155, 47, 838
2156, 567, 986
2157, 672, 994
2158, 54, 557
2159, 31, 962
2160, 402, 478
2161, 145, 839
2162, 359, 431
2163, 138, 896
2164, 253, 738
2165, 878, 897
2166, 143, 488
2167, 278, 446
2168, 888, 934
2169, 144, 781
2170, 72, 238
2171, 1, 965
2172, 292, 364
2173, 7, 451
2174, 806, 943
2175, 205, 434
2176, 418, 498
2177, 169, 650
2178, 792, 978
2179, 110, 480
2180, 257, 453
2181, 80, 587
2182, 531, 719
2183, 141, 534
2184, 338, 349
2185, 473, 541
2186, 154, 739
2187, 225, 722
2188, 203, 569
2189, 497, 970
2190, 773, 822
2191, 466, 771
2192, 187, 598
2193, 358, 577
2194, 279, 487
2195, 516, 743
2196, 199, 425
2197, 23, 631
2198, 79, 112
2199, 815, 881
2200, 56, 767
2201, 150, 352
2202, 147, 876
2203, 214, 317
2204, 34, 810
2205, 596, 988
2206, 861, 900
2207, 471, 604
2208, 128, 392
2209, 246, 922
2210, 354, 576
2211, 511, 691
2212, 657, 681
2213, 244, 361
2214, 780, 913
2215, 449, 618
2216, 599, 974
2217, 260, 483
2218, 266, 309
2219, 310, 662
2220, 601, 924
2221, 788, 860
2222, 48, 261
2223, 300, 729
2224, 697, 899
2225, 285, 575
2226, 503, 957
2227, 514, 540
2228, 580, 932
2229, 296, 748
2230, 385, 537
2231, 267, 945
2232, 252, 995
2233, 711, 872
2234, 132, 215
2235, 866, 991
2236, 679, 798
2237, 184, 348
2238, 245, 627
2239, 297, 857
2240, 59, 204
2241, 382, 397
2242, 312, 701
2243, 3, 578
2244, 17, 403
2245, 58, 177
2246, 152, 464
2247, 793, 833
2248, 73, 666
2249, 316, 947
2250, 395, 762
2251, 164, 284
2252, 346, 467
2253, 479, 545
2254, 724, 976
2255, 43, 951
2256, 83, 923
2257, 249, 825
2258, 92, 906
2259, 49, 78
2260, 742, 795
2261, 114, 236
2262, 432, 785
2263, 55, 194
2264, 75, 362
2265, 11, 198
2266, 137, 231
2267, 441, 933
2268, 247, 421
2269, 127, 172
2270, 326, 699
2271, 533, 977
2272, 179, 237
2273, 243, 688
2274, 302, 669
2275, 119, 608
2276, 493, 919
2277, 306, 597
2278, 273, 750
2279, 465, 929
2280, 407, 794
2281, 174, 474
2282, 324, 731
2283, 65, 783
2284, 489, 920
2285, 281, 595
2286, 120, 193
2287, 168, 322
2288, 2, 355
2289, 800, 805
2290, 8, 744
2291, 555, 954
2292, 372, 772
2293, 166, 256
2294, 97, 811
2295, 670, 768
2296, 155, 828
2297, 94, 620
2298, 36, 328
2299, 81, 148
2300, 51, 560
2301, 475, 890
2302, 574, 769
2303, 283, 606
2304, 291, 626
2305, 135, 862
2306, 66, 433
2307, 254, 333
2308, 288, 882
2309, 875, 912
2310, 602, 928
2311, 176, 370
2312, 295, 323
2313, 175, 271
2314, 76, 893
2315, 232, 280
2316, 558, 730
2317, 830, 939
2318, 290, 438
2319, 760, 761
2320, 388, 678
2321, 130, 315
2322, 373, 850
2323, 548, 999
2324, 667, 784
2325, 528, 600
2326, 163, 687
2327, 167, 227
2328, 157, 229
2329, 124, 158
2330, 856, 921
2331, 230, 941
2332, 749, 892
2333, 564, 643
2334, 484, 916
2335, 504, 914
2336, 210, 340
2337, 269, 376
2338, 840, 966
2339, 495, 499
2340, 213, 321
2341, 363, 685
2342, 86, 937
2343, 153, 843
2344, 394, 415
2345, 823, 885
2346, 640, 763
2347, 581, 589
2348, 90, 737
2349, 121, 964
2350, 605, 918
2351, 616, 644
2352, 368, 824
2353, 490, 619
2354, 628, 700
2355, 510, 980
2356, 436, 968
2357, 151, 251
2358, 351, 864
2359, 181, 659
2360, 458, 728
2361, 19, 133
2362, 366, 638
2363, 646, 663
2364, 103, 343
2365, 419, 502
2366, 235, 522
2367, 57, 469
2368, 649, 958
2369, 239, 665
2370, 612, 713
2371, 686, 989
2372, 307, 379
2373, 716, 829
2374, 435, 639
2375, 664, 956
2376, 350, 817
2377, 136, 733
2378, 46, 165
2379, 30, 622
2380, 457, 889
2381, 196, 219
2382, 377, 907
2383, 108, 462
2384, 852, 902
2385, 603, 758
2386, 115, 774
2387, 535, 637
2388, 305, 369
2389, 274, 708
2390, 454, 703
2391, 118, 944
2392, 625, 895
2393, 233, 590
2394, 68, 586
2395, 129, 496
2396, 607, 789
2397, 44, 756
2398, 337, 979
2399, 28, 661
2400, 423, 656
2401, 192, 268
2402, 428, 725
2403, 406, 886
2404, 709, 910
2405, 240, 673
2406, 33, 131
2407, 494, 917
2408, 32, 993
2409, 387, 611
2410, 95, 188
2411, 29, 677
2412, 959, 982
2413, 550, 641
2414, 200, 653
2415, 983, 990
2416, 476, 740
2417, 21, 384
2418, 472, 808
2419, 311, 491
2420, 104, 927
2421, 675, 952
2422, 693, 791
2423, 572, 778
2424, 98, 448
2425, 863, 981
2426, 399, 568
2427, 71, 547
2428, 807, 971
2429, 42, 455
2430, 389, 904
2431, 70, 344
2432, 390, 655
2433, 88, 803
2434, 707, 751
2435, 156, 345
2436, 223, 777
2437, 41, 404
2438, 526, 634
2439, 303, 953
2440, 102, 195
2441, 335, 459
2442, 161, 610
2443, 180, 770
2444, 89, 961
2445, 255, 460
2446, 582, 955
2447, 191, 429
2448, 170, 386
2449, 208, 647
2450, 508, 960
2451, 173, 831
2452, 37, 481
2453, 375, 880
2454, 106, 517
2455, 452, 525
2456, 342, 930
2457, 378, 848
2458, 408, 845
2459, 430, 690
2460, 426, 676
2461, 371, 841
2462, 630, 715
2463, 391, 802
2464, 617, 734
2465, 515, 946
2466, 325, 450
2467, 674, 963
2468, 140, 816
2469, 185, 834
2470, 538, 705
2471, 753, 908
2472, 126, 779
2473, 332, 347
2474, 241, 468
2475, 704, 759
2476, 714, 938
2477, 5, 437
2478, 374, 463
2479, 585, 870
2480, 35, 123
2481, 357, 818
2482, 648, 804
2483, 107, 422
2484, 330, 492
2485, 142, 591
2486, 308, 801
2487, 20, 529
2488, 84, 519
2489, 512, 723
2490, 412, 532
2491, 178, 877
2492, 584, 624
2493, 12, 684
2494, 270, 698
2495, 353, 477
2496, 796, 984
2497, 122, 561
2498, 775, 973
2499, 776, 836
2500, 190, 277
2501, 18, 577
2502, 878, 915
2503, 289, 683
2504, 906, 950
2505, 460, 545
2506, 327, 848
2507, 110, 334
2508, 237, 800
2509, 184, 794
2510, 328, 838
2511, 15, 938
2512, 120, 892
2513, 255, 811
2514, 591, 608
2515, 650, 741
2516, 500, 599
2517, 525, 844
2518, 586, 776
2519, 209, 573
2520, 438, 443
2521, 323, 455
2522, 74, 974
2523, 600, 735
2524, 201, 936
2525, 250, 653
2526, 265, 406
2527, 160, 826
2528, 459, 652
2529, 499, 839
2530, 410, 777
2531, 153, 760
2532, 317, 508
2533, 308, 666
2534, 595, 815
2535, 365, 673
2536, 414, 824
2537, 144, 243
2538, 387, 524
2539, 357, 589
2540, 422, 660
2541, 86, 801
2542, 6, 881
2543, 635, 677
2544, 617, 763
2545, 399, 688
2546, 480, 931
2547, 119, 964
2548, 427, 483
2549, 8, 912
2550, 342, 412
2551, 457, 486
2552, 773, 817
2553, 257, 616
2554, 9, 748
2555, 191, 354
2556, 445, 450
2557, 127, 211
2558, 409, 998
2559, 223, 702
2560, 686, 798
2561, 566, 744
2562, 764, 877
2563, 137, 770
2564, 452, 712
2565, 177, 554
2566, 330, 515
2567, 16, 377
2568, 196, 664
2569, 125, 556
2570, 440, 982
2571, 390, 543
2572, 199, 663
2573, 76, 129
2574, 93, 655
2575, 180, 928
2576, 437, 869
2577, 109, 626
2578, 466, 865
2579, 261, 701
2580, 318, 781
2581, 31, 687
2582, 55, 567
2583, 584, 753
2584, 551, 863
2585, 643, 913
2586, 286, 681
2587, 382, 886
2588, 11, 200
2589, 324, 834
2590, 282, 644
2591, 111, 733
2592, 830, 911
2593, 206, 793
2594, 104, 325
2595, 475, 859
2596, 774, 957
2597, 117, 572
2598, 444, 862
2599, 451, 739
2600, 397, 867
2601, 259, 490
2602, 96, 888
2603, 538, 547
2604, 638, 829
2605, 272, 665
2606, 228, 795
2607, 392, 924
2608, 732, 857
2609, 609, 787
2610, 48, 550
2611, 511, 954
2612, 331, 383
2613, 415, 962
2614, 179, 264
2615, 703, 822
2616, 245, 293
2617, 528, 645
2618, 309, 726
2619, 530, 630
2620, 870, 939
2621, 298, 872
2622, 648, 985
2623, 585, 997
2624, 164, 232
2625, 751, 910
2626, 198, 416
2627, 240, 941
2628, 275, 473
2629, 88, 151
2630, 98, 559
2631, 553, 568
2632, 38, 602
2633, 775, 849
2634, 50, 113
2635, 73, 897
2636, 507, 642
2637, 241, 376
2638, 85, 592
2639, 366, 756
2640, 124, 708
2641, 140, 749
2642, 628, 682
2643, 64, 583
2644, 823, 980
2645, 310, 519
2646, 579, 883
2647, 94, 369
2648, 654, 973
2649, 168, 436
2650, 593, 825
2651, 594, 891
2652, 263, 963
2653, 42, 658
2654, 28, 100
2655, 183, 816
2656, 152, 854
2657, 267, 722
2658, 155, 587
2659, 933, 991
2660, 536, 895
2661, 505, 978
2662, 21, 78
2663, 154, 792
2664, 47, 148
2665, 249, 287
2666, 321, 512
2667, 575, 796
2668, 269, 850
2669, 251, 496
2670, 107, 633
2671, 216, 494
2672, 204, 518
2673, 217, 283
2674, 292, 332
2675, 402, 694
2676, 724, 729
2677, 247, 314
2678, 612, 812
2679, 40, 921
2680, 126, 425
2681, 754, 819
2682, 504, 929
2683, 202, 482
2684, 420, 930
2685, 561, 992
2686, 57, 135
2687, 623, 720
2688, 380, 388
2689, 71, 873
2690, 621, 951
2691, 675, 828
2692, 521, 620
2693, 262, 385
2694, 225, 889
2695, 552, 717
2696, 102, 752
2697, 898, 968
2698, 25, 130
2699, 116, 546
2700, 161, 761
2701, 221, 637
2702, 197, 421
2703, 356, 935
2704, 270, 413
2705, 12, 785
2706, 182, 831
2707, 662, 902
2708, 391, 759
2709, 254, 290
2710, 347, 920
2711, 454, 937
2712, 619, 641
2713, 304, 884
2714, 651, 799
2715, 33, 79
2716, 603, 649
2717, 842, 843
2718, 291, 374
2719, 51, 274
2720, 339, 418
2721, 256, 449
2722, 488, 629
2723, 91, 987
2724, 222, 625
2725, 285, 316
2726, 464, 728
2727, 112, 352
2728, 590, 674
2729, 611, 958
2730, 44, 350
2731, 278, 631
2732, 368, 396
2733, 30, 596
2734, 253, 359
2735, 434, 731
2736, 45, 133
2737, 39, 975
2738, 49, 864
2739, 718, 740
2740, 533, 767
2741, 23, 745
2742, 470, 779
2743, 378, 727
2744, 404, 510
2745, 738, 804
2746, 465, 636
2747, 786, 983
2748, 132, 520
2749, 469, 690
2750, 537, 736
2751, 348, 896
2752, 277, 610
2753, 734, 904
2754, 146, 615
2755, 403, 955
2756, 428, 678
2757, 134, 598
2758, 408, 698
2759, 442, 453
2760, 181, 894
2761, 66, 234
2762, 326, 696
2763, 101, 139
2764, 353, 947
2765, 142, 762
2766, 203, 307
2767, 63, 235
2768, 301, 604
2769, 407, 995
2770, 46, 306
2771, 351, 916
2772, 300, 386
2773, 224, 646
2774, 597, 742
2775, 768, 827
2776, 26, 659
2777, 614, 942
2778, 429, 526
2779, 242, 266
2780, 468, 871
2781, 69, 960
2782, 503, 747
2783, 336, 370
2784, 227, 294
2785, 766, 903
2786, 432, 923
2787, 303, 925
2788, 588, 989
2789, 541, 693
2790, 431, 558
2791, 43, 986
2792, 215, 295
2793, 791, 932
2794, 624, 833
2795, 340, 846
2796, 210, 757
2797, 32, 435
2798, 401, 461
2799, 474, 737
2800, 398, 813
2801, 159, 847
2802, 527, 876
2803, 87, 952
2804, 24, 684
2805, 95, 185
2806, 233, 856
2807, 37, 569
2808, 358, 426
2809, 190, 517
2810, 832, 971
2811, 447, 544
2812, 485, 820
2813, 82, 329
2814, 305, 564
2815, 41, 188
2816, 1, 136
2817, 778, 810
2818, 29, 372
2819, 2, 549
2820, 487, 746
2821, 280, 288
2822, 174, 562
2823, 70, 840
2824, 172, 601
2825, 531, 851
2826, 522, 887
2827, 175, 281
2828, 919, 943
2829, 239, 885
2830, 260, 345
2831, 128, 657
2832, 145, 719
2833, 419, 699
2834, 106, 108
2835, 721, 780
2836, 207, 994
2837, 441, 495
2838, 36, 219
2839, 743, 769
2840, 149, 866
2841, 163, 667
2842, 138, 220
2843, 273, 516
2844, 59, 337
2845, 276, 783
2846, 506, 711
2847, 115, 171
2848, 186, 900
2849, 4, 680
2850, 67, 90
2851, 75, 961
2852, 169, 271
2853, 176, 607
2854, 83, 907
2855, 13, 899
2856, 99, 501
2857, 789, 806
2858, 333, 944
2859, 92, 361
2860, 17, 476
2861, 213, 542
2862, 170, 344
2863, 89, 845
2864, 574, 990
2865, 670, 970
2866, 479, 489
2867, 656, 685
2868, 772, 837
2869, 143, 669
2870, 56, 540
2871, 62, 790
2872, 147, 373
2873, 158, 535
2874, 166, 750
2875, 400, 557
2876, 478, 909
2877, 122, 860
2878, 320, 647
2879, 394, 710
2880, 53, 97
2881, 424, 668
2882, 393, 901
2883, 72, 296
2884, 61, 580
2885, 821, 976
2886, 156, 922
2887, 700, 926
2888, 448, 622
2889, 423, 565
2890, 14, 150
2891, 581, 880
2892, 879, 927
2893, 509, 835
2894, 248, 576
2895, 430, 439
2896, 103, 395
2897, 534, 959
2898, 363, 814
2899, 661, 979
2900, 54, 853
2901, 513, 571
2902, 322, 705
2903, 632, 868
2904, 22, 463
2905, 381, 758
2906, 456, 882
2907, 238, 341
2908, 484, 529
2909, 84, 797
2910, 836, 953
2911, 676, 818
2912, 284, 560
2913, 808, 934
2914, 417, 627
2915, 10, 467
2916, 212, 471
2917, 384, 782
2918, 123, 917
2919, 297, 362
2920, 167, 187
2921, 371, 858
2922, 268, 360
2923, 19, 725
2924, 65, 639
2925, 279, 367
2926, 411, 691
2927, 302, 491
2928, 695, 714
2929, 229, 498
2930, 634, 730
2931, 192, 802
2932, 405, 606
2933, 35, 672
2934, 218, 539
2935, 493, 949
2936, 319, 671
2937, 338, 502
2938, 375, 771
2939, 58, 178
2940, 713, 807
2941, 841, 908
2942, 252, 548
2943, 966, 984
2944, 472, 945
2945, 52, 343
2946, 189, 914
2947, 582, 805
2948, 205, 514
2949, 313, 981
2950, 118, 707
2951, 80, 477
2952, 918, 948
2953, 563, 905
2954, 312, 379
2955, 723, 940
2956, 34, 578
2957, 194, 965
2958, 3, 481
2959, 68, 193
2960, 231, 462
2961, 208, 803
2962, 246, 492
2963, 852, 875
2964, 5, 709
2965, 299, 967
2966, 214, 570
2967, 230, 946
2968, 364, 988
2969, 704, 977
2970, 446, 706
2971, 105, 972
2972, 244, 956
2973, 195, 523
2974, 141, 349
2975, 315, 555
2976, 114, 613
2977, 715, 861
2978, 77, 173
2979, 165, 999
2980, 389, 458
2981, 355, 497
2982, 27, 969
2983, 784, 855
2984, 311, 697
2985, 346, 605
2986, 236, 893
2987, 60, 679
2988, 755, 1000
2989, 532, 765
2990, 121, 640
2991, 335, 890
2992, 226, 692
2993, 716, 874
2994, 433, 689
2995, 157, 993
2996, 20, 618
2997, 7, 809
2998, 162, 258
2999, 131, 788
3000, 81, 996
3001, 328, 957
3002, 267, 312
3003, 300, 917
3004, 243, 301
3005, 461, 738
3006, 78, 821
3007, 137, 316
3008, 216, 342
3009, 91, 516
3010, 382, 882
3011, 506, 610
3012, 55, 450
3013, 133, 859
3014, 67, 699
3015, 568, 724
3016, 376, 983
3017, 170, 464
3018, 215, 364
3019, 58, 231
3020, 217, 334
3021, 491, 741
3022, 13, 767
3023, 262, 848
3024, 54, 562
3025, 299, 888
3026, 181, 202
3027, 304, 323
3028, 463, 648
3029, 81, 483
3030, 681, 684
3031, 1, 466
3032, 331, 570
3033, 212, 617
3034, 608, 992
3035, 397, 441
3036, 158, 446
3037, 257, 769
3038, 289, 626
3039, 683, 754
3040, 455, 915
3041, 357, 573
3042, 651, 807
3043, 616, 761
3044, 191, 658
3045, 86, 253
3046, 277, 869
3047, 96, 349
3048, 293, 391
3049, 356, 946
3050, 308, 705
3051, 179, 901
3052, 707, 920
3053, 581, 879
3054, 152, 232
3055, 631, 770
3056, 255, 728
3057, 430, 805
3058, 65, 87
3059, 115, 504
3060, 363, 742
3061, 905, 990
3062, 371, 679
3063, 303, 914
3064, 656, 837
3065, 233, 628
3066, 788, 826
3067, 609, 779
3068, 993, 999
3069, 42, 223
3070, 405, 431
3071, 844, 856
3072, 412, 704
3073, 38, 880
3074, 500, 529
3075, 204, 247
3076, 518, 939
3077, 24, 830
3078, 375, 913
3079, 395, 592
3080, 495, 559
3081, 5, 407
3082, 150, 740
3083, 12, 79
3084, 549, 809
3085, 295, 893
3086, 537, 902
3087, 348, 855
3088, 701, 943
3089, 297, 966
3090, 17, 929
3091, 26, 263
3092, 288, 956
3093, 148, 563
3094, 186, 931
3095, 493, 615
3096, 503, 566
3097, 547, 621
3098, 424, 520
3099, 775, 945
3100, 589, 847
3101, 527, 823
3102, 31, 918
3103, 155, 443
3104, 475, 750
3105, 189, 632
3106, 595, 906
3107, 311, 345
3108, 187, 428
3109, 561, 620
3110, 132, 981
3111, 350, 555
3112, 129, 402
3113, 564, 947
3114, 842, 971
3115, 756, 972
3116, 727, 930
3117, 3, 352
3118, 725, 849
3119, 142, 777
3120, 910, 953
3121, 246, 884
3122, 270, 718
3123, 20, 236
3124, 315, 763
3125, 98, 858
3126, 444, 1000
3127, 211, 700
3128, 465, 497
3129, 422, 517
3130, 72, 781
3131, 686, 985
3132, 227, 409
3133, 489, 873
3134, 261, 577
3135, 362, 734
3136, 4, 404
3137, 478, 528
3138, 472, 526
3139, 296, 347
3140, 37, 251
3141, 735, 872
3142, 420, 851
3143, 169, 583
3144, 119, 278
3145, 228, 358
3146, 238, 582
3147, 531, 760
3148, 339, 380
3149, 662, 665
3150, 680, 838
3151, 200, 387
3152, 166, 360
3153, 114, 921
3154, 84, 439
3155, 515, 543
3156, 218, 803
3157, 117, 134
3158, 140, 214
3159, 290, 603
3160, 392, 467
3161, 272, 292
3162, 644, 995
3163, 195, 306
3164, 298, 442
3165, 453, 835
3166, 275, 480
3167, 47, 896
3168, 77, 944
3169, 657, 937
3170, 372, 670
3171, 165, 473
3172, 639, 871
3173, 523, 980
3174, 434, 697
3175, 572, 878
3176, 687, 834
3177, 10, 426
3178, 229, 951
3179, 401, 711
3180, 673, 806
3181, 39, 536
3182, 510, 676
3183, 542, 932
3184, 109, 798
3185, 623, 886
3186, 487, 694
3187, 110, 922
3188, 590, 739
3189, 714, 721
3190, 675, 897
3191, 8, 702
3192, 66, 911
3193, 789, 962
3194, 772, 822
3195, 341, 762
3196, 546, 802
3197, 457, 963
3198, 241, 989
3199, 175, 978
3200, 97, 151
3201, 75, 976
3202, 199, 784
3203, 64, 454
3204, 440, 916
3205, 338, 476
3206, 716, 786
3207, 281, 534
3208, 260, 708
3209, 780, 964
3210, 273, 974
3211, 252, 552
3212, 432, 584
3213, 410, 471
3214, 56, 469
3215, 213, 900
3216, 74, 843
3217, 353, 782
3218, 381, 553
3219, 89, 857
3220, 399, 611
3221, 498, 585
3222, 2, 533
3223, 34, 667
3224, 22, 127
3225, 474, 833
3226, 322, 636
3227, 532, 926
3228, 580, 747
3229, 27, 344
3230, 326, 614
3231, 544, 801
3232, 485, 768
3233, 452, 933
3234, 28, 365
3235, 156, 688
3236, 180, 746
3237, 596, 903
3238, 173, 269
3239, 569, 613
3240, 715, 845
3241, 35, 40
3242, 80, 354
3243, 663, 755
3244, 71, 351
3245, 144, 757
3246, 605, 691
3247, 139, 190
3248, 294, 907
3249, 604, 977
3250, 427, 870
3251, 317, 606
3252, 30, 248
3253, 634, 790
3254, 541, 695
3255, 82, 969
3256, 502, 970
3257, 209, 629
3258, 417, 586
3259, 167, 751
3260, 291, 468
3261, 433, 677
3262, 48, 508
3263, 242, 501
3264, 221, 488
3265, 388, 800
3266, 182, 599
3267, 240, 668
3268, 524, 654
3269, 264, 753
3270, 811, 825
3271, 268, 285
3272, 335, 597
3273, 157, 396
3274, 302, 783
3275, 62, 817
3276, 172, 633
3277, 669, 891
3278, 386, 987
3279, 83, 576
3280, 176, 815
3281, 393, 696
3282, 225, 266
3283, 423, 575
3284, 122, 377
3285, 249, 624
3286, 438, 685
3287, 29, 940
3288, 355, 703
3289, 337, 664
3290, 7, 162
3291, 514, 865
3292, 451, 829
3293, 235, 899
3294, 21, 512
3295, 619, 791
3296, 671, 674
3297, 332, 571
3298, 481, 647
3299, 69, 730
3300, 378, 982
3301, 640, 954
3302, 116, 672
3303, 103, 690
3304, 602, 692
3305, 128, 579
3306, 283, 736
3307, 85, 177
3308, 149, 660
3309, 111, 839
3310, 369, 854
3311, 274, 558
3312, 185, 447
3313, 73, 545
3314, 548, 991
3315, 92, 482
3316, 184, 550
3317, 598, 607
3318, 100, 594
3319, 118, 287
3320, 49, 245
3321, 244, 286
3322, 733, 876
3323, 102, 935
3324, 183, 840
3325, 193, 250
3326, 120, 284
3327, 60, 310
3328, 720, 867
3329, 305, 513
3330, 318, 630
3331, 107, 565
3332, 713, 864
3333, 44, 764
3334, 226, 723
3335, 145, 484
3336, 389, 960
3337, 659, 832
3338, 313, 641
3339, 9, 374
3340, 171, 329
3341, 153, 653
3342, 361, 601
3343, 143, 160
3344, 112, 994
3345, 778, 881
3346, 416, 587
3347, 61, 138
3348, 230, 773
3349, 19, 330
3350, 752, 846
3351, 188, 814
3352, 101, 799
3353, 130, 883
3354, 492, 645
3355, 219, 437
3356, 507, 958
3357, 319, 490
3358, 749, 923
3359, 320, 414
3360, 141, 411
3361, 33, 652
3362, 168, 904
3363, 486, 682
3364, 421, 649
3365, 448, 894
3366, 15, 745
3367, 346, 955
3368, 726, 827
3369, 178, 909
3370, 519, 973
3371, 194, 525
3372, 6, 429
3373, 271, 997
3374, 70, 635
3375, 509, 722
3376, 95, 496
3377, 197, 578
3378, 68, 612
3379, 135, 776
3380, 123, 804
3381, 196, 795
3382, 650, 952
3383, 36, 113
3384, 163, 941
3385, 174, 325
3386, 201, 551
3387, 327, 712
3388, 759, 967
3389, 222, 256
3390, 400, 816
3391, 192, 949
3392, 94, 618
3393, 88, 836
3394, 370, 794
3395, 220, 793
3396, 203, 796
3397, 505, 986
3398, 11, 499
3399, 53, 698
3400, 51, 460
3401, 265, 908
3402, 279, 627
3403, 877, 996
3404, 126, 737
3405, 625, 792
3406, 254, 862
3407, 693, 863
3408, 57, 419
3409, 147, 556
3410, 105, 470
3411, 535, 860
3412, 314, 321
3413, 32, 771
3414, 90, 797
3415, 46, 785
3416, 459, 892
3417, 234, 925
3418, 841, 912
3419, 106, 709
3420, 210, 406
3421, 208, 988
3422, 637, 766
3423, 831, 998
3424, 131, 408
3425, 522, 919
3426, 494, 588
3427, 41, 866
3428, 52, 367
3429, 154, 413
3430, 164, 307
3431, 643, 717
3432, 394, 934
3433, 758, 968
3434, 646, 819
3435, 435, 661
3436, 824, 979
3437, 373, 965
3438, 678, 706
3439, 539, 540
3440, 224, 710
3441, 207, 259
3442, 366, 787
3443, 368, 950
3444, 45, 729
3445, 343, 975
3446, 63, 418
3447, 205, 936
3448, 889, 942
3449, 622, 743
3450, 136, 161
3451, 477, 961
3452, 336, 850
3453, 59, 600
3454, 449, 574
3455, 258, 731
3456, 206, 560
3457, 557, 984
3458, 104, 852
3459, 99, 898
3460, 638, 868
3461, 43, 538
3462, 198, 744
3463, 530, 895
3464, 511, 938
3465, 146, 887
3466, 436, 885
3467, 403, 828
3468, 398, 732
3469, 666, 810
3470, 237, 280
3471, 76, 642
3472, 456, 655
3473, 593, 818
3474, 324, 462
3475, 379, 861
3476, 719, 928
3477, 415, 875
3478, 125, 445
3479, 124, 591
3480, 567, 948
3481, 927, 959
3482, 23, 383
3483, 384, 890
3484, 748, 774
3485, 808, 813
3486, 93, 385
3487, 14, 239
3488, 425, 853
3489, 16, 479
3490, 340, 521
3491, 108, 924
3492, 121, 159
3493, 458, 874
3494, 390, 765
3495, 309, 689
3496, 359, 812
3497, 50, 276
3498, 282, 820
3499, 18, 554
3500, 25, 333
3501, 449, 578
3502, 496, 871
3503, 269, 277
3504, 330, 621
3505, 439, 888
3506, 136, 631
3507, 17, 634
3508, 211, 771
3509, 362, 613
3510, 599, 645
3511, 822, 903
3512, 357, 452
3513, 165, 223
3514, 649, 696
3515, 36, 937
3516, 395, 612
3517, 6, 214
3518, 83, 110
3519, 188, 921
3520, 183, 922
3521, 121, 364
3522, 373, 681
3523, 404, 818
3524, 96, 148
3525, 644, 703
3526, 383, 487
3527, 220, 590
3528, 12, 837
3529, 415, 537
3530, 787, 976
3531, 289, 834
3532, 667, 770
3533, 369, 420
3534, 212, 676
3535, 192, 762
3536, 120, 651
3537, 391, 424
3538, 237, 1000
3539, 125, 697
3540, 51, 170
3541, 809, 932
3542, 139, 218
3543, 42, 423
3544, 821, 839
3545, 176, 303
3546, 491, 585
3547, 159, 959
3548, 805, 878
3549, 333, 699
3550, 3, 600
3551, 160, 646
3552, 370, 983
3553, 726, 772
3554, 398, 995
3555, 253, 493
3556, 690, 926
3557, 154, 686
3558, 351, 849
3559, 841, 900
3560, 15, 58
3561, 609, 611
3562, 143, 313
3563, 23, 569
3564, 434, 835
3565, 377, 972
3566, 258, 966
3567, 400, 831
3568, 103, 564
3569, 149, 656
3570, 279, 873
3571, 701, 715
3572, 168, 853
3573, 562, 587
3574, 674, 820
3575, 814, 962
3576, 281, 942
3577, 549, 779
3578, 179, 297
3579, 39, 892
3580, 885, 897
3581, 118, 275
3582, 213, 894
3583, 764, 783
3584, 340, 823
3585, 797, 842
3586, 489, 558
3587, 824, 938
3588, 25, 535
3589, 553, 730
3590, 337, 406
3591, 397, 716
3592, 24, 293
3593, 63, 321
3594, 939, 999
3595, 622, 917
3596, 295, 908
3597, 663, 930
3598, 557, 845
3599, 661, 794
3600, 64, 850
3601, 788, 859
3602, 20, 408
3603, 494, 974
3604, 639, 867
3605, 44, 247
3606, 49, 441
3607, 177, 817
3608, 319, 405
3609, 290, 685
3610, 221, 848
3611, 669, 940
3612, 71, 568
3613, 471, 768
3614, 334, 346
3615, 128, 239
3616, 310, 329
3617, 738, 949
3618, 374, 643
3619, 141, 325
3620, 543, 920
3621, 498, 786
3622, 354, 523
3623, 166, 530
3624, 561, 565
3625, 263, 905
3626, 734, 872
3627, 485, 769
3628, 207, 525
3629, 254, 563
3630, 910, 996
3631, 91, 580
3632, 352, 907
3633, 387, 521
3634, 385, 754
3635, 151, 604
3636, 260, 741
3637, 77, 880
3638, 68, 998
3639, 112, 241
3640, 142, 459
3641, 323, 718
3642, 825, 943
3643, 512, 866
3644, 9, 541
3645, 386, 653
3646, 450, 960
3647, 597, 610
3648, 93, 889
3649, 7, 869
3650, 193, 244
3651, 1, 776
3652, 84, 756
3653, 266, 830
3654, 437, 945
3655, 189, 283
3656, 546, 956
3657, 791, 927
3658, 271, 635
3659, 737, 816
3660, 202, 306
3661, 305, 979
3662, 76, 785
3663, 195, 312
3664, 318, 343
3665, 416, 510
3666, 694, 989
3667, 711, 886
3668, 647, 789
3669, 461, 980
3670, 545, 547
3671, 763, 836
3672, 623, 918
3673, 382, 483
3674, 414, 746
3675, 127, 710
3676, 167, 755
3677, 670, 693
3678, 511, 904
3679, 429, 659
3680, 16, 630
3681, 26, 688
3682, 285, 555
3683, 245, 435
3684, 626, 736
3685, 807, 964
3686, 443, 519
3687, 175, 680
3688, 132, 874
3689, 227, 675
3690, 284, 591
3691, 332, 944
3692, 419, 666
3693, 379, 588
3694, 126, 571
3695, 230, 931
3696, 30, 967
3697, 22, 648
3698, 469, 725
3699, 375, 928
3700, 292, 632
3701, 70, 965
3702, 460, 533
3703, 43, 748
3704, 107, 879
3705, 409, 955
3706, 216, 361
3707, 59, 854
3708, 528, 795
3709, 702, 752
3710, 300, 652
3711, 31, 484
3712, 152, 953
3713, 238, 863
3714, 138, 732
3715, 131, 691
3716, 911, 990
3717, 743, 801
3718, 347, 348
3719, 100, 865
3720, 993, 994
3721, 577, 800
3722, 425, 728
3723, 602, 941
3724, 474, 948
3725, 402, 810
3726, 13, 952
3727, 146, 478
3728, 440, 750
3729, 505, 777
3730, 442, 464
3731, 683, 684
3732, 798, 855
3733, 287, 376
3734, 497, 846
3735, 640, 723
3736, 339, 731
3737, 384, 968
3738, 186, 436
3739, 356, 445
3740, 311, 899
3741, 190, 196
3742, 608, 813
3743, 365, 758
3744, 388, 919
3745, 430, 456
3746, 422, 451
3747, 381, 884
3748, 116, 833
3749, 581, 636
3750, 105, 257
3751, 162, 774
3752, 628, 969
3753, 457, 502
3754, 280, 707
3755, 341, 784
3756, 60, 870
3757, 79, 673
3758, 509, 573
3759, 65, 324
3760, 336, 799
3761, 173, 936
3762, 75, 433
3763, 267, 448
3764, 82, 104
3765, 88, 658
3766, 114, 742
3767, 236, 327
3768, 338, 444
3769, 475, 660
3770, 50, 987
3771, 157, 963
3772, 5, 129
3773, 366, 641
3774, 671, 929
3775, 205, 744
3776, 371, 662
3777, 514, 856
3778, 428, 914
3779, 529, 650
3780, 629, 847
3781, 858, 971
3782, 479, 567
3783, 21, 700
3784, 156, 301
3785, 172, 819
3786, 438, 887
3787, 278, 515
3788, 687, 745
3789, 447, 522
3790, 829, 864
3791, 556, 778
3792, 355, 719
3793, 472, 729
3794, 145, 517
3795, 335, 618
3796, 316, 790
3797, 27, 657
3798, 501, 665
3799, 80, 178
3800, 108, 234
3801, 98, 144
3802, 432, 606
3803, 488, 704
3804, 550, 664
3805, 215, 579
3806, 187, 531
3807, 123, 536
3808, 593, 767
3809, 265, 970
3810, 122, 358
3811, 174, 495
3812, 249, 882
3813, 477, 492
3814, 81, 909
3815, 235, 418
3816, 99, 410
3817, 92, 570
3818, 69, 793
3819, 46, 115
3820, 197, 637
3821, 74, 860
3822, 57, 712
3823, 852, 950
3824, 615, 901
3825, 421, 722
3826, 225, 320
3827, 572, 811
3828, 524, 668
3829, 586, 775
3830, 134, 224
3831, 753, 991
3832, 109, 480
3833, 161, 925
3834, 252, 508
3835, 35, 576
3836, 102, 844
3837, 19, 906
3838, 251, 826
3839, 231, 304
3840, 272, 757
3841, 314, 861
3842, 759, 766
3843, 642, 654
3844, 500, 527
3845, 895, 984
3846, 117, 760
3847, 473, 913
3848, 229, 638
3849, 246, 589
3850, 526, 862
3851, 2, 689
3852, 378, 499
3853, 208, 481
3854, 34, 171
3855, 198, 616
3856, 48, 282
3857, 248, 566
3858, 56, 204
3859, 255, 328
3860, 513, 881
3861, 396, 893
3862, 307, 720
3863, 47, 554
3864, 219, 973
3865, 185, 548
3866, 217, 843
3867, 163, 184
3868, 302, 353
3869, 299, 486
3870, 153, 518
3871, 54, 90
3872, 288, 740
3873, 431, 997
3874, 540, 935
3875, 206, 727
3876, 210, 761
3877, 181, 411
3878, 8, 802
3879, 191, 733
3880, 407, 934
3881, 584, 708
3882, 583, 877
3883, 345, 705
3884, 37, 916
3885, 124, 291
3886, 95, 363
3887, 309, 389
3888, 322, 692
3889, 55, 294
3890, 180, 988
3891, 560, 891
3892, 596, 624
3893, 601, 977
3894, 133, 598
3895, 194, 534
3896, 317, 851
3897, 896, 958
3898, 94, 520
3899, 240, 695
3900, 625, 717
3901, 360, 951
3902, 119, 804
3903, 403, 986
3904, 10, 199
3905, 308, 627
3906, 264, 902
3907, 504, 714
3908, 32, 261
3909, 250, 276
3910, 38, 751
3911, 739, 982
3912, 796, 803
3913, 40, 233
3914, 315, 393
3915, 262, 812
3916, 735, 868
3917, 467, 724
3918, 273, 380
3919, 101, 482
3920, 130, 594
3921, 140, 946
3922, 614, 619
3923, 765, 792
3924, 455, 682
3925, 490, 857
3926, 954, 978
3927, 87, 574
3928, 89, 106
3929, 242, 975
3930, 575, 672
3931, 73, 368
3932, 463, 961
3933, 268, 603
3934, 782, 912
3935, 426, 538
3936, 344, 677
3937, 158, 655
3938, 532, 552
3939, 595, 607
3940, 72, 97
3941, 390, 747
3942, 274, 815
3943, 331, 551
3944, 840, 985
3945, 14, 679
3946, 201, 349
3947, 135, 392
3948, 232, 582
3949, 228, 476
3950, 137, 838
3951, 209, 542
3952, 164, 259
3953, 470, 749
3954, 11, 516
3955, 18, 226
3956, 417, 890
3957, 78, 924
3958, 169, 458
3959, 706, 808
3960, 507, 698
3961, 780, 981
3962, 412, 915
3963, 29, 62
3964, 453, 828
3965, 52, 781
3966, 559, 721
3967, 342, 875
3968, 222, 454
3969, 350, 773
3970, 401, 605
3971, 85, 468
3972, 413, 827
3973, 66, 150
3974, 399, 462
3975, 28, 592
3976, 45, 678
3977, 61, 427
3978, 203, 243
3979, 41, 832
3980, 155, 372
3981, 466, 633
3982, 256, 286
3983, 86, 465
3984, 53, 394
3985, 806, 933
3986, 539, 957
3987, 113, 876
3988, 359, 544
3989, 326, 506
3990, 367, 709
3991, 33, 298
3992, 713, 883
3993, 200, 270
3994, 503, 992
3995, 4, 898
3996, 617, 947
3997, 446, 923
3998, 67, 147
3999, 111, 620
4000, 182, 296
