id, img1, img2
1, 26, 63
2, 550, 756
3, 544, 724
4, 306, 832
5, 371, 713
6, 102, 790
7, 142, 553
8, 831, 864
9, 422, 714
10, 229, 560
11, 313, 530
12, 282, 481
13, 319, 965
14, 683, 952
15, 285, 509
16, 359, 370
17, 365, 570
18, 286, 386
19, 103, 307
20, 761, 767
21, 164, 667
22, 741, 817
23, 25, 686
24, 608, 822
25, 568, 913
26, 8, 814
27, 278, 409
28, 76, 440
29, 165, 343
30, 893, 969
31, 485, 787
32, 86, 144
33, 81, 238
34, 12, 205
35, 309, 331
36, 819, 981
37, 157, 872
38, 414, 926
39, 517, 655
40, 11, 329
41, 155, 195
42, 482, 980
43, 216, 927
44, 384, 665
45, 675, 835
46, 47, 746
47, 98, 768
48, 279, 467
49, 136, 356
50, 397, 612
51, 245, 944
52, 505, 615
53, 260, 987
54, 122, 127
55, 391, 417
56, 747, 757
57, 209, 480
58, 633, 820
59, 196, 250
60, 318, 786
61, 303, 750
62, 174, 813
63, 497, 734
64, 18, 399
65, 77, 859
66, 638, 647
67, 896, 984
68, 587, 610
69, 333, 838
70, 437, 478
71, 508, 935
72, 270, 376
73, 575, 1000
74, 287, 308
75, 597, 909
76, 405, 994
77, 372, 738
78, 95, 739
79, 357, 901
80, 305, 700
81, 317, 698
82, 88, 775
83, 70, 962
84, 261, 291
85, 170, 555
86, 685, 846
87, 141, 269
88, 50, 339
89, 642, 800
90, 256, 431
91, 203, 361
92, 705, 784
93, 124, 460
94, 199, 559
95, 139, 624
96, 443, 678
97, 400, 934
98, 789, 948
99, 208, 602
100, 304, 552
101, 32, 897
102, 118, 670
103, 456, 778
104, 80, 520
105, 150, 688
106, 465, 671
107, 10, 385
108, 301, 877
109, 176, 847
110, 218, 906
111, 328, 524
112, 488, 769
113, 793, 892
114, 4, 130
115, 290, 554
116, 404, 424
117, 598, 805
118, 135, 252
119, 234, 895
120, 29, 169
121, 324, 915
122, 51, 676
123, 394, 462
124, 635, 995
125, 154, 312
126, 521, 910
127, 425, 973
128, 659, 706
129, 373, 377
130, 716, 755
131, 281, 663
132, 5, 740
133, 515, 704
134, 487, 955
135, 33, 743
136, 543, 759
137, 9, 811
138, 177, 589
139, 38, 925
140, 346, 855
141, 219, 232
142, 611, 702
143, 84, 772
144, 92, 513
145, 171, 753
146, 412, 978
147, 240, 330
148, 1, 296
149, 350, 536
150, 444, 566
151, 181, 600
152, 46, 129
153, 153, 364
154, 48, 396
155, 42, 853
156, 152, 636
157, 55, 64
158, 547, 674
159, 89, 923
160, 52, 798
161, 156, 175
162, 244, 871
163, 194, 275
164, 378, 938
165, 349, 833
166, 867, 933
167, 162, 904
168, 100, 392
169, 469, 607
170, 857, 884
171, 220, 823
172, 310, 604
173, 428, 558
174, 210, 338
175, 110, 996
176, 448, 837
177, 94, 402
178, 112, 347
179, 97, 249
180, 590, 679
181, 314, 942
182, 44, 870
183, 231, 869
184, 302, 596
185, 39, 992
186, 300, 874
187, 571, 960
188, 215, 812
189, 341, 646
190, 401, 649
191, 159, 886
192, 876, 963
193, 435, 470
194, 22, 957
195, 207, 785
196, 242, 911
197, 101, 354
198, 116, 697
199, 6, 826
200, 577, 816
201, 138, 818
202, 43, 519
203, 160, 807
204, 727, 887
205, 189, 525
206, 432, 796
207, 163, 433
208, 204, 617
209, 335, 447
210, 41, 673
211, 126, 652
212, 283, 351
213, 197, 856
214, 398, 626
215, 548, 564
216, 363, 888
217, 74, 473
218, 507, 621
219, 230, 511
220, 429, 490
221, 13, 388
222, 137, 185
223, 619, 940
224, 658, 902
225, 78, 718
226, 68, 173
227, 7, 953
228, 87, 991
229, 15, 806
230, 499, 899
231, 66, 707
232, 2, 997
233, 59, 643
234, 383, 883
235, 795, 929
236, 21, 474
237, 421, 625
238, 342, 380
239, 119, 880
240, 451, 777
241, 549, 964
242, 581, 928
243, 682, 930
244, 132, 908
245, 410, 709
246, 49, 606
247, 862, 881
248, 201, 802
249, 134, 172
250, 637, 977
251, 253, 656
252, 345, 731
253, 235, 423
254, 202, 737
255, 99, 523
256, 334, 601
257, 390, 516
258, 211, 593
259, 522, 918
260, 512, 729
261, 27, 809
262, 563, 721
263, 825, 937
264, 37, 445
265, 362, 368
266, 67, 491
267, 221, 640
268, 192, 999
269, 461, 565
270, 735, 788
271, 273, 360
272, 537, 720
273, 947, 959
274, 416, 754
275, 71, 573
276, 355, 917
277, 367, 932
278, 664, 844
279, 486, 609
280, 298, 773
281, 113, 418
282, 69, 629
283, 248, 879
284, 149, 834
285, 579, 882
286, 105, 782
287, 574, 912
288, 54, 644
289, 715, 791
290, 20, 389
291, 449, 693
292, 123, 578
293, 255, 572
294, 569, 620
295, 236, 950
296, 30, 645
297, 323, 669
298, 794, 842
299, 34, 692
300, 464, 542
301, 191, 382
302, 93, 770
303, 35, 726
304, 289, 348
305, 420, 439
306, 514, 628
307, 453, 972
308, 582, 894
309, 535, 660
310, 79, 518
311, 271, 745
312, 455, 489
313, 182, 804
314, 588, 958
315, 695, 924
316, 40, 771
317, 36, 472
318, 466, 943
319, 214, 852
320, 821, 851
321, 653, 712
322, 779, 949
323, 662, 988
324, 246, 375
325, 344, 502
326, 90, 863
327, 845, 954
328, 19, 849
329, 320, 967
330, 436, 580
331, 75, 614
332, 841, 970
333, 268, 976
334, 316, 492
335, 321, 327
336, 222, 765
337, 72, 471
338, 299, 710
339, 452, 498
340, 166, 223
341, 133, 993
342, 228, 815
343, 551, 736
344, 259, 945
345, 82, 684
346, 125, 337
347, 213, 340
348, 689, 873
349, 24, 529
350, 178, 395
351, 184, 824
352, 599, 634
353, 158, 311
354, 65, 131
355, 749, 861
356, 227, 829
357, 217, 875
358, 233, 586
359, 61, 854
360, 60, 538
361, 408, 916
362, 325, 648
363, 200, 803
364, 774, 905
365, 501, 783
366, 426, 920
367, 860, 868
368, 96, 546
369, 477, 677
370, 147, 459
371, 332, 534
372, 766, 792
373, 539, 776
374, 808, 966
375, 393, 541
376, 28, 866
377, 668, 742
378, 441, 613
379, 237, 407
380, 561, 780
381, 500, 939
382, 262, 922
383, 225, 627
384, 496, 878
385, 180, 531
386, 258, 889
387, 295, 946
388, 369, 760
389, 921, 982
390, 62, 666
391, 528, 657
392, 167, 630
393, 711, 850
394, 651, 781
395, 336, 694
396, 186, 907
397, 23, 843
398, 595, 858
399, 419, 584
400, 17, 326
401, 681, 701
402, 277, 533
403, 752, 828
404, 120, 264
405, 85, 762
406, 457, 974
407, 415, 998
408, 618, 723
409, 719, 890
410, 274, 975
411, 526, 748
412, 450, 622
413, 504, 725
414, 45, 722
415, 3, 353
416, 190, 903
417, 696, 865
418, 224, 239
419, 104, 494
420, 53, 143
421, 292, 764
422, 297, 983
423, 183, 763
424, 254, 810
425, 16, 830
426, 592, 848
427, 140, 641
428, 708, 931
429, 56, 891
430, 57, 442
431, 121, 623
432, 117, 691
433, 257, 687
434, 108, 986
435, 446, 527
436, 212, 797
437, 179, 699
438, 241, 730
439, 839, 956
440, 73, 732
441, 107, 985
442, 510, 594
443, 381, 836
444, 585, 990
445, 272, 322
446, 145, 639
447, 206, 366
448, 532, 751
449, 315, 379
450, 265, 758
451, 840, 898
452, 114, 495
453, 476, 545
454, 151, 493
455, 58, 968
456, 411, 744
457, 583, 591
458, 251, 374
459, 284, 294
460, 430, 801
461, 187, 479
462, 91, 503
463, 14, 632
464, 293, 506
465, 168, 288
466, 914, 919
467, 352, 454
468, 463, 799
469, 109, 680
470, 106, 576
471, 266, 951
472, 146, 434
473, 413, 605
474, 161, 728
475, 427, 562
476, 387, 458
477, 83, 267
478, 31, 603
479, 650, 733
480, 358, 979
481, 276, 989
482, 690, 900
483, 654, 941
484, 263, 475
485, 403, 556
486, 468, 567
487, 226, 961
488, 280, 484
489, 483, 616
490, 128, 198
491, 243, 703
492, 148, 631
493, 188, 885
494, 193, 540
495, 111, 438
496, 557, 971
497, 661, 936
498, 406, 717
499, 247, 827
500, 115, 672
501, 280, 827
502, 417, 509
503, 343, 746
504, 9, 200
505, 323, 783
506, 210, 702
507, 274, 838
508, 475, 690
509, 5, 929
510, 1, 732
511, 455, 650
512, 155, 558
513, 122, 692
514, 136, 471
515, 246, 589
516, 664, 860
517, 373, 727
518, 491, 909
519, 19, 177
520, 443, 556
521, 183, 973
522, 55, 875
523, 43, 86
524, 181, 699
525, 13, 144
526, 767, 770
527, 835, 888
528, 402, 794
529, 731, 758
530, 622, 790
531, 283, 369
532, 567, 941
533, 36, 572
534, 156, 948
535, 579, 586
536, 102, 568
537, 339, 868
538, 807, 926
539, 404, 942
540, 68, 864
541, 546, 883
542, 21, 135
543, 80, 437
544, 363, 532
545, 630, 856
546, 157, 971
547, 333, 633
548, 822, 978
549, 277, 750
550, 298, 440
551, 331, 922
552, 426, 896
553, 242, 423
554, 592, 976
555, 7, 263
556, 595, 736
557, 336, 713
558, 341, 345
559, 110, 350
560, 394, 698
561, 464, 830
562, 114, 499
563, 521, 585
564, 140, 742
565, 42, 808
566, 642, 837
567, 203, 906
568, 81, 872
569, 27, 427
570, 673, 684
571, 409, 551
572, 33, 812
573, 54, 877
574, 124, 819
575, 422, 541
576, 857, 914
577, 221, 734
578, 414, 720
579, 37, 478
580, 943, 958
581, 501, 961
582, 182, 764
583, 64, 354
584, 162, 530
585, 880, 997
586, 318, 391
587, 232, 375
588, 194, 772
589, 624, 756
590, 406, 672
591, 137, 476
592, 451, 966
593, 489, 696
594, 73, 679
595, 654, 691
596, 413, 1000
597, 255, 445
598, 820, 927
599, 453, 618
600, 436, 867
601, 545, 555
602, 519, 988
603, 610, 933
604, 219, 227
605, 34, 35
606, 83, 134
607, 18, 405
608, 452, 975
609, 253, 821
610, 108, 302
611, 70, 117
612, 498, 680
613, 449, 631
614, 20, 123
615, 300, 454
616, 276, 297
617, 10, 265
618, 596, 661
619, 513, 793
620, 279, 342
621, 184, 987
622, 813, 891
623, 258, 740
624, 266, 565
625, 214, 301
626, 493, 840
627, 386, 803
628, 101, 947
629, 287, 818
630, 59, 786
631, 311, 320
632, 644, 725
633, 57, 212
634, 281, 543
635, 293, 583
636, 52, 201
637, 616, 870
638, 17, 296
639, 38, 873
640, 467, 587
641, 45, 658
642, 176, 815
643, 79, 259
644, 313, 779
645, 314, 549
646, 208, 717
647, 714, 908
648, 24, 652
649, 571, 843
650, 710, 994
651, 8, 69
652, 175, 935
653, 327, 844
654, 514, 848
655, 390, 936
656, 738, 778
657, 538, 955
658, 628, 869
659, 747, 765
660, 198, 969
661, 403, 481
662, 132, 614
663, 878, 959
664, 805, 967
665, 11, 382
666, 138, 651
667, 866, 916
668, 62, 315
669, 524, 584
670, 612, 763
671, 338, 898
672, 78, 687
673, 148, 260
674, 29, 415
675, 438, 932
676, 190, 205
677, 71, 389
678, 153, 161
679, 410, 802
680, 531, 656
681, 681, 709
682, 665, 970
683, 535, 576
684, 121, 762
685, 228, 470
686, 72, 216
687, 518, 569
688, 789, 797
689, 82, 990
690, 522, 956
691, 351, 832
692, 254, 804
693, 204, 810
694, 385, 991
695, 349, 533
696, 96, 511
697, 67, 890
698, 143, 824
699, 84, 671
700, 377, 912
701, 411, 574
702, 103, 560
703, 268, 708
704, 131, 179
705, 332, 749
706, 237, 611
707, 128, 479
708, 248, 792
709, 683, 982
710, 606, 903
711, 113, 286
712, 550, 760
713, 197, 897
714, 129, 240
715, 494, 554
716, 174, 931
717, 563, 718
718, 766, 784
719, 347, 608
720, 367, 879
721, 502, 525
722, 798, 985
723, 588, 788
724, 257, 466
725, 495, 517
726, 399, 799
727, 590, 693
728, 325, 456
729, 236, 751
730, 547, 962
731, 400, 468
732, 362, 855
733, 637, 646
734, 48, 921
735, 15, 361
736, 104, 776
737, 217, 996
738, 126, 755
739, 91, 591
740, 635, 685
741, 251, 431
742, 346, 504
743, 688, 984
744, 719, 989
745, 472, 711
746, 430, 705
747, 536, 706
748, 465, 781
749, 474, 874
750, 118, 371
751, 335, 670
752, 648, 689
753, 191, 865
754, 348, 450
755, 600, 871
756, 603, 836
757, 444, 704
758, 256, 316
759, 598, 889
760, 433, 850
761, 267, 945
762, 512, 796
763, 845, 847
764, 218, 365
765, 77, 768
766, 31, 116
767, 120, 147
768, 149, 434
769, 570, 920
770, 626, 695
771, 432, 442
772, 92, 839
773, 60, 243
774, 344, 566
775, 90, 180
776, 469, 552
777, 187, 697
778, 76, 769
779, 516, 615
780, 418, 741
781, 241, 355
782, 893, 918
783, 814, 846
784, 353, 564
785, 272, 904
786, 168, 575
787, 421, 539
788, 462, 773
789, 629, 977
790, 500, 662
791, 561, 757
792, 823, 938
793, 326, 537
794, 278, 407
795, 833, 986
796, 50, 668
797, 93, 238
798, 396, 510
799, 224, 716
800, 215, 944
801, 173, 722
802, 459, 726
803, 795, 892
804, 497, 834
805, 381, 999
806, 580, 787
807, 388, 825
808, 831, 885
809, 115, 761
810, 231, 735
811, 420, 647
812, 284, 490
813, 657, 968
814, 247, 306
815, 707, 998
816, 319, 801
817, 75, 609
818, 226, 791
819, 233, 307
820, 213, 620
821, 492, 952
822, 597, 625
823, 640, 854
824, 22, 357
825, 655, 995
826, 172, 882
827, 2, 700
828, 165, 264
829, 408, 594
830, 163, 974
831, 235, 484
832, 639, 811
833, 46, 428
834, 192, 649
835, 520, 636
836, 321, 666
837, 463, 562
838, 249, 806
839, 12, 273
840, 447, 461
841, 730, 934
842, 544, 907
843, 305, 686
844, 14, 723
845, 98, 378
846, 601, 923
847, 89, 496
848, 250, 309
849, 44, 473
850, 58, 915
851, 193, 817
852, 85, 303
853, 142, 166
854, 125, 919
855, 41, 774
856, 105, 852
857, 106, 581
858, 225, 599
859, 424, 861
860, 310, 446
861, 739, 886
862, 158, 910
863, 602, 949
864, 169, 619
865, 206, 965
866, 329, 911
867, 392, 728
868, 412, 849
869, 360, 486
870, 448, 729
871, 167, 370
872, 185, 748
873, 337, 542
874, 460, 826
875, 40, 660
876, 529, 669
877, 6, 109
878, 61, 853
879, 275, 523
880, 146, 387
881, 207, 745
882, 715, 899
883, 330, 397
884, 841, 913
885, 800, 983
886, 593, 917
887, 288, 419
888, 334, 842
889, 164, 777
890, 66, 87
891, 95, 876
892, 359, 721
893, 304, 324
894, 632, 724
895, 154, 457
896, 220, 366
897, 954, 993
898, 485, 623
899, 74, 829
900, 139, 951
901, 245, 964
902, 526, 884
903, 528, 901
904, 294, 559
905, 682, 928
906, 94, 733
907, 88, 398
908, 170, 458
909, 195, 548
910, 171, 701
911, 775, 895
912, 3, 482
913, 291, 356
914, 395, 674
915, 754, 925
916, 352, 364
917, 441, 752
918, 368, 744
919, 130, 152
920, 229, 979
921, 667, 759
922, 312, 380
923, 230, 322
924, 435, 534
925, 100, 262
926, 480, 577
927, 26, 963
928, 676, 737
929, 23, 780
930, 99, 199
931, 605, 638
932, 56, 659
933, 239, 881
934, 271, 292
935, 285, 374
936, 244, 540
937, 111, 653
938, 582, 939
939, 119, 159
940, 16, 613
941, 924, 972
942, 28, 150
943, 429, 508
944, 515, 771
945, 160, 261
946, 4, 980
947, 186, 863
948, 641, 678
949, 39, 112
950, 900, 937
951, 477, 905
952, 379, 981
953, 488, 573
954, 252, 376
955, 196, 703
956, 49, 393
957, 487, 809
958, 269, 439
959, 222, 617
960, 372, 953
961, 53, 290
962, 743, 894
963, 47, 816
964, 506, 553
965, 141, 527
966, 133, 503
967, 65, 425
968, 604, 992
969, 308, 677
970, 328, 960
971, 145, 202
972, 663, 930
973, 25, 416
974, 234, 358
975, 289, 505
976, 299, 340
977, 712, 957
978, 63, 295
979, 607, 753
980, 557, 940
981, 209, 859
982, 627, 643
983, 384, 902
984, 282, 946
985, 127, 645
986, 30, 828
987, 151, 785
988, 32, 887
989, 189, 211
990, 223, 383
991, 107, 675
992, 270, 621
993, 51, 317
994, 188, 578
995, 178, 634
996, 401, 694
997, 97, 851
998, 483, 858
999, 507, 950
1000, 782, 862
1001, 116, 406
1002, 487, 851
1003, 756, 905
1004, 247, 643
1005, 22, 814
1006, 9, 314
1007, 189, 470
1008, 130, 697
1009, 258, 748
1010, 6, 917
1011, 535, 755
1012, 207, 808
1013, 272, 706
1014, 732, 925
1015, 26, 588
1016, 437, 674
1017, 33, 80
1018, 372, 443
1019, 609, 793
1020, 59, 884
1021, 169, 820
1022, 841, 946
1023, 365, 608
1024, 78, 902
1025, 340, 921
1026, 584, 618
1027, 482, 527
1028, 195, 390
1029, 679, 776
1030, 139, 212
1031, 334, 383
1032, 328, 997
1033, 542, 932
1034, 106, 386
1035, 67, 548
1036, 241, 742
1037, 176, 897
1038, 821, 832
1039, 38, 973
1040, 194, 681
1041, 63, 922
1042, 838, 862
1043, 72, 530
1044, 722, 991
1045, 481, 894
1046, 91, 953
1047, 417, 745
1048, 478, 704
1049, 602, 733
1050, 502, 545
1051, 599, 937
1052, 64, 440
1053, 339, 961
1054, 436, 468
1055, 156, 277
1056, 249, 622
1057, 349, 708
1058, 81, 615
1059, 355, 538
1060, 729, 978
1061, 347, 907
1062, 736, 936
1063, 85, 677
1064, 541, 598
1065, 387, 986
1066, 466, 503
1067, 332, 822
1068, 3, 149
1069, 56, 171
1070, 861, 869
1071, 901, 988
1072, 398, 426
1073, 159, 360
1074, 507, 874
1075, 550, 629
1076, 48, 561
1077, 411, 587
1078, 82, 373
1079, 211, 651
1080, 352, 975
1081, 113, 778
1082, 84, 182
1083, 101, 974
1084, 115, 385
1085, 123, 547
1086, 243, 570
1087, 491, 554
1088, 100, 586
1089, 431, 858
1090, 873, 965
1091, 120, 265
1092, 230, 955
1093, 217, 220
1094, 55, 396
1095, 10, 611
1096, 313, 650
1097, 522, 604
1098, 680, 798
1099, 125, 815
1100, 818, 944
1101, 219, 702
1102, 71, 879
1103, 233, 945
1104, 51, 531
1105, 713, 896
1106, 305, 984
1107, 170, 214
1108, 774, 887
1109, 152, 330
1110, 179, 687
1111, 16, 494
1112, 441, 823
1113, 388, 580
1114, 197, 654
1115, 268, 329
1116, 286, 455
1117, 786, 852
1118, 94, 533
1119, 337, 960
1120, 253, 309
1121, 259, 731
1122, 137, 226
1123, 876, 916
1124, 350, 399
1125, 367, 412
1126, 638, 843
1127, 283, 952
1128, 714, 715
1129, 162, 976
1130, 853, 878
1131, 103, 345
1132, 438, 999
1133, 30, 648
1134, 133, 380
1135, 663, 738
1136, 43, 875
1137, 301, 682
1138, 202, 552
1139, 394, 423
1140, 515, 653
1141, 34, 830
1142, 450, 576
1143, 649, 752
1144, 107, 639
1145, 19, 218
1146, 457, 892
1147, 118, 472
1148, 204, 768
1149, 430, 524
1150, 299, 311
1151, 781, 899
1152, 119, 153
1153, 273, 479
1154, 264, 559
1155, 358, 620
1156, 296, 676
1157, 465, 765
1158, 516, 635
1159, 424, 813
1160, 54, 998
1161, 315, 477
1162, 637, 782
1163, 129, 741
1164, 496, 709
1165, 44, 83
1166, 510, 746
1167, 568, 938
1168, 799, 980
1169, 108, 640
1170, 300, 719
1171, 512, 753
1172, 295, 824
1173, 668, 806
1174, 453, 906
1175, 636, 666
1176, 734, 807
1177, 224, 562
1178, 456, 919
1179, 761, 933
1180, 758, 943
1181, 505, 728
1182, 384, 405
1183, 628, 816
1184, 239, 885
1185, 287, 603
1186, 161, 597
1187, 203, 452
1188, 389, 855
1189, 281, 804
1190, 188, 612
1191, 461, 688
1192, 58, 617
1193, 201, 564
1194, 93, 966
1195, 435, 934
1196, 49, 819
1197, 381, 910
1198, 359, 670
1199, 110, 817
1200, 126, 969
1201, 890, 989
1202, 303, 473
1203, 29, 673
1204, 193, 893
1205, 15, 792
1206, 374, 942
1207, 190, 610
1208, 514, 868
1209, 138, 935
1210, 526, 865
1211, 168, 177
1212, 192, 449
1213, 86, 593
1214, 811, 993
1215, 557, 614
1216, 297, 401
1217, 90, 689
1218, 354, 805
1219, 511, 585
1220, 237, 451
1221, 883, 959
1222, 42, 164
1223, 150, 606
1224, 104, 594
1225, 292, 877
1226, 127, 785
1227, 382, 985
1228, 475, 579
1229, 227, 462
1230, 523, 716
1231, 318, 895
1232, 11, 790
1233, 317, 760
1234, 290, 447
1235, 517, 763
1236, 362, 428
1237, 678, 909
1238, 342, 621
1239, 927, 957
1240, 122, 335
1241, 24, 60
1242, 338, 397
1243, 136, 326
1244, 368, 829
1245, 316, 458
1246, 582, 750
1247, 684, 783
1248, 302, 766
1249, 275, 691
1250, 395, 759
1251, 17, 870
1252, 433, 488
1253, 1, 444
1254, 660, 683
1255, 41, 270
1256, 377, 995
1257, 743, 956
1258, 772, 939
1259, 483, 509
1260, 361, 860
1261, 145, 403
1262, 460, 931
1263, 787, 912
1264, 556, 859
1265, 47, 413
1266, 694, 700
1267, 183, 344
1268, 4, 951
1269, 147, 492
1270, 723, 749
1271, 647, 671
1272, 519, 543
1273, 657, 797
1274, 459, 954
1275, 98, 623
1276, 35, 69
1277, 379, 915
1278, 506, 513
1279, 363, 712
1280, 324, 619
1281, 57, 284
1282, 391, 540
1283, 498, 810
1284, 521, 825
1285, 178, 775
1286, 213, 979
1287, 404, 940
1288, 70, 357
1289, 720, 882
1290, 642, 788
1291, 89, 725
1292, 180, 866
1293, 216, 692
1294, 112, 686
1295, 225, 981
1296, 229, 583
1297, 235, 632
1298, 595, 669
1299, 206, 930
1300, 464, 549
1301, 420, 844
1302, 370, 480
1303, 703, 784
1304, 221, 627
1305, 117, 563
1306, 148, 231
1307, 454, 796
1308, 45, 575
1309, 36, 128
1310, 871, 992
1311, 467, 762
1312, 655, 889
1313, 174, 422
1314, 520, 645
1315, 167, 727
1316, 14, 754
1317, 99, 872
1318, 50, 847
1319, 240, 408
1320, 304, 469
1321, 25, 675
1322, 789, 904
1323, 336, 914
1324, 40, 764
1325, 172, 801
1326, 141, 560
1327, 293, 948
1328, 5, 419
1329, 74, 278
1330, 65, 996
1331, 898, 913
1332, 497, 849
1333, 809, 839
1334, 333, 672
1335, 769, 837
1336, 310, 322
1337, 751, 833
1338, 504, 881
1339, 307, 888
1340, 573, 656
1341, 803, 864
1342, 534, 791
1343, 495, 707
1344, 321, 850
1345, 88, 351
1346, 427, 848
1347, 210, 288
1348, 646, 777
1349, 525, 950
1350, 32, 590
1351, 572, 918
1352, 371, 485
1353, 616, 826
1354, 53, 476
1355, 341, 532
1356, 111, 962
1357, 589, 721
1358, 410, 690
1359, 199, 891
1360, 418, 903
1361, 175, 963
1362, 31, 135
1363, 699, 739
1364, 445, 574
1365, 486, 800
1366, 269, 958
1367, 92, 968
1368, 581, 644
1369, 7, 685
1370, 331, 463
1371, 198, 779
1372, 565, 920
1373, 257, 771
1374, 143, 747
1375, 356, 633
1376, 160, 185
1377, 242, 279
1378, 415, 812
1379, 18, 267
1380, 97, 863
1381, 773, 836
1382, 439, 607
1383, 46, 151
1384, 146, 551
1385, 613, 696
1386, 12, 730
1387, 21, 327
1388, 102, 846
1389, 569, 845
1390, 366, 378
1391, 28, 254
1392, 61, 701
1393, 208, 353
1394, 200, 695
1395, 187, 325
1396, 641, 840
1397, 289, 828
1398, 710, 908
1399, 886, 941
1400, 343, 698
1401, 600, 770
1402, 262, 402
1403, 234, 802
1404, 181, 949
1405, 77, 432
1406, 37, 867
1407, 142, 154
1408, 20, 260
1409, 298, 967
1410, 323, 571
1411, 274, 276
1412, 425, 926
1413, 114, 740
1414, 39, 508
1415, 140, 578
1416, 256, 705
1417, 215, 923
1418, 155, 661
1419, 244, 471
1420, 245, 924
1421, 407, 834
1422, 306, 490
1423, 261, 983
1424, 232, 558
1425, 767, 842
1426, 291, 662
1427, 319, 631
1428, 132, 964
1429, 591, 794
1430, 448, 972
1431, 248, 369
1432, 163, 693
1433, 421, 489
1434, 625, 990
1435, 446, 971
1436, 501, 982
1437, 191, 518
1438, 124, 539
1439, 186, 252
1440, 601, 929
1441, 251, 280
1442, 348, 375
1443, 726, 780
1444, 196, 567
1445, 109, 157
1446, 75, 282
1447, 2, 320
1448, 121, 484
1449, 555, 718
1450, 238, 263
1451, 95, 429
1452, 134, 228
1453, 659, 947
1454, 8, 312
1455, 577, 667
1456, 158, 255
1457, 376, 658
1458, 266, 537
1459, 27, 414
1460, 166, 605
1461, 474, 970
1462, 184, 529
1463, 105, 416
1464, 13, 827
1465, 173, 222
1466, 131, 757
1467, 500, 724
1468, 624, 831
1469, 209, 911
1470, 165, 630
1471, 294, 434
1472, 546, 856
1473, 285, 493
1474, 246, 1000
1475, 553, 977
1476, 205, 536
1477, 346, 857
1478, 76, 400
1479, 626, 735
1480, 308, 665
1481, 409, 592
1482, 62, 900
1483, 392, 987
1484, 393, 854
1485, 52, 87
1486, 364, 737
1487, 652, 664
1488, 544, 835
1489, 271, 711
1490, 73, 250
1491, 144, 236
1492, 528, 717
1493, 744, 928
1494, 499, 795
1495, 223, 596
1496, 68, 96
1497, 79, 994
1498, 23, 442
1499, 66, 880
1500, 566, 634
1501, 232, 699
1502, 235, 338
1503, 591, 676
1504, 186, 596
1505, 754, 773
1506, 545, 957
1507, 501, 958
1508, 187, 584
1509, 328, 395
1510, 60, 675
1511, 442, 701
1512, 678, 709
1513, 73, 878
1514, 98, 503
1515, 31, 525
1516, 388, 469
1517, 719, 997
1518, 932, 977
1519, 84, 902
1520, 249, 999
1521, 755, 952
1522, 236, 421
1523, 58, 992
1524, 639, 763
1525, 683, 802
1526, 482, 541
1527, 47, 80
1528, 654, 841
1529, 269, 314
1530, 444, 829
1531, 734, 822
1532, 571, 687
1533, 268, 769
1534, 530, 851
1535, 85, 410
1536, 614, 875
1537, 896, 948
1538, 359, 381
1539, 216, 609
1540, 389, 995
1541, 401, 908
1542, 133, 873
1543, 293, 308
1544, 620, 669
1545, 427, 988
1546, 180, 208
1547, 611, 882
1548, 211, 264
1549, 398, 978
1550, 806, 955
1551, 621, 761
1552, 587, 743
1553, 313, 917
1554, 693, 965
1555, 222, 767
1556, 408, 818
1557, 90, 844
1558, 45, 83
1559, 642, 664
1560, 238, 787
1561, 57, 680
1562, 44, 674
1563, 560, 845
1564, 538, 874
1565, 299, 617
1566, 175, 304
1567, 728, 884
1568, 876, 927
1569, 66, 951
1570, 23, 226
1571, 694, 901
1572, 412, 716
1573, 124, 935
1574, 349, 859
1575, 306, 441
1576, 690, 749
1577, 104, 225
1578, 471, 821
1579, 210, 781
1580, 125, 619
1581, 176, 240
1582, 563, 645
1583, 336, 959
1584, 179, 321
1585, 93, 215
1586, 532, 540
1587, 391, 607
1588, 351, 371
1589, 837, 972
1590, 94, 263
1591, 219, 762
1592, 397, 419
1593, 257, 990
1594, 850, 964
1595, 163, 296
1596, 207, 498
1597, 162, 197
1598, 353, 634
1599, 260, 889
1600, 202, 708
1601, 590, 998
1602, 171, 322
1603, 310, 370
1604, 113, 466
1605, 256, 465
1606, 753, 788
1607, 25, 918
1608, 438, 602
1609, 159, 747
1610, 198, 303
1611, 403, 686
1612, 373, 865
1613, 483, 516
1614, 70, 135
1615, 449, 597
1616, 212, 463
1617, 65, 562
1618, 774, 775
1619, 392, 601
1620, 941, 966
1621, 477, 485
1622, 610, 894
1623, 628, 866
1624, 721, 937
1625, 553, 792
1626, 143, 736
1627, 109, 828
1628, 405, 800
1629, 172, 550
1630, 506, 659
1631, 273, 615
1632, 120, 527
1633, 154, 912
1634, 36, 102
1635, 629, 697
1636, 632, 984
1637, 468, 657
1638, 161, 433
1639, 81, 417
1640, 343, 561
1641, 262, 740
1642, 74, 712
1643, 9, 480
1644, 51, 325
1645, 251, 481
1646, 679, 975
1647, 809, 848
1648, 484, 812
1649, 317, 326
1650, 627, 766
1651, 377, 807
1652, 671, 856
1653, 54, 77
1654, 287, 543
1655, 302, 502
1656, 589, 903
1657, 418, 524
1658, 253, 685
1659, 335, 993
1660, 585, 784
1661, 291, 519
1662, 724, 887
1663, 644, 813
1664, 122, 744
1665, 259, 374
1666, 5, 950
1667, 6, 929
1668, 368, 836
1669, 152, 446
1670, 91, 181
1671, 786, 974
1672, 111, 864
1673, 239, 858
1674, 333, 367
1675, 284, 595
1676, 191, 301
1677, 577, 663
1678, 670, 835
1679, 247, 575
1680, 155, 893
1681, 46, 234
1682, 650, 780
1683, 130, 578
1684, 267, 425
1685, 467, 854
1686, 455, 727
1687, 69, 189
1688, 383, 635
1689, 10, 199
1690, 551, 911
1691, 330, 535
1692, 131, 877
1693, 707, 933
1694, 115, 134
1695, 309, 366
1696, 22, 713
1697, 71, 636
1698, 30, 311
1699, 218, 909
1700, 265, 795
1701, 59, 862
1702, 888, 976
1703, 661, 702
1704, 416, 985
1705, 648, 925
1706, 246, 692
1707, 67, 915
1708, 50, 552
1709, 68, 718
1710, 453, 953
1711, 61, 698
1712, 223, 892
1713, 241, 738
1714, 470, 714
1715, 126, 899
1716, 499, 630
1717, 99, 200
1718, 97, 456
1719, 203, 625
1720, 318, 689
1721, 454, 474
1722, 385, 838
1723, 114, 944
1724, 376, 557
1725, 387, 487
1726, 255, 731
1727, 3, 237
1728, 529, 656
1729, 756, 783
1730, 439, 462
1731, 339, 638
1732, 340, 546
1733, 539, 717
1734, 357, 411
1735, 732, 963
1736, 1, 48
1737, 230, 947
1738, 473, 987
1739, 361, 570
1740, 857, 928
1741, 327, 452
1742, 209, 970
1743, 332, 682
1744, 582, 778
1745, 190, 832
1746, 229, 842
1747, 334, 945
1748, 423, 458
1749, 518, 605
1750, 497, 647
1751, 752, 996
1752, 633, 791
1753, 393, 673
1754, 252, 355
1755, 407, 847
1756, 7, 613
1757, 735, 922
1758, 220, 312
1759, 174, 598
1760, 445, 940
1761, 95, 921
1762, 281, 362
1763, 315, 891
1764, 206, 816
1765, 4, 243
1766, 32, 623
1767, 637, 798
1768, 107, 459
1769, 565, 772
1770, 364, 668
1771, 151, 843
1772, 205, 831
1773, 566, 994
1774, 149, 805
1775, 495, 794
1776, 572, 706
1777, 764, 904
1778, 139, 715
1779, 157, 594
1780, 183, 646
1781, 2, 40
1782, 358, 907
1783, 479, 510
1784, 63, 185
1785, 434, 504
1786, 103, 108
1787, 92, 100
1788, 177, 515
1789, 808, 883
1790, 695, 779
1791, 820, 961
1792, 105, 660
1793, 652, 672
1794, 166, 641
1795, 741, 860
1796, 422, 522
1797, 213, 581
1798, 26, 631
1799, 790, 804
1800, 834, 989
1801, 245, 667
1802, 8, 688
1803, 705, 930
1804, 129, 196
1805, 329, 488
1806, 536, 542
1807, 167, 677
1808, 38, 655
1809, 288, 916
1810, 277, 316
1811, 380, 662
1812, 244, 946
1813, 224, 868
1814, 295, 817
1815, 41, 796
1816, 214, 969
1817, 33, 280
1818, 121, 170
1819, 559, 931
1820, 153, 853
1821, 710, 986
1822, 354, 890
1823, 27, 898
1824, 12, 494
1825, 319, 982
1826, 448, 826
1827, 435, 476
1828, 490, 626
1829, 475, 567
1830, 782, 849
1831, 526, 980
1832, 87, 345
1833, 867, 869
1834, 79, 258
1835, 437, 793
1836, 292, 511
1837, 82, 346
1838, 18, 324
1839, 534, 603
1840, 564, 872
1841, 276, 939
1842, 270, 684
1843, 140, 725
1844, 350, 378
1845, 286, 905
1846, 431, 604
1847, 34, 900
1848, 486, 606
1849, 599, 906
1850, 49, 514
1851, 20, 150
1852, 285, 337
1853, 169, 962
1854, 871, 991
1855, 52, 78
1856, 37, 342
1857, 86, 770
1858, 305, 785
1859, 580, 983
1860, 420, 429
1861, 127, 426
1862, 106, 231
1863, 112, 261
1864, 266, 745
1865, 88, 803
1866, 700, 855
1867, 146, 406
1868, 117, 512
1869, 356, 555
1870, 72, 830
1871, 544, 967
1872, 96, 394
1873, 297, 771
1874, 204, 737
1875, 344, 733
1876, 145, 846
1877, 496, 981
1878, 165, 460
1879, 21, 757
1880, 62, 156
1881, 681, 936
1882, 274, 509
1883, 457, 810
1884, 76, 402
1885, 42, 938
1886, 119, 696
1887, 396, 881
1888, 289, 491
1889, 436, 593
1890, 588, 861
1891, 16, 331
1892, 870, 880
1893, 43, 279
1894, 283, 440
1895, 11, 895
1896, 521, 934
1897, 531, 799
1898, 15, 711
1899, 195, 363
1900, 141, 320
1901, 750, 1000
1902, 221, 691
1903, 375, 739
1904, 248, 723
1905, 242, 447
1906, 424, 926
1907, 294, 413
1908, 352, 592
1909, 528, 852
1910, 178, 360
1911, 472, 500
1912, 254, 776
1913, 365, 886
1914, 64, 726
1915, 347, 432
1916, 608, 910
1917, 35, 250
1918, 478, 574
1919, 720, 960
1920, 116, 789
1921, 913, 923
1922, 227, 549
1923, 379, 415
1924, 233, 973
1925, 400, 556
1926, 414, 464
1927, 489, 533
1928, 193, 547
1929, 341, 583
1930, 39, 758
1931, 101, 839
1932, 451, 461
1933, 24, 579
1934, 765, 914
1935, 649, 666
1936, 184, 919
1937, 323, 348
1938, 300, 971
1939, 568, 777
1940, 53, 746
1941, 576, 863
1942, 136, 768
1943, 508, 730
1944, 144, 513
1945, 56, 517
1946, 520, 823
1947, 443, 618
1948, 168, 428
1949, 665, 825
1950, 272, 282
1951, 89, 729
1952, 138, 493
1953, 128, 760
1954, 164, 600
1955, 643, 801
1956, 369, 372
1957, 751, 943
1958, 507, 622
1959, 123, 612
1960, 569, 954
1961, 55, 653
1962, 548, 824
1963, 158, 815
1964, 137, 748
1965, 271, 979
1966, 29, 924
1967, 160, 759
1968, 75, 722
1969, 275, 624
1970, 17, 118
1971, 399, 797
1972, 382, 651
1973, 192, 703
1974, 307, 840
1975, 640, 897
1976, 201, 704
1977, 194, 949
1978, 14, 28
1979, 13, 586
1980, 110, 968
1981, 217, 833
1982, 132, 173
1983, 386, 404
1984, 658, 811
1985, 228, 956
1986, 819, 942
1987, 430, 920
1988, 390, 742
1989, 142, 182
1990, 290, 523
1991, 558, 814
1992, 298, 384
1993, 492, 537
1994, 19, 616
1995, 188, 450
1996, 827, 879
1997, 554, 573
1998, 148, 409
1999, 147, 885
2000, 278, 505
2001, 458, 754
2002, 534, 769
2003, 149, 608
2004, 300, 542
2005, 285, 778
2006, 387, 842
2007, 570, 944
2008, 382, 894
2009, 589, 879
2010, 119, 160
2011, 181, 483
2012, 305, 745
2013, 607, 833
2014, 188, 201
2015, 14, 936
2016, 26, 186
2017, 313, 934
2018, 93, 581
2019, 299, 420
2020, 185, 892
2021, 41, 493
2022, 12, 612
2023, 61, 365
2024, 132, 835
2025, 60, 623
2026, 273, 514
2027, 829, 834
2028, 334, 890
2029, 16, 699
2030, 297, 377
2031, 219, 533
2032, 142, 436
2033, 619, 753
2034, 393, 645
2035, 464, 470
2036, 354, 462
2037, 322, 599
2038, 395, 678
2039, 675, 845
2040, 274, 331
2041, 262, 412
2042, 625, 657
2043, 644, 905
2044, 456, 873
2045, 58, 257
2046, 719, 755
2047, 561, 772
2048, 225, 796
2049, 362, 416
2050, 33, 346
2051, 495, 776
2052, 519, 604
2053, 151, 908
2054, 651, 813
2055, 653, 780
2056, 227, 991
2057, 752, 759
2058, 419, 862
2059, 245, 427
2060, 288, 543
2061, 713, 957
2062, 235, 981
2063, 2, 757
2064, 494, 822
2065, 176, 1000
2066, 328, 771
2067, 507, 620
2068, 528, 646
2069, 37, 728
2070, 576, 683
2071, 531, 941
2072, 47, 133
2073, 241, 692
2074, 326, 860
2075, 192, 207
2076, 95, 826
2077, 521, 942
2078, 478, 522
2079, 423, 850
2080, 511, 597
2081, 351, 484
2082, 317, 449
2083, 525, 975
2084, 70, 179
2085, 267, 673
2086, 347, 872
2087, 709, 802
2088, 541, 812
2089, 92, 582
2090, 278, 946
2091, 223, 415
2092, 356, 882
2093, 74, 674
2094, 10, 94
2095, 350, 953
2096, 65, 925
2097, 234, 710
2098, 51, 238
2099, 195, 438
2100, 640, 940
2101, 477, 691
2102, 184, 711
2103, 530, 536
2104, 572, 742
2105, 34, 254
2106, 401, 661
2107, 466, 642
2108, 392, 785
2109, 902, 961
2110, 103, 878
2111, 448, 986
2112, 554, 913
2113, 135, 799
2114, 264, 960
2115, 441, 897
2116, 210, 980
2117, 25, 616
2118, 140, 930
2119, 500, 558
2120, 271, 337
2121, 567, 703
2122, 84, 367
2123, 124, 360
2124, 452, 508
2125, 408, 512
2126, 575, 685
2127, 115, 233
2128, 370, 969
2129, 319, 912
2130, 376, 566
2131, 35, 389
2132, 116, 839
2133, 809, 898
2134, 216, 634
2135, 414, 586
2136, 15, 231
2137, 403, 577
2138, 486, 588
2139, 104, 805
2140, 82, 723
2141, 386, 563
2142, 29, 164
2143, 21, 292
2144, 169, 906
2145, 97, 404
2146, 880, 937
2147, 211, 551
2148, 363, 979
2149, 632, 964
2150, 324, 595
2151, 243, 994
2152, 5, 52
2153, 229, 874
2154, 378, 824
2155, 166, 384
2156, 87, 615
2157, 134, 315
2158, 368, 465
2159, 172, 907
2160, 330, 884
2161, 506, 916
2162, 321, 852
2163, 226, 529
2164, 503, 552
2165, 64, 311
2166, 122, 983
2167, 182, 250
2168, 212, 794
2169, 3, 851
2170, 358, 766
2171, 410, 807
2172, 294, 491
2173, 808, 931
2174, 727, 974
2175, 73, 191
2176, 88, 853
2177, 265, 298
2178, 712, 875
2179, 13, 838
2180, 105, 222
2181, 178, 202
2182, 99, 611
2183, 253, 310
2184, 469, 605
2185, 544, 971
2186, 744, 985
2187, 422, 705
2188, 447, 733
2189, 849, 967
2190, 100, 614
2191, 439, 933
2192, 215, 291
2193, 557, 783
2194, 197, 630
2195, 696, 881
2196, 190, 296
2197, 259, 804
2198, 320, 707
2199, 559, 923
2200, 445, 877
2201, 526, 583
2202, 580, 704
2203, 746, 954
2204, 79, 726
2205, 44, 471
2206, 221, 904
2207, 159, 601
2208, 248, 732
2209, 609, 840
2210, 303, 947
2211, 46, 138
2212, 4, 952
2213, 922, 984
2214, 247, 738
2215, 145, 775
2216, 641, 871
2217, 302, 938
2218, 339, 369
2219, 62, 779
2220, 573, 680
2221, 167, 950
2222, 275, 366
2223, 467, 603
2224, 240, 565
2225, 442, 659
2226, 602, 876
2227, 162, 516
2228, 36, 157
2229, 109, 146
2230, 372, 729
2231, 652, 814
2232, 391, 429
2233, 158, 624
2234, 359, 888
2235, 53, 770
2236, 635, 806
2237, 38, 801
2238, 304, 648
2239, 8, 990
2240, 455, 656
2241, 130, 889
2242, 31, 54
2243, 816, 854
2244, 193, 667
2245, 163, 379
2246, 66, 781
2247, 78, 129
2248, 475, 917
2249, 349, 406
2250, 307, 587
2251, 68, 405
2252, 617, 924
2253, 80, 823
2254, 170, 815
2255, 364, 695
2256, 538, 548
2257, 633, 903
2258, 474, 537
2259, 374, 869
2260, 677, 749
2261, 795, 911
2262, 549, 560
2263, 22, 183
2264, 335, 700
2265, 340, 385
2266, 722, 867
2267, 117, 261
2268, 314, 485
2269, 380, 431
2270, 123, 306
2271, 18, 724
2272, 258, 832
2273, 108, 269
2274, 286, 943
2275, 457, 610
2276, 67, 446
2277, 180, 921
2278, 281, 791
2279, 895, 955
2280, 682, 694
2281, 649, 800
2282, 665, 927
2283, 679, 684
2284, 539, 716
2285, 121, 443
2286, 174, 550
2287, 136, 318
2288, 75, 613
2289, 252, 562
2290, 706, 843
2291, 388, 720
2292, 232, 671
2293, 11, 690
2294, 481, 841
2295, 101, 717
2296, 90, 782
2297, 584, 883
2298, 152, 899
2299, 535, 909
2300, 329, 787
2301, 383, 461
2302, 590, 844
2303, 49, 948
2304, 150, 280
2305, 760, 762
2306, 218, 672
2307, 681, 836
2308, 487, 643
2309, 153, 963
2310, 316, 861
2311, 189, 866
2312, 48, 327
2313, 171, 598
2314, 932, 988
2315, 489, 668
2316, 107, 885
2317, 756, 958
2318, 891, 992
2319, 72, 113
2320, 213, 504
2321, 63, 480
2322, 268, 499
2323, 402, 628
2324, 200, 496
2325, 230, 375
2326, 488, 758
2327, 735, 819
2328, 9, 687
2329, 440, 606
2330, 348, 949
2331, 670, 831
2332, 56, 639
2333, 228, 767
2334, 102, 497
2335, 768, 848
2336, 498, 702
2337, 282, 959
2338, 39, 361
2339, 332, 622
2340, 451, 977
2341, 143, 556
2342, 658, 662
2343, 137, 437
2344, 798, 846
2345, 676, 995
2346, 301, 790
2347, 55, 155
2348, 492, 764
2349, 86, 821
2350, 411, 479
2351, 20, 59
2352, 421, 618
2353, 175, 721
2354, 148, 199
2355, 309, 593
2356, 553, 736
2357, 357, 856
2358, 433, 918
2359, 341, 689
2360, 621, 886
2361, 509, 951
2362, 96, 430
2363, 293, 468
2364, 42, 407
2365, 830, 945
2366, 128, 208
2367, 323, 435
2368, 283, 763
2369, 627, 998
2370, 399, 962
2371, 547, 600
2372, 663, 900
2373, 45, 697
2374, 161, 260
2375, 718, 965
2376, 571, 896
2377, 203, 312
2378, 714, 828
2379, 249, 956
2380, 502, 774
2381, 40, 626
2382, 865, 966
2383, 206, 926
2384, 242, 545
2385, 788, 820
2386, 194, 501
2387, 272, 708
2388, 352, 396
2389, 98, 476
2390, 730, 734
2391, 333, 750
2392, 120, 276
2393, 345, 453
2394, 290, 740
2395, 397, 868
2396, 224, 400
2397, 144, 631
2398, 205, 505
2399, 126, 786
2400, 125, 803
2401, 515, 569
2402, 91, 237
2403, 196, 935
2404, 579, 725
2405, 336, 818
2406, 256, 915
2407, 342, 737
2408, 27, 308
2409, 57, 855
2410, 390, 591
2411, 24, 910
2412, 6, 76
2413, 279, 789
2414, 198, 209
2415, 289, 968
2416, 147, 217
2417, 106, 748
2418, 77, 472
2419, 127, 255
2420, 1, 244
2421, 343, 715
2422, 246, 527
2423, 111, 578
2424, 43, 459
2425, 660, 929
2426, 173, 858
2427, 784, 973
2428, 540, 568
2429, 381, 425
2430, 792, 987
2431, 976, 978
2432, 460, 970
2433, 338, 518
2434, 428, 564
2435, 454, 901
2436, 546, 797
2437, 761, 919
2438, 131, 982
2439, 353, 532
2440, 118, 999
2441, 434, 520
2442, 7, 765
2443, 204, 864
2444, 325, 793
2445, 177, 592
2446, 413, 751
2447, 664, 701
2448, 17, 30
2449, 19, 698
2450, 187, 777
2451, 110, 432
2452, 638, 863
2453, 424, 688
2454, 114, 510
2455, 426, 629
2456, 637, 739
2457, 450, 473
2458, 731, 928
2459, 837, 847
2460, 141, 939
2461, 666, 686
2462, 139, 555
2463, 69, 463
2464, 168, 747
2465, 490, 825
2466, 32, 594
2467, 409, 989
2468, 81, 418
2469, 236, 693
2470, 596, 650
2471, 83, 996
2472, 270, 893
2473, 277, 417
2474, 239, 669
2475, 50, 220
2476, 371, 394
2477, 89, 810
2478, 513, 920
2479, 914, 972
2480, 263, 344
2481, 636, 997
2482, 112, 574
2483, 28, 165
2484, 23, 517
2485, 71, 251
2486, 585, 827
2487, 355, 887
2488, 524, 811
2489, 156, 287
2490, 154, 295
2491, 85, 647
2492, 214, 870
2493, 444, 817
2494, 859, 993
2495, 741, 773
2496, 266, 284
2497, 482, 857
2498, 654, 655
2499, 398, 743
2500, 373, 523
2501, 128, 213
2502, 55, 802
2503, 41, 150
2504, 22, 573
2505, 251, 375
2506, 53, 945
2507, 451, 916
2508, 329, 648
2509, 568, 812
2510, 44, 647
2511, 32, 258
2512, 5, 646
2513, 430, 624
2514, 54, 759
2515, 265, 986
2516, 278, 883
2517, 784, 832
2518, 483, 533
2519, 115, 380
2520, 31, 279
2521, 61, 809
2522, 780, 816
2523, 678, 934
2524, 158, 909
2525, 30, 857
2526, 256, 432
2527, 551, 653
2528, 311, 764
2529, 601, 942
2530, 613, 865
2531, 23, 443
2532, 177, 737
2533, 732, 897
2534, 502, 587
2535, 292, 544
2536, 244, 869
2537, 86, 767
2538, 229, 390
2539, 371, 933
2540, 57, 391
2541, 285, 924
2542, 854, 983
2543, 243, 639
2544, 931, 973
2545, 63, 736
2546, 644, 972
2547, 27, 556
2548, 473, 735
2549, 297, 306
2550, 231, 783
2551, 744, 777
2552, 260, 482
2553, 640, 693
2554, 552, 898
2555, 88, 868
2556, 401, 894
2557, 275, 378
2558, 25, 259
2559, 407, 566
2560, 85, 569
2561, 748, 906
2562, 212, 818
2563, 117, 814
2564, 8, 836
2565, 294, 314
2566, 420, 632
2567, 223, 834
2568, 333, 709
2569, 165, 308
2570, 712, 949
2571, 761, 872
2572, 146, 413
2573, 829, 860
2574, 410, 422
2575, 359, 400
2576, 447, 534
2577, 255, 821
2578, 34, 515
2579, 33, 549
2580, 7, 628
2581, 280, 725
2582, 87, 488
2583, 823, 853
2584, 956, 993
2585, 114, 291
2586, 175, 571
2587, 204, 971
2588, 582, 925
2589, 167, 953
2590, 437, 625
2591, 326, 518
2592, 323, 374
2593, 161, 858
2594, 337, 615
2595, 241, 493
2596, 148, 623
2597, 862, 989
2598, 48, 461
2599, 79, 798
2600, 264, 387
2601, 474, 598
2602, 50, 585
2603, 303, 635
2604, 565, 750
2605, 580, 807
2606, 103, 507
2607, 729, 776
2608, 508, 590
2609, 364, 825
2610, 385, 530
2611, 184, 690
2612, 439, 521
2613, 738, 799
2614, 225, 962
2615, 792, 965
2616, 467, 935
2617, 83, 307
2618, 656, 919
2619, 248, 930
2620, 287, 903
2621, 282, 459
2622, 43, 134
2623, 224, 554
2624, 797, 855
2625, 550, 593
2626, 796, 982
2627, 80, 876
2628, 35, 477
2629, 174, 384
2630, 246, 842
2631, 160, 479
2632, 614, 619
2633, 18, 642
2634, 125, 929
2635, 426, 921
2636, 313, 927
2637, 815, 947
2638, 424, 525
2639, 723, 741
2640, 272, 595
2641, 155, 885
2642, 348, 564
2643, 476, 703
2644, 768, 879
2645, 58, 902
2646, 233, 257
2647, 252, 892
2648, 705, 830
2649, 527, 535
2650, 52, 208
2651, 254, 877
2652, 42, 466
2653, 454, 630
2654, 232, 349
2655, 92, 216
2656, 84, 895
2657, 162, 370
2658, 147, 654
2659, 181, 775
2660, 484, 943
2661, 81, 179
2662, 650, 985
2663, 501, 788
2664, 599, 837
2665, 154, 273
2666, 180, 200
2667, 131, 711
2668, 512, 671
2669, 89, 681
2670, 66, 806
2671, 171, 674
2672, 663, 819
2673, 56, 211
2674, 494, 734
2675, 210, 276
2676, 199, 560
2677, 38, 269
2678, 679, 687
2679, 183, 399
2680, 427, 670
2681, 353, 500
2682, 517, 620
2683, 139, 405
2684, 143, 987
2685, 510, 591
2686, 634, 713
2687, 757, 905
2688, 168, 992
2689, 581, 871
2690, 36, 318
2691, 304, 633
2692, 440, 441
2693, 319, 553
2694, 116, 170
2695, 70, 463
2696, 763, 851
2697, 102, 722
2698, 702, 801
2699, 327, 464
2700, 132, 396
2701, 172, 418
2702, 697, 704
2703, 277, 754
2704, 137, 403
2705, 145, 629
2706, 64, 310
2707, 643, 944
2708, 423, 532
2709, 15, 448
2710, 360, 932
2711, 604, 684
2712, 96, 284
2713, 28, 1000
2714, 689, 908
2715, 592, 867
2716, 69, 490
2717, 100, 820
2718, 616, 706
2719, 159, 888
2720, 388, 859
2721, 295, 519
2722, 372, 481
2723, 700, 773
2724, 835, 839
2725, 10, 339
2726, 578, 627
2727, 215, 429
2728, 106, 379
2729, 20, 677
2730, 686, 695
2731, 240, 810
2732, 196, 317
2733, 567, 728
2734, 205, 234
2735, 309, 951
2736, 641, 940
2737, 514, 981
2738, 778, 969
2739, 331, 850
2740, 202, 771
2741, 347, 602
2742, 74, 195
2743, 363, 472
2744, 356, 597
2745, 605, 755
2746, 436, 600
2747, 425, 558
2748, 193, 609
2749, 192, 267
2750, 190, 562
2751, 522, 795
2752, 575, 715
2753, 782, 967
2754, 14, 607
2755, 301, 404
2756, 489, 730
2757, 249, 528
2758, 369, 928
2759, 217, 421
2760, 617, 781
2761, 315, 901
2762, 626, 804
2763, 4, 696
2764, 496, 645
2765, 335, 419
2766, 130, 296
2767, 557, 710
2768, 606, 833
2769, 845, 849
2770, 24, 899
2771, 574, 958
2772, 104, 882
2773, 355, 386
2774, 526, 840
2775, 6, 188
2776, 340, 995
2777, 107, 938
2778, 471, 980
2779, 352, 406
2780, 505, 957
2781, 662, 740
2782, 99, 383
2783, 395, 622
2784, 101, 470
2785, 366, 922
2786, 21, 694
2787, 416, 458
2788, 95, 289
2789, 362, 402
2790, 72, 350
2791, 152, 760
2792, 847, 878
2793, 37, 539
2794, 414, 469
2795, 133, 220
2796, 189, 789
2797, 487, 881
2798, 911, 977
2799, 621, 884
2800, 334, 719
2801, 238, 975
2802, 47, 586
2803, 453, 772
2804, 191, 660
2805, 129, 346
2806, 376, 672
2807, 11, 893
2808, 497, 791
2809, 583, 890
2810, 109, 342
2811, 219, 537
2812, 900, 997
2813, 110, 321
2814, 71, 699
2815, 207, 365
2816, 13, 163
2817, 675, 904
2818, 235, 926
2819, 826, 918
2820, 843, 896
2821, 373, 540
2822, 227, 475
2823, 12, 676
2824, 274, 937
2825, 178, 787
2826, 122, 758
2827, 880, 923
2828, 666, 786
2829, 465, 990
2830, 638, 701
2831, 506, 673
2832, 228, 455
2833, 492, 779
2834, 848, 974
2835, 113, 603
2836, 683, 831
2837, 166, 636
2838, 247, 976
2839, 765, 770
2840, 960, 994
2841, 478, 753
2842, 351, 661
2843, 480, 964
2844, 203, 866
2845, 411, 790
2846, 618, 988
2847, 543, 808
2848, 29, 523
2849, 444, 572
2850, 78, 743
2851, 504, 800
2852, 377, 498
2853, 46, 751
2854, 222, 846
2855, 209, 536
2856, 271, 637
2857, 745, 948
2858, 415, 739
2859, 718, 838
2860, 367, 955
2861, 394, 509
2862, 127, 708
2863, 774, 874
2864, 90, 345
2865, 397, 822
2866, 206, 999
2867, 93, 330
2868, 138, 727
2869, 2, 16
2870, 67, 338
2871, 151, 658
2872, 108, 111
2873, 121, 733
2874, 94, 237
2875, 707, 720
2876, 354, 813
2877, 19, 652
2878, 445, 449
2879, 140, 368
2880, 302, 548
2881, 245, 468
2882, 157, 870
2883, 547, 762
2884, 322, 664
2885, 714, 716
2886, 135, 805
2887, 579, 966
2888, 268, 341
2889, 136, 939
2890, 596, 747
2891, 542, 766
2892, 452, 611
2893, 118, 511
2894, 270, 485
2895, 201, 242
2896, 73, 141
2897, 428, 963
2898, 491, 915
2899, 144, 545
2900, 283, 398
2901, 176, 752
2902, 123, 984
2903, 357, 435
2904, 529, 546
2905, 105, 692
2906, 680, 970
2907, 631, 961
2908, 26, 749
2909, 126, 913
2910, 198, 612
2911, 185, 305
2912, 358, 563
2913, 112, 226
2914, 864, 912
2915, 665, 968
2916, 253, 417
2917, 312, 824
2918, 75, 361
2919, 214, 298
2920, 431, 793
2921, 40, 731
2922, 409, 844
2923, 77, 576
2924, 917, 978
2925, 164, 250
2926, 589, 887
2927, 433, 524
2928, 91, 382
2929, 187, 328
2930, 153, 668
2931, 119, 516
2932, 290, 746
2933, 486, 914
2934, 299, 936
2935, 62, 142
2936, 262, 457
2937, 239, 577
2938, 236, 886
2939, 68, 724
2940, 60, 907
2941, 149, 336
2942, 785, 863
2943, 230, 462
2944, 39, 717
2945, 649, 691
2946, 281, 688
2947, 49, 343
2948, 408, 538
2949, 169, 555
2950, 218, 794
2951, 97, 221
2952, 332, 991
2953, 610, 954
2954, 655, 996
2955, 381, 856
2956, 286, 456
2957, 520, 541
2958, 82, 651
2959, 197, 817
2960, 288, 495
2961, 588, 952
2962, 124, 393
2963, 742, 979
2964, 389, 698
2965, 594, 608
2966, 657, 682
2967, 263, 325
2968, 9, 950
2969, 861, 891
2970, 59, 828
2971, 98, 559
2972, 182, 910
2973, 412, 669
2974, 450, 803
2975, 460, 946
2976, 156, 852
2977, 45, 841
2978, 186, 667
2979, 266, 344
2980, 51, 756
2981, 434, 513
2982, 570, 959
2983, 120, 584
2984, 173, 998
2985, 503, 769
2986, 392, 438
2987, 659, 873
2988, 3, 721
2989, 324, 685
2990, 261, 561
2991, 17, 827
2992, 76, 446
2993, 300, 316
2994, 65, 726
2995, 293, 941
2996, 1, 194
2997, 442, 875
2998, 499, 889
2999, 320, 920
3000, 531, 811
3001, 38, 473
3002, 204, 386
3003, 100, 310
3004, 59, 553
3005, 224, 790
3006, 64, 342
3007, 308, 598
3008, 397, 586
3009, 424, 449
3010, 616, 890
3011, 838, 848
3012, 7, 503
3013, 104, 596
3014, 474, 635
3015, 383, 545
3016, 267, 399
3017, 482, 900
3018, 631, 874
3019, 349, 871
3020, 869, 888
3021, 563, 591
3022, 540, 774
3023, 690, 847
3024, 239, 433
3025, 750, 798
3026, 142, 391
3027, 276, 765
3028, 97, 126
3029, 456, 820
3030, 320, 825
3031, 236, 887
3032, 101, 895
3033, 96, 221
3034, 405, 752
3035, 113, 423
3036, 387, 400
3037, 285, 569
3038, 98, 806
3039, 643, 816
3040, 4, 233
3041, 458, 479
3042, 81, 214
3043, 500, 693
3044, 92, 186
3045, 416, 810
3046, 665, 753
3047, 109, 898
3048, 137, 531
3049, 249, 637
3050, 432, 655
3051, 647, 799
3052, 295, 893
3053, 578, 718
3054, 302, 568
3055, 206, 521
3056, 763, 837
3057, 16, 583
3058, 252, 588
3059, 272, 674
3060, 770, 873
3061, 160, 454
3062, 360, 485
3063, 853, 952
3064, 494, 948
3065, 115, 661
3066, 62, 726
3067, 428, 459
3068, 179, 539
3069, 698, 800
3070, 122, 966
3071, 522, 803
3072, 486, 691
3073, 1, 990
3074, 425, 931
3075, 261, 863
3076, 292, 453
3077, 52, 977
3078, 573, 804
3079, 359, 836
3080, 859, 996
3081, 499, 519
3082, 42, 677
3083, 368, 788
3084, 332, 535
3085, 648, 844
3086, 579, 744
3087, 338, 894
3088, 169, 448
3089, 103, 442
3090, 461, 525
3091, 95, 346
3092, 641, 821
3093, 618, 728
3094, 73, 487
3095, 337, 937
3096, 139, 671
3097, 278, 504
3098, 675, 719
3099, 15, 277
3100, 153, 409
3101, 495, 554
3102, 516, 642
3103, 171, 627
3104, 93, 307
3105, 175, 372
3106, 572, 751
3107, 254, 438
3108, 444, 594
3109, 118, 288
3110, 612, 843
3111, 526, 947
3112, 688, 713
3113, 134, 571
3114, 213, 619
3115, 270, 936
3116, 131, 580
3117, 508, 741
3118, 54, 362
3119, 319, 866
3120, 76, 998
3121, 180, 492
3122, 576, 923
3123, 551, 603
3124, 581, 969
3125, 90, 617
3126, 384, 993
3127, 184, 365
3128, 34, 344
3129, 36, 199
3130, 318, 507
3131, 158, 582
3132, 497, 979
3133, 19, 607
3134, 274, 451
3135, 306, 403
3136, 840, 959
3137, 418, 684
3138, 176, 652
3139, 198, 727
3140, 809, 918
3141, 262, 913
3142, 275, 707
3143, 483, 995
3144, 467, 514
3145, 166, 370
3146, 694, 883
3147, 446, 708
3148, 481, 796
3149, 323, 353
3150, 172, 197
3151, 505, 686
3152, 91, 135
3153, 78, 558
3154, 543, 784
3155, 138, 290
3156, 253, 680
3157, 12, 678
3158, 501, 683
3159, 733, 944
3160, 311, 488
3161, 333, 658
3162, 354, 381
3163, 464, 689
3164, 316, 879
3165, 255, 502
3166, 783, 906
3167, 231, 940
3168, 628, 978
3169, 704, 905
3170, 147, 585
3171, 396, 721
3172, 120, 717
3173, 390, 902
3174, 330, 351
3175, 321, 382
3176, 264, 548
3177, 117, 427
3178, 538, 920
3179, 556, 982
3180, 79, 132
3181, 51, 949
3182, 547, 938
3183, 30, 177
3184, 401, 557
3185, 742, 831
3186, 251, 939
3187, 636, 663
3188, 220, 646
3189, 230, 724
3190, 65, 968
3191, 94, 870
3192, 195, 907
3193, 205, 422
3194, 778, 864
3195, 528, 824
3196, 201, 852
3197, 737, 747
3198, 46, 188
3199, 33, 222
3200, 676, 967
3201, 289, 761
3202, 412, 983
3203, 259, 300
3204, 413, 484
3205, 364, 985
3206, 450, 901
3207, 3, 8
3208, 593, 823
3209, 604, 911
3210, 314, 791
3211, 215, 238
3212, 9, 899
3213, 549, 878
3214, 74, 845
3215, 672, 772
3216, 187, 605
3217, 395, 615
3218, 210, 284
3219, 105, 597
3220, 66, 268
3221, 345, 877
3222, 296, 771
3223, 393, 892
3224, 148, 962
3225, 72, 875
3226, 434, 441
3227, 468, 811
3228, 745, 942
3229, 477, 862
3230, 305, 910
3231, 128, 257
3232, 192, 725
3233, 170, 194
3234, 614, 835
3235, 111, 639
3236, 406, 769
3237, 155, 754
3238, 102, 822
3239, 141, 819
3240, 552, 793
3241, 129, 590
3242, 150, 373
3243, 608, 756
3244, 203, 542
3245, 566, 999
3246, 814, 928
3247, 13, 491
3248, 17, 830
3249, 565, 914
3250, 377, 992
3251, 63, 429
3252, 123, 480
3253, 313, 712
3254, 31, 457
3255, 347, 533
3256, 47, 77
3257, 335, 490
3258, 326, 431
3259, 280, 322
3260, 398, 867
3261, 334, 927
3262, 152, 174
3263, 759, 785
3264, 695, 868
3265, 151, 388
3266, 159, 513
3267, 355, 731
3268, 163, 606
3269, 389, 595
3270, 60, 283
3271, 99, 656
3272, 512, 780
3273, 87, 941
3274, 84, 981
3275, 509, 932
3276, 39, 564
3277, 687, 808
3278, 408, 961
3279, 136, 946
3280, 243, 991
3281, 58, 826
3282, 324, 650
3283, 536, 700
3284, 26, 404
3285, 130, 884
3286, 162, 854
3287, 714, 934
3288, 755, 951
3289, 124, 638
3290, 20, 775
3291, 352, 534
3292, 600, 749
3293, 21, 29
3294, 673, 984
3295, 49, 146
3296, 248, 496
3297, 18, 723
3298, 208, 242
3299, 119, 865
3300, 161, 202
3301, 22, 734
3302, 430, 550
3303, 25, 263
3304, 475, 722
3305, 760, 925
3306, 24, 933
3307, 653, 876
3308, 701, 919
3309, 394, 997
3310, 156, 834
3311, 506, 964
3312, 190, 807
3313, 250, 445
3314, 312, 957
3315, 82, 634
3316, 164, 471
3317, 212, 858
3318, 315, 705
3319, 225, 972
3320, 520, 970
3321, 114, 829
3322, 293, 367
3323, 294, 455
3324, 88, 470
3325, 417, 452
3326, 282, 620
3327, 599, 738
3328, 846, 956
3329, 299, 524
3330, 2, 369
3331, 116, 567
3332, 670, 891
3333, 662, 860
3334, 376, 407
3335, 265, 827
3336, 498, 922
3337, 421, 530
3338, 645, 740
3339, 37, 903
3340, 149, 562
3341, 143, 218
3342, 86, 207
3343, 657, 945
3344, 426, 664
3345, 106, 711
3346, 779, 930
3347, 193, 787
3348, 200, 965
3349, 735, 841
3350, 462, 880
3351, 419, 669
3352, 110, 223
3353, 702, 813
3354, 44, 227
3355, 651, 908
3356, 625, 921
3357, 640, 681
3358, 226, 792
3359, 478, 915
3360, 776, 851
3361, 50, 154
3362, 40, 622
3363, 189, 587
3364, 125, 575
3365, 317, 679
3366, 127, 904
3367, 247, 465
3368, 67, 924
3369, 273, 375
3370, 532, 555
3371, 356, 974
3372, 182, 812
3373, 229, 699
3374, 298, 746
3375, 574, 955
3376, 185, 817
3377, 685, 730
3378, 328, 857
3379, 414, 789
3380, 666, 912
3381, 818, 929
3382, 165, 882
3383, 301, 697
3384, 258, 523
3385, 43, 341
3386, 71, 917
3387, 518, 832
3388, 80, 515
3389, 108, 971
3390, 546, 613
3391, 235, 767
3392, 234, 329
3393, 11, 27
3394, 266, 437
3395, 85, 181
3396, 392, 709
3397, 511, 624
3398, 782, 963
3399, 28, 794
3400, 35, 764
3401, 363, 659
3402, 420, 537
3403, 561, 682
3404, 379, 385
3405, 237, 303
3406, 374, 736
3407, 191, 584
3408, 327, 856
3409, 447, 849
3410, 757, 781
3411, 340, 696
3412, 440, 768
3413, 121, 469
3414, 232, 739
3415, 178, 348
3416, 173, 609
3417, 706, 801
3418, 667, 1000
3419, 183, 649
3420, 668, 743
3421, 32, 872
3422, 244, 286
3423, 828, 842
3424, 217, 472
3425, 256, 980
3426, 411, 660
3427, 41, 357
3428, 56, 716
3429, 10, 297
3430, 443, 592
3431, 107, 644
3432, 489, 577
3433, 380, 703
3434, 805, 897
3435, 544, 773
3436, 654, 973
3437, 720, 815
3438, 246, 611
3439, 601, 950
3440, 157, 378
3441, 987, 988
3442, 168, 331
3443, 260, 529
3444, 343, 954
3445, 23, 436
3446, 133, 140
3447, 527, 975
3448, 48, 802
3449, 55, 559
3450, 855, 958
3451, 271, 279
3452, 6, 68
3453, 510, 833
3454, 309, 839
3455, 460, 935
3456, 53, 241
3457, 14, 896
3458, 211, 325
3459, 623, 916
3460, 5, 610
3461, 228, 361
3462, 144, 632
3463, 304, 541
3464, 269, 960
3465, 112, 748
3466, 240, 777
3467, 517, 762
3468, 797, 986
3469, 589, 926
3470, 366, 729
3471, 57, 976
3472, 216, 909
3473, 626, 629
3474, 145, 209
3475, 466, 758
3476, 943, 953
3477, 61, 715
3478, 75, 439
3479, 570, 989
3480, 281, 630
3481, 493, 602
3482, 89, 402
3483, 45, 881
3484, 336, 795
3485, 371, 786
3486, 339, 889
3487, 463, 476
3488, 633, 692
3489, 167, 245
3490, 850, 886
3491, 219, 410
3492, 70, 83
3493, 358, 994
3494, 69, 287
3495, 560, 885
3496, 291, 350
3497, 621, 710
3498, 732, 861
3499, 196, 766
3500, 415, 435
3501, 53, 243
3502, 216, 621
3503, 95, 562
3504, 685, 709
3505, 753, 814
3506, 261, 945
3507, 132, 788
3508, 506, 827
3509, 448, 575
3510, 340, 845
3511, 242, 984
3512, 192, 687
3513, 247, 726
3514, 168, 998
3515, 277, 772
3516, 395, 997
3517, 526, 831
3518, 517, 529
3519, 130, 790
3520, 213, 545
3521, 303, 327
3522, 653, 752
3523, 161, 180
3524, 44, 993
3525, 76, 77
3526, 105, 333
3527, 104, 423
3528, 785, 966
3529, 295, 299
3530, 116, 501
3531, 499, 968
3532, 639, 655
3533, 471, 706
3534, 23, 854
3535, 524, 656
3536, 272, 853
3537, 75, 111
3538, 565, 813
3539, 146, 553
3540, 33, 612
3541, 339, 431
3542, 114, 580
3543, 477, 749
3544, 234, 316
3545, 331, 489
3546, 302, 824
3547, 577, 889
3548, 779, 898
3549, 262, 508
3550, 455, 812
3551, 97, 816
3552, 185, 402
3553, 358, 538
3554, 71, 528
3555, 106, 513
3556, 365, 877
3557, 673, 874
3558, 20, 391
3559, 399, 669
3560, 461, 605
3561, 559, 867
3562, 561, 638
3563, 633, 972
3564, 144, 407
3565, 198, 555
3566, 202, 990
3567, 189, 888
3568, 113, 512
3569, 211, 801
3570, 158, 497
3571, 479, 766
3572, 101, 652
3573, 150, 486
3574, 446, 991
3575, 954, 973
3576, 173, 755
3577, 375, 413
3578, 134, 256
3579, 444, 763
3580, 177, 829
3581, 241, 447
3582, 201, 510
3583, 862, 900
3584, 288, 746
3585, 40, 238
3586, 35, 50
3587, 87, 830
3588, 566, 671
3589, 191, 227
3590, 430, 466
3591, 350, 835
3592, 400, 870
3593, 264, 473
3594, 734, 863
3595, 322, 433
3596, 72, 503
3597, 586, 591
3598, 320, 926
3599, 148, 382
3600, 290, 514
3601, 887, 942
3602, 581, 911
3603, 21, 188
3604, 530, 943
3605, 271, 689
3606, 380, 683
3607, 85, 171
3608, 22, 308
3609, 505, 597
3610, 61, 810
3611, 62, 994
3612, 266, 738
3613, 49, 396
3614, 287, 842
3615, 230, 962
3616, 784, 976
3617, 121, 629
3618, 9, 449
3619, 100, 590
3620, 235, 293
3621, 453, 564
3622, 809, 836
3623, 232, 482
3624, 511, 847
3625, 381, 496
3626, 305, 770
3627, 408, 794
3628, 239, 240
3629, 582, 745
3630, 74, 758
3631, 412, 422
3632, 366, 523
3633, 803, 843
3634, 420, 610
3635, 465, 484
3636, 599, 658
3637, 691, 959
3638, 751, 988
3639, 394, 682
3640, 25, 99
3641, 263, 958
3642, 920, 992
3643, 214, 733
3644, 123, 252
3645, 469, 717
3646, 578, 944
3647, 470, 996
3648, 251, 328
3649, 552, 643
3650, 291, 949
3651, 715, 764
3652, 418, 542
3653, 323, 859
3654, 373, 908
3655, 347, 799
3656, 284, 369
3657, 112, 776
3658, 645, 725
3659, 724, 923
3660, 378, 485
3661, 156, 258
3662, 426, 934
3663, 60, 868
3664, 852, 928
3665, 741, 820
3666, 140, 678
3667, 781, 913
3668, 443, 522
3669, 873, 978
3670, 467, 927
3671, 641, 985
3672, 699, 970
3673, 329, 822
3674, 12, 879
3675, 91, 710
3676, 143, 462
3677, 379, 606
3678, 164, 693
3679, 411, 742
3680, 419, 644
3681, 246, 906
3682, 170, 368
3683, 280, 607
3684, 253, 519
3685, 57, 205
3686, 372, 774
3687, 429, 957
3688, 175, 415
3689, 181, 620
3690, 65, 765
3691, 464, 909
3692, 89, 502
3693, 118, 840
3694, 370, 487
3695, 337, 410
3696, 84, 196
3697, 833, 838
3698, 32, 634
3699, 215, 631
3700, 282, 953
3701, 696, 791
3702, 283, 604
3703, 152, 720
3704, 298, 937
3705, 588, 602
3706, 260, 901
3707, 17, 404
3708, 619, 871
3709, 676, 857
3710, 70, 936
3711, 67, 364
3712, 417, 881
3713, 600, 729
3714, 330, 737
3715, 463, 780
3716, 537, 666
3717, 878, 897
3718, 225, 622
3719, 893, 952
3720, 596, 925
3721, 541, 759
3722, 490, 917
3723, 142, 743
3724, 54, 435
3725, 47, 88
3726, 82, 207
3727, 401, 982
3728, 557, 594
3729, 344, 560
3730, 460, 895
3731, 650, 890
3732, 244, 797
3733, 7, 815
3734, 931, 975
3735, 539, 540
3736, 1, 360
3737, 312, 474
3738, 416, 983
3739, 628, 757
3740, 231, 883
3741, 777, 798
3742, 292, 348
3743, 547, 866
3744, 728, 980
3745, 521, 907
3746, 354, 828
3747, 11, 317
3748, 128, 819
3749, 679, 850
3750, 406, 478
3751, 306, 767
3752, 18, 30
3753, 454, 708
3754, 265, 304
3755, 892, 951
3756, 19, 546
3757, 86, 661
3758, 849, 995
3759, 43, 793
3760, 723, 956
3761, 492, 940
3762, 279, 359
3763, 615, 677
3764, 131, 390
3765, 876, 885
3766, 136, 651
3767, 476, 611
3768, 94, 603
3769, 165, 667
3770, 147, 695
3771, 494, 527
3772, 313, 450
3773, 64, 912
3774, 203, 948
3775, 133, 947
3776, 385, 592
3777, 154, 160
3778, 680, 989
3779, 41, 237
3780, 200, 589
3781, 228, 549
3782, 823, 825
3783, 414, 719
3784, 614, 800
3785, 26, 29
3786, 162, 593
3787, 51, 730
3788, 125, 969
3789, 558, 675
3790, 518, 921
3791, 371, 383
3792, 14, 986
3793, 223, 748
3794, 769, 910
3795, 488, 531
3796, 335, 775
3797, 698, 713
3798, 172, 436
3799, 702, 939
3800, 90, 792
3801, 356, 761
3802, 648, 967
3803, 268, 573
3804, 703, 806
3805, 690, 756
3806, 583, 987
3807, 15, 919
3808, 249, 310
3809, 194, 324
3810, 498, 568
3811, 209, 332
3812, 55, 632
3813, 270, 750
3814, 219, 960
3815, 153, 338
3816, 697, 848
3817, 543, 811
3818, 226, 563
3819, 66, 665
3820, 124, 179
3821, 343, 569
3822, 109, 278
3823, 837, 955
3824, 139, 722
3825, 220, 902
3826, 8, 166
3827, 572, 754
3828, 286, 789
3829, 924, 938
3830, 445, 520
3831, 138, 681
3832, 397, 609
3833, 248, 808
3834, 714, 964
3835, 129, 880
3836, 73, 659
3837, 119, 872
3838, 472, 684
3839, 353, 625
3840, 10, 585
3841, 273, 963
3842, 363, 786
3843, 428, 807
3844, 851, 999
3845, 92, 686
3846, 197, 735
3847, 771, 821
3848, 434, 731
3849, 34, 846
3850, 626, 782
3851, 571, 778
3852, 103, 716
3853, 257, 352
3854, 28, 662
3855, 46, 127
3856, 640, 670
3857, 16, 362
3858, 311, 493
3859, 208, 307
3860, 210, 516
3861, 389, 618
3862, 186, 374
3863, 52, 107
3864, 56, 174
3865, 536, 918
3866, 608, 657
3867, 79, 762
3868, 151, 393
3869, 63, 647
3870, 930, 946
3871, 250, 844
3872, 178, 427
3873, 229, 584
3874, 204, 884
3875, 13, 59
3876, 81, 386
3877, 336, 817
3878, 117, 941
3879, 325, 869
3880, 58, 245
3881, 149, 236
3882, 38, 334
3883, 27, 627
3884, 176, 548
3885, 145, 321
3886, 551, 855
3887, 515, 974
3888, 122, 802
3889, 184, 351
3890, 137, 504
3891, 195, 319
3892, 102, 457
3893, 613, 760
3894, 491, 623
3895, 193, 875
3896, 78, 894
3897, 155, 182
3898, 601, 834
3899, 346, 556
3900, 217, 727
3901, 206, 301
3902, 80, 459
3903, 96, 535
3904, 576, 805
3905, 495, 891
3906, 224, 421
3907, 409, 570
3908, 403, 660
3909, 255, 692
3910, 275, 297
3911, 42, 865
3912, 509, 914
3913, 68, 507
3914, 442, 929
3915, 574, 882
3916, 135, 932
3917, 425, 483
3918, 296, 424
3919, 341, 405
3920, 711, 971
3921, 254, 915
3922, 705, 747
3923, 120, 864
3924, 2, 458
3925, 598, 739
3926, 39, 357
3927, 388, 933
3928, 274, 744
3929, 269, 554
3930, 355, 768
3931, 452, 732
3932, 439, 965
3933, 69, 550
3934, 532, 981
3935, 3, 654
3936, 534, 712
3937, 259, 544
3938, 5, 475
3939, 141, 468
3940, 218, 440
3941, 6, 36
3942, 93, 646
3943, 525, 630
3944, 183, 276
3945, 441, 664
3946, 635, 950
3947, 169, 721
3948, 83, 826
3949, 24, 858
3950, 451, 896
3951, 861, 961
3952, 190, 979
3953, 533, 905
3954, 318, 392
3955, 500, 796
3956, 212, 856
3957, 456, 1000
3958, 187, 315
3959, 587, 832
3960, 4, 294
3961, 377, 903
3962, 314, 437
3963, 110, 616
3964, 159, 349
3965, 642, 694
3966, 481, 674
3967, 45, 904
3968, 624, 899
3969, 707, 977
3970, 221, 886
3971, 387, 688
3972, 367, 922
3973, 222, 636
3974, 48, 438
3975, 787, 935
3976, 345, 480
3977, 289, 309
3978, 167, 804
3979, 783, 818
3980, 126, 342
3981, 795, 916
3982, 37, 567
3983, 199, 384
3984, 700, 860
3985, 432, 773
3986, 115, 285
3987, 98, 637
3988, 376, 718
3989, 663, 736
3990, 157, 595
3991, 398, 839
3992, 649, 740
3993, 672, 841
3994, 233, 326
3995, 31, 617
3996, 108, 163
3997, 361, 701
3998, 281, 300
3999, 267, 704
4000, 579, 668
