id, img1, img2
1, 200, 475
2, 56, 88
3, 75, 707
4, 560, 732
5, 127, 955
6, 333, 703
7, 704, 907
8, 238, 439
9, 383, 761
10, 461, 963
11, 97, 840
12, 313, 634
13, 900, 908
14, 509, 838
15, 114, 682
16, 537, 687
17, 170, 177
18, 132, 447
19, 197, 756
20, 50, 380
21, 544, 620
22, 359, 569
23, 606, 670
24, 697, 892
25, 382, 511
26, 140, 614
27, 689, 725
28, 717, 744
29, 231, 576
30, 558, 584
31, 83, 141
32, 482, 964
33, 454, 645
34, 1, 443
35, 274, 580
36, 39, 938
37, 627, 943
38, 225, 626
39, 600, 953
40, 193, 980
41, 37, 531
42, 334, 455
43, 100, 343
44, 346, 691
45, 573, 625
46, 11, 972
47, 676, 769
48, 191, 770
49, 208, 392
50, 138, 307
51, 280, 594
52, 27, 879
53, 239, 805
54, 236, 496
55, 180, 278
56, 181, 527
57, 813, 952
58, 490, 736
59, 273, 610
60, 22, 224
61, 105, 740
62, 251, 802
63, 110, 378
64, 46, 247
65, 185, 786
66, 189, 318
67, 647, 759
68, 553, 876
69, 275, 559
70, 785, 864
71, 564, 675
72, 109, 819
73, 18, 858
74, 202, 517
75, 344, 815
76, 61, 913
77, 782, 794
78, 24, 862
79, 77, 889
80, 282, 530
81, 195, 304
82, 872, 875
83, 563, 957
84, 362, 897
85, 414, 801
86, 664, 878
87, 324, 832
88, 104, 688
89, 174, 473
90, 17, 922
91, 896, 996
92, 825, 976
93, 163, 228
94, 365, 603
95, 190, 491
96, 15, 619
97, 487, 493
98, 155, 503
99, 363, 506
100, 483, 783
101, 417, 656
102, 242, 286
103, 187, 223
104, 204, 481
105, 585, 592
106, 102, 427
107, 332, 925
108, 381, 528
109, 26, 450
110, 137, 402
111, 30, 638
112, 182, 979
113, 63, 949
114, 574, 969
115, 384, 942
116, 33, 909
117, 654, 695
118, 2, 851
119, 258, 944
120, 220, 780
121, 309, 463
122, 672, 921
123, 172, 567
124, 543, 928
125, 442, 764
126, 456, 986
127, 479, 893
128, 130, 283
129, 448, 590
130, 124, 327
131, 512, 649
132, 666, 791
133, 597, 655
134, 53, 588
135, 264, 542
136, 723, 775
137, 602, 993
138, 587, 699
139, 341, 967
140, 89, 771
141, 126, 940
142, 246, 800
143, 35, 355
144, 472, 523
145, 106, 107
146, 99, 336
147, 250, 541
148, 184, 985
149, 254, 372
150, 352, 633
151, 81, 93
152, 4, 657
153, 579, 739
154, 299, 371
155, 70, 826
156, 462, 554
157, 565, 631
158, 74, 168
159, 874, 877
160, 834, 962
161, 323, 811
162, 136, 484
163, 45, 426
164, 249, 641
165, 98, 945
166, 571, 758
167, 605, 639
168, 118, 685
169, 237, 787
170, 90, 995
171, 577, 954
172, 458, 508
173, 295, 607
174, 535, 642
175, 452, 931
176, 390, 951
177, 21, 730
178, 161, 358
179, 214, 683
180, 671, 792
181, 457, 710
182, 502, 991
183, 164, 405
184, 880, 926
185, 810, 829
186, 409, 757
187, 808, 999
188, 435, 712
189, 79, 823
190, 734, 846
191, 47, 910
192, 628, 790
193, 444, 550
194, 206, 429
195, 55, 779
196, 215, 510
197, 9, 513
198, 445, 665
199, 108, 266
200, 243, 753
201, 555, 804
202, 31, 536
203, 360, 817
204, 547, 905
205, 44, 827
206, 211, 941
207, 696, 708
208, 87, 194
209, 713, 997
210, 436, 476
211, 232, 533
212, 505, 722
213, 16, 612
214, 551, 895
215, 520, 845
216, 385, 820
217, 408, 966
218, 32, 621
219, 248, 906
220, 255, 432
221, 103, 518
222, 315, 319
223, 101, 720
224, 198, 686
225, 433, 582
226, 212, 714
227, 201, 795
228, 196, 984
229, 498, 914
230, 19, 287
231, 857, 990
232, 36, 123
233, 525, 828
234, 465, 591
235, 151, 342
236, 451, 988
237, 169, 466
238, 241, 460
239, 611, 663
240, 778, 920
241, 5, 407
242, 159, 539
243, 6, 48
244, 147, 784
245, 420, 901
246, 153, 617
247, 113, 501
248, 229, 635
249, 115, 335
250, 49, 425
251, 729, 844
252, 526, 750
253, 173, 221
254, 480, 652
255, 350, 504
256, 244, 690
257, 84, 261
258, 216, 291
259, 23, 549
260, 361, 596
261, 306, 975
262, 648, 726
263, 843, 982
264, 868, 1000
265, 331, 863
266, 92, 646
267, 68, 78
268, 351, 398
269, 470, 919
270, 673, 885
271, 10, 684
272, 58, 302
273, 488, 806
274, 298, 748
275, 395, 622
276, 731, 881
277, 54, 807
278, 934, 981
279, 146, 755
280, 377, 763
281, 545, 640
282, 207, 630
283, 85, 178
284, 762, 842
285, 257, 575
286, 816, 822
287, 131, 915
288, 366, 918
289, 73, 719
290, 152, 848
291, 67, 766
292, 69, 616
293, 301, 494
294, 34, 933
295, 314, 507
296, 437, 935
297, 156, 869
298, 263, 692
299, 28, 148
300, 72, 521
301, 453, 538
302, 235, 485
303, 540, 586
304, 788, 927
305, 303, 694
306, 129, 489
307, 265, 883
308, 135, 636
309, 186, 861
310, 41, 338
311, 310, 615
312, 705, 867
313, 94, 411
314, 312, 716
315, 14, 431
316, 183, 430
317, 120, 912
318, 497, 659
319, 125, 873
320, 116, 968
321, 568, 818
322, 71, 477
323, 368, 449
324, 347, 693
325, 76, 608
326, 738, 837
327, 578, 643
328, 52, 950
329, 701, 929
330, 300, 890
331, 469, 572
332, 25, 884
333, 387, 583
334, 60, 117
335, 160, 192
336, 260, 721
337, 330, 562
338, 321, 958
339, 660, 679
340, 357, 486
341, 13, 853
342, 217, 983
343, 259, 891
344, 760, 971
345, 724, 754
346, 8, 379
347, 199, 340
348, 354, 400
349, 637, 855
350, 122, 629
351, 364, 492
352, 581, 609
353, 142, 789
354, 119, 669
355, 29, 422
356, 150, 604
357, 262, 428
358, 311, 727
359, 595, 852
360, 209, 401
361, 66, 514
362, 406, 459
363, 203, 798
364, 467, 841
365, 305, 698
366, 308, 440
367, 412, 613
368, 396, 399
369, 865, 903
370, 434, 599
371, 296, 348
372, 316, 715
373, 552, 751
374, 773, 781
375, 91, 772
376, 59, 866
377, 532, 700
378, 391, 839
379, 601, 749
380, 814, 856
381, 121, 345
382, 112, 374
383, 230, 474
384, 337, 662
385, 171, 752
386, 175, 285
387, 188, 978
388, 289, 339
389, 500, 678
390, 128, 680
391, 269, 403
392, 133, 911
393, 421, 777
394, 326, 994
395, 162, 210
396, 566, 674
397, 623, 948
398, 516, 860
399, 158, 711
400, 226, 267
401, 370, 898
402, 317, 557
403, 367, 668
404, 356, 418
405, 213, 548
406, 240, 765
407, 394, 812
408, 803, 894
409, 653, 797
410, 80, 471
411, 410, 836
412, 393, 961
413, 277, 718
414, 82, 413
415, 176, 373
416, 143, 519
417, 276, 292
418, 293, 709
419, 43, 593
420, 222, 859
421, 154, 706
422, 179, 328
423, 40, 404
424, 3, 946
425, 522, 886
426, 468, 888
427, 65, 651
428, 747, 847
429, 499, 930
430, 956, 977
431, 167, 796
432, 297, 556
433, 134, 478
434, 234, 245
435, 144, 290
436, 294, 624
437, 12, 256
438, 62, 767
439, 416, 534
440, 423, 742
441, 916, 970
442, 733, 939
443, 95, 415
444, 546, 658
445, 353, 871
446, 388, 515
447, 741, 768
448, 96, 424
449, 325, 386
450, 7, 973
451, 397, 987
452, 441, 904
453, 227, 882
454, 165, 288
455, 42, 850
456, 667, 774
457, 233, 281
458, 51, 271
459, 86, 854
460, 776, 989
461, 570, 974
462, 139, 253
463, 349, 681
464, 632, 793
465, 64, 464
466, 20, 937
467, 495, 650
468, 745, 936
469, 270, 598
470, 166, 960
471, 799, 849
472, 149, 446
473, 529, 746
474, 268, 830
475, 145, 252
476, 369, 375
477, 219, 735
478, 899, 924
479, 376, 618
480, 111, 677
481, 438, 870
482, 57, 728
483, 320, 561
484, 644, 965
485, 157, 218
486, 824, 902
487, 322, 702
488, 284, 743
489, 272, 661
490, 831, 923
491, 279, 389
492, 835, 887
493, 419, 947
494, 524, 998
495, 737, 992
496, 38, 329
497, 589, 917
498, 205, 809
499, 821, 833
500, 932, 959
501, 235, 964
502, 27, 642
503, 777, 895
504, 462, 978
505, 8, 482
506, 300, 508
507, 194, 846
508, 358, 546
509, 132, 457
510, 68, 726
511, 425, 730
512, 492, 945
513, 44, 153
514, 393, 616
515, 472, 685
516, 338, 896
517, 335, 369
518, 466, 717
519, 182, 810
520, 515, 715
521, 134, 177
522, 98, 168
523, 632, 871
524, 613, 837
525, 262, 751
526, 186, 224
527, 20, 367
528, 3, 380
529, 74, 169
530, 299, 817
531, 193, 298
532, 668, 828
533, 444, 581
534, 37, 655
535, 147, 347
536, 624, 968
537, 855, 981
538, 743, 985
539, 78, 416
540, 680, 749
541, 181, 813
542, 506, 693
543, 61, 103
544, 362, 606
545, 227, 286
546, 70, 643
547, 258, 290
548, 146, 392
549, 368, 483
550, 465, 872
551, 600, 663
552, 563, 954
553, 360, 840
554, 292, 656
555, 435, 682
556, 415, 484
557, 211, 939
558, 401, 622
559, 129, 603
560, 221, 353
561, 314, 566
562, 524, 771
563, 284, 474
564, 806, 807
565, 665, 797
566, 243, 858
567, 587, 823
568, 505, 661
569, 133, 966
570, 619, 885
571, 476, 825
572, 84, 519
573, 12, 118
574, 451, 530
575, 527, 728
576, 26, 965
577, 190, 510
578, 109, 327
579, 257, 960
580, 49, 91
581, 406, 805
582, 637, 920
583, 391, 428
584, 219, 475
585, 741, 833
586, 448, 469
587, 107, 144
588, 291, 804
589, 53, 748
590, 247, 407
591, 638, 789
592, 432, 710
593, 32, 732
594, 101, 633
595, 648, 987
596, 422, 839
597, 41, 747
598, 328, 645
599, 36, 124
600, 236, 454
601, 207, 907
602, 303, 712
603, 114, 427
604, 646, 983
605, 94, 261
606, 158, 729
607, 575, 688
608, 541, 822
609, 850, 915
610, 45, 404
611, 753, 787
612, 364, 460
613, 306, 571
614, 545, 768
615, 446, 800
616, 14, 814
617, 256, 337
618, 82, 437
619, 249, 670
620, 112, 131
621, 431, 882
622, 188, 908
623, 185, 880
624, 201, 565
625, 577, 996
626, 722, 906
627, 343, 348
628, 389, 845
629, 311, 494
630, 357, 921
631, 470, 926
632, 321, 763
633, 410, 982
634, 683, 820
635, 455, 957
636, 414, 821
637, 521, 679
638, 232, 385
639, 439, 798
640, 280, 529
641, 155, 725
642, 285, 755
643, 500, 579
644, 237, 958
645, 69, 976
646, 77, 922
647, 532, 812
648, 742, 815
649, 294, 626
650, 547, 778
651, 164, 394
652, 100, 538
653, 96, 203
654, 384, 488
655, 486, 607
656, 42, 570
657, 250, 553
658, 205, 889
659, 80, 226
660, 283, 480
661, 83, 699
662, 312, 377
663, 208, 780
664, 533, 847
665, 296, 586
666, 555, 608
667, 55, 400
668, 1, 617
669, 411, 991
670, 183, 525
671, 313, 770
672, 25, 471
673, 2, 746
674, 584, 919
675, 140, 154
676, 412, 783
677, 390, 408
678, 759, 808
679, 671, 972
680, 511, 904
681, 167, 700
682, 501, 731
683, 86, 318
684, 176, 701
685, 647, 949
686, 46, 350
687, 233, 672
688, 238, 574
689, 520, 781
690, 569, 776
691, 156, 174
692, 464, 951
693, 461, 853
694, 197, 396
695, 578, 727
696, 59, 654
697, 371, 910
698, 281, 868
699, 35, 165
700, 865, 873
701, 104, 967
702, 403, 420
703, 38, 363
704, 447, 962
705, 266, 329
706, 592, 666
707, 429, 636
708, 324, 653
709, 215, 630
710, 189, 703
711, 220, 418
712, 234, 940
713, 159, 849
714, 507, 639
715, 341, 674
716, 172, 791
717, 113, 585
718, 276, 426
719, 785, 830
720, 239, 288
721, 34, 953
722, 453, 576
723, 62, 97
724, 16, 692
725, 879, 941
726, 898, 955
727, 478, 826
728, 588, 604
729, 81, 602
730, 322, 590
731, 255, 499
732, 445, 504
733, 843, 866
734, 166, 733
735, 57, 259
736, 352, 449
737, 115, 994
738, 71, 893
739, 272, 841
740, 535, 739
741, 143, 772
742, 552, 611
743, 596, 716
744, 9, 210
745, 48, 892
746, 171, 485
747, 217, 512
748, 18, 851
749, 39, 824
750, 718, 724
751, 22, 556
752, 900, 942
753, 696, 875
754, 230, 548
755, 857, 986
756, 40, 911
757, 56, 591
758, 433, 930
759, 23, 971
760, 11, 354
761, 342, 793
762, 381, 707
763, 105, 120
764, 440, 695
765, 943, 998
766, 245, 752
767, 17, 336
768, 378, 583
769, 157, 649
770, 145, 640
771, 417, 764
772, 246, 681
773, 572, 612
774, 50, 150
775, 634, 782
776, 308, 673
777, 93, 372
778, 123, 708
779, 641, 878
780, 762, 788
781, 799, 876
782, 85, 890
783, 317, 756
784, 901, 923
785, 289, 528
786, 361, 931
787, 560, 794
788, 897, 974
789, 278, 573
790, 509, 658
791, 786, 803
792, 213, 992
793, 173, 773
794, 650, 888
795, 769, 891
796, 196, 542
797, 332, 398
798, 383, 405
799, 13, 758
800, 540, 628
801, 935, 999
802, 436, 698
803, 631, 944
804, 162, 559
805, 67, 881
806, 29, 260
807, 60, 264
808, 128, 421
809, 792, 1000
810, 302, 664
811, 273, 275
812, 269, 277
813, 627, 950
814, 64, 199
815, 557, 848
816, 30, 980
817, 76, 424
818, 534, 928
819, 19, 567
820, 51, 709
821, 345, 459
822, 28, 568
823, 678, 852
824, 924, 997
825, 43, 212
826, 517, 605
827, 130, 493
828, 562, 597
829, 765, 934
830, 65, 229
831, 330, 914
832, 90, 409
833, 375, 686
834, 864, 988
835, 135, 315
836, 490, 925
837, 175, 870
838, 248, 744
839, 293, 766
840, 184, 231
841, 316, 735
842, 88, 489
843, 359, 387
844, 106, 456
845, 536, 644
846, 558, 836
847, 200, 796
848, 395, 936
849, 163, 916
850, 580, 691
851, 307, 523
852, 635, 819
853, 24, 832
854, 7, 282
855, 745, 938
856, 244, 684
857, 477, 522
858, 263, 370
859, 15, 136
860, 6, 497
861, 89, 518
862, 760, 909
863, 87, 652
864, 621, 946
865, 242, 959
866, 21, 990
867, 438, 775
868, 179, 473
869, 54, 989
870, 854, 952
871, 309, 479
872, 149, 651
873, 139, 947
874, 467, 905
875, 736, 842
876, 582, 723
877, 481, 975
878, 344, 599
879, 495, 973
880, 127, 386
881, 503, 719
882, 218, 970
883, 689, 886
884, 202, 270
885, 73, 697
886, 388, 550
887, 121, 463
888, 152, 979
889, 838, 899
890, 382, 618
891, 366, 779
892, 340, 399
893, 117, 379
894, 912, 961
895, 222, 516
896, 138, 253
897, 623, 913
898, 240, 564
899, 657, 969
900, 349, 598
901, 502, 589
902, 614, 705
903, 561, 933
904, 514, 835
905, 126, 690
906, 402, 450
907, 268, 704
908, 108, 334
909, 531, 818
910, 877, 887
911, 5, 884
912, 660, 662
913, 831, 867
914, 496, 740
915, 66, 254
916, 620, 802
917, 75, 902
918, 883, 948
919, 491, 694
920, 4, 441
921, 856, 861
922, 95, 869
923, 122, 198
924, 116, 214
925, 178, 720
926, 757, 903
927, 711, 995
928, 702, 774
929, 738, 827
930, 346, 355
931, 31, 737
932, 47, 413
933, 295, 809
934, 170, 376
935, 287, 956
936, 397, 594
937, 339, 761
938, 526, 929
939, 110, 331
940, 271, 333
941, 326, 419
942, 615, 667
943, 543, 790
944, 365, 539
945, 625, 714
946, 265, 274
947, 225, 677
948, 829, 993
949, 252, 767
950, 111, 549
951, 119, 304
952, 102, 498
953, 187, 917
954, 180, 860
955, 228, 609
956, 458, 551
957, 784, 859
958, 669, 937
959, 192, 811
960, 325, 977
961, 601, 754
962, 795, 927
963, 320, 706
964, 141, 487
965, 267, 319
966, 99, 241
967, 52, 918
968, 544, 734
969, 216, 659
970, 373, 537
971, 374, 629
972, 63, 279
973, 297, 963
974, 430, 610
975, 142, 305
976, 191, 468
977, 125, 862
978, 33, 750
979, 434, 894
980, 10, 721
981, 92, 513
982, 443, 844
983, 161, 195
984, 209, 351
985, 206, 223
986, 58, 72
987, 301, 356
988, 151, 713
989, 423, 554
990, 442, 834
991, 137, 323
992, 79, 984
993, 675, 863
994, 816, 932
995, 160, 593
996, 148, 676
997, 251, 687
998, 204, 595
999, 801, 874
1000, 310, 452
1001, 44, 129
1002, 202, 442
1003, 422, 587
1004, 214, 562
1005, 400, 725
1006, 288, 798
1007, 861, 995
1008, 375, 377
1009, 760, 930
1010, 109, 657
1011, 13, 799
1012, 710, 761
1013, 913, 922
1014, 148, 783
1015, 370, 535
1016, 346, 427
1017, 159, 879
1018, 469, 544
1019, 179, 884
1020, 394, 769
1021, 117, 591
1022, 251, 353
1023, 53, 846
1024, 567, 843
1025, 546, 571
1026, 383, 502
1027, 499, 558
1028, 336, 682
1029, 327, 940
1030, 185, 671
1031, 287, 908
1032, 789, 914
1033, 322, 693
1034, 440, 625
1035, 607, 719
1036, 136, 690
1037, 332, 842
1038, 650, 801
1039, 80, 435
1040, 503, 605
1041, 634, 707
1042, 623, 819
1043, 594, 945
1044, 20, 744
1045, 206, 337
1046, 45, 523
1047, 390, 847
1048, 217, 965
1049, 330, 717
1050, 58, 999
1051, 302, 969
1052, 174, 283
1053, 54, 178
1054, 944, 978
1055, 1, 12
1056, 754, 966
1057, 495, 845
1058, 363, 741
1059, 187, 980
1060, 928, 934
1061, 385, 802
1062, 101, 398
1063, 65, 557
1064, 25, 312
1065, 38, 123
1066, 575, 867
1067, 316, 665
1068, 590, 924
1069, 128, 757
1070, 563, 881
1071, 272, 953
1072, 328, 356
1073, 486, 666
1074, 291, 658
1075, 268, 716
1076, 324, 577
1077, 488, 858
1078, 239, 450
1079, 91, 865
1080, 294, 975
1081, 822, 900
1082, 5, 471
1083, 407, 951
1084, 668, 732
1085, 734, 952
1086, 69, 639
1087, 772, 836
1088, 508, 805
1089, 568, 837
1090, 638, 982
1091, 249, 367
1092, 597, 925
1093, 130, 485
1094, 586, 848
1095, 559, 730
1096, 259, 635
1097, 484, 576
1098, 270, 344
1099, 653, 697
1100, 343, 556
1101, 473, 833
1102, 525, 790
1103, 573, 781
1104, 326, 868
1105, 379, 581
1106, 284, 667
1107, 2, 376
1108, 269, 883
1109, 170, 601
1110, 334, 599
1111, 189, 474
1112, 22, 88
1113, 94, 735
1114, 90, 369
1115, 724, 831
1116, 216, 444
1117, 747, 808
1118, 49, 640
1119, 355, 423
1120, 701, 919
1121, 256, 462
1122, 143, 718
1123, 437, 659
1124, 723, 762
1125, 902, 903
1126, 7, 164
1127, 107, 451
1128, 131, 161
1129, 145, 614
1130, 105, 907
1131, 368, 898
1132, 93, 243
1133, 9, 292
1134, 21, 198
1135, 245, 810
1136, 329, 905
1137, 491, 580
1138, 265, 656
1139, 176, 319
1140, 364, 991
1141, 731, 821
1142, 702, 912
1143, 756, 878
1144, 987, 996
1145, 225, 711
1146, 555, 655
1147, 453, 608
1148, 152, 1000
1149, 153, 988
1150, 514, 931
1151, 517, 997
1152, 158, 939
1153, 531, 824
1154, 456, 809
1155, 266, 507
1156, 139, 704
1157, 642, 776
1158, 542, 990
1159, 543, 976
1160, 138, 813
1161, 31, 446
1162, 387, 418
1163, 200, 520
1164, 104, 433
1165, 564, 729
1166, 680, 774
1167, 817, 893
1168, 307, 705
1169, 146, 492
1170, 687, 834
1171, 197, 632
1172, 151, 215
1173, 144, 780
1174, 155, 681
1175, 205, 409
1176, 114, 498
1177, 743, 890
1178, 149, 150
1179, 401, 592
1180, 167, 233
1181, 222, 620
1182, 71, 475
1183, 92, 946
1184, 157, 298
1185, 295, 641
1186, 429, 460
1187, 175, 510
1188, 438, 452
1189, 770, 923
1190, 137, 431
1191, 410, 826
1192, 195, 384
1193, 226, 388
1194, 306, 935
1195, 172, 823
1196, 173, 522
1197, 392, 449
1198, 519, 891
1199, 441, 778
1200, 29, 193
1201, 194, 882
1202, 464, 818
1203, 841, 920
1204, 84, 121
1205, 87, 825
1206, 447, 454
1207, 118, 875
1208, 102, 296
1209, 733, 768
1210, 497, 876
1211, 309, 674
1212, 771, 967
1213, 48, 851
1214, 386, 619
1215, 27, 403
1216, 241, 513
1217, 579, 816
1218, 932, 949
1219, 314, 538
1220, 142, 758
1221, 228, 448
1222, 126, 820
1223, 156, 493
1224, 85, 751
1225, 124, 465
1226, 477, 626
1227, 348, 589
1228, 15, 649
1229, 660, 864
1230, 26, 537
1231, 24, 746
1232, 166, 624
1233, 609, 889
1234, 574, 937
1235, 321, 405
1236, 32, 230
1237, 897, 909
1238, 278, 494
1239, 110, 111
1240, 505, 866
1241, 552, 985
1242, 35, 715
1243, 162, 971
1244, 413, 855
1245, 231, 560
1246, 61, 880
1247, 404, 539
1248, 678, 950
1249, 700, 797
1250, 132, 759
1251, 224, 941
1252, 389, 873
1253, 271, 911
1254, 180, 686
1255, 42, 613
1256, 662, 915
1257, 82, 257
1258, 154, 382
1259, 252, 277
1260, 63, 588
1261, 280, 877
1262, 55, 303
1263, 622, 926
1264, 183, 414
1265, 549, 633
1266, 28, 360
1267, 106, 258
1268, 742, 764
1269, 279, 894
1270, 141, 547
1271, 289, 689
1272, 308, 901
1273, 218, 740
1274, 213, 696
1275, 16, 527
1276, 300, 483
1277, 347, 528
1278, 357, 957
1279, 207, 675
1280, 37, 956
1281, 341, 500
1282, 545, 832
1283, 779, 964
1284, 565, 977
1285, 10, 432
1286, 342, 676
1287, 929, 993
1288, 583, 691
1289, 417, 490
1290, 412, 504
1291, 83, 264
1292, 248, 480
1293, 76, 636
1294, 458, 536
1295, 86, 397
1296, 99, 627
1297, 115, 811
1298, 430, 955
1299, 89, 113
1300, 234, 617
1301, 51, 396
1302, 17, 293
1303, 127, 618
1304, 246, 773
1305, 297, 970
1306, 496, 737
1307, 916, 968
1308, 339, 358
1309, 515, 766
1310, 192, 468
1311, 34, 275
1312, 78, 352
1313, 548, 863
1314, 857, 989
1315, 792, 986
1316, 521, 600
1317, 244, 787
1318, 366, 992
1319, 103, 904
1320, 714, 892
1321, 163, 255
1322, 361, 804
1323, 3, 938
1324, 98, 436
1325, 4, 476
1326, 391, 755
1327, 276, 708
1328, 720, 854
1329, 168, 645
1330, 664, 933
1331, 212, 849
1332, 8, 511
1333, 399, 963
1334, 317, 408
1335, 97, 869
1336, 310, 959
1337, 182, 896
1338, 199, 796
1339, 47, 325
1340, 23, 39
1341, 33, 694
1342, 219, 850
1343, 569, 699
1344, 125, 791
1345, 108, 140
1346, 223, 524
1347, 165, 459
1348, 68, 424
1349, 250, 479
1350, 116, 340
1351, 64, 426
1352, 595, 954
1353, 254, 663
1354, 812, 979
1355, 516, 807
1356, 72, 972
1357, 610, 874
1358, 134, 839
1359, 434, 793
1360, 393, 526
1361, 604, 973
1362, 467, 998
1363, 365, 943
1364, 201, 621
1365, 75, 96
1366, 119, 184
1367, 395, 918
1368, 487, 709
1369, 373, 748
1370, 41, 181
1371, 253, 359
1372, 227, 263
1373, 421, 871
1374, 684, 713
1375, 147, 679
1376, 81, 262
1377, 457, 529
1378, 420, 815
1379, 570, 673
1380, 77, 775
1381, 235, 795
1382, 46, 57
1383, 188, 532
1384, 419, 512
1385, 643, 788
1386, 209, 763
1387, 133, 677
1388, 411, 827
1389, 43, 70
1390, 186, 722
1391, 160, 210
1392, 318, 752
1393, 553, 706
1394, 221, 323
1395, 191, 518
1396, 540, 749
1397, 62, 917
1398, 415, 906
1399, 247, 282
1400, 439, 895
1401, 629, 712
1402, 73, 240
1403, 267, 315
1404, 196, 721
1405, 670, 840
1406, 672, 814
1407, 835, 947
1408, 530, 644
1409, 782, 888
1410, 190, 887
1411, 501, 886
1412, 585, 637
1413, 688, 853
1414, 237, 852
1415, 509, 566
1416, 6, 345
1417, 290, 695
1418, 333, 651
1419, 425, 533
1420, 171, 983
1421, 428, 631
1422, 862, 899
1423, 59, 349
1424, 40, 554
1425, 232, 777
1426, 738, 960
1427, 301, 974
1428, 472, 489
1429, 603, 628
1430, 135, 236
1431, 767, 856
1432, 416, 470
1433, 30, 203
1434, 402, 612
1435, 466, 630
1436, 304, 927
1437, 19, 765
1438, 100, 220
1439, 683, 750
1440, 362, 727
1441, 602, 828
1442, 18, 372
1443, 561, 616
1444, 461, 936
1445, 726, 859
1446, 374, 669
1447, 67, 311
1448, 305, 331
1449, 14, 784
1450, 286, 578
1451, 95, 647
1452, 208, 260
1453, 463, 984
1454, 593, 745
1455, 281, 481
1456, 11, 238
1457, 872, 958
1458, 60, 800
1459, 736, 785
1460, 261, 551
1461, 52, 654
1462, 211, 994
1463, 443, 692
1464, 313, 582
1465, 482, 870
1466, 685, 860
1467, 56, 838
1468, 550, 606
1469, 786, 962
1470, 122, 739
1471, 169, 910
1472, 584, 806
1473, 79, 406
1474, 381, 445
1475, 615, 794
1476, 652, 703
1477, 242, 478
1478, 273, 611
1479, 36, 728
1480, 351, 844
1481, 299, 350
1482, 378, 534
1483, 455, 596
1484, 541, 830
1485, 204, 285
1486, 274, 371
1487, 572, 981
1488, 354, 506
1489, 661, 803
1490, 120, 648
1491, 335, 753
1492, 66, 829
1493, 646, 948
1494, 885, 921
1495, 50, 320
1496, 229, 961
1497, 112, 942
1498, 177, 338
1499, 74, 380
1500, 598, 698
1501, 857, 998
1502, 146, 181
1503, 154, 799
1504, 284, 292
1505, 114, 575
1506, 555, 781
1507, 158, 495
1508, 58, 655
1509, 542, 954
1510, 253, 590
1511, 520, 1000
1512, 207, 515
1513, 706, 855
1514, 522, 691
1515, 720, 760
1516, 833, 988
1517, 209, 785
1518, 71, 802
1519, 101, 877
1520, 203, 909
1521, 15, 150
1522, 131, 591
1523, 40, 759
1524, 256, 804
1525, 95, 699
1526, 859, 897
1527, 510, 819
1528, 389, 435
1529, 290, 599
1530, 140, 744
1531, 564, 887
1532, 322, 701
1533, 6, 438
1534, 453, 967
1535, 530, 783
1536, 160, 172
1537, 107, 138
1538, 302, 861
1539, 187, 393
1540, 581, 774
1541, 188, 955
1542, 5, 99
1543, 208, 724
1544, 935, 937
1545, 263, 565
1546, 460, 702
1547, 310, 602
1548, 603, 931
1549, 639, 981
1550, 121, 289
1551, 719, 881
1552, 531, 782
1553, 580, 738
1554, 465, 556
1555, 62, 944
1556, 194, 800
1557, 607, 863
1558, 817, 943
1559, 144, 890
1560, 19, 916
1561, 841, 996
1562, 291, 611
1563, 113, 441
1564, 271, 884
1565, 141, 552
1566, 474, 521
1567, 479, 919
1568, 3, 778
1569, 39, 821
1570, 13, 446
1571, 79, 511
1572, 100, 888
1573, 731, 749
1574, 303, 826
1575, 608, 683
1576, 230, 391
1577, 342, 598
1578, 205, 423
1579, 103, 279
1580, 503, 964
1581, 273, 398
1582, 57, 644
1583, 780, 980
1584, 676, 687
1585, 162, 752
1586, 153, 390
1587, 723, 994
1588, 247, 626
1589, 343, 588
1590, 918, 969
1591, 8, 246
1592, 384, 648
1593, 223, 281
1594, 661, 891
1595, 373, 718
1596, 459, 523
1597, 231, 666
1598, 278, 409
1599, 574, 915
1600, 536, 827
1601, 110, 118
1602, 730, 917
1603, 370, 946
1604, 725, 743
1605, 229, 476
1606, 584, 742
1607, 587, 612
1608, 198, 509
1609, 876, 894
1610, 847, 942
1611, 60, 274
1612, 105, 506
1613, 155, 977
1614, 166, 237
1615, 206, 650
1616, 104, 545
1617, 221, 848
1618, 287, 717
1619, 622, 936
1620, 595, 681
1621, 496, 873
1622, 248, 797
1623, 601, 757
1624, 125, 875
1625, 516, 948
1626, 111, 726
1627, 710, 886
1628, 420, 620
1629, 679, 747
1630, 283, 870
1631, 487, 878
1632, 831, 864
1633, 367, 413
1634, 378, 406
1635, 48, 182
1636, 135, 375
1637, 416, 829
1638, 139, 190
1639, 92, 762
1640, 240, 957
1641, 286, 394
1642, 11, 417
1643, 805, 920
1644, 180, 896
1645, 444, 808
1646, 204, 537
1647, 189, 544
1648, 729, 945
1649, 245, 776
1650, 396, 770
1651, 257, 340
1652, 137, 852
1653, 134, 850
1654, 328, 695
1655, 84, 905
1656, 297, 317
1657, 129, 505
1658, 572, 838
1659, 314, 705
1660, 721, 982
1661, 77, 632
1662, 220, 660
1663, 404, 445
1664, 568, 712
1665, 350, 492
1666, 51, 304
1667, 325, 892
1668, 53, 923
1669, 311, 960
1670, 616, 642
1671, 200, 667
1672, 380, 984
1673, 21, 893
1674, 76, 224
1675, 81, 443
1676, 86, 235
1677, 583, 625
1678, 89, 320
1679, 359, 843
1680, 654, 972
1681, 285, 430
1682, 270, 959
1683, 218, 641
1684, 65, 965
1685, 226, 363
1686, 98, 627
1687, 344, 851
1688, 96, 868
1689, 124, 769
1690, 477, 765
1691, 192, 708
1692, 293, 978
1693, 902, 973
1694, 133, 211
1695, 397, 507
1696, 30, 704
1697, 381, 728
1698, 42, 412
1699, 64, 707
1700, 337, 700
1701, 59, 711
1702, 737, 874
1703, 383, 924
1704, 539, 784
1705, 196, 569
1706, 126, 751
1707, 142, 428
1708, 174, 456
1709, 756, 788
1710, 300, 433
1711, 176, 962
1712, 275, 651
1713, 61, 748
1714, 178, 298
1715, 12, 83
1716, 352, 451
1717, 415, 970
1718, 353, 623
1719, 73, 713
1720, 106, 812
1721, 216, 792
1722, 471, 547
1723, 117, 912
1724, 867, 872
1725, 128, 354
1726, 52, 148
1727, 425, 528
1728, 37, 87
1729, 624, 727
1730, 93, 930
1731, 549, 987
1732, 419, 532
1733, 264, 450
1734, 56, 67
1735, 395, 407
1736, 233, 921
1737, 589, 880
1738, 234, 631
1739, 628, 836
1740, 469, 885
1741, 533, 907
1742, 46, 979
1743, 504, 739
1744, 332, 690
1745, 34, 961
1746, 238, 347
1747, 179, 242
1748, 217, 795
1749, 670, 697
1750, 1, 31
1751, 44, 499
1752, 4, 243
1753, 282, 801
1754, 280, 990
1755, 122, 331
1756, 563, 834
1757, 761, 866
1758, 184, 305
1759, 497, 854
1760, 754, 974
1761, 321, 869
1762, 360, 501
1763, 351, 703
1764, 17, 950
1765, 371, 913
1766, 152, 439
1767, 70, 561
1768, 512, 716
1769, 365, 889
1770, 467, 478
1771, 214, 822
1772, 462, 991
1773, 301, 789
1774, 54, 908
1775, 25, 262
1776, 452, 901
1777, 635, 678
1778, 10, 767
1779, 171, 411
1780, 436, 498
1781, 862, 900
1782, 313, 535
1783, 491, 983
1784, 55, 482
1785, 554, 566
1786, 288, 358
1787, 553, 677
1788, 596, 636
1789, 763, 856
1790, 368, 949
1791, 191, 260
1792, 132, 903
1793, 159, 560
1794, 120, 571
1795, 193, 614
1796, 210, 449
1797, 169, 468
1798, 295, 663
1799, 330, 401
1800, 339, 815
1801, 448, 481
1802, 543, 895
1803, 116, 813
1804, 408, 696
1805, 266, 786
1806, 112, 309
1807, 268, 684
1808, 202, 613
1809, 7, 745
1810, 385, 929
1811, 828, 904
1812, 269, 296
1813, 508, 540
1814, 837, 849
1815, 494, 928
1816, 227, 362
1817, 27, 777
1818, 175, 798
1819, 392, 910
1820, 567, 914
1821, 244, 579
1822, 659, 775
1823, 879, 997
1824, 447, 618
1825, 212, 818
1826, 685, 992
1827, 609, 793
1828, 405, 671
1829, 638, 947
1830, 809, 816
1831, 276, 938
1832, 236, 646
1833, 513, 830
1834, 14, 341
1835, 402, 570
1836, 163, 518
1837, 735, 820
1838, 78, 377
1839, 119, 605
1840, 493, 686
1841, 74, 366
1842, 85, 966
1843, 558, 845
1844, 458, 883
1845, 108, 692
1846, 526, 753
1847, 186, 637
1848, 472, 593
1849, 267, 803
1850, 349, 882
1851, 47, 790
1852, 336, 825
1853, 38, 442
1854, 457, 483
1855, 312, 766
1856, 722, 734
1857, 440, 559
1858, 485, 933
1859, 272, 840
1860, 241, 736
1861, 345, 963
1862, 617, 755
1863, 36, 43
1864, 239, 261
1865, 20, 597
1866, 149, 764
1867, 250, 823
1868, 674, 911
1869, 167, 865
1870, 306, 427
1871, 680, 958
1872, 115, 693
1873, 791, 989
1874, 372, 939
1875, 109, 232
1876, 308, 461
1877, 534, 672
1878, 529, 576
1879, 82, 251
1880, 183, 294
1881, 222, 551
1882, 424, 941
1883, 324, 604
1884, 338, 470
1885, 254, 527
1886, 23, 319
1887, 473, 779
1888, 49, 219
1889, 668, 740
1890, 2, 807
1891, 259, 594
1892, 123, 927
1893, 906, 953
1894, 28, 806
1895, 414, 794
1896, 323, 871
1897, 63, 657
1898, 356, 922
1899, 431, 858
1900, 418, 514
1901, 173, 925
1902, 80, 199
1903, 421, 610
1904, 327, 374
1905, 91, 732
1906, 562, 633
1907, 24, 525
1908, 429, 951
1909, 715, 853
1910, 541, 629
1911, 379, 524
1912, 546, 682
1913, 151, 932
1914, 225, 619
1915, 335, 698
1916, 41, 364
1917, 69, 714
1918, 357, 995
1919, 578, 741
1920, 426, 993
1921, 170, 348
1922, 102, 606
1923, 136, 985
1924, 355, 388
1925, 156, 694
1926, 400, 689
1927, 130, 215
1928, 326, 768
1929, 318, 538
1930, 586, 824
1931, 33, 814
1932, 675, 986
1933, 35, 177
1934, 75, 773
1935, 161, 733
1936, 329, 656
1937, 432, 750
1938, 399, 999
1939, 66, 746
1940, 410, 934
1941, 228, 709
1942, 147, 634
1943, 486, 630
1944, 94, 643
1945, 299, 664
1946, 387, 502
1947, 653, 899
1948, 168, 334
1949, 422, 898
1950, 185, 835
1951, 197, 434
1952, 32, 88
1953, 213, 437
1954, 165, 333
1955, 585, 860
1956, 29, 258
1957, 475, 484
1958, 488, 557
1959, 548, 839
1960, 771, 787
1961, 615, 772
1962, 669, 952
1963, 164, 810
1964, 940, 975
1965, 500, 652
1966, 277, 665
1967, 195, 658
1968, 649, 662
1969, 758, 956
1970, 315, 519
1971, 386, 550
1972, 265, 582
1973, 464, 796
1974, 480, 976
1975, 577, 621
1976, 201, 517
1977, 50, 463
1978, 90, 143
1979, 307, 490
1980, 811, 968
1981, 16, 573
1982, 249, 403
1983, 26, 647
1984, 382, 645
1985, 22, 361
1986, 97, 926
1987, 255, 346
1988, 846, 971
1989, 455, 466
1990, 157, 640
1991, 127, 376
1992, 9, 842
1993, 72, 145
1994, 600, 688
1995, 45, 844
1996, 252, 592
1997, 369, 832
1998, 68, 673
1999, 454, 489
2000, 18, 316
2001, 267, 608
2002, 31, 727
2003, 517, 801
2004, 263, 378
2005, 38, 424
2006, 643, 662
2007, 161, 606
2008, 481, 800
2009, 62, 141
2010, 315, 355
2011, 199, 425
2012, 106, 185
2013, 329, 935
2014, 296, 924
2015, 569, 858
2016, 512, 828
2017, 332, 345
2018, 489, 757
2019, 79, 279
2020, 302, 668
2021, 39, 88
2022, 74, 226
2023, 609, 699
2024, 351, 813
2025, 461, 826
2026, 90, 906
2027, 590, 760
2028, 732, 745
2029, 310, 721
2030, 369, 815
2031, 536, 853
2032, 4, 223
2033, 231, 527
2034, 344, 428
2035, 52, 388
2036, 419, 422
2037, 341, 692
2038, 41, 227
2039, 406, 701
2040, 50, 806
2041, 259, 359
2042, 193, 588
2043, 556, 942
2044, 677, 728
2045, 500, 749
2046, 207, 949
2047, 502, 620
2048, 165, 504
2049, 311, 713
2050, 610, 878
2051, 125, 561
2052, 30, 291
2053, 379, 859
2054, 383, 431
2055, 434, 961
2056, 535, 653
2057, 322, 960
2058, 687, 940
2059, 6, 592
2060, 233, 789
2061, 27, 916
2062, 158, 418
2063, 114, 290
2064, 65, 724
2065, 80, 584
2066, 173, 775
2067, 389, 636
2068, 509, 883
2069, 274, 553
2070, 58, 836
2071, 14, 899
2072, 628, 937
2073, 524, 551
2074, 493, 898
2075, 679, 833
2076, 314, 546
2077, 32, 657
2078, 402, 684
2079, 519, 640
2080, 167, 761
2081, 249, 638
2082, 577, 637
2083, 866, 885
2084, 371, 959
2085, 143, 974
2086, 51, 871
2087, 252, 837
2088, 187, 568
2089, 275, 641
2090, 194, 528
2091, 145, 941
2092, 87, 675
2093, 40, 598
2094, 261, 746
2095, 458, 661
2096, 597, 774
2097, 320, 394
2098, 86, 299
2099, 476, 821
2100, 171, 451
2101, 362, 956
2102, 409, 915
2103, 485, 722
2104, 218, 993
2105, 121, 234
2106, 1, 901
2107, 516, 733
2108, 819, 844
2109, 417, 752
2110, 822, 896
2111, 909, 962
2112, 2, 513
2113, 300, 992
2114, 35, 103
2115, 839, 997
2116, 191, 612
2117, 430, 440
2118, 174, 947
2119, 520, 838
2120, 176, 864
2121, 36, 768
2122, 574, 875
2123, 256, 895
2124, 506, 927
2125, 714, 966
2126, 135, 433
2127, 96, 456
2128, 671, 738
2129, 327, 658
2130, 126, 178
2131, 432, 667
2132, 8, 810
2133, 715, 811
2134, 364, 808
2135, 46, 843
2136, 155, 385
2137, 117, 370
2138, 363, 554
2139, 254, 708
2140, 368, 852
2141, 56, 93
2142, 639, 919
2143, 376, 477
2144, 61, 467
2145, 294, 730
2146, 18, 89
2147, 278, 466
2148, 473, 743
2149, 331, 347
2150, 365, 718
2151, 372, 870
2152, 578, 691
2153, 928, 938
2154, 989, 996
2155, 518, 538
2156, 214, 471
2157, 209, 287
2158, 235, 317
2159, 110, 474
2160, 503, 988
2161, 340, 809
2162, 262, 922
2163, 210, 706
2164, 163, 213
2165, 23, 190
2166, 617, 954
2167, 694, 955
2168, 37, 225
2169, 349, 807
2170, 777, 897
2171, 107, 782
2172, 255, 280
2173, 198, 943
2174, 537, 776
2175, 705, 892
2176, 85, 238
2177, 5, 426
2178, 581, 632
2179, 514, 913
2180, 397, 944
2181, 459, 483
2182, 240, 353
2183, 414, 860
2184, 70, 246
2185, 309, 970
2186, 469, 802
2187, 690, 769
2188, 621, 735
2189, 33, 465
2190, 420, 851
2191, 75, 268
2192, 548, 936
2193, 391, 392
2194, 57, 228
2195, 603, 725
2196, 488, 532
2197, 97, 307
2198, 196, 490
2199, 76, 740
2200, 756, 886
2201, 443, 633
2202, 28, 175
2203, 560, 972
2204, 647, 696
2205, 245, 695
2206, 799, 958
2207, 346, 824
2208, 559, 579
2209, 702, 999
2210, 270, 343
2211, 203, 753
2212, 118, 629
2213, 157, 817
2214, 142, 914
2215, 205, 649
2216, 401, 1000
2217, 289, 818
2218, 127, 295
2219, 604, 968
2220, 15, 547
2221, 845, 946
2222, 206, 293
2223, 34, 842
2224, 72, 265
2225, 98, 529
2226, 44, 390
2227, 565, 771
2228, 160, 204
2229, 10, 716
2230, 630, 652
2231, 201, 563
2232, 521, 615
2233, 795, 889
2234, 17, 105
2235, 342, 841
2236, 710, 891
2237, 19, 248
2238, 566, 804
2239, 445, 911
2240, 613, 827
2241, 625, 693
2242, 162, 663
2243, 398, 894
2244, 132, 266
2245, 243, 967
2246, 131, 840
2247, 116, 250
2248, 84, 600
2249, 11, 68
2250, 264, 786
2251, 395, 951
2252, 669, 796
2253, 335, 375
2254, 330, 923
2255, 100, 323
2256, 515, 762
2257, 305, 480
2258, 366, 593
2259, 129, 805
2260, 133, 834
2261, 64, 814
2262, 334, 869
2263, 260, 448
2264, 758, 931
2265, 354, 910
2266, 42, 154
2267, 219, 271
2268, 495, 872
2269, 109, 965
2270, 292, 337
2271, 624, 973
2272, 912, 934
2273, 570, 797
2274, 128, 244
2275, 216, 421
2276, 316, 766
2277, 25, 908
2278, 136, 251
2279, 24, 81
2280, 45, 463
2281, 408, 626
2282, 124, 189
2283, 47, 526
2284, 277, 783
2285, 478, 545
2286, 404, 948
2287, 49, 925
2288, 497, 642
2289, 380, 464
2290, 659, 980
2291, 166, 788
2292, 104, 319
2293, 91, 182
2294, 239, 995
2295, 447, 685
2296, 140, 325
2297, 242, 460
2298, 119, 153
2299, 138, 731
2300, 16, 711
2301, 179, 387
2302, 508, 904
2303, 726, 969
2304, 282, 987
2305, 304, 542
2306, 595, 918
2307, 381, 876
2308, 367, 747
2309, 137, 681
2310, 71, 748
2311, 572, 672
2312, 328, 778
2313, 67, 479
2314, 472, 933
2315, 134, 156
2316, 122, 890
2317, 333, 793
2318, 423, 917
2319, 139, 224
2320, 449, 484
2321, 339, 880
2322, 482, 945
2323, 147, 411
2324, 120, 582
2325, 522, 854
2326, 377, 648
2327, 326, 734
2328, 336, 670
2329, 564, 654
2330, 273, 835
2331, 413, 861
2332, 172, 981
2333, 543, 645
2334, 450, 741
2335, 180, 998
2336, 576, 984
2337, 112, 676
2338, 655, 887
2339, 200, 950
2340, 113, 763
2341, 646, 680
2342, 549, 792
2343, 301, 976
2344, 660, 673
2345, 847, 868
2346, 177, 462
2347, 393, 533
2348, 130, 596
2349, 22, 115
2350, 457, 846
2351, 416, 831
2352, 737, 781
2353, 222, 360
2354, 69, 709
2355, 438, 780
2356, 622, 723
2357, 350, 744
2358, 9, 616
2359, 496, 686
2360, 386, 907
2361, 95, 755
2362, 688, 920
2363, 412, 720
2364, 557, 719
2365, 558, 816
2366, 499, 939
2367, 865, 977
2368, 82, 284
2369, 247, 501
2370, 168, 849
2371, 184, 607
2372, 444, 614
2373, 7, 73
2374, 586, 666
2375, 352, 857
2376, 429, 855
2377, 181, 929
2378, 415, 900
2379, 631, 634
2380, 66, 790
2381, 539, 903
2382, 361, 820
2383, 241, 683
2384, 427, 507
2385, 208, 297
2386, 358, 587
2387, 439, 698
2388, 101, 236
2389, 312, 856
2390, 562, 798
2391, 54, 627
2392, 3, 991
2393, 374, 594
2394, 212, 272
2395, 148, 410
2396, 470, 978
2397, 739, 979
2398, 183, 318
2399, 232, 862
2400, 611, 644
2401, 635, 665
2402, 356, 403
2403, 682, 850
2404, 396, 982
2405, 736, 990
2406, 468, 555
2407, 257, 772
2408, 13, 957
2409, 188, 754
2410, 215, 902
2411, 20, 759
2412, 825, 832
2413, 678, 905
2414, 664, 921
2415, 197, 986
2416, 348, 953
2417, 108, 285
2418, 765, 863
2419, 21, 618
2420, 150, 453
2421, 53, 498
2422, 63, 486
2423, 288, 784
2424, 48, 964
2425, 357, 399
2426, 77, 791
2427, 220, 767
2428, 308, 435
2429, 159, 192
2430, 230, 770
2431, 253, 656
2432, 575, 619
2433, 60, 221
2434, 511, 867
2435, 525, 830
2436, 442, 674
2437, 211, 874
2438, 550, 884
2439, 530, 651
2440, 384, 455
2441, 567, 697
2442, 785, 983
2443, 169, 373
2444, 580, 882
2445, 258, 269
2446, 601, 893
2447, 773, 963
2448, 229, 571
2449, 700, 985
2450, 55, 926
2451, 281, 492
2452, 12, 436
2453, 164, 306
2454, 491, 623
2455, 99, 888
2456, 437, 994
2457, 407, 717
2458, 283, 494
2459, 650, 703
2460, 298, 552
2461, 202, 583
2462, 321, 794
2463, 146, 382
2464, 313, 812
2465, 505, 823
2466, 29, 510
2467, 454, 879
2468, 78, 750
2469, 707, 803
2470, 704, 742
2471, 186, 338
2472, 286, 712
2473, 102, 877
2474, 405, 729
2475, 170, 932
2476, 400, 829
2477, 303, 589
2478, 26, 92
2479, 952, 975
2480, 531, 764
2481, 237, 487
2482, 149, 324
2483, 195, 452
2484, 144, 787
2485, 544, 971
2486, 152, 605
2487, 689, 881
2488, 751, 848
2489, 43, 585
2490, 217, 873
2491, 276, 541
2492, 59, 930
2493, 534, 591
2494, 151, 523
2495, 599, 602
2496, 94, 573
2497, 441, 779
2498, 111, 540
2499, 83, 446
2500, 123, 475
2501, 397, 426
2502, 232, 779
2503, 398, 556
2504, 211, 461
2505, 124, 670
2506, 712, 969
2507, 298, 675
2508, 459, 554
2509, 43, 854
2510, 196, 312
2511, 38, 616
2512, 130, 630
2513, 303, 615
2514, 103, 824
2515, 770, 950
2516, 270, 652
2517, 131, 811
2518, 698, 747
2519, 438, 528
2520, 523, 711
2521, 70, 856
2522, 216, 998
2523, 515, 953
2524, 484, 937
2525, 276, 707
2526, 23, 359
2527, 309, 799
2528, 683, 697
2529, 676, 894
2530, 17, 352
2531, 292, 560
2532, 77, 416
2533, 138, 651
2534, 729, 837
2535, 207, 326
2536, 357, 966
2537, 24, 842
2538, 501, 744
2539, 127, 365
2540, 361, 506
2541, 169, 644
2542, 114, 848
2543, 98, 791
2544, 136, 891
2545, 45, 566
2546, 172, 959
2547, 310, 356
2548, 117, 940
2549, 409, 483
2550, 282, 773
2551, 79, 208
2552, 853, 878
2553, 269, 476
2554, 91, 653
2555, 734, 893
2556, 11, 849
2557, 72, 286
2558, 743, 994
2559, 798, 800
2560, 236, 395
2561, 543, 749
2562, 701, 717
2563, 101, 217
2564, 505, 580
2565, 424, 951
2566, 624, 977
2567, 719, 765
2568, 347, 565
2569, 9, 413
2570, 244, 247
2571, 551, 570
2572, 142, 472
2573, 635, 695
2574, 148, 400
2575, 155, 928
2576, 90, 818
2577, 170, 761
2578, 223, 603
2579, 447, 913
2580, 187, 877
2581, 474, 902
2582, 135, 145
2583, 947, 976
2584, 246, 783
2585, 237, 410
2586, 618, 979
2587, 375, 755
2588, 16, 48
2589, 826, 886
2590, 613, 822
2591, 435, 466
2592, 329, 386
2593, 67, 704
2594, 722, 952
2595, 277, 887
2596, 621, 793
2597, 341, 823
2598, 677, 750
2599, 21, 769
2600, 35, 374
2601, 231, 239
2602, 33, 944
2603, 110, 248
2604, 558, 899
2605, 126, 220
2606, 507, 914
2607, 502, 671
2608, 372, 662
2609, 51, 780
2610, 254, 975
2611, 182, 197
2612, 469, 852
2613, 508, 685
2614, 396, 805
2615, 434, 674
2616, 157, 342
2617, 183, 629
2618, 66, 831
2619, 737, 930
2620, 104, 659
2621, 121, 174
2622, 733, 876
2623, 510, 513
2624, 590, 921
2625, 192, 296
2626, 781, 832
2627, 206, 585
2628, 204, 925
2629, 353, 931
2630, 311, 858
2631, 498, 946
2632, 49, 234
2633, 344, 782
2634, 152, 460
2635, 281, 322
2636, 982, 983
2637, 191, 753
2638, 328, 907
2639, 533, 923
2640, 209, 997
2641, 84, 564
2642, 830, 875
2643, 377, 394
2644, 65, 315
2645, 673, 874
2646, 81, 809
2647, 285, 606
2648, 437, 810
2649, 243, 787
2650, 96, 473
2651, 245, 943
2652, 542, 678
2653, 302, 527
2654, 415, 708
2655, 610, 649
2656, 71, 203
2657, 319, 345
2658, 323, 594
2659, 555, 934
2660, 29, 331
2661, 46, 289
2662, 595, 785
2663, 5, 772
2664, 93, 168
2665, 384, 393
2666, 728, 898
2667, 626, 955
2668, 12, 493
2669, 350, 389
2670, 762, 812
2671, 111, 694
2672, 156, 300
2673, 690, 879
2674, 166, 686
2675, 7, 106
2676, 122, 825
2677, 150, 525
2678, 335, 559
2679, 475, 815
2680, 561, 881
2681, 272, 324
2682, 225, 520
2683, 499, 524
2684, 37, 666
2685, 75, 939
2686, 82, 382
2687, 54, 611
2688, 371, 455
2689, 116, 751
2690, 575, 864
2691, 418, 736
2692, 369, 957
2693, 487, 897
2694, 229, 828
2695, 688, 703
2696, 265, 491
2697, 283, 740
2698, 134, 964
2699, 238, 884
2700, 531, 843
2701, 241, 301
2702, 201, 380
2703, 427, 860
2704, 829, 910
2705, 888, 985
2706, 69, 511
2707, 516, 546
2708, 250, 873
2709, 640, 906
2710, 242, 295
2711, 388, 796
2712, 334, 880
2713, 271, 745
2714, 305, 696
2715, 99, 971
2716, 411, 713
2717, 158, 588
2718, 218, 752
2719, 679, 819
2720, 3, 684
2721, 57, 219
2722, 682, 817
2723, 363, 680
2724, 56, 918
2725, 109, 362
2726, 287, 368
2727, 100, 859
2728, 94, 926
2729, 58, 383
2730, 85, 958
2731, 288, 803
2732, 149, 193
2733, 140, 645
2734, 176, 608
2735, 665, 757
2736, 153, 448
2737, 154, 385
2738, 141, 399
2739, 486, 774
2740, 175, 620
2741, 432, 974
2742, 422, 801
2743, 471, 821
2744, 120, 844
2745, 73, 430
2746, 482, 915
2747, 348, 724
2748, 702, 841
2749, 165, 249
2750, 50, 956
2751, 164, 642
2752, 210, 767
2753, 763, 960
2754, 113, 709
2755, 316, 376
2756, 171, 573
2757, 222, 735
2758, 76, 816
2759, 340, 452
2760, 198, 987
2761, 602, 764
2762, 304, 534
2763, 6, 290
2764, 625, 710
2765, 557, 569
2766, 105, 456
2767, 381, 716
2768, 632, 892
2769, 667, 833
2770, 503, 895
2771, 582, 730
2772, 532, 850
2773, 855, 903
2774, 364, 521
2775, 36, 428
2776, 568, 863
2777, 654, 933
2778, 571, 705
2779, 544, 738
2780, 139, 577
2781, 746, 922
2782, 32, 52
2783, 306, 995
2784, 601, 758
2785, 444, 562
2786, 622, 929
2787, 392, 900
2788, 257, 732
2789, 463, 545
2790, 64, 778
2791, 360, 514
2792, 485, 866
2793, 200, 576
2794, 333, 464
2795, 160, 194
2796, 221, 538
2797, 786, 986
2798, 262, 419
2799, 768, 802
2800, 128, 163
2801, 840, 912
2802, 617, 834
2803, 339, 634
2804, 8, 279
2805, 55, 847
2806, 727, 981
2807, 412, 862
2808, 367, 417
2809, 584, 609
2810, 706, 935
2811, 325, 614
2812, 74, 693
2813, 462, 664
2814, 233, 293
2815, 378, 692
2816, 308, 748
2817, 185, 440
2818, 267, 549
2819, 47, 917
2820, 123, 230
2821, 119, 446
2822, 346, 794
2823, 330, 390
2824, 889, 920
2825, 500, 720
2826, 59, 835
2827, 195, 443
2828, 655, 739
2829, 30, 865
2830, 725, 988
2831, 337, 592
2832, 470, 550
2833, 681, 970
2834, 280, 496
2835, 439, 993
2836, 251, 598
2837, 518, 911
2838, 457, 857
2839, 467, 537
2840, 108, 489
2841, 125, 846
2842, 453, 488
2843, 228, 723
2844, 97, 581
2845, 336, 647
2846, 406, 827
2847, 517, 771
2848, 133, 657
2849, 22, 963
2850, 509, 604
2851, 256, 814
2852, 294, 909
2853, 477, 795
2854, 161, 431
2855, 137, 151
2856, 307, 927
2857, 159, 904
2858, 189, 252
2859, 213, 327
2860, 2, 623
2861, 268, 639
2862, 95, 536
2863, 107, 718
2864, 10, 661
2865, 373, 839
2866, 31, 401
2867, 317, 541
2868, 529, 563
2869, 253, 851
2870, 454, 766
2871, 593, 759
2872, 62, 146
2873, 264, 861
2874, 60, 495
2875, 92, 776
2876, 235, 792
2877, 42, 354
2878, 599, 754
2879, 789, 949
2880, 162, 806
2881, 420, 890
2882, 924, 938
2883, 522, 867
2884, 118, 433
2885, 497, 530
2886, 870, 1000
2887, 28, 490
2888, 366, 631
2889, 188, 990
2890, 88, 186
2891, 4, 26
2892, 115, 147
2893, 407, 883
2894, 68, 587
2895, 275, 901
2896, 129, 429
2897, 202, 441
2898, 53, 199
2899, 15, 807
2900, 519, 932
2901, 274, 660
2902, 480, 481
2903, 715, 775
2904, 572, 777
2905, 41, 973
2906, 349, 999
2907, 184, 721
2908, 742, 967
2909, 332, 478
2910, 689, 731
2911, 668, 700
2912, 421, 663
2913, 278, 896
2914, 402, 672
2915, 190, 258
2916, 273, 699
2917, 404, 804
2918, 391, 972
2919, 540, 760
2920, 19, 942
2921, 44, 338
2922, 291, 321
2923, 83, 212
2924, 358, 425
2925, 589, 691
2926, 612, 637
2927, 13, 547
2928, 266, 548
2929, 646, 656
2930, 87, 215
2931, 263, 756
2932, 255, 820
2933, 34, 343
2934, 387, 628
2935, 20, 784
2936, 80, 552
2937, 450, 494
2938, 403, 586
2939, 984, 992
2940, 596, 641
2941, 259, 916
2942, 790, 908
2943, 178, 224
2944, 492, 962
2945, 25, 526
2946, 1, 869
2947, 205, 479
2948, 179, 579
2949, 143, 905
2950, 226, 872
2951, 318, 591
2952, 260, 808
2953, 14, 797
2954, 40, 583
2955, 313, 714
2956, 214, 941
2957, 468, 512
2958, 177, 638
2959, 414, 882
2960, 181, 227
2961, 167, 379
2962, 63, 968
2963, 297, 961
2964, 669, 991
2965, 619, 636
2966, 132, 989
2967, 633, 838
2968, 658, 936
2969, 687, 813
2970, 173, 405
2971, 553, 868
2972, 314, 726
2973, 18, 980
2974, 284, 449
2975, 643, 845
2976, 261, 605
2977, 86, 919
2978, 355, 965
2979, 370, 996
2980, 27, 112
2981, 408, 954
2982, 89, 836
2983, 61, 320
2984, 78, 650
2985, 574, 945
2986, 240, 567
2987, 465, 978
2988, 578, 948
2989, 436, 458
2990, 144, 741
2991, 351, 788
2992, 442, 607
2993, 423, 648
2994, 180, 445
2995, 451, 535
2996, 600, 871
2997, 539, 627
2998, 299, 885
2999, 39, 597
3000, 102, 504
3001, 117, 959
3002, 114, 658
3003, 157, 164
3004, 199, 281
3005, 241, 976
3006, 428, 918
3007, 122, 278
3008, 2, 826
3009, 68, 70
3010, 735, 940
3011, 361, 527
3012, 230, 839
3013, 713, 850
3014, 601, 793
3015, 243, 403
3016, 24, 396
3017, 160, 518
3018, 237, 805
3019, 246, 324
3020, 247, 952
3021, 182, 242
3022, 54, 881
3023, 173, 872
3024, 823, 897
3025, 291, 497
3026, 262, 292
3027, 550, 609
3028, 275, 848
3029, 586, 717
3030, 4, 82
3031, 422, 847
3032, 59, 459
3033, 714, 801
3034, 441, 804
3035, 457, 932
3036, 379, 942
3037, 225, 999
3038, 197, 748
3039, 167, 916
3040, 364, 980
3041, 106, 504
3042, 367, 906
3043, 215, 432
3044, 629, 967
3045, 178, 395
3046, 213, 270
3047, 389, 512
3048, 381, 675
3049, 913, 990
3050, 418, 592
3051, 875, 926
3052, 414, 893
3053, 562, 838
3054, 189, 723
3055, 511, 574
3056, 125, 822
3057, 354, 451
3058, 154, 871
3059, 420, 614
3060, 882, 891
3061, 471, 616
3062, 227, 498
3063, 53, 517
3064, 337, 733
3065, 481, 707
3066, 11, 100
3067, 587, 671
3068, 788, 987
3069, 6, 890
3070, 23, 203
3071, 525, 979
3072, 475, 573
3073, 568, 722
3074, 176, 832
3075, 266, 317
3076, 132, 995
3077, 397, 665
3078, 355, 611
3079, 795, 867
3080, 118, 760
3081, 40, 145
3082, 156, 261
3083, 265, 539
3084, 845, 992
3085, 924, 1000
3086, 423, 920
3087, 25, 726
3088, 439, 783
3089, 342, 438
3090, 89, 859
3091, 303, 591
3092, 29, 899
3093, 170, 738
3094, 331, 921
3095, 534, 697
3096, 12, 879
3097, 169, 993
3098, 97, 786
3099, 413, 678
3100, 228, 915
3101, 172, 415
3102, 651, 667
3103, 408, 948
3104, 22, 72
3105, 530, 654
3106, 37, 452
3107, 320, 853
3108, 487, 600
3109, 719, 936
3110, 30, 966
3111, 168, 758
3112, 285, 366
3113, 421, 747
3114, 249, 344
3115, 43, 834
3116, 360, 677
3117, 602, 617
3118, 351, 440
3119, 263, 724
3120, 778, 933
3121, 374, 613
3122, 318, 679
3123, 123, 809
3124, 221, 405
3125, 309, 894
3126, 257, 322
3127, 42, 705
3128, 105, 860
3129, 165, 835
3130, 34, 158
3131, 494, 507
3132, 116, 535
3133, 222, 559
3134, 763, 780
3135, 649, 935
3136, 764, 945
3137, 385, 796
3138, 282, 939
3139, 386, 934
3140, 542, 854
3141, 26, 803
3142, 283, 905
3143, 38, 749
3144, 655, 811
3145, 315, 973
3146, 180, 883
3147, 155, 712
3148, 664, 696
3149, 51, 561
3150, 499, 774
3151, 479, 488
3152, 468, 636
3153, 442, 800
3154, 107, 218
3155, 406, 411
3156, 779, 887
3157, 633, 808
3158, 336, 787
3159, 610, 975
3160, 350, 502
3161, 86, 745
3162, 211, 799
3163, 50, 598
3164, 896, 970
3165, 274, 806
3166, 384, 456
3167, 529, 829
3168, 566, 693
3169, 694, 863
3170, 489, 491
3171, 784, 868
3172, 162, 393
3173, 663, 944
3174, 300, 400
3175, 129, 874
3176, 631, 974
3177, 330, 528
3178, 486, 911
3179, 15, 212
3180, 307, 789
3181, 214, 492
3182, 500, 695
3183, 279, 765
3184, 216, 689
3185, 704, 866
3186, 163, 417
3187, 482, 514
3188, 605, 701
3189, 206, 768
3190, 271, 357
3191, 298, 816
3192, 844, 971
3193, 394, 448
3194, 645, 912
3195, 9, 903
3196, 346, 715
3197, 3, 751
3198, 268, 653
3199, 142, 753
3200, 193, 756
3201, 36, 634
3202, 470, 791
3203, 45, 339
3204, 35, 565
3205, 208, 345
3206, 810, 885
3207, 171, 660
3208, 790, 807
3209, 632, 644
3210, 143, 773
3211, 151, 505
3212, 295, 643
3213, 124, 245
3214, 119, 757
3215, 510, 736
3216, 365, 739
3217, 235, 752
3218, 255, 830
3219, 259, 368
3220, 140, 994
3221, 69, 446
3222, 187, 577
3223, 375, 556
3224, 543, 608
3225, 544, 742
3226, 272, 328
3227, 174, 606
3228, 258, 716
3229, 698, 972
3230, 373, 477
3231, 85, 388
3232, 166, 267
3233, 144, 327
3234, 98, 147
3235, 56, 126
3236, 161, 989
3237, 761, 931
3238, 224, 603
3239, 77, 149
3240, 662, 812
3241, 509, 982
3242, 371, 427
3243, 410, 434
3244, 540, 709
3245, 305, 855
3246, 78, 986
3247, 148, 513
3248, 353, 570
3249, 79, 557
3250, 152, 297
3251, 207, 377
3252, 424, 691
3253, 139, 956
3254, 676, 953
3255, 321, 554
3256, 134, 264
3257, 87, 589
3258, 454, 798
3259, 485, 958
3260, 358, 849
3261, 179, 914
3262, 372, 669
3263, 13, 604
3264, 743, 843
3265, 538, 702
3266, 233, 680
3267, 46, 461
3268, 569, 927
3269, 61, 666
3270, 728, 876
3271, 96, 656
3272, 390, 625
3273, 837, 968
3274, 113, 647
3275, 720, 923
3276, 356, 908
3277, 84, 988
3278, 409, 732
3279, 335, 579
3280, 238, 532
3281, 407, 813
3282, 416, 523
3283, 244, 792
3284, 175, 304
3285, 128, 599
3286, 548, 904
3287, 75, 929
3288, 191, 563
3289, 137, 209
3290, 181, 580
3291, 14, 831
3292, 94, 306
3293, 80, 81
3294, 62, 615
3295, 138, 846
3296, 21, 941
3297, 729, 895
3298, 103, 585
3299, 618, 766
3300, 136, 369
3301, 447, 815
3302, 219, 251
3303, 220, 352
3304, 311, 700
3305, 503, 533
3306, 135, 296
3307, 382, 537
3308, 256, 287
3309, 16, 338
3310, 622, 925
3311, 231, 937
3312, 240, 628
3313, 772, 797
3314, 551, 635
3315, 370, 682
3316, 877, 917
3317, 202, 737
3318, 480, 508
3319, 93, 582
3320, 465, 962
3321, 260, 391
3322, 201, 430
3323, 341, 865
3324, 8, 48
3325, 340, 493
3326, 150, 623
3327, 607, 949
3328, 112, 280
3329, 670, 821
3330, 91, 902
3331, 188, 862
3332, 269, 842
3333, 102, 226
3334, 641, 954
3335, 20, 640
3336, 387, 515
3337, 190, 239
3338, 95, 626
3339, 120, 683
3340, 901, 957
3341, 133, 708
3342, 66, 639
3343, 250, 312
3344, 294, 419
3345, 194, 333
3346, 121, 195
3347, 289, 770
3348, 183, 638
3349, 575, 820
3350, 401, 619
3351, 252, 334
3352, 76, 483
3353, 99, 819
3354, 950, 996
3355, 380, 782
3356, 111, 359
3357, 740, 910
3358, 362, 947
3359, 348, 767
3360, 684, 703
3361, 71, 450
3362, 28, 192
3363, 583, 750
3364, 435, 642
3365, 64, 204
3366, 130, 888
3367, 88, 443
3368, 18, 744
3369, 205, 593
3370, 10, 827
3371, 127, 552
3372, 398, 449
3373, 1, 549
3374, 521, 943
3375, 541, 861
3376, 886, 977
3377, 478, 627
3378, 484, 746
3379, 319, 581
3380, 524, 889
3381, 177, 584
3382, 771, 961
3383, 520, 578
3384, 392, 721
3385, 536, 637
3386, 248, 730
3387, 253, 588
3388, 108, 332
3389, 555, 706
3390, 131, 273
3391, 308, 404
3392, 376, 501
3393, 33, 558
3394, 49, 710
3395, 436, 852
3396, 7, 672
3397, 652, 690
3398, 39, 57
3399, 828, 969
3400, 741, 997
3401, 453, 856
3402, 323, 546
3403, 466, 840
3404, 455, 718
3405, 92, 101
3406, 19, 109
3407, 725, 818
3408, 399, 711
3409, 476, 727
3410, 316, 597
3411, 52, 519
3412, 383, 571
3413, 814, 981
3414, 526, 873
3415, 762, 833
3416, 785, 825
3417, 686, 864
3418, 595, 759
3419, 444, 467
3420, 47, 460
3421, 464, 909
3422, 27, 431
3423, 73, 648
3424, 473, 794
3425, 286, 841
3426, 425, 659
3427, 630, 657
3428, 412, 938
3429, 522, 884
3430, 83, 329
3431, 58, 200
3432, 776, 984
3433, 141, 892
3434, 313, 596
3435, 31, 531
3436, 349, 991
3437, 402, 965
3438, 506, 681
3439, 545, 870
3440, 186, 462
3441, 668, 688
3442, 110, 985
3443, 223, 646
3444, 32, 963
3445, 516, 775
3446, 564, 978
3447, 210, 277
3448, 378, 734
3449, 185, 685
3450, 463, 612
3451, 496, 560
3452, 115, 276
3453, 44, 898
3454, 236, 878
3455, 314, 919
3456, 217, 232
3457, 146, 290
3458, 458, 472
3459, 288, 553
3460, 343, 964
3461, 310, 674
3462, 620, 951
3463, 567, 650
3464, 293, 363
3465, 198, 437
3466, 572, 928
3467, 433, 590
3468, 65, 858
3469, 153, 576
3470, 594, 955
3471, 445, 946
3472, 229, 234
3473, 104, 802
3474, 673, 930
3475, 60, 254
3476, 5, 326
3477, 699, 960
3478, 67, 922
3479, 769, 817
3480, 301, 880
3481, 426, 754
3482, 429, 624
3483, 490, 851
3484, 474, 495
3485, 196, 347
3486, 55, 998
3487, 547, 983
3488, 17, 731
3489, 824, 836
3490, 299, 907
3491, 284, 687
3492, 469, 661
3493, 621, 755
3494, 41, 900
3495, 90, 781
3496, 325, 692
3497, 159, 777
3498, 63, 869
3499, 74, 857
3500, 184, 302
3501, 390, 554
3502, 202, 903
3503, 151, 275
3504, 407, 845
3505, 885, 917
3506, 675, 802
3507, 10, 56
3508, 375, 622
3509, 318, 668
3510, 149, 541
3511, 41, 918
3512, 156, 995
3513, 36, 861
3514, 180, 270
3515, 699, 750
3516, 42, 123
3517, 127, 940
3518, 229, 797
3519, 166, 372
3520, 95, 776
3521, 245, 624
3522, 666, 784
3523, 8, 831
3524, 383, 796
3525, 448, 871
3526, 152, 769
3527, 569, 840
3528, 137, 436
3529, 901, 906
3530, 665, 835
3531, 17, 530
3532, 515, 739
3533, 191, 485
3534, 200, 875
3535, 409, 565
3536, 107, 250
3537, 2, 247
3538, 246, 829
3539, 228, 388
3540, 415, 467
3541, 662, 866
3542, 496, 864
3543, 113, 612
3544, 808, 950
3545, 101, 956
3546, 337, 617
3547, 516, 704
3548, 24, 584
3549, 131, 185
3550, 710, 878
3551, 719, 849
3552, 44, 178
3553, 511, 621
3554, 93, 392
3555, 47, 973
3556, 289, 860
3557, 85, 291
3558, 385, 585
3559, 252, 480
3560, 482, 862
3561, 143, 726
3562, 158, 382
3563, 427, 667
3564, 687, 712
3565, 486, 960
3566, 4, 19
3567, 550, 649
3568, 352, 677
3569, 11, 416
3570, 129, 827
3571, 3, 939
3572, 198, 661
3573, 763, 783
3574, 403, 946
3575, 847, 949
3576, 282, 754
3577, 663, 674
3578, 130, 647
3579, 645, 843
3580, 640, 948
3581, 302, 759
3582, 601, 998
3583, 652, 951
3584, 288, 822
3585, 795, 916
3586, 611, 944
3587, 395, 755
3588, 505, 620
3589, 398, 994
3590, 613, 716
3591, 348, 618
3592, 1, 805
3593, 300, 850
3594, 249, 826
3595, 43, 655
3596, 591, 633
3597, 7, 311
3598, 30, 656
3599, 452, 514
3600, 86, 92
3601, 350, 560
3602, 37, 891
3603, 641, 787
3604, 66, 218
3605, 399, 959
3606, 161, 718
3607, 484, 967
3608, 313, 961
3609, 659, 814
3610, 278, 568
3611, 40, 114
3612, 45, 208
3613, 664, 697
3614, 65, 760
3615, 78, 706
3616, 481, 705
3617, 709, 817
3618, 52, 921
3619, 132, 150
3620, 857, 972
3621, 243, 381
3622, 479, 533
3623, 280, 578
3624, 346, 915
3625, 851, 889
3626, 164, 377
3627, 384, 597
3628, 72, 594
3629, 450, 635
3630, 426, 494
3631, 139, 883
3632, 60, 717
3633, 266, 774
3634, 303, 592
3635, 205, 746
3636, 63, 347
3637, 319, 788
3638, 366, 980
3639, 9, 365
3640, 172, 707
3641, 91, 359
3642, 974, 981
3643, 428, 653
3644, 117, 277
3645, 187, 604
3646, 57, 773
3647, 16, 294
3648, 524, 945
3649, 634, 925
3650, 323, 627
3651, 736, 934
3652, 100, 577
3653, 507, 596
3654, 210, 753
3655, 729, 757
3656, 293, 488
3657, 442, 713
3658, 27, 728
3659, 430, 529
3660, 224, 976
3661, 465, 993
3662, 477, 810
3663, 394, 651
3664, 420, 725
3665, 209, 353
3666, 18, 269
3667, 173, 737
3668, 500, 926
3669, 284, 593
3670, 326, 896
3671, 455, 869
3672, 328, 625
3673, 308, 865
3674, 540, 573
3675, 623, 779
3676, 170, 317
3677, 141, 433
3678, 105, 351
3679, 109, 768
3680, 239, 443
3681, 730, 743
3682, 77, 905
3683, 64, 937
3684, 177, 778
3685, 525, 983
3686, 583, 923
3687, 404, 589
3688, 263, 766
3689, 312, 812
3690, 413, 990
3691, 71, 938
3692, 251, 315
3693, 487, 842
3694, 570, 740
3695, 555, 644
3696, 412, 852
3697, 88, 248
3698, 73, 298
3699, 732, 806
3700, 82, 517
3701, 112, 393
3702, 354, 953
3703, 786, 952
3704, 405, 432
3705, 801, 821
3706, 928, 992
3707, 242, 493
3708, 576, 609
3709, 260, 947
3710, 335, 955
3711, 254, 271
3712, 155, 462
3713, 145, 904
3714, 108, 767
3715, 290, 423
3716, 777, 789
3717, 204, 608
3718, 102, 489
3719, 373, 931
3720, 610, 792
3721, 437, 456
3722, 28, 195
3723, 598, 982
3724, 497, 963
3725, 34, 888
3726, 339, 357
3727, 510, 669
3728, 233, 564
3729, 828, 853
3730, 733, 929
3731, 626, 650
3732, 417, 791
3733, 257, 561
3734, 855, 911
3735, 742, 876
3736, 344, 521
3737, 175, 873
3738, 268, 283
3739, 212, 907
3740, 61, 116
3741, 628, 799
3742, 211, 221
3743, 286, 648
3744, 325, 678
3745, 309, 854
3746, 306, 790
3747, 401, 419
3748, 184, 660
3749, 536, 587
3750, 241, 527
3751, 253, 696
3752, 402, 411
3753, 192, 809
3754, 421, 670
3755, 69, 823
3756, 6, 361
3757, 460, 537
3758, 522, 544
3759, 236, 532
3760, 513, 581
3761, 360, 506
3762, 844, 964
3763, 971, 996
3764, 265, 322
3765, 643, 836
3766, 369, 520
3767, 22, 958
3768, 672, 780
3769, 232, 341
3770, 140, 176
3771, 562, 936
3772, 856, 912
3773, 153, 969
3774, 104, 454
3775, 199, 518
3776, 770, 874
3777, 492, 711
3778, 272, 340
3779, 81, 230
3780, 355, 616
3781, 595, 715
3782, 147, 671
3783, 87, 680
3784, 168, 692
3785, 345, 686
3786, 509, 863
3787, 292, 735
3788, 418, 434
3789, 281, 879
3790, 111, 547
3791, 33, 979
3792, 334, 336
3793, 285, 880
3794, 329, 558
3795, 321, 848
3796, 220, 837
3797, 165, 471
3798, 94, 441
3799, 380, 495
3800, 115, 800
3801, 371, 458
3802, 31, 781
3803, 457, 501
3804, 89, 508
3805, 157, 472
3806, 126, 913
3807, 333, 461
3808, 379, 559
3809, 20, 25
3810, 439, 910
3811, 84, 582
3812, 483, 798
3813, 469, 761
3814, 214, 396
3815, 316, 364
3816, 80, 756
3817, 654, 803
3818, 163, 295
3819, 378, 519
3820, 600, 741
3821, 29, 67
3822, 422, 552
3823, 440, 512
3824, 76, 171
3825, 174, 296
3826, 15, 68
3827, 12, 782
3828, 79, 657
3829, 238, 731
3830, 406, 631
3831, 330, 431
3832, 58, 882
3833, 588, 605
3834, 23, 942
3835, 188, 841
3836, 356, 752
3837, 606, 689
3838, 159, 408
3839, 287, 890
3840, 551, 991
3841, 314, 370
3842, 473, 924
3843, 734, 881
3844, 349, 498
3845, 21, 26
3846, 142, 548
3847, 169, 682
3848, 400, 867
3849, 231, 637
3850, 35, 276
3851, 274, 899
3852, 146, 574
3853, 134, 751
3854, 615, 724
3855, 255, 747
3856, 99, 445
3857, 932, 988
3858, 118, 435
3859, 590, 832
3860, 46, 999
3861, 887, 894
3862, 135, 691
3863, 935, 957
3864, 197, 989
3865, 75, 804
3866, 90, 97
3867, 148, 374
3868, 160, 1000
3869, 305, 933
3870, 474, 607
3871, 478, 727
3872, 324, 572
3873, 720, 914
3874, 244, 838
3875, 690, 872
3876, 5, 342
3877, 215, 985
3878, 14, 59
3879, 62, 222
3880, 386, 772
3881, 181, 870
3882, 320, 775
3883, 639, 884
3884, 304, 962
3885, 794, 954
3886, 858, 970
3887, 256, 765
3888, 694, 702
3889, 119, 818
3890, 614, 685
3891, 50, 138
3892, 535, 977
3893, 167, 226
3894, 834, 997
3895, 389, 897
3896, 48, 859
3897, 700, 984
3898, 429, 534
3899, 54, 813
3900, 227, 567
3901, 106, 424
3902, 273, 968
3903, 51, 125
3904, 203, 941
3905, 201, 235
3906, 144, 528
3907, 327, 571
3908, 194, 673
3909, 223, 475
3910, 186, 310
3911, 301, 459
3912, 13, 811
3913, 447, 722
3914, 32, 745
3915, 502, 825
3916, 523, 919
3917, 679, 922
3918, 190, 504
3919, 387, 410
3920, 332, 545
3921, 363, 630
3922, 193, 638
3923, 49, 463
3924, 723, 846
3925, 470, 579
3926, 446, 603
3927, 103, 503
3928, 556, 684
3929, 453, 698
3930, 96, 966
3931, 217, 538
3932, 55, 602
3933, 136, 708
3934, 549, 978
3935, 267, 629
3936, 133, 833
3937, 464, 531
3938, 902, 908
3939, 575, 815
3940, 526, 738
3941, 391, 580
3942, 216, 543
3943, 331, 909
3944, 225, 557
3945, 599, 965
3946, 563, 758
3947, 762, 898
3948, 240, 839
3949, 98, 122
3950, 183, 920
3951, 297, 566
3952, 490, 499
3953, 343, 468
3954, 179, 279
3955, 397, 703
3956, 83, 367
3957, 53, 820
3958, 307, 930
3959, 553, 824
3960, 196, 206
3961, 425, 491
3962, 264, 539
3963, 182, 771
3964, 110, 121
3965, 39, 868
3966, 234, 414
3967, 358, 683
3968, 451, 693
3969, 299, 476
3970, 74, 466
3971, 586, 748
3972, 362, 676
3973, 237, 886
3974, 695, 785
3975, 154, 632
3976, 764, 893
3977, 219, 987
3978, 927, 986
3979, 877, 900
3980, 128, 368
3981, 259, 449
3982, 438, 819
3983, 124, 262
3984, 120, 542
3985, 213, 793
3986, 642, 646
3987, 546, 688
3988, 207, 444
3989, 658, 721
3990, 258, 744
3991, 619, 714
3992, 807, 975
3993, 261, 895
3994, 38, 830
3995, 189, 701
3996, 376, 943
3997, 162, 681
3998, 636, 892
3999, 70, 749
4000, 338, 816
