id, img1, img2
1, 308, 700
2, 106, 722
3, 752, 950
4, 574, 576
5, 589, 880
6, 652, 655
7, 313, 603
8, 562, 732
9, 111, 953
10, 25, 273
11, 660, 883
12, 91, 748
13, 83, 206
14, 642, 979
15, 203, 701
16, 252, 520
17, 93, 145
18, 17, 881
19, 192, 248
20, 416, 427
21, 103, 882
22, 410, 817
23, 669, 845
24, 392, 989
25, 647, 706
26, 188, 543
27, 481, 886
28, 569, 764
29, 606, 932
30, 502, 613
31, 451, 839
32, 318, 645
33, 457, 783
34, 897, 920
35, 181, 190
36, 123, 602
37, 303, 792
38, 182, 409
39, 68, 464
40, 178, 659
41, 101, 653
42, 506, 566
43, 241, 798
44, 223, 577
45, 893, 983
46, 135, 197
47, 73, 283
48, 150, 997
49, 148, 769
50, 232, 304
51, 486, 818
52, 201, 780
53, 353, 586
54, 189, 852
55, 128, 555
56, 342, 680
57, 42, 816
58, 233, 496
59, 325, 830
60, 63, 781
61, 46, 612
62, 149, 591
63, 334, 438
64, 21, 430
65, 284, 605
66, 291, 454
67, 376, 990
68, 833, 923
69, 343, 651
70, 288, 958
71, 262, 505
72, 537, 631
73, 338, 802
74, 90, 548
75, 239, 245
76, 679, 968
77, 786, 943
78, 164, 665
79, 173, 485
80, 12, 630
81, 170, 307
82, 492, 731
83, 364, 466
84, 171, 826
85, 254, 885
86, 790, 806
87, 564, 924
88, 234, 887
89, 650, 955
90, 20, 80
91, 379, 568
92, 134, 297
93, 762, 928
94, 16, 187
95, 408, 465
96, 390, 676
97, 321, 936
98, 607, 755
99, 306, 735
100, 402, 623
101, 74, 523
102, 514, 848
103, 716, 995
104, 552, 934
105, 326, 411
106, 70, 622
107, 503, 875
108, 711, 754
109, 219, 558
110, 185, 884
111, 218, 757
112, 43, 878
113, 186, 422
114, 195, 961
115, 114, 863
116, 640, 876
117, 84, 152
118, 417, 941
119, 460, 984
120, 65, 951
121, 169, 846
122, 39, 814
123, 266, 682
124, 119, 590
125, 1, 389
126, 37, 64
127, 263, 815
128, 159, 175
129, 97, 99
130, 539, 803
131, 601, 908
132, 337, 890
133, 215, 340
134, 251, 945
135, 912, 944
136, 31, 621
137, 141, 246
138, 377, 891
139, 610, 795
140, 777, 922
141, 77, 371
142, 384, 800
143, 236, 837
144, 6, 567
145, 742, 865
146, 162, 179
147, 3, 359
148, 738, 809
149, 166, 962
150, 753, 967
151, 811, 966
152, 208, 896
153, 508, 662
154, 276, 341
155, 265, 750
156, 561, 825
157, 267, 368
158, 258, 632
159, 413, 812
160, 35, 657
161, 22, 406
162, 442, 668
163, 305, 369
164, 619, 715
165, 249, 872
166, 32, 964
167, 692, 850
168, 775, 899
169, 350, 725
170, 357, 415
171, 113, 685
172, 75, 993
173, 5, 401
174, 146, 841
175, 76, 670
176, 7, 172
177, 228, 397
178, 868, 1000
179, 784, 925
180, 244, 856
181, 243, 309
182, 842, 862
183, 60, 683
184, 51, 909
185, 36, 515
186, 121, 388
187, 551, 730
188, 510, 982
189, 136, 202
190, 387, 937
191, 300, 545
192, 315, 824
193, 126, 483
194, 227, 453
195, 15, 142
196, 52, 488
197, 13, 153
198, 530, 854
199, 898, 972
200, 374, 721
201, 770, 963
202, 199, 554
203, 209, 673
204, 211, 456
205, 952, 985
206, 426, 774
207, 327, 636
208, 664, 823
209, 270, 788
210, 736, 894
211, 463, 572
212, 100, 347
213, 112, 969
214, 124, 156
215, 672, 853
216, 154, 512
217, 204, 471
218, 372, 688
219, 40, 207
220, 504, 634
221, 362, 726
222, 98, 235
223, 115, 596
224, 151, 709
225, 336, 391
226, 767, 987
227, 433, 915
228, 194, 332
229, 808, 860
230, 292, 553
231, 4, 311
232, 102, 720
233, 381, 533
234, 378, 396
235, 108, 259
236, 29, 864
237, 26, 708
238, 247, 903
239, 323, 927
240, 50, 917
241, 224, 394
242, 455, 624
243, 72, 696
244, 220, 639
245, 565, 906
246, 380, 491
247, 458, 807
248, 519, 540
249, 242, 585
250, 449, 801
251, 441, 687
252, 129, 588
253, 168, 250
254, 480, 511
255, 253, 681
256, 771, 938
257, 130, 861
258, 499, 694
259, 482, 844
260, 104, 805
261, 18, 222
262, 256, 749
263, 869, 991
264, 237, 698
265, 469, 563
266, 133, 583
267, 335, 713
268, 53, 541
269, 59, 879
270, 443, 560
271, 61, 418
272, 345, 695
273, 9, 717
274, 355, 756
275, 127, 356
276, 86, 838
277, 41, 407
278, 473, 489
279, 373, 921
280, 497, 797
281, 468, 874
282, 743, 954
283, 286, 331
284, 30, 277
285, 360, 916
286, 546, 671
287, 200, 423
288, 317, 620
289, 832, 918
290, 214, 522
291, 403, 494
292, 322, 763
293, 405, 931
294, 294, 500
295, 140, 745
296, 139, 370
297, 81, 383
298, 107, 831
299, 348, 395
300, 646, 870
301, 183, 570
302, 329, 352
303, 285, 440
304, 760, 973
305, 280, 684
306, 719, 739
307, 467, 697
308, 707, 821
309, 587, 976
310, 301, 531
311, 476, 737
312, 174, 498
313, 477, 819
314, 274, 400
315, 131, 794
316, 428, 686
317, 293, 776
318, 658, 988
319, 281, 678
320, 450, 608
321, 264, 575
322, 49, 940
323, 626, 975
324, 448, 578
325, 48, 617
326, 110, 333
327, 298, 851
328, 772, 858
329, 580, 615
330, 137, 366
331, 118, 741
332, 180, 724
333, 122, 866
334, 125, 412
335, 525, 534
336, 38, 656
337, 10, 946
338, 638, 978
339, 69, 643
340, 836, 855
341, 785, 840
342, 495, 501
343, 55, 939
344, 96, 165
345, 120, 691
346, 661, 828
347, 88, 238
348, 290, 942
349, 161, 556
350, 385, 873
351, 198, 913
352, 509, 889
353, 27, 759
354, 674, 835
355, 62, 472
356, 714, 765
357, 295, 375
358, 312, 834
359, 78, 718
360, 94, 595
361, 260, 804
362, 272, 431
363, 275, 829
364, 67, 346
365, 54, 905
366, 196, 597
367, 155, 965
368, 487, 526
369, 344, 779
370, 82, 734
371, 434, 971
372, 212, 517
373, 544, 787
374, 474, 582
375, 213, 791
376, 644, 930
377, 382, 892
378, 231, 729
379, 339, 761
380, 444, 479
381, 287, 419
382, 57, 354
383, 675, 974
384, 269, 414
385, 330, 977
386, 89, 998
387, 571, 799
388, 910, 929
389, 547, 949
390, 147, 593
391, 773, 810
392, 319, 462
393, 452, 573
394, 109, 666
395, 210, 302
396, 702, 956
397, 600, 877
398, 635, 820
399, 167, 594
400, 177, 532
401, 542, 641
402, 19, 857
403, 436, 528
404, 599, 789
405, 24, 478
406, 116, 282
407, 268, 728
408, 365, 367
409, 229, 559
410, 85, 904
411, 14, 299
412, 158, 524
413, 649, 793
414, 45, 58
415, 279, 901
416, 549, 710
417, 11, 654
418, 704, 911
419, 87, 914
420, 296, 740
421, 581, 986
422, 616, 705
423, 314, 358
424, 23, 310
425, 163, 579
426, 677, 712
427, 446, 822
428, 432, 957
429, 71, 557
430, 257, 996
431, 689, 970
432, 47, 663
433, 604, 992
434, 95, 217
435, 278, 592
436, 205, 461
437, 584, 960
438, 618, 782
439, 316, 796
440, 437, 959
441, 429, 980
442, 690, 733
443, 225, 439
444, 363, 445
445, 614, 827
446, 424, 518
447, 240, 609
448, 184, 935
449, 425, 493
450, 226, 699
451, 507, 919
452, 8, 947
453, 56, 859
454, 28, 723
455, 447, 611
456, 484, 538
457, 33, 527
458, 271, 470
459, 320, 648
460, 361, 933
461, 2, 948
462, 349, 513
463, 490, 727
464, 459, 926
465, 867, 900
466, 92, 398
467, 637, 778
468, 598, 633
469, 132, 143
470, 105, 157
471, 138, 420
472, 255, 625
473, 191, 766
474, 221, 386
475, 34, 399
476, 66, 328
477, 324, 627
478, 117, 843
479, 404, 421
480, 160, 895
481, 751, 768
482, 351, 393
483, 628, 703
484, 516, 999
485, 44, 550
486, 535, 847
487, 144, 888
488, 176, 871
489, 521, 693
490, 813, 849
491, 79, 475
492, 216, 536
493, 435, 994
494, 667, 902
495, 529, 747
496, 907, 981
497, 193, 746
498, 261, 629
499, 230, 289
500, 744, 758
501, 6, 800
502, 185, 363
503, 754, 830
504, 538, 630
505, 714, 842
506, 704, 954
507, 757, 922
508, 26, 85
509, 152, 663
510, 266, 293
511, 241, 878
512, 347, 484
513, 50, 819
514, 457, 803
515, 355, 968
516, 7, 676
517, 399, 882
518, 182, 937
519, 368, 960
520, 284, 951
521, 98, 668
522, 166, 555
523, 298, 570
524, 135, 911
525, 503, 914
526, 321, 807
527, 173, 210
528, 804, 980
529, 353, 376
530, 459, 591
531, 28, 633
532, 209, 997
533, 435, 827
534, 248, 289
535, 921, 977
536, 227, 778
537, 493, 557
538, 59, 979
539, 552, 955
540, 672, 982
541, 43, 970
542, 400, 409
543, 837, 907
544, 122, 712
545, 180, 708
546, 82, 726
547, 854, 868
548, 440, 697
549, 280, 281
550, 36, 900
551, 99, 191
552, 76, 894
553, 126, 430
554, 183, 834
555, 144, 178
556, 748, 844
557, 246, 808
558, 4, 905
559, 683, 845
560, 200, 242
561, 118, 877
562, 231, 366
563, 87, 354
564, 422, 981
565, 72, 746
566, 551, 619
567, 394, 642
568, 146, 590
569, 616, 943
570, 222, 801
571, 364, 429
572, 571, 986
573, 123, 375
574, 367, 861
575, 535, 581
576, 265, 840
577, 428, 638
578, 580, 767
579, 496, 519
580, 130, 134
581, 95, 297
582, 637, 649
583, 306, 481
584, 137, 691
585, 275, 664
586, 825, 1000
587, 108, 629
588, 113, 871
589, 208, 774
590, 780, 901
591, 34, 305
592, 44, 105
593, 193, 862
594, 155, 495
595, 18, 533
596, 498, 898
597, 120, 492
598, 317, 711
599, 316, 548
600, 320, 397
601, 33, 56
602, 946, 993
603, 12, 789
604, 51, 679
605, 147, 749
606, 319, 936
607, 509, 587
608, 304, 625
609, 230, 441
610, 47, 973
611, 202, 292
612, 583, 686
613, 512, 831
614, 537, 781
615, 673, 806
616, 589, 759
617, 579, 773
618, 203, 314
619, 952, 969
620, 494, 640
621, 406, 850
622, 488, 809
623, 102, 713
624, 434, 690
625, 254, 745
626, 415, 776
627, 93, 450
628, 427, 769
629, 426, 433
630, 243, 379
631, 382, 383
632, 55, 941
633, 221, 507
634, 408, 824
635, 338, 792
636, 330, 665
637, 249, 370
638, 456, 976
639, 232, 288
640, 41, 797
641, 598, 608
642, 547, 715
643, 107, 788
644, 528, 823
645, 405, 532
646, 419, 723
647, 324, 719
648, 229, 311
649, 170, 684
650, 121, 546
651, 91, 159
652, 184, 199
653, 740, 953
654, 48, 136
655, 650, 795
656, 924, 933
657, 109, 926
658, 167, 349
659, 53, 175
660, 286, 594
661, 45, 150
662, 404, 783
663, 211, 261
664, 20, 479
665, 365, 573
666, 1, 710
667, 445, 796
668, 423, 522
669, 584, 606
670, 60, 550
671, 114, 424
672, 641, 989
673, 760, 818
674, 61, 750
675, 851, 880
676, 539, 836
677, 524, 765
678, 770, 810
679, 16, 296
680, 453, 733
681, 268, 743
682, 22, 529
683, 388, 678
684, 112, 534
685, 336, 510
686, 17, 940
687, 255, 385
688, 568, 857
689, 523, 631
690, 476, 610
691, 156, 758
692, 197, 934
693, 374, 661
694, 158, 346
695, 133, 361
696, 835, 932
697, 139, 565
698, 359, 999
699, 21, 446
700, 393, 779
701, 560, 956
702, 163, 782
703, 219, 362
704, 881, 935
705, 101, 344
706, 14, 413
707, 174, 717
708, 360, 506
709, 65, 751
710, 83, 843
711, 264, 567
712, 37, 858
713, 64, 766
714, 378, 920
715, 23, 299
716, 10, 302
717, 176, 455
718, 119, 916
719, 145, 694
720, 564, 967
721, 632, 949
722, 521, 817
723, 74, 725
724, 438, 768
725, 3, 407
726, 345, 520
727, 251, 646
728, 132, 377
729, 599, 930
730, 263, 853
731, 821, 927
732, 226, 609
733, 46, 352
734, 234, 814
735, 865, 889
736, 337, 961
737, 67, 504
738, 157, 269
739, 656, 887
740, 218, 603
741, 624, 947
742, 439, 469
743, 486, 618
744, 179, 470
745, 236, 923
746, 582, 737
747, 554, 992
748, 706, 873
749, 253, 328
750, 187, 545
751, 662, 724
752, 124, 775
753, 452, 460
754, 206, 950
755, 154, 294
756, 149, 764
757, 29, 262
758, 225, 315
759, 576, 985
760, 66, 468
761, 89, 763
762, 762, 917
763, 586, 793
764, 648, 701
765, 94, 623
766, 9, 282
767, 490, 906
768, 386, 876
769, 447, 682
770, 448, 615
771, 244, 620
772, 256, 899
773, 351, 373
774, 891, 931
775, 115, 964
776, 677, 847
777, 655, 721
778, 380, 699
779, 13, 681
780, 106, 483
781, 387, 994
782, 432, 464
783, 277, 278
784, 526, 707
785, 602, 971
786, 695, 874
787, 592, 912
788, 81, 811
789, 143, 356
790, 692, 918
791, 312, 559
792, 79, 910
793, 63, 558
794, 392, 645
795, 307, 687
796, 252, 458
797, 97, 965
798, 116, 703
799, 870, 879
800, 303, 389
801, 327, 996
802, 595, 734
803, 138, 250
804, 669, 688
805, 561, 948
806, 696, 939
807, 736, 928
808, 195, 753
809, 58, 100
810, 190, 267
811, 326, 945
812, 71, 777
813, 104, 700
814, 111, 698
815, 153, 755
816, 462, 816
817, 722, 828
818, 872, 998
819, 487, 527
820, 32, 329
821, 117, 396
822, 5, 531
823, 772, 897
824, 78, 471
825, 128, 799
826, 90, 848
827, 189, 893
828, 172, 480
829, 728, 925
830, 474, 908
831, 611, 675
832, 142, 605
833, 212, 617
834, 444, 883
835, 702, 815
836, 403, 485
837, 177, 942
838, 410, 569
839, 235, 358
840, 283, 652
841, 42, 991
842, 270, 859
843, 73, 332
844, 237, 869
845, 343, 963
846, 475, 983
847, 402, 463
848, 596, 657
849, 489, 884
850, 201, 957
851, 398, 730
852, 2, 962
853, 334, 530
854, 40, 903
855, 68, 826
856, 220, 505
857, 517, 575
858, 214, 846
859, 216, 514
860, 110, 867
861, 543, 562
862, 761, 802
863, 849, 974
864, 39, 224
865, 38, 57
866, 705, 752
867, 577, 984
868, 465, 892
869, 784, 987
870, 371, 798
871, 25, 35
872, 461, 972
873, 223, 739
874, 161, 553
875, 639, 716
876, 909, 966
877, 84, 915
878, 318, 959
879, 511, 578
880, 245, 601
881, 556, 627
882, 372, 731
883, 357, 888
884, 70, 654
885, 31, 258
886, 204, 839
887, 192, 886
888, 271, 417
889, 384, 660
890, 140, 420
891, 467, 744
892, 287, 499
893, 238, 720
894, 217, 549
895, 542, 896
896, 69, 612
897, 188, 621
898, 339, 841
899, 11, 313
900, 54, 541
901, 207, 540
902, 635, 938
903, 240, 451
904, 718, 975
905, 295, 628
906, 659, 794
907, 622, 990
908, 593, 904
909, 863, 978
910, 829, 902
911, 228, 585
912, 566, 822
913, 162, 443
914, 127, 515
915, 513, 693
916, 790, 856
917, 525, 732
918, 604, 919
919, 614, 709
920, 401, 860
921, 86, 431
922, 381, 671
923, 574, 785
924, 260, 563
925, 80, 988
926, 791, 812
927, 274, 341
928, 165, 285
929, 544, 600
930, 323, 436
931, 239, 482
932, 391, 885
933, 125, 667
934, 198, 257
935, 390, 756
936, 473, 572
937, 309, 647
938, 588, 864
939, 168, 497
940, 350, 421
941, 279, 418
942, 536, 771
943, 414, 805
944, 92, 501
945, 141, 215
946, 196, 449
947, 442, 944
948, 333, 729
949, 75, 491
950, 15, 290
951, 395, 644
952, 194, 643
953, 171, 518
954, 348, 689
955, 742, 820
956, 670, 890
957, 52, 895
958, 77, 96
959, 169, 416
960, 658, 680
961, 685, 913
962, 301, 995
963, 8, 626
964, 148, 276
965, 342, 613
966, 181, 411
967, 103, 636
968, 735, 747
969, 322, 651
970, 160, 300
971, 335, 832
972, 213, 813
973, 500, 786
974, 247, 666
975, 412, 477
976, 131, 516
977, 186, 340
978, 310, 502
979, 741, 855
980, 205, 454
981, 437, 866
982, 27, 833
983, 259, 634
984, 325, 331
985, 62, 508
986, 129, 597
987, 273, 838
988, 738, 787
989, 308, 369
990, 19, 852
991, 607, 727
992, 233, 425
993, 653, 929
994, 24, 88
995, 272, 875
996, 30, 151
997, 472, 478
998, 674, 958
999, 49, 291
1000, 164, 466
1001, 263, 341
1002, 504, 886
1003, 280, 534
1004, 295, 688
1005, 68, 968
1006, 125, 296
1007, 515, 772
1008, 183, 716
1009, 14, 127
1010, 473, 944
1011, 227, 864
1012, 215, 625
1013, 158, 327
1014, 39, 550
1015, 750, 860
1016, 50, 715
1017, 190, 628
1018, 182, 374
1019, 425, 834
1020, 135, 371
1021, 69, 500
1022, 96, 557
1023, 343, 932
1024, 146, 188
1025, 403, 411
1026, 89, 254
1027, 138, 416
1028, 789, 829
1029, 73, 647
1030, 74, 208
1031, 446, 651
1032, 706, 976
1033, 939, 973
1034, 373, 954
1035, 110, 770
1036, 578, 916
1037, 242, 601
1038, 390, 419
1039, 322, 908
1040, 262, 479
1041, 460, 732
1042, 38, 696
1043, 667, 803
1044, 17, 575
1045, 160, 836
1046, 692, 998
1047, 15, 178
1048, 311, 947
1049, 286, 752
1050, 212, 648
1051, 63, 236
1052, 43, 755
1053, 382, 432
1054, 185, 905
1055, 234, 305
1056, 526, 868
1057, 452, 934
1058, 331, 397
1059, 459, 987
1060, 351, 478
1061, 462, 600
1062, 221, 929
1063, 80, 104
1064, 301, 566
1065, 264, 852
1066, 276, 442
1067, 5, 958
1068, 544, 802
1069, 339, 491
1070, 614, 722
1071, 129, 391
1072, 193, 360
1073, 404, 580
1074, 122, 844
1075, 498, 887
1076, 323, 796
1077, 155, 753
1078, 700, 937
1079, 315, 400
1080, 265, 781
1081, 291, 862
1082, 169, 191
1083, 240, 671
1084, 368, 465
1085, 592, 856
1086, 901, 983
1087, 293, 748
1088, 267, 709
1089, 255, 395
1090, 223, 256
1091, 18, 705
1092, 137, 228
1093, 475, 695
1094, 150, 923
1095, 529, 607
1096, 209, 316
1097, 218, 308
1098, 530, 775
1099, 58, 565
1100, 181, 785
1101, 1, 387
1102, 165, 505
1103, 189, 258
1104, 7, 62
1105, 477, 847
1106, 448, 994
1107, 164, 880
1108, 285, 855
1109, 596, 729
1110, 297, 686
1111, 246, 532
1112, 120, 798
1113, 713, 774
1114, 214, 344
1115, 59, 653
1116, 612, 874
1117, 727, 756
1118, 666, 675
1119, 19, 121
1120, 914, 945
1121, 232, 912
1122, 430, 563
1123, 147, 985
1124, 806, 871
1125, 61, 414
1126, 299, 714
1127, 211, 681
1128, 257, 818
1129, 180, 435
1130, 680, 710
1131, 279, 884
1132, 48, 629
1133, 166, 931
1134, 27, 995
1135, 31, 989
1136, 499, 637
1137, 219, 876
1138, 118, 243
1139, 424, 551
1140, 251, 586
1141, 486, 560
1142, 314, 321
1143, 453, 639
1144, 139, 541
1145, 76, 598
1146, 554, 745
1147, 457, 949
1148, 45, 757
1149, 809, 851
1150, 282, 744
1151, 672, 819
1152, 98, 963
1153, 142, 170
1154, 759, 858
1155, 380, 918
1156, 220, 662
1157, 159, 826
1158, 476, 694
1159, 26, 723
1160, 548, 747
1161, 584, 801
1162, 588, 676
1163, 196, 636
1164, 283, 988
1165, 348, 846
1166, 833, 857
1167, 463, 712
1168, 304, 492
1169, 67, 517
1170, 538, 768
1171, 79, 438
1172, 32, 622
1173, 143, 656
1174, 156, 413
1175, 734, 1000
1176, 392, 848
1177, 90, 892
1178, 497, 996
1179, 468, 816
1180, 807, 859
1181, 65, 355
1182, 49, 302
1183, 51, 350
1184, 124, 888
1185, 383, 604
1186, 522, 899
1187, 765, 795
1188, 417, 619
1189, 83, 86
1190, 112, 736
1191, 437, 839
1192, 92, 235
1193, 99, 288
1194, 328, 661
1195, 606, 689
1196, 13, 938
1197, 778, 872
1198, 177, 261
1199, 266, 506
1200, 523, 642
1201, 152, 271
1202, 318, 953
1203, 46, 831
1204, 22, 986
1205, 172, 294
1206, 464, 466
1207, 253, 814
1208, 379, 813
1209, 16, 423
1210, 381, 738
1211, 198, 897
1212, 252, 999
1213, 641, 873
1214, 35, 398
1215, 130, 558
1216, 445, 948
1217, 561, 877
1218, 372, 920
1219, 332, 853
1220, 216, 777
1221, 325, 838
1222, 87, 346
1223, 199, 536
1224, 206, 971
1225, 123, 388
1226, 187, 540
1227, 591, 842
1228, 942, 975
1229, 167, 967
1230, 386, 539
1231, 660, 898
1232, 157, 980
1233, 40, 820
1234, 455, 841
1235, 703, 992
1236, 634, 815
1237, 64, 363
1238, 640, 657
1239, 735, 741
1240, 313, 749
1241, 77, 693
1242, 115, 654
1243, 863, 869
1244, 33, 431
1245, 290, 593
1246, 148, 203
1247, 621, 758
1248, 760, 764
1249, 333, 997
1250, 511, 726
1251, 645, 830
1252, 24, 991
1253, 420, 769
1254, 226, 247
1255, 510, 535
1256, 336, 766
1257, 161, 496
1258, 42, 131
1259, 638, 946
1260, 85, 875
1261, 145, 791
1262, 485, 810
1263, 754, 941
1264, 362, 896
1265, 467, 903
1266, 882, 928
1267, 576, 881
1268, 620, 926
1269, 200, 990
1270, 482, 792
1271, 763, 822
1272, 141, 702
1273, 270, 776
1274, 650, 915
1275, 646, 832
1276, 144, 502
1277, 107, 993
1278, 273, 771
1279, 95, 708
1280, 761, 974
1281, 405, 794
1282, 421, 481
1283, 342, 773
1284, 495, 804
1285, 269, 649
1286, 324, 352
1287, 133, 319
1288, 82, 969
1289, 268, 489
1290, 611, 721
1291, 25, 930
1292, 329, 767
1293, 507, 843
1294, 698, 935
1295, 278, 287
1296, 494, 590
1297, 519, 913
1298, 11, 927
1299, 330, 965
1300, 60, 972
1301, 105, 583
1302, 229, 415
1303, 3, 443
1304, 474, 907
1305, 6, 870
1306, 334, 893
1307, 347, 488
1308, 470, 579
1309, 422, 426
1310, 718, 894
1311, 202, 454
1312, 100, 119
1313, 377, 406
1314, 44, 359
1315, 567, 571
1316, 401, 828
1317, 272, 669
1318, 134, 644
1319, 545, 742
1320, 365, 936
1321, 184, 207
1322, 8, 317
1323, 570, 919
1324, 684, 787
1325, 2, 245
1326, 719, 910
1327, 284, 652
1328, 516, 602
1329, 410, 782
1330, 509, 951
1331, 303, 472
1332, 244, 933
1333, 668, 739
1334, 4, 512
1335, 277, 378
1336, 537, 878
1337, 108, 292
1338, 81, 151
1339, 78, 274
1340, 300, 699
1341, 222, 623
1342, 34, 790
1343, 66, 665
1344, 354, 961
1345, 679, 733
1346, 608, 978
1347, 483, 655
1348, 116, 461
1349, 418, 617
1350, 91, 674
1351, 57, 260
1352, 192, 358
1353, 23, 577
1354, 562, 849
1355, 54, 943
1356, 546, 690
1357, 609, 909
1358, 367, 835
1359, 376, 525
1360, 140, 309
1361, 396, 624
1362, 233, 555
1363, 407, 799
1364, 345, 800
1365, 369, 427
1366, 259, 731
1367, 493, 615
1368, 312, 409
1369, 439, 528
1370, 204, 677
1371, 503, 906
1372, 854, 867
1373, 117, 879
1374, 174, 298
1375, 93, 982
1376, 154, 725
1377, 542, 824
1378, 357, 687
1379, 480, 808
1380, 635, 704
1381, 630, 788
1382, 71, 111
1383, 605, 743
1384, 75, 533
1385, 128, 248
1386, 289, 469
1387, 213, 326
1388, 436, 960
1389, 582, 883
1390, 230, 521
1391, 194, 691
1392, 456, 587
1393, 153, 911
1394, 197, 823
1395, 471, 616
1396, 589, 970
1397, 429, 783
1398, 384, 408
1399, 30, 707
1400, 186, 402
1401, 501, 553
1402, 168, 428
1403, 364, 626
1404, 231, 310
1405, 717, 921
1406, 618, 670
1407, 569, 956
1408, 94, 902
1409, 97, 632
1410, 746, 821
1411, 631, 866
1412, 55, 917
1413, 56, 513
1414, 37, 281
1415, 514, 633
1416, 136, 900
1417, 524, 627
1418, 210, 762
1419, 52, 458
1420, 643, 827
1421, 162, 163
1422, 29, 979
1423, 865, 950
1424, 114, 337
1425, 389, 663
1426, 195, 241
1427, 88, 366
1428, 249, 574
1429, 568, 861
1430, 685, 720
1431, 320, 543
1432, 728, 817
1433, 103, 924
1434, 658, 904
1435, 412, 797
1436, 70, 925
1437, 47, 238
1438, 564, 597
1439, 375, 962
1440, 434, 922
1441, 340, 508
1442, 225, 711
1443, 20, 664
1444, 28, 335
1445, 109, 955
1446, 175, 780
1447, 250, 811
1448, 595, 673
1449, 72, 393
1450, 106, 338
1451, 385, 889
1452, 531, 599
1453, 487, 737
1454, 447, 890
1455, 36, 490
1456, 237, 981
1457, 349, 779
1458, 224, 306
1459, 275, 964
1460, 394, 751
1461, 307, 433
1462, 21, 356
1463, 12, 217
1464, 149, 959
1465, 201, 205
1466, 84, 724
1467, 370, 610
1468, 552, 805
1469, 113, 353
1470, 885, 952
1471, 176, 547
1472, 41, 179
1473, 573, 697
1474, 572, 825
1475, 440, 784
1476, 678, 984
1477, 101, 556
1478, 520, 559
1479, 585, 603
1480, 126, 793
1481, 132, 682
1482, 527, 966
1483, 701, 957
1484, 9, 102
1485, 451, 840
1486, 53, 683
1487, 740, 977
1488, 449, 659
1489, 399, 450
1490, 10, 895
1491, 239, 730
1492, 444, 581
1493, 361, 613
1494, 171, 786
1495, 850, 940
1496, 484, 891
1497, 441, 837
1498, 549, 845
1499, 173, 518
1500, 594, 812
1501, 542, 984
1502, 638, 908
1503, 11, 358
1504, 755, 937
1505, 271, 549
1506, 301, 613
1507, 209, 519
1508, 956, 967
1509, 720, 867
1510, 49, 160
1511, 82, 652
1512, 632, 704
1513, 903, 922
1514, 161, 389
1515, 13, 831
1516, 184, 888
1517, 78, 764
1518, 54, 934
1519, 604, 645
1520, 319, 965
1521, 336, 821
1522, 748, 802
1523, 185, 575
1524, 710, 799
1525, 109, 168
1526, 877, 971
1527, 631, 899
1528, 146, 384
1529, 100, 874
1530, 476, 500
1531, 174, 374
1532, 609, 923
1533, 65, 698
1534, 427, 686
1535, 651, 889
1536, 285, 449
1537, 316, 402
1538, 186, 284
1539, 242, 597
1540, 254, 296
1541, 178, 627
1542, 536, 780
1543, 367, 635
1544, 380, 417
1545, 531, 992
1546, 565, 969
1547, 113, 646
1548, 277, 752
1549, 17, 615
1550, 204, 707
1551, 20, 364
1552, 725, 795
1553, 134, 915
1554, 83, 737
1555, 606, 648
1556, 321, 791
1557, 107, 499
1558, 36, 574
1559, 170, 722
1560, 64, 847
1561, 554, 580
1562, 482, 988
1563, 590, 781
1564, 148, 265
1565, 56, 840
1566, 661, 912
1567, 28, 830
1568, 621, 739
1569, 169, 486
1570, 221, 381
1571, 246, 401
1572, 147, 472
1573, 108, 951
1574, 195, 498
1575, 66, 693
1576, 151, 309
1577, 404, 559
1578, 436, 557
1579, 371, 683
1580, 553, 779
1581, 6, 94
1582, 594, 946
1583, 411, 618
1584, 115, 233
1585, 228, 306
1586, 503, 723
1587, 60, 450
1588, 261, 740
1589, 79, 862
1590, 218, 351
1591, 589, 853
1592, 39, 981
1593, 493, 509
1594, 96, 961
1595, 98, 798
1596, 258, 526
1597, 9, 816
1598, 37, 119
1599, 342, 552
1600, 563, 694
1601, 514, 630
1602, 826, 944
1603, 644, 680
1604, 307, 920
1605, 111, 194
1606, 362, 812
1607, 86, 655
1608, 175, 267
1609, 649, 774
1610, 639, 692
1611, 202, 747
1612, 63, 800
1613, 392, 667
1614, 4, 46
1615, 375, 405
1616, 99, 343
1617, 227, 712
1618, 244, 987
1619, 602, 901
1620, 331, 382
1621, 437, 935
1622, 354, 555
1623, 348, 396
1624, 167, 881
1625, 50, 145
1626, 176, 787
1627, 578, 803
1628, 699, 873
1629, 323, 883
1630, 577, 690
1631, 458, 670
1632, 662, 940
1633, 491, 790
1634, 2, 172
1635, 814, 825
1636, 219, 860
1637, 687, 864
1638, 143, 256
1639, 226, 448
1640, 225, 893
1641, 16, 629
1642, 315, 520
1643, 928, 977
1644, 376, 643
1645, 341, 344
1646, 326, 506
1647, 90, 495
1648, 207, 303
1649, 588, 907
1650, 223, 299
1651, 624, 850
1652, 586, 960
1653, 95, 954
1654, 933, 974
1655, 716, 827
1656, 512, 880
1657, 239, 543
1658, 558, 936
1659, 513, 516
1660, 216, 721
1661, 255, 473
1662, 663, 668
1663, 758, 793
1664, 428, 438
1665, 290, 898
1666, 453, 856
1667, 91, 909
1668, 43, 260
1669, 199, 742
1670, 23, 959
1671, 515, 675
1672, 232, 810
1673, 415, 431
1674, 259, 925
1675, 131, 403
1676, 165, 377
1677, 474, 891
1678, 133, 365
1679, 490, 533
1680, 159, 999
1681, 504, 545
1682, 623, 931
1683, 839, 924
1684, 745, 828
1685, 695, 938
1686, 196, 743
1687, 566, 865
1688, 270, 929
1689, 950, 955
1690, 128, 878
1691, 33, 173
1692, 305, 851
1693, 283, 569
1694, 179, 297
1695, 568, 859
1696, 400, 932
1697, 264, 762
1698, 101, 776
1699, 272, 369
1700, 57, 292
1701, 31, 240
1702, 22, 425
1703, 547, 993
1704, 142, 919
1705, 378, 539
1706, 334, 464
1707, 817, 824
1708, 356, 456
1709, 314, 522
1710, 347, 647
1711, 571, 808
1712, 15, 866
1713, 408, 658
1714, 38, 220
1715, 368, 726
1716, 253, 492
1717, 616, 626
1718, 116, 777
1719, 562, 641
1720, 677, 711
1721, 494, 541
1722, 210, 466
1723, 268, 298
1724, 765, 775
1725, 71, 572
1726, 508, 845
1727, 1, 35
1728, 313, 921
1729, 200, 420
1730, 340, 788
1731, 330, 767
1732, 124, 697
1733, 93, 238
1734, 406, 611
1735, 300, 394
1736, 92, 527
1737, 556, 734
1738, 379, 684
1739, 576, 872
1740, 205, 451
1741, 421, 904
1742, 104, 746
1743, 532, 671
1744, 317, 419
1745, 454, 664
1746, 383, 914
1747, 418, 603
1748, 269, 702
1749, 318, 329
1750, 152, 507
1751, 733, 806
1752, 76, 741
1753, 501, 835
1754, 177, 524
1755, 772, 930
1756, 266, 327
1757, 521, 905
1758, 114, 771
1759, 122, 957
1760, 61, 927
1761, 42, 792
1762, 118, 837
1763, 324, 333
1764, 149, 986
1765, 876, 886
1766, 153, 471
1767, 335, 339
1768, 126, 465
1769, 288, 887
1770, 488, 892
1771, 640, 696
1772, 459, 952
1773, 158, 703
1774, 628, 642
1775, 346, 849
1776, 444, 962
1777, 528, 581
1778, 236, 820
1779, 154, 579
1780, 794, 970
1781, 77, 884
1782, 460, 714
1783, 217, 768
1784, 447, 863
1785, 773, 917
1786, 446, 906
1787, 106, 843
1788, 390, 823
1789, 276, 659
1790, 135, 243
1791, 551, 995
1792, 230, 617
1793, 193, 434
1794, 155, 423
1795, 136, 291
1796, 55, 911
1797, 251, 530
1798, 252, 370
1799, 441, 985
1800, 52, 445
1801, 584, 918
1802, 287, 975
1803, 361, 678
1804, 34, 480
1805, 214, 991
1806, 701, 715
1807, 25, 70
1808, 73, 386
1809, 275, 282
1810, 132, 607
1811, 895, 926
1812, 429, 535
1813, 80, 729
1814, 263, 481
1815, 87, 150
1816, 51, 916
1817, 247, 614
1818, 332, 672
1819, 822, 980
1820, 749, 913
1821, 653, 757
1822, 189, 766
1823, 518, 567
1824, 587, 679
1825, 18, 433
1826, 728, 943
1827, 162, 366
1828, 213, 479
1829, 338, 570
1830, 517, 832
1831, 164, 854
1832, 127, 756
1833, 442, 848
1834, 102, 280
1835, 273, 478
1836, 395, 523
1837, 137, 393
1838, 21, 601
1839, 700, 964
1840, 262, 900
1841, 120, 834
1842, 123, 681
1843, 399, 636
1844, 67, 610
1845, 561, 968
1846, 7, 770
1847, 125, 190
1848, 117, 1000
1849, 337, 763
1850, 573, 598
1851, 416, 439
1852, 237, 990
1853, 302, 885
1854, 5, 784
1855, 187, 797
1856, 72, 129
1857, 619, 945
1858, 477, 657
1859, 191, 250
1860, 130, 660
1861, 286, 769
1862, 322, 682
1863, 620, 868
1864, 422, 634
1865, 637, 724
1866, 440, 685
1867, 487, 735
1868, 206, 548
1869, 387, 391
1870, 88, 511
1871, 110, 738
1872, 852, 983
1873, 505, 689
1874, 350, 836
1875, 24, 455
1876, 467, 761
1877, 443, 709
1878, 430, 585
1879, 295, 665
1880, 75, 241
1881, 708, 897
1882, 352, 537
1883, 293, 372
1884, 407, 858
1885, 819, 871
1886, 211, 457
1887, 19, 484
1888, 40, 591
1889, 212, 841
1890, 249, 941
1891, 424, 744
1892, 121, 208
1893, 68, 994
1894, 188, 593
1895, 198, 633
1896, 622, 982
1897, 534, 998
1898, 409, 596
1899, 41, 469
1900, 235, 245
1901, 608, 894
1902, 325, 353
1903, 14, 582
1904, 751, 811
1905, 289, 818
1906, 144, 328
1907, 181, 468
1908, 182, 496
1909, 166, 691
1910, 308, 846
1911, 397, 612
1912, 97, 432
1913, 274, 304
1914, 58, 750
1915, 45, 813
1916, 525, 910
1917, 192, 844
1918, 139, 997
1919, 373, 599
1920, 105, 666
1921, 27, 544
1922, 461, 485
1923, 248, 257
1924, 180, 600
1925, 829, 949
1926, 388, 727
1927, 398, 673
1928, 320, 890
1929, 475, 958
1930, 157, 540
1931, 650, 804
1932, 163, 976
1933, 224, 989
1934, 231, 939
1935, 595, 730
1936, 29, 48
1937, 789, 838
1938, 47, 731
1939, 171, 560
1940, 312, 857
1941, 879, 942
1942, 785, 902
1943, 183, 426
1944, 81, 234
1945, 197, 359
1946, 778, 996
1947, 583, 801
1948, 783, 842
1949, 141, 861
1950, 357, 546
1951, 833, 953
1952, 201, 363
1953, 103, 462
1954, 10, 978
1955, 69, 564
1956, 705, 805
1957, 753, 947
1958, 349, 896
1959, 62, 489
1960, 736, 882
1961, 89, 669
1962, 413, 973
1963, 140, 759
1964, 84, 654
1965, 26, 713
1966, 732, 760
1967, 74, 345
1968, 674, 815
1969, 360, 754
1970, 869, 966
1971, 53, 355
1972, 529, 796
1973, 12, 875
1974, 112, 502
1975, 156, 278
1976, 719, 782
1977, 59, 229
1978, 656, 972
1979, 538, 550
1980, 222, 483
1981, 435, 786
1982, 203, 470
1983, 688, 706
1984, 452, 676
1985, 625, 979
1986, 410, 414
1987, 44, 870
1988, 807, 855
1989, 294, 310
1990, 809, 948
1991, 3, 510
1992, 605, 718
1993, 215, 311
1994, 385, 592
1995, 85, 281
1996, 30, 279
1997, 497, 717
1998, 32, 463
1999, 8, 963
2000, 138, 412
2001, 721, 739
2002, 946, 972
2003, 6, 608
2004, 302, 928
2005, 573, 817
2006, 313, 666
2007, 772, 878
2008, 307, 898
2009, 259, 962
2010, 439, 595
2011, 270, 447
2012, 38, 633
2013, 509, 617
2014, 756, 818
2015, 147, 367
2016, 61, 241
2017, 74, 890
2018, 468, 920
2019, 281, 405
2020, 506, 545
2021, 415, 679
2022, 344, 780
2023, 891, 968
2024, 578, 844
2025, 943, 955
2026, 434, 947
2027, 343, 748
2028, 342, 649
2029, 766, 848
2030, 517, 542
2031, 429, 432
2032, 83, 412
2033, 519, 543
2034, 113, 802
2035, 51, 131
2036, 54, 664
2037, 472, 736
2038, 601, 876
2039, 25, 603
2040, 329, 707
2041, 295, 564
2042, 635, 768
2043, 215, 724
2044, 186, 995
2045, 29, 729
2046, 326, 786
2047, 310, 477
2048, 172, 899
2049, 512, 609
2050, 26, 80
2051, 35, 362
2052, 119, 709
2053, 527, 838
2054, 612, 816
2055, 321, 961
2056, 674, 942
2057, 108, 750
2058, 416, 856
2059, 60, 280
2060, 812, 963
2061, 9, 732
2062, 588, 815
2063, 450, 966
2064, 454, 648
2065, 693, 979
2066, 320, 394
2067, 364, 650
2068, 297, 792
2069, 140, 976
2070, 192, 647
2071, 283, 984
2072, 16, 136
2073, 135, 256
2074, 213, 667
2075, 555, 781
2076, 331, 746
2077, 513, 614
2078, 214, 246
2079, 421, 431
2080, 271, 488
2081, 109, 278
2082, 777, 967
2083, 41, 187
2084, 191, 594
2085, 251, 258
2086, 849, 956
2087, 53, 831
2088, 218, 382
2089, 219, 282
2090, 84, 92
2091, 31, 346
2092, 196, 854
2093, 836, 883
2094, 98, 915
2095, 76, 82
2096, 378, 446
2097, 408, 526
2098, 348, 558
2099, 592, 857
2100, 722, 877
2101, 245, 437
2102, 366, 710
2103, 850, 996
2104, 207, 964
2105, 638, 805
2106, 111, 585
2107, 85, 352
2108, 478, 778
2109, 233, 822
2110, 197, 749
2111, 376, 566
2112, 621, 806
2113, 404, 554
2114, 520, 720
2115, 452, 711
2116, 579, 864
2117, 93, 783
2118, 95, 607
2119, 910, 951
2120, 291, 881
2121, 102, 644
2122, 560, 937
2123, 570, 960
2124, 535, 785
2125, 691, 908
2126, 139, 727
2127, 289, 752
2128, 200, 370
2129, 132, 170
2130, 463, 530
2131, 59, 303
2132, 319, 758
2133, 145, 862
2134, 380, 764
2135, 89, 305
2136, 414, 945
2137, 874, 983
2138, 48, 493
2139, 201, 969
2140, 438, 825
2141, 469, 842
2142, 959, 993
2143, 341, 420
2144, 349, 561
2145, 449, 686
2146, 81, 809
2147, 316, 374
2148, 165, 248
2149, 298, 837
2150, 204, 503
2151, 657, 977
2152, 616, 952
2153, 351, 497
2154, 180, 418
2155, 571, 900
2156, 507, 735
2157, 718, 866
2158, 206, 670
2159, 770, 904
2160, 801, 851
2161, 460, 651
2162, 129, 252
2163, 24, 221
2164, 152, 534
2165, 383, 865
2166, 482, 583
2167, 767, 860
2168, 58, 443
2169, 27, 747
2170, 479, 640
2171, 363, 884
2172, 78, 826
2173, 546, 660
2174, 193, 745
2175, 107, 971
2176, 220, 451
2177, 238, 643
2178, 260, 486
2179, 149, 613
2180, 146, 771
2181, 296, 821
2182, 128, 350
2183, 157, 556
2184, 273, 841
2185, 317, 318
2186, 436, 929
2187, 522, 763
2188, 399, 944
2189, 34, 231
2190, 306, 630
2191, 240, 839
2192, 490, 834
2193, 236, 293
2194, 188, 515
2195, 163, 521
2196, 390, 622
2197, 18, 716
2198, 104, 761
2199, 636, 869
2200, 261, 931
2201, 158, 680
2202, 138, 655
2203, 759, 779
2204, 116, 755
2205, 701, 998
2206, 832, 935
2207, 114, 403
2208, 536, 868
2209, 304, 371
2210, 683, 703
2211, 225, 267
2212, 665, 950
2213, 57, 827
2214, 183, 528
2215, 537, 582
2216, 122, 539
2217, 713, 742
2218, 91, 927
2219, 690, 819
2220, 242, 618
2221, 159, 417
2222, 13, 700
2223, 615, 695
2224, 77, 913
2225, 375, 867
2226, 428, 743
2227, 430, 760
2228, 45, 985
2229, 21, 284
2230, 88, 353
2231, 538, 997
2232, 427, 858
2233, 68, 734
2234, 312, 791
2235, 678, 953
2236, 87, 958
2237, 518, 911
2238, 309, 448
2239, 335, 602
2240, 277, 663
2241, 524, 532
2242, 440, 893
2243, 217, 286
2244, 22, 875
2245, 30, 247
2246, 355, 625
2247, 123, 886
2248, 55, 66
2249, 557, 692
2250, 141, 167
2251, 151, 199
2252, 182, 712
2253, 47, 892
2254, 142, 301
2255, 773, 823
2256, 1, 338
2257, 619, 681
2258, 605, 914
2259, 178, 314
2260, 641, 804
2261, 185, 731
2262, 106, 918
2263, 73, 456
2264, 676, 990
2265, 173, 494
2266, 687, 882
2267, 392, 597
2268, 208, 483
2269, 195, 715
2270, 938, 1000
2271, 470, 642
2272, 164, 922
2273, 234, 611
2274, 198, 934
2275, 461, 880
2276, 37, 989
2277, 373, 424
2278, 254, 433
2279, 290, 974
2280, 2, 698
2281, 728, 917
2282, 381, 385
2283, 311, 916
2284, 784, 905
2285, 56, 327
2286, 330, 714
2287, 782, 794
2288, 396, 610
2289, 268, 835
2290, 562, 568
2291, 425, 581
2292, 230, 356
2293, 395, 646
2294, 590, 645
2295, 413, 788
2296, 86, 807
2297, 457, 853
2298, 639, 689
2299, 708, 924
2300, 209, 981
2301, 379, 939
2302, 203, 810
2303, 162, 808
2304, 334, 702
2305, 153, 668
2306, 384, 694
2307, 39, 565
2308, 751, 814
2309, 393, 811
2310, 567, 863
2311, 599, 889
2312, 4, 105
2313, 49, 798
2314, 637, 840
2315, 257, 533
2316, 127, 397
2317, 598, 885
2318, 94, 287
2319, 407, 790
2320, 445, 941
2321, 459, 753
2322, 224, 516
2323, 154, 671
2324, 179, 978
2325, 99, 576
2326, 620, 662
2327, 455, 559
2328, 156, 250
2329, 473, 986
2330, 547, 800
2331, 337, 369
2332, 279, 982
2333, 174, 322
2334, 577, 741
2335, 5, 803
2336, 300, 912
2337, 361, 496
2338, 79, 389
2339, 175, 288
2340, 726, 895
2341, 423, 970
2342, 354, 627
2343, 19, 828
2344, 124, 492
2345, 514, 987
2346, 677, 682
2347, 50, 659
2348, 228, 484
2349, 177, 441
2350, 71, 101
2351, 360, 940
2352, 134, 194
2353, 584, 733
2354, 90, 184
2355, 7, 705
2356, 171, 797
2357, 133, 474
2358, 266, 505
2359, 453, 549
2360, 181, 422
2361, 243, 906
2362, 42, 232
2363, 529, 634
2364, 72, 347
2365, 466, 833
2366, 744, 796
2367, 28, 684
2368, 46, 328
2369, 226, 672
2370, 541, 936
2371, 118, 368
2372, 130, 738
2373, 262, 897
2374, 23, 600
2375, 467, 688
2376, 155, 999
2377, 730, 776
2378, 115, 345
2379, 126, 896
2380, 569, 894
2381, 189, 264
2382, 36, 481
2383, 43, 706
2384, 365, 719
2385, 276, 813
2386, 340, 675
2387, 190, 205
2388, 160, 829
2389, 222, 269
2390, 775, 870
2391, 661, 871
2392, 324, 846
2393, 548, 669
2394, 265, 274
2395, 909, 994
2396, 907, 921
2397, 144, 988
2398, 442, 855
2399, 357, 487
2400, 294, 631
2401, 75, 409
2402, 210, 740
2403, 523, 830
2404, 20, 872
2405, 255, 673
2406, 654, 845
2407, 587, 626
2408, 358, 580
2409, 464, 704
2410, 216, 235
2411, 388, 696
2412, 168, 504
2413, 572, 656
2414, 96, 774
2415, 239, 553
2416, 435, 593
2417, 32, 903
2418, 717, 949
2419, 476, 762
2420, 15, 387
2421, 386, 965
2422, 125, 933
2423, 150, 754
2424, 237, 550
2425, 212, 531
2426, 787, 980
2427, 253, 954
2428, 65, 485
2429, 336, 471
2430, 227, 932
2431, 491, 975
2432, 44, 873
2433, 377, 551
2434, 586, 843
2435, 223, 308
2436, 325, 480
2437, 525, 757
2438, 8, 62
2439, 211, 992
2440, 272, 824
2441, 685, 737
2442, 887, 901
2443, 658, 861
2444, 285, 465
2445, 632, 859
2446, 462, 604
2447, 148, 623
2448, 323, 498
2449, 12, 33
2450, 10, 563
2451, 508, 652
2452, 697, 902
2453, 244, 925
2454, 589, 799
2455, 419, 888
2456, 402, 930
2457, 475, 495
2458, 161, 410
2459, 249, 426
2460, 629, 795
2461, 315, 500
2462, 540, 628
2463, 14, 499
2464, 263, 793
2465, 169, 400
2466, 510, 789
2467, 112, 723
2468, 544, 769
2469, 339, 948
2470, 110, 117
2471, 52, 391
2472, 552, 699
2473, 489, 847
2474, 17, 511
2475, 137, 292
2476, 332, 725
2477, 275, 401
2478, 63, 591
2479, 398, 919
2480, 121, 411
2481, 501, 575
2482, 64, 574
2483, 3, 333
2484, 143, 926
2485, 120, 458
2486, 202, 653
2487, 596, 973
2488, 11, 372
2489, 229, 991
2490, 100, 166
2491, 406, 957
2492, 69, 852
2493, 444, 879
2494, 67, 299
2495, 359, 820
2496, 97, 502
2497, 70, 765
2498, 176, 624
2499, 606, 923
2500, 40, 103
2501, 217, 219
2502, 738, 780
2503, 249, 991
2504, 452, 943
2505, 250, 800
2506, 699, 929
2507, 127, 942
2508, 397, 988
2509, 186, 634
2510, 44, 439
2511, 68, 582
2512, 520, 818
2513, 373, 690
2514, 22, 333
2515, 388, 873
2516, 325, 521
2517, 525, 881
2518, 59, 809
2519, 308, 715
2520, 261, 915
2521, 284, 759
2522, 32, 600
2523, 111, 811
2524, 631, 847
2525, 385, 431
2526, 208, 403
2527, 75, 745
2528, 93, 259
2529, 156, 182
2530, 50, 995
2531, 192, 443
2532, 145, 411
2533, 86, 506
2534, 583, 648
2535, 263, 661
2536, 254, 748
2537, 540, 624
2538, 18, 82
2539, 653, 945
2540, 597, 797
2541, 24, 632
2542, 717, 782
2543, 515, 669
2544, 85, 730
2545, 110, 893
2546, 280, 406
2547, 100, 262
2548, 446, 884
2549, 163, 905
2550, 281, 407
2551, 26, 823
2552, 248, 290
2553, 4, 77
2554, 107, 560
2555, 566, 578
2556, 480, 845
2557, 696, 700
2558, 802, 879
2559, 214, 221
2560, 39, 318
2561, 734, 901
2562, 141, 435
2563, 43, 801
2564, 304, 858
2565, 52, 64
2566, 447, 920
2567, 557, 855
2568, 181, 983
2569, 164, 415
2570, 517, 786
2571, 454, 606
2572, 289, 428
2573, 174, 416
2574, 401, 970
2575, 253, 436
2576, 654, 765
2577, 6, 463
2578, 335, 741
2579, 91, 210
2580, 72, 536
2581, 198, 939
2582, 294, 767
2583, 200, 593
2584, 309, 750
2585, 421, 491
2586, 213, 737
2587, 496, 863
2588, 14, 338
2589, 311, 805
2590, 227, 930
2591, 332, 718
2592, 230, 891
2593, 425, 547
2594, 404, 657
2595, 349, 526
2596, 191, 532
2597, 377, 928
2598, 994, 998
2599, 138, 722
2600, 37, 675
2601, 101, 457
2602, 231, 641
2603, 755, 912
2604, 442, 507
2605, 968, 976
2606, 687, 728
2607, 505, 514
2608, 33, 201
2609, 243, 625
2610, 291, 497
2611, 180, 440
2612, 585, 918
2613, 484, 716
2614, 328, 967
2615, 553, 867
2616, 122, 232
2617, 258, 380
2618, 128, 340
2619, 202, 478
2620, 665, 963
2621, 79, 275
2622, 605, 838
2623, 147, 353
2624, 150, 705
2625, 118, 157
2626, 81, 911
2627, 76, 241
2628, 358, 869
2629, 616, 638
2630, 408, 806
2631, 56, 756
2632, 758, 815
2633, 708, 876
2634, 434, 603
2635, 518, 922
2636, 310, 374
2637, 282, 909
2638, 468, 740
2639, 302, 832
2640, 67, 874
2641, 215, 473
2642, 760, 935
2643, 587, 763
2644, 771, 785
2645, 344, 618
2646, 381, 841
2647, 306, 688
2648, 151, 399
2649, 725, 966
2650, 417, 784
2651, 115, 727
2652, 609, 788
2653, 296, 510
2654, 35, 418
2655, 668, 673
2656, 413, 864
2657, 195, 775
2658, 279, 347
2659, 106, 449
2660, 295, 683
2661, 119, 292
2662, 190, 498
2663, 630, 729
2664, 570, 660
2665, 798, 814
2666, 423, 552
2667, 257, 364
2668, 220, 773
2669, 501, 960
2670, 135, 861
2671, 42, 410
2672, 549, 712
2673, 305, 402
2674, 554, 592
2675, 244, 575
2676, 465, 992
2677, 339, 711
2678, 563, 822
2679, 571, 883
2680, 63, 953
2681, 293, 807
2682, 108, 233
2683, 143, 345
2684, 770, 783
2685, 73, 894
2686, 379, 965
2687, 45, 315
2688, 185, 808
2689, 114, 513
2690, 412, 720
2691, 365, 875
2692, 559, 617
2693, 546, 839
2694, 5, 8
2695, 370, 694
2696, 392, 451
2697, 367, 981
2698, 424, 796
2699, 74, 865
2700, 89, 490
2701, 162, 663
2702, 54, 975
2703, 684, 914
2704, 666, 952
2705, 386, 576
2706, 245, 799
2707, 34, 887
2708, 132, 623
2709, 90, 238
2710, 441, 964
2711, 161, 620
2712, 266, 643
2713, 561, 726
2714, 595, 958
2715, 11, 223
2716, 300, 896
2717, 272, 753
2718, 503, 511
2719, 66, 746
2720, 136, 639
2721, 166, 312
2722, 346, 396
2723, 199, 662
2724, 225, 472
2725, 680, 936
2726, 48, 843
2727, 229, 464
2728, 273, 985
2729, 714, 769
2730, 326, 622
2731, 283, 611
2732, 534, 545
2733, 80, 574
2734, 400, 829
2735, 471, 541
2736, 255, 286
2737, 3, 104
2738, 193, 697
2739, 57, 405
2740, 209, 256
2741, 203, 494
2742, 323, 383
2743, 493, 537
2744, 95, 330
2745, 329, 880
2746, 268, 882
2747, 455, 686
2748, 92, 438
2749, 216, 862
2750, 189, 320
2751, 348, 462
2752, 543, 830
2753, 337, 996
2754, 28, 859
2755, 65, 474
2756, 757, 821
2757, 41, 698
2758, 288, 581
2759, 49, 58
2760, 831, 944
2761, 165, 872
2762, 502, 599
2763, 598, 768
2764, 551, 649
2765, 84, 795
2766, 682, 817
2767, 112, 155
2768, 125, 527
2769, 88, 950
2770, 531, 787
2771, 21, 656
2772, 628, 803
2773, 194, 378
2774, 456, 481
2775, 564, 615
2776, 188, 313
2777, 885, 987
2778, 613, 678
2779, 61, 382
2780, 827, 962
2781, 321, 941
2782, 548, 629
2783, 519, 917
2784, 713, 752
2785, 949, 951
2786, 376, 870
2787, 267, 655
2788, 360, 828
2789, 495, 573
2790, 350, 840
2791, 271, 569
2792, 196, 948
2793, 211, 739
2794, 234, 778
2795, 477, 646
2796, 87, 704
2797, 177, 604
2798, 522, 703
2799, 307, 444
2800, 116, 969
2801, 171, 500
2802, 528, 636
2803, 487, 647
2804, 375, 764
2805, 131, 754
2806, 538, 957
2807, 355, 488
2808, 354, 499
2809, 53, 319
2810, 297, 394
2811, 176, 693
2812, 27, 105
2813, 460, 601
2814, 99, 212
2815, 659, 744
2816, 652, 777
2817, 179, 902
2818, 483, 774
2819, 470, 794
2820, 117, 731
2821, 237, 889
2822, 677, 852
2823, 15, 20
2824, 589, 977
2825, 670, 954
2826, 486, 512
2827, 173, 357
2828, 533, 565
2829, 2, 276
2830, 153, 614
2831, 159, 980
2832, 420, 908
2833, 317, 702
2834, 523, 947
2835, 109, 556
2836, 742, 907
2837, 414, 588
2838, 7, 979
2839, 123, 672
2840, 160, 489
2841, 351, 594
2842, 900, 984
2843, 137, 940
2844, 222, 986
2845, 10, 637
2846, 126, 368
2847, 235, 679
2848, 51, 274
2849, 390, 691
2850, 608, 926
2851, 178, 240
2852, 269, 836
2853, 78, 776
2854, 175, 701
2855, 579, 923
2856, 461, 850
2857, 812, 846
2858, 121, 709
2859, 529, 542
2860, 372, 492
2861, 130, 878
2862, 12, 854
2863, 83, 389
2864, 301, 804
2865, 25, 207
2866, 973, 978
2867, 904, 910
2868, 46, 610
2869, 148, 476
2870, 140, 721
2871, 899, 989
2872, 168, 246
2873, 218, 762
2874, 71, 103
2875, 322, 749
2876, 837, 972
2877, 277, 314
2878, 645, 658
2879, 97, 363
2880, 898, 931
2881, 149, 820
2882, 650, 685
2883, 391, 842
2884, 285, 485
2885, 236, 793
2886, 458, 466
2887, 475, 674
2888, 903, 971
2889, 17, 343
2890, 120, 133
2891, 31, 707
2892, 187, 689
2893, 710, 860
2894, 469, 747
2895, 13, 890
2896, 341, 398
2897, 640, 671
2898, 619, 676
2899, 331, 825
2900, 70, 197
2901, 184, 395
2902, 572, 667
2903, 635, 824
2904, 252, 857
2905, 19, 352
2906, 577, 844
2907, 1, 906
2908, 853, 938
2909, 627, 892
2910, 371, 732
2911, 146, 224
2912, 361, 568
2913, 359, 591
2914, 316, 555
2915, 544, 642
2916, 247, 792
2917, 152, 761
2918, 868, 956
2919, 205, 535
2920, 226, 567
2921, 16, 40
2922, 102, 772
2923, 60, 356
2924, 393, 813
2925, 479, 961
2926, 228, 621
2927, 504, 733
2928, 265, 607
2929, 369, 816
2930, 810, 849
2931, 387, 586
2932, 427, 530
2933, 134, 719
2934, 29, 790
2935, 327, 580
2936, 651, 779
2937, 129, 550
2938, 144, 916
2939, 453, 584
2940, 324, 384
2941, 934, 990
2942, 886, 999
2943, 36, 362
2944, 170, 437
2945, 789, 927
2946, 409, 723
2947, 47, 834
2948, 38, 334
2949, 154, 303
2950, 429, 450
2951, 55, 426
2952, 206, 419
2953, 751, 959
2954, 664, 851
2955, 242, 298
2956, 445, 866
2957, 681, 766
2958, 139, 692
2959, 736, 791
2960, 743, 781
2961, 62, 264
2962, 430, 913
2963, 459, 925
2964, 539, 888
2965, 94, 524
2966, 113, 336
2967, 69, 724
2968, 183, 833
2969, 172, 590
2970, 260, 433
2971, 596, 856
2972, 287, 919
2973, 997, 1000
2974, 142, 432
2975, 735, 955
2976, 167, 422
2977, 342, 706
2978, 98, 270
2979, 448, 626
2980, 30, 644
2981, 96, 982
2982, 826, 932
2983, 482, 924
2984, 9, 835
2985, 467, 516
2986, 612, 946
2987, 239, 509
2988, 299, 366
2989, 158, 895
2990, 897, 921
2991, 695, 993
2992, 124, 974
2993, 169, 877
2994, 204, 848
2995, 602, 871
2996, 278, 633
2997, 933, 937
2998, 23, 819
2999, 251, 562
3000, 508, 558
3001, 311, 338
3002, 795, 861
3003, 120, 356
3004, 116, 593
3005, 329, 777
3006, 162, 840
3007, 516, 523
3008, 588, 973
3009, 217, 766
3010, 81, 508
3011, 357, 746
3012, 692, 704
3013, 237, 280
3014, 263, 919
3015, 921, 966
3016, 33, 58
3017, 34, 913
3018, 416, 554
3019, 469, 620
3020, 122, 924
3021, 466, 821
3022, 12, 595
3023, 794, 897
3024, 72, 307
3025, 534, 932
3026, 194, 832
3027, 177, 470
3028, 80, 612
3029, 488, 849
3030, 494, 982
3031, 437, 630
3032, 509, 882
3033, 23, 32
3034, 573, 934
3035, 462, 759
3036, 460, 842
3037, 3, 57
3038, 458, 503
3039, 67, 835
3040, 164, 789
3041, 314, 424
3042, 212, 826
3043, 278, 476
3044, 305, 728
3045, 315, 394
3046, 318, 754
3047, 193, 481
3048, 529, 863
3049, 563, 867
3050, 53, 472
3051, 569, 671
3052, 182, 833
3053, 171, 233
3054, 324, 346
3055, 10, 161
3056, 146, 257
3057, 769, 775
3058, 596, 787
3059, 312, 987
3060, 670, 945
3061, 961, 980
3062, 750, 947
3063, 206, 313
3064, 6, 660
3065, 54, 123
3066, 562, 673
3067, 535, 577
3068, 97, 941
3069, 201, 400
3070, 96, 648
3071, 82, 768
3072, 389, 970
3073, 383, 419
3074, 441, 581
3075, 473, 542
3076, 559, 880
3077, 114, 576
3078, 353, 374
3079, 443, 735
3080, 586, 691
3081, 306, 655
3082, 88, 567
3083, 35, 561
3084, 222, 812
3085, 371, 560
3086, 699, 814
3087, 110, 411
3088, 151, 868
3089, 187, 543
3090, 100, 173
3091, 368, 450
3092, 180, 985
3093, 223, 268
3094, 392, 484
3095, 928, 963
3096, 203, 342
3097, 300, 846
3098, 38, 103
3099, 854, 878
3100, 253, 606
3101, 94, 672
3102, 87, 265
3103, 198, 875
3104, 486, 957
3105, 831, 990
3106, 124, 291
3107, 89, 445
3108, 327, 667
3109, 262, 972
3110, 643, 721
3111, 226, 598
3112, 608, 923
3113, 169, 948
3114, 468, 582
3115, 214, 954
3116, 433, 989
3117, 138, 824
3118, 105, 636
3119, 51, 483
3120, 178, 475
3121, 2, 422
3122, 95, 896
3123, 730, 851
3124, 449, 499
3125, 380, 889
3126, 548, 983
3127, 98, 697
3128, 21, 943
3129, 527, 894
3130, 518, 823
3131, 167, 637
3132, 397, 669
3133, 579, 918
3134, 68, 858
3135, 446, 711
3136, 153, 205
3137, 26, 390
3138, 345, 698
3139, 733, 757
3140, 70, 465
3141, 131, 820
3142, 108, 774
3143, 213, 299
3144, 426, 998
3145, 106, 687
3146, 939, 940
3147, 93, 790
3148, 220, 622
3149, 642, 845
3150, 456, 930
3151, 404, 745
3152, 680, 915
3153, 219, 590
3154, 387, 942
3155, 27, 553
3156, 493, 999
3157, 370, 956
3158, 22, 76
3159, 19, 603
3160, 86, 360
3161, 583, 724
3162, 616, 830
3163, 231, 674
3164, 480, 713
3165, 760, 929
3166, 254, 294
3167, 125, 761
3168, 119, 540
3169, 62, 975
3170, 41, 107
3171, 200, 208
3172, 852, 902
3173, 610, 729
3174, 639, 676
3175, 436, 786
3176, 408, 453
3177, 309, 479
3178, 743, 847
3179, 42, 363
3180, 276, 651
3181, 140, 646
3182, 7, 568
3183, 158, 600
3184, 141, 587
3185, 344, 807
3186, 364, 501
3187, 517, 609
3188, 723, 881
3189, 256, 717
3190, 4, 925
3191, 49, 71
3192, 283, 647
3193, 398, 792
3194, 248, 817
3195, 459, 710
3196, 490, 666
3197, 1, 372
3198, 602, 615
3199, 337, 834
3200, 264, 906
3201, 91, 591
3202, 61, 429
3203, 181, 457
3204, 281, 962
3205, 133, 355
3206, 515, 910
3207, 240, 585
3208, 911, 991
3209, 541, 874
3210, 448, 496
3211, 90, 464
3212, 447, 665
3213, 323, 809
3214, 147, 898
3215, 347, 391
3216, 232, 362
3217, 101, 336
3218, 209, 801
3219, 277, 802
3220, 144, 734
3221, 227, 731
3222, 145, 502
3223, 188, 872
3224, 524, 1000
3225, 702, 805
3226, 675, 783
3227, 157, 270
3228, 195, 570
3229, 722, 740
3230, 557, 574
3231, 128, 981
3232, 48, 121
3233, 63, 758
3234, 500, 597
3235, 427, 829
3236, 28, 225
3237, 594, 997
3238, 492, 744
3239, 884, 994
3240, 401, 992
3241, 258, 489
3242, 339, 843
3243, 236, 538
3244, 352, 974
3245, 60, 289
3246, 434, 964
3247, 155, 572
3248, 30, 135
3249, 269, 379
3250, 175, 251
3251, 292, 385
3252, 304, 633
3253, 179, 245
3254, 533, 726
3255, 701, 937
3256, 45, 599
3257, 463, 683
3258, 266, 521
3259, 149, 176
3260, 580, 822
3261, 936, 944
3262, 791, 857
3263, 24, 916
3264, 512, 558
3265, 285, 438
3266, 228, 287
3267, 406, 908
3268, 435, 901
3269, 756, 767
3270, 333, 604
3271, 165, 813
3272, 279, 454
3273, 552, 708
3274, 330, 526
3275, 297, 495
3276, 130, 243
3277, 230, 259
3278, 707, 866
3279, 112, 796
3280, 377, 403
3281, 17, 870
3282, 274, 461
3283, 321, 715
3284, 113, 645
3285, 156, 684
3286, 755, 892
3287, 8, 442
3288, 549, 907
3289, 712, 799
3290, 301, 332
3291, 99, 876
3292, 286, 803
3293, 247, 467
3294, 127, 719
3295, 163, 949
3296, 685, 800
3297, 241, 891
3298, 690, 720
3299, 215, 714
3300, 393, 859
3301, 174, 386
3302, 92, 770
3303, 632, 958
3304, 378, 838
3305, 109, 614
3306, 601, 953
3307, 172, 825
3308, 290, 354
3309, 31, 727
3310, 78, 742
3311, 154, 764
3312, 519, 545
3313, 211, 522
3314, 273, 709
3315, 668, 737
3316, 920, 971
3317, 677, 828
3318, 69, 423
3319, 40, 428
3320, 139, 641
3321, 430, 933
3322, 84, 762
3323, 950, 993
3324, 384, 886
3325, 73, 202
3326, 482, 491
3327, 218, 905
3328, 663, 844
3329, 36, 960
3330, 9, 510
3331, 190, 654
3332, 425, 551
3333, 421, 952
3334, 20, 366
3335, 117, 862
3336, 196, 678
3337, 104, 909
3338, 420, 917
3339, 143, 547
3340, 520, 706
3341, 239, 904
3342, 74, 900
3343, 617, 967
3344, 367, 565
3345, 407, 887
3346, 531, 607
3347, 592, 682
3348, 15, 331
3349, 525, 566
3350, 186, 414
3351, 431, 530
3352, 511, 618
3353, 451, 984
3354, 623, 688
3355, 415, 780
3356, 317, 873
3357, 43, 627
3358, 341, 797
3359, 804, 988
3360, 381, 694
3361, 275, 335
3362, 686, 927
3363, 320, 860
3364, 79, 439
3365, 142, 544
3366, 351, 986
3367, 37, 816
3368, 184, 864
3369, 25, 210
3370, 56, 396
3371, 118, 621
3372, 235, 624
3373, 869, 946
3374, 267, 661
3375, 55, 589
3376, 349, 959
3377, 748, 778
3378, 137, 716
3379, 166, 951
3380, 455, 810
3381, 659, 850
3382, 539, 700
3383, 296, 373
3384, 185, 478
3385, 343, 739
3386, 555, 738
3387, 18, 59
3388, 410, 890
3389, 652, 693
3390, 242, 736
3391, 382, 883
3392, 13, 498
3393, 325, 487
3394, 348, 653
3395, 741, 879
3396, 903, 965
3397, 260, 564
3398, 244, 578
3399, 83, 507
3400, 234, 837
3401, 191, 839
3402, 412, 885
3403, 44, 912
3404, 418, 995
3405, 798, 931
3406, 322, 513
3407, 504, 679
3408, 536, 935
3409, 293, 855
3410, 111, 432
3411, 358, 811
3412, 405, 938
3413, 528, 751
3414, 47, 815
3415, 255, 514
3416, 537, 649
3417, 631, 848
3418, 402, 784
3419, 39, 310
3420, 207, 819
3421, 204, 856
3422, 271, 806
3423, 334, 634
3424, 571, 793
3425, 413, 725
3426, 303, 895
3427, 66, 497
3428, 189, 695
3429, 221, 781
3430, 229, 388
3431, 216, 395
3432, 77, 644
3433, 14, 170
3434, 477, 689
3435, 102, 888
3436, 747, 969
3437, 11, 926
3438, 836, 899
3439, 340, 922
3440, 853, 968
3441, 168, 749
3442, 64, 129
3443, 250, 658
3444, 808, 818
3445, 126, 134
3446, 506, 629
3447, 613, 877
3448, 52, 752
3449, 298, 474
3450, 376, 584
3451, 703, 979
3452, 399, 785
3453, 50, 199
3454, 238, 361
3455, 160, 827
3456, 46, 611
3457, 192, 272
3458, 159, 628
3459, 150, 316
3460, 328, 350
3461, 261, 705
3462, 765, 871
3463, 626, 779
3464, 771, 996
3465, 288, 440
3466, 252, 753
3467, 841, 977
3468, 284, 417
3469, 249, 282
3470, 485, 782
3471, 444, 635
3472, 5, 505
3473, 152, 319
3474, 865, 914
3475, 650, 976
3476, 16, 640
3477, 550, 556
3478, 575, 619
3479, 136, 788
3480, 638, 773
3481, 532, 893
3482, 696, 732
3483, 471, 763
3484, 224, 359
3485, 295, 365
3486, 132, 183
3487, 302, 369
3488, 546, 657
3489, 197, 776
3490, 65, 681
3491, 955, 978
3492, 85, 375
3493, 605, 664
3494, 308, 718
3495, 246, 772
3496, 148, 409
3497, 29, 452
3498, 625, 662
3499, 75, 115
3500, 326, 656
3501, 268, 580
3502, 729, 844
3503, 26, 609
3504, 913, 966
3505, 5, 380
3506, 350, 593
3507, 629, 964
3508, 675, 901
3509, 785, 922
3510, 540, 680
3511, 107, 745
3512, 441, 566
3513, 487, 892
3514, 282, 991
3515, 403, 610
3516, 255, 481
3517, 801, 959
3518, 202, 393
3519, 157, 923
3520, 737, 963
3521, 315, 854
3522, 132, 754
3523, 290, 915
3524, 258, 988
3525, 164, 808
3526, 228, 668
3527, 286, 471
3528, 45, 689
3529, 31, 91
3530, 54, 274
3531, 191, 277
3532, 291, 951
3533, 222, 728
3534, 261, 443
3535, 431, 924
3536, 82, 718
3537, 64, 319
3538, 144, 505
3539, 264, 766
3540, 141, 920
3541, 381, 463
3542, 267, 939
3543, 125, 812
3544, 948, 949
3545, 382, 621
3546, 360, 576
3547, 639, 757
3548, 349, 603
3549, 59, 529
3550, 154, 524
3551, 120, 220
3552, 388, 572
3553, 252, 455
3554, 276, 769
3555, 137, 243
3556, 50, 86
3557, 43, 501
3558, 113, 981
3559, 620, 775
3560, 37, 60
3561, 147, 548
3562, 298, 965
3563, 245, 731
3564, 485, 926
3565, 878, 890
3566, 24, 364
3567, 776, 852
3568, 292, 375
3569, 188, 546
3570, 293, 523
3571, 589, 719
3572, 310, 765
3573, 71, 326
3574, 345, 933
3575, 129, 653
3576, 262, 693
3577, 730, 789
3578, 121, 658
3579, 190, 774
3580, 607, 671
3581, 198, 794
3582, 200, 363
3583, 717, 720
3584, 96, 999
3585, 161, 898
3586, 575, 710
3587, 81, 885
3588, 238, 423
3589, 649, 665
3590, 354, 539
3591, 839, 954
3592, 131, 882
3593, 587, 696
3594, 370, 673
3595, 14, 955
3596, 331, 617
3597, 494, 496
3598, 203, 683
3599, 281, 469
3600, 563, 753
3601, 802, 916
3602, 175, 845
3603, 39, 662
3604, 162, 842
3605, 527, 772
3606, 83, 248
3607, 394, 678
3608, 52, 697
3609, 391, 715
3610, 664, 868
3611, 611, 657
3612, 557, 862
3613, 429, 547
3614, 446, 928
3615, 490, 635
3616, 1, 223
3617, 518, 850
3618, 435, 891
3619, 29, 517
3620, 562, 813
3621, 207, 634
3622, 334, 342
3623, 341, 573
3624, 160, 646
3625, 308, 461
3626, 213, 995
3627, 690, 887
3628, 531, 779
3629, 128, 661
3630, 97, 183
3631, 309, 707
3632, 792, 795
3633, 366, 534
3634, 749, 937
3635, 65, 616
3636, 279, 606
3637, 420, 970
3638, 506, 904
3639, 76, 246
3640, 444, 984
3641, 100, 825
3642, 799, 814
3643, 919, 983
3644, 148, 159
3645, 838, 896
3646, 474, 692
3647, 95, 317
3648, 571, 865
3649, 669, 876
3650, 62, 320
3651, 218, 564
3652, 328, 615
3653, 406, 419
3654, 199, 280
3655, 19, 133
3656, 379, 655
3657, 177, 921
3658, 378, 976
3659, 12, 466
3660, 143, 934
3661, 537, 702
3662, 209, 706
3663, 569, 736
3664, 189, 266
3665, 418, 510
3666, 2, 974
3667, 117, 242
3668, 559, 677
3669, 451, 886
3670, 588, 903
3671, 545, 830
3672, 80, 402
3673, 284, 452
3674, 314, 475
3675, 28, 491
3676, 84, 630
3677, 47, 561
3678, 327, 515
3679, 659, 713
3680, 359, 405
3681, 17, 250
3682, 232, 803
3683, 608, 783
3684, 376, 413
3685, 820, 888
3686, 433, 705
3687, 377, 541
3688, 486, 598
3689, 445, 711
3690, 367, 666
3691, 53, 186
3692, 127, 971
3693, 408, 790
3694, 351, 732
3695, 166, 953
3696, 145, 323
3697, 847, 943
3698, 810, 823
3699, 386, 440
3700, 40, 174
3701, 498, 780
3702, 139, 316
3703, 69, 684
3704, 9, 941
3705, 7, 20
3706, 124, 952
3707, 15, 63
3708, 822, 836
3709, 329, 700
3710, 740, 992
3711, 56, 122
3712, 530, 990
3713, 739, 946
3714, 430, 858
3715, 67, 784
3716, 633, 930
3717, 247, 918
3718, 333, 468
3719, 722, 993
3720, 294, 303
3721, 340, 453
3722, 656, 982
3723, 628, 871
3724, 79, 416
3725, 118, 234
3726, 579, 685
3727, 21, 565
3728, 176, 554
3729, 18, 447
3730, 478, 613
3731, 614, 914
3732, 108, 169
3733, 210, 911
3734, 235, 805
3735, 150, 816
3736, 835, 945
3737, 172, 356
3738, 90, 519
3739, 682, 849
3740, 48, 412
3741, 158, 184
3742, 369, 761
3743, 155, 699
3744, 38, 582
3745, 712, 977
3746, 748, 968
3747, 509, 577
3748, 325, 560
3749, 249, 330
3750, 550, 672
3751, 676, 778
3752, 704, 902
3753, 434, 975
3754, 472, 499
3755, 33, 735
3756, 495, 516
3757, 493, 821
3758, 32, 425
3759, 6, 568
3760, 171, 883
3761, 212, 254
3762, 283, 465
3763, 348, 793
3764, 535, 727
3765, 339, 476
3766, 321, 760
3767, 460, 755
3768, 709, 912
3769, 448, 828
3770, 22, 798
3771, 57, 895
3772, 135, 758
3773, 58, 179
3774, 591, 804
3775, 723, 867
3776, 299, 368
3777, 214, 244
3778, 230, 458
3779, 449, 750
3780, 396, 972
3781, 538, 833
3782, 241, 600
3783, 240, 861
3784, 136, 253
3785, 578, 688
3786, 520, 567
3787, 622, 935
3788, 87, 260
3789, 178, 237
3790, 168, 194
3791, 400, 997
3792, 44, 305
3793, 119, 398
3794, 632, 866
3795, 272, 278
3796, 208, 332
3797, 623, 900
3798, 344, 679
3799, 361, 544
3800, 185, 211
3801, 78, 604
3802, 142, 826
3803, 743, 908
3804, 106, 767
3805, 226, 925
3806, 170, 619
3807, 627, 650
3808, 362, 477
3809, 151, 856
3810, 149, 969
3811, 355, 549
3812, 390, 533
3813, 480, 701
3814, 744, 927
3815, 231, 841
3816, 11, 586
3817, 819, 824
3818, 583, 979
3819, 513, 670
3820, 514, 870
3821, 570, 832
3822, 636, 843
3823, 337, 716
3824, 384, 764
3825, 853, 857
3826, 94, 651
3827, 269, 637
3828, 296, 374
3829, 626, 961
3830, 55, 787
3831, 511, 644
3832, 596, 686
3833, 102, 771
3834, 300, 503
3835, 459, 558
3836, 99, 747
3837, 3, 110
3838, 195, 855
3839, 103, 312
3840, 313, 786
3841, 322, 624
3842, 726, 875
3843, 392, 428
3844, 88, 457
3845, 16, 25
3846, 41, 275
3847, 318, 840
3848, 343, 521
3849, 698, 944
3850, 811, 889
3851, 642, 681
3852, 395, 574
3853, 72, 152
3854, 115, 415
3855, 153, 193
3856, 427, 874
3857, 470, 504
3858, 585, 654
3859, 126, 371
3860, 271, 860
3861, 432, 829
3862, 742, 859
3863, 605, 768
3864, 307, 929
3865, 450, 873
3866, 301, 815
3867, 638, 788
3868, 640, 869
3869, 409, 958
3870, 236, 502
3871, 773, 947
3872, 23, 542
3873, 10, 93
3874, 304, 306
3875, 105, 590
3876, 114, 219
3877, 68, 601
3878, 528, 555
3879, 204, 938
3880, 221, 436
3881, 796, 909
3882, 259, 967
3883, 101, 167
3884, 385, 884
3885, 879, 936
3886, 66, 488
3887, 389, 763
3888, 397, 960
3889, 407, 464
3890, 111, 917
3891, 27, 256
3892, 347, 584
3893, 612, 756
3894, 73, 196
3895, 454, 800
3896, 625, 881
3897, 156, 708
3898, 809, 834
3899, 138, 336
3900, 85, 508
3901, 201, 831
3902, 70, 74
3903, 181, 932
3904, 365, 399
3905, 112, 667
3906, 807, 872
3907, 165, 694
3908, 49, 817
3909, 61, 422
3910, 438, 956
3911, 146, 288
3912, 482, 645
3913, 410, 950
3914, 35, 734
3915, 233, 551
3916, 335, 411
3917, 187, 791
3918, 437, 877
3919, 647, 751
3920, 484, 759
3921, 75, 618
3922, 273, 994
3923, 489, 899
3924, 404, 648
3925, 34, 880
3926, 8, 30
3927, 643, 851
3928, 552, 848
3929, 462, 721
3930, 372, 827
3931, 660, 703
3932, 439, 497
3933, 594, 797
3934, 130, 182
3935, 353, 931
3936, 42, 985
3937, 691, 777
3938, 180, 957
3939, 104, 980
3940, 906, 942
3941, 163, 752
3942, 109, 473
3943, 641, 973
3944, 674, 863
3945, 387, 733
3946, 92, 285
3947, 907, 989
3948, 741, 897
3949, 206, 257
3950, 263, 467
3951, 46, 338
3952, 265, 417
3953, 89, 205
3954, 553, 595
3955, 424, 725
3956, 894, 986
3957, 224, 781
3958, 287, 526
3959, 51, 556
3960, 695, 770
3961, 229, 352
3962, 421, 592
3963, 36, 738
3964, 346, 631
3965, 270, 512
3966, 302, 996
3967, 4, 652
3968, 383, 414
3969, 77, 806
3970, 893, 987
3971, 140, 358
3972, 746, 962
3973, 311, 456
3974, 173, 536
3975, 98, 324
3976, 116, 910
3977, 192, 978
3978, 225, 724
3979, 123, 251
3980, 13, 492
3981, 357, 581
3982, 197, 602
3983, 483, 532
3984, 522, 762
3985, 215, 500
3986, 837, 1000
3987, 442, 998
3988, 217, 373
3989, 295, 507
3990, 663, 818
3991, 289, 297
3992, 401, 543
3993, 134, 525
3994, 597, 864
3995, 227, 687
3996, 216, 846
3997, 782, 905
3998, 239, 714
3999, 426, 599
4000, 479, 940
