id, img1, img2
1, 854, 989
2, 340, 344
3, 134, 737
4, 80, 399
5, 33, 611
6, 345, 346
7, 558, 784
8, 115, 509
9, 333, 941
10, 181, 573
11, 274, 308
12, 561, 687
13, 175, 341
14, 167, 184
15, 138, 957
16, 599, 765
17, 461, 634
18, 129, 583
19, 8, 27
20, 55, 301
21, 339, 373
22, 101, 133
23, 237, 823
24, 337, 814
25, 148, 570
26, 350, 608
27, 351, 381
28, 190, 734
29, 284, 926
30, 359, 732
31, 811, 856
32, 241, 497
33, 73, 525
34, 89, 374
35, 605, 743
36, 193, 507
37, 655, 958
38, 2, 225
39, 503, 708
40, 21, 310
41, 699, 938
42, 23, 661
43, 103, 810
44, 420, 620
45, 216, 789
46, 316, 593
47, 210, 319
48, 221, 467
49, 554, 948
50, 787, 887
51, 377, 415
52, 347, 665
53, 266, 384
54, 780, 832
55, 314, 598
56, 457, 777
57, 394, 791
58, 160, 985
59, 691, 721
60, 146, 317
61, 716, 921
62, 946, 977
63, 38, 123
64, 163, 482
65, 247, 313
66, 481, 922
67, 419, 654
68, 150, 471
69, 306, 740
70, 542, 852
71, 590, 755
72, 504, 979
73, 251, 896
74, 39, 904
75, 245, 547
76, 444, 564
77, 692, 942
78, 164, 288
79, 48, 756
80, 299, 429
81, 41, 709
82, 137, 229
83, 342, 964
84, 95, 406
85, 807, 843
86, 298, 739
87, 353, 441
88, 499, 767
89, 24, 653
90, 514, 771
91, 426, 744
92, 267, 825
93, 29, 136
94, 125, 330
95, 52, 214
96, 143, 950
97, 510, 688
98, 588, 643
99, 99, 238
100, 587, 719
101, 300, 694
102, 647, 652
103, 819, 929
104, 40, 895
105, 723, 785
106, 663, 766
107, 36, 786
108, 334, 508
109, 633, 956
110, 204, 623
111, 239, 304
112, 676, 951
113, 312, 371
114, 102, 928
115, 354, 883
116, 927, 968
117, 282, 356
118, 50, 980
119, 901, 907
120, 458, 800
121, 718, 868
122, 781, 831
123, 595, 645
124, 386, 421
125, 656, 783
126, 610, 900
127, 524, 846
128, 170, 224
129, 158, 758
130, 132, 893
131, 198, 447
132, 454, 966
133, 100, 686
134, 268, 703
135, 548, 976
136, 502, 890
137, 711, 746
138, 731, 820
139, 646, 733
140, 631, 809
141, 752, 911
142, 486, 529
143, 326, 695
144, 17, 74
145, 154, 576
146, 176, 536
147, 234, 827
148, 275, 537
149, 277, 614
150, 165, 538
151, 291, 677
152, 303, 816
153, 680, 857
154, 618, 651
155, 149, 366
156, 678, 925
157, 838, 937
158, 182, 667
159, 269, 881
160, 157, 751
161, 804, 836
162, 629, 681
163, 292, 579
164, 397, 539
165, 379, 492
166, 192, 700
167, 58, 367
168, 250, 693
169, 28, 64
170, 45, 884
171, 59, 995
172, 479, 833
173, 217, 873
174, 61, 70
175, 116, 357
176, 701, 715
177, 474, 617
178, 185, 412
179, 121, 998
180, 408, 790
181, 513, 967
182, 546, 642
183, 360, 607
184, 57, 578
185, 35, 717
186, 249, 797
187, 88, 945
188, 315, 963
189, 410, 670
190, 759, 916
191, 710, 903
192, 489, 511
193, 309, 757
194, 256, 993
195, 257, 839
196, 448, 769
197, 279, 281
198, 200, 522
199, 433, 794
200, 625, 747
201, 161, 912
202, 22, 430
203, 437, 802
204, 209, 851
205, 425, 449
206, 550, 834
207, 601, 969
208, 34, 60
209, 475, 650
210, 85, 445
211, 7, 923
212, 227, 470
213, 637, 768
214, 223, 924
215, 478, 585
216, 62, 260
217, 535, 609
218, 82, 712
219, 764, 824
220, 47, 602
221, 43, 501
222, 702, 932
223, 9, 484
224, 749, 875
225, 713, 894
226, 180, 451
227, 108, 567
228, 364, 432
229, 490, 533
230, 466, 919
231, 231, 418
232, 3, 897
233, 107, 982
234, 51, 493
235, 788, 799
236, 205, 641
237, 219, 876
238, 389, 801
239, 162, 325
240, 297, 307
241, 188, 696
242, 264, 803
243, 169, 597
244, 323, 892
245, 754, 762
246, 455, 541
247, 414, 750
248, 105, 178
249, 56, 305
250, 705, 714
251, 496, 935
252, 44, 770
253, 110, 863
254, 15, 463
255, 186, 606
256, 338, 431
257, 67, 128
258, 730, 866
259, 530, 908
260, 724, 877
261, 124, 842
262, 151, 287
263, 252, 423
264, 127, 624
265, 156, 891
266, 491, 600
267, 818, 917
268, 203, 953
269, 207, 775
270, 147, 498
271, 72, 506
272, 365, 638
273, 31, 813
274, 270, 401
275, 71, 206
276, 242, 372
277, 446, 628
278, 215, 821
279, 84, 861
280, 540, 551
281, 859, 978
282, 18, 469
283, 853, 955
284, 109, 113
285, 403, 841
286, 10, 114
287, 213, 879
288, 424, 664
289, 90, 726
290, 172, 603
291, 220, 962
292, 369, 409
293, 104, 619
294, 195, 380
295, 552, 840
296, 594, 822
297, 295, 370
298, 145, 211
299, 53, 244
300, 30, 120
301, 311, 464
302, 519, 763
303, 25, 363
304, 697, 905
305, 659, 1000
306, 87, 265
307, 591, 613
308, 1, 867
309, 411, 544
310, 171, 289
311, 442, 675
312, 321, 805
313, 66, 589
314, 201, 698
315, 106, 889
316, 472, 682
317, 218, 776
318, 954, 987
319, 527, 869
320, 434, 898
321, 523, 855
322, 97, 640
323, 273, 460
324, 349, 543
325, 191, 553
326, 487, 779
327, 571, 685
328, 5, 495
329, 358, 778
330, 532, 971
331, 666, 806
332, 91, 626
333, 166, 258
334, 443, 915
335, 14, 42
336, 960, 997
337, 69, 849
338, 76, 991
339, 122, 761
340, 118, 505
341, 77, 140
342, 812, 990
343, 428, 465
344, 296, 473
345, 318, 335
346, 93, 361
347, 49, 615
348, 858, 865
349, 20, 348
350, 119, 202
351, 117, 278
352, 398, 999
353, 336, 452
354, 126, 485
355, 468, 568
356, 63, 560
357, 427, 706
358, 144, 742
359, 385, 512
360, 78, 526
361, 616, 850
362, 240, 556
363, 639, 885
364, 343, 930
365, 153, 559
366, 208, 981
367, 253, 899
368, 290, 649
369, 246, 329
370, 387, 459
371, 212, 772
372, 11, 46
373, 515, 660
374, 98, 632
375, 259, 939
376, 644, 988
377, 438, 947
378, 183, 795
379, 817, 986
380, 782, 837
381, 228, 596
382, 435, 566
383, 395, 574
384, 142, 673
385, 189, 236
386, 672, 944
387, 263, 520
388, 65, 627
389, 26, 159
390, 54, 973
391, 75, 376
392, 141, 462
393, 658, 914
394, 793, 936
395, 332, 480
396, 232, 355
397, 390, 604
398, 152, 940
399, 130, 235
400, 283, 368
401, 12, 494
402, 222, 735
403, 549, 880
404, 416, 581
405, 13, 422
406, 516, 878
407, 918, 994
408, 413, 728
409, 271, 910
410, 440, 798
411, 32, 168
412, 828, 920
413, 248, 327
414, 174, 874
415, 197, 704
416, 79, 569
417, 139, 886
418, 96, 906
419, 16, 477
420, 943, 970
421, 261, 572
422, 302, 563
423, 331, 965
424, 226, 402
425, 720, 934
426, 848, 975
427, 657, 913
428, 187, 992
429, 285, 996
430, 112, 902
431, 488, 635
432, 177, 324
433, 322, 774
434, 453, 741
435, 405, 483
436, 439, 826
437, 407, 796
438, 500, 562
439, 111, 753
440, 375, 872
441, 293, 738
442, 135, 727
443, 534, 648
444, 230, 592
445, 630, 674
446, 725, 748
447, 81, 531
448, 4, 272
449, 328, 393
450, 383, 933
451, 243, 577
452, 255, 392
453, 378, 845
454, 19, 580
455, 565, 689
456, 6, 286
457, 280, 391
458, 862, 931
459, 179, 400
460, 557, 815
461, 575, 729
462, 155, 835
463, 388, 456
464, 352, 417
465, 320, 972
466, 196, 528
467, 173, 974
468, 404, 888
469, 294, 476
470, 671, 690
471, 276, 871
472, 582, 773
473, 736, 864
474, 68, 959
475, 860, 882
476, 668, 683
477, 722, 909
478, 92, 254
479, 621, 808
480, 233, 844
481, 669, 983
482, 262, 792
483, 94, 545
484, 829, 952
485, 382, 847
486, 517, 707
487, 586, 870
488, 37, 684
489, 584, 636
490, 194, 984
491, 555, 662
492, 86, 745
493, 362, 760
494, 518, 949
495, 436, 521
496, 131, 396
497, 450, 961
498, 83, 622
499, 612, 679
500, 199, 830
501, 156, 380
502, 73, 777
503, 677, 992
504, 47, 578
505, 350, 680
506, 485, 779
507, 22, 68
508, 71, 916
509, 681, 907
510, 87, 771
511, 731, 741
512, 477, 747
513, 285, 499
514, 182, 328
515, 306, 899
516, 42, 329
517, 459, 693
518, 34, 444
519, 954, 991
520, 377, 732
521, 524, 531
522, 45, 906
523, 736, 960
524, 689, 891
525, 280, 977
526, 262, 962
527, 333, 637
528, 447, 864
529, 436, 530
530, 147, 457
531, 440, 862
532, 100, 284
533, 339, 476
534, 16, 913
535, 8, 695
536, 356, 737
537, 208, 967
538, 574, 959
539, 385, 782
540, 751, 894
541, 272, 716
542, 533, 715
543, 567, 690
544, 214, 573
545, 218, 878
546, 503, 983
547, 83, 106
548, 259, 267
549, 31, 892
550, 288, 676
551, 729, 795
552, 595, 929
553, 17, 33
554, 956, 1000
555, 118, 498
556, 252, 932
557, 434, 936
558, 521, 547
559, 319, 513
560, 190, 724
561, 263, 925
562, 264, 675
563, 207, 590
564, 14, 984
565, 599, 947
566, 201, 417
567, 484, 699
568, 800, 827
569, 219, 714
570, 75, 315
571, 120, 937
572, 238, 781
573, 500, 789
574, 793, 869
575, 132, 910
576, 112, 535
577, 428, 755
578, 668, 691
579, 212, 776
580, 191, 692
581, 131, 837
582, 801, 818
583, 13, 709
584, 81, 470
585, 351, 860
586, 152, 571
587, 154, 332
588, 19, 877
589, 240, 251
590, 246, 671
591, 242, 655
592, 230, 561
593, 403, 606
594, 591, 843
595, 816, 852
596, 679, 898
597, 343, 704
598, 391, 987
599, 165, 491
600, 1, 216
601, 88, 968
602, 221, 454
603, 187, 289
604, 130, 570
605, 228, 838
606, 162, 657
607, 317, 439
608, 518, 980
609, 335, 810
610, 39, 337
611, 442, 532
612, 268, 597
613, 237, 943
614, 492, 955
615, 21, 198
616, 483, 944
617, 660, 708
618, 49, 999
619, 232, 362
620, 35, 921
621, 310, 820
622, 158, 277
623, 468, 718
624, 52, 770
625, 785, 870
626, 44, 940
627, 244, 300
628, 183, 585
629, 548, 840
630, 312, 399
631, 25, 276
632, 192, 966
633, 336, 941
634, 101, 174
635, 178, 584
636, 648, 895
637, 395, 506
638, 74, 359
639, 414, 522
640, 255, 398
641, 666, 948
642, 667, 953
643, 223, 559
644, 664, 688
645, 67, 946
646, 114, 759
647, 694, 806
648, 29, 80
649, 419, 842
650, 656, 768
651, 784, 998
652, 562, 829
653, 367, 409
654, 662, 985
655, 119, 401
656, 64, 210
657, 495, 634
658, 176, 275
659, 295, 645
660, 375, 720
661, 880, 982
662, 23, 933
663, 235, 753
664, 352, 502
665, 86, 672
666, 168, 611
667, 97, 917
668, 473, 778
669, 369, 480
670, 253, 281
671, 142, 631
672, 303, 849
673, 65, 126
674, 460, 463
675, 121, 918
676, 98, 517
677, 202, 390
678, 294, 867
679, 555, 608
680, 250, 360
681, 78, 368
682, 69, 200
683, 62, 299
684, 458, 551
685, 271, 790
686, 486, 963
687, 153, 639
688, 20, 239
689, 28, 579
690, 220, 717
691, 46, 464
692, 607, 788
693, 51, 296
694, 140, 278
695, 344, 711
696, 7, 394
697, 322, 646
698, 586, 658
699, 26, 387
700, 279, 345
701, 233, 665
702, 787, 844
703, 76, 749
704, 542, 803
705, 456, 990
706, 53, 256
707, 43, 701
708, 215, 828
709, 549, 684
710, 84, 712
711, 613, 850
712, 452, 744
713, 487, 625
714, 324, 986
715, 740, 791
716, 166, 583
717, 37, 641
718, 311, 969
719, 482, 872
720, 364, 435
721, 169, 370
722, 321, 823
723, 392, 669
724, 196, 475
725, 342, 942
726, 177, 673
727, 205, 678
728, 424, 700
729, 172, 896
730, 59, 911
731, 270, 912
732, 340, 526
733, 652, 703
734, 160, 512
735, 568, 821
736, 523, 630
737, 839, 847
738, 659, 931
739, 286, 636
740, 467, 885
741, 580, 748
742, 722, 900
743, 376, 416
744, 627, 812
745, 72, 493
746, 341, 443
747, 412, 780
748, 24, 587
749, 40, 95
750, 3, 674
751, 145, 185
752, 612, 863
753, 226, 418
754, 161, 494
755, 222, 979
756, 151, 556
757, 489, 757
758, 422, 707
759, 6, 743
760, 15, 411
761, 79, 799
762, 528, 879
763, 258, 706
764, 423, 851
765, 123, 537
766, 173, 355
767, 155, 965
768, 115, 804
769, 432, 952
770, 206, 868
771, 430, 832
772, 105, 640
773, 104, 382
774, 143, 159
775, 727, 876
776, 92, 331
777, 234, 292
778, 171, 996
779, 248, 642
780, 566, 974
781, 831, 841
782, 515, 604
783, 415, 807
784, 225, 742
785, 323, 596
786, 261, 649
787, 54, 881
788, 446, 884
789, 5, 760
790, 302, 949
791, 710, 723
792, 56, 557
793, 203, 616
794, 462, 594
795, 809, 886
796, 802, 805
797, 99, 290
798, 472, 761
799, 441, 702
800, 148, 915
801, 427, 550
802, 347, 859
803, 229, 835
804, 449, 814
805, 297, 629
806, 320, 926
807, 378, 609
808, 786, 909
809, 94, 450
810, 536, 964
811, 304, 358
812, 139, 520
813, 431, 650
814, 379, 581
815, 175, 834
816, 211, 773
817, 353, 393
818, 618, 914
819, 195, 406
820, 565, 756
821, 103, 560
822, 516, 822
823, 89, 144
824, 361, 514
825, 601, 826
826, 719, 746
827, 796, 873
828, 529, 592
829, 245, 572
830, 635, 989
831, 269, 685
832, 404, 730
833, 617, 725
834, 327, 490
835, 455, 474
836, 541, 897
837, 429, 887
838, 125, 453
839, 622, 997
840, 32, 334
841, 407, 738
842, 950, 958
843, 116, 988
844, 9, 326
845, 197, 721
846, 426, 598
847, 758, 783
848, 135, 384
849, 309, 366
850, 188, 374
851, 365, 564
852, 181, 381
853, 170, 889
854, 38, 505
855, 497, 927
856, 133, 236
857, 469, 663
858, 57, 346
859, 501, 525
860, 313, 588
861, 231, 865
862, 149, 433
863, 30, 70
864, 305, 589
865, 705, 750
866, 167, 683
867, 621, 824
868, 854, 905
869, 554, 739
870, 257, 651
871, 213, 819
872, 372, 558
873, 27, 41
874, 569, 686
875, 90, 633
876, 448, 507
877, 10, 534
878, 111, 978
879, 241, 283
880, 519, 792
881, 815, 882
882, 157, 388
883, 383, 396
884, 726, 922
885, 754, 808
886, 357, 797
887, 410, 775
888, 682, 745
889, 318, 970
890, 217, 465
891, 615, 971
892, 291, 763
893, 330, 893
894, 146, 766
895, 425, 713
896, 50, 734
897, 243, 266
898, 122, 338
899, 194, 605
900, 124, 644
901, 179, 935
902, 85, 772
903, 577, 857
904, 924, 975
905, 400, 825
906, 874, 993
907, 620, 817
908, 349, 903
909, 373, 752
910, 107, 945
911, 55, 363
912, 36, 314
913, 546, 762
914, 479, 553
915, 117, 405
916, 137, 199
917, 471, 928
918, 420, 866
919, 575, 934
920, 543, 728
921, 129, 386
922, 510, 687
923, 4, 628
924, 127, 951
925, 247, 904
926, 265, 930
927, 109, 654
928, 66, 466
929, 552, 794
930, 110, 413
931, 408, 461
932, 48, 63
933, 451, 478
934, 113, 260
935, 593, 858
936, 371, 539
937, 209, 653
938, 354, 908
939, 901, 919
940, 12, 670
941, 582, 647
942, 307, 643
943, 632, 853
944, 389, 767
945, 58, 813
946, 184, 301
947, 249, 774
948, 141, 883
949, 308, 397
950, 108, 134
951, 540, 563
952, 150, 204
953, 848, 890
954, 136, 957
955, 603, 624
956, 18, 128
957, 138, 180
958, 902, 938
959, 91, 189
960, 697, 995
961, 421, 614
962, 316, 600
963, 193, 504
964, 163, 661
965, 273, 830
966, 527, 638
967, 93, 888
968, 227, 602
969, 437, 861
970, 96, 765
971, 287, 538
972, 298, 488
973, 481, 623
974, 544, 846
975, 696, 811
976, 77, 82
977, 325, 735
978, 576, 939
979, 856, 923
980, 274, 981
981, 282, 961
982, 798, 836
983, 224, 972
984, 186, 626
985, 976, 994
986, 60, 102
987, 164, 545
988, 445, 769
989, 11, 348
990, 438, 509
991, 254, 871
992, 61, 496
993, 293, 875
994, 402, 511
995, 733, 973
996, 764, 920
997, 508, 845
998, 619, 698
999, 610, 855
1000, 2, 833
1001, 504, 752
1002, 163, 679
1003, 77, 443
1004, 349, 601
1005, 811, 853
1006, 31, 132
1007, 578, 852
1008, 516, 711
1009, 33, 730
1010, 482, 957
1011, 323, 577
1012, 137, 536
1013, 186, 843
1014, 357, 620
1015, 661, 690
1016, 147, 802
1017, 636, 962
1018, 153, 181
1019, 529, 717
1020, 656, 977
1021, 588, 976
1022, 102, 810
1023, 517, 684
1024, 23, 582
1025, 6, 428
1026, 511, 573
1027, 319, 676
1028, 10, 713
1029, 395, 978
1030, 117, 259
1031, 58, 225
1032, 548, 619
1033, 268, 743
1034, 657, 839
1035, 206, 931
1036, 131, 224
1037, 430, 552
1038, 207, 450
1039, 175, 235
1040, 273, 533
1041, 15, 739
1042, 542, 692
1043, 551, 889
1044, 464, 479
1045, 296, 999
1046, 638, 646
1047, 789, 944
1048, 205, 584
1049, 55, 951
1050, 851, 920
1051, 193, 592
1052, 277, 986
1053, 714, 926
1054, 330, 454
1055, 191, 611
1056, 25, 901
1057, 378, 797
1058, 81, 499
1059, 329, 994
1060, 825, 898
1061, 315, 833
1062, 569, 781
1063, 126, 436
1064, 607, 1000
1065, 658, 907
1066, 659, 716
1067, 333, 373
1068, 522, 863
1069, 173, 795
1070, 213, 625
1071, 208, 671
1072, 42, 374
1073, 26, 756
1074, 167, 959
1075, 490, 528
1076, 30, 291
1077, 386, 513
1078, 637, 693
1079, 476, 991
1080, 318, 800
1081, 74, 626
1082, 180, 550
1083, 145, 155
1084, 103, 114
1085, 495, 887
1086, 226, 290
1087, 94, 169
1088, 246, 557
1089, 194, 586
1090, 371, 979
1091, 352, 376
1092, 751, 849
1093, 261, 956
1094, 379, 911
1095, 485, 680
1096, 219, 689
1097, 397, 749
1098, 231, 934
1099, 260, 641
1100, 188, 640
1101, 257, 665
1102, 79, 302
1103, 579, 723
1104, 150, 949
1105, 860, 945
1106, 171, 307
1107, 282, 740
1108, 248, 603
1109, 251, 317
1110, 539, 545
1111, 832, 836
1112, 64, 593
1113, 285, 712
1114, 571, 757
1115, 204, 682
1116, 168, 606
1117, 116, 174
1118, 12, 161
1119, 52, 310
1120, 75, 888
1121, 287, 900
1122, 187, 837
1123, 814, 992
1124, 493, 801
1125, 292, 824
1126, 392, 432
1127, 439, 966
1128, 534, 850
1129, 166, 298
1130, 574, 841
1131, 45, 777
1132, 53, 304
1133, 555, 590
1134, 383, 964
1135, 422, 447
1136, 331, 831
1137, 28, 453
1138, 314, 672
1139, 182, 518
1140, 507, 834
1141, 488, 496
1142, 236, 724
1143, 89, 830
1144, 610, 741
1145, 424, 702
1146, 272, 306
1147, 420, 644
1148, 521, 912
1149, 459, 694
1150, 16, 804
1151, 119, 935
1152, 128, 663
1153, 523, 840
1154, 404, 768
1155, 327, 370
1156, 559, 803
1157, 727, 847
1158, 253, 919
1159, 47, 244
1160, 364, 761
1161, 798, 908
1162, 316, 576
1163, 164, 880
1164, 878, 927
1165, 535, 815
1166, 51, 779
1167, 346, 596
1168, 497, 510
1169, 736, 829
1170, 27, 29
1171, 2, 744
1172, 705, 787
1173, 936, 984
1174, 591, 780
1175, 471, 873
1176, 336, 765
1177, 216, 790
1178, 554, 652
1179, 82, 429
1180, 278, 505
1181, 218, 234
1182, 156, 732
1183, 170, 608
1184, 498, 734
1185, 294, 406
1186, 491, 767
1187, 189, 624
1188, 265, 313
1189, 230, 440
1190, 699, 826
1191, 140, 256
1192, 267, 921
1193, 468, 525
1194, 65, 560
1195, 772, 846
1196, 159, 470
1197, 250, 616
1198, 754, 806
1199, 354, 813
1200, 61, 933
1201, 326, 835
1202, 221, 563
1203, 339, 886
1204, 706, 750
1205, 13, 299
1206, 418, 594
1207, 881, 946
1208, 381, 683
1209, 249, 425
1210, 530, 609
1211, 621, 975
1212, 185, 237
1213, 68, 941
1214, 36, 816
1215, 57, 201
1216, 198, 987
1217, 59, 753
1218, 342, 388
1219, 245, 544
1220, 845, 967
1221, 48, 654
1222, 600, 729
1223, 264, 587
1224, 279, 643
1225, 698, 932
1226, 338, 556
1227, 130, 500
1228, 228, 746
1229, 124, 650
1230, 419, 745
1231, 44, 792
1232, 210, 515
1233, 807, 894
1234, 427, 685
1235, 121, 785
1236, 4, 726
1237, 494, 990
1238, 543, 856
1239, 125, 922
1240, 1, 929
1241, 239, 718
1242, 165, 415
1243, 136, 178
1244, 520, 915
1245, 728, 924
1246, 86, 401
1247, 43, 308
1248, 67, 101
1249, 489, 642
1250, 355, 788
1251, 599, 953
1252, 721, 973
1253, 583, 955
1254, 629, 662
1255, 759, 776
1256, 435, 664
1257, 9, 817
1258, 21, 209
1259, 286, 747
1260, 380, 720
1261, 547, 771
1262, 363, 805
1263, 87, 914
1264, 197, 241
1265, 697, 782
1266, 360, 828
1267, 463, 970
1268, 538, 883
1269, 111, 809
1270, 438, 796
1271, 615, 634
1272, 623, 715
1273, 104, 866
1274, 407, 681
1275, 585, 784
1276, 8, 37
1277, 367, 434
1278, 217, 509
1279, 700, 868
1280, 467, 989
1281, 123, 844
1282, 409, 947
1283, 148, 567
1284, 532, 758
1285, 93, 968
1286, 85, 345
1287, 133, 410
1288, 97, 553
1289, 129, 774
1290, 413, 822
1291, 32, 106
1292, 142, 322
1293, 135, 196
1294, 63, 465
1295, 293, 474
1296, 558, 572
1297, 368, 988
1298, 177, 691
1299, 144, 247
1300, 674, 778
1301, 566, 862
1302, 605, 628
1303, 456, 562
1304, 46, 875
1305, 565, 861
1306, 78, 295
1307, 402, 890
1308, 262, 540
1309, 120, 138
1310, 604, 755
1311, 192, 445
1312, 112, 183
1313, 399, 675
1314, 229, 614
1315, 769, 823
1316, 288, 564
1317, 394, 433
1318, 867, 909
1319, 708, 874
1320, 343, 871
1321, 382, 687
1322, 35, 176
1323, 710, 902
1324, 334, 722
1325, 141, 200
1326, 266, 942
1327, 384, 696
1328, 162, 184
1329, 414, 707
1330, 271, 441
1331, 152, 872
1332, 421, 998
1333, 598, 669
1334, 359, 917
1335, 232, 893
1336, 270, 885
1337, 280, 974
1338, 139, 481
1339, 49, 546
1340, 400, 943
1341, 110, 838
1342, 484, 737
1343, 157, 906
1344, 678, 858
1345, 202, 461
1346, 7, 100
1347, 263, 337
1348, 199, 340
1349, 423, 709
1350, 668, 916
1351, 812, 937
1352, 575, 653
1353, 735, 854
1354, 252, 859
1355, 242, 997
1356, 876, 961
1357, 212, 895
1358, 60, 385
1359, 222, 820
1360, 492, 704
1361, 151, 220
1362, 98, 561
1363, 503, 526
1364, 358, 486
1365, 203, 240
1366, 54, 793
1367, 361, 673
1368, 766, 884
1369, 344, 377
1370, 255, 891
1371, 457, 589
1372, 92, 794
1373, 146, 437
1374, 3, 398
1375, 258, 300
1376, 369, 631
1377, 34, 618
1378, 84, 95
1379, 172, 622
1380, 320, 451
1381, 303, 580
1382, 309, 617
1383, 215, 391
1384, 462, 928
1385, 632, 996
1386, 73, 311
1387, 762, 958
1388, 195, 827
1389, 655, 879
1390, 324, 939
1391, 426, 452
1392, 372, 508
1393, 149, 905
1394, 88, 531
1395, 122, 416
1396, 857, 960
1397, 356, 442
1398, 350, 405
1399, 648, 950
1400, 254, 897
1401, 274, 335
1402, 11, 332
1403, 66, 389
1404, 808, 972
1405, 105, 568
1406, 214, 527
1407, 297, 301
1408, 403, 645
1409, 742, 980
1410, 469, 930
1411, 227, 952
1412, 18, 982
1413, 365, 985
1414, 501, 903
1415, 238, 666
1416, 50, 99
1417, 417, 537
1418, 283, 651
1419, 211, 506
1420, 41, 362
1421, 109, 276
1422, 519, 938
1423, 627, 995
1424, 764, 983
1425, 19, 375
1426, 275, 449
1427, 387, 412
1428, 223, 869
1429, 115, 312
1430, 72, 688
1431, 158, 647
1432, 179, 877
1433, 667, 821
1434, 581, 904
1435, 455, 923
1436, 971, 993
1437, 393, 473
1438, 347, 910
1439, 775, 899
1440, 477, 487
1441, 472, 670
1442, 444, 855
1443, 233, 633
1444, 281, 630
1445, 289, 411
1446, 512, 597
1447, 321, 460
1448, 14, 870
1449, 446, 865
1450, 366, 913
1451, 549, 799
1452, 108, 390
1453, 20, 76
1454, 541, 981
1455, 570, 786
1456, 602, 783
1457, 56, 703
1458, 348, 595
1459, 738, 963
1460, 478, 748
1461, 341, 965
1462, 524, 819
1463, 127, 649
1464, 848, 896
1465, 118, 269
1466, 83, 940
1467, 448, 733
1468, 502, 763
1469, 305, 882
1470, 154, 480
1471, 22, 483
1472, 69, 969
1473, 5, 38
1474, 353, 458
1475, 396, 770
1476, 660, 725
1477, 113, 514
1478, 731, 925
1479, 39, 96
1480, 70, 612
1481, 760, 954
1482, 71, 773
1483, 40, 325
1484, 686, 918
1485, 475, 639
1486, 818, 948
1487, 62, 466
1488, 17, 80
1489, 24, 677
1490, 107, 864
1491, 719, 791
1492, 90, 190
1493, 160, 695
1494, 701, 892
1495, 351, 431
1496, 91, 613
1497, 134, 243
1498, 143, 635
1499, 284, 328
1500, 408, 842
1501, 627, 839
1502, 162, 409
1503, 272, 608
1504, 793, 924
1505, 187, 552
1506, 285, 795
1507, 625, 904
1508, 488, 535
1509, 184, 461
1510, 448, 745
1511, 303, 880
1512, 331, 792
1513, 48, 347
1514, 699, 980
1515, 321, 633
1516, 536, 556
1517, 65, 216
1518, 387, 540
1519, 277, 373
1520, 230, 283
1521, 367, 715
1522, 398, 933
1523, 66, 406
1524, 613, 658
1525, 436, 771
1526, 73, 384
1527, 20, 163
1528, 23, 769
1529, 392, 829
1530, 13, 811
1531, 83, 903
1532, 186, 614
1533, 315, 908
1534, 656, 970
1535, 217, 731
1536, 151, 189
1537, 191, 494
1538, 785, 894
1539, 807, 960
1540, 61, 428
1541, 4, 385
1542, 106, 419
1543, 631, 822
1544, 84, 590
1545, 481, 739
1546, 137, 188
1547, 531, 708
1548, 594, 654
1549, 330, 885
1550, 758, 766
1551, 9, 333
1552, 467, 721
1553, 649, 967
1554, 256, 763
1555, 783, 996
1556, 603, 752
1557, 190, 851
1558, 2, 506
1559, 788, 917
1560, 352, 402
1561, 476, 767
1562, 327, 500
1563, 598, 638
1564, 854, 937
1565, 360, 444
1566, 690, 750
1567, 300, 371
1568, 338, 640
1569, 325, 948
1570, 698, 884
1571, 76, 471
1572, 26, 685
1573, 52, 733
1574, 589, 950
1575, 5, 196
1576, 714, 886
1577, 342, 468
1578, 704, 985
1579, 636, 867
1580, 148, 956
1581, 634, 846
1582, 72, 292
1583, 112, 770
1584, 170, 407
1585, 165, 697
1586, 689, 844
1587, 502, 600
1588, 621, 833
1589, 562, 853
1590, 719, 720
1591, 529, 566
1592, 7, 64
1593, 451, 533
1594, 67, 679
1595, 53, 457
1596, 218, 919
1597, 161, 507
1598, 254, 806
1599, 192, 329
1600, 646, 791
1601, 657, 800
1602, 666, 988
1603, 328, 966
1604, 332, 641
1605, 825, 883
1606, 760, 821
1607, 717, 986
1608, 671, 959
1609, 27, 446
1610, 501, 931
1611, 128, 940
1612, 144, 768
1613, 136, 737
1614, 160, 513
1615, 274, 813
1616, 525, 599
1617, 420, 930
1618, 543, 804
1619, 127, 712
1620, 289, 624
1621, 547, 710
1622, 584, 747
1623, 736, 759
1624, 517, 911
1625, 286, 370
1626, 11, 337
1627, 878, 898
1628, 172, 706
1629, 297, 326
1630, 298, 728
1631, 478, 667
1632, 429, 778
1633, 12, 902
1634, 356, 881
1635, 134, 374
1636, 314, 495
1637, 365, 860
1638, 46, 322
1639, 275, 460
1640, 394, 817
1641, 219, 981
1642, 505, 923
1643, 559, 932
1644, 259, 879
1645, 393, 607
1646, 661, 832
1647, 125, 364
1648, 260, 684
1649, 139, 606
1650, 98, 905
1651, 280, 363
1652, 41, 787
1653, 131, 485
1654, 75, 108
1655, 89, 735
1656, 204, 497
1657, 110, 748
1658, 840, 896
1659, 336, 928
1660, 101, 522
1661, 129, 632
1662, 243, 653
1663, 418, 503
1664, 676, 857
1665, 290, 622
1666, 130, 659
1667, 221, 872
1668, 425, 545
1669, 159, 176
1670, 45, 977
1671, 42, 434
1672, 55, 563
1673, 313, 889
1674, 197, 220
1675, 424, 440
1676, 28, 268
1677, 815, 944
1678, 92, 573
1679, 308, 583
1680, 358, 841
1681, 37, 258
1682, 765, 953
1683, 709, 751
1684, 388, 404
1685, 70, 775
1686, 346, 572
1687, 438, 971
1688, 662, 772
1689, 539, 604
1690, 58, 786
1691, 550, 828
1692, 167, 673
1693, 71, 510
1694, 366, 797
1695, 472, 958
1696, 871, 961
1697, 784, 845
1698, 158, 166
1699, 233, 302
1700, 585, 888
1701, 509, 810
1702, 637, 727
1703, 317, 764
1704, 213, 390
1705, 644, 921
1706, 942, 982
1707, 132, 835
1708, 228, 586
1709, 414, 520
1710, 57, 311
1711, 665, 914
1712, 171, 310
1713, 389, 978
1714, 153, 738
1715, 491, 989
1716, 60, 951
1717, 62, 713
1718, 1, 861
1719, 489, 744
1720, 25, 534
1721, 847, 891
1722, 452, 482
1723, 241, 386
1724, 647, 700
1725, 686, 827
1726, 232, 682
1727, 777, 831
1728, 257, 655
1729, 602, 729
1730, 156, 865
1731, 22, 588
1732, 199, 473
1733, 50, 730
1734, 915, 962
1735, 115, 454
1736, 629, 688
1737, 252, 862
1738, 470, 480
1739, 504, 974
1740, 441, 869
1741, 145, 999
1742, 244, 335
1743, 195, 401
1744, 59, 242
1745, 157, 945
1746, 343, 789
1747, 353, 943
1748, 344, 918
1749, 449, 934
1750, 875, 901
1751, 109, 492
1752, 359, 474
1753, 412, 663
1754, 68, 140
1755, 104, 696
1756, 10, 215
1757, 226, 694
1758, 591, 848
1759, 316, 913
1760, 433, 579
1761, 383, 801
1762, 49, 261
1763, 463, 774
1764, 15, 561
1765, 122, 459
1766, 323, 549
1767, 81, 119
1768, 610, 868
1769, 307, 705
1770, 223, 279
1771, 616, 838
1772, 126, 687
1773, 35, 544
1774, 51, 652
1775, 82, 605
1776, 164, 743
1777, 152, 683
1778, 211, 581
1779, 178, 756
1780, 571, 997
1781, 43, 299
1782, 222, 809
1783, 100, 201
1784, 94, 650
1785, 63, 378
1786, 464, 554
1787, 142, 957
1788, 183, 278
1789, 351, 465
1790, 422, 892
1791, 103, 618
1792, 181, 939
1793, 146, 623
1794, 107, 912
1795, 612, 941
1796, 664, 707
1797, 397, 895
1798, 255, 466
1799, 253, 391
1800, 271, 580
1801, 29, 486
1802, 155, 431
1803, 288, 521
1804, 225, 484
1805, 445, 852
1806, 306, 968
1807, 564, 976
1808, 318, 674
1809, 263, 691
1810, 427, 601
1811, 757, 780
1812, 368, 672
1813, 319, 524
1814, 324, 893
1815, 8, 790
1816, 180, 949
1817, 135, 334
1818, 33, 864
1819, 645, 858
1820, 245, 929
1821, 477, 762
1822, 681, 703
1823, 668, 936
1824, 304, 377
1825, 93, 341
1826, 185, 635
1827, 523, 938
1828, 168, 265
1829, 193, 711
1830, 229, 528
1831, 361, 702
1832, 40, 124
1833, 120, 214
1834, 169, 527
1835, 203, 619
1836, 194, 582
1837, 723, 820
1838, 14, 90
1839, 80, 141
1840, 78, 114
1841, 609, 830
1842, 906, 969
1843, 206, 518
1844, 149, 617
1845, 574, 595
1846, 154, 952
1847, 138, 447
1848, 111, 516
1849, 173, 794
1850, 96, 642
1851, 375, 570
1852, 239, 354
1853, 548, 692
1854, 301, 340
1855, 34, 761
1856, 450, 508
1857, 651, 863
1858, 458, 680
1859, 270, 362
1860, 208, 396
1861, 899, 972
1862, 442, 909
1863, 205, 726
1864, 487, 907
1865, 399, 836
1866, 381, 755
1867, 250, 453
1868, 430, 538
1869, 31, 926
1870, 102, 675
1871, 754, 816
1872, 410, 532
1873, 116, 395
1874, 677, 947
1875, 47, 411
1876, 380, 882
1877, 369, 423
1878, 123, 732
1879, 592, 669
1880, 519, 887
1881, 97, 593
1882, 284, 530
1883, 269, 826
1884, 264, 716
1885, 174, 355
1886, 88, 312
1887, 281, 678
1888, 437, 630
1889, 18, 724
1890, 198, 578
1891, 309, 405
1892, 439, 498
1893, 946, 995
1894, 150, 320
1895, 357, 922
1896, 400, 808
1897, 925, 964
1898, 118, 291
1899, 3, 177
1900, 408, 483
1901, 773, 990
1902, 382, 542
1903, 379, 577
1904, 95, 596
1905, 235, 834
1906, 376, 742
1907, 36, 207
1908, 475, 725
1909, 511, 927
1910, 541, 670
1911, 413, 455
1912, 38, 231
1913, 86, 553
1914, 99, 237
1915, 597, 734
1916, 212, 349
1917, 79, 993
1918, 695, 802
1919, 249, 873
1920, 246, 456
1921, 32, 39
1922, 611, 753
1923, 74, 876
1924, 262, 998
1925, 426, 994
1926, 147, 910
1927, 175, 251
1928, 238, 890
1929, 87, 121
1930, 469, 779
1931, 227, 526
1932, 615, 992
1933, 782, 823
1934, 345, 824
1935, 416, 660
1936, 305, 557
1937, 348, 512
1938, 350, 567
1939, 648, 805
1940, 133, 273
1941, 479, 859
1942, 558, 587
1943, 85, 415
1944, 56, 514
1945, 266, 855
1946, 843, 991
1947, 856, 987
1948, 287, 643
1949, 113, 749
1950, 626, 803
1951, 565, 575
1952, 224, 247
1953, 339, 900
1954, 282, 920
1955, 837, 842
1956, 105, 551
1957, 435, 515
1958, 432, 490
1959, 21, 877
1960, 620, 796
1961, 240, 701
1962, 54, 496
1963, 202, 798
1964, 44, 493
1965, 91, 209
1966, 77, 984
1967, 296, 866
1968, 628, 718
1969, 372, 1000
1970, 143, 639
1971, 818, 954
1972, 421, 576
1973, 569, 935
1974, 17, 555
1975, 16, 740
1976, 403, 983
1977, 819, 979
1978, 200, 916
1979, 293, 874
1980, 19, 537
1981, 276, 568
1982, 30, 179
1983, 267, 693
1984, 870, 963
1985, 294, 812
1986, 850, 973
1987, 248, 776
1988, 417, 443
1989, 24, 746
1990, 210, 897
1991, 462, 955
1992, 741, 849
1993, 182, 975
1994, 499, 722
1995, 6, 781
1996, 117, 236
1997, 799, 814
1998, 546, 965
1999, 234, 295
2000, 69, 560
2001, 382, 513
2002, 349, 741
2003, 262, 953
2004, 448, 969
2005, 115, 508
2006, 304, 662
2007, 166, 800
2008, 450, 458
2009, 133, 955
2010, 419, 754
2011, 140, 985
2012, 277, 603
2013, 128, 131
2014, 836, 877
2015, 343, 931
2016, 612, 926
2017, 291, 647
2018, 25, 240
2019, 557, 991
2020, 485, 700
2021, 302, 861
2022, 163, 637
2023, 348, 487
2024, 109, 367
2025, 206, 688
2026, 447, 880
2027, 174, 755
2028, 793, 866
2029, 368, 791
2030, 228, 816
2031, 589, 883
2032, 676, 980
2033, 342, 350
2034, 312, 987
2035, 677, 782
2036, 281, 889
2037, 598, 834
2038, 111, 915
2039, 404, 864
2040, 75, 411
2041, 648, 867
2042, 371, 967
2043, 70, 779
2044, 463, 615
2045, 792, 808
2046, 664, 895
2047, 88, 683
2048, 118, 982
2049, 843, 902
2050, 702, 833
2051, 193, 424
2052, 236, 330
2053, 551, 586
2054, 169, 993
2055, 135, 696
2056, 30, 663
2057, 639, 897
2058, 606, 811
2059, 623, 929
2060, 928, 958
2061, 229, 441
2062, 760, 825
2063, 28, 149
2064, 649, 997
2065, 546, 899
2066, 232, 391
2067, 1, 762
2068, 150, 831
2069, 91, 872
2070, 325, 492
2071, 436, 774
2072, 680, 903
2073, 210, 916
2074, 392, 558
2075, 490, 579
2076, 437, 454
2077, 384, 682
2078, 172, 357
2079, 315, 338
2080, 201, 858
2081, 247, 918
2082, 580, 701
2083, 139, 180
2084, 273, 423
2085, 284, 573
2086, 457, 654
2087, 73, 896
2088, 684, 948
2089, 80, 323
2090, 117, 686
2091, 884, 996
2092, 681, 720
2093, 336, 535
2094, 417, 469
2095, 7, 750
2096, 476, 824
2097, 151, 726
2098, 298, 610
2099, 218, 937
2100, 239, 785
2101, 385, 842
2102, 420, 933
2103, 638, 961
2104, 227, 690
2105, 766, 775
2106, 209, 525
2107, 138, 537
2108, 187, 978
2109, 568, 629
2110, 582, 673
2111, 267, 347
2112, 230, 451
2113, 283, 669
2114, 285, 942
2115, 578, 844
2116, 381, 443
2117, 796, 879
2118, 290, 717
2119, 314, 712
2120, 735, 839
2121, 434, 561
2122, 678, 966
2123, 756, 806
2124, 544, 594
2125, 852, 956
2126, 213, 358
2127, 567, 829
2128, 538, 853
2129, 106, 964
2130, 49, 257
2131, 403, 516
2132, 459, 466
2133, 328, 873
2134, 838, 986
2135, 204, 581
2136, 176, 722
2137, 129, 731
2138, 410, 442
2139, 725, 776
2140, 18, 234
2141, 259, 483
2142, 10, 607
2143, 407, 645
2144, 672, 979
2145, 119, 148
2146, 372, 596
2147, 37, 313
2148, 361, 925
2149, 224, 422
2150, 354, 524
2151, 934, 977
2152, 269, 871
2153, 186, 812
2154, 402, 892
2155, 185, 254
2156, 471, 506
2157, 125, 455
2158, 161, 484
2159, 898, 920
2160, 113, 620
2161, 416, 787
2162, 570, 723
2163, 292, 957
2164, 243, 553
2165, 400, 770
2166, 84, 724
2167, 389, 505
2168, 376, 569
2169, 280, 521
2170, 246, 994
2171, 627, 814
2172, 90, 272
2173, 699, 868
2174, 655, 851
2175, 195, 601
2176, 197, 554
2177, 398, 757
2178, 157, 974
2179, 462, 917
2180, 63, 813
2181, 359, 500
2182, 640, 698
2183, 687, 968
2184, 15, 621
2185, 503, 875
2186, 438, 846
2187, 289, 679
2188, 171, 363
2189, 65, 331
2190, 214, 231
2191, 351, 744
2192, 99, 146
2193, 498, 650
2194, 62, 511
2195, 599, 807
2196, 2, 855
2197, 608, 823
2198, 68, 950
2199, 527, 797
2200, 822, 924
2201, 366, 870
2202, 123, 444
2203, 233, 571
2204, 421, 932
2205, 661, 795
2206, 126, 502
2207, 98, 414
2208, 493, 671
2209, 577, 691
2210, 211, 387
2211, 182, 529
2212, 46, 936
2213, 316, 628
2214, 223, 865
2215, 4, 714
2216, 670, 998
2217, 311, 560
2218, 904, 930
2219, 276, 604
2220, 282, 660
2221, 497, 619
2222, 212, 555
2223, 83, 591
2224, 237, 773
2225, 215, 433
2226, 893, 943
2227, 11, 370
2228, 465, 840
2229, 24, 705
2230, 165, 802
2231, 495, 749
2232, 252, 360
2233, 61, 216
2234, 306, 733
2235, 191, 935
2236, 154, 512
2237, 545, 885
2238, 107, 475
2239, 504, 692
2240, 22, 105
2241, 23, 327
2242, 435, 888
2243, 329, 767
2244, 122, 803
2245, 905, 973
2246, 394, 804
2247, 199, 913
2248, 48, 593
2249, 388, 393
2250, 153, 415
2251, 53, 911
2252, 162, 346
2253, 95, 633
2254, 255, 380
2255, 396, 992
2256, 44, 177
2257, 303, 697
2258, 519, 919
2259, 588, 641
2260, 745, 777
2261, 19, 835
2262, 418, 613
2263, 635, 737
2264, 116, 256
2265, 344, 999
2266, 482, 827
2267, 817, 819
2268, 397, 860
2269, 300, 518
2270, 274, 747
2271, 541, 590
2272, 510, 863
2273, 486, 927
2274, 58, 944
2275, 217, 406
2276, 600, 666
2277, 249, 431
2278, 317, 386
2279, 319, 832
2280, 167, 790
2281, 42, 611
2282, 13, 147
2283, 127, 841
2284, 203, 765
2285, 716, 951
2286, 168, 531
2287, 71, 152
2288, 473, 881
2289, 132, 501
2290, 286, 665
2291, 12, 14
2292, 76, 768
2293, 103, 270
2294, 208, 592
2295, 39, 352
2296, 395, 706
2297, 445, 667
2298, 130, 188
2299, 470, 972
2300, 86, 200
2301, 275, 826
2302, 674, 809
2303, 225, 427
2304, 572, 965
2305, 464, 710
2306, 145, 221
2307, 144, 260
2308, 74, 480
2309, 5, 47
2310, 456, 625
2311, 401, 517
2312, 78, 321
2313, 468, 742
2314, 248, 685
2315, 449, 772
2316, 92, 279
2317, 21, 226
2318, 220, 305
2319, 830, 901
2320, 489, 736
2321, 429, 743
2322, 675, 869
2323, 337, 499
2324, 345, 729
2325, 320, 769
2326, 287, 574
2327, 45, 542
2328, 114, 820
2329, 656, 695
2330, 268, 271
2331, 178, 856
2332, 124, 294
2333, 533, 709
2334, 618, 786
2335, 97, 778
2336, 377, 990
2337, 20, 780
2338, 207, 907
2339, 194, 515
2340, 341, 878
2341, 651, 758
2342, 205, 815
2343, 181, 494
2344, 704, 837
2345, 430, 947
2346, 563, 945
2347, 59, 64
2348, 50, 432
2349, 29, 408
2350, 121, 595
2351, 41, 818
2352, 923, 949
2353, 564, 658
2354, 365, 995
2355, 222, 981
2356, 653, 788
2357, 549, 821
2358, 356, 740
2359, 534, 908
2360, 624, 891
2361, 718, 751
2362, 108, 378
2363, 33, 36
2364, 9, 51
2365, 887, 952
2366, 156, 170
2367, 383, 646
2368, 175, 540
2369, 565, 659
2370, 34, 190
2371, 265, 890
2372, 862, 939
2373, 559, 900
2374, 308, 426
2375, 333, 622
2376, 89, 309
2377, 81, 954
2378, 38, 202
2379, 43, 263
2380, 523, 728
2381, 509, 626
2382, 52, 962
2383, 54, 324
2384, 82, 874
2385, 142, 536
2386, 460, 632
2387, 602, 845
2388, 849, 876
2389, 60, 617
2390, 244, 732
2391, 159, 708
2392, 453, 652
2393, 100, 318
2394, 6, 446
2395, 801, 906
2396, 412, 1000
2397, 584, 857
2398, 694, 748
2399, 173, 583
2400, 556, 566
2401, 322, 909
2402, 976, 988
2403, 644, 734
2404, 183, 630
2405, 40, 636
2406, 96, 496
2407, 805, 894
2408, 409, 859
2409, 491, 507
2410, 425, 576
2411, 104, 711
2412, 245, 730
2413, 141, 771
2414, 136, 326
2415, 238, 301
2416, 481, 763
2417, 261, 299
2418, 461, 605
2419, 761, 810
2420, 781, 963
2421, 17, 488
2422, 196, 472
2423, 67, 428
2424, 295, 297
2425, 137, 340
2426, 264, 854
2427, 575, 914
2428, 120, 379
2429, 719, 975
2430, 56, 355
2431, 609, 970
2432, 373, 799
2433, 192, 543
2434, 110, 614
2435, 452, 959
2436, 94, 332
2437, 31, 467
2438, 3, 390
2439, 362, 789
2440, 179, 668
2441, 616, 783
2442, 35, 746
2443, 310, 971
2444, 55, 727
2445, 16, 738
2446, 848, 940
2447, 57, 960
2448, 532, 921
2449, 198, 634
2450, 528, 784
2451, 160, 585
2452, 93, 478
2453, 26, 721
2454, 158, 562
2455, 642, 643
2456, 657, 847
2457, 597, 910
2458, 184, 335
2459, 477, 526
2460, 87, 250
2461, 253, 364
2462, 155, 293
2463, 374, 375
2464, 631, 759
2465, 794, 850
2466, 413, 689
2467, 307, 405
2468, 548, 713
2469, 143, 339
2470, 242, 520
2471, 27, 886
2472, 587, 946
2473, 241, 983
2474, 251, 752
2475, 101, 102
2476, 278, 334
2477, 703, 989
2478, 440, 938
2479, 219, 912
2480, 439, 715
2481, 296, 922
2482, 77, 550
2483, 753, 764
2484, 514, 739
2485, 474, 798
2486, 164, 530
2487, 32, 85
2488, 72, 479
2489, 8, 189
2490, 266, 941
2491, 79, 522
2492, 369, 984
2493, 66, 235
2494, 288, 539
2495, 134, 693
2496, 69, 828
2497, 399, 552
2498, 547, 707
2499, 258, 882
2500, 112, 353
2501, 701, 817
2502, 743, 889
2503, 450, 581
2504, 114, 826
2505, 292, 446
2506, 603, 834
2507, 71, 757
2508, 62, 998
2509, 83, 204
2510, 693, 747
2511, 102, 851
2512, 286, 327
2513, 745, 754
2514, 530, 636
2515, 313, 702
2516, 447, 866
2517, 711, 823
2518, 652, 750
2519, 403, 994
2520, 297, 984
2521, 203, 670
2522, 127, 324
2523, 792, 806
2524, 21, 136
2525, 508, 809
2526, 434, 553
2527, 14, 595
2528, 32, 58
2529, 371, 812
2530, 101, 382
2531, 72, 368
2532, 512, 737
2533, 548, 977
2534, 189, 779
2535, 533, 950
2536, 787, 976
2537, 460, 478
2538, 442, 606
2539, 354, 476
2540, 77, 211
2541, 279, 773
2542, 365, 949
2543, 735, 983
2544, 98, 898
2545, 610, 703
2546, 234, 420
2547, 338, 626
2548, 726, 892
2549, 254, 282
2550, 207, 689
2551, 253, 439
2552, 85, 280
2553, 95, 110
2554, 92, 741
2555, 764, 789
2556, 395, 774
2557, 137, 712
2558, 52, 407
2559, 431, 666
2560, 18, 664
2561, 469, 749
2562, 802, 882
2563, 75, 328
2564, 435, 713
2565, 859, 975
2566, 181, 849
2567, 106, 860
2568, 355, 397
2569, 479, 539
2570, 135, 571
2571, 206, 907
2572, 6, 224
2573, 348, 896
2574, 186, 931
2575, 46, 842
2576, 149, 681
2577, 67, 490
2578, 415, 502
2579, 55, 781
2580, 346, 908
2581, 250, 289
2582, 697, 810
2583, 124, 917
2584, 408, 498
2585, 377, 818
2586, 78, 674
2587, 761, 798
2588, 419, 639
2589, 264, 541
2590, 491, 504
2591, 178, 558
2592, 246, 871
2593, 99, 421
2594, 274, 320
2595, 673, 706
2596, 563, 947
2597, 166, 555
2598, 165, 916
2599, 353, 497
2600, 441, 484
2601, 151, 314
2602, 833, 943
2603, 412, 879
2604, 794, 867
2605, 105, 739
2606, 226, 564
2607, 33, 369
2608, 115, 251
2609, 187, 475
2610, 268, 357
2611, 273, 861
2612, 221, 247
2613, 210, 819
2614, 458, 526
2615, 288, 551
2616, 220, 452
2617, 35, 946
2618, 73, 84
2619, 388, 616
2620, 657, 981
2621, 9, 284
2622, 759, 760
2623, 569, 584
2624, 157, 231
2625, 351, 957
2626, 763, 945
2627, 350, 669
2628, 316, 777
2629, 582, 718
2630, 381, 722
2631, 5, 799
2632, 618, 704
2633, 218, 933
2634, 409, 805
2635, 147, 914
2636, 202, 634
2637, 139, 398
2638, 340, 782
2639, 96, 829
2640, 2, 454
2641, 80, 248
2642, 170, 755
2643, 474, 644
2644, 684, 762
2645, 796, 840
2646, 344, 483
2647, 980, 997
2648, 390, 985
2649, 486, 815
2650, 212, 411
2651, 90, 130
2652, 272, 393
2653, 175, 428
2654, 364, 978
2655, 60, 772
2656, 303, 615
2657, 53, 383
2658, 236, 448
2659, 38, 132
2660, 158, 380
2661, 630, 746
2662, 547, 625
2663, 607, 971
2664, 954, 968
2665, 47, 531
2666, 436, 705
2667, 418, 694
2668, 457, 924
2669, 37, 237
2670, 568, 996
2671, 738, 909
2672, 172, 510
2673, 612, 778
2674, 245, 545
2675, 352, 549
2676, 57, 635
2677, 481, 715
2678, 296, 363
2679, 306, 995
2680, 401, 423
2681, 3, 611
2682, 79, 780
2683, 410, 632
2684, 108, 362
2685, 295, 999
2686, 546, 688
2687, 70, 307
2688, 91, 116
2689, 22, 372
2690, 182, 565
2691, 86, 967
2692, 164, 461
2693, 489, 808
2694, 716, 767
2695, 118, 275
2696, 15, 384
2697, 16, 597
2698, 771, 795
2699, 492, 682
2700, 128, 177
2701, 335, 402
2702, 880, 915
2703, 150, 872
2704, 121, 813
2705, 651, 707
2706, 321, 827
2707, 13, 179
2708, 153, 302
2709, 852, 884
2710, 59, 570
2711, 82, 233
2712, 301, 659
2713, 578, 793
2714, 627, 668
2715, 561, 589
2716, 239, 721
2717, 259, 862
2718, 543, 903
2719, 557, 941
2720, 7, 516
2721, 585, 629
2722, 184, 883
2723, 592, 675
2724, 445, 864
2725, 229, 641
2726, 356, 974
2727, 208, 621
2728, 330, 604
2729, 191, 517
2730, 131, 631
2731, 293, 811
2732, 317, 920
2733, 198, 276
2734, 836, 891
2735, 425, 617
2736, 602, 839
2737, 449, 855
2738, 76, 527
2739, 244, 724
2740, 300, 660
2741, 567, 620
2742, 171, 230
2743, 389, 588
2744, 140, 868
2745, 111, 513
2746, 200, 623
2747, 524, 850
2748, 195, 472
2749, 119, 523
2750, 323, 709
2751, 509, 562
2752, 672, 676
2753, 848, 854
2754, 919, 987
2755, 56, 973
2756, 534, 939
2757, 453, 963
2758, 599, 742
2759, 687, 786
2760, 422, 494
2761, 162, 678
2762, 104, 506
2763, 238, 252
2764, 28, 658
2765, 696, 893
2766, 576, 1000
2767, 748, 756
2768, 732, 901
2769, 462, 938
2770, 44, 514
2771, 39, 112
2772, 473, 992
2773, 167, 769
2774, 734, 953
2775, 654, 699
2776, 249, 343
2777, 45, 643
2778, 725, 874
2779, 144, 804
2780, 107, 464
2781, 185, 948
2782, 496, 932
2783, 156, 824
2784, 332, 841
2785, 194, 692
2786, 190, 930
2787, 283, 961
2788, 199, 647
2789, 298, 856
2790, 890, 894
2791, 42, 480
2792, 359, 467
2793, 277, 385
2794, 438, 645
2795, 590, 989
2796, 345, 740
2797, 863, 951
2798, 341, 437
2799, 209, 912
2800, 667, 845
2801, 68, 291
2802, 451, 552
2803, 522, 925
2804, 376, 727
2805, 378, 614
2806, 176, 881
2807, 235, 396
2808, 835, 982
2809, 69, 624
2810, 36, 311
2811, 155, 736
2812, 29, 753
2813, 240, 731
2814, 285, 394
2815, 677, 830
2816, 337, 477
2817, 227, 665
2818, 12, 775
2819, 287, 559
2820, 66, 266
2821, 173, 594
2822, 432, 586
2823, 587, 650
2824, 358, 822
2825, 680, 888
2826, 700, 877
2827, 180, 988
2828, 598, 661
2829, 573, 591
2830, 174, 515
2831, 322, 719
2832, 331, 853
2833, 776, 847
2834, 318, 865
2835, 263, 596
2836, 54, 942
2837, 367, 503
2838, 729, 828
2839, 663, 801
2840, 100, 455
2841, 19, 686
2842, 723, 904
2843, 225, 662
2844, 97, 717
2845, 81, 518
2846, 160, 217
2847, 312, 858
2848, 25, 542
2849, 379, 936
2850, 361, 619
2851, 413, 906
2852, 414, 935
2853, 308, 638
2854, 40, 843
2855, 228, 885
2856, 23, 751
2857, 505, 714
2858, 122, 148
2859, 304, 463
2860, 493, 575
2861, 161, 797
2862, 256, 876
2863, 120, 391
2864, 326, 433
2865, 87, 728
2866, 608, 671
2867, 34, 966
2868, 875, 990
2869, 271, 628
2870, 466, 940
2871, 443, 613
2872, 333, 342
2873, 48, 831
2874, 426, 790
2875, 386, 952
2876, 528, 910
2877, 404, 838
2878, 500, 991
2879, 17, 309
2880, 633, 648
2881, 360, 601
2882, 241, 926
2883, 519, 783
2884, 123, 820
2885, 117, 690
2886, 197, 417
2887, 242, 685
2888, 30, 965
2889, 427, 937
2890, 138, 310
2891, 319, 927
2892, 768, 869
2893, 315, 918
2894, 290, 923
2895, 142, 521
2896, 223, 488
2897, 299, 730
2898, 525, 902
2899, 243, 803
2900, 556, 899
2901, 63, 913
2902, 145, 232
2903, 444, 637
2904, 495, 566
2905, 929, 964
2906, 574, 897
2907, 267, 544
2908, 374, 406
2909, 465, 605
2910, 31, 744
2911, 572, 733
2912, 103, 152
2913, 159, 825
2914, 269, 560
2915, 459, 470
2916, 141, 921
2917, 550, 970
2918, 169, 959
2919, 1, 642
2920, 88, 538
2921, 255, 873
2922, 109, 922
2923, 416, 440
2924, 456, 580
2925, 214, 972
2926, 400, 844
2927, 261, 816
2928, 281, 846
2929, 94, 349
2930, 61, 334
2931, 143, 219
2932, 20, 366
2933, 375, 807
2934, 26, 260
2935, 399, 536
2936, 698, 837
2937, 134, 788
2938, 579, 944
2939, 11, 695
2940, 878, 958
2941, 766, 785
2942, 370, 537
2943, 593, 905
2944, 89, 258
2945, 201, 482
2946, 339, 758
2947, 64, 887
2948, 8, 511
2949, 27, 262
2950, 577, 708
2951, 126, 979
2952, 265, 485
2953, 222, 857
2954, 193, 554
2955, 257, 886
2956, 347, 429
2957, 113, 956
2958, 213, 305
2959, 133, 270
2960, 125, 814
2961, 791, 821
2962, 430, 471
2963, 405, 752
2964, 387, 622
2965, 278, 955
2966, 535, 720
2967, 532, 640
2968, 215, 765
2969, 934, 986
2970, 50, 960
2971, 129, 691
2972, 74, 499
2973, 600, 870
2974, 24, 146
2975, 520, 770
2976, 93, 507
2977, 329, 656
2978, 373, 646
2979, 4, 540
2980, 65, 784
2981, 205, 529
2982, 196, 655
2983, 49, 969
2984, 188, 336
2985, 653, 928
2986, 154, 168
2987, 900, 911
2988, 10, 424
2989, 487, 832
2990, 192, 609
2991, 583, 993
2992, 895, 962
2993, 216, 325
2994, 679, 710
2995, 501, 649
2996, 163, 800
2997, 41, 392
2998, 183, 294
2999, 43, 51
3000, 468, 683
3001, 133, 830
3002, 797, 982
3003, 580, 672
3004, 743, 972
3005, 266, 805
3006, 313, 740
3007, 309, 699
3008, 367, 891
3009, 383, 966
3010, 479, 653
3011, 857, 933
3012, 126, 338
3013, 174, 559
3014, 574, 790
3015, 481, 595
3016, 757, 783
3017, 614, 869
3018, 298, 964
3019, 779, 806
3020, 324, 572
3021, 594, 906
3022, 307, 887
3023, 88, 734
3024, 424, 850
3025, 673, 698
3026, 11, 184
3027, 405, 534
3028, 3, 304
3029, 273, 976
3030, 6, 146
3031, 600, 707
3032, 535, 568
3033, 540, 820
3034, 527, 758
3035, 32, 700
3036, 609, 886
3037, 208, 618
3038, 283, 706
3039, 695, 870
3040, 326, 954
3041, 289, 937
3042, 197, 788
3043, 333, 824
3044, 318, 712
3045, 105, 201
3046, 211, 950
3047, 348, 731
3048, 360, 791
3049, 366, 624
3050, 98, 798
3051, 809, 858
3052, 709, 991
3053, 222, 796
3054, 879, 988
3055, 153, 760
3056, 164, 225
3057, 556, 642
3058, 205, 233
3059, 554, 610
3060, 432, 648
3061, 196, 862
3062, 894, 913
3063, 108, 137
3064, 399, 907
3065, 314, 816
3066, 154, 776
3067, 144, 533
3068, 125, 166
3069, 311, 885
3070, 179, 470
3071, 215, 763
3072, 308, 340
3073, 118, 321
3074, 80, 398
3075, 84, 645
3076, 971, 979
3077, 113, 293
3078, 139, 713
3079, 159, 345
3080, 33, 539
3081, 720, 793
3082, 362, 901
3083, 199, 221
3084, 380, 936
3085, 347, 749
3086, 332, 775
3087, 355, 458
3088, 177, 541
3089, 719, 741
3090, 923, 992
3091, 302, 771
3092, 246, 953
3093, 237, 578
3094, 435, 799
3095, 101, 801
3096, 520, 586
3097, 516, 665
3098, 463, 582
3099, 735, 919
3100, 316, 365
3101, 874, 973
3102, 110, 280
3103, 192, 281
3104, 143, 599
3105, 147, 445
3106, 908, 990
3107, 823, 836
3108, 363, 660
3109, 368, 897
3110, 219, 957
3111, 900, 968
3112, 251, 961
3113, 256, 284
3114, 691, 838
3115, 236, 934
3116, 71, 120
3117, 107, 440
3118, 8, 382
3119, 51, 604
3120, 419, 898
3121, 89, 602
3122, 114, 969
3123, 448, 498
3124, 570, 792
3125, 508, 561
3126, 489, 942
3127, 562, 689
3128, 124, 402
3129, 401, 938
3130, 156, 507
3131, 372, 977
3132, 96, 276
3133, 330, 686
3134, 826, 998
3135, 358, 786
3136, 254, 616
3137, 90, 499
3138, 305, 951
3139, 781, 985
3140, 12, 853
3141, 490, 622
3142, 497, 929
3143, 106, 611
3144, 128, 746
3145, 377, 803
3146, 460, 910
3147, 471, 742
3148, 162, 655
3149, 188, 220
3150, 44, 140
3151, 514, 646
3152, 455, 822
3153, 619, 626
3154, 240, 549
3155, 288, 778
3156, 230, 651
3157, 581, 603
3158, 57, 359
3159, 544, 546
3160, 42, 109
3161, 428, 948
3162, 63, 317
3163, 413, 524
3164, 155, 643
3165, 76, 361
3166, 130, 705
3167, 543, 831
3168, 27, 483
3169, 679, 999
3170, 203, 555
3171, 640, 856
3172, 183, 465
3173, 784, 924
3174, 868, 871
3175, 22, 45
3176, 77, 956
3177, 36, 81
3178, 178, 960
3179, 872, 930
3180, 553, 589
3181, 310, 373
3182, 13, 927
3183, 43, 491
3184, 388, 935
3185, 350, 752
3186, 228, 420
3187, 18, 462
3188, 226, 807
3189, 111, 258
3190, 617, 748
3191, 23, 674
3192, 680, 777
3193, 176, 612
3194, 769, 888
3195, 267, 295
3196, 50, 412
3197, 525, 867
3198, 652, 717
3199, 430, 664
3200, 551, 730
3201, 168, 866
3202, 15, 530
3203, 10, 963
3204, 312, 839
3205, 517, 621
3206, 328, 846
3207, 278, 892
3208, 92, 983
3209, 123, 389
3210, 832, 945
3211, 122, 821
3212, 20, 235
3213, 855, 941
3214, 840, 903
3215, 322, 515
3216, 391, 687
3217, 195, 685
3218, 414, 613
3219, 264, 441
3220, 529, 620
3221, 83, 214
3222, 34, 860
3223, 136, 357
3224, 97, 774
3225, 131, 422
3226, 683, 745
3227, 260, 442
3228, 417, 729
3229, 95, 656
3230, 306, 334
3231, 390, 782
3232, 7, 70
3233, 157, 180
3234, 410, 560
3235, 121, 379
3236, 55, 728
3237, 292, 426
3238, 751, 949
3239, 726, 944
3240, 198, 770
3241, 191, 598
3242, 135, 300
3243, 592, 917
3244, 85, 590
3245, 115, 975
3246, 641, 772
3247, 354, 396
3248, 633, 889
3249, 503, 607
3250, 415, 761
3251, 427, 828
3252, 46, 946
3253, 450, 636
3254, 169, 393
3255, 227, 670
3256, 247, 986
3257, 243, 451
3258, 865, 970
3259, 69, 189
3260, 38, 54
3261, 564, 835
3262, 16, 994
3263, 161, 477
3264, 454, 468
3265, 336, 444
3266, 210, 681
3267, 343, 484
3268, 815, 896
3269, 873, 905
3270, 271, 329
3271, 1, 400
3272, 21, 502
3273, 229, 848
3274, 255, 526
3275, 269, 662
3276, 151, 666
3277, 257, 767
3278, 325, 587
3279, 812, 895
3280, 56, 66
3281, 245, 486
3282, 356, 521
3283, 244, 989
3284, 216, 682
3285, 49, 759
3286, 67, 262
3287, 93, 955
3288, 920, 926
3289, 138, 606
3290, 716, 854
3291, 100, 567
3292, 795, 943
3293, 630, 925
3294, 28, 548
3295, 569, 711
3296, 241, 290
3297, 41, 519
3298, 408, 571
3299, 579, 981
3300, 663, 841
3301, 249, 916
3302, 576, 724
3303, 736, 851
3304, 747, 802
3305, 437, 902
3306, 47, 837
3307, 512, 550
3308, 374, 766
3309, 65, 605
3310, 148, 701
3311, 224, 940
3312, 370, 628
3313, 629, 737
3314, 299, 436
3315, 223, 987
3316, 513, 732
3317, 253, 912
3318, 61, 327
3319, 597, 833
3320, 73, 294
3321, 461, 718
3322, 596, 928
3323, 475, 843
3324, 509, 755
3325, 482, 739
3326, 346, 947
3327, 152, 433
3328, 141, 702
3329, 53, 403
3330, 585, 657
3331, 558, 875
3332, 116, 762
3333, 818, 939
3334, 337, 446
3335, 353, 452
3336, 397, 459
3337, 547, 800
3338, 511, 708
3339, 212, 287
3340, 239, 880
3341, 552, 694
3342, 485, 722
3343, 252, 349
3344, 364, 588
3345, 495, 863
3346, 190, 785
3347, 473, 744
3348, 79, 817
3349, 286, 814
3350, 500, 693
3351, 688, 825
3352, 181, 528
3353, 52, 808
3354, 209, 342
3355, 127, 202
3356, 17, 654
3357, 344, 878
3358, 434, 967
3359, 2, 583
3360, 315, 453
3361, 207, 984
3362, 186, 375
3363, 488, 593
3364, 4, 1000
3365, 615, 754
3366, 678, 842
3367, 87, 980
3368, 703, 877
3369, 35, 274
3370, 675, 959
3371, 395, 932
3372, 492, 635
3373, 625, 634
3374, 72, 150
3375, 102, 765
3376, 117, 958
3377, 522, 773
3378, 40, 677
3379, 74, 456
3380, 129, 518
3381, 464, 671
3382, 206, 478
3383, 510, 723
3384, 250, 545
3385, 165, 182
3386, 501, 733
3387, 171, 965
3388, 425, 909
3389, 213, 794
3390, 99, 158
3391, 259, 331
3392, 204, 658
3393, 537, 627
3394, 531, 884
3395, 669, 904
3396, 387, 829
3397, 30, 119
3398, 104, 914
3399, 532, 721
3400, 58, 995
3401, 263, 270
3402, 557, 676
3403, 649, 753
3404, 407, 449
3405, 297, 563
3406, 386, 406
3407, 296, 608
3408, 275, 715
3409, 29, 962
3410, 193, 339
3411, 429, 915
3412, 31, 575
3413, 566, 890
3414, 764, 997
3415, 447, 852
3416, 523, 993
3417, 78, 921
3418, 438, 893
3419, 37, 234
3420, 9, 163
3421, 172, 232
3422, 277, 768
3423, 132, 493
3424, 91, 439
3425, 727, 859
3426, 384, 466
3427, 787, 922
3428, 86, 911
3429, 68, 882
3430, 696, 876
3431, 160, 351
3432, 789, 974
3433, 637, 661
3434, 5, 573
3435, 149, 371
3436, 506, 864
3437, 167, 285
3438, 418, 631
3439, 494, 931
3440, 335, 849
3441, 279, 472
3442, 242, 650
3443, 75, 112
3444, 39, 385
3445, 404, 411
3446, 24, 725
3447, 185, 714
3448, 194, 476
3449, 187, 952
3450, 376, 692
3451, 291, 644
3452, 352, 899
3453, 64, 469
3454, 59, 457
3455, 261, 591
3456, 369, 394
3457, 25, 638
3458, 248, 804
3459, 584, 710
3460, 431, 496
3461, 819, 844
3462, 504, 623
3463, 26, 536
3464, 381, 565
3465, 173, 861
3466, 48, 301
3467, 505, 704
3468, 423, 881
3469, 577, 697
3470, 82, 268
3471, 756, 813
3472, 170, 272
3473, 738, 978
3474, 238, 409
3475, 320, 780
3476, 421, 918
3477, 265, 834
3478, 487, 639
3479, 175, 218
3480, 103, 845
3481, 667, 810
3482, 62, 883
3483, 200, 659
3484, 542, 668
3485, 231, 467
3486, 19, 60
3487, 319, 392
3488, 94, 601
3489, 303, 811
3490, 217, 474
3491, 14, 632
3492, 323, 750
3493, 341, 996
3494, 443, 684
3495, 145, 690
3496, 142, 647
3497, 416, 847
3498, 134, 538
3499, 378, 480
3500, 282, 827
3501, 496, 728
3502, 141, 648
3503, 232, 732
3504, 277, 973
3505, 437, 566
3506, 359, 522
3507, 423, 898
3508, 505, 891
3509, 431, 869
3510, 609, 964
3511, 226, 698
3512, 53, 832
3513, 255, 386
3514, 272, 523
3515, 543, 565
3516, 775, 890
3517, 494, 847
3518, 449, 525
3519, 829, 838
3520, 380, 455
3521, 74, 186
3522, 603, 833
3523, 379, 651
3524, 183, 798
3525, 562, 764
3526, 193, 793
3527, 318, 395
3528, 199, 978
3529, 690, 876
3530, 444, 630
3531, 22, 25
3532, 383, 880
3533, 478, 531
3534, 81, 619
3535, 32, 766
3536, 412, 452
3537, 1, 858
3538, 563, 768
3539, 200, 283
3540, 19, 48
3541, 105, 696
3542, 247, 956
3543, 36, 943
3544, 267, 521
3545, 317, 924
3546, 392, 865
3547, 835, 868
3548, 334, 984
3549, 62, 680
3550, 485, 694
3551, 37, 691
3552, 166, 612
3553, 98, 278
3554, 96, 854
3555, 662, 949
3556, 656, 792
3557, 115, 513
3558, 95, 896
3559, 314, 357
3560, 737, 941
3561, 514, 755
3562, 243, 254
3563, 194, 842
3564, 143, 913
3565, 70, 425
3566, 261, 294
3567, 570, 940
3568, 163, 492
3569, 94, 394
3570, 355, 652
3571, 21, 168
3572, 464, 744
3573, 147, 777
3574, 336, 954
3575, 632, 856
3576, 921, 962
3577, 34, 295
3578, 352, 580
3579, 258, 568
3580, 169, 540
3581, 475, 679
3582, 9, 809
3583, 342, 717
3584, 71, 159
3585, 465, 860
3586, 178, 292
3587, 484, 567
3588, 404, 972
3589, 124, 324
3590, 57, 767
3591, 15, 892
3592, 310, 460
3593, 450, 721
3594, 64, 221
3595, 583, 907
3596, 260, 499
3597, 33, 756
3598, 332, 859
3599, 148, 620
3600, 345, 489
3601, 646, 968
3602, 576, 999
3603, 151, 672
3604, 112, 144
3605, 633, 780
3606, 553, 735
3607, 374, 933
3608, 231, 719
3609, 222, 518
3610, 92, 942
3611, 594, 730
3612, 156, 328
3613, 682, 930
3614, 791, 874
3615, 468, 549
3616, 534, 573
3617, 217, 707
3618, 56, 852
3619, 320, 846
3620, 288, 293
3621, 409, 554
3622, 126, 686
3623, 75, 203
3624, 262, 718
3625, 174, 770
3626, 371, 848
3627, 274, 411
3628, 783, 878
3629, 483, 530
3630, 552, 897
3631, 692, 948
3632, 31, 234
3633, 403, 825
3634, 587, 675
3635, 236, 590
3636, 812, 864
3637, 378, 983
3638, 427, 463
3639, 457, 944
3640, 456, 481
3641, 688, 910
3642, 747, 884
3643, 142, 855
3644, 416, 781
3645, 223, 720
3646, 42, 393
3647, 327, 778
3648, 519, 750
3649, 173, 683
3650, 810, 900
3651, 128, 988
3652, 476, 817
3653, 548, 606
3654, 608, 946
3655, 4, 161
3656, 7, 307
3657, 381, 958
3658, 107, 365
3659, 535, 578
3660, 436, 867
3661, 131, 502
3662, 132, 287
3663, 430, 757
3664, 368, 402
3665, 670, 863
3666, 157, 185
3667, 129, 204
3668, 340, 623
3669, 50, 724
3670, 634, 664
3671, 39, 507
3672, 164, 224
3673, 870, 937
3674, 97, 242
3675, 43, 544
3676, 125, 786
3677, 790, 969
3678, 611, 654
3679, 67, 419
3680, 697, 922
3681, 753, 966
3682, 40, 401
3683, 54, 313
3684, 271, 466
3685, 506, 805
3686, 120, 244
3687, 281, 771
3688, 776, 879
3689, 16, 434
3690, 6, 191
3691, 80, 316
3692, 114, 145
3693, 636, 918
3694, 575, 894
3695, 162, 950
3696, 384, 745
3697, 343, 700
3698, 524, 959
3699, 68, 804
3700, 763, 975
3701, 882, 883
3702, 140, 196
3703, 219, 845
3704, 103, 588
3705, 85, 974
3706, 12, 27
3707, 361, 887
3708, 83, 462
3709, 875, 916
3710, 410, 579
3711, 251, 628
3712, 699, 734
3713, 370, 681
3714, 704, 945
3715, 375, 951
3716, 259, 685
3717, 248, 487
3718, 3, 469
3719, 837, 990
3720, 301, 600
3721, 49, 857
3722, 308, 605
3723, 348, 354
3724, 265, 889
3725, 177, 480
3726, 389, 711
3727, 347, 693
3728, 14, 133
3729, 10, 663
3730, 110, 179
3731, 102, 955
3732, 220, 516
3733, 537, 796
3734, 238, 432
3735, 237, 364
3736, 152, 303
3737, 195, 977
3738, 509, 673
3739, 86, 712
3740, 118, 923
3741, 339, 831
3742, 653, 844
3743, 306, 373
3744, 111, 631
3745, 99, 997
3746, 558, 823
3747, 300, 851
3748, 20, 599
3749, 815, 843
3750, 116, 184
3751, 346, 992
3752, 290, 862
3753, 139, 788
3754, 330, 372
3755, 532, 538
3756, 76, 706
3757, 407, 586
3758, 286, 963
3759, 47, 180
3760, 252, 329
3761, 239, 800
3762, 117, 919
3763, 45, 428
3764, 59, 597
3765, 406, 666
3766, 154, 993
3767, 326, 443
3768, 445, 784
3769, 658, 789
3770, 312, 362
3771, 779, 824
3772, 613, 927
3773, 206, 773
3774, 399, 761
3775, 23, 459
3776, 113, 229
3777, 289, 850
3778, 276, 396
3779, 240, 335
3780, 557, 749
3781, 106, 991
3782, 275, 952
3783, 390, 936
3784, 376, 979
3785, 581, 644
3786, 440, 736
3787, 227, 617
3788, 629, 689
3789, 337, 470
3790, 687, 799
3791, 678, 840
3792, 167, 435
3793, 172, 708
3794, 146, 995
3795, 46, 738
3796, 13, 555
3797, 501, 705
3798, 89, 577
3799, 197, 839
3800, 153, 601
3801, 387, 645
3802, 498, 713
3803, 282, 325
3804, 471, 477
3805, 439, 669
3806, 441, 970
3807, 2, 803
3808, 230, 746
3809, 24, 491
3810, 216, 610
3811, 885, 994
3812, 351, 367
3813, 63, 93
3814, 472, 595
3815, 296, 331
3816, 593, 731
3817, 5, 349
3818, 695, 861
3819, 420, 500
3820, 333, 920
3821, 72, 971
3822, 189, 356
3823, 69, 88
3824, 358, 421
3825, 511, 615
3826, 415, 639
3827, 121, 703
3828, 559, 684
3829, 413, 980
3830, 350, 520
3831, 209, 849
3832, 551, 902
3833, 418, 729
3834, 266, 774
3835, 739, 758
3836, 818, 871
3837, 205, 504
3838, 794, 981
3839, 280, 458
3840, 130, 881
3841, 814, 901
3842, 256, 743
3843, 138, 207
3844, 218, 596
3845, 451, 701
3846, 508, 828
3847, 79, 618
3848, 268, 486
3849, 512, 665
3850, 11, 225
3851, 18, 215
3852, 279, 751
3853, 233, 960
3854, 442, 561
3855, 61, 982
3856, 35, 748
3857, 657, 987
3858, 305, 527
3859, 269, 702
3860, 210, 965
3861, 38, 714
3862, 190, 569
3863, 104, 285
3864, 322, 976
3865, 155, 488
3866, 241, 961
3867, 122, 602
3868, 479, 598
3869, 536, 676
3870, 84, 888
3871, 382, 482
3872, 873, 912
3873, 304, 785
3874, 661, 928
3875, 55, 911
3876, 176, 391
3877, 284, 674
3878, 100, 298
3879, 474, 723
3880, 323, 582
3881, 405, 938
3882, 495, 517
3883, 182, 257
3884, 149, 841
3885, 26, 925
3886, 208, 660
3887, 58, 87
3888, 647, 782
3889, 150, 642
3890, 319, 429
3891, 811, 986
3892, 677, 740
3893, 668, 813
3894, 510, 967
3895, 853, 935
3896, 175, 637
3897, 626, 830
3898, 621, 769
3899, 490, 526
3900, 834, 998
3901, 291, 650
3902, 640, 893
3903, 170, 715
3904, 550, 939
3905, 246, 422
3906, 772, 866
3907, 192, 447
3908, 709, 816
3909, 119, 641
3910, 158, 493
3911, 541, 1000
3912, 638, 827
3913, 213, 589
3914, 109, 807
3915, 137, 760
3916, 91, 546
3917, 454, 627
3918, 235, 572
3919, 123, 826
3920, 253, 722
3921, 625, 989
3922, 299, 539
3923, 877, 931
3924, 212, 467
3925, 17, 73
3926, 542, 726
3927, 795, 906
3928, 214, 263
3929, 51, 671
3930, 30, 571
3931, 82, 360
3932, 560, 604
3933, 309, 915
3934, 765, 808
3935, 136, 414
3936, 616, 904
3937, 8, 801
3938, 574, 741
3939, 408, 932
3940, 311, 659
3941, 397, 417
3942, 547, 908
3943, 135, 245
3944, 44, 302
3945, 29, 905
3946, 201, 917
3947, 41, 899
3948, 388, 752
3949, 607, 754
3950, 453, 461
3951, 497, 591
3952, 52, 635
3953, 369, 985
3954, 270, 564
3955, 187, 710
3956, 341, 926
3957, 273, 762
3958, 400, 433
3959, 66, 545
3960, 165, 742
3961, 716, 727
3962, 65, 533
3963, 759, 819
3964, 134, 649
3965, 202, 914
3966, 28, 584
3967, 198, 366
3968, 797, 886
3969, 398, 448
3970, 655, 929
3971, 424, 667
3972, 108, 438
3973, 624, 802
3974, 181, 426
3975, 515, 909
3976, 264, 622
3977, 188, 315
3978, 78, 895
3979, 592, 643
3980, 249, 872
3981, 160, 957
3982, 171, 344
3983, 528, 947
3984, 903, 953
3985, 321, 385
3986, 820, 821
3987, 529, 787
3988, 101, 934
3989, 297, 556
3990, 77, 127
3991, 503, 585
3992, 211, 338
3993, 353, 473
3994, 725, 836
3995, 614, 733
3996, 228, 377
3997, 60, 446
3998, 90, 806
3999, 822, 996
4000, 250, 363
