id, img1, img2
1, 573, 633
2, 333, 974
3, 30, 377
4, 61, 307
5, 82, 942
6, 234, 569
7, 233, 849
8, 258, 361
9, 90, 774
10, 74, 257
11, 13, 459
12, 989, 1000
13, 462, 792
14, 293, 585
15, 299, 378
16, 261, 629
17, 119, 802
18, 353, 788
19, 169, 329
20, 448, 624
21, 389, 597
22, 123, 814
23, 127, 382
24, 557, 786
25, 213, 404
26, 221, 338
27, 232, 453
28, 128, 803
29, 394, 784
30, 834, 964
31, 712, 930
32, 176, 853
33, 65, 484
34, 504, 542
35, 244, 747
36, 251, 905
37, 16, 431
38, 84, 266
39, 296, 401
40, 580, 805
41, 140, 228
42, 168, 403
43, 69, 241
44, 775, 795
45, 200, 662
46, 262, 600
47, 99, 265
48, 23, 184
49, 280, 603
50, 154, 217
51, 658, 776
52, 474, 746
53, 260, 687
54, 677, 882
55, 8, 227
56, 139, 679
57, 413, 425
58, 615, 643
59, 64, 822
60, 48, 896
61, 27, 926
62, 238, 921
63, 620, 956
64, 331, 348
65, 153, 512
66, 442, 719
67, 306, 439
68, 407, 586
69, 583, 653
70, 195, 274
71, 950, 994
72, 220, 592
73, 392, 676
74, 174, 318
75, 51, 998
76, 34, 742
77, 73, 877
78, 540, 632
79, 17, 925
80, 766, 821
81, 109, 381
82, 72, 628
83, 188, 273
84, 165, 673
85, 135, 724
86, 277, 976
87, 740, 790
88, 4, 369
89, 598, 685
90, 606, 715
91, 593, 599
92, 46, 900
93, 596, 688
94, 137, 471
95, 289, 519
96, 175, 913
97, 173, 339
98, 26, 721
99, 122, 291
100, 5, 223
101, 150, 634
102, 192, 577
103, 328, 457
104, 837, 990
105, 131, 729
106, 415, 831
107, 197, 824
108, 204, 678
109, 210, 796
110, 327, 422
111, 477, 630
112, 253, 818
113, 161, 811
114, 264, 521
115, 351, 787
116, 524, 881
117, 345, 963
118, 24, 465
119, 248, 470
120, 172, 801
121, 66, 730
122, 106, 865
123, 208, 768
124, 58, 402
125, 224, 722
126, 43, 124
127, 163, 528
128, 67, 225
129, 249, 912
130, 209, 556
131, 858, 907
132, 92, 919
133, 50, 263
134, 616, 813
135, 199, 548
136, 527, 850
137, 44, 563
138, 692, 736
139, 544, 661
140, 98, 910
141, 158, 892
142, 427, 530
143, 584, 638
144, 78, 247
145, 278, 855
146, 85, 301
147, 33, 660
148, 864, 970
149, 605, 771
150, 143, 409
151, 9, 779
152, 446, 454
153, 514, 936
154, 460, 654
155, 430, 682
156, 640, 841
157, 100, 311
158, 723, 920
159, 393, 756
160, 77, 958
161, 297, 644
162, 608, 704
163, 14, 141
164, 12, 498
165, 83, 191
166, 313, 823
167, 668, 732
168, 733, 815
169, 212, 870
170, 636, 696
171, 80, 94
172, 56, 111
173, 15, 703
174, 31, 751
175, 196, 428
176, 621, 868
177, 458, 838
178, 820, 886
179, 506, 899
180, 380, 810
181, 267, 362
182, 847, 975
183, 371, 494
184, 391, 486
185, 96, 939
186, 697, 782
187, 63, 533
188, 156, 757
189, 125, 979
190, 330, 683
191, 310, 999
192, 772, 833
193, 29, 491
194, 888, 981
195, 117, 827
196, 363, 745
197, 694, 960
198, 166, 891
199, 32, 182
200, 308, 800
201, 107, 359
202, 364, 645
203, 295, 509
204, 529, 842
205, 398, 502
206, 496, 874
207, 447, 959
208, 342, 368
209, 487, 523
210, 97, 760
211, 416, 507
212, 387, 901
213, 706, 708
214, 488, 764
215, 501, 565
216, 581, 617
217, 572, 819
218, 6, 463
219, 22, 663
220, 246, 464
221, 590, 717
222, 256, 947
223, 574, 631
224, 476, 773
225, 737, 872
226, 576, 702
227, 555, 996
228, 159, 433
229, 469, 625
230, 588, 914
231, 170, 667
232, 326, 472
233, 549, 993
234, 79, 126
235, 155, 887
236, 239, 777
237, 492, 898
238, 426, 798
239, 71, 276
240, 497, 878
241, 179, 357
242, 799, 844
243, 716, 727
244, 436, 832
245, 383, 957
246, 552, 657
247, 54, 587
248, 781, 922
249, 19, 851
250, 218, 911
251, 152, 343
252, 116, 237
253, 129, 931
254, 455, 522
255, 335, 641
256, 190, 534
257, 28, 321
258, 103, 793
259, 35, 839
260, 283, 444
261, 157, 235
262, 862, 897
263, 303, 582
264, 47, 505
265, 558, 594
266, 385, 744
267, 610, 966
268, 167, 743
269, 270, 490
270, 691, 953
271, 112, 566
272, 115, 992
273, 18, 690
274, 675, 916
275, 652, 955
276, 554, 951
277, 423, 680
278, 298, 904
279, 75, 726
280, 646, 809
281, 201, 655
282, 701, 852
283, 602, 988
284, 95, 113
285, 395, 408
286, 520, 908
287, 101, 186
288, 162, 526
289, 664, 753
290, 242, 971
291, 767, 980
292, 860, 987
293, 332, 503
294, 294, 836
295, 411, 734
296, 397, 450
297, 778, 917
298, 245, 356
299, 323, 571
300, 144, 560
301, 317, 564
302, 284, 672
303, 290, 735
304, 396, 812
305, 337, 748
306, 120, 434
307, 105, 714
308, 104, 146
309, 304, 863
310, 279, 794
311, 102, 973
312, 194, 752
313, 435, 927
314, 894, 903
315, 59, 532
316, 405, 969
317, 49, 669
318, 648, 806
319, 86, 765
320, 906, 928
321, 180, 880
322, 288, 929
323, 513, 700
324, 193, 945
325, 269, 995
326, 271, 895
327, 314, 859
328, 829, 984
329, 567, 944
330, 7, 441
331, 149, 178
332, 510, 681
333, 142, 785
334, 287, 591
335, 693, 915
336, 568, 845
337, 536, 546
338, 578, 952
339, 134, 559
340, 341, 475
341, 367, 579
342, 344, 412
343, 360, 604
344, 499, 949
345, 366, 666
346, 320, 647
347, 11, 379
348, 429, 871
349, 479, 711
350, 181, 340
351, 148, 375
352, 671, 924
353, 219, 452
354, 38, 418
355, 230, 551
356, 613, 883
357, 160, 846
358, 133, 978
359, 918, 954
360, 206, 982
361, 334, 769
362, 322, 739
363, 183, 923
364, 205, 698
365, 114, 443
366, 145, 198
367, 40, 635
368, 388, 889
369, 370, 797
370, 511, 948
371, 229, 856
372, 570, 902
373, 614, 935
374, 37, 282
375, 400, 731
376, 110, 626
377, 611, 876
378, 25, 352
379, 612, 750
380, 118, 531
381, 346, 480
382, 286, 420
383, 622, 968
384, 374, 893
385, 336, 365
386, 438, 738
387, 417, 419
388, 539, 741
389, 421, 650
390, 493, 755
391, 41, 537
392, 934, 961
393, 91, 243
394, 275, 618
395, 292, 589
396, 214, 884
397, 236, 355
398, 875, 946
399, 659, 869
400, 619, 686
401, 651, 967
402, 386, 689
403, 108, 783
404, 840, 848
405, 325, 489
406, 384, 482
407, 81, 873
408, 347, 804
409, 87, 983
410, 68, 136
411, 720, 909
412, 965, 997
413, 171, 627
414, 39, 843
415, 601, 749
416, 45, 867
417, 390, 699
418, 76, 709
419, 350, 406
420, 226, 940
421, 670, 879
422, 189, 866
423, 254, 456
424, 281, 358
425, 259, 468
426, 211, 215
427, 231, 825
428, 449, 754
429, 1, 826
430, 609, 710
431, 440, 595
432, 164, 656
433, 132, 207
434, 216, 986
435, 121, 725
436, 424, 816
437, 508, 684
438, 20, 60
439, 553, 854
440, 177, 349
441, 780, 890
442, 538, 985
443, 240, 550
444, 268, 575
445, 250, 943
446, 52, 885
447, 319, 861
448, 70, 309
449, 89, 300
450, 57, 222
451, 55, 93
452, 562, 637
453, 315, 761
454, 414, 937
455, 53, 187
456, 302, 972
457, 138, 485
458, 718, 977
459, 10, 817
460, 21, 376
461, 399, 807
462, 466, 857
463, 42, 467
464, 88, 451
465, 545, 835
466, 372, 623
467, 151, 500
468, 461, 473
469, 665, 830
470, 495, 607
471, 36, 285
472, 547, 649
473, 705, 713
474, 445, 483
475, 642, 991
476, 252, 316
477, 481, 517
478, 2, 516
479, 541, 759
480, 305, 515
481, 147, 762
482, 202, 758
483, 518, 728
484, 373, 932
485, 324, 828
486, 789, 941
487, 543, 770
488, 185, 437
489, 354, 808
490, 255, 561
491, 272, 639
492, 3, 62
493, 312, 525
494, 674, 791
495, 130, 763
496, 478, 962
497, 410, 432
498, 707, 938
499, 535, 933
500, 203, 695
501, 294, 626
502, 416, 885
503, 140, 920
504, 103, 488
505, 240, 534
506, 592, 851
507, 682, 775
508, 404, 409
509, 43, 473
510, 197, 784
511, 765, 946
512, 142, 184
513, 208, 437
514, 805, 817
515, 147, 163
516, 533, 677
517, 684, 738
518, 481, 909
519, 39, 217
520, 227, 425
521, 683, 777
522, 54, 219
523, 469, 527
524, 358, 590
525, 247, 668
526, 372, 716
527, 334, 555
528, 445, 449
529, 255, 596
530, 674, 768
531, 750, 886
532, 361, 532
533, 327, 831
534, 168, 367
535, 593, 767
536, 495, 717
537, 447, 630
538, 111, 214
539, 283, 842
540, 344, 696
541, 436, 991
542, 699, 923
543, 281, 551
544, 363, 607
545, 570, 672
546, 337, 478
547, 48, 548
548, 182, 933
549, 431, 518
550, 83, 162
551, 709, 724
552, 587, 600
553, 273, 290
554, 580, 594
555, 274, 833
556, 502, 649
557, 265, 770
558, 59, 926
559, 226, 705
560, 67, 244
561, 377, 427
562, 407, 915
563, 33, 262
564, 385, 928
565, 16, 324
566, 388, 740
567, 61, 287
568, 85, 508
569, 224, 491
570, 802, 959
571, 183, 892
572, 260, 505
573, 86, 823
574, 200, 889
575, 185, 563
576, 369, 867
577, 606, 936
578, 323, 613
579, 101, 860
580, 810, 870
581, 819, 947
582, 352, 729
583, 277, 304
584, 261, 636
585, 11, 96
586, 178, 417
587, 419, 919
588, 317, 863
589, 293, 351
590, 783, 965
591, 326, 423
592, 117, 651
593, 623, 938
594, 475, 550
595, 243, 342
596, 686, 952
597, 537, 816
598, 10, 584
599, 15, 572
600, 391, 745
601, 92, 980
602, 809, 995
603, 398, 652
604, 730, 844
605, 160, 335
606, 195, 420
607, 44, 264
608, 213, 370
609, 314, 896
610, 135, 778
611, 51, 759
612, 589, 927
613, 510, 691
614, 126, 694
615, 382, 383
616, 312, 559
617, 573, 888
618, 173, 878
619, 392, 962
620, 442, 484
621, 268, 789
622, 106, 799
623, 489, 575
624, 192, 333
625, 71, 957
626, 477, 544
627, 112, 865
628, 194, 641
629, 524, 971
630, 300, 393
631, 62, 906
632, 320, 939
633, 450, 654
634, 439, 458
635, 284, 899
636, 935, 973
637, 470, 538
638, 614, 680
639, 206, 311
640, 64, 913
641, 89, 292
642, 130, 681
643, 568, 872
644, 297, 631
645, 249, 301
646, 648, 743
647, 122, 302
648, 577, 673
649, 507, 864
650, 296, 586
651, 298, 925
652, 144, 522
653, 280, 288
654, 21, 766
655, 254, 295
656, 107, 128
657, 17, 989
658, 202, 523
659, 828, 954
660, 136, 156
661, 345, 620
662, 258, 754
663, 343, 776
664, 525, 948
665, 253, 871
666, 305, 838
667, 605, 769
668, 95, 719
669, 114, 788
670, 381, 441
671, 175, 692
672, 883, 979
673, 556, 836
674, 490, 779
675, 269, 471
676, 246, 566
677, 658, 984
678, 401, 702
679, 205, 655
680, 1, 780
681, 145, 942
682, 76, 517
683, 27, 179
684, 75, 608
685, 646, 850
686, 87, 504
687, 348, 829
688, 624, 824
689, 749, 876
690, 129, 812
691, 131, 187
692, 189, 387
693, 733, 758
694, 357, 446
695, 4, 820
696, 656, 910
697, 72, 172
698, 610, 718
699, 461, 583
700, 703, 880
701, 313, 528
702, 125, 463
703, 108, 803
704, 279, 840
705, 105, 150
706, 350, 402
707, 282, 529
708, 494, 797
709, 237, 336
710, 222, 412
711, 46, 349
712, 238, 857
713, 79, 792
714, 149, 841
715, 400, 632
716, 132, 685
717, 330, 603
718, 164, 513
719, 415, 856
720, 84, 727
721, 460, 486
722, 22, 804
723, 143, 408
724, 276, 464
725, 291, 561
726, 42, 945
727, 88, 956
728, 115, 456
729, 414, 482
730, 657, 678
731, 148, 722
732, 196, 968
733, 36, 978
734, 619, 790
735, 595, 879
736, 154, 355
737, 966, 985
738, 231, 308
739, 121, 748
740, 193, 512
741, 7, 861
742, 617, 644
743, 558, 571
744, 250, 998
745, 153, 665
746, 315, 362
747, 267, 553
748, 376, 854
749, 781, 839
750, 63, 266
751, 98, 166
752, 113, 171
753, 609, 811
754, 109, 996
755, 245, 468
756, 328, 602
757, 191, 633
758, 394, 791
759, 158, 992
760, 737, 893
761, 26, 174
762, 38, 695
763, 715, 932
764, 371, 679
765, 225, 898
766, 433, 530
767, 209, 430
768, 353, 916
769, 735, 987
770, 207, 953
771, 329, 763
772, 585, 701
773, 233, 918
774, 406, 660
775, 380, 640
776, 232, 448
777, 457, 881
778, 597, 853
779, 663, 720
780, 34, 123
781, 204, 875
782, 181, 629
783, 127, 465
784, 726, 761
785, 599, 622
786, 480, 714
787, 359, 894
788, 94, 661
789, 325, 734
790, 241, 669
791, 581, 911
792, 93, 628
793, 152, 562
794, 687, 827
795, 542, 826
796, 124, 814
797, 808, 903
798, 821, 983
799, 645, 807
800, 252, 834
801, 235, 432
802, 188, 747
803, 2, 476
804, 413, 670
805, 270, 354
806, 621, 688
807, 710, 901
808, 133, 887
809, 35, 248
810, 24, 908
811, 37, 339
812, 937, 990
813, 375, 934
814, 60, 859
815, 511, 832
816, 151, 443
817, 543, 884
818, 426, 944
819, 303, 732
820, 316, 418
821, 650, 858
822, 13, 975
823, 964, 967
824, 81, 429
825, 616, 882
826, 579, 943
827, 891, 999
828, 110, 390
829, 32, 221
830, 3, 157
831, 366, 873
832, 627, 981
833, 399, 848
834, 755, 929
835, 82, 837
836, 319, 331
837, 567, 690
838, 539, 639
839, 516, 785
840, 40, 186
841, 521, 830
842, 28, 176
843, 356, 993
844, 167, 435
845, 6, 659
846, 728, 786
847, 25, 116
848, 99, 564
849, 410, 459
850, 30, 378
851, 65, 256
852, 212, 397
853, 741, 905
854, 604, 612
855, 41, 318
856, 251, 493
857, 23, 712
858, 234, 666
859, 8, 169
860, 557, 951
861, 223, 506
862, 155, 708
863, 49, 271
864, 520, 536
865, 73, 198
866, 866, 921
867, 707, 764
868, 849, 877
869, 70, 958
870, 422, 689
871, 216, 395
872, 771, 902
873, 52, 845
874, 744, 825
875, 389, 731
876, 782, 969
877, 120, 509
878, 229, 697
879, 615, 960
880, 220, 986
881, 552, 635
882, 642, 822
883, 275, 818
884, 307, 549
885, 451, 1000
886, 215, 940
887, 259, 440
888, 721, 982
889, 159, 228
890, 91, 500
891, 428, 462
892, 199, 907
893, 66, 119
894, 739, 756
895, 201, 647
896, 611, 941
897, 257, 565
898, 45, 723
899, 203, 438
900, 180, 340
901, 637, 931
902, 492, 526
903, 170, 452
904, 322, 455
905, 69, 862
906, 20, 519
907, 134, 977
908, 19, 239
909, 364, 796
910, 97, 396
911, 347, 547
912, 272, 467
913, 78, 713
914, 704, 961
915, 14, 379
916, 643, 793
917, 515, 531
918, 218, 625
919, 190, 454
920, 374, 664
921, 118, 139
922, 421, 855
923, 386, 972
924, 68, 976
925, 74, 582
926, 444, 914
927, 365, 569
928, 541, 746
929, 373, 576
930, 360, 671
931, 5, 483
932, 31, 90
933, 403, 497
934, 263, 667
935, 912, 922
936, 211, 424
937, 787, 890
938, 751, 815
939, 286, 479
940, 917, 970
941, 104, 242
942, 56, 801
943, 405, 693
944, 472, 711
945, 53, 545
946, 236, 955
947, 501, 752
948, 29, 346
949, 309, 963
950, 137, 753
951, 278, 698
952, 554, 895
953, 487, 675
954, 618, 868
955, 18, 230
956, 588, 846
957, 102, 900
958, 50, 742
959, 332, 847
960, 760, 924
961, 299, 736
962, 12, 798
963, 47, 772
964, 146, 535
965, 774, 795
966, 578, 806
967, 165, 499
968, 453, 974
969, 177, 384
970, 306, 949
971, 653, 700
972, 634, 800
973, 676, 843
974, 601, 662
975, 80, 341
976, 930, 994
977, 285, 869
978, 988, 997
979, 496, 546
980, 100, 773
981, 466, 852
982, 210, 474
983, 55, 289
984, 57, 503
985, 77, 874
986, 161, 321
987, 574, 598
988, 498, 757
989, 560, 725
990, 338, 434
991, 706, 813
992, 638, 904
993, 591, 835
994, 138, 794
995, 9, 411
996, 141, 897
997, 368, 485
998, 310, 514
999, 762, 950
1000, 58, 540
1001, 117, 712
1002, 619, 743
1003, 59, 944
1004, 244, 922
1005, 75, 739
1006, 129, 231
1007, 603, 742
1008, 38, 214
1009, 100, 680
1010, 275, 971
1011, 465, 500
1012, 94, 885
1013, 456, 468
1014, 26, 28
1015, 589, 672
1016, 48, 164
1017, 657, 964
1018, 224, 604
1019, 310, 424
1020, 187, 662
1021, 157, 294
1022, 327, 973
1023, 747, 996
1024, 644, 847
1025, 576, 940
1026, 539, 820
1027, 278, 992
1028, 838, 939
1029, 138, 599
1030, 2, 893
1031, 204, 681
1032, 115, 152
1033, 406, 710
1034, 405, 450
1035, 230, 665
1036, 254, 636
1037, 565, 658
1038, 322, 903
1039, 316, 582
1040, 295, 925
1041, 811, 840
1042, 757, 889
1043, 128, 526
1044, 69, 794
1045, 537, 785
1046, 135, 429
1047, 300, 916
1048, 290, 534
1049, 554, 949
1050, 124, 471
1051, 305, 440
1052, 169, 486
1053, 226, 745
1054, 915, 969
1055, 81, 209
1056, 155, 997
1057, 767, 778
1058, 96, 461
1059, 40, 711
1060, 144, 830
1061, 151, 702
1062, 7, 225
1063, 569, 602
1064, 303, 317
1065, 258, 435
1066, 194, 499
1067, 792, 948
1068, 85, 525
1069, 319, 338
1070, 19, 947
1071, 264, 714
1072, 165, 289
1073, 261, 803
1074, 568, 634
1075, 827, 873
1076, 166, 845
1077, 306, 477
1078, 870, 912
1079, 84, 647
1080, 186, 351
1081, 130, 274
1082, 765, 979
1083, 766, 946
1084, 368, 805
1085, 153, 577
1086, 433, 732
1087, 14, 901
1088, 168, 232
1089, 404, 487
1090, 118, 178
1091, 396, 962
1092, 139, 320
1093, 401, 797
1094, 255, 451
1095, 594, 937
1096, 422, 782
1097, 366, 934
1098, 698, 872
1099, 706, 910
1100, 179, 470
1101, 362, 799
1102, 238, 442
1103, 31, 126
1104, 361, 864
1105, 501, 909
1106, 578, 775
1107, 241, 843
1108, 356, 383
1109, 336, 862
1110, 91, 321
1111, 106, 779
1112, 15, 260
1113, 528, 763
1114, 513, 835
1115, 173, 438
1116, 148, 183
1117, 836, 993
1118, 735, 776
1119, 210, 957
1120, 906, 941
1121, 163, 900
1122, 79, 896
1123, 626, 709
1124, 379, 395
1125, 191, 869
1126, 334, 671
1127, 182, 234
1128, 177, 1000
1129, 521, 643
1130, 375, 730
1131, 428, 987
1132, 160, 482
1133, 687, 930
1134, 352, 512
1135, 606, 694
1136, 400, 491
1137, 267, 632
1138, 10, 143
1139, 360, 716
1140, 233, 312
1141, 114, 927
1142, 228, 860
1143, 51, 790
1144, 243, 280
1145, 329, 917
1146, 54, 266
1147, 193, 913
1148, 123, 203
1149, 982, 991
1150, 307, 502
1151, 236, 510
1152, 596, 953
1153, 337, 376
1154, 311, 908
1155, 270, 374
1156, 219, 247
1157, 46, 878
1158, 66, 423
1159, 21, 793
1160, 207, 286
1161, 490, 693
1162, 252, 473
1163, 563, 888
1164, 8, 663
1165, 579, 715
1166, 188, 855
1167, 111, 530
1168, 638, 867
1169, 145, 402
1170, 460, 653
1171, 253, 683
1172, 235, 823
1173, 288, 970
1174, 113, 865
1175, 548, 753
1176, 89, 724
1177, 904, 968
1178, 359, 676
1179, 304, 850
1180, 279, 670
1181, 369, 722
1182, 497, 727
1183, 221, 642
1184, 574, 882
1185, 349, 474
1186, 97, 175
1187, 239, 411
1188, 218, 381
1189, 624, 877
1190, 47, 796
1191, 125, 141
1192, 431, 895
1193, 55, 197
1194, 515, 777
1195, 263, 527
1196, 615, 829
1197, 6, 651
1198, 78, 488
1199, 449, 614
1200, 357, 495
1201, 229, 393
1202, 77, 547
1203, 223, 945
1204, 773, 955
1205, 30, 738
1206, 73, 516
1207, 413, 826
1208, 692, 695
1209, 571, 660
1210, 1, 518
1211, 407, 989
1212, 723, 784
1213, 397, 923
1214, 88, 480
1215, 53, 325
1216, 372, 897
1217, 271, 453
1218, 27, 74
1219, 4, 839
1220, 628, 682
1221, 520, 819
1222, 364, 583
1223, 72, 519
1224, 86, 107
1225, 98, 921
1226, 162, 984
1227, 158, 851
1228, 315, 503
1229, 448, 852
1230, 629, 764
1231, 344, 688
1232, 856, 866
1233, 104, 318
1234, 454, 575
1235, 508, 929
1236, 542, 668
1237, 592, 595
1238, 293, 553
1239, 198, 748
1240, 608, 863
1241, 446, 728
1242, 50, 841
1243, 269, 880
1244, 529, 731
1245, 421, 891
1246, 804, 956
1247, 560, 637
1248, 831, 966
1249, 291, 623
1250, 389, 919
1251, 536, 837
1252, 436, 911
1253, 611, 931
1254, 555, 759
1255, 463, 546
1256, 522, 902
1257, 171, 201
1258, 703, 905
1259, 174, 618
1260, 353, 652
1261, 200, 277
1262, 245, 986
1263, 170, 920
1264, 556, 977
1265, 56, 467
1266, 331, 942
1267, 807, 825
1268, 367, 557
1269, 580, 620
1270, 780, 828
1271, 551, 806
1272, 273, 729
1273, 466, 734
1274, 248, 783
1275, 45, 184
1276, 313, 914
1277, 23, 786
1278, 17, 68
1279, 741, 995
1280, 572, 791
1281, 131, 262
1282, 37, 674
1283, 567, 605
1284, 119, 950
1285, 481, 816
1286, 211, 505
1287, 35, 633
1288, 410, 886
1289, 172, 690
1290, 335, 341
1291, 116, 881
1292, 195, 414
1293, 167, 354
1294, 272, 498
1295, 206, 535
1296, 483, 772
1297, 57, 532
1298, 705, 720
1299, 110, 484
1300, 33, 959
1301, 769, 876
1302, 146, 333
1303, 883, 954
1304, 251, 378
1305, 196, 721
1306, 58, 641
1307, 597, 932
1308, 813, 817
1309, 718, 871
1310, 299, 506
1311, 25, 208
1312, 427, 494
1313, 134, 760
1314, 444, 708
1315, 213, 924
1316, 564, 755
1317, 382, 833
1318, 127, 639
1319, 679, 761
1320, 42, 573
1321, 12, 558
1322, 302, 824
1323, 326, 858
1324, 323, 725
1325, 82, 464
1326, 562, 631
1327, 34, 593
1328, 861, 975
1329, 661, 808
1330, 363, 848
1331, 370, 584
1332, 137, 844
1333, 385, 756
1334, 62, 121
1335, 215, 559
1336, 430, 890
1337, 308, 822
1338, 309, 655
1339, 132, 489
1340, 159, 590
1341, 646, 654
1342, 13, 612
1343, 99, 622
1344, 328, 415
1345, 83, 205
1346, 887, 894
1347, 386, 667
1348, 41, 242
1349, 600, 978
1350, 418, 664
1351, 479, 980
1352, 408, 458
1353, 180, 656
1354, 11, 108
1355, 112, 719
1356, 814, 853
1357, 475, 616
1358, 392, 585
1359, 459, 591
1360, 343, 365
1361, 523, 699
1362, 49, 544
1363, 237, 958
1364, 5, 380
1365, 517, 659
1366, 109, 202
1367, 412, 677
1368, 420, 907
1369, 95, 284
1370, 445, 649
1371, 140, 691
1372, 246, 752
1373, 298, 972
1374, 621, 899
1375, 472, 673
1376, 92, 789
1377, 457, 543
1378, 802, 990
1379, 324, 809
1380, 120, 176
1381, 61, 192
1382, 686, 874
1383, 330, 545
1384, 801, 846
1385, 133, 749
1386, 220, 533
1387, 394, 437
1388, 63, 249
1389, 282, 538
1390, 432, 700
1391, 425, 697
1392, 24, 994
1393, 52, 64
1394, 409, 678
1395, 285, 666
1396, 44, 800
1397, 586, 960
1398, 587, 736
1399, 149, 812
1400, 256, 403
1401, 212, 625
1402, 340, 417
1403, 648, 985
1404, 371, 707
1405, 384, 832
1406, 613, 857
1407, 101, 650
1408, 768, 815
1409, 918, 981
1410, 849, 965
1411, 36, 588
1412, 80, 875
1413, 142, 810
1414, 770, 967
1415, 399, 640
1416, 268, 292
1417, 199, 377
1418, 373, 462
1419, 102, 630
1420, 355, 504
1421, 240, 798
1422, 296, 758
1423, 607, 951
1424, 416, 566
1425, 60, 398
1426, 570, 701
1427, 350, 926
1428, 388, 627
1429, 103, 746
1430, 297, 439
1431, 16, 455
1432, 189, 541
1433, 222, 788
1434, 136, 514
1435, 67, 689
1436, 32, 854
1437, 276, 390
1438, 90, 265
1439, 150, 774
1440, 696, 751
1441, 39, 339
1442, 105, 492
1443, 346, 426
1444, 447, 452
1445, 713, 938
1446, 342, 345
1447, 181, 511
1448, 216, 287
1449, 71, 154
1450, 3, 29
1451, 496, 821
1452, 358, 740
1453, 227, 943
1454, 217, 387
1455, 598, 601
1456, 469, 762
1457, 301, 976
1458, 441, 795
1459, 185, 617
1460, 493, 754
1461, 156, 250
1462, 750, 842
1463, 76, 737
1464, 93, 781
1465, 726, 879
1466, 161, 717
1467, 348, 933
1468, 609, 704
1469, 18, 70
1470, 635, 999
1471, 684, 892
1472, 43, 550
1473, 744, 988
1474, 257, 983
1475, 190, 259
1476, 332, 771
1477, 434, 963
1478, 122, 391
1479, 9, 507
1480, 419, 787
1481, 22, 314
1482, 685, 936
1483, 347, 733
1484, 549, 675
1485, 859, 884
1486, 531, 669
1487, 20, 524
1488, 443, 928
1489, 478, 961
1490, 281, 834
1491, 509, 998
1492, 540, 581
1493, 645, 898
1494, 147, 561
1495, 868, 935
1496, 283, 818
1497, 65, 610
1498, 87, 952
1499, 485, 974
1500, 476, 552
1501, 446, 926
1502, 518, 956
1503, 691, 991
1504, 451, 727
1505, 420, 980
1506, 214, 933
1507, 415, 876
1508, 54, 758
1509, 12, 285
1510, 43, 575
1511, 366, 832
1512, 463, 581
1513, 132, 615
1514, 209, 534
1515, 284, 538
1516, 894, 994
1517, 86, 487
1518, 376, 648
1519, 131, 142
1520, 78, 794
1521, 499, 637
1522, 441, 921
1523, 560, 891
1524, 393, 952
1525, 377, 440
1526, 435, 708
1527, 124, 798
1528, 317, 520
1529, 545, 690
1530, 233, 712
1531, 228, 335
1532, 162, 863
1533, 674, 884
1534, 36, 206
1535, 277, 729
1536, 353, 397
1537, 325, 779
1538, 616, 955
1539, 148, 810
1540, 662, 787
1541, 412, 607
1542, 877, 916
1543, 481, 663
1544, 106, 851
1545, 429, 906
1546, 27, 796
1547, 82, 380
1548, 155, 344
1549, 969, 982
1550, 676, 754
1551, 225, 287
1552, 123, 303
1553, 28, 530
1554, 222, 442
1555, 15, 347
1556, 173, 250
1557, 557, 983
1558, 319, 340
1559, 776, 820
1560, 172, 609
1561, 418, 666
1562, 443, 998
1563, 576, 872
1564, 279, 580
1565, 205, 995
1566, 91, 774
1567, 383, 746
1568, 477, 608
1569, 491, 735
1570, 596, 970
1571, 398, 718
1572, 772, 853
1573, 579, 859
1574, 37, 316
1575, 69, 734
1576, 127, 907
1577, 713, 866
1578, 199, 896
1579, 87, 348
1580, 834, 901
1581, 710, 836
1582, 93, 514
1583, 385, 646
1584, 301, 818
1585, 167, 423
1586, 651, 892
1587, 157, 243
1588, 295, 649
1589, 76, 762
1590, 184, 635
1591, 667, 967
1592, 689, 893
1593, 528, 760
1594, 291, 544
1595, 177, 825
1596, 29, 382
1597, 600, 757
1598, 175, 960
1599, 288, 857
1600, 51, 482
1601, 320, 895
1602, 508, 693
1603, 753, 977
1604, 178, 592
1605, 89, 265
1606, 264, 375
1607, 356, 602
1608, 64, 636
1609, 517, 915
1610, 585, 932
1611, 260, 791
1612, 516, 882
1613, 318, 744
1614, 562, 704
1615, 465, 749
1616, 561, 903
1617, 219, 459
1618, 181, 400
1619, 657, 850
1620, 180, 732
1621, 321, 407
1622, 474, 688
1623, 38, 574
1624, 166, 510
1625, 310, 525
1626, 322, 566
1627, 750, 918
1628, 763, 990
1629, 266, 402
1630, 339, 438
1631, 644, 944
1632, 430, 565
1633, 149, 803
1634, 176, 302
1635, 664, 683
1636, 134, 370
1637, 32, 855
1638, 394, 805
1639, 174, 737
1640, 828, 959
1641, 30, 297
1642, 417, 626
1643, 35, 543
1644, 83, 898
1645, 807, 841
1646, 238, 539
1647, 65, 165
1648, 208, 942
1649, 263, 299
1650, 546, 900
1651, 433, 654
1652, 34, 390
1653, 496, 640
1654, 738, 871
1655, 88, 524
1656, 186, 781
1657, 593, 849
1658, 453, 811
1659, 103, 460
1660, 40, 490
1661, 598, 752
1662, 268, 388
1663, 878, 905
1664, 1, 53
1665, 764, 908
1666, 73, 974
1667, 523, 633
1668, 445, 936
1669, 599, 656
1670, 391, 573
1671, 158, 590
1672, 146, 631
1673, 502, 604
1674, 269, 773
1675, 395, 559
1676, 403, 672
1677, 589, 720
1678, 21, 98
1679, 456, 809
1680, 365, 860
1681, 695, 799
1682, 20, 331
1683, 66, 862
1684, 17, 806
1685, 39, 405
1686, 10, 701
1687, 42, 699
1688, 540, 624
1689, 262, 350
1690, 183, 448
1691, 257, 971
1692, 711, 822
1693, 33, 678
1694, 217, 274
1695, 203, 227
1696, 813, 948
1697, 507, 786
1698, 449, 583
1699, 381, 717
1700, 468, 888
1701, 116, 372
1702, 357, 628
1703, 140, 780
1704, 7, 342
1705, 161, 489
1706, 830, 864
1707, 345, 597
1708, 480, 715
1709, 3, 745
1710, 570, 986
1711, 246, 1000
1712, 367, 869
1713, 361, 549
1714, 237, 978
1715, 138, 531
1716, 309, 829
1717, 190, 492
1718, 621, 831
1719, 195, 254
1720, 129, 733
1721, 2, 72
1722, 58, 396
1723, 182, 306
1724, 50, 137
1725, 18, 108
1726, 145, 425
1727, 332, 973
1728, 164, 792
1729, 563, 588
1730, 113, 759
1731, 766, 847
1732, 226, 679
1733, 479, 802
1734, 452, 854
1735, 965, 976
1736, 307, 924
1737, 280, 902
1738, 239, 920
1739, 889, 897
1740, 92, 314
1741, 105, 541
1742, 270, 761
1743, 153, 606
1744, 880, 922
1745, 326, 627
1746, 200, 731
1747, 74, 198
1748, 324, 555
1749, 838, 938
1750, 44, 941
1751, 97, 917
1752, 586, 714
1753, 119, 447
1754, 426, 848
1755, 275, 571
1756, 207, 963
1757, 464, 837
1758, 278, 501
1759, 495, 875
1760, 267, 424
1761, 293, 879
1762, 467, 665
1763, 329, 334
1764, 126, 156
1765, 141, 475
1766, 151, 814
1767, 19, 584
1768, 368, 677
1769, 57, 537
1770, 874, 993
1771, 515, 623
1772, 478, 844
1773, 413, 692
1774, 632, 706
1775, 248, 816
1776, 234, 647
1777, 187, 842
1778, 458, 639
1779, 305, 422
1780, 404, 989
1781, 359, 457
1782, 782, 940
1783, 271, 273
1784, 694, 743
1785, 684, 839
1786, 349, 431
1787, 47, 118
1788, 163, 671
1789, 81, 315
1790, 63, 868
1791, 23, 755
1792, 202, 218
1793, 473, 885
1794, 9, 56
1795, 343, 568
1796, 845, 943
1797, 462, 494
1798, 358, 620
1799, 421, 953
1800, 355, 984
1801, 125, 221
1802, 890, 951
1803, 22, 698
1804, 728, 865
1805, 276, 330
1806, 296, 336
1807, 304, 702
1808, 681, 904
1809, 114, 230
1810, 360, 784
1811, 154, 700
1812, 70, 819
1813, 625, 823
1814, 371, 553
1815, 328, 410
1816, 379, 996
1817, 703, 785
1818, 110, 650
1819, 503, 578
1820, 509, 680
1821, 373, 947
1822, 346, 668
1823, 311, 797
1824, 115, 211
1825, 255, 867
1826, 485, 923
1827, 613, 824
1828, 189, 554
1829, 437, 815
1830, 500, 739
1831, 313, 909
1832, 170, 419
1833, 289, 634
1834, 45, 122
1835, 529, 858
1836, 168, 352
1837, 120, 696
1838, 128, 139
1839, 725, 833
1840, 374, 730
1841, 454, 736
1842, 135, 312
1843, 506, 513
1844, 144, 846
1845, 333, 408
1846, 466, 790
1847, 290, 577
1848, 191, 870
1849, 363, 603
1850, 483, 685
1851, 249, 292
1852, 4, 775
1853, 247, 887
1854, 641, 945
1855, 60, 512
1856, 197, 469
1857, 192, 886
1858, 595, 610
1859, 26, 55
1860, 79, 542
1861, 686, 928
1862, 432, 722
1863, 327, 638
1864, 369, 958
1865, 100, 504
1866, 427, 645
1867, 619, 652
1868, 587, 931
1869, 455, 705
1870, 14, 812
1871, 323, 556
1872, 99, 294
1873, 551, 852
1874, 224, 535
1875, 298, 533
1876, 399, 981
1877, 259, 618
1878, 282, 471
1879, 272, 800
1880, 642, 968
1881, 194, 392
1882, 111, 450
1883, 569, 669
1884, 52, 236
1885, 133, 817
1886, 726, 946
1887, 196, 337
1888, 204, 658
1889, 564, 985
1890, 572, 661
1891, 71, 655
1892, 6, 821
1893, 724, 789
1894, 240, 883
1895, 46, 962
1896, 949, 987
1897, 85, 768
1898, 104, 213
1899, 629, 861
1900, 49, 215
1901, 68, 751
1902, 48, 231
1903, 386, 411
1904, 31, 341
1905, 84, 707
1906, 406, 747
1907, 659, 721
1908, 62, 521
1909, 253, 742
1910, 95, 783
1911, 552, 601
1912, 136, 434
1913, 428, 630
1914, 107, 988
1915, 740, 795
1916, 244, 913
1917, 519, 767
1918, 24, 67
1919, 201, 957
1920, 354, 414
1921, 41, 843
1922, 856, 910
1923, 793, 975
1924, 59, 550
1925, 241, 505
1926, 401, 769
1927, 229, 511
1928, 488, 673
1929, 748, 950
1930, 169, 536
1931, 258, 914
1932, 102, 999
1933, 716, 919
1934, 150, 439
1935, 245, 670
1936, 765, 930
1937, 112, 160
1938, 709, 927
1939, 281, 476
1940, 436, 622
1941, 147, 389
1942, 484, 614
1943, 235, 840
1944, 94, 171
1945, 251, 470
1946, 384, 954
1947, 804, 827
1948, 286, 935
1949, 558, 835
1950, 101, 159
1951, 256, 719
1952, 61, 961
1953, 362, 387
1954, 497, 741
1955, 16, 611
1956, 472, 899
1957, 723, 826
1958, 364, 697
1959, 252, 532
1960, 351, 997
1961, 461, 682
1962, 594, 979
1963, 77, 409
1964, 527, 653
1965, 567, 966
1966, 338, 660
1967, 185, 643
1968, 179, 771
1969, 582, 591
1970, 109, 881
1971, 770, 929
1972, 777, 788
1973, 612, 934
1974, 11, 675
1975, 548, 687
1976, 188, 992
1977, 13, 808
1978, 526, 964
1979, 498, 756
1980, 96, 210
1981, 80, 778
1982, 130, 486
1983, 5, 925
1984, 193, 801
1985, 617, 873
1986, 75, 300
1987, 232, 261
1988, 220, 444
1989, 522, 912
1990, 308, 937
1991, 911, 972
1992, 212, 223
1993, 117, 939
1994, 8, 121
1995, 283, 493
1996, 143, 416
1997, 25, 605
1998, 216, 242
1999, 378, 547
2000, 90, 152
2001, 711, 742
2002, 346, 660
2003, 238, 529
2004, 576, 868
2005, 211, 897
2006, 641, 849
2007, 146, 651
2008, 664, 693
2009, 13, 477
2010, 431, 816
2011, 384, 629
2012, 187, 615
2013, 212, 543
2014, 332, 756
2015, 504, 789
2016, 703, 822
2017, 451, 926
2018, 604, 984
2019, 506, 922
2020, 142, 328
2021, 152, 420
2022, 234, 720
2023, 138, 463
2024, 166, 817
2025, 185, 443
2026, 442, 534
2027, 361, 975
2028, 150, 947
2029, 588, 661
2030, 229, 501
2031, 355, 733
2032, 29, 78
2033, 65, 548
2034, 954, 987
2035, 325, 949
2036, 94, 850
2037, 37, 753
2038, 316, 968
2039, 479, 558
2040, 308, 982
2041, 386, 514
2042, 309, 578
2043, 519, 520
2044, 225, 417
2045, 522, 700
2046, 231, 623
2047, 339, 382
2048, 118, 267
2049, 153, 977
2050, 242, 725
2051, 551, 605
2052, 148, 988
2053, 205, 771
2054, 475, 907
2055, 76, 168
2056, 678, 843
2057, 319, 831
2058, 192, 925
2059, 317, 800
2060, 50, 195
2061, 259, 870
2062, 788, 924
2063, 174, 992
2064, 144, 335
2065, 243, 655
2066, 545, 695
2067, 636, 990
2068, 246, 638
2069, 124, 600
2070, 207, 283
2071, 366, 810
2072, 602, 637
2073, 531, 829
2074, 292, 912
2075, 594, 839
2076, 159, 303
2077, 684, 762
2078, 686, 847
2079, 32, 305
2080, 95, 488
2081, 149, 823
2082, 683, 970
2083, 167, 635
2084, 340, 708
2085, 41, 491
2086, 916, 963
2087, 251, 745
2088, 575, 784
2089, 262, 643
2090, 673, 813
2091, 526, 596
2092, 89, 484
2093, 945, 983
2094, 618, 666
2095, 752, 793
2096, 31, 66
2097, 652, 657
2098, 680, 875
2099, 272, 289
2100, 172, 528
2101, 445, 794
2102, 53, 189
2103, 25, 625
2104, 591, 694
2105, 487, 665
2106, 716, 913
2107, 206, 371
2108, 572, 573
2109, 515, 971
2110, 357, 889
2111, 391, 792
2112, 291, 457
2113, 639, 985
2114, 21, 856
2115, 121, 369
2116, 561, 701
2117, 586, 614
2118, 584, 803
2119, 273, 405
2120, 282, 334
2121, 370, 860
2122, 49, 264
2123, 553, 809
2124, 194, 785
2125, 590, 998
2126, 690, 956
2127, 570, 819
2128, 356, 507
2129, 16, 757
2130, 744, 895
2131, 193, 781
2132, 427, 717
2133, 64, 310
2134, 97, 859
2135, 250, 755
2136, 399, 887
2137, 209, 432
2138, 433, 675
2139, 465, 976
2140, 217, 538
2141, 68, 171
2142, 10, 599
2143, 92, 841
2144, 492, 928
2145, 114, 329
2146, 393, 608
2147, 724, 787
2148, 77, 828
2149, 574, 854
2150, 411, 900
2151, 163, 659
2152, 46, 236
2153, 109, 766
2154, 530, 761
2155, 62, 750
2156, 480, 880
2157, 173, 965
2158, 343, 719
2159, 190, 950
2160, 613, 966
2161, 258, 774
2162, 7, 143
2163, 617, 712
2164, 107, 425
2165, 885, 961
2166, 224, 414
2167, 791, 908
2168, 468, 739
2169, 705, 959
2170, 125, 874
2171, 70, 254
2172, 111, 416
2173, 434, 948
2174, 569, 909
2175, 360, 851
2176, 1, 436
2177, 397, 691
2178, 69, 493
2179, 196, 917
2180, 658, 876
2181, 516, 767
2182, 866, 958
2183, 230, 979
2184, 178, 363
2185, 537, 633
2186, 87, 674
2187, 45, 103
2188, 81, 650
2189, 129, 390
2190, 183, 931
2191, 261, 777
2192, 98, 877
2193, 311, 734
2194, 754, 905
2195, 903, 921
2196, 313, 542
2197, 341, 723
2198, 19, 795
2199, 842, 994
2200, 204, 227
2201, 403, 770
2202, 914, 937
2203, 776, 953
2204, 135, 834
2205, 84, 424
2206, 268, 347
2207, 219, 582
2208, 20, 610
2209, 42, 827
2210, 426, 808
2211, 72, 244
2212, 326, 462
2213, 220, 367
2214, 807, 896
2215, 79, 473
2216, 73, 450
2217, 314, 376
2218, 270, 826
2219, 3, 290
2220, 500, 730
2221, 9, 580
2222, 24, 342
2223, 350, 888
2224, 18, 358
2225, 104, 400
2226, 429, 649
2227, 778, 993
2228, 39, 593
2229, 321, 472
2230, 240, 697
2231, 973, 974
2232, 158, 867
2233, 252, 444
2234, 198, 749
2235, 222, 408
2236, 407, 662
2237, 568, 732
2238, 139, 287
2239, 248, 743
2240, 284, 891
2241, 132, 667
2242, 160, 759
2243, 179, 257
2244, 44, 801
2245, 398, 559
2246, 263, 934
2247, 421, 991
2248, 57, 603
2249, 456, 790
2250, 852, 999
2251, 811, 830
2252, 140, 181
2253, 58, 846
2254, 215, 848
2255, 100, 102
2256, 33, 871
2257, 274, 402
2258, 378, 682
2259, 524, 689
2260, 197, 404
2261, 162, 780
2262, 872, 902
2263, 455, 536
2264, 466, 620
2265, 184, 247
2266, 318, 878
2267, 348, 715
2268, 122, 893
2269, 113, 136
2270, 99, 126
2271, 151, 679
2272, 199, 474
2273, 919, 978
2274, 186, 589
2275, 460, 881
2276, 388, 448
2277, 458, 646
2278, 188, 862
2279, 202, 226
2280, 86, 478
2281, 499, 565
2282, 14, 525
2283, 933, 989
2284, 624, 894
2285, 156, 746
2286, 452, 957
2287, 155, 169
2288, 276, 612
2289, 165, 763
2290, 11, 952
2291, 74, 235
2292, 396, 873
2293, 170, 671
2294, 12, 509
2295, 546, 672
2296, 419, 936
2297, 892, 942
2298, 423, 773
2299, 422, 628
2300, 232, 609
2301, 738, 825
2302, 296, 915
2303, 286, 554
2304, 410, 645
2305, 389, 535
2306, 279, 374
2307, 409, 751
2308, 821, 883
2309, 330, 502
2310, 696, 727
2311, 6, 120
2312, 265, 714
2313, 327, 865
2314, 440, 498
2315, 566, 704
2316, 726, 858
2317, 164, 383
2318, 385, 799
2319, 333, 640
2320, 368, 379
2321, 467, 882
2322, 710, 747
2323, 428, 765
2324, 406, 622
2325, 221, 453
2326, 772, 901
2327, 123, 731
2328, 365, 938
2329, 331, 997
2330, 323, 344
2331, 127, 955
2332, 80, 299
2333, 806, 898
2334, 115, 930
2335, 15, 508
2336, 75, 581
2337, 137, 322
2338, 90, 359
2339, 300, 373
2340, 61, 464
2341, 523, 864
2342, 63, 577
2343, 88, 200
2344, 17, 438
2345, 175, 177
2346, 59, 110
2347, 441, 927
2348, 302, 549
2349, 380, 470
2350, 587, 802
2351, 929, 995
2352, 517, 967
2353, 133, 798
2354, 351, 621
2355, 471, 962
2356, 28, 108
2357, 461, 1000
2358, 48, 709
2359, 489, 944
2360, 233, 585
2361, 82, 532
2362, 632, 769
2363, 249, 564
2364, 521, 560
2365, 176, 418
2366, 213, 280
2367, 214, 275
2368, 23, 26
2369, 56, 157
2370, 210, 228
2371, 51, 387
2372, 688, 805
2373, 413, 644
2374, 459, 869
2375, 27, 541
2376, 648, 804
2377, 446, 518
2378, 35, 430
2379, 216, 611
2380, 22, 182
2381, 601, 699
2382, 656, 748
2383, 241, 392
2384, 505, 698
2385, 482, 486
2386, 814, 838
2387, 337, 556
2388, 218, 285
2389, 737, 845
2390, 579, 832
2391, 278, 496
2392, 567, 796
2393, 293, 969
2394, 490, 706
2395, 116, 981
2396, 101, 512
2397, 30, 758
2398, 728, 820
2399, 394, 779
2400, 447, 722
2401, 239, 863
2402, 563, 729
2403, 320, 833
2404, 91, 663
2405, 469, 557
2406, 2, 281
2407, 598, 740
2408, 55, 253
2409, 312, 836
2410, 130, 996
2411, 54, 412
2412, 562, 606
2413, 256, 741
2414, 315, 338
2415, 844, 920
2416, 642, 687
2417, 5, 647
2418, 669, 980
2419, 38, 128
2420, 297, 960
2421, 36, 939
2422, 415, 861
2423, 60, 670
2424, 40, 353
2425, 260, 377
2426, 298, 824
2427, 191, 627
2428, 607, 735
2429, 93, 306
2430, 4, 119
2431, 768, 884
2432, 760, 946
2433, 47, 510
2434, 180, 634
2435, 134, 786
2436, 797, 918
2437, 96, 161
2438, 437, 668
2439, 435, 721
2440, 527, 631
2441, 154, 269
2442, 201, 439
2443, 141, 295
2444, 277, 454
2445, 533, 782
2446, 764, 837
2447, 449, 692
2448, 401, 906
2449, 71, 812
2450, 106, 583
2451, 352, 544
2452, 483, 935
2453, 301, 886
2454, 271, 783
2455, 485, 835
2456, 105, 131
2457, 677, 718
2458, 43, 923
2459, 203, 381
2460, 52, 855
2461, 364, 395
2462, 550, 972
2463, 83, 986
2464, 654, 964
2465, 571, 685
2466, 494, 840
2467, 481, 630
2468, 237, 941
2469, 85, 619
2470, 495, 713
2471, 815, 932
2472, 324, 372
2473, 67, 853
2474, 145, 616
2475, 513, 904
2476, 245, 294
2477, 112, 940
2478, 307, 555
2479, 304, 547
2480, 595, 857
2481, 540, 951
2482, 266, 476
2483, 223, 911
2484, 552, 890
2485, 208, 362
2486, 336, 345
2487, 349, 497
2488, 653, 707
2489, 503, 910
2490, 702, 943
2491, 626, 676
2492, 34, 818
2493, 681, 775
2494, 8, 539
2495, 147, 511
2496, 592, 736
2497, 255, 899
2498, 117, 375
2499, 597, 879
2500, 288, 354
2501, 29, 723
2502, 372, 776
2503, 657, 724
2504, 164, 918
2505, 491, 810
2506, 628, 671
2507, 120, 936
2508, 209, 819
2509, 116, 725
2510, 128, 949
2511, 549, 698
2512, 436, 579
2513, 1, 475
2514, 417, 896
2515, 900, 913
2516, 658, 996
2517, 370, 458
2518, 12, 31
2519, 254, 908
2520, 28, 400
2521, 811, 973
2522, 533, 919
2523, 490, 641
2524, 323, 388
2525, 243, 252
2526, 497, 518
2527, 131, 649
2528, 834, 855
2529, 552, 574
2530, 203, 576
2531, 690, 851
2532, 173, 761
2533, 99, 232
2534, 299, 950
2535, 170, 297
2536, 33, 771
2537, 268, 318
2538, 509, 647
2539, 35, 836
2540, 307, 931
2541, 110, 269
2542, 775, 825
2543, 583, 795
2544, 331, 793
2545, 839, 954
2546, 702, 894
2547, 101, 749
2548, 169, 907
2549, 427, 626
2550, 282, 639
2551, 433, 833
2552, 190, 527
2553, 432, 546
2554, 300, 418
2555, 594, 717
2556, 397, 482
2557, 303, 734
2558, 53, 234
2559, 622, 999
2560, 54, 961
2561, 505, 917
2562, 192, 947
2563, 56, 562
2564, 140, 382
2565, 617, 827
2566, 611, 790
2567, 380, 409
2568, 207, 302
2569, 394, 933
2570, 13, 876
2571, 521, 566
2572, 416, 481
2573, 395, 754
2574, 228, 762
2575, 706, 818
2576, 44, 387
2577, 341, 347
2578, 157, 367
2579, 465, 591
2580, 697, 895
2581, 616, 704
2582, 242, 421
2583, 263, 357
2584, 94, 423
2585, 161, 535
2586, 125, 281
2587, 335, 494
2588, 68, 155
2589, 118, 667
2590, 69, 137
2591, 206, 295
2592, 248, 843
2593, 590, 636
2594, 353, 435
2595, 767, 803
2596, 91, 981
2597, 21, 151
2598, 479, 887
2599, 517, 841
2600, 561, 935
2601, 270, 598
2602, 599, 893
2603, 126, 711
2604, 715, 861
2605, 150, 892
2606, 862, 863
2607, 26, 293
2608, 403, 997
2609, 114, 653
2610, 287, 424
2611, 213, 852
2612, 47, 83
2613, 531, 756
2614, 291, 874
2615, 50, 661
2616, 280, 371
2617, 760, 998
2618, 391, 445
2619, 215, 707
2620, 108, 468
2621, 368, 633
2622, 627, 941
2623, 104, 716
2624, 188, 792
2625, 7, 428
2626, 292, 664
2627, 179, 668
2628, 392, 926
2629, 34, 909
2630, 755, 871
2631, 467, 605
2632, 379, 983
2633, 245, 687
2634, 182, 309
2635, 726, 824
2636, 74, 869
2637, 731, 783
2638, 77, 786
2639, 260, 472
2640, 464, 944
2641, 106, 709
2642, 847, 937
2643, 580, 980
2644, 440, 442
2645, 262, 306
2646, 258, 906
2647, 466, 849
2648, 22, 743
2649, 253, 548
2650, 712, 759
2651, 39, 575
2652, 339, 342
2653, 86, 177
2654, 284, 308
2655, 272, 360
2656, 338, 777
2657, 289, 860
2658, 326, 455
2659, 607, 910
2660, 366, 519
2661, 748, 769
2662, 859, 1000
2663, 62, 714
2664, 124, 567
2665, 60, 912
2666, 612, 897
2667, 381, 963
2668, 185, 337
2669, 138, 542
2670, 211, 799
2671, 134, 744
2672, 267, 333
2673, 766, 960
2674, 102, 901
2675, 539, 858
2676, 346, 903
2677, 90, 321
2678, 158, 488
2679, 141, 229
2680, 629, 982
2681, 37, 699
2682, 76, 218
2683, 273, 385
2684, 740, 914
2685, 276, 545
2686, 119, 581
2687, 277, 510
2688, 563, 610
2689, 456, 823
2690, 187, 672
2691, 601, 643
2692, 473, 991
2693, 840, 875
2694, 259, 940
2695, 328, 398
2696, 2, 670
2697, 460, 826
2698, 310, 615
2699, 506, 746
2700, 121, 351
2701, 430, 680
2702, 257, 765
2703, 396, 846
2704, 412, 808
2705, 389, 978
2706, 52, 596
2707, 703, 958
2708, 103, 994
2709, 788, 828
2710, 422, 710
2711, 410, 951
2712, 92, 350
2713, 25, 320
2714, 80, 701
2715, 176, 644
2716, 247, 850
2717, 650, 970
2718, 585, 679
2719, 529, 905
2720, 344, 480
2721, 405, 873
2722, 332, 359
2723, 286, 932
2724, 774, 955
2725, 496, 498
2726, 256, 354
2727, 200, 324
2728, 96, 181
2729, 474, 952
2730, 32, 484
2731, 20, 330
2732, 285, 902
2733, 673, 879
2734, 375, 621
2735, 27, 193
2736, 30, 174
2737, 290, 486
2738, 8, 471
2739, 79, 722
2740, 411, 439
2741, 499, 689
2742, 305, 845
2743, 133, 972
2744, 196, 729
2745, 453, 890
2746, 635, 662
2747, 304, 888
2748, 36, 571
2749, 390, 728
2750, 501, 513
2751, 532, 812
2752, 38, 515
2753, 364, 578
2754, 40, 986
2755, 230, 235
2756, 814, 945
2757, 15, 152
2758, 362, 881
2759, 82, 503
2760, 504, 547
2761, 524, 989
2762, 322, 660
2763, 45, 700
2764, 553, 708
2765, 237, 804
2766, 294, 891
2767, 231, 319
2768, 81, 404
2769, 787, 965
2770, 250, 992
2771, 142, 654
2772, 223, 373
2773, 452, 514
2774, 154, 763
2775, 495, 516
2776, 821, 872
2777, 199, 508
2778, 317, 782
2779, 255, 772
2780, 167, 183
2781, 55, 487
2782, 485, 597
2783, 334, 564
2784, 159, 540
2785, 739, 806
2786, 184, 691
2787, 61, 665
2788, 57, 586
2789, 266, 741
2790, 426, 512
2791, 768, 988
2792, 49, 66
2793, 431, 928
2794, 210, 642
2795, 127, 384
2796, 123, 696
2797, 132, 784
2798, 402, 842
2799, 345, 791
2800, 194, 866
2801, 58, 470
2802, 65, 877
2803, 732, 844
2804, 618, 630
2805, 314, 666
2806, 153, 217
2807, 738, 923
2808, 727, 751
2809, 11, 406
2810, 202, 800
2811, 212, 584
2812, 107, 678
2813, 537, 878
2814, 352, 773
2815, 886, 929
2816, 558, 778
2817, 695, 865
2818, 443, 899
2819, 588, 968
2820, 148, 889
2821, 340, 655
2822, 117, 677
2823, 853, 948
2824, 448, 469
2825, 129, 550
2826, 956, 962
2827, 46, 930
2828, 111, 794
2829, 5, 500
2830, 534, 939
2831, 868, 957
2832, 201, 459
2833, 197, 864
2834, 205, 264
2835, 224, 593
2836, 139, 461
2837, 288, 401
2838, 450, 835
2839, 674, 757
2840, 609, 676
2841, 602, 934
2842, 316, 329
2843, 271, 554
2844, 23, 624
2845, 42, 393
2846, 112, 730
2847, 283, 577
2848, 171, 637
2849, 694, 898
2850, 163, 779
2851, 89, 447
2852, 18, 325
2853, 336, 813
2854, 476, 720
2855, 95, 587
2856, 603, 721
2857, 298, 942
2858, 249, 977
2859, 186, 511
2860, 172, 975
2861, 301, 742
2862, 239, 313
2863, 93, 589
2864, 462, 651
2865, 198, 238
2866, 165, 857
2867, 100, 377
2868, 638, 646
2869, 149, 568
2870, 489, 528
2871, 178, 429
2872, 64, 369
2873, 87, 631
2874, 682, 683
2875, 797, 870
2876, 246, 251
2877, 758, 987
2878, 175, 884
2879, 6, 648
2880, 115, 856
2881, 98, 233
2882, 48, 97
2883, 559, 604
2884, 222, 572
2885, 413, 560
2886, 407, 820
2887, 75, 798
2888, 971, 979
2889, 219, 463
2890, 136, 216
2891, 477, 911
2892, 592, 969
2893, 608, 613
2894, 72, 938
2895, 9, 541
2896, 279, 348
2897, 135, 976
2898, 67, 785
2899, 261, 595
2900, 414, 420
2901, 449, 478
2902, 168, 365
2903, 425, 984
2904, 236, 569
2905, 437, 544
2906, 296, 625
2907, 419, 764
2908, 43, 745
2909, 619, 770
2910, 441, 557
2911, 606, 733
2912, 24, 454
2913, 51, 189
2914, 750, 781
2915, 536, 921
2916, 356, 444
2917, 543, 838
2918, 162, 363
2919, 221, 315
2920, 226, 446
2921, 640, 737
2922, 195, 358
2923, 361, 837
2924, 311, 885
2925, 582, 993
2926, 105, 713
2927, 507, 809
2928, 208, 943
2929, 145, 959
2930, 274, 374
2931, 144, 688
2932, 166, 995
2933, 278, 953
2934, 526, 675
2935, 204, 343
2936, 492, 747
2937, 457, 925
2938, 551, 966
2939, 241, 483
2940, 160, 573
2941, 659, 686
2942, 880, 924
2943, 312, 801
2944, 3, 71
2945, 16, 240
2946, 355, 705
2947, 522, 752
2948, 383, 623
2949, 620, 883
2950, 656, 915
2951, 19, 41
2952, 399, 831
2953, 378, 796
2954, 225, 565
2955, 386, 817
2956, 122, 830
2957, 88, 684
2958, 146, 147
2959, 17, 220
2960, 967, 974
2961, 434, 556
2962, 214, 415
2963, 493, 854
2964, 438, 964
2965, 191, 735
2966, 600, 634
2967, 244, 985
2968, 692, 916
2969, 736, 867
2970, 802, 822
2971, 523, 927
2972, 530, 614
2973, 408, 645
2974, 502, 832
2975, 10, 652
2976, 85, 685
2977, 538, 555
2978, 59, 570
2979, 78, 681
2980, 70, 376
2981, 109, 663
2982, 525, 693
2983, 14, 84
2984, 451, 753
2985, 520, 829
2986, 156, 227
2987, 4, 780
2988, 789, 848
2989, 349, 632
2990, 180, 990
2991, 718, 719
2992, 73, 265
2993, 669, 807
2994, 113, 275
2995, 920, 922
2996, 63, 815
2997, 143, 882
2998, 130, 946
2999, 805, 816
3000, 327, 904
3001, 96, 796
3002, 242, 731
3003, 534, 805
3004, 903, 916
3005, 756, 982
3006, 75, 710
3007, 122, 426
3008, 292, 858
3009, 180, 621
3010, 234, 455
3011, 682, 971
3012, 906, 929
3013, 432, 477
3014, 230, 685
3015, 192, 922
3016, 412, 907
3017, 117, 864
3018, 245, 395
3019, 560, 856
3020, 647, 837
3021, 78, 248
3022, 124, 898
3023, 34, 406
3024, 579, 987
3025, 120, 408
3026, 45, 243
3027, 90, 211
3028, 10, 428
3029, 38, 914
3030, 3, 1000
3031, 39, 889
3032, 410, 989
3033, 1, 35
3034, 325, 692
3035, 463, 561
3036, 536, 704
3037, 362, 499
3038, 88, 144
3039, 125, 739
3040, 261, 321
3041, 298, 719
3042, 763, 919
3043, 259, 665
3044, 540, 977
3045, 31, 806
3046, 677, 729
3047, 479, 751
3048, 223, 770
3049, 222, 754
3050, 885, 947
3051, 630, 992
3052, 21, 355
3053, 423, 563
3054, 531, 539
3055, 127, 155
3056, 329, 351
3057, 235, 655
3058, 271, 897
3059, 123, 835
3060, 141, 535
3061, 83, 737
3062, 389, 622
3063, 32, 799
3064, 160, 645
3065, 501, 766
3066, 94, 951
3067, 607, 984
3068, 391, 589
3069, 76, 528
3070, 875, 936
3071, 652, 904
3072, 104, 760
3073, 544, 667
3074, 713, 874
3075, 382, 446
3076, 255, 590
3077, 377, 568
3078, 80, 853
3079, 364, 726
3080, 369, 679
3081, 171, 633
3082, 734, 824
3083, 71, 204
3084, 476, 876
3085, 707, 803
3086, 40, 453
3087, 441, 529
3088, 439, 857
3089, 82, 471
3090, 154, 736
3091, 373, 397
3092, 149, 653
3093, 97, 115
3094, 669, 840
3095, 548, 877
3096, 116, 281
3097, 213, 421
3098, 86, 418
3099, 220, 396
3100, 437, 538
3101, 372, 571
3102, 700, 887
3103, 413, 435
3104, 689, 808
3105, 300, 434
3106, 4, 545
3107, 740, 952
3108, 800, 909
3109, 225, 559
3110, 137, 198
3111, 265, 860
3112, 280, 425
3113, 102, 792
3114, 774, 939
3115, 318, 745
3116, 136, 200
3117, 337, 893
3118, 17, 313
3119, 508, 980
3120, 145, 836
3121, 266, 742
3122, 478, 901
3123, 322, 649
3124, 98, 830
3125, 158, 861
3126, 585, 613
3127, 108, 626
3128, 177, 728
3129, 224, 357
3130, 232, 891
3131, 459, 985
3132, 582, 583
3133, 338, 956
3134, 507, 965
3135, 620, 850
3136, 231, 388
3137, 20, 153
3138, 29, 934
3139, 480, 657
3140, 60, 62
3141, 608, 614
3142, 42, 705
3143, 260, 291
3144, 12, 810
3145, 424, 485
3146, 18, 521
3147, 129, 151
3148, 344, 637
3149, 787, 841
3150, 798, 973
3151, 771, 881
3152, 400, 765
3153, 36, 233
3154, 128, 195
3155, 447, 983
3156, 433, 759
3157, 63, 285
3158, 22, 57
3159, 258, 720
3160, 578, 809
3161, 228, 244
3162, 53, 493
3163, 197, 543
3164, 398, 778
3165, 353, 415
3166, 366, 917
3167, 813, 905
3168, 416, 849
3169, 925, 967
3170, 14, 722
3171, 332, 570
3172, 119, 143
3173, 883, 884
3174, 191, 546
3175, 502, 730
3176, 708, 804
3177, 367, 450
3178, 273, 490
3179, 537, 688
3180, 189, 482
3181, 138, 504
3182, 113, 648
3183, 212, 656
3184, 61, 517
3185, 422, 970
3186, 186, 239
3187, 163, 959
3188, 899, 999
3189, 694, 972
3190, 566, 859
3191, 419, 587
3192, 675, 784
3193, 494, 979
3194, 246, 924
3195, 26, 678
3196, 167, 176
3197, 320, 998
3198, 795, 969
3199, 516, 789
3200, 126, 930
3201, 170, 948
3202, 695, 986
3203, 497, 746
3204, 724, 960
3205, 130, 330
3206, 718, 913
3207, 662, 826
3208, 383, 911
3209, 430, 452
3210, 99, 654
3211, 159, 632
3212, 553, 937
3213, 558, 964
3214, 363, 958
3215, 162, 252
3216, 483, 769
3217, 301, 404
3218, 368, 791
3219, 701, 854
3220, 89, 269
3221, 169, 379
3222, 152, 340
3223, 236, 855
3224, 79, 994
3225, 33, 602
3226, 148, 640
3227, 203, 698
3228, 241, 429
3229, 616, 646
3230, 327, 868
3231, 465, 702
3232, 226, 670
3233, 635, 671
3234, 304, 376
3235, 174, 341
3236, 681, 757
3237, 361, 793
3238, 214, 978
3239, 862, 941
3240, 27, 385
3241, 183, 352
3242, 328, 963
3243, 569, 596
3244, 611, 882
3245, 334, 991
3246, 564, 580
3247, 748, 838
3248, 310, 993
3249, 187, 335
3250, 263, 755
3251, 209, 908
3252, 732, 782
3253, 345, 715
3254, 100, 634
3255, 390, 420
3256, 166, 639
3257, 386, 573
3258, 288, 896
3259, 185, 279
3260, 19, 624
3261, 758, 895
3262, 264, 823
3263, 551, 555
3264, 788, 814
3265, 132, 851
3266, 237, 738
3267, 547, 743
3268, 253, 605
3269, 308, 717
3270, 709, 968
3271, 303, 744
3272, 111, 752
3273, 48, 249
3274, 342, 866
3275, 525, 687
3276, 807, 996
3277, 24, 603
3278, 360, 920
3279, 67, 454
3280, 716, 790
3281, 567, 776
3282, 206, 863
3283, 402, 512
3284, 470, 684
3285, 405, 833
3286, 869, 880
3287, 302, 498
3288, 762, 827
3289, 506, 819
3290, 46, 93
3291, 519, 680
3292, 631, 761
3293, 240, 928
3294, 16, 290
3295, 276, 518
3296, 5, 293
3297, 339, 847
3298, 175, 912
3299, 6, 910
3300, 496, 593
3301, 49, 324
3302, 210, 460
3303, 606, 843
3304, 219, 399
3305, 30, 165
3306, 617, 878
3307, 161, 394
3308, 156, 615
3309, 690, 725
3310, 475, 932
3311, 7, 268
3312, 350, 886
3313, 314, 458
3314, 250, 572
3315, 107, 462
3316, 503, 533
3317, 491, 636
3318, 112, 923
3319, 28, 168
3320, 172, 331
3321, 114, 995
3322, 95, 354
3323, 59, 786
3324, 50, 815
3325, 77, 699
3326, 599, 644
3327, 574, 772
3328, 23, 530
3329, 131, 392
3330, 178, 954
3331, 381, 515
3332, 69, 676
3333, 157, 492
3334, 343, 550
3335, 445, 921
3336, 139, 505
3337, 612, 950
3338, 526, 629
3339, 87, 199
3340, 72, 562
3341, 473, 944
3342, 51, 604
3343, 727, 865
3344, 309, 990
3345, 74, 828
3346, 664, 873
3347, 305, 407
3348, 66, 118
3349, 190, 365
3350, 467, 628
3351, 577, 638
3352, 456, 601
3353, 586, 966
3354, 41, 202
3355, 47, 927
3356, 262, 918
3357, 44, 821
3358, 218, 486
3359, 403, 575
3360, 323, 773
3361, 673, 686
3362, 257, 962
3363, 349, 514
3364, 275, 933
3365, 431, 741
3366, 289, 311
3367, 584, 668
3368, 401, 440
3369, 297, 306
3370, 461, 750
3371, 295, 457
3372, 251, 336
3373, 785, 940
3374, 173, 472
3375, 238, 609
3376, 205, 283
3377, 484, 975
3378, 52, 135
3379, 2, 55
3380, 375, 935
3381, 140, 509
3382, 70, 693
3383, 374, 436
3384, 333, 378
3385, 703, 976
3386, 146, 721
3387, 164, 591
3388, 110, 495
3389, 346, 666
3390, 894, 955
3391, 8, 797
3392, 384, 658
3393, 811, 844
3394, 307, 556
3395, 142, 953
3396, 691, 900
3397, 215, 319
3398, 54, 802
3399, 184, 522
3400, 43, 642
3401, 714, 926
3402, 68, 949
3403, 84, 581
3404, 11, 272
3405, 315, 598
3406, 356, 812
3407, 201, 711
3408, 256, 296
3409, 641, 820
3410, 650, 783
3411, 134, 974
3412, 469, 474
3413, 411, 931
3414, 13, 852
3415, 9, 997
3416, 15, 511
3417, 393, 451
3418, 661, 845
3419, 217, 832
3420, 109, 872
3421, 623, 888
3422, 196, 552
3423, 101, 105
3424, 672, 831
3425, 207, 723
3426, 683, 712
3427, 227, 299
3428, 326, 829
3429, 287, 764
3430, 576, 643
3431, 466, 822
3432, 846, 943
3433, 600, 871
3434, 221, 527
3435, 188, 627
3436, 91, 532
3437, 194, 592
3438, 427, 557
3439, 588, 777
3440, 565, 957
3441, 625, 706
3442, 387, 554
3443, 85, 317
3444, 182, 674
3445, 347, 464
3446, 816, 870
3447, 541, 735
3448, 25, 106
3449, 513, 775
3450, 520, 945
3451, 133, 961
3452, 597, 867
3453, 103, 278
3454, 81, 902
3455, 733, 988
3456, 181, 443
3457, 500, 938
3458, 121, 619
3459, 58, 542
3460, 768, 818
3461, 594, 780
3462, 487, 510
3463, 247, 523
3464, 65, 481
3465, 179, 749
3466, 208, 753
3467, 794, 839
3468, 216, 767
3469, 549, 801
3470, 489, 618
3471, 358, 414
3472, 64, 282
3473, 659, 817
3474, 610, 915
3475, 697, 781
3476, 73, 92
3477, 284, 942
3478, 294, 380
3479, 56, 663
3480, 371, 879
3481, 409, 449
3482, 825, 834
3483, 468, 696
3484, 267, 359
3485, 147, 890
3486, 660, 946
3487, 150, 524
3488, 254, 488
3489, 229, 747
3490, 892, 981
3491, 270, 842
3492, 348, 370
3493, 37, 595
3494, 286, 848
3495, 442, 444
3496, 316, 779
3497, 312, 651
3498, 417, 448
3499, 274, 438
3500, 193, 277
3501, 115, 166
3502, 768, 857
3503, 90, 561
3504, 325, 521
3505, 421, 523
3506, 321, 368
3507, 9, 13
3508, 331, 840
3509, 287, 528
3510, 185, 632
3511, 75, 192
3512, 330, 953
3513, 345, 971
3514, 89, 462
3515, 21, 605
3516, 725, 845
3517, 413, 788
3518, 195, 903
3519, 144, 367
3520, 61, 497
3521, 27, 704
3522, 334, 826
3523, 191, 907
3524, 427, 732
3525, 174, 800
3526, 524, 871
3527, 121, 636
3528, 120, 658
3529, 707, 918
3530, 19, 392
3531, 14, 677
3532, 127, 375
3533, 492, 609
3534, 220, 664
3535, 209, 461
3536, 252, 495
3537, 649, 946
3538, 379, 473
3539, 267, 436
3540, 116, 197
3541, 526, 875
3542, 265, 481
3543, 279, 586
3544, 147, 159
3545, 615, 936
3546, 71, 985
3547, 86, 775
3548, 208, 248
3549, 11, 667
3550, 218, 448
3551, 206, 815
3552, 485, 641
3553, 259, 597
3554, 223, 755
3555, 20, 199
3556, 26, 380
3557, 480, 635
3558, 766, 951
3559, 4, 311
3560, 621, 760
3561, 76, 758
3562, 431, 956
3563, 246, 447
3564, 378, 981
3565, 471, 902
3566, 130, 544
3567, 47, 943
3568, 74, 519
3569, 146, 886
3570, 30, 340
3571, 326, 735
3572, 335, 419
3573, 559, 996
3574, 460, 527
3575, 196, 948
3576, 232, 300
3577, 874, 876
3578, 148, 859
3579, 671, 921
3580, 581, 624
3581, 446, 911
3582, 161, 723
3583, 189, 529
3584, 135, 400
3585, 212, 991
3586, 194, 213
3587, 316, 339
3588, 793, 973
3589, 610, 942
3590, 34, 776
3591, 134, 478
3592, 510, 785
3593, 504, 689
3594, 122, 854
3595, 397, 515
3596, 111, 684
3597, 283, 625
3598, 443, 722
3599, 541, 797
3600, 292, 464
3601, 187, 863
3602, 183, 434
3603, 426, 764
3604, 42, 916
3605, 338, 757
3606, 350, 627
3607, 814, 986
3608, 402, 666
3609, 163, 696
3610, 547, 716
3611, 979, 982
3612, 125, 837
3613, 231, 894
3614, 240, 750
3615, 506, 548
3616, 630, 693
3617, 28, 618
3618, 154, 479
3619, 672, 914
3620, 643, 872
3621, 933, 970
3622, 72, 858
3623, 103, 348
3624, 432, 772
3625, 216, 469
3626, 80, 934
3627, 41, 508
3628, 157, 576
3629, 373, 931
3630, 12, 282
3631, 256, 424
3632, 186, 960
3633, 487, 900
3634, 16, 44
3635, 423, 435
3636, 353, 678
3637, 989, 992
3638, 215, 648
3639, 692, 920
3640, 227, 513
3641, 117, 484
3642, 302, 868
3643, 711, 812
3644, 534, 897
3645, 536, 939
3646, 295, 819
3647, 633, 963
3648, 429, 791
3649, 359, 833
3650, 869, 961
3651, 158, 820
3652, 83, 543
3653, 272, 844
3654, 736, 995
3655, 66, 85
3656, 501, 505
3657, 23, 570
3658, 105, 211
3659, 893, 967
3660, 411, 673
3661, 594, 880
3662, 204, 908
3663, 2, 977
3664, 804, 958
3665, 286, 685
3666, 555, 589
3667, 64, 743
3668, 54, 275
3669, 873, 962
3670, 315, 656
3671, 562, 708
3672, 203, 879
3673, 235, 285
3674, 29, 590
3675, 357, 712
3676, 835, 862
3677, 131, 839
3678, 407, 557
3679, 32, 701
3680, 264, 579
3681, 355, 412
3682, 132, 676
3683, 552, 608
3684, 467, 733
3685, 393, 771
3686, 48, 769
3687, 697, 778
3688, 119, 978
3689, 56, 738
3690, 205, 710
3691, 169, 779
3692, 352, 449
3693, 626, 890
3694, 433, 895
3695, 365, 382
3696, 341, 865
3697, 63, 307
3698, 177, 651
3699, 913, 955
3700, 210, 877
3701, 136, 323
3702, 318, 737
3703, 349, 795
3704, 619, 842
3705, 825, 828
3706, 753, 891
3707, 112, 691
3708, 202, 567
3709, 754, 945
3710, 518, 730
3711, 221, 919
3712, 591, 847
3713, 303, 652
3714, 346, 396
3715, 628, 687
3716, 502, 884
3717, 437, 947
3718, 214, 278
3719, 503, 964
3720, 304, 922
3721, 10, 244
3722, 573, 984
3723, 463, 731
3724, 184, 383
3725, 162, 790
3726, 670, 786
3727, 718, 794
3728, 7, 470
3729, 398, 759
3730, 491, 999
3731, 465, 756
3732, 965, 994
3733, 87, 646
3734, 277, 408
3735, 96, 276
3736, 39, 68
3737, 729, 896
3738, 82, 458
3739, 881, 904
3740, 476, 798
3741, 126, 974
3742, 60, 456
3743, 257, 601
3744, 78, 878
3745, 59, 816
3746, 319, 887
3747, 110, 821
3748, 262, 274
3749, 773, 792
3750, 551, 905
3751, 165, 301
3752, 92, 742
3753, 69, 556
3754, 781, 910
3755, 563, 855
3756, 640, 987
3757, 313, 952
3758, 475, 719
3759, 1, 675
3760, 180, 702
3761, 152, 517
3762, 233, 288
3763, 466, 680
3764, 73, 530
3765, 545, 575
3766, 663, 906
3767, 612, 720
3768, 386, 1000
3769, 79, 344
3770, 5, 238
3771, 308, 747
3772, 298, 477
3773, 924, 990
3774, 498, 639
3775, 91, 493
3776, 593, 642
3777, 93, 388
3778, 151, 818
3779, 533, 860
3780, 172, 328
3781, 387, 721
3782, 637, 836
3783, 18, 243
3784, 395, 975
3785, 554, 695
3786, 280, 831
3787, 37, 770
3788, 585, 694
3789, 417, 444
3790, 588, 780
3791, 35, 507
3792, 70, 176
3793, 124, 175
3794, 45, 787
3795, 224, 713
3796, 442, 583
3797, 390, 748
3798, 385, 401
3799, 644, 846
3800, 499, 682
3801, 219, 762
3802, 369, 522
3803, 409, 607
3804, 236, 324
3805, 932, 968
3806, 33, 592
3807, 15, 31
3808, 198, 362
3809, 139, 925
3810, 329, 549
3811, 403, 489
3812, 582, 830
3813, 6, 290
3814, 866, 870
3815, 683, 761
3816, 57, 327
3817, 170, 930
3818, 377, 853
3819, 564, 983
3820, 237, 679
3821, 241, 269
3822, 142, 342
3823, 686, 810
3824, 268, 727
3825, 190, 422
3826, 168, 889
3827, 200, 950
3828, 611, 834
3829, 381, 927
3830, 332, 799
3831, 58, 488
3832, 173, 782
3833, 43, 291
3834, 149, 247
3835, 22, 838
3836, 137, 374
3837, 439, 578
3838, 699, 808
3839, 516, 587
3840, 363, 371
3841, 935, 941
3842, 164, 746
3843, 228, 850
3844, 459, 909
3845, 406, 926
3846, 370, 714
3847, 123, 482
3848, 418, 813
3849, 416, 765
3850, 717, 763
3851, 55, 937
3852, 622, 752
3853, 77, 569
3854, 273, 949
3855, 107, 261
3856, 669, 744
3857, 574, 580
3858, 254, 354
3859, 46, 604
3860, 314, 404
3861, 647, 829
3862, 899, 923
3863, 317, 938
3864, 351, 486
3865, 88, 734
3866, 441, 474
3867, 38, 661
3868, 179, 500
3869, 806, 993
3870, 405, 668
3871, 811, 988
3872, 104, 322
3873, 451, 572
3874, 36, 145
3875, 284, 715
3876, 745, 898
3877, 577, 998
3878, 67, 598
3879, 245, 705
3880, 138, 928
3881, 410, 851
3882, 659, 832
3883, 193, 805
3884, 848, 980
3885, 97, 568
3886, 258, 384
3887, 457, 915
3888, 128, 266
3889, 102, 966
3890, 95, 207
3891, 468, 700
3892, 40, 250
3893, 849, 852
3894, 226, 420
3895, 366, 509
3896, 133, 454
3897, 81, 843
3898, 309, 802
3899, 546, 997
3900, 645, 654
3901, 306, 560
3902, 617, 724
3903, 358, 940
3904, 360, 415
3905, 372, 602
3906, 343, 428
3907, 17, 394
3908, 229, 603
3909, 129, 861
3910, 294, 483
3911, 24, 944
3912, 53, 113
3913, 824, 885
3914, 490, 531
3915, 108, 882
3916, 514, 584
3917, 364, 599
3918, 856, 864
3919, 114, 681
3920, 657, 929
3921, 8, 954
3922, 337, 425
3923, 596, 600
3924, 217, 901
3925, 888, 969
3926, 234, 312
3927, 310, 613
3928, 655, 807
3929, 336, 789
3930, 51, 181
3931, 706, 883
3932, 150, 281
3933, 255, 538
3934, 242, 296
3935, 65, 653
3936, 225, 305
3937, 525, 614
3938, 263, 389
3939, 438, 455
3940, 356, 688
3941, 452, 739
3942, 260, 320
3943, 430, 620
3944, 565, 784
3945, 153, 822
3946, 376, 566
3947, 445, 472
3948, 167, 957
3949, 690, 749
3950, 532, 796
3951, 520, 571
3952, 440, 959
3953, 239, 976
3954, 230, 361
3955, 662, 803
3956, 399, 827
3957, 49, 817
3958, 251, 333
3959, 109, 606
3960, 52, 558
3961, 141, 774
3962, 101, 674
3963, 616, 867
3964, 50, 143
3965, 3, 118
3966, 512, 809
3967, 494, 801
3968, 182, 726
3969, 94, 270
3970, 84, 634
3971, 188, 289
3972, 496, 638
3973, 99, 823
3974, 106, 171
3975, 156, 299
3976, 623, 767
3977, 25, 841
3978, 100, 537
3979, 535, 741
3980, 698, 783
3981, 550, 777
3982, 271, 540
3983, 140, 253
3984, 155, 542
3985, 62, 728
3986, 414, 539
3987, 917, 972
3988, 297, 595
3989, 178, 912
3990, 98, 553
3991, 222, 629
3992, 650, 665
3993, 450, 660
3994, 160, 293
3995, 703, 751
3996, 391, 740
3997, 201, 511
3998, 347, 892
3999, 453, 631
4000, 249, 709
