id, img1, img2
1, 58, 827
2, 252, 566
3, 549, 618
4, 251, 443
5, 426, 963
6, 99, 521
7, 636, 710
8, 22, 983
9, 69, 340
10, 459, 619
11, 499, 937
12, 365, 378
13, 338, 349
14, 37, 253
15, 282, 324
16, 112, 186
17, 641, 803
18, 85, 828
19, 132, 907
20, 516, 802
21, 256, 371
22, 332, 883
23, 196, 236
24, 609, 696
25, 932, 964
26, 789, 984
27, 454, 466
28, 504, 896
29, 277, 940
30, 4, 578
31, 441, 781
32, 20, 479
33, 343, 961
34, 281, 480
35, 70, 203
36, 65, 928
37, 287, 905
38, 289, 488
39, 14, 722
40, 319, 673
41, 82, 980
42, 358, 591
43, 73, 335
44, 592, 929
45, 72, 584
46, 428, 601
47, 409, 991
48, 192, 808
49, 63, 909
50, 509, 784
51, 646, 677
52, 350, 800
53, 213, 266
54, 662, 844
55, 900, 923
56, 1, 987
57, 167, 515
58, 363, 859
59, 331, 384
60, 328, 978
61, 56, 354
62, 721, 910
63, 183, 375
64, 424, 745
65, 179, 667
66, 217, 292
67, 503, 843
68, 302, 389
69, 589, 759
70, 391, 815
71, 146, 207
72, 117, 481
73, 268, 448
74, 323, 953
75, 216, 674
76, 35, 200
77, 227, 780
78, 461, 473
79, 693, 988
80, 478, 728
81, 432, 990
82, 24, 476
83, 470, 617
84, 78, 997
85, 74, 387
86, 219, 697
87, 79, 950
88, 383, 507
89, 413, 497
90, 199, 668
91, 631, 746
92, 15, 857
93, 229, 233
94, 157, 771
95, 468, 829
96, 120, 345
97, 159, 954
98, 278, 750
99, 178, 288
100, 489, 506
101, 147, 816
102, 510, 794
103, 336, 628
104, 901, 934
105, 141, 630
106, 455, 676
107, 234, 558
108, 221, 819
109, 87, 871
110, 60, 709
111, 62, 438
112, 149, 412
113, 392, 974
114, 798, 922
115, 493, 955
116, 765, 927
117, 140, 449
118, 834, 915
119, 6, 873
120, 201, 777
121, 762, 998
122, 90, 162
123, 189, 477
124, 483, 951
125, 64, 841
126, 84, 108
127, 351, 975
128, 28, 893
129, 369, 524
130, 259, 523
131, 97, 385
132, 269, 299
133, 751, 939
134, 39, 851
135, 635, 912
136, 452, 967
137, 76, 687
138, 10, 242
139, 379, 624
140, 586, 707
141, 625, 640
142, 376, 529
143, 21, 322
144, 265, 484
145, 655, 985
146, 475, 918
147, 306, 401
148, 228, 626
149, 286, 308
150, 43, 994
151, 238, 861
152, 313, 552
153, 204, 296
154, 143, 181
155, 12, 347
156, 262, 813
157, 214, 456
158, 353, 835
159, 95, 718
160, 582, 694
161, 5, 734
162, 706, 879
163, 416, 691
164, 46, 86
165, 208, 665
166, 916, 982
167, 801, 903
168, 100, 485
169, 444, 788
170, 171, 556
171, 756, 809
172, 562, 642
173, 222, 897
174, 291, 811
175, 495, 686
176, 264, 876
177, 45, 295
178, 482, 672
179, 184, 422
180, 130, 785
181, 434, 741
182, 341, 682
183, 486, 671
184, 842, 958
185, 89, 533
186, 469, 832
187, 32, 98
188, 754, 757
189, 397, 565
190, 136, 936
191, 563, 960
192, 526, 825
193, 180, 231
194, 374, 600
195, 17, 437
196, 321, 772
197, 307, 543
198, 154, 175
199, 410, 436
200, 361, 887
201, 334, 993
202, 675, 935
203, 442, 688
204, 139, 620
205, 743, 766
206, 648, 716
207, 782, 971
208, 33, 166
209, 75, 274
210, 290, 926
211, 576, 1000
212, 113, 325
213, 55, 717
214, 71, 775
215, 193, 633
216, 498, 921
217, 114, 714
218, 303, 513
219, 263, 810
220, 2, 969
221, 68, 933
222, 142, 237
223, 330, 761
224, 177, 267
225, 18, 315
226, 218, 337
227, 66, 738
228, 360, 514
229, 92, 846
230, 398, 621
231, 279, 919
232, 170, 692
233, 93, 898
234, 500, 568
235, 548, 638
236, 202, 501
237, 241, 885
238, 275, 773
239, 23, 272
240, 145, 882
241, 689, 949
242, 418, 768
243, 752, 862
244, 7, 831
245, 115, 257
246, 261, 797
247, 51, 715
248, 197, 996
249, 573, 806
250, 9, 661
251, 402, 884
252, 326, 850
253, 535, 944
254, 121, 732
255, 123, 917
256, 429, 490
257, 590, 952
258, 567, 824
259, 637, 645
260, 211, 527
261, 198, 534
262, 225, 622
263, 778, 865
264, 446, 460
265, 135, 603
266, 957, 970
267, 81, 285
268, 464, 698
269, 465, 853
270, 49, 247
271, 799, 979
272, 48, 453
273, 494, 597
274, 304, 823
275, 310, 818
276, 396, 517
277, 174, 790
278, 173, 817
279, 390, 856
280, 29, 902
281, 604, 708
282, 124, 161
283, 540, 791
284, 232, 309
285, 128, 826
286, 685, 793
287, 311, 875
288, 327, 492
289, 206, 894
290, 44, 593
291, 393, 629
292, 406, 632
293, 16, 607
294, 258, 653
295, 271, 451
296, 122, 403
297, 536, 666
298, 138, 670
299, 399, 553
300, 616, 874
301, 164, 575
302, 643, 836
303, 344, 447
304, 169, 822
305, 246, 596
306, 317, 744
307, 614, 650
308, 27, 209
309, 657, 908
310, 606, 804
311, 644, 868
312, 496, 838
313, 458, 528
314, 52, 243
315, 150, 787
316, 38, 425
317, 519, 947
318, 572, 700
319, 487, 564
320, 129, 555
321, 301, 892
322, 404, 889
323, 463, 812
324, 684, 863
325, 305, 701
326, 943, 972
327, 737, 867
328, 96, 273
329, 748, 779
330, 414, 538
331, 359, 571
332, 471, 508
333, 226, 348
334, 415, 550
335, 116, 297
336, 474, 695
337, 329, 727
338, 542, 749
339, 388, 805
340, 119, 187
341, 599, 747
342, 188, 539
343, 763, 878
344, 445, 611
345, 244, 651
346, 368, 522
347, 518, 554
348, 25, 965
349, 314, 560
350, 13, 505
351, 42, 881
352, 373, 427
353, 407, 491
354, 101, 981
355, 80, 547
356, 339, 899
357, 230, 699
358, 50, 320
359, 160, 890
360, 561, 726
361, 104, 852
362, 36, 185
363, 109, 872
364, 430, 729
365, 911, 948
366, 770, 920
367, 249, 660
368, 40, 47
369, 54, 342
370, 182, 205
371, 574, 931
372, 395, 769
373, 133, 855
374, 760, 864
375, 411, 605
376, 284, 544
377, 355, 880
378, 405, 735
379, 137, 158
380, 212, 652
381, 346, 380
382, 377, 767
383, 245, 588
384, 364, 532
385, 156, 679
386, 8, 255
387, 647, 830
388, 431, 583
389, 103, 758
390, 3, 105
391, 316, 678
392, 612, 858
393, 61, 352
394, 293, 839
395, 712, 930
396, 224, 649
397, 356, 595
398, 417, 656
399, 450, 946
400, 67, 400
401, 83, 370
402, 723, 977
403, 30, 992
404, 690, 796
405, 131, 608
406, 148, 270
407, 298, 467
408, 283, 367
409, 254, 731
410, 276, 938
411, 125, 792
412, 57, 598
413, 725, 966
414, 111, 711
415, 382, 986
416, 26, 753
417, 94, 623
418, 840, 925
419, 260, 886
420, 366, 634
421, 627, 658
422, 176, 357
423, 541, 615
424, 300, 585
425, 683, 924
426, 420, 435
427, 31, 394
428, 88, 223
429, 34, 531
430, 91, 999
431, 730, 869
432, 107, 546
433, 195, 362
434, 755, 866
435, 520, 525
436, 41, 106
437, 191, 845
438, 235, 888
439, 194, 220
440, 472, 989
441, 440, 654
442, 333, 579
443, 776, 849
444, 511, 719
445, 153, 847
446, 59, 659
447, 294, 312
448, 248, 906
449, 681, 821
450, 77, 557
451, 820, 904
452, 168, 318
453, 239, 610
454, 163, 602
455, 581, 705
456, 680, 724
457, 118, 895
458, 462, 580
459, 664, 914
460, 433, 860
461, 639, 995
462, 537, 854
463, 11, 783
464, 53, 837
465, 733, 877
466, 423, 577
467, 127, 439
468, 190, 720
469, 134, 941
470, 250, 587
471, 913, 973
472, 613, 703
473, 530, 545
474, 704, 870
475, 102, 976
476, 372, 408
477, 210, 381
478, 152, 386
479, 126, 240
480, 502, 956
481, 144, 742
482, 215, 421
483, 663, 968
484, 419, 795
485, 512, 786
486, 559, 891
487, 155, 551
488, 570, 774
489, 457, 736
490, 19, 669
491, 807, 945
492, 702, 962
493, 165, 569
494, 740, 848
495, 172, 594
496, 151, 959
497, 280, 764
498, 110, 814
499, 739, 833
500, 713, 942
501, 154, 683
502, 51, 410
503, 409, 429
504, 202, 770
505, 638, 728
506, 41, 436
507, 82, 558
508, 294, 931
509, 765, 858
510, 233, 646
511, 49, 659
512, 183, 877
513, 414, 506
514, 236, 788
515, 296, 359
516, 149, 193
517, 36, 551
518, 535, 635
519, 79, 867
520, 567, 934
521, 594, 984
522, 889, 907
523, 64, 123
524, 446, 967
525, 256, 572
526, 5, 167
527, 305, 595
528, 528, 892
529, 140, 200
530, 450, 570
531, 272, 760
532, 420, 735
533, 248, 699
534, 508, 605
535, 215, 495
536, 271, 380
537, 153, 868
538, 268, 946
539, 891, 933
540, 138, 965
541, 58, 303
542, 108, 908
543, 257, 820
544, 441, 979
545, 285, 873
546, 161, 534
547, 116, 313
548, 536, 949
549, 301, 937
550, 584, 882
551, 113, 791
552, 830, 911
553, 229, 980
554, 503, 698
555, 6, 137
556, 144, 634
557, 612, 981
558, 530, 814
559, 221, 320
560, 361, 561
561, 628, 689
562, 351, 588
563, 430, 439
564, 249, 621
565, 334, 349
566, 945, 989
567, 191, 519
568, 323, 564
569, 787, 813
570, 419, 804
571, 29, 784
572, 76, 559
573, 780, 925
574, 355, 388
575, 155, 608
576, 347, 538
577, 400, 966
578, 403, 576
579, 65, 416
580, 454, 922
581, 259, 947
582, 504, 875
583, 205, 237
584, 437, 637
585, 141, 156
586, 89, 778
587, 768, 838
588, 34, 747
589, 542, 626
590, 251, 338
591, 87, 690
592, 21, 225
593, 119, 566
594, 337, 691
595, 358, 554
596, 526, 977
597, 78, 399
598, 700, 987
599, 366, 680
600, 314, 734
601, 350, 782
602, 24, 381
603, 290, 583
604, 456, 477
605, 196, 895
606, 39, 904
607, 109, 859
608, 96, 939
609, 581, 993
610, 2, 695
611, 556, 971
612, 53, 976
613, 327, 673
614, 393, 848
615, 620, 959
616, 102, 661
617, 283, 711
618, 617, 745
619, 105, 520
620, 336, 451
621, 240, 580
622, 513, 767
623, 56, 291
624, 440, 840
625, 455, 921
626, 110, 203
627, 52, 587
628, 560, 610
629, 184, 224
630, 490, 684
631, 625, 692
632, 124, 260
633, 3, 862
634, 74, 117
635, 568, 923
636, 209, 396
637, 716, 964
638, 258, 998
639, 553, 863
640, 653, 865
641, 188, 674
642, 299, 960
643, 178, 273
644, 139, 950
645, 319, 834
646, 37, 533
647, 582, 678
648, 48, 844
649, 886, 928
650, 90, 465
651, 756, 955
652, 590, 831
653, 829, 985
654, 729, 903
655, 833, 881
656, 135, 851
657, 100, 470
658, 208, 422
659, 335, 378
660, 210, 415
661, 701, 854
662, 555, 762
663, 130, 488
664, 69, 95
665, 219, 332
666, 176, 815
667, 168, 284
668, 112, 496
669, 888, 919
670, 160, 195
671, 43, 527
672, 316, 357
673, 775, 799
674, 599, 853
675, 252, 531
676, 127, 994
677, 362, 927
678, 94, 371
679, 469, 883
680, 175, 740
681, 217, 835
682, 475, 828
683, 781, 806
684, 671, 822
685, 11, 111
686, 339, 505
687, 17, 417
688, 322, 354
689, 425, 478
690, 147, 632
691, 982, 991
692, 494, 819
693, 786, 912
694, 424, 763
695, 9, 360
696, 288, 433
697, 614, 702
698, 486, 738
699, 346, 823
700, 811, 983
701, 286, 407
702, 32, 997
703, 328, 511
704, 88, 758
705, 676, 736
706, 13, 22
707, 86, 648
708, 63, 107
709, 500, 794
710, 719, 906
711, 502, 986
712, 35, 810
713, 173, 796
714, 238, 870
715, 600, 932
716, 841, 963
717, 391, 461
718, 516, 604
719, 667, 704
720, 73, 832
721, 166, 306
722, 4, 402
723, 462, 973
724, 369, 563
725, 773, 793
726, 401, 640
727, 25, 663
728, 459, 879
729, 66, 660
730, 42, 330
731, 106, 383
732, 40, 179
733, 309, 996
734, 214, 615
735, 46, 573
736, 693, 970
737, 655, 743
738, 565, 954
739, 307, 395
740, 445, 774
741, 23, 162
742, 650, 750
743, 72, 77
744, 278, 404
745, 326, 798
746, 449, 805
747, 8, 377
748, 497, 943
749, 941, 995
750, 668, 797
751, 190, 682
752, 247, 703
753, 277, 710
754, 226, 705
755, 569, 836
756, 412, 958
757, 289, 715
758, 263, 898
759, 442, 749
760, 15, 543
761, 353, 389
762, 170, 890
763, 387, 452
764, 557, 897
765, 186, 730
766, 532, 645
767, 10, 845
768, 62, 352
769, 242, 493
770, 718, 783
771, 26, 746
772, 481, 677
773, 821, 874
774, 118, 467
775, 142, 917
776, 482, 596
777, 548, 751
778, 779, 837
779, 101, 607
780, 70, 884
781, 282, 816
782, 748, 757
783, 686, 744
784, 172, 244
785, 679, 801
786, 579, 741
787, 98, 132
788, 164, 910
789, 265, 571
790, 457, 606
791, 198, 761
792, 44, 54
793, 460, 499
794, 136, 952
795, 957, 1000
796, 466, 641
797, 297, 517
798, 122, 471
799, 204, 325
800, 18, 619
801, 262, 405
802, 785, 849
803, 68, 609
804, 146, 639
805, 281, 885
806, 270, 448
807, 12, 453
808, 7, 489
809, 228, 435
810, 658, 864
811, 426, 474
812, 406, 818
813, 616, 909
814, 857, 940
815, 473, 726
816, 295, 644
817, 28, 826
818, 421, 988
819, 611, 672
820, 181, 926
821, 321, 707
822, 329, 384
823, 394, 656
824, 60, 905
825, 670, 872
826, 777, 930
827, 81, 850
828, 458, 479
829, 375, 887
830, 97, 163
831, 293, 803
832, 846, 953
833, 593, 812
834, 766, 972
835, 292, 924
836, 311, 372
837, 341, 790
838, 150, 264
839, 397, 713
840, 241, 312
841, 218, 308
842, 84, 408
843, 287, 685
844, 432, 860
845, 696, 990
846, 1, 545
847, 544, 752
848, 169, 723
849, 50, 936
850, 552, 706
851, 379, 578
852, 206, 665
853, 525, 666
854, 134, 914
855, 199, 992
856, 709, 824
857, 189, 944
858, 539, 839
859, 342, 367
860, 171, 647
861, 280, 515
862, 194, 795
863, 157, 254
864, 57, 802
865, 485, 575
866, 279, 468
867, 681, 807
868, 324, 847
869, 274, 929
870, 261, 480
871, 158, 370
872, 223, 759
873, 310, 633
874, 444, 918
875, 145, 654
876, 501, 624
877, 340, 961
878, 201, 364
879, 80, 725
880, 165, 510
881, 861, 878
882, 30, 636
883, 143, 913
884, 185, 431
885, 731, 754
886, 491, 627
887, 59, 541
888, 212, 428
889, 333, 669
890, 547, 603
891, 267, 304
892, 601, 902
893, 443, 562
894, 125, 742
895, 549, 717
896, 180, 348
897, 182, 708
898, 16, 623
899, 197, 721
900, 67, 275
901, 220, 724
902, 250, 537
903, 550, 589
904, 386, 529
905, 483, 915
906, 120, 598
907, 231, 896
908, 737, 843
909, 31, 869
910, 27, 91
911, 374, 413
912, 800, 894
913, 382, 739
914, 83, 230
915, 630, 643
916, 498, 675
917, 75, 126
918, 235, 687
919, 47, 227
920, 255, 507
921, 464, 999
922, 343, 523
923, 14, 269
924, 472, 613
925, 585, 856
926, 302, 345
927, 753, 772
928, 246, 651
929, 697, 916
930, 115, 521
931, 392, 546
932, 522, 956
933, 192, 253
934, 344, 591
935, 93, 631
936, 476, 827
937, 487, 755
938, 33, 969
939, 266, 712
940, 38, 92
941, 363, 974
942, 447, 629
943, 597, 618
944, 148, 622
945, 174, 592
946, 368, 376
947, 133, 602
948, 213, 727
949, 20, 792
950, 968, 978
951, 331, 385
952, 216, 438
953, 524, 657
954, 540, 789
955, 390, 694
956, 652, 664
957, 642, 776
958, 942, 951
959, 577, 722
960, 121, 411
961, 586, 962
962, 99, 243
963, 45, 842
964, 55, 427
965, 649, 769
966, 103, 398
967, 574, 662
968, 484, 817
969, 512, 920
970, 104, 418
971, 131, 207
972, 825, 866
973, 85, 211
974, 177, 187
975, 373, 463
976, 222, 901
977, 855, 880
978, 298, 809
979, 245, 434
980, 152, 509
981, 688, 732
982, 159, 315
983, 317, 764
984, 492, 935
985, 128, 234
986, 276, 518
987, 19, 365
988, 808, 893
989, 720, 876
990, 151, 871
991, 232, 423
992, 239, 300
993, 899, 900
994, 114, 514
995, 129, 938
996, 61, 948
997, 318, 733
998, 71, 771
999, 714, 975
1000, 356, 852
1001, 516, 538
1002, 57, 896
1003, 662, 993
1004, 115, 404
1005, 551, 870
1006, 292, 297
1007, 670, 695
1008, 627, 811
1009, 594, 859
1010, 791, 935
1011, 864, 881
1012, 114, 790
1013, 281, 643
1014, 258, 431
1015, 180, 489
1016, 206, 711
1017, 350, 390
1018, 52, 450
1019, 648, 957
1020, 377, 777
1021, 476, 757
1022, 488, 829
1023, 330, 334
1024, 482, 931
1025, 326, 589
1026, 195, 559
1027, 38, 305
1028, 162, 441
1029, 550, 759
1030, 74, 147
1031, 157, 530
1032, 575, 911
1033, 437, 940
1034, 436, 888
1035, 56, 905
1036, 60, 838
1037, 83, 229
1038, 89, 415
1039, 191, 669
1040, 304, 401
1041, 315, 582
1042, 680, 828
1043, 616, 636
1044, 158, 280
1045, 205, 878
1046, 111, 840
1047, 425, 435
1048, 199, 352
1049, 5, 154
1050, 228, 925
1051, 485, 825
1052, 100, 444
1053, 420, 731
1054, 609, 844
1055, 18, 539
1056, 210, 510
1057, 320, 622
1058, 612, 655
1059, 113, 285
1060, 185, 272
1061, 200, 325
1062, 13, 45
1063, 509, 540
1064, 207, 271
1065, 34, 948
1066, 171, 809
1067, 41, 277
1068, 523, 877
1069, 527, 756
1070, 25, 492
1071, 467, 576
1072, 755, 775
1073, 725, 752
1074, 238, 722
1075, 294, 572
1076, 31, 585
1077, 116, 586
1078, 302, 580
1079, 103, 745
1080, 275, 972
1081, 548, 826
1082, 27, 884
1083, 149, 177
1084, 333, 788
1085, 226, 299
1086, 387, 799
1087, 524, 729
1088, 240, 858
1089, 47, 327
1090, 248, 295
1091, 78, 419
1092, 224, 477
1093, 562, 819
1094, 88, 664
1095, 209, 556
1096, 66, 546
1097, 355, 767
1098, 504, 733
1099, 383, 598
1100, 202, 718
1101, 53, 865
1102, 688, 763
1103, 97, 869
1104, 754, 879
1105, 164, 721
1106, 223, 930
1107, 109, 393
1108, 68, 119
1109, 293, 568
1110, 104, 309
1111, 122, 611
1112, 170, 235
1113, 345, 903
1114, 448, 831
1115, 715, 724
1116, 561, 822
1117, 316, 391
1118, 8, 194
1119, 16, 619
1120, 251, 702
1121, 344, 632
1122, 916, 917
1123, 156, 314
1124, 644, 871
1125, 687, 812
1126, 832, 898
1127, 402, 684
1128, 360, 438
1129, 65, 818
1130, 136, 221
1131, 1, 339
1132, 478, 741
1133, 607, 610
1134, 76, 613
1135, 232, 689
1136, 329, 717
1137, 107, 218
1138, 33, 730
1139, 537, 652
1140, 396, 841
1141, 276, 336
1142, 340, 500
1143, 863, 975
1144, 179, 820
1145, 779, 874
1146, 739, 743
1147, 536, 573
1148, 338, 992
1149, 50, 920
1150, 20, 453
1151, 837, 996
1152, 32, 705
1153, 193, 371
1154, 534, 872
1155, 63, 690
1156, 96, 267
1157, 270, 691
1158, 298, 789
1159, 620, 737
1160, 583, 807
1161, 39, 394
1162, 494, 703
1163, 90, 751
1164, 738, 902
1165, 142, 169
1166, 545, 714
1167, 247, 770
1168, 133, 518
1169, 79, 552
1170, 557, 794
1171, 9, 375
1172, 376, 493
1173, 182, 973
1174, 466, 471
1175, 595, 941
1176, 543, 732
1177, 138, 839
1178, 723, 855
1179, 472, 554
1180, 148, 674
1181, 496, 927
1182, 400, 720
1183, 335, 584
1184, 370, 531
1185, 219, 310
1186, 15, 726
1187, 64, 434
1188, 443, 909
1189, 426, 774
1190, 446, 753
1191, 374, 663
1192, 337, 481
1193, 62, 121
1194, 364, 980
1195, 286, 385
1196, 397, 780
1197, 647, 978
1198, 19, 727
1199, 918, 974
1200, 312, 417
1201, 213, 411
1202, 558, 915
1203, 144, 887
1204, 2, 835
1205, 84, 883
1206, 22, 176
1207, 287, 833
1208, 513, 899
1209, 342, 854
1210, 86, 211
1211, 796, 971
1212, 590, 639
1213, 665, 860
1214, 124, 361
1215, 451, 709
1216, 190, 307
1217, 713, 856
1218, 227, 421
1219, 708, 970
1220, 59, 701
1221, 87, 760
1222, 449, 750
1223, 418, 946
1224, 212, 413
1225, 197, 866
1226, 161, 676
1227, 483, 895
1228, 166, 416
1229, 231, 842
1230, 139, 346
1231, 35, 365
1232, 95, 744
1233, 127, 910
1234, 253, 579
1235, 675, 736
1236, 165, 239
1237, 186, 921
1238, 181, 605
1239, 155, 341
1240, 244, 907
1241, 101, 230
1242, 256, 873
1243, 429, 947
1244, 160, 679
1245, 245, 995
1246, 824, 846
1247, 502, 893
1248, 174, 625
1249, 486, 803
1250, 178, 587
1251, 407, 959
1252, 71, 532
1253, 215, 710
1254, 781, 851
1255, 262, 747
1256, 110, 535
1257, 152, 440
1258, 351, 924
1259, 765, 942
1260, 549, 696
1261, 465, 563
1262, 447, 965
1263, 80, 501
1264, 512, 628
1265, 264, 596
1266, 6, 574
1267, 618, 706
1268, 566, 597
1269, 592, 719
1270, 681, 682
1271, 384, 999
1272, 265, 686
1273, 289, 410
1274, 189, 716
1275, 358, 392
1276, 797, 900
1277, 544, 969
1278, 77, 246
1279, 454, 542
1280, 640, 793
1281, 130, 565
1282, 321, 787
1283, 94, 515
1284, 49, 73
1285, 236, 659
1286, 631, 728
1287, 748, 949
1288, 804, 926
1289, 75, 445
1290, 432, 638
1291, 480, 958
1292, 462, 470
1293, 250, 503
1294, 491, 630
1295, 368, 934
1296, 141, 766
1297, 159, 773
1298, 463, 645
1299, 318, 328
1300, 282, 998
1301, 395, 943
1302, 379, 968
1303, 479, 606
1304, 484, 528
1305, 306, 694
1306, 505, 795
1307, 241, 601
1308, 7, 672
1309, 234, 254
1310, 24, 125
1311, 123, 904
1312, 317, 457
1313, 313, 810
1314, 296, 816
1315, 198, 474
1316, 17, 650
1317, 93, 569
1318, 497, 603
1319, 667, 882
1320, 85, 353
1321, 143, 217
1322, 452, 784
1323, 458, 521
1324, 399, 785
1325, 54, 412
1326, 112, 624
1327, 268, 742
1328, 311, 405
1329, 734, 867
1330, 740, 923
1331, 356, 386
1332, 131, 814
1333, 629, 683
1334, 128, 266
1335, 48, 126
1336, 424, 913
1337, 26, 890
1338, 70, 547
1339, 366, 423
1340, 570, 889
1341, 98, 331
1342, 259, 649
1343, 168, 301
1344, 108, 442
1345, 461, 749
1346, 433, 798
1347, 300, 657
1348, 409, 986
1349, 214, 499
1350, 11, 885
1351, 163, 637
1352, 508, 981
1353, 51, 398
1354, 522, 707
1355, 99, 208
1356, 91, 459
1357, 28, 511
1358, 225, 704
1359, 61, 82
1360, 201, 635
1361, 196, 578
1362, 67, 464
1363, 813, 875
1364, 693, 782
1365, 857, 960
1366, 666, 769
1367, 677, 976
1368, 324, 956
1369, 591, 961
1370, 806, 919
1371, 357, 456
1372, 105, 646
1373, 514, 656
1374, 615, 697
1375, 526, 660
1376, 517, 962
1377, 908, 997
1378, 382, 498
1379, 216, 389
1380, 278, 567
1381, 381, 641
1382, 671, 768
1383, 233, 836
1384, 252, 821
1385, 188, 406
1386, 273, 634
1387, 581, 658
1388, 698, 712
1389, 134, 984
1390, 746, 783
1391, 668, 801
1392, 771, 964
1393, 29, 408
1394, 359, 906
1395, 187, 764
1396, 519, 933
1397, 468, 953
1398, 175, 876
1399, 623, 772
1400, 525, 952
1401, 43, 914
1402, 349, 1000
1403, 507, 621
1404, 588, 699
1405, 92, 284
1406, 761, 963
1407, 369, 700
1408, 354, 892
1409, 12, 922
1410, 414, 982
1411, 10, 323
1412, 192, 372
1413, 4, 599
1414, 427, 936
1415, 255, 541
1416, 792, 886
1417, 44, 685
1418, 642, 808
1419, 363, 954
1420, 3, 977
1421, 173, 901
1422, 608, 861
1423, 106, 991
1424, 520, 987
1425, 422, 430
1426, 506, 853
1427, 533, 654
1428, 69, 600
1429, 102, 614
1430, 72, 120
1431, 288, 291
1432, 23, 673
1433, 778, 880
1434, 378, 455
1435, 153, 845
1436, 242, 937
1437, 118, 912
1438, 243, 626
1439, 117, 815
1440, 30, 564
1441, 322, 439
1442, 203, 983
1443, 220, 303
1444, 184, 490
1445, 151, 308
1446, 249, 460
1447, 283, 817
1448, 560, 651
1449, 140, 989
1450, 834, 929
1451, 260, 988
1452, 800, 848
1453, 571, 661
1454, 46, 58
1455, 604, 897
1456, 237, 269
1457, 802, 850
1458, 263, 373
1459, 274, 847
1460, 805, 985
1461, 222, 332
1462, 150, 555
1463, 495, 692
1464, 261, 758
1465, 577, 938
1466, 36, 132
1467, 40, 762
1468, 633, 955
1469, 37, 894
1470, 135, 388
1471, 830, 979
1472, 343, 967
1473, 21, 129
1474, 257, 469
1475, 137, 950
1476, 146, 827
1477, 678, 852
1478, 617, 735
1479, 602, 932
1480, 55, 380
1481, 172, 928
1482, 593, 966
1483, 319, 944
1484, 204, 786
1485, 891, 990
1486, 553, 849
1487, 487, 939
1488, 348, 653
1489, 279, 843
1490, 428, 776
1491, 145, 951
1492, 823, 945
1493, 529, 862
1494, 167, 868
1495, 42, 994
1496, 362, 473
1497, 14, 347
1498, 81, 290
1499, 183, 475
1500, 367, 403
1501, 572, 819
1502, 461, 676
1503, 144, 396
1504, 652, 718
1505, 433, 776
1506, 490, 547
1507, 191, 473
1508, 529, 836
1509, 692, 784
1510, 104, 900
1511, 169, 417
1512, 50, 746
1513, 269, 715
1514, 380, 816
1515, 177, 563
1516, 297, 479
1517, 571, 799
1518, 16, 885
1519, 322, 591
1520, 8, 164
1521, 476, 580
1522, 95, 268
1523, 153, 662
1524, 421, 802
1525, 278, 508
1526, 390, 445
1527, 56, 431
1528, 344, 779
1529, 210, 655
1530, 593, 606
1531, 532, 680
1532, 285, 999
1533, 438, 474
1534, 122, 528
1535, 505, 957
1536, 13, 604
1537, 759, 812
1538, 486, 650
1539, 660, 822
1540, 110, 506
1541, 197, 761
1542, 625, 711
1543, 437, 786
1544, 413, 517
1545, 128, 943
1546, 238, 985
1547, 439, 753
1548, 131, 501
1549, 329, 834
1550, 236, 815
1551, 341, 866
1552, 292, 343
1553, 251, 497
1554, 138, 970
1555, 103, 150
1556, 55, 346
1557, 216, 333
1558, 218, 354
1559, 744, 831
1560, 426, 868
1561, 315, 560
1562, 89, 270
1563, 308, 634
1564, 303, 846
1565, 70, 154
1566, 684, 697
1567, 253, 538
1568, 808, 945
1569, 774, 889
1570, 287, 837
1571, 579, 823
1572, 37, 566
1573, 2, 627
1574, 728, 857
1575, 450, 948
1576, 682, 703
1577, 695, 801
1578, 412, 548
1579, 451, 755
1580, 7, 526
1581, 10, 623
1582, 286, 773
1583, 326, 777
1584, 687, 775
1585, 125, 609
1586, 35, 99
1587, 20, 895
1588, 664, 852
1589, 578, 605
1590, 228, 585
1591, 106, 141
1592, 105, 939
1593, 86, 318
1594, 293, 944
1595, 757, 986
1596, 363, 436
1597, 38, 870
1598, 107, 453
1599, 337, 373
1600, 515, 952
1601, 366, 789
1602, 187, 730
1603, 225, 670
1604, 54, 654
1605, 824, 878
1606, 668, 982
1607, 449, 647
1608, 6, 66
1609, 452, 640
1610, 49, 469
1611, 442, 531
1612, 489, 612
1613, 807, 849
1614, 552, 620
1615, 690, 916
1616, 334, 758
1617, 347, 875
1618, 175, 245
1619, 382, 947
1620, 26, 444
1621, 3, 272
1622, 223, 495
1623, 471, 688
1624, 720, 972
1625, 258, 962
1626, 101, 934
1627, 443, 536
1628, 814, 843
1629, 922, 930
1630, 434, 665
1631, 196, 924
1632, 19, 533
1633, 636, 637
1634, 282, 649
1635, 180, 530
1636, 229, 766
1637, 518, 693
1638, 467, 971
1639, 375, 557
1640, 133, 683
1641, 23, 811
1642, 358, 793
1643, 646, 706
1644, 708, 864
1645, 231, 974
1646, 208, 411
1647, 147, 340
1648, 123, 149
1649, 306, 448
1650, 787, 969
1651, 402, 611
1652, 65, 230
1653, 9, 29
1654, 362, 659
1655, 304, 447
1656, 877, 903
1657, 480, 781
1658, 259, 888
1659, 710, 805
1660, 573, 701
1661, 254, 345
1662, 368, 446
1663, 524, 624
1664, 158, 520
1665, 217, 456
1666, 457, 669
1667, 62, 723
1668, 357, 408
1669, 330, 951
1670, 482, 550
1671, 351, 516
1672, 296, 391
1673, 182, 933
1674, 464, 582
1675, 663, 917
1676, 60, 745
1677, 43, 618
1678, 913, 931
1679, 167, 644
1680, 205, 700
1681, 1, 717
1682, 11, 185
1683, 134, 201
1684, 111, 534
1685, 186, 840
1686, 405, 739
1687, 796, 862
1688, 317, 785
1689, 75, 925
1690, 78, 915
1691, 100, 463
1692, 321, 613
1693, 207, 617
1694, 323, 827
1695, 52, 316
1696, 18, 299
1697, 410, 672
1698, 25, 901
1699, 219, 705
1700, 220, 661
1701, 260, 575
1702, 577, 629
1703, 157, 365
1704, 46, 844
1705, 176, 353
1706, 247, 856
1707, 752, 772
1708, 339, 666
1709, 902, 938
1710, 126, 716
1711, 41, 115
1712, 483, 513
1713, 328, 470
1714, 88, 863
1715, 281, 967
1716, 535, 544
1717, 257, 477
1718, 34, 441
1719, 314, 394
1720, 289, 384
1721, 295, 545
1722, 767, 820
1723, 379, 988
1724, 57, 586
1725, 241, 588
1726, 492, 642
1727, 651, 768
1728, 562, 956
1729, 22, 370
1730, 32, 832
1731, 522, 770
1732, 139, 172
1733, 165, 192
1734, 765, 984
1735, 280, 891
1736, 63, 979
1737, 40, 923
1738, 621, 981
1739, 332, 769
1740, 255, 709
1741, 369, 942
1742, 71, 795
1743, 45, 193
1744, 389, 826
1745, 771, 873
1746, 540, 953
1747, 630, 804
1748, 161, 732
1749, 414, 658
1750, 74, 310
1751, 12, 907
1752, 465, 797
1753, 113, 142
1754, 171, 320
1755, 729, 850
1756, 80, 485
1757, 17, 189
1758, 239, 961
1759, 792, 955
1760, 639, 977
1761, 325, 420
1762, 214, 722
1763, 491, 584
1764, 590, 949
1765, 393, 424
1766, 455, 838
1767, 574, 633
1768, 213, 307
1769, 425, 514
1770, 47, 509
1771, 704, 975
1772, 194, 677
1773, 963, 1000
1774, 233, 750
1775, 120, 554
1776, 82, 129
1777, 98, 462
1778, 558, 851
1779, 227, 806
1780, 519, 657
1781, 371, 987
1782, 275, 854
1783, 507, 966
1784, 311, 638
1785, 689, 724
1786, 324, 914
1787, 145, 608
1788, 400, 859
1789, 911, 997
1790, 740, 906
1791, 556, 615
1792, 298, 484
1793, 653, 882
1794, 422, 800
1795, 631, 954
1796, 313, 905
1797, 137, 748
1798, 265, 733
1799, 678, 778
1800, 209, 493
1801, 68, 937
1802, 399, 610
1803, 498, 932
1804, 130, 250
1805, 892, 910
1806, 876, 959
1807, 386, 721
1808, 376, 427
1809, 102, 691
1810, 741, 860
1811, 81, 855
1812, 72, 950
1813, 215, 291
1814, 94, 481
1815, 833, 865
1816, 48, 510
1817, 51, 383
1818, 681, 918
1819, 162, 699
1820, 170, 232
1821, 31, 468
1822, 235, 894
1823, 632, 960
1824, 335, 726
1825, 246, 702
1826, 685, 968
1827, 290, 825
1828, 294, 990
1829, 626, 656
1830, 79, 936
1831, 140, 614
1832, 271, 764
1833, 466, 674
1834, 348, 349
1835, 53, 166
1836, 152, 679
1837, 222, 899
1838, 84, 204
1839, 828, 874
1840, 830, 881
1841, 132, 760
1842, 561, 596
1843, 398, 821
1844, 61, 67
1845, 121, 266
1846, 159, 673
1847, 622, 919
1848, 226, 783
1849, 392, 395
1850, 212, 909
1851, 460, 567
1852, 352, 381
1853, 378, 570
1854, 367, 762
1855, 751, 839
1856, 27, 927
1857, 244, 356
1858, 385, 568
1859, 309, 401
1860, 277, 798
1861, 742, 871
1862, 198, 965
1863, 302, 847
1864, 148, 499
1865, 190, 415
1866, 179, 555
1867, 199, 419
1868, 364, 897
1869, 288, 872
1870, 155, 893
1871, 686, 980
1872, 240, 964
1873, 146, 994
1874, 734, 998
1875, 458, 719
1876, 109, 976
1877, 151, 756
1878, 737, 780
1879, 616, 996
1880, 108, 921
1881, 160, 404
1882, 503, 694
1883, 135, 472
1884, 73, 407
1885, 92, 416
1886, 97, 929
1887, 44, 564
1888, 33, 202
1889, 4, 300
1890, 813, 991
1891, 488, 731
1892, 858, 869
1893, 30, 487
1894, 342, 595
1895, 28, 735
1896, 576, 707
1897, 64, 643
1898, 96, 845
1899, 184, 763
1900, 372, 553
1901, 628, 675
1902, 124, 810
1903, 114, 206
1904, 221, 494
1905, 116, 178
1906, 112, 478
1907, 91, 264
1908, 388, 983
1909, 525, 601
1910, 156, 512
1911, 496, 543
1912, 15, 738
1913, 327, 879
1914, 504, 583
1915, 276, 539
1916, 93, 387
1917, 835, 993
1918, 904, 928
1919, 195, 249
1920, 541, 817
1921, 273, 600
1922, 274, 597
1923, 234, 454
1924, 319, 542
1925, 284, 848
1926, 440, 569
1927, 24, 377
1928, 267, 853
1929, 173, 635
1930, 428, 667
1931, 136, 224
1932, 181, 336
1933, 279, 551
1934, 83, 747
1935, 409, 788
1936, 790, 940
1937, 59, 809
1938, 118, 406
1939, 736, 842
1940, 459, 880
1941, 749, 886
1942, 754, 841
1943, 546, 803
1944, 69, 935
1945, 423, 607
1946, 511, 861
1947, 188, 743
1948, 475, 995
1949, 21, 887
1950, 262, 301
1951, 58, 312
1952, 403, 912
1953, 127, 243
1954, 174, 713
1955, 594, 712
1956, 581, 641
1957, 502, 619
1958, 794, 992
1959, 200, 203
1960, 242, 305
1961, 143, 941
1962, 714, 908
1963, 39, 500
1964, 648, 725
1965, 211, 884
1966, 338, 696
1967, 119, 331
1968, 237, 587
1969, 283, 430
1970, 698, 898
1971, 727, 791
1972, 958, 978
1973, 263, 549
1974, 163, 183
1975, 14, 946
1976, 521, 589
1977, 90, 360
1978, 350, 397
1979, 602, 603
1980, 87, 435
1981, 117, 537
1982, 599, 829
1983, 85, 645
1984, 432, 883
1985, 559, 890
1986, 920, 989
1987, 36, 168
1988, 527, 565
1989, 355, 361
1990, 592, 896
1991, 76, 429
1992, 248, 782
1993, 359, 523
1994, 598, 671
1995, 5, 261
1996, 42, 867
1997, 252, 926
1998, 77, 973
1999, 256, 374
2000, 418, 818
2001, 212, 300
2002, 29, 682
2003, 191, 429
2004, 160, 261
2005, 632, 882
2006, 80, 727
2007, 419, 851
2008, 398, 957
2009, 107, 925
2010, 302, 457
2011, 237, 606
2012, 69, 953
2013, 45, 326
2014, 353, 985
2015, 192, 926
2016, 200, 705
2017, 18, 323
2018, 613, 876
2019, 874, 910
2020, 5, 173
2021, 241, 817
2022, 535, 607
2023, 680, 753
2024, 97, 810
2025, 282, 304
2026, 169, 183
2027, 709, 947
2028, 228, 654
2029, 927, 949
2030, 44, 575
2031, 198, 424
2032, 621, 869
2033, 386, 763
2034, 597, 935
2035, 301, 907
2036, 744, 845
2037, 132, 416
2038, 138, 723
2039, 521, 707
2040, 254, 473
2041, 131, 163
2042, 364, 944
2043, 456, 973
2044, 591, 638
2045, 655, 803
2046, 17, 806
2047, 149, 538
2048, 250, 661
2049, 124, 865
2050, 253, 644
2051, 474, 921
2052, 345, 479
2053, 572, 611
2054, 623, 670
2055, 71, 901
2056, 614, 828
2057, 600, 677
2058, 391, 412
2059, 188, 380
2060, 1, 442
2061, 196, 854
2062, 555, 809
2063, 797, 841
2064, 271, 831
2065, 774, 826
2066, 170, 846
2067, 51, 260
2068, 145, 356
2069, 16, 395
2070, 341, 434
2071, 243, 729
2072, 363, 522
2073, 49, 821
2074, 695, 775
2075, 53, 83
2076, 321, 743
2077, 227, 475
2078, 334, 909
2079, 651, 694
2080, 369, 376
2081, 856, 982
2082, 222, 617
2083, 802, 847
2084, 263, 671
2085, 405, 787
2086, 78, 360
2087, 82, 693
2088, 88, 209
2089, 290, 294
2090, 291, 549
2091, 140, 961
2092, 139, 794
2093, 135, 999
2094, 779, 853
2095, 281, 468
2096, 505, 877
2097, 142, 384
2098, 318, 795
2099, 454, 849
2100, 672, 867
2101, 383, 995
2102, 393, 663
2103, 484, 667
2104, 946, 987
2105, 752, 814
2106, 387, 735
2107, 501, 920
2108, 64, 482
2109, 749, 948
2110, 148, 975
2111, 761, 919
2112, 310, 493
2113, 567, 790
2114, 726, 773
2115, 185, 561
2116, 85, 570
2117, 210, 815
2118, 206, 502
2119, 411, 737
2120, 751, 862
2121, 34, 556
2122, 315, 513
2123, 14, 309
2124, 390, 557
2125, 541, 979
2126, 517, 762
2127, 176, 932
2128, 270, 569
2129, 642, 857
2130, 28, 487
2131, 678, 720
2132, 194, 536
2133, 445, 550
2134, 455, 699
2135, 640, 981
2136, 152, 792
2137, 105, 453
2138, 878, 964
2139, 777, 864
2140, 177, 626
2141, 141, 441
2142, 2, 406
2143, 202, 240
2144, 498, 840
2145, 201, 916
2146, 610, 890
2147, 647, 835
2148, 76, 215
2149, 193, 750
2150, 39, 700
2151, 251, 884
2152, 7, 759
2153, 74, 515
2154, 164, 703
2155, 175, 462
2156, 61, 579
2157, 238, 959
2158, 171, 906
2159, 520, 989
2160, 858, 958
2161, 179, 231
2162, 657, 714
2163, 38, 679
2164, 158, 314
2165, 292, 665
2166, 645, 646
2167, 534, 903
2168, 635, 786
2169, 438, 798
2170, 195, 328
2171, 130, 562
2172, 214, 504
2173, 100, 483
2174, 93, 622
2175, 354, 710
2176, 365, 581
2177, 410, 471
2178, 274, 604
2179, 428, 506
2180, 174, 928
2181, 109, 965
2182, 73, 804
2183, 624, 697
2184, 566, 931
2185, 43, 898
2186, 248, 805
2187, 551, 843
2188, 182, 782
2189, 742, 756
2190, 224, 625
2191, 56, 335
2192, 288, 934
2193, 358, 963
2194, 286, 791
2195, 362, 414
2196, 389, 554
2197, 760, 800
2198, 67, 977
2199, 325, 553
2200, 322, 519
2201, 467, 912
2202, 619, 796
2203, 565, 980
2204, 295, 526
2205, 630, 833
2206, 402, 461
2207, 378, 899
2208, 490, 649
2209, 247, 984
2210, 486, 585
2211, 303, 590
2212, 115, 488
2213, 10, 765
2214, 186, 235
2215, 8, 236
2216, 669, 945
2217, 758, 872
2218, 86, 336
2219, 112, 820
2220, 542, 588
2221, 413, 731
2222, 68, 812
2223, 230, 776
2224, 125, 807
2225, 370, 834
2226, 952, 1000
2227, 459, 499
2228, 503, 848
2229, 629, 978
2230, 242, 813
2231, 784, 789
2232, 319, 719
2233, 32, 232
2234, 187, 213
2235, 203, 712
2236, 284, 447
2237, 136, 746
2238, 533, 721
2239, 409, 415
2240, 205, 641
2241, 599, 870
2242, 159, 930
2243, 52, 146
2244, 690, 793
2245, 316, 422
2246, 13, 587
2247, 102, 436
2248, 96, 895
2249, 36, 770
2250, 298, 880
2251, 165, 514
2252, 329, 839
2253, 108, 893
2254, 718, 764
2255, 153, 576
2256, 609, 943
2257, 432, 476
2258, 331, 559
2259, 128, 992
2260, 548, 732
2261, 320, 407
2262, 111, 730
2263, 421, 836
2264, 584, 904
2265, 154, 801
2266, 239, 277
2267, 338, 739
2268, 103, 593
2269, 266, 537
2270, 161, 691
2271, 855, 875
2272, 394, 748
2273, 207, 524
2274, 417, 674
2275, 122, 747
2276, 352, 648
2277, 299, 724
2278, 544, 755
2279, 439, 993
2280, 547, 643
2281, 317, 676
2282, 324, 881
2283, 37, 221
2284, 728, 827
2285, 379, 583
2286, 448, 637
2287, 199, 244
2288, 430, 605
2289, 704, 956
2290, 79, 433
2291, 15, 280
2292, 90, 545
2293, 733, 892
2294, 167, 939
2295, 368, 375
2296, 381, 512
2297, 911, 917
2298, 24, 711
2299, 283, 887
2300, 180, 708
2301, 6, 564
2302, 19, 659
2303, 46, 382
2304, 275, 279
2305, 20, 962
2306, 594, 602
2307, 532, 688
2308, 496, 968
2309, 273, 481
2310, 84, 267
2311, 127, 908
2312, 372, 392
2313, 420, 860
2314, 150, 701
2315, 31, 768
2316, 539, 664
2317, 628, 788
2318, 337, 339
2319, 41, 598
2320, 55, 830
2321, 525, 886
2322, 425, 734
2323, 147, 914
2324, 246, 631
2325, 293, 357
2326, 568, 974
2327, 307, 861
2328, 77, 972
2329, 48, 954
2330, 229, 769
2331, 824, 937
2332, 348, 780
2333, 736, 936
2334, 118, 204
2335, 933, 998
2336, 276, 859
2337, 134, 330
2338, 66, 745
2339, 443, 495
2340, 162, 595
2341, 463, 799
2342, 233, 437
2343, 311, 573
2344, 808, 951
2345, 470, 950
2346, 42, 692
2347, 531, 574
2348, 440, 633
2349, 137, 265
2350, 60, 675
2351, 312, 355
2352, 259, 582
2353, 373, 510
2354, 217, 346
2355, 523, 560
2356, 104, 308
2357, 54, 683
2358, 500, 955
2359, 40, 397
2360, 686, 883
2361, 361, 477
2362, 653, 658
2363, 508, 781
2364, 272, 543
2365, 377, 620
2366, 95, 608
2367, 340, 702
2368, 63, 333
2369, 371, 722
2370, 121, 850
2371, 119, 349
2372, 738, 822
2373, 449, 639
2374, 87, 285
2375, 117, 772
2376, 98, 226
2377, 924, 986
2378, 811, 922
2379, 89, 896
2380, 110, 327
2381, 426, 983
2382, 580, 592
2383, 3, 687
2384, 123, 990
2385, 59, 844
2386, 351, 464
2387, 507, 942
2388, 350, 725
2389, 546, 767
2390, 62, 342
2391, 23, 969
2392, 99, 245
2393, 116, 518
2394, 126, 269
2395, 220, 563
2396, 35, 766
2397, 296, 681
2398, 740, 991
2399, 489, 967
2400, 343, 552
2401, 255, 540
2402, 287, 866
2403, 151, 818
2404, 399, 404
2405, 234, 497
2406, 25, 427
2407, 451, 472
2408, 297, 971
2409, 168, 873
2410, 431, 771
2411, 178, 249
2412, 452, 673
2413, 223, 601
2414, 218, 905
2415, 184, 485
2416, 529, 929
2417, 22, 938
2418, 757, 923
2419, 75, 819
2420, 211, 401
2421, 11, 278
2422, 50, 347
2423, 197, 262
2424, 258, 666
2425, 618, 838
2426, 12, 120
2427, 660, 689
2428, 144, 400
2429, 172, 313
2430, 155, 940
2431, 181, 889
2432, 305, 888
2433, 157, 252
2434, 509, 696
2435, 21, 458
2436, 662, 825
2437, 26, 837
2438, 344, 652
2439, 741, 829
2440, 306, 460
2441, 219, 823
2442, 444, 577
2443, 366, 388
2444, 656, 885
2445, 113, 491
2446, 91, 166
2447, 785, 852
2448, 494, 988
2449, 627, 863
2450, 589, 913
2451, 403, 902
2452, 842, 994
2453, 615, 650
2454, 30, 367
2455, 143, 698
2456, 114, 408
2457, 47, 101
2458, 133, 190
2459, 586, 966
2460, 685, 868
2461, 374, 894
2462, 257, 511
2463, 636, 879
2464, 106, 778
2465, 446, 450
2466, 423, 918
2467, 94, 668
2468, 33, 189
2469, 816, 915
2470, 92, 527
2471, 516, 941
2472, 706, 960
2473, 4, 72
2474, 578, 976
2475, 225, 997
2476, 634, 897
2477, 466, 996
2478, 208, 713
2479, 717, 754
2480, 216, 435
2481, 469, 871
2482, 70, 332
2483, 65, 612
2484, 256, 359
2485, 9, 558
2486, 268, 396
2487, 129, 616
2488, 156, 900
2489, 27, 81
2490, 480, 492
2491, 783, 891
2492, 596, 970
2493, 603, 832
2494, 528, 684
2495, 289, 478
2496, 571, 715
2497, 418, 465
2498, 58, 385
2499, 57, 264
2500, 530, 716
2501, 7, 142
2502, 6, 826
2503, 272, 577
2504, 169, 546
2505, 94, 797
2506, 682, 812
2507, 359, 426
2508, 1, 936
2509, 219, 403
2510, 393, 479
2511, 102, 350
2512, 541, 674
2513, 258, 743
2514, 385, 883
2515, 354, 953
2516, 771, 783
2517, 653, 762
2518, 448, 568
2519, 108, 189
2520, 335, 527
2521, 428, 484
2522, 164, 965
2523, 223, 439
2524, 635, 925
2525, 721, 823
2526, 37, 95
2527, 50, 711
2528, 250, 379
2529, 61, 934
2530, 178, 259
2531, 534, 552
2532, 67, 714
2533, 294, 371
2534, 378, 857
2535, 330, 553
2536, 231, 739
2537, 437, 949
2538, 717, 1000
2539, 319, 935
2540, 114, 406
2541, 177, 824
2542, 455, 882
2543, 5, 672
2544, 819, 872
2545, 101, 390
2546, 394, 547
2547, 45, 707
2548, 691, 753
2549, 87, 137
2550, 268, 972
2551, 593, 675
2552, 453, 540
2553, 291, 817
2554, 211, 370
2555, 346, 918
2556, 488, 940
2557, 171, 575
2558, 594, 938
2559, 726, 731
2560, 464, 693
2561, 837, 944
2562, 83, 402
2563, 191, 764
2564, 20, 761
2565, 329, 849
2566, 276, 515
2567, 216, 585
2568, 314, 924
2569, 513, 859
2570, 632, 937
2571, 112, 124
2572, 348, 487
2573, 126, 573
2574, 36, 631
2575, 111, 298
2576, 176, 827
2577, 208, 825
2578, 255, 921
2579, 555, 813
2580, 116, 891
2581, 146, 161
2582, 673, 898
2583, 941, 986
2584, 201, 885
2585, 372, 781
2586, 133, 143
2587, 791, 804
2588, 129, 391
2589, 680, 901
2590, 49, 96
2591, 543, 663
2592, 333, 526
2593, 644, 896
2594, 603, 757
2595, 120, 318
2596, 431, 703
2597, 180, 699
2598, 156, 786
2599, 681, 961
2600, 62, 493
2601, 289, 567
2602, 128, 562
2603, 387, 432
2604, 499, 560
2605, 413, 430
2606, 81, 719
2607, 248, 264
2608, 63, 418
2609, 213, 524
2610, 539, 646
2611, 148, 477
2612, 153, 642
2613, 340, 939
2614, 345, 666
2615, 299, 548
2616, 24, 633
2617, 651, 952
2618, 229, 579
2619, 375, 625
2620, 628, 985
2621, 187, 978
2622, 517, 946
2623, 197, 867
2624, 118, 353
2625, 35, 199
2626, 634, 816
2627, 192, 803
2628, 210, 451
2629, 270, 436
2630, 41, 456
2631, 545, 983
2632, 173, 466
2633, 8, 336
2634, 495, 529
2635, 190, 868
2636, 18, 461
2637, 773, 790
2638, 98, 991
2639, 396, 861
2640, 181, 751
2641, 382, 676
2642, 28, 207
2643, 159, 506
2644, 458, 871
2645, 64, 195
2646, 357, 551
2647, 29, 831
2648, 193, 422
2649, 890, 902
2650, 46, 792
2651, 290, 848
2652, 158, 478
2653, 140, 715
2654, 11, 503
2655, 324, 373
2656, 595, 974
2657, 752, 800
2658, 60, 904
2659, 203, 748
2660, 460, 828
2661, 160, 956
2662, 521, 931
2663, 607, 992
2664, 457, 942
2665, 246, 929
2666, 182, 582
2667, 652, 701
2668, 100, 683
2669, 93, 917
2670, 15, 907
2671, 47, 835
2672, 218, 501
2673, 554, 989
2674, 17, 933
2675, 32, 34
2676, 473, 782
2677, 172, 697
2678, 440, 806
2679, 53, 184
2680, 629, 875
2681, 240, 538
2682, 463, 749
2683, 384, 905
2684, 341, 677
2685, 516, 648
2686, 433, 608
2687, 68, 405
2688, 472, 736
2689, 206, 844
2690, 79, 708
2691, 834, 920
2692, 30, 261
2693, 86, 132
2694, 65, 889
2695, 40, 234
2696, 462, 684
2697, 450, 915
2698, 627, 958
2699, 97, 241
2700, 175, 380
2701, 737, 976
2702, 88, 145
2703, 247, 410
2704, 352, 476
2705, 732, 990
2706, 497, 821
2707, 530, 879
2708, 347, 599
2709, 532, 809
2710, 679, 758
2711, 91, 688
2712, 356, 574
2713, 253, 590
2714, 58, 438
2715, 3, 973
2716, 425, 537
2717, 69, 769
2718, 518, 855
2719, 150, 512
2720, 770, 928
2721, 254, 277
2722, 637, 720
2723, 454, 638
2724, 411, 613
2725, 772, 796
2726, 188, 763
2727, 774, 999
2728, 43, 321
2729, 165, 971
2730, 331, 619
2731, 136, 407
2732, 360, 980
2733, 22, 243
2734, 397, 571
2735, 115, 640
2736, 109, 196
2737, 257, 892
2738, 38, 741
2739, 368, 853
2740, 89, 815
2741, 344, 388
2742, 358, 496
2743, 4, 830
2744, 166, 310
2745, 232, 778
2746, 617, 912
2747, 446, 754
2748, 492, 776
2749, 283, 469
2750, 292, 531
2751, 657, 768
2752, 2, 467
2753, 480, 716
2754, 209, 364
2755, 194, 244
2756, 284, 416
2757, 836, 845
2758, 620, 957
2759, 168, 576
2760, 414, 878
2761, 152, 982
2762, 474, 822
2763, 185, 295
2764, 39, 852
2765, 665, 729
2766, 139, 880
2767, 85, 873
2768, 408, 962
2769, 420, 584
2770, 275, 656
2771, 645, 886
2772, 738, 846
2773, 542, 678
2774, 104, 205
2775, 398, 643
2776, 601, 649
2777, 170, 274
2778, 363, 494
2779, 308, 395
2780, 591, 733
2781, 214, 988
2782, 423, 746
2783, 202, 285
2784, 162, 312
2785, 269, 765
2786, 66, 366
2787, 123, 814
2788, 755, 975
2789, 338, 906
2790, 121, 874
2791, 212, 807
2792, 155, 327
2793, 80, 266
2794, 332, 784
2795, 611, 793
2796, 339, 843
2797, 475, 621
2798, 759, 864
2799, 429, 722
2800, 355, 664
2801, 647, 670
2802, 238, 903
2803, 303, 490
2804, 78, 510
2805, 728, 888
2806, 12, 788
2807, 520, 909
2808, 661, 954
2809, 221, 252
2810, 127, 850
2811, 654, 922
2812, 705, 948
2813, 507, 730
2814, 389, 785
2815, 84, 899
2816, 465, 622
2817, 491, 610
2818, 301, 569
2819, 154, 615
2820, 51, 818
2821, 549, 718
2822, 376, 950
2823, 343, 377
2824, 33, 865
2825, 316, 587
2826, 42, 955
2827, 452, 694
2828, 251, 841
2829, 296, 799
2830, 304, 997
2831, 278, 326
2832, 103, 167
2833, 863, 897
2834, 881, 996
2835, 239, 349
2836, 734, 789
2837, 19, 105
2838, 334, 639
2839, 833, 951
2840, 90, 777
2841, 279, 943
2842, 73, 280
2843, 309, 337
2844, 550, 747
2845, 374, 709
2846, 225, 523
2847, 712, 842
2848, 581, 977
2849, 297, 383
2850, 851, 854
2851, 230, 969
2852, 798, 802
2853, 504, 525
2854, 832, 932
2855, 328, 544
2856, 72, 286
2857, 25, 186
2858, 443, 486
2859, 685, 713
2860, 502, 508
2861, 44, 151
2862, 365, 655
2863, 71, 612
2864, 267, 592
2865, 471, 923
2866, 604, 614
2867, 135, 692
2868, 400, 557
2869, 392, 522
2870, 690, 779
2871, 305, 710
2872, 559, 993
2873, 618, 641
2874, 56, 215
2875, 235, 866
2876, 273, 320
2877, 445, 870
2878, 914, 984
2879, 9, 884
2880, 323, 805
2881, 125, 908
2882, 900, 930
2883, 13, 282
2884, 570, 609
2885, 220, 596
2886, 281, 509
2887, 293, 869
2888, 249, 725
2889, 236, 669
2890, 528, 964
2891, 141, 325
2892, 130, 564
2893, 535, 862
2894, 174, 811
2895, 442, 482
2896, 228, 427
2897, 421, 470
2898, 315, 966
2899, 580, 650
2900, 237, 589
2901, 417, 856
2902, 311, 760
2903, 122, 723
2904, 317, 756
2905, 21, 877
2906, 307, 636
2907, 75, 444
2908, 287, 945
2909, 23, 313
2910, 668, 704
2911, 26, 134
2912, 74, 514
2913, 144, 597
2914, 500, 659
2915, 658, 858
2916, 117, 505
2917, 600, 700
2918, 57, 183
2919, 626, 829
2920, 138, 624
2921, 110, 586
2922, 689, 963
2923, 224, 919
2924, 860, 994
2925, 351, 563
2926, 92, 435
2927, 322, 404
2928, 52, 630
2929, 361, 979
2930, 449, 981
2931, 260, 686
2932, 616, 623
2933, 602, 894
2934, 468, 916
2935, 847, 967
2936, 533, 558
2937, 70, 695
2938, 696, 698
2939, 441, 970
2940, 163, 998
2941, 386, 424
2942, 735, 766
2943, 369, 808
2944, 810, 926
2945, 106, 381
2946, 300, 960
2947, 838, 840
2948, 245, 288
2949, 77, 839
2950, 409, 687
2951, 660, 968
2952, 481, 995
2953, 434, 578
2954, 412, 927
2955, 99, 750
2956, 671, 895
2957, 367, 511
2958, 55, 556
2959, 179, 583
2960, 706, 767
2961, 59, 82
2962, 200, 742
2963, 483, 744
2964, 256, 893
2965, 113, 489
2966, 233, 485
2967, 27, 702
2968, 565, 740
2969, 498, 820
2970, 217, 667
2971, 10, 447
2972, 16, 911
2973, 588, 724
2974, 31, 119
2975, 342, 606
2976, 131, 605
2977, 226, 572
2978, 204, 959
2979, 54, 947
2980, 536, 775
2981, 76, 107
2982, 399, 795
2983, 519, 801
2984, 459, 887
2985, 157, 302
2986, 14, 794
2987, 745, 987
2988, 415, 876
2989, 262, 913
2990, 227, 263
2991, 401, 566
2992, 149, 198
2993, 271, 662
2994, 222, 362
2995, 787, 910
2996, 48, 242
2997, 147, 265
2998, 727, 780
2999, 306, 419
3000, 561, 598
3001, 375, 742
3002, 527, 861
3003, 743, 978
3004, 51, 93
3005, 277, 371
3006, 444, 740
3007, 312, 393
3008, 472, 920
3009, 400, 721
3010, 171, 950
3011, 453, 907
3012, 483, 827
3013, 478, 498
3014, 347, 750
3015, 288, 809
3016, 673, 680
3017, 225, 238
3018, 493, 586
3019, 755, 765
3020, 60, 654
3021, 280, 638
3022, 761, 960
3023, 332, 422
3024, 484, 909
3025, 345, 921
3026, 363, 860
3027, 308, 315
3028, 584, 757
3029, 247, 699
3030, 653, 850
3031, 579, 876
3032, 106, 704
3033, 502, 776
3034, 488, 607
3035, 428, 431
3036, 328, 582
3037, 509, 912
3038, 644, 811
3039, 423, 437
3040, 469, 687
3041, 325, 501
3042, 132, 678
3043, 440, 717
3044, 474, 797
3045, 785, 934
3046, 517, 624
3047, 202, 789
3048, 291, 894
3049, 388, 905
3050, 100, 878
3051, 650, 847
3052, 165, 707
3053, 476, 562
3054, 208, 820
3055, 214, 496
3056, 521, 532
3057, 629, 758
3058, 432, 533
3059, 339, 515
3060, 153, 735
3061, 58, 917
3062, 164, 748
3063, 281, 972
3064, 596, 866
3065, 549, 756
3066, 246, 443
3067, 327, 780
3068, 494, 719
3069, 83, 957
3070, 858, 975
3071, 4, 930
3072, 155, 433
3073, 338, 816
3074, 179, 538
3075, 15, 364
3076, 40, 299
3077, 127, 631
3078, 237, 961
3079, 681, 792
3080, 264, 543
3081, 897, 903
3082, 22, 468
3083, 489, 609
3084, 94, 900
3085, 222, 486
3086, 241, 723
3087, 181, 906
3088, 261, 724
3089, 581, 911
3090, 539, 787
3091, 24, 39
3092, 354, 553
3093, 56, 302
3094, 380, 669
3095, 242, 518
3096, 176, 236
3097, 125, 639
3098, 382, 830
3099, 170, 898
3100, 479, 832
3101, 274, 495
3102, 384, 542
3103, 253, 636
3104, 63, 612
3105, 385, 925
3106, 103, 442
3107, 491, 722
3108, 45, 475
3109, 50, 652
3110, 169, 718
3111, 573, 708
3112, 505, 805
3113, 481, 831
3114, 318, 768
3115, 342, 690
3116, 508, 762
3117, 146, 226
3118, 322, 524
3119, 98, 143
3120, 224, 914
3121, 6, 376
3122, 300, 531
3123, 117, 615
3124, 11, 511
3125, 598, 628
3126, 682, 971
3127, 26, 520
3128, 696, 818
3129, 379, 534
3130, 635, 702
3131, 642, 867
3132, 159, 828
3133, 75, 795
3134, 116, 670
3135, 230, 829
3136, 550, 916
3137, 186, 578
3138, 273, 857
3139, 357, 473
3140, 73, 455
3141, 16, 695
3142, 753, 976
3143, 664, 963
3144, 370, 958
3145, 286, 910
3146, 411, 994
3147, 377, 730
3148, 204, 686
3149, 232, 452
3150, 602, 769
3151, 683, 790
3152, 67, 192
3153, 54, 940
3154, 220, 256
3155, 554, 870
3156, 297, 814
3157, 89, 441
3158, 69, 260
3159, 815, 939
3160, 546, 804
3161, 52, 919
3162, 85, 980
3163, 358, 966
3164, 398, 605
3165, 449, 754
3166, 184, 662
3167, 395, 782
3168, 162, 191
3169, 620, 744
3170, 229, 392
3171, 90, 974
3172, 110, 933
3173, 567, 773
3174, 193, 482
3175, 5, 564
3176, 734, 798
3177, 71, 173
3178, 324, 692
3179, 946, 955
3180, 459, 525
3181, 158, 890
3182, 183, 705
3183, 198, 405
3184, 294, 410
3185, 806, 944
3186, 57, 893
3187, 694, 967
3188, 349, 982
3189, 109, 216
3190, 674, 962
3191, 697, 859
3192, 135, 310
3193, 439, 851
3194, 17, 637
3195, 399, 826
3196, 187, 923
3197, 435, 445
3198, 28, 396
3199, 79, 235
3200, 13, 872
3201, 290, 710
3202, 195, 998
3203, 597, 766
3204, 426, 875
3205, 368, 506
3206, 406, 434
3207, 20, 544
3208, 887, 956
3209, 373, 589
3210, 477, 568
3211, 38, 177
3212, 144, 737
3213, 503, 922
3214, 227, 838
3215, 96, 262
3216, 571, 997
3217, 34, 160
3218, 145, 880
3219, 526, 619
3220, 424, 655
3221, 627, 741
3222, 19, 334
3223, 451, 817
3224, 157, 263
3225, 32, 446
3226, 118, 427
3227, 560, 885
3228, 348, 458
3229, 289, 397
3230, 803, 984
3231, 537, 764
3232, 337, 425
3233, 712, 746
3234, 3, 150
3235, 626, 932
3236, 154, 378
3237, 41, 559
3238, 188, 265
3239, 311, 413
3240, 558, 871
3241, 249, 352
3242, 68, 788
3243, 770, 839
3244, 233, 346
3245, 35, 863
3246, 661, 777
3247, 200, 205
3248, 580, 679
3249, 112, 927
3250, 201, 408
3251, 23, 133
3252, 593, 676
3253, 320, 366
3254, 78, 467
3255, 409, 968
3256, 365, 591
3257, 239, 781
3258, 675, 727
3259, 72, 254
3260, 403, 420
3261, 122, 942
3262, 401, 908
3263, 464, 882
3264, 630, 879
3265, 172, 386
3266, 108, 185
3267, 196, 877
3268, 700, 824
3269, 12, 583
3270, 659, 881
3271, 276, 842
3272, 105, 512
3273, 27, 42
3274, 794, 802
3275, 330, 367
3276, 587, 856
3277, 137, 317
3278, 99, 608
3279, 49, 62
3280, 595, 973
3281, 389, 643
3282, 599, 623
3283, 61, 64
3284, 77, 174
3285, 257, 362
3286, 470, 888
3287, 292, 991
3288, 111, 843
3289, 271, 969
3290, 319, 677
3291, 43, 592
3292, 720, 993
3293, 97, 759
3294, 95, 964
3295, 248, 457
3296, 1, 849
3297, 633, 752
3298, 88, 865
3299, 182, 800
3300, 316, 918
3301, 215, 883
3302, 551, 989
3303, 65, 603
3304, 303, 333
3305, 282, 983
3306, 244, 552
3307, 732, 949
3308, 341, 852
3309, 115, 666
3310, 480, 547
3311, 693, 952
3312, 448, 987
3313, 131, 799
3314, 101, 285
3315, 234, 295
3316, 541, 981
3317, 14, 394
3318, 848, 937
3319, 463, 725
3320, 55, 601
3321, 30, 161
3322, 726, 869
3323, 259, 461
3324, 258, 821
3325, 250, 999
3326, 10, 138
3327, 447, 575
3328, 430, 570
3329, 436, 460
3330, 901, 945
3331, 107, 990
3332, 197, 331
3333, 9, 892
3334, 163, 913
3335, 715, 938
3336, 585, 745
3337, 523, 651
3338, 29, 954
3339, 245, 600
3340, 211, 943
3341, 231, 665
3342, 102, 868
3343, 212, 996
3344, 729, 936
3345, 126, 556
3346, 18, 462
3347, 53, 772
3348, 351, 822
3349, 70, 904
3350, 372, 986
3351, 128, 959
3352, 47, 548
3353, 66, 733
3354, 124, 985
3355, 129, 606
3356, 149, 751
3357, 217, 819
3358, 31, 497
3359, 240, 778
3360, 519, 691
3361, 293, 941
3362, 87, 965
3363, 522, 658
3364, 760, 886
3365, 323, 610
3366, 304, 812
3367, 269, 660
3368, 180, 841
3369, 266, 369
3370, 657, 992
3371, 565, 813
3372, 569, 947
3373, 343, 485
3374, 711, 836
3375, 270, 613
3376, 594, 616
3377, 456, 706
3378, 46, 350
3379, 243, 844
3380, 151, 414
3381, 136, 995
3382, 465, 835
3383, 287, 510
3384, 25, 275
3385, 152, 948
3386, 632, 895
3387, 175, 487
3388, 621, 810
3389, 166, 340
3390, 374, 739
3391, 104, 979
3392, 663, 801
3393, 471, 500
3394, 625, 656
3395, 649, 853
3396, 210, 902
3397, 114, 329
3398, 2, 355
3399, 915, 977
3400, 251, 438
3401, 36, 335
3402, 92, 924
3403, 283, 387
3404, 490, 647
3405, 763, 929
3406, 86, 791
3407, 119, 747
3408, 535, 891
3409, 450, 671
3410, 383, 566
3411, 121, 356
3412, 576, 884
3413, 284, 529
3414, 555, 703
3415, 499, 689
3416, 618, 926
3417, 148, 563
3418, 194, 213
3419, 142, 296
3420, 130, 783
3421, 825, 862
3422, 178, 698
3423, 37, 344
3424, 139, 784
3425, 417, 513
3426, 206, 684
3427, 307, 466
3428, 361, 590
3429, 309, 840
3430, 134, 168
3431, 190, 313
3432, 21, 120
3433, 113, 845
3434, 272, 846
3435, 252, 774
3436, 808, 899
3437, 855, 873
3438, 622, 736
3439, 574, 807
3440, 390, 688
3441, 701, 796
3442, 76, 407
3443, 611, 731
3444, 326, 336
3445, 199, 279
3446, 207, 775
3447, 305, 648
3448, 421, 667
3449, 209, 641
3450, 419, 668
3451, 645, 833
3452, 416, 713
3453, 561, 951
3454, 91, 314
3455, 8, 381
3456, 203, 429
3457, 646, 834
3458, 48, 516
3459, 84, 218
3460, 141, 617
3461, 306, 507
3462, 359, 391
3463, 140, 1000
3464, 530, 823
3465, 123, 189
3466, 156, 412
3467, 492, 874
3468, 360, 572
3469, 81, 228
3470, 685, 935
3471, 640, 672
3472, 74, 771
3473, 44, 147
3474, 716, 767
3475, 278, 454
3476, 749, 793
3477, 709, 738
3478, 298, 301
3479, 267, 402
3480, 221, 353
3481, 33, 418
3482, 604, 837
3483, 7, 545
3484, 953, 988
3485, 268, 321
3486, 223, 896
3487, 504, 728
3488, 528, 536
3489, 557, 931
3490, 59, 415
3491, 634, 970
3492, 167, 864
3493, 82, 928
3494, 404, 588
3495, 514, 854
3496, 80, 779
3497, 255, 786
3498, 540, 577
3499, 714, 889
3500, 219, 614
3501, 209, 799
3502, 320, 873
3503, 175, 225
3504, 443, 512
3505, 199, 961
3506, 517, 647
3507, 780, 885
3508, 210, 981
3509, 217, 331
3510, 138, 643
3511, 51, 272
3512, 569, 701
3513, 136, 406
3514, 383, 625
3515, 861, 864
3516, 355, 668
3517, 188, 886
3518, 482, 722
3519, 84, 841
3520, 119, 972
3521, 234, 421
3522, 570, 773
3523, 198, 978
3524, 488, 544
3525, 103, 975
3526, 552, 628
3527, 62, 335
3528, 345, 814
3529, 556, 684
3530, 163, 191
3531, 405, 495
3532, 130, 299
3533, 72, 708
3534, 14, 371
3535, 662, 883
3536, 56, 693
3537, 17, 156
3538, 381, 927
3539, 408, 796
3540, 94, 453
3541, 155, 164
3542, 40, 160
3543, 439, 577
3544, 285, 651
3545, 114, 507
3546, 321, 715
3547, 131, 598
3548, 112, 303
3549, 60, 473
3550, 281, 777
3551, 472, 763
3552, 256, 278
3553, 349, 466
3554, 58, 793
3555, 218, 870
3556, 262, 791
3557, 740, 781
3558, 557, 824
3559, 86, 554
3560, 755, 819
3561, 435, 953
3562, 734, 829
3563, 353, 882
3564, 13, 682
3565, 423, 617
3566, 183, 868
3567, 360, 778
3568, 642, 678
3569, 271, 960
3570, 174, 903
3571, 743, 924
3572, 344, 409
3573, 24, 787
3574, 464, 602
3575, 342, 863
3576, 53, 356
3577, 362, 810
3578, 608, 688
3579, 543, 935
3580, 399, 447
3581, 610, 811
3582, 308, 419
3583, 32, 117
3584, 248, 698
3585, 16, 496
3586, 386, 513
3587, 189, 739
3588, 261, 354
3589, 238, 407
3590, 297, 905
3591, 93, 318
3592, 854, 872
3593, 454, 583
3594, 70, 641
3595, 433, 908
3596, 171, 820
3597, 31, 992
3598, 309, 766
3599, 116, 644
3600, 316, 541
3601, 663, 742
3602, 237, 904
3603, 315, 974
3604, 133, 783
3605, 366, 979
3606, 221, 816
3607, 370, 911
3608, 233, 236
3609, 343, 973
3610, 666, 874
3611, 244, 448
3612, 380, 649
3613, 717, 897
3614, 121, 243
3615, 367, 869
3616, 637, 887
3617, 388, 444
3618, 527, 640
3619, 478, 659
3620, 459, 991
3621, 185, 461
3622, 346, 650
3623, 535, 913
3624, 39, 526
3625, 516, 966
3626, 509, 938
3627, 330, 948
3628, 64, 147
3629, 19, 768
3630, 126, 836
3631, 48, 341
3632, 78, 601
3633, 305, 983
3634, 127, 187
3635, 848, 901
3636, 767, 794
3637, 59, 441
3638, 463, 800
3639, 322, 566
3640, 510, 531
3641, 801, 926
3642, 89, 856
3643, 672, 834
3644, 34, 744
3645, 266, 310
3646, 2, 930
3647, 489, 542
3648, 91, 980
3649, 529, 954
3650, 251, 660
3651, 71, 143
3652, 942, 962
3653, 12, 621
3654, 458, 946
3655, 21, 839
3656, 63, 357
3657, 391, 680
3658, 167, 402
3659, 823, 852
3660, 813, 910
3661, 104, 319
3662, 477, 784
3663, 36, 760
3664, 151, 250
3665, 222, 450
3666, 368, 988
3667, 396, 410
3668, 173, 721
3669, 427, 676
3670, 252, 931
3671, 227, 727
3672, 460, 549
3673, 25, 588
3674, 212, 822
3675, 307, 849
3676, 627, 782
3677, 428, 876
3678, 161, 789
3679, 436, 546
3680, 614, 753
3681, 277, 359
3682, 42, 629
3683, 124, 758
3684, 232, 446
3685, 586, 736
3686, 635, 891
3687, 220, 686
3688, 339, 620
3689, 696, 749
3690, 729, 825
3691, 146, 585
3692, 289, 524
3693, 373, 957
3694, 792, 996
3695, 486, 923
3696, 168, 369
3697, 376, 705
3698, 390, 404
3699, 351, 804
3700, 401, 582
3701, 99, 673
3702, 202, 681
3703, 372, 403
3704, 102, 152
3705, 456, 928
3706, 6, 553
3707, 645, 993
3708, 395, 690
3709, 245, 392
3710, 81, 589
3711, 33, 37
3712, 422, 997
3713, 80, 945
3714, 240, 572
3715, 720, 912
3716, 46, 879
3717, 497, 941
3718, 132, 440
3719, 571, 832
3720, 503, 817
3721, 520, 674
3722, 358, 655
3723, 646, 771
3724, 269, 842
3725, 375, 831
3726, 148, 704
3727, 77, 568
3728, 528, 738
3729, 291, 895
3730, 638, 934
3731, 30, 67
3732, 337, 940
3733, 377, 860
3734, 600, 756
3735, 90, 719
3736, 545, 917
3737, 329, 894
3738, 75, 139
3739, 287, 462
3740, 162, 711
3741, 963, 994
3742, 603, 616
3743, 201, 508
3744, 500, 623
3745, 239, 967
3746, 241, 919
3747, 54, 826
3748, 615, 812
3749, 115, 658
3750, 170, 257
3751, 15, 878
3752, 843, 896
3753, 211, 779
3754, 49, 657
3755, 76, 665
3756, 757, 790
3757, 207, 596
3758, 550, 724
3759, 101, 714
3760, 153, 484
3761, 226, 558
3762, 606, 857
3763, 691, 752
3764, 122, 411
3765, 479, 611
3766, 120, 765
3767, 653, 747
3768, 619, 797
3769, 134, 907
3770, 551, 955
3771, 74, 519
3772, 279, 562
3773, 313, 314
3774, 23, 802
3775, 537, 726
3776, 249, 754
3777, 28, 452
3778, 296, 622
3779, 584, 630
3780, 68, 123
3781, 97, 149
3782, 8, 703
3783, 142, 707
3784, 563, 939
3785, 514, 515
3786, 333, 394
3787, 298, 581
3788, 5, 952
3789, 809, 990
3790, 43, 985
3791, 157, 920
3792, 518, 906
3793, 293, 833
3794, 306, 735
3795, 398, 731
3796, 480, 951
3797, 633, 900
3798, 98, 976
3799, 425, 671
3800, 1, 937
3801, 192, 965
3802, 205, 432
3803, 128, 258
3804, 429, 505
3805, 521, 654
3806, 348, 899
3807, 260, 324
3808, 20, 387
3809, 159, 806
3810, 96, 417
3811, 44, 413
3812, 785, 998
3813, 223, 775
3814, 728, 737
3815, 492, 575
3816, 498, 914
3817, 578, 933
3818, 534, 559
3819, 400, 669
3820, 548, 871
3821, 110, 969
3822, 235, 950
3823, 69, 977
3824, 41, 745
3825, 186, 282
3826, 145, 393
3827, 195, 288
3828, 85, 685
3829, 172, 246
3830, 474, 818
3831, 165, 228
3832, 284, 465
3833, 694, 746
3834, 565, 634
3835, 618, 699
3836, 259, 382
3837, 82, 476
3838, 326, 700
3839, 87, 501
3840, 683, 888
3841, 385, 661
3842, 144, 350
3843, 263, 567
3844, 229, 378
3845, 332, 751
3846, 506, 759
3847, 467, 989
3848, 580, 670
3849, 944, 999
3850, 426, 788
3851, 79, 675
3852, 182, 196
3853, 412, 984
3854, 254, 632
3855, 4, 504
3856, 107, 865
3857, 805, 909
3858, 197, 204
3859, 706, 947
3860, 61, 862
3861, 118, 918
3862, 475, 986
3863, 286, 449
3864, 530, 964
3865, 677, 970
3866, 536, 591
3867, 47, 576
3868, 607, 855
3869, 280, 609
3870, 327, 499
3871, 224, 652
3872, 137, 438
3873, 325, 880
3874, 470, 604
3875, 219, 648
3876, 592, 838
3877, 533, 803
3878, 38, 50
3879, 364, 631
3880, 52, 418
3881, 311, 468
3882, 770, 892
3883, 363, 922
3884, 437, 893
3885, 455, 532
3886, 216, 889
3887, 697, 968
3888, 55, 200
3889, 247, 442
3890, 502, 774
3891, 10, 374
3892, 231, 561
3893, 302, 877
3894, 242, 431
3895, 695, 808
3896, 29, 384
3897, 190, 294
3898, 434, 995
3899, 469, 555
3900, 692, 936
3901, 664, 723
3902, 424, 710
3903, 741, 866
3904, 154, 336
3905, 88, 725
3906, 35, 83
3907, 273, 718
3908, 573, 827
3909, 845, 943
3910, 193, 283
3911, 626, 762
3912, 493, 624
3913, 180, 334
3914, 100, 135
3915, 106, 636
3916, 276, 300
3917, 214, 494
3918, 846, 898
3919, 301, 445
3920, 150, 902
3921, 689, 815
3922, 109, 457
3923, 166, 867
3924, 26, 884
3925, 416, 750
3926, 141, 420
3927, 181, 732
3928, 847, 859
3929, 274, 547
3930, 18, 587
3931, 57, 579
3932, 129, 538
3933, 105, 837
3934, 539, 574
3935, 178, 483
3936, 140, 347
3937, 594, 858
3938, 687, 851
3939, 328, 929
3940, 22, 490
3941, 667, 709
3942, 27, 850
3943, 9, 639
3944, 875, 949
3945, 158, 415
3946, 275, 525
3947, 253, 361
3948, 95, 540
3949, 92, 987
3950, 352, 713
3951, 295, 772
3952, 748, 956
3953, 679, 795
3954, 213, 292
3955, 66, 702
3956, 491, 560
3957, 414, 487
3958, 230, 786
3959, 270, 290
3960, 389, 712
3961, 323, 605
3962, 267, 761
3963, 179, 206
3964, 203, 264
3965, 590, 916
3966, 599, 959
3967, 595, 971
3968, 108, 338
3969, 268, 853
3970, 807, 1000
3971, 184, 776
3972, 485, 798
3973, 177, 730
3974, 716, 881
3975, 194, 365
3976, 656, 958
3977, 764, 844
3978, 397, 511
3979, 176, 830
3980, 890, 921
3981, 45, 340
3982, 523, 925
3983, 113, 125
3984, 593, 828
3985, 3, 451
3986, 65, 73
3987, 481, 733
3988, 471, 835
3989, 111, 430
3990, 208, 317
3991, 613, 821
3992, 265, 522
3993, 11, 255
3994, 597, 915
3995, 312, 982
3996, 612, 840
3997, 215, 379
3998, 7, 564
3999, 769, 932
4000, 169, 304
