id, img1, img2
1, 553, 580
2, 374, 762
3, 192, 624
4, 464, 899
5, 385, 659
6, 15, 421
7, 728, 871
8, 122, 868
9, 232, 471
10, 106, 490
11, 532, 621
12, 371, 375
13, 126, 208
14, 368, 731
15, 59, 900
16, 245, 428
17, 451, 846
18, 789, 847
19, 326, 693
20, 124, 256
21, 322, 423
22, 35, 380
23, 103, 700
24, 293, 442
25, 117, 636
26, 134, 316
27, 362, 559
28, 582, 940
29, 71, 476
30, 348, 529
31, 376, 845
32, 732, 736
33, 354, 874
34, 212, 583
35, 255, 563
36, 99, 849
37, 596, 882
38, 128, 344
39, 417, 492
40, 159, 990
41, 21, 746
42, 287, 822
43, 357, 358
44, 554, 936
45, 271, 888
46, 587, 804
47, 518, 628
48, 537, 640
49, 588, 681
50, 274, 461
51, 299, 613
52, 452, 468
53, 390, 542
54, 127, 778
55, 300, 399
56, 76, 350
57, 343, 691
58, 36, 87
59, 329, 792
60, 33, 536
61, 268, 436
62, 434, 722
63, 515, 934
64, 360, 928
65, 240, 759
66, 406, 800
67, 14, 108
68, 381, 677
69, 443, 739
70, 854, 911
71, 407, 932
72, 408, 798
73, 83, 478
74, 58, 403
75, 345, 897
76, 313, 808
77, 793, 920
78, 631, 805
79, 395, 721
80, 788, 889
81, 215, 224
82, 77, 146
83, 547, 922
84, 153, 249
85, 714, 772
86, 116, 741
87, 474, 766
88, 601, 834
89, 392, 679
90, 606, 780
91, 370, 744
92, 27, 155
93, 190, 373
94, 560, 672
95, 454, 710
96, 321, 513
97, 62, 493
98, 41, 180
99, 223, 372
100, 18, 319
101, 752, 985
102, 812, 986
103, 491, 866
104, 112, 166
105, 286, 699
106, 483, 916
107, 31, 277
108, 55, 367
109, 26, 875
110, 682, 819
111, 707, 862
112, 260, 943
113, 686, 720
114, 200, 879
115, 645, 918
116, 105, 770
117, 107, 509
118, 179, 803
119, 651, 890
120, 2, 841
121, 211, 904
122, 136, 169
123, 201, 997
124, 160, 685
125, 49, 581
126, 595, 933
127, 54, 56
128, 68, 983
129, 447, 630
130, 615, 626
131, 527, 566
132, 37, 902
133, 359, 864
134, 616, 859
135, 480, 886
136, 557, 855
137, 81, 617
138, 13, 591
139, 95, 258
140, 717, 927
141, 612, 827
142, 540, 598
143, 174, 410
144, 569, 730
145, 594, 982
146, 331, 820
147, 664, 815
148, 314, 843
149, 742, 961
150, 449, 466
151, 457, 586
152, 4, 303
153, 172, 784
154, 156, 967
155, 949, 989
156, 382, 614
157, 150, 227
158, 747, 760
159, 39, 500
160, 233, 393
161, 750, 787
162, 496, 906
163, 530, 769
164, 254, 577
165, 263, 755
166, 446, 562
167, 88, 658
168, 52, 495
169, 573, 575
170, 324, 705
171, 694, 973
172, 46, 909
173, 498, 724
174, 666, 810
175, 193, 801
176, 19, 758
177, 267, 487
178, 8, 439
179, 184, 239
180, 66, 96
181, 565, 719
182, 125, 948
183, 400, 852
184, 294, 860
185, 338, 915
186, 419, 625
187, 191, 266
188, 220, 346
189, 7, 570
190, 221, 829
191, 503, 602
192, 90, 608
193, 217, 837
194, 388, 813
195, 502, 589
196, 164, 774
197, 663, 756
198, 235, 938
199, 824, 907
200, 278, 655
201, 148, 753
202, 23, 445
203, 296, 656
204, 142, 674
205, 312, 745
206, 209, 288
207, 323, 953
208, 195, 539
209, 47, 488
210, 754, 885
211, 161, 873
212, 85, 930
213, 165, 688
214, 472, 516
215, 120, 280
216, 550, 878
217, 252, 440
218, 364, 718
219, 143, 590
220, 637, 853
221, 332, 733
222, 339, 833
223, 790, 947
224, 101, 237
225, 330, 692
226, 168, 185
227, 73, 541
228, 623, 988
229, 97, 181
230, 512, 978
231, 555, 644
232, 748, 887
233, 40, 525
234, 387, 629
235, 115, 935
236, 139, 891
237, 433, 786
238, 93, 954
239, 110, 704
240, 157, 821
241, 328, 552
242, 642, 876
243, 546, 966
244, 396, 857
245, 145, 981
246, 670, 958
247, 205, 712
248, 470, 558
249, 494, 992
250, 325, 737
251, 187, 817
252, 391, 639
253, 113, 234
254, 196, 482
255, 297, 463
256, 467, 858
257, 523, 823
258, 119, 592
259, 696, 861
260, 964, 977
261, 123, 507
262, 86, 643
263, 397, 838
264, 289, 604
265, 405, 945
266, 29, 301
267, 204, 524
268, 121, 807
269, 53, 776
270, 356, 460
271, 25, 412
272, 499, 695
273, 131, 543
274, 218, 259
275, 250, 609
276, 526, 896
277, 84, 309
278, 486, 895
279, 437, 749
280, 327, 548
281, 210, 675
282, 462, 959
283, 306, 634
284, 473, 489
285, 369, 725
286, 702, 869
287, 72, 944
288, 189, 236
289, 281, 561
290, 734, 931
291, 24, 844
292, 334, 597
293, 214, 383
294, 154, 715
295, 43, 89
296, 57, 662
297, 497, 572
298, 34, 671
299, 574, 908
300, 970, 994
301, 74, 92
302, 158, 501
303, 283, 424
304, 794, 865
305, 534, 652
306, 50, 311
307, 16, 175
308, 960, 962
309, 229, 818
310, 276, 578
311, 648, 955
312, 149, 265
313, 44, 564
314, 82, 353
315, 835, 883
316, 6, 456
317, 378, 450
318, 355, 998
319, 646, 708
320, 522, 881
321, 238, 1000
322, 94, 585
323, 767, 919
324, 567, 984
325, 429, 584
326, 431, 660
327, 61, 723
328, 22, 42
329, 304, 310
330, 67, 448
331, 416, 687
332, 247, 952
333, 576, 620
334, 246, 976
335, 538, 968
336, 697, 913
337, 98, 510
338, 69, 261
339, 514, 995
340, 638, 996
341, 479, 599
342, 520, 795
343, 425, 763
344, 352, 939
345, 111, 485
346, 219, 727
347, 251, 711
348, 420, 678
349, 667, 993
350, 216, 571
351, 48, 650
352, 207, 244
353, 228, 641
354, 241, 607
355, 627, 979
356, 469, 785
357, 441, 713
358, 38, 504
359, 836, 912
360, 622, 942
361, 337, 830
362, 10, 262
363, 481, 856
364, 17, 593
365, 182, 317
366, 517, 923
367, 438, 946
368, 783, 921
369, 341, 455
370, 162, 761
371, 765, 925
372, 676, 782
373, 79, 414
374, 511, 775
375, 144, 680
376, 80, 605
377, 361, 389
378, 603, 632
379, 413, 738
380, 70, 458
381, 171, 176
382, 257, 826
383, 197, 545
384, 377, 828
385, 64, 668
386, 365, 384
387, 340, 684
388, 151, 898
389, 167, 426
390, 937, 975
391, 418, 806
392, 432, 840
393, 104, 811
394, 225, 832
395, 333, 796
396, 459, 877
397, 28, 910
398, 600, 884
399, 264, 653
400, 848, 880
401, 305, 351
402, 75, 226
403, 100, 771
404, 275, 647
405, 133, 669
406, 203, 291
407, 270, 781
408, 60, 173
409, 777, 893
410, 791, 929
411, 521, 633
412, 243, 924
413, 506, 618
414, 138, 272
415, 402, 914
416, 51, 475
417, 404, 568
418, 178, 579
419, 290, 528
420, 773, 999
421, 206, 556
422, 269, 661
423, 129, 284
424, 342, 963
425, 118, 987
426, 729, 825
427, 9, 654
428, 170, 465
429, 292, 974
430, 549, 842
431, 194, 917
432, 186, 972
433, 137, 398
434, 335, 435
435, 610, 867
436, 740, 870
437, 657, 716
438, 253, 484
439, 12, 863
440, 892, 980
441, 689, 698
442, 231, 505
443, 163, 551
444, 91, 799
445, 544, 991
446, 701, 839
447, 213, 295
448, 706, 851
449, 5, 809
450, 422, 665
451, 20, 872
452, 453, 735
453, 30, 415
454, 199, 905
455, 302, 901
456, 285, 956
457, 78, 230
458, 177, 427
459, 366, 764
460, 394, 477
461, 3, 188
462, 152, 969
463, 222, 726
464, 673, 971
465, 743, 894
466, 401, 635
467, 411, 965
468, 32, 768
469, 611, 779
470, 279, 850
471, 690, 751
472, 109, 298
473, 315, 533
474, 135, 183
475, 102, 430
476, 1, 951
477, 320, 444
478, 198, 379
479, 649, 703
480, 202, 508
481, 709, 941
482, 114, 386
483, 140, 802
484, 65, 248
485, 273, 903
486, 797, 831
487, 242, 531
488, 11, 141
489, 63, 307
490, 130, 147
491, 519, 683
492, 318, 926
493, 336, 619
494, 347, 363
495, 308, 535
496, 409, 816
497, 45, 349
498, 282, 757
499, 132, 950
500, 814, 957
501, 303, 445
502, 658, 883
503, 319, 769
504, 253, 307
505, 794, 857
506, 767, 809
507, 238, 636
508, 187, 929
509, 945, 978
510, 420, 561
511, 655, 896
512, 311, 366
513, 22, 681
514, 522, 908
515, 786, 999
516, 350, 451
517, 320, 380
518, 223, 885
519, 415, 456
520, 569, 861
521, 106, 144
522, 110, 750
523, 400, 763
524, 148, 402
525, 233, 531
526, 105, 947
527, 28, 952
528, 26, 589
529, 73, 599
530, 256, 578
531, 302, 555
532, 379, 593
533, 36, 430
534, 124, 652
535, 563, 973
536, 79, 669
537, 436, 706
538, 128, 378
539, 64, 625
540, 198, 638
541, 550, 932
542, 234, 359
543, 520, 968
544, 280, 962
545, 7, 616
546, 107, 557
547, 462, 793
548, 756, 937
549, 21, 479
550, 210, 687
551, 204, 709
552, 254, 966
553, 306, 663
554, 692, 712
555, 270, 615
556, 92, 374
557, 137, 766
558, 197, 764
559, 200, 348
560, 673, 707
561, 576, 796
562, 399, 582
563, 677, 765
564, 214, 428
565, 388, 920
566, 295, 507
567, 69, 958
568, 121, 575
569, 70, 132
570, 54, 62
571, 324, 629
572, 315, 757
573, 735, 800
574, 218, 271
575, 27, 329
576, 895, 927
577, 191, 572
578, 723, 928
579, 60, 956
580, 457, 860
581, 530, 738
582, 482, 749
583, 427, 510
584, 129, 343
585, 206, 375
586, 505, 511
587, 45, 810
588, 340, 357
589, 57, 212
590, 170, 435
591, 141, 695
592, 199, 977
593, 42, 292
594, 156, 455
595, 260, 342
596, 743, 921
597, 20, 995
598, 363, 816
599, 595, 773
600, 288, 648
601, 227, 232
602, 195, 277
603, 577, 768
604, 516, 818
605, 528, 891
606, 93, 152
607, 247, 433
608, 729, 774
609, 299, 394
610, 797, 854
611, 78, 631
612, 486, 826
613, 102, 237
614, 161, 203
615, 19, 481
616, 485, 892
617, 162, 605
618, 425, 608
619, 239, 969
620, 224, 585
621, 556, 847
622, 194, 802
623, 50, 373
624, 283, 688
625, 477, 950
626, 87, 894
627, 119, 866
628, 250, 500
629, 426, 938
630, 383, 671
631, 33, 527
632, 135, 935
633, 642, 722
634, 836, 903
635, 235, 483
636, 82, 602
637, 567, 653
638, 71, 389
639, 207, 699
640, 67, 562
641, 211, 309
642, 344, 897
643, 570, 942
644, 643, 806
645, 770, 813
646, 153, 664
647, 286, 881
648, 130, 771
649, 171, 689
650, 551, 845
651, 264, 683
652, 208, 626
653, 134, 467
654, 83, 939
655, 186, 656
656, 46, 404
657, 440, 954
658, 591, 914
659, 160, 627
660, 716, 963
661, 460, 739
662, 335, 983
663, 539, 852
664, 77, 90
665, 382, 559
666, 646, 780
667, 568, 819
668, 81, 640
669, 566, 996
670, 408, 634
671, 807, 923
672, 370, 607
673, 37, 465
674, 9, 257
675, 246, 548
676, 120, 919
677, 251, 414
678, 581, 988
679, 10, 122
680, 543, 685
681, 564, 779
682, 63, 167
683, 850, 986
684, 52, 603
685, 265, 597
686, 282, 795
687, 146, 353
688, 276, 838
689, 853, 904
690, 452, 859
691, 372, 967
692, 166, 476
693, 61, 544
694, 297, 424
695, 31, 317
696, 459, 936
697, 181, 184
698, 312, 730
699, 177, 558
700, 100, 587
701, 547, 740
702, 155, 183
703, 245, 275
704, 12, 53
705, 123, 471
706, 454, 744
707, 484, 965
708, 149, 169
709, 115, 734
710, 341, 470
711, 68, 225
712, 230, 882
713, 56, 154
714, 565, 666
715, 39, 463
716, 497, 693
717, 222, 720
718, 118, 209
719, 832, 974
720, 273, 618
721, 66, 660
722, 524, 982
723, 55, 628
724, 205, 792
725, 747, 808
726, 3, 498
727, 172, 217
728, 358, 961
729, 318, 869
730, 95, 691
731, 131, 466
732, 314, 473
733, 421, 429
734, 684, 781
735, 215, 401
736, 221, 803
737, 151, 922
738, 411, 623
739, 86, 274
740, 791, 944
741, 848, 924
742, 266, 604
743, 496, 830
744, 316, 823
745, 499, 898
746, 526, 592
747, 15, 657
748, 645, 851
749, 571, 825
750, 675, 804
751, 85, 126
752, 58, 637
753, 461, 778
754, 443, 888
755, 365, 946
756, 49, 789
757, 75, 775
758, 538, 931
759, 346, 733
760, 147, 437
761, 504, 748
762, 6, 347
763, 665, 711
764, 553, 864
765, 419, 801
766, 397, 549
767, 103, 501
768, 573, 726
769, 326, 879
770, 38, 364
771, 111, 355
772, 441, 519
773, 444, 776
774, 249, 696
775, 84, 762
776, 17, 890
777, 291, 336
778, 72, 953
779, 489, 909
780, 158, 579
781, 506, 708
782, 432, 876
783, 515, 984
784, 392, 970
785, 290, 450
786, 912, 925
787, 863, 884
788, 679, 824
789, 96, 192
790, 296, 759
791, 74, 703
792, 278, 310
793, 185, 846
794, 410, 933
795, 48, 741
796, 431, 753
797, 220, 787
798, 417, 682
799, 178, 403
800, 495, 777
801, 613, 742
802, 142, 574
803, 287, 494
804, 409, 439
805, 150, 226
806, 610, 697
807, 138, 532
808, 202, 367
809, 259, 423
810, 14, 325
811, 255, 991
812, 464, 611
813, 168, 715
814, 900, 998
815, 680, 856
816, 11, 820
817, 632, 959
818, 354, 661
819, 8, 173
820, 584, 672
821, 35, 393
822, 362, 541
823, 760, 875
824, 390, 975
825, 157, 391
826, 514, 868
827, 281, 719
828, 588, 979
829, 43, 834
830, 422, 899
831, 906, 987
832, 244, 731
833, 369, 413
834, 25, 880
835, 258, 837
836, 596, 905
837, 219, 870
838, 321, 647
839, 304, 867
840, 101, 598
841, 1, 188
842, 332, 678
843, 586, 872
844, 384, 694
845, 213, 710
846, 674, 829
847, 269, 301
848, 381, 827
849, 614, 874
850, 182, 805
851, 509, 659
852, 491, 552
853, 108, 917
854, 252, 508
855, 34, 521
856, 377, 405
857, 449, 517
858, 345, 418
859, 163, 980
860, 518, 957
861, 59, 458
862, 901, 972
863, 434, 941
864, 330, 828
865, 44, 289
866, 649, 714
867, 650, 849
868, 13, 308
869, 201, 926
870, 117, 323
871, 98, 104
872, 339, 761
873, 702, 893
874, 368, 641
875, 396, 815
876, 248, 758
877, 51, 412
878, 327, 981
879, 799, 865
880, 662, 862
881, 24, 785
882, 349, 676
883, 351, 989
884, 300, 633
885, 229, 772
886, 654, 918
887, 670, 713
888, 175, 782
889, 293, 533
890, 536, 705
891, 133, 331
892, 94, 955
893, 236, 328
894, 371, 580
895, 387, 583
896, 736, 812
897, 338, 930
898, 334, 493
899, 448, 844
900, 216, 395
901, 18, 109
902, 472, 841
903, 112, 113
904, 783, 940
905, 386, 644
906, 361, 855
907, 80, 99
908, 560, 911
909, 23, 814
910, 32, 438
911, 502, 943
912, 668, 971
913, 180, 322
914, 298, 916
915, 30, 285
916, 284, 833
917, 279, 620
918, 554, 751
919, 294, 686
920, 724, 821
921, 337, 545
922, 114, 992
923, 721, 755
924, 385, 488
925, 523, 700
926, 612, 651
927, 41, 590
928, 835, 1000
929, 127, 858
930, 446, 718
931, 333, 600
932, 352, 754
933, 159, 243
934, 492, 752
935, 398, 843
936, 305, 964
937, 542, 784
938, 877, 960
939, 2, 190
940, 261, 356
941, 231, 639
942, 728, 910
943, 139, 475
944, 717, 817
945, 469, 934
946, 453, 878
947, 164, 606
948, 88, 416
949, 263, 902
950, 89, 997
951, 65, 745
952, 5, 976
953, 228, 811
954, 630, 727
955, 503, 842
956, 622, 667
957, 535, 704
958, 4, 145
959, 262, 624
960, 97, 990
961, 40, 822
962, 873, 887
963, 512, 985
964, 242, 468
965, 193, 534
966, 886, 948
967, 732, 993
968, 47, 487
969, 480, 788
970, 29, 442
971, 165, 513
972, 140, 798
973, 179, 525
974, 594, 617
975, 406, 478
976, 601, 994
977, 136, 240
978, 268, 619
979, 447, 949
980, 196, 913
981, 831, 951
982, 529, 635
983, 609, 790
984, 143, 360
985, 16, 91
986, 840, 915
987, 490, 737
988, 241, 698
989, 474, 540
990, 272, 537
991, 76, 407
992, 176, 746
993, 116, 267
994, 125, 725
995, 174, 871
996, 376, 690
997, 546, 839
998, 313, 889
999, 701, 907
1000, 189, 621
1001, 304, 628
1002, 512, 791
1003, 135, 364
1004, 359, 539
1005, 448, 704
1006, 332, 701
1007, 12, 708
1008, 153, 866
1009, 383, 821
1010, 323, 441
1011, 102, 649
1012, 458, 686
1013, 189, 643
1014, 136, 254
1015, 749, 850
1016, 697, 926
1017, 268, 392
1018, 13, 788
1019, 287, 662
1020, 300, 462
1021, 490, 711
1022, 262, 667
1023, 134, 590
1024, 527, 931
1025, 515, 651
1026, 122, 325
1027, 209, 450
1028, 397, 804
1029, 668, 763
1030, 39, 757
1031, 379, 841
1032, 543, 695
1033, 137, 291
1034, 429, 974
1035, 656, 986
1036, 391, 951
1037, 411, 973
1038, 74, 710
1039, 412, 624
1040, 86, 774
1041, 393, 961
1042, 1, 470
1043, 97, 358
1044, 58, 762
1045, 307, 746
1046, 73, 184
1047, 606, 833
1048, 279, 682
1049, 164, 750
1050, 106, 115
1051, 45, 703
1052, 381, 738
1053, 579, 690
1054, 666, 721
1055, 85, 928
1056, 504, 949
1057, 90, 965
1058, 482, 644
1059, 641, 799
1060, 614, 674
1061, 41, 751
1062, 806, 898
1063, 281, 354
1064, 283, 385
1065, 7, 326
1066, 635, 729
1067, 395, 859
1068, 88, 723
1069, 144, 852
1070, 244, 376
1071, 151, 775
1072, 17, 270
1073, 353, 445
1074, 289, 814
1075, 208, 526
1076, 349, 444
1077, 212, 963
1078, 580, 990
1079, 16, 693
1080, 117, 423
1081, 120, 812
1082, 299, 995
1083, 735, 787
1084, 862, 955
1085, 91, 147
1086, 176, 638
1087, 35, 442
1088, 112, 503
1089, 468, 538
1090, 337, 639
1091, 826, 966
1092, 765, 999
1093, 335, 551
1094, 377, 960
1095, 528, 698
1096, 238, 637
1097, 331, 870
1098, 25, 970
1099, 186, 294
1100, 285, 407
1101, 311, 829
1102, 687, 719
1103, 889, 953
1104, 329, 361
1105, 4, 269
1106, 435, 987
1107, 365, 845
1108, 443, 947
1109, 336, 518
1110, 521, 524
1111, 830, 916
1112, 535, 568
1113, 492, 564
1114, 127, 457
1115, 863, 971
1116, 835, 879
1117, 72, 877
1118, 433, 438
1119, 211, 739
1120, 217, 233
1121, 871, 938
1122, 226, 430
1123, 174, 886
1124, 432, 437
1125, 810, 825
1126, 31, 618
1127, 224, 945
1128, 333, 838
1129, 306, 388
1130, 545, 892
1131, 625, 849
1132, 330, 827
1133, 816, 840
1134, 362, 906
1135, 440, 861
1136, 282, 959
1137, 292, 472
1138, 235, 387
1139, 218, 505
1140, 210, 322
1141, 374, 773
1142, 141, 744
1143, 933, 936
1144, 419, 501
1145, 193, 699
1146, 27, 647
1147, 402, 884
1148, 229, 692
1149, 439, 544
1150, 161, 236
1151, 399, 446
1152, 382, 416
1153, 101, 770
1154, 554, 786
1155, 146, 688
1156, 231, 585
1157, 476, 593
1158, 66, 295
1159, 818, 917
1160, 207, 807
1161, 200, 650
1162, 204, 700
1163, 798, 895
1164, 794, 992
1165, 20, 293
1166, 64, 932
1167, 465, 836
1168, 350, 645
1169, 338, 881
1170, 6, 83
1171, 494, 813
1172, 11, 769
1173, 256, 935
1174, 191, 909
1175, 38, 520
1176, 747, 941
1177, 34, 557
1178, 489, 925
1179, 510, 718
1180, 203, 341
1181, 558, 890
1182, 466, 873
1183, 574, 950
1184, 123, 386
1185, 57, 234
1186, 180, 657
1187, 660, 713
1188, 716, 942
1189, 414, 844
1190, 104, 603
1191, 507, 678
1192, 75, 570
1193, 246, 495
1194, 321, 768
1195, 32, 622
1196, 82, 324
1197, 19, 406
1198, 456, 715
1199, 370, 584
1200, 626, 740
1201, 514, 855
1202, 646, 946
1203, 239, 271
1204, 275, 831
1205, 509, 805
1206, 839, 894
1207, 23, 398
1208, 216, 922
1209, 474, 670
1210, 167, 781
1211, 154, 315
1212, 129, 513
1213, 588, 742
1214, 273, 373
1215, 65, 595
1216, 138, 654
1217, 60, 190
1218, 42, 612
1219, 133, 346
1220, 251, 741
1221, 130, 168
1222, 52, 266
1223, 286, 497
1224, 264, 403
1225, 250, 418
1226, 394, 540
1227, 140, 726
1228, 118, 573
1229, 50, 389
1230, 679, 982
1231, 201, 630
1232, 14, 553
1233, 586, 702
1234, 581, 734
1235, 28, 530
1236, 309, 867
1237, 103, 196
1238, 301, 317
1239, 484, 924
1240, 149, 993
1241, 232, 689
1242, 727, 981
1243, 434, 940
1244, 257, 351
1245, 851, 930
1246, 53, 748
1247, 61, 607
1248, 2, 712
1249, 459, 756
1250, 975, 977
1251, 99, 366
1252, 591, 599
1253, 296, 431
1254, 247, 853
1255, 274, 552
1256, 111, 171
1257, 578, 792
1258, 409, 425
1259, 542, 556
1260, 84, 109
1261, 631, 954
1262, 100, 937
1263, 194, 401
1264, 303, 632
1265, 78, 260
1266, 8, 241
1267, 179, 680
1268, 175, 856
1269, 390, 663
1270, 596, 919
1271, 255, 522
1272, 24, 601
1273, 447, 997
1274, 918, 994
1275, 172, 696
1276, 452, 980
1277, 396, 499
1278, 80, 96
1279, 517, 875
1280, 610, 927
1281, 3, 344
1282, 267, 525
1283, 467, 485
1284, 421, 488
1285, 334, 640
1286, 360, 483
1287, 214, 609
1288, 185, 369
1289, 192, 843
1290, 498, 778
1291, 808, 1000
1292, 671, 767
1293, 422, 589
1294, 159, 227
1295, 745, 820
1296, 69, 998
1297, 181, 491
1298, 15, 658
1299, 225, 378
1300, 288, 613
1301, 694, 706
1302, 372, 923
1303, 500, 720
1304, 98, 869
1305, 68, 463
1306, 265, 493
1307, 340, 563
1308, 155, 559
1309, 537, 865
1310, 9, 789
1311, 143, 454
1312, 277, 972
1313, 5, 549
1314, 685, 736
1315, 63, 766
1316, 54, 371
1317, 30, 988
1318, 47, 548
1319, 426, 897
1320, 783, 809
1321, 733, 957
1322, 215, 776
1323, 547, 921
1324, 846, 891
1325, 162, 979
1326, 222, 453
1327, 375, 882
1328, 519, 583
1329, 900, 958
1330, 664, 929
1331, 71, 415
1332, 36, 915
1333, 384, 471
1334, 126, 878
1335, 531, 864
1336, 107, 627
1337, 608, 691
1338, 195, 848
1339, 318, 481
1340, 380, 899
1341, 290, 633
1342, 978, 985
1343, 263, 802
1344, 10, 822
1345, 160, 259
1346, 405, 717
1347, 55, 205
1348, 70, 876
1349, 21, 707
1350, 592, 912
1351, 896, 914
1352, 51, 913
1353, 37, 43
1354, 22, 479
1355, 237, 893
1356, 113, 404
1357, 801, 847
1358, 314, 800
1359, 582, 796
1360, 532, 623
1361, 753, 968
1362, 357, 461
1363, 577, 905
1364, 302, 424
1365, 243, 313
1366, 242, 400
1367, 348, 621
1368, 142, 815
1369, 62, 95
1370, 59, 920
1371, 428, 676
1372, 352, 572
1373, 342, 969
1374, 177, 811
1375, 49, 605
1376, 157, 221
1377, 555, 683
1378, 18, 983
1379, 714, 944
1380, 29, 752
1381, 486, 887
1382, 77, 677
1383, 110, 911
1384, 158, 230
1385, 121, 823
1386, 420, 615
1387, 328, 567
1388, 156, 280
1389, 784, 795
1390, 132, 284
1391, 93, 408
1392, 206, 427
1393, 128, 150
1394, 477, 883
1395, 152, 496
1396, 842, 904
1397, 672, 759
1398, 188, 665
1399, 139, 901
1400, 675, 724
1401, 681, 760
1402, 413, 487
1403, 636, 797
1404, 81, 92
1405, 533, 569
1406, 319, 790
1407, 105, 312
1408, 223, 343
1409, 832, 868
1410, 617, 872
1411, 356, 705
1412, 33, 550
1413, 183, 725
1414, 40, 410
1415, 278, 320
1416, 460, 743
1417, 611, 962
1418, 276, 653
1419, 245, 523
1420, 367, 910
1421, 345, 529
1422, 642, 652
1423, 116, 907
1424, 187, 984
1425, 145, 761
1426, 355, 508
1427, 363, 655
1428, 566, 834
1429, 79, 587
1430, 436, 598
1431, 131, 248
1432, 169, 956
1433, 87, 908
1434, 594, 996
1435, 305, 828
1436, 502, 604
1437, 732, 939
1438, 252, 659
1439, 534, 793
1440, 67, 464
1441, 26, 903
1442, 600, 754
1443, 764, 857
1444, 449, 976
1445, 170, 728
1446, 220, 546
1447, 561, 648
1448, 860, 874
1449, 56, 885
1450, 163, 803
1451, 182, 902
1452, 541, 620
1453, 478, 597
1454, 576, 661
1455, 219, 824
1456, 173, 758
1457, 837, 948
1458, 114, 934
1459, 347, 469
1460, 629, 772
1461, 89, 785
1462, 165, 880
1463, 782, 819
1464, 46, 709
1465, 48, 506
1466, 148, 166
1467, 119, 722
1468, 475, 964
1469, 777, 888
1470, 684, 943
1471, 516, 565
1472, 197, 967
1473, 327, 339
1474, 228, 730
1475, 771, 989
1476, 619, 780
1477, 108, 731
1478, 451, 673
1479, 240, 272
1480, 310, 817
1481, 560, 575
1482, 249, 536
1483, 198, 616
1484, 213, 952
1485, 202, 669
1486, 199, 858
1487, 178, 854
1488, 253, 261
1489, 297, 368
1490, 94, 298
1491, 258, 779
1492, 417, 473
1493, 455, 991
1494, 125, 602
1495, 480, 755
1496, 562, 571
1497, 308, 511
1498, 124, 316
1499, 76, 634
1500, 44, 737
1501, 97, 862
1502, 422, 729
1503, 4, 739
1504, 274, 611
1505, 15, 494
1506, 226, 236
1507, 185, 956
1508, 569, 949
1509, 529, 867
1510, 828, 990
1511, 14, 791
1512, 365, 726
1513, 574, 631
1514, 302, 792
1515, 38, 368
1516, 20, 880
1517, 75, 385
1518, 467, 778
1519, 736, 747
1520, 82, 348
1521, 389, 692
1522, 833, 939
1523, 478, 601
1524, 253, 707
1525, 245, 501
1526, 394, 776
1527, 221, 497
1528, 292, 626
1529, 25, 668
1530, 235, 371
1531, 519, 978
1532, 298, 973
1533, 263, 418
1534, 725, 852
1535, 55, 624
1536, 160, 910
1537, 496, 640
1538, 43, 54
1539, 598, 745
1540, 103, 406
1541, 589, 773
1542, 76, 625
1543, 462, 584
1544, 145, 257
1545, 953, 975
1546, 602, 950
1547, 35, 755
1548, 149, 935
1549, 487, 508
1550, 22, 788
1551, 475, 655
1552, 474, 912
1553, 69, 137
1554, 733, 893
1555, 181, 829
1556, 420, 708
1557, 523, 693
1558, 782, 980
1559, 5, 850
1560, 854, 937
1561, 121, 887
1562, 135, 648
1563, 500, 781
1564, 172, 694
1565, 507, 764
1566, 516, 960
1567, 104, 335
1568, 167, 196
1569, 431, 644
1570, 11, 399
1571, 688, 756
1572, 658, 917
1573, 29, 114
1574, 430, 486
1575, 155, 809
1576, 532, 652
1577, 255, 297
1578, 99, 597
1579, 890, 919
1580, 194, 603
1581, 360, 667
1582, 427, 649
1583, 94, 116
1584, 34, 620
1585, 232, 952
1586, 710, 749
1587, 633, 838
1588, 355, 518
1589, 981, 993
1590, 110, 898
1591, 108, 718
1592, 489, 612
1593, 230, 425
1594, 346, 565
1595, 217, 249
1596, 206, 863
1597, 204, 512
1598, 344, 844
1599, 397, 657
1600, 732, 735
1601, 210, 720
1602, 83, 972
1603, 16, 827
1604, 183, 834
1605, 299, 679
1606, 40, 349
1607, 123, 540
1608, 171, 568
1609, 73, 619
1610, 49, 795
1611, 215, 938
1612, 307, 816
1613, 533, 786
1614, 100, 301
1615, 469, 723
1616, 446, 977
1617, 214, 871
1618, 936, 982
1619, 444, 997
1620, 18, 80
1621, 672, 673
1622, 675, 882
1623, 154, 853
1624, 511, 799
1625, 269, 448
1626, 641, 665
1627, 664, 875
1628, 393, 785
1629, 158, 491
1630, 803, 805
1631, 79, 329
1632, 148, 152
1633, 400, 687
1634, 316, 907
1635, 150, 592
1636, 117, 244
1637, 476, 757
1638, 609, 913
1639, 318, 996
1640, 528, 865
1641, 473, 948
1642, 251, 325
1643, 481, 942
1644, 240, 398
1645, 553, 738
1646, 140, 818
1647, 98, 830
1648, 265, 841
1649, 193, 808
1650, 64, 162
1651, 126, 291
1652, 234, 466
1653, 432, 766
1654, 461, 884
1655, 614, 921
1656, 812, 821
1657, 74, 377
1658, 470, 772
1659, 514, 577
1660, 208, 933
1661, 91, 879
1662, 426, 790
1663, 120, 826
1664, 202, 331
1665, 136, 543
1666, 437, 678
1667, 407, 559
1668, 813, 991
1669, 58, 455
1670, 277, 450
1671, 84, 987
1672, 358, 638
1673, 283, 684
1674, 143, 815
1675, 266, 804
1676, 37, 748
1677, 526, 889
1678, 6, 954
1679, 32, 706
1680, 169, 940
1681, 920, 999
1682, 128, 190
1683, 102, 860
1684, 109, 689
1685, 106, 819
1686, 141, 267
1687, 423, 709
1688, 173, 460
1689, 279, 645
1690, 366, 610
1691, 547, 835
1692, 535, 697
1693, 118, 588
1694, 421, 539
1695, 65, 328
1696, 254, 440
1697, 628, 958
1698, 758, 822
1699, 56, 415
1700, 122, 905
1701, 36, 868
1702, 551, 691
1703, 31, 845
1704, 24, 339
1705, 870, 886
1706, 488, 840
1707, 319, 806
1708, 343, 741
1709, 258, 930
1710, 362, 823
1711, 175, 728
1712, 23, 438
1713, 724, 903
1714, 434, 627
1715, 111, 555
1716, 557, 769
1717, 68, 364
1718, 303, 659
1719, 616, 621
1720, 19, 894
1721, 452, 768
1722, 347, 896
1723, 178, 223
1724, 201, 241
1725, 332, 566
1726, 87, 164
1727, 93, 112
1728, 436, 479
1729, 285, 946
1730, 314, 824
1731, 379, 556
1732, 639, 856
1733, 248, 783
1734, 595, 661
1735, 548, 931
1736, 66, 188
1737, 695, 714
1738, 203, 666
1739, 376, 836
1740, 334, 396
1741, 754, 970
1742, 311, 536
1743, 654, 681
1744, 273, 994
1745, 161, 594
1746, 550, 848
1747, 260, 564
1748, 146, 677
1749, 17, 59
1750, 130, 373
1751, 324, 698
1752, 33, 831
1753, 71, 416
1754, 495, 998
1755, 86, 144
1756, 209, 685
1757, 39, 740
1758, 52, 327
1759, 13, 703
1760, 617, 945
1761, 459, 510
1762, 403, 534
1763, 669, 670
1764, 30, 722
1765, 342, 699
1766, 317, 404
1767, 42, 312
1768, 216, 716
1769, 287, 451
1770, 632, 779
1771, 213, 789
1772, 326, 525
1773, 186, 382
1774, 199, 837
1775, 27, 682
1776, 618, 876
1777, 801, 902
1778, 356, 759
1779, 174, 846
1780, 445, 524
1781, 271, 961
1782, 435, 908
1783, 359, 924
1784, 224, 570
1785, 127, 395
1786, 290, 891
1787, 296, 923
1788, 387, 503
1789, 643, 777
1790, 200, 493
1791, 472, 807
1792, 147, 252
1793, 268, 796
1794, 586, 881
1795, 521, 842
1796, 482, 1000
1797, 41, 719
1798, 222, 429
1799, 323, 350
1800, 170, 195
1801, 300, 593
1802, 313, 600
1803, 228, 857
1804, 46, 969
1805, 530, 869
1806, 205, 504
1807, 48, 353
1808, 166, 974
1809, 607, 646
1810, 45, 988
1811, 26, 513
1812, 57, 727
1813, 133, 986
1814, 582, 995
1815, 932, 959
1816, 449, 802
1817, 746, 798
1818, 53, 558
1819, 72, 163
1820, 873, 926
1821, 95, 284
1822, 77, 520
1823, 9, 737
1824, 409, 750
1825, 386, 704
1826, 579, 878
1827, 242, 336
1828, 180, 843
1829, 134, 270
1830, 138, 922
1831, 197, 855
1832, 635, 992
1833, 456, 820
1834, 310, 743
1835, 411, 561
1836, 671, 897
1837, 286, 696
1838, 308, 546
1839, 165, 272
1840, 321, 499
1841, 131, 153
1842, 622, 787
1843, 615, 656
1844, 330, 384
1845, 767, 976
1846, 229, 483
1847, 413, 676
1848, 765, 814
1849, 295, 428
1850, 81, 184
1851, 599, 613
1852, 851, 918
1853, 372, 964
1854, 60, 900
1855, 212, 605
1856, 401, 916
1857, 363, 817
1858, 239, 715
1859, 159, 711
1860, 390, 468
1861, 581, 674
1862, 3, 885
1863, 527, 731
1864, 866, 968
1865, 705, 793
1866, 572, 944
1867, 721, 943
1868, 761, 983
1869, 320, 576
1870, 454, 955
1871, 408, 751
1872, 701, 832
1873, 282, 901
1874, 125, 288
1875, 28, 560
1876, 552, 985
1877, 293, 567
1878, 105, 928
1879, 575, 637
1880, 441, 753
1881, 168, 289
1882, 227, 294
1883, 8, 333
1884, 191, 634
1885, 262, 419
1886, 447, 925
1887, 650, 967
1888, 62, 107
1889, 51, 417
1890, 402, 538
1891, 412, 563
1892, 315, 914
1893, 10, 794
1894, 345, 477
1895, 211, 717
1896, 651, 877
1897, 21, 549
1898, 281, 895
1899, 410, 984
1900, 522, 542
1901, 264, 742
1902, 629, 744
1903, 354, 388
1904, 176, 662
1905, 129, 246
1906, 187, 278
1907, 680, 951
1908, 85, 453
1909, 247, 888
1910, 44, 545
1911, 261, 864
1912, 947, 965
1913, 198, 775
1914, 357, 630
1915, 443, 712
1916, 304, 515
1917, 381, 414
1918, 361, 604
1919, 442, 784
1920, 457, 989
1921, 276, 971
1922, 47, 583
1923, 101, 433
1924, 179, 405
1925, 90, 119
1926, 492, 636
1927, 498, 800
1928, 369, 596
1929, 219, 506
1930, 341, 906
1931, 67, 780
1932, 115, 485
1933, 580, 904
1934, 70, 464
1935, 702, 771
1936, 537, 578
1937, 337, 375
1938, 383, 966
1939, 370, 690
1940, 306, 861
1941, 463, 911
1942, 623, 909
1943, 156, 934
1944, 752, 858
1945, 207, 391
1946, 132, 275
1947, 686, 825
1948, 340, 352
1949, 220, 238
1950, 458, 541
1951, 309, 899
1952, 653, 929
1953, 89, 465
1954, 517, 647
1955, 78, 233
1956, 151, 874
1957, 591, 892
1958, 1, 811
1959, 2, 12
1960, 663, 770
1961, 218, 250
1962, 484, 957
1963, 63, 378
1964, 587, 590
1965, 7, 683
1966, 380, 660
1967, 225, 502
1968, 88, 585
1969, 439, 849
1970, 571, 962
1971, 50, 509
1972, 189, 243
1973, 351, 700
1974, 182, 979
1975, 554, 859
1976, 231, 883
1977, 562, 642
1978, 259, 730
1979, 124, 392
1980, 573, 774
1981, 177, 374
1982, 113, 810
1983, 157, 963
1984, 61, 256
1985, 367, 471
1986, 338, 713
1987, 280, 760
1988, 92, 424
1989, 96, 762
1990, 192, 927
1991, 480, 606
1992, 139, 237
1993, 734, 941
1994, 797, 872
1995, 544, 915
1996, 322, 847
1997, 608, 763
1998, 490, 505
1999, 305, 839
2000, 142, 531
2001, 197, 454
2002, 463, 933
2003, 185, 629
2004, 431, 535
2005, 287, 938
2006, 634, 728
2007, 326, 581
2008, 834, 910
2009, 392, 939
2010, 77, 832
2011, 376, 415
2012, 704, 831
2013, 88, 769
2014, 691, 816
2015, 20, 737
2016, 164, 555
2017, 559, 708
2018, 208, 738
2019, 80, 985
2020, 407, 977
2021, 532, 752
2022, 402, 976
2023, 774, 850
2024, 190, 913
2025, 83, 251
2026, 214, 571
2027, 625, 897
2028, 237, 761
2029, 221, 310
2030, 89, 381
2031, 355, 710
2032, 642, 903
2033, 32, 672
2034, 465, 930
2035, 349, 617
2036, 151, 611
2037, 173, 512
2038, 199, 507
2039, 145, 780
2040, 863, 923
2041, 375, 654
2042, 664, 732
2043, 538, 995
2044, 825, 893
2045, 163, 822
2046, 423, 925
2047, 377, 406
2048, 531, 759
2049, 139, 855
2050, 602, 845
2051, 328, 586
2052, 511, 960
2053, 158, 312
2054, 107, 282
2055, 740, 788
2056, 311, 651
2057, 226, 746
2058, 26, 393
2059, 36, 874
2060, 690, 918
2061, 44, 630
2062, 91, 945
2063, 496, 999
2064, 147, 201
2065, 417, 683
2066, 167, 343
2067, 506, 519
2068, 34, 636
2069, 2, 250
2070, 481, 524
2071, 293, 828
2072, 338, 779
2073, 277, 967
2074, 22, 449
2075, 231, 784
2076, 346, 731
2077, 33, 419
2078, 60, 714
2079, 54, 615
2080, 567, 600
2081, 76, 378
2082, 19, 285
2083, 826, 991
2084, 187, 445
2085, 383, 790
2086, 801, 929
2087, 687, 782
2088, 650, 661
2089, 722, 767
2090, 263, 756
2091, 453, 872
2092, 116, 808
2093, 31, 853
2094, 578, 696
2095, 219, 656
2096, 9, 386
2097, 211, 476
2098, 232, 814
2099, 296, 806
2100, 414, 820
2101, 99, 267
2102, 446, 470
2103, 182, 895
2104, 335, 577
2105, 279, 796
2106, 299, 778
2107, 391, 591
2108, 141, 228
2109, 518, 885
2110, 128, 604
2111, 670, 719
2112, 148, 741
2113, 100, 928
2114, 668, 755
2115, 366, 676
2116, 447, 599
2117, 286, 775
2118, 57, 890
2119, 111, 843
2120, 345, 354
2121, 224, 851
2122, 179, 442
2123, 240, 261
2124, 799, 812
2125, 17, 641
2126, 551, 968
2127, 172, 303
2128, 55, 702
2129, 701, 736
2130, 67, 153
2131, 305, 871
2132, 765, 860
2133, 284, 952
2134, 389, 984
2135, 194, 428
2136, 695, 771
2137, 858, 917
2138, 207, 681
2139, 499, 576
2140, 502, 639
2141, 281, 295
2142, 16, 948
2143, 588, 705
2144, 467, 721
2145, 543, 621
2146, 331, 896
2147, 195, 619
2148, 418, 647
2149, 819, 840
2150, 283, 388
2151, 370, 488
2152, 58, 983
2153, 292, 689
2154, 438, 451
2155, 563, 868
2156, 87, 684
2157, 706, 881
2158, 652, 794
2159, 138, 766
2160, 47, 105
2161, 883, 927
2162, 90, 526
2163, 137, 678
2164, 422, 455
2165, 244, 915
2166, 70, 546
2167, 768, 770
2168, 560, 730
2169, 217, 321
2170, 412, 758
2171, 504, 565
2172, 359, 501
2173, 633, 975
2174, 300, 609
2175, 403, 645
2176, 117, 870
2177, 306, 356
2178, 516, 595
2179, 52, 85
2180, 452, 920
2181, 325, 483
2182, 6, 640
2183, 273, 886
2184, 352, 894
2185, 82, 468
2186, 596, 879
2187, 65, 495
2188, 131, 500
2189, 314, 593
2190, 424, 989
2191, 112, 542
2192, 113, 982
2193, 13, 297
2194, 525, 943
2195, 126, 313
2196, 319, 610
2197, 824, 849
2198, 209, 554
2199, 575, 901
2200, 157, 276
2201, 106, 315
2202, 124, 922
2203, 733, 956
2204, 66, 905
2205, 238, 875
2206, 278, 638
2207, 59, 579
2208, 404, 798
2209, 142, 988
2210, 79, 955
2211, 35, 528
2212, 598, 852
2213, 95, 274
2214, 181, 517
2215, 72, 973
2216, 337, 914
2217, 176, 413
2218, 729, 964
2219, 854, 884
2220, 27, 878
2221, 316, 655
2222, 262, 448
2223, 365, 556
2224, 122, 969
2225, 108, 926
2226, 48, 289
2227, 490, 848
2228, 410, 628
2229, 441, 583
2230, 549, 907
2231, 329, 489
2232, 97, 692
2233, 5, 757
2234, 373, 856
2235, 405, 492
2236, 110, 622
2237, 56, 550
2238, 320, 521
2239, 184, 594
2240, 688, 861
2241, 485, 805
2242, 400, 727
2243, 437, 936
2244, 750, 817
2245, 350, 666
2246, 14, 143
2247, 341, 607
2248, 21, 420
2249, 493, 742
2250, 444, 777
2251, 169, 395
2252, 566, 844
2253, 302, 744
2254, 743, 833
2255, 498, 667
2256, 487, 978
2257, 149, 919
2258, 632, 887
2259, 751, 944
2260, 192, 626
2261, 257, 962
2262, 821, 993
2263, 230, 747
2264, 505, 537
2265, 358, 734
2266, 304, 534
2267, 104, 530
2268, 266, 360
2269, 39, 724
2270, 61, 994
2271, 146, 477
2272, 324, 612
2273, 382, 763
2274, 497, 663
2275, 93, 210
2276, 590, 608
2277, 322, 603
2278, 78, 713
2279, 954, 974
2280, 239, 421
2281, 523, 786
2282, 397, 592
2283, 807, 916
2284, 63, 616
2285, 235, 745
2286, 236, 265
2287, 42, 430
2288, 908, 932
2289, 156, 336
2290, 248, 942
2291, 160, 935
2292, 92, 912
2293, 38, 569
2294, 522, 561
2295, 671, 781
2296, 409, 698
2297, 86, 739
2298, 37, 637
2299, 268, 735
2300, 81, 776
2301, 174, 892
2302, 515, 906
2303, 123, 264
2304, 460, 478
2305, 773, 958
2306, 254, 904
2307, 7, 795
2308, 340, 363
2309, 29, 45
2310, 398, 700
2311, 787, 841
2312, 196, 940
2313, 553, 957
2314, 191, 198
2315, 130, 241
2316, 308, 669
2317, 466, 568
2318, 49, 425
2319, 384, 432
2320, 94, 717
2321, 205, 909
2322, 898, 997
2323, 582, 673
2324, 203, 317
2325, 394, 585
2326, 46, 426
2327, 73, 891
2328, 301, 686
2329, 385, 697
2330, 245, 660
2331, 675, 971
2332, 171, 462
2333, 390, 809
2334, 547, 597
2335, 200, 618
2336, 225, 243
2337, 836, 965
2338, 459, 753
2339, 25, 847
2340, 18, 703
2341, 252, 362
2342, 30, 614
2343, 601, 980
2344, 43, 347
2345, 189, 694
2346, 4, 443
2347, 649, 800
2348, 396, 839
2349, 646, 862
2350, 186, 371
2351, 234, 605
2352, 411, 880
2353, 204, 427
2354, 159, 888
2355, 213, 570
2356, 635, 846
2357, 136, 674
2358, 144, 813
2359, 789, 815
2360, 246, 748
2361, 24, 711
2362, 372, 961
2363, 792, 979
2364, 202, 631
2365, 12, 269
2366, 514, 653
2367, 84, 387
2368, 183, 716
2369, 474, 950
2370, 152, 797
2371, 75, 606
2372, 433, 827
2373, 435, 479
2374, 475, 552
2375, 368, 749
2376, 23, 818
2377, 98, 480
2378, 307, 461
2379, 161, 218
2380, 258, 580
2381, 71, 364
2382, 367, 680
2383, 62, 830
2384, 118, 227
2385, 53, 155
2386, 379, 665
2387, 103, 233
2388, 723, 811
2389, 353, 380
2390, 50, 51
2391, 369, 472
2392, 865, 946
2393, 170, 829
2394, 416, 450
2395, 544, 760
2396, 659, 823
2397, 206, 440
2398, 309, 842
2399, 220, 484
2400, 115, 177
2401, 508, 720
2402, 473, 510
2403, 726, 873
2404, 334, 712
2405, 803, 882
2406, 333, 469
2407, 271, 902
2408, 291, 624
2409, 564, 802
2410, 457, 931
2411, 215, 253
2412, 357, 970
2413, 222, 539
2414, 102, 837
2415, 627, 867
2416, 562, 685
2417, 434, 899
2418, 3, 889
2419, 40, 772
2420, 783, 864
2421, 68, 866
2422, 348, 361
2423, 436, 541
2424, 216, 869
2425, 533, 643
2426, 323, 548
2427, 491, 536
2428, 101, 288
2429, 471, 486
2430, 374, 953
2431, 408, 838
2432, 188, 990
2433, 810, 992
2434, 134, 557
2435, 351, 574
2436, 166, 998
2437, 439, 693
2438, 275, 987
2439, 249, 339
2440, 162, 193
2441, 482, 662
2442, 180, 587
2443, 96, 699
2444, 125, 327
2445, 165, 545
2446, 120, 963
2447, 41, 503
2448, 127, 212
2449, 255, 718
2450, 11, 494
2451, 140, 981
2452, 175, 959
2453, 859, 900
2454, 947, 972
2455, 399, 876
2456, 527, 620
2457, 109, 715
2458, 679, 934
2459, 589, 644
2460, 584, 857
2461, 242, 804
2462, 260, 290
2463, 344, 921
2464, 223, 342
2465, 937, 996
2466, 256, 330
2467, 8, 332
2468, 69, 132
2469, 280, 877
2470, 129, 911
2471, 529, 835
2472, 572, 709
2473, 401, 791
2474, 613, 966
2475, 150, 509
2476, 648, 762
2477, 15, 793
2478, 229, 573
2479, 114, 764
2480, 658, 949
2481, 247, 270
2482, 458, 623
2483, 74, 1000
2484, 10, 318
2485, 520, 677
2486, 294, 682
2487, 121, 429
2488, 133, 657
2489, 135, 259
2490, 1, 754
2491, 951, 986
2492, 119, 540
2493, 28, 707
2494, 725, 941
2495, 168, 785
2496, 64, 272
2497, 154, 558
2498, 178, 924
2499, 456, 513
2500, 298, 464
2501, 478, 620
2502, 319, 455
2503, 532, 557
2504, 315, 598
2505, 814, 945
2506, 457, 699
2507, 783, 839
2508, 153, 262
2509, 406, 665
2510, 404, 674
2511, 210, 424
2512, 380, 805
2513, 571, 608
2514, 179, 654
2515, 1, 50
2516, 20, 490
2517, 759, 843
2518, 225, 348
2519, 889, 979
2520, 583, 706
2521, 27, 743
2522, 69, 719
2523, 516, 527
2524, 473, 505
2525, 14, 722
2526, 872, 909
2527, 70, 943
2528, 361, 826
2529, 126, 508
2530, 574, 848
2531, 437, 900
2532, 668, 887
2533, 65, 345
2534, 104, 193
2535, 107, 239
2536, 515, 568
2537, 48, 470
2538, 63, 500
2539, 619, 851
2540, 220, 553
2541, 222, 375
2542, 168, 399
2543, 488, 908
2544, 307, 785
2545, 842, 879
2546, 355, 565
2547, 689, 731
2548, 381, 757
2549, 769, 829
2550, 39, 955
2551, 102, 556
2552, 368, 792
2553, 340, 804
2554, 242, 413
2555, 127, 398
2556, 190, 925
2557, 443, 944
2558, 241, 656
2559, 794, 977
2560, 91, 305
2561, 308, 950
2562, 939, 989
2563, 172, 395
2564, 110, 248
2565, 552, 764
2566, 389, 604
2567, 257, 657
2568, 51, 318
2569, 564, 603
2570, 728, 775
2571, 778, 863
2572, 251, 605
2573, 316, 651
2574, 100, 776
2575, 219, 591
2576, 224, 880
2577, 92, 595
2578, 301, 430
2579, 831, 924
2580, 23, 912
2581, 526, 840
2582, 9, 322
2583, 693, 881
2584, 386, 798
2585, 29, 509
2586, 708, 940
2587, 173, 970
2588, 185, 676
2589, 452, 663
2590, 590, 801
2591, 560, 593
2592, 267, 421
2593, 93, 367
2594, 408, 732
2595, 75, 664
2596, 230, 773
2597, 317, 714
2598, 247, 578
2599, 111, 313
2600, 687, 935
2601, 131, 937
2602, 287, 911
2603, 226, 936
2604, 427, 973
2605, 122, 383
2606, 637, 901
2607, 337, 735
2608, 40, 82
2609, 796, 906
2610, 8, 198
2611, 86, 328
2612, 95, 438
2613, 177, 393
2614, 339, 684
2615, 274, 980
2616, 336, 642
2617, 864, 969
2618, 592, 704
2619, 431, 984
2620, 351, 921
2621, 405, 772
2622, 868, 869
2623, 547, 703
2624, 423, 870
2625, 645, 820
2626, 34, 520
2627, 200, 265
2628, 254, 471
2629, 364, 414
2630, 670, 715
2631, 62, 639
2632, 425, 573
2633, 394, 998
2634, 415, 730
2635, 60, 968
2636, 196, 601
2637, 162, 400
2638, 403, 960
2639, 641, 966
2640, 543, 600
2641, 521, 622
2642, 80, 191
2643, 90, 158
2644, 354, 579
2645, 59, 877
2646, 304, 644
2647, 325, 636
2648, 58, 157
2649, 264, 456
2650, 227, 662
2651, 746, 978
2652, 589, 958
2653, 324, 626
2654, 96, 849
2655, 465, 824
2656, 192, 506
2657, 57, 363
2658, 99, 539
2659, 53, 857
2660, 507, 942
2661, 742, 988
2662, 370, 787
2663, 10, 218
2664, 417, 846
2665, 531, 920
2666, 150, 312
2667, 303, 652
2668, 450, 666
2669, 409, 458
2670, 392, 436
2671, 716, 847
2672, 723, 915
2673, 256, 853
2674, 740, 830
2675, 334, 653
2676, 382, 679
2677, 335, 365
2678, 797, 810
2679, 514, 811
2680, 275, 914
2681, 660, 781
2682, 209, 884
2683, 211, 825
2684, 228, 548
2685, 272, 799
2686, 171, 727
2687, 834, 919
2688, 15, 167
2689, 479, 628
2690, 432, 577
2691, 602, 967
2692, 646, 953
2693, 611, 987
2694, 586, 624
2695, 118, 562
2696, 291, 903
2697, 411, 697
2698, 221, 643
2699, 659, 918
2700, 701, 965
2701, 827, 941
2702, 263, 747
2703, 259, 882
2704, 279, 690
2705, 216, 741
2706, 66, 789
2707, 384, 534
2708, 555, 875
2709, 261, 530
2710, 103, 634
2711, 469, 484
2712, 309, 397
2713, 276, 489
2714, 475, 856
2715, 235, 314
2716, 412, 976
2717, 786, 938
2718, 720, 971
2719, 377, 855
2720, 388, 726
2721, 321, 440
2722, 163, 504
2723, 570, 594
2724, 137, 293
2725, 106, 373
2726, 765, 780
2727, 311, 544
2728, 88, 206
2729, 463, 885
2730, 149, 502
2731, 33, 640
2732, 148, 647
2733, 26, 212
2734, 236, 672
2735, 371, 407
2736, 876, 993
2737, 17, 1000
2738, 581, 850
2739, 426, 580
2740, 249, 681
2741, 535, 817
2742, 30, 932
2743, 422, 567
2744, 132, 948
2745, 71, 745
2746, 572, 791
2747, 468, 854
2748, 396, 895
2749, 25, 533
2750, 549, 614
2751, 353, 523
2752, 166, 558
2753, 195, 517
2754, 807, 860
2755, 28, 481
2756, 546, 947
2757, 376, 511
2758, 94, 836
2759, 709, 710
2760, 115, 748
2761, 13, 766
2762, 214, 566
2763, 762, 768
2764, 105, 285
2765, 67, 187
2766, 587, 777
2767, 790, 959
2768, 385, 698
2769, 756, 758
2770, 661, 818
2771, 744, 784
2772, 476, 510
2773, 630, 680
2774, 83, 125
2775, 273, 292
2776, 616, 893
2777, 12, 54
2778, 597, 621
2779, 112, 485
2780, 154, 754
2781, 164, 519
2782, 11, 401
2783, 169, 685
2784, 81, 252
2785, 729, 733
2786, 3, 492
2787, 522, 865
2788, 129, 832
2789, 128, 223
2790, 585, 671
2791, 297, 712
2792, 795, 891
2793, 215, 718
2794, 540, 682
2795, 420, 542
2796, 737, 985
2797, 673, 927
2798, 183, 525
2799, 213, 623
2800, 446, 569
2801, 449, 503
2802, 513, 949
2803, 37, 78
2804, 7, 19
2805, 255, 821
2806, 120, 946
2807, 281, 290
2808, 284, 372
2809, 822, 890
2810, 77, 174
2811, 333, 902
2812, 98, 320
2813, 299, 482
2814, 244, 917
2815, 61, 442
2816, 121, 151
2817, 346, 360
2818, 439, 867
2819, 391, 896
2820, 35, 402
2821, 751, 994
2822, 181, 352
2823, 327, 750
2824, 119, 282
2825, 176, 477
2826, 429, 835
2827, 410, 961
2828, 55, 599
2829, 713, 808
2830, 175, 956
2831, 170, 550
2832, 44, 725
2833, 4, 845
2834, 480, 815
2835, 828, 982
2836, 42, 199
2837, 366, 675
2838, 143, 501
2839, 245, 289
2840, 258, 529
2841, 89, 300
2842, 696, 763
2843, 271, 986
2844, 109, 306
2845, 266, 378
2846, 5, 493
2847, 537, 951
2848, 518, 717
2849, 188, 283
2850, 497, 841
2851, 41, 852
2852, 888, 981
2853, 610, 928
2854, 31, 332
2855, 231, 369
2856, 524, 635
2857, 435, 738
2858, 202, 995
2859, 133, 294
2860, 178, 329
2861, 342, 554
2862, 116, 454
2863, 323, 761
2864, 145, 545
2865, 302, 607
2866, 873, 990
2867, 498, 736
2868, 347, 962
2869, 189, 338
2870, 491, 495
2871, 155, 930
2872, 734, 782
2873, 124, 344
2874, 130, 467
2875, 892, 974
2876, 922, 972
2877, 749, 816
2878, 445, 538
2879, 695, 774
2880, 617, 866
2881, 18, 871
2882, 512, 802
2883, 379, 934
2884, 374, 632
2885, 134, 625
2886, 700, 905
2887, 631, 683
2888, 243, 755
2889, 52, 559
2890, 217, 582
2891, 21, 472
2892, 441, 803
2893, 692, 752
2894, 823, 916
2895, 576, 648
2896, 108, 694
2897, 561, 809
2898, 428, 760
2899, 910, 933
2900, 73, 234
2901, 36, 462
2902, 298, 466
2903, 268, 975
2904, 633, 861
2905, 771, 904
2906, 331, 954
2907, 343, 356
2908, 418, 551
2909, 203, 638
2910, 899, 929
2911, 702, 923
2912, 38, 999
2913, 64, 357
2914, 677, 952
2915, 233, 707
2916, 68, 362
2917, 140, 447
2918, 350, 711
2919, 147, 253
2920, 117, 770
2921, 84, 812
2922, 461, 609
2923, 688, 767
2924, 444, 627
2925, 144, 496
2926, 74, 779
2927, 46, 246
2928, 161, 655
2929, 159, 669
2930, 138, 691
2931, 76, 280
2932, 494, 739
2933, 464, 487
2934, 793, 907
2935, 136, 433
2936, 146, 459
2937, 186, 686
2938, 269, 886
2939, 788, 883
2940, 139, 483
2941, 878, 931
2942, 56, 813
2943, 390, 721
2944, 114, 240
2945, 87, 650
2946, 43, 123
2947, 201, 486
2948, 448, 612
2949, 237, 649
2950, 135, 997
2951, 85, 270
2952, 667, 724
2953, 858, 894
2954, 182, 806
2955, 286, 753
2956, 957, 963
2957, 238, 859
2958, 229, 596
2959, 232, 833
2960, 528, 588
2961, 658, 862
2962, 250, 838
2963, 326, 615
2964, 349, 996
2965, 6, 584
2966, 142, 180
2967, 47, 341
2968, 207, 277
2969, 295, 618
2970, 45, 208
2971, 898, 983
2972, 72, 874
2973, 387, 897
2974, 330, 451
2975, 16, 453
2976, 358, 705
2977, 156, 204
2978, 296, 460
2979, 24, 359
2980, 194, 563
2981, 2, 606
2982, 141, 819
2983, 260, 288
2984, 474, 992
2985, 499, 575
2986, 310, 629
2987, 79, 97
2988, 536, 844
2989, 419, 541
2990, 22, 434
2991, 152, 926
2992, 32, 991
2993, 165, 416
2994, 613, 913
2995, 278, 964
2996, 49, 160
2997, 113, 197
2998, 101, 205
2999, 800, 837
3000, 184, 678
3001, 439, 661
3002, 689, 822
3003, 814, 870
3004, 470, 859
3005, 171, 891
3006, 549, 654
3007, 221, 932
3008, 264, 487
3009, 216, 266
3010, 369, 908
3011, 805, 827
3012, 122, 611
3013, 90, 714
3014, 65, 824
3015, 208, 380
3016, 582, 819
3017, 165, 381
3018, 49, 584
3019, 95, 349
3020, 682, 683
3021, 268, 685
3022, 71, 293
3023, 193, 780
3024, 699, 788
3025, 28, 767
3026, 178, 925
3027, 254, 508
3028, 378, 435
3029, 44, 692
3030, 524, 554
3031, 528, 734
3032, 615, 899
3033, 146, 374
3034, 679, 854
3035, 586, 876
3036, 671, 675
3037, 492, 826
3038, 469, 505
3039, 416, 546
3040, 514, 861
3041, 857, 977
3042, 560, 929
3043, 194, 290
3044, 92, 916
3045, 106, 992
3046, 89, 718
3047, 414, 423
3048, 633, 928
3049, 347, 921
3050, 82, 316
3051, 13, 747
3052, 491, 926
3053, 207, 832
3054, 296, 458
3055, 1, 873
3056, 325, 338
3057, 16, 933
3058, 235, 922
3059, 357, 892
3060, 337, 559
3061, 138, 545
3062, 789, 839
3063, 2, 205
3064, 447, 983
3065, 247, 370
3066, 555, 871
3067, 243, 436
3068, 515, 999
3069, 335, 644
3070, 881, 993
3071, 201, 802
3072, 454, 979
3073, 100, 176
3074, 388, 606
3075, 69, 289
3076, 561, 845
3077, 284, 691
3078, 310, 509
3079, 897, 914
3080, 102, 670
3081, 660, 877
3082, 402, 613
3083, 99, 155
3084, 636, 945
3085, 5, 319
3086, 101, 956
3087, 852, 944
3088, 66, 875
3089, 88, 562
3090, 180, 754
3091, 495, 551
3092, 263, 610
3093, 245, 628
3094, 440, 588
3095, 577, 763
3096, 324, 459
3097, 298, 775
3098, 84, 810
3099, 31, 632
3100, 499, 756
3101, 251, 735
3102, 431, 596
3103, 681, 719
3104, 553, 732
3105, 680, 961
3106, 668, 855
3107, 339, 883
3108, 110, 474
3109, 280, 521
3110, 283, 392
3111, 488, 759
3112, 86, 199
3113, 866, 996
3114, 52, 724
3115, 74, 935
3116, 428, 703
3117, 285, 550
3118, 150, 667
3119, 198, 750
3120, 93, 543
3121, 164, 404
3122, 253, 720
3123, 407, 659
3124, 244, 874
3125, 214, 676
3126, 299, 433
3127, 748, 769
3128, 571, 752
3129, 399, 594
3130, 666, 984
3131, 715, 878
3132, 579, 688
3133, 766, 867
3134, 3, 77
3135, 853, 964
3136, 390, 753
3137, 353, 851
3138, 27, 622
3139, 148, 220
3140, 53, 55
3141, 219, 950
3142, 341, 967
3143, 78, 885
3144, 17, 303
3145, 441, 862
3146, 494, 792
3147, 168, 782
3148, 40, 213
3149, 587, 634
3150, 411, 953
3151, 898, 989
3152, 476, 478
3153, 14, 712
3154, 530, 744
3155, 721, 924
3156, 481, 592
3157, 352, 558
3158, 50, 846
3159, 527, 998
3160, 621, 725
3161, 39, 360
3162, 260, 401
3163, 432, 890
3164, 217, 564
3165, 901, 965
3166, 113, 971
3167, 437, 927
3168, 119, 599
3169, 46, 301
3170, 364, 729
3171, 153, 949
3172, 695, 864
3173, 242, 751
3174, 32, 662
3175, 10, 987
3176, 511, 963
3177, 597, 902
3178, 359, 565
3179, 161, 686
3180, 745, 834
3181, 387, 836
3182, 225, 287
3183, 111, 758
3184, 906, 994
3185, 200, 627
3186, 191, 886
3187, 765, 955
3188, 443, 1000
3189, 239, 490
3190, 385, 472
3191, 424, 962
3192, 34, 974
3193, 625, 669
3194, 336, 389
3195, 167, 982
3196, 500, 912
3197, 234, 608
3198, 394, 940
3199, 541, 797
3200, 427, 988
3201, 327, 941
3202, 21, 655
3203, 42, 255
3204, 829, 973
3205, 391, 841
3206, 4, 513
3207, 367, 645
3208, 79, 821
3209, 444, 479
3210, 430, 480
3211, 195, 600
3212, 332, 795
3213, 616, 917
3214, 526, 911
3215, 112, 778
3216, 277, 365
3217, 350, 653
3218, 151, 781
3219, 189, 930
3220, 453, 678
3221, 421, 690
3222, 67, 257
3223, 383, 785
3224, 206, 537
3225, 20, 105
3226, 159, 446
3227, 646, 833
3228, 313, 801
3229, 384, 455
3230, 129, 315
3231, 256, 601
3232, 425, 426
3233, 9, 68
3234, 76, 578
3235, 372, 434
3236, 47, 639
3237, 483, 700
3238, 124, 624
3239, 210, 512
3240, 63, 784
3241, 120, 354
3242, 45, 158
3243, 128, 174
3244, 265, 377
3245, 791, 947
3246, 131, 355
3247, 248, 809
3248, 144, 798
3249, 497, 869
3250, 154, 923
3251, 51, 816
3252, 607, 975
3253, 386, 422
3254, 663, 737
3255, 742, 960
3256, 182, 429
3257, 576, 604
3258, 468, 815
3259, 684, 708
3260, 534, 643
3261, 203, 904
3262, 228, 919
3263, 85, 373
3264, 188, 533
3265, 749, 980
3266, 707, 903
3267, 104, 523
3268, 356, 777
3269, 590, 770
3270, 279, 302
3271, 540, 672
3272, 630, 641
3273, 59, 149
3274, 274, 323
3275, 583, 872
3276, 157, 705
3277, 457, 496
3278, 177, 211
3279, 143, 227
3280, 618, 726
3281, 344, 893
3282, 81, 162
3283, 134, 837
3284, 847, 887
3285, 363, 831
3286, 362, 818
3287, 97, 937
3288, 123, 649
3289, 710, 844
3290, 331, 772
3291, 141, 145
3292, 41, 57
3293, 617, 958
3294, 848, 884
3295, 295, 986
3296, 23, 461
3297, 330, 694
3298, 538, 978
3299, 186, 931
3300, 825, 849
3301, 35, 730
3302, 241, 796
3303, 542, 948
3304, 91, 466
3305, 172, 882
3306, 376, 398
3307, 408, 939
3308, 233, 868
3309, 637, 942
3310, 15, 395
3311, 400, 532
3312, 619, 909
3313, 445, 793
3314, 229, 969
3315, 281, 642
3316, 272, 456
3317, 484, 728
3318, 329, 506
3319, 238, 322
3320, 412, 471
3321, 25, 799
3322, 179, 224
3323, 665, 702
3324, 410, 595
3325, 603, 995
3326, 80, 342
3327, 640, 731
3328, 136, 269
3329, 294, 452
3330, 6, 18
3331, 258, 321
3332, 448, 598
3333, 250, 828
3334, 38, 771
3335, 126, 704
3336, 740, 741
3337, 375, 900
3338, 413, 835
3339, 259, 271
3340, 70, 516
3341, 405, 762
3342, 232, 959
3343, 267, 907
3344, 183, 966
3345, 573, 764
3346, 722, 838
3347, 236, 918
3348, 125, 629
3349, 103, 656
3350, 212, 620
3351, 166, 790
3352, 529, 952
3353, 24, 614
3354, 94, 135
3355, 746, 991
3356, 361, 779
3357, 709, 943
3358, 276, 438
3359, 170, 230
3360, 817, 936
3361, 127, 345
3362, 465, 934
3363, 304, 396
3364, 62, 118
3365, 286, 711
3366, 358, 787
3367, 33, 808
3368, 485, 888
3369, 489, 552
3370, 240, 693
3371, 223, 309
3372, 107, 569
3373, 140, 736
3374, 11, 346
3375, 19, 175
3376, 187, 328
3377, 773, 990
3378, 87, 823
3379, 460, 716
3380, 197, 563
3381, 273, 451
3382, 292, 585
3383, 340, 572
3384, 156, 463
3385, 605, 938
3386, 482, 860
3387, 547, 626
3388, 450, 972
3389, 307, 314
3390, 237, 498
3391, 334, 803
3392, 701, 894
3393, 574, 858
3394, 333, 647
3395, 379, 920
3396, 56, 282
3397, 142, 312
3398, 288, 760
3399, 467, 673
3400, 7, 121
3401, 417, 449
3402, 116, 343
3403, 351, 786
3404, 593, 807
3405, 308, 840
3406, 812, 954
3407, 231, 406
3408, 697, 946
3409, 507, 806
3410, 442, 794
3411, 602, 968
3412, 477, 830
3413, 262, 575
3414, 115, 218
3415, 226, 698
3416, 556, 896
3417, 570, 591
3418, 196, 252
3419, 503, 713
3420, 504, 687
3421, 130, 306
3422, 510, 879
3423, 464, 517
3424, 202, 652
3425, 525, 757
3426, 502, 970
3427, 98, 739
3428, 190, 813
3429, 415, 612
3430, 73, 109
3431, 420, 635
3432, 278, 300
3433, 83, 275
3434, 475, 536
3435, 58, 951
3436, 811, 957
3437, 311, 522
3438, 108, 137
3439, 48, 905
3440, 26, 133
3441, 209, 535
3442, 609, 723
3443, 658, 842
3444, 169, 981
3445, 246, 326
3446, 317, 462
3447, 184, 804
3448, 800, 856
3449, 60, 623
3450, 648, 650
3451, 717, 761
3452, 305, 696
3453, 139, 566
3454, 36, 985
3455, 366, 651
3456, 270, 348
3457, 152, 820
3458, 261, 913
3459, 181, 222
3460, 8, 403
3461, 518, 567
3462, 733, 850
3463, 320, 544
3464, 163, 493
3465, 519, 768
3466, 160, 664
3467, 473, 880
3468, 147, 910
3469, 117, 997
3470, 132, 915
3471, 61, 774
3472, 674, 889
3473, 22, 419
3474, 382, 589
3475, 204, 580
3476, 75, 568
3477, 318, 397
3478, 706, 738
3479, 215, 976
3480, 64, 173
3481, 548, 657
3482, 581, 783
3483, 291, 727
3484, 539, 743
3485, 371, 776
3486, 185, 677
3487, 297, 865
3488, 114, 557
3489, 37, 249
3490, 30, 501
3491, 393, 418
3492, 29, 638
3493, 12, 192
3494, 520, 863
3495, 54, 72
3496, 486, 531
3497, 43, 409
3498, 368, 895
3499, 96, 631
3500, 755, 843
3501, 535, 938
3502, 8, 524
3503, 587, 620
3504, 490, 623
3505, 165, 608
3506, 227, 528
3507, 287, 921
3508, 85, 108
3509, 749, 941
3510, 209, 364
3511, 785, 878
3512, 104, 247
3513, 449, 615
3514, 326, 844
3515, 367, 566
3516, 34, 270
3517, 384, 612
3518, 653, 804
3519, 73, 246
3520, 332, 682
3521, 703, 1000
3522, 17, 100
3523, 502, 687
3524, 555, 904
3525, 722, 761
3526, 503, 763
3527, 33, 865
3528, 465, 843
3529, 150, 903
3530, 757, 871
3531, 444, 607
3532, 127, 453
3533, 276, 867
3534, 45, 764
3535, 255, 995
3536, 250, 681
3537, 463, 708
3538, 135, 234
3539, 500, 975
3540, 356, 645
3541, 360, 789
3542, 328, 788
3543, 50, 207
3544, 18, 992
3545, 259, 827
3546, 822, 868
3547, 456, 883
3548, 358, 447
3549, 339, 496
3550, 262, 898
3551, 166, 629
3552, 639, 721
3553, 504, 655
3554, 492, 815
3555, 290, 485
3556, 114, 875
3557, 70, 925
3558, 123, 734
3559, 212, 231
3560, 279, 961
3561, 167, 808
3562, 258, 943
3563, 124, 691
3564, 220, 462
3565, 440, 619
3566, 665, 838
3567, 584, 767
3568, 199, 939
3569, 530, 980
3570, 428, 431
3571, 542, 893
3572, 160, 389
3573, 406, 769
3574, 401, 803
3575, 729, 936
3576, 481, 812
3577, 683, 920
3578, 636, 765
3579, 281, 341
3580, 122, 712
3581, 441, 900
3582, 229, 989
3583, 321, 756
3584, 296, 741
3585, 80, 947
3586, 497, 706
3587, 388, 694
3588, 12, 968
3589, 512, 816
3590, 42, 426
3591, 51, 221
3592, 148, 888
3593, 149, 471
3594, 177, 932
3595, 179, 304
3596, 217, 770
3597, 68, 495
3598, 370, 602
3599, 850, 923
3600, 245, 740
3601, 93, 783
3602, 416, 494
3603, 643, 855
3604, 235, 325
3605, 376, 775
3606, 319, 701
3607, 268, 742
3608, 52, 142
3609, 410, 872
3610, 118, 163
3611, 86, 111
3612, 611, 714
3613, 105, 554
3614, 241, 774
3615, 562, 628
3616, 74, 498
3617, 63, 467
3618, 733, 773
3619, 312, 853
3620, 120, 173
3621, 656, 845
3622, 129, 411
3623, 758, 835
3624, 302, 434
3625, 644, 724
3626, 215, 613
3627, 373, 988
3628, 830, 870
3629, 16, 792
3630, 529, 651
3631, 138, 200
3632, 552, 676
3633, 571, 589
3634, 454, 670
3635, 514, 796
3636, 605, 993
3637, 39, 267
3638, 354, 489
3639, 810, 962
3640, 318, 684
3641, 559, 614
3642, 286, 646
3643, 464, 937
3644, 28, 31
3645, 482, 969
3646, 387, 477
3647, 723, 979
3648, 678, 713
3649, 62, 794
3650, 451, 715
3651, 162, 885
3652, 285, 916
3653, 541, 849
3654, 238, 626
3655, 194, 480
3656, 568, 649
3657, 40, 432
3658, 218, 952
3659, 58, 309
3660, 322, 884
3661, 230, 550
3662, 520, 739
3663, 208, 415
3664, 300, 355
3665, 457, 866
3666, 359, 610
3667, 69, 79
3668, 184, 807
3669, 213, 735
3670, 823, 832
3671, 133, 942
3672, 188, 634
3673, 338, 617
3674, 381, 727
3675, 185, 573
3676, 219, 926
3677, 282, 400
3678, 509, 873
3679, 346, 659
3680, 996, 997
3681, 513, 695
3682, 91, 606
3683, 145, 591
3684, 29, 340
3685, 577, 842
3686, 532, 913
3687, 263, 731
3688, 660, 852
3689, 314, 955
3690, 272, 895
3691, 274, 469
3692, 53, 609
3693, 242, 858
3694, 103, 786
3695, 98, 772
3696, 43, 474
3697, 55, 107
3698, 134, 987
3699, 759, 791
3700, 579, 944
3701, 473, 515
3702, 49, 956
3703, 452, 567
3704, 257, 409
3705, 249, 297
3706, 527, 588
3707, 240, 990
3708, 168, 561
3709, 317, 595
3710, 136, 642
3711, 667, 950
3712, 5, 57
3713, 776, 877
3714, 178, 874
3715, 658, 699
3716, 621, 945
3717, 203, 375
3718, 378, 390
3719, 618, 902
3720, 578, 585
3721, 72, 790
3722, 146, 784
3723, 36, 625
3724, 201, 799
3725, 95, 442
3726, 840, 929
3727, 24, 861
3728, 421, 693
3729, 254, 959
3730, 366, 732
3731, 417, 433
3732, 412, 817
3733, 196, 211
3734, 48, 563
3735, 126, 662
3736, 436, 887
3737, 89, 857
3738, 139, 686
3739, 458, 657
3740, 597, 705
3741, 288, 531
3742, 407, 622
3743, 545, 747
3744, 223, 439
3745, 438, 802
3746, 604, 998
3747, 161, 508
3748, 25, 751
3749, 394, 800
3750, 443, 780
3751, 291, 334
3752, 96, 880
3753, 264, 564
3754, 357, 946
3755, 232, 311
3756, 35, 164
3757, 186, 911
3758, 198, 420
3759, 56, 189
3760, 393, 963
3761, 4, 315
3762, 261, 890
3763, 544, 600
3764, 92, 654
3765, 720, 821
3766, 273, 836
3767, 256, 569
3768, 158, 176
3769, 152, 787
3770, 157, 526
3771, 20, 491
3772, 236, 430
3773, 81, 266
3774, 590, 882
3775, 522, 910
3776, 383, 918
3777, 9, 760
3778, 60, 392
3779, 102, 697
3780, 737, 991
3781, 84, 981
3782, 351, 909
3783, 919, 927
3784, 32, 984
3785, 547, 972
3786, 13, 437
3787, 153, 594
3788, 329, 905
3789, 818, 831
3790, 252, 914
3791, 130, 848
3792, 87, 251
3793, 204, 805
3794, 180, 191
3795, 313, 719
3796, 147, 493
3797, 445, 726
3798, 284, 841
3799, 197, 666
3800, 253, 856
3801, 301, 337
3802, 560, 673
3803, 113, 427
3804, 171, 951
3805, 156, 717
3806, 3, 859
3807, 700, 966
3808, 307, 446
3809, 228, 468
3810, 172, 811
3811, 216, 534
3812, 486, 580
3813, 397, 974
3814, 94, 244
3815, 193, 745
3816, 21, 915
3817, 418, 637
3818, 170, 891
3819, 553, 829
3820, 385, 908
3821, 635, 851
3822, 336, 696
3823, 753, 964
3824, 627, 999
3825, 155, 523
3826, 365, 640
3827, 781, 930
3828, 260, 846
3829, 551, 954
3830, 664, 907
3831, 61, 675
3832, 324, 379
3833, 347, 586
3834, 298, 377
3835, 593, 680
3836, 350, 596
3837, 225, 728
3838, 110, 518
3839, 38, 310
3840, 243, 402
3841, 115, 970
3842, 137, 864
3843, 195, 413
3844, 26, 538
3845, 435, 854
3846, 294, 834
3847, 395, 912
3848, 295, 663
3849, 824, 894
3850, 483, 570
3851, 131, 141
3852, 265, 782
3853, 778, 977
3854, 316, 405
3855, 333, 399
3856, 67, 704
3857, 37, 190
3858, 283, 539
3859, 459, 582
3860, 574, 648
3861, 624, 669
3862, 521, 949
3863, 97, 633
3864, 306, 671
3865, 6, 82
3866, 121, 976
3867, 448, 505
3868, 429, 797
3869, 630, 896
3870, 1, 833
3871, 169, 210
3872, 71, 860
3873, 83, 143
3874, 565, 957
3875, 461, 928
3876, 425, 960
3877, 214, 826
3878, 2, 349
3879, 403, 813
3880, 320, 557
3881, 269, 414
3882, 470, 692
3883, 517, 793
3884, 226, 795
3885, 151, 746
3886, 277, 994
3887, 112, 716
3888, 674, 707
3889, 206, 371
3890, 187, 419
3891, 372, 901
3892, 331, 487
3893, 224, 631
3894, 239, 967
3895, 374, 869
3896, 396, 533
3897, 711, 837
3898, 14, 132
3899, 303, 748
3900, 30, 525
3901, 744, 876
3902, 7, 275
3903, 183, 352
3904, 348, 475
3905, 128, 175
3906, 119, 507
3907, 66, 934
3908, 75, 106
3909, 77, 978
3910, 391, 422
3911, 181, 948
3912, 806, 931
3913, 293, 510
3914, 90, 248
3915, 99, 917
3916, 647, 755
3917, 940, 986
3918, 222, 305
3919, 78, 668
3920, 202, 698
3921, 205, 506
3922, 345, 540
3923, 380, 768
3924, 601, 983
3925, 971, 985
3926, 466, 862
3927, 408, 935
3928, 650, 718
3929, 327, 575
3930, 44, 424
3931, 839, 863
3932, 22, 299
3933, 116, 754
3934, 404, 762
3935, 76, 738
3936, 64, 599
3937, 592, 924
3938, 583, 730
3939, 182, 556
3940, 19, 159
3941, 516, 679
3942, 743, 766
3943, 688, 819
3944, 41, 423
3945, 641, 672
3946, 820, 886
3947, 361, 736
3948, 10, 109
3949, 661, 973
3950, 652, 690
3951, 140, 750
3952, 771, 801
3953, 27, 476
3954, 54, 922
3955, 484, 549
3956, 616, 897
3957, 809, 958
3958, 271, 906
3959, 47, 65
3960, 511, 581
3961, 330, 576
3962, 46, 725
3963, 472, 710
3964, 702, 881
3965, 335, 677
3966, 280, 558
3967, 460, 828
3968, 15, 125
3969, 59, 689
3970, 382, 501
3971, 398, 933
3972, 174, 519
3973, 237, 344
3974, 154, 278
3975, 548, 603
3976, 777, 899
3977, 537, 632
3978, 144, 192
3979, 342, 892
3980, 363, 546
3981, 101, 953
3982, 536, 709
3983, 572, 798
3984, 11, 814
3985, 23, 965
3986, 117, 233
3987, 362, 479
3988, 343, 847
3989, 308, 450
3990, 369, 752
3991, 638, 685
3992, 292, 499
3993, 455, 982
3994, 779, 879
3995, 353, 598
3996, 323, 368
3997, 88, 488
3998, 386, 825
3999, 478, 889
4000, 289, 543
