id, img1, img2
1, 514, 569
2, 78, 824
3, 413, 733
4, 502, 675
5, 410, 934
6, 333, 552
7, 52, 104
8, 7, 225
9, 315, 561
10, 153, 405
11, 199, 963
12, 314, 614
13, 207, 635
14, 80, 503
15, 424, 732
16, 29, 481
17, 124, 420
18, 214, 445
19, 783, 937
20, 92, 210
21, 737, 906
22, 370, 944
23, 549, 809
24, 117, 122
25, 463, 962
26, 564, 626
27, 574, 942
28, 464, 523
29, 804, 833
30, 762, 992
31, 493, 599
32, 265, 765
33, 255, 258
34, 719, 743
35, 478, 544
36, 633, 760
37, 844, 979
38, 44, 781
39, 231, 588
40, 57, 332
41, 72, 197
42, 596, 612
43, 932, 990
44, 461, 511
45, 1, 343
46, 75, 86
47, 742, 893
48, 643, 996
49, 277, 898
50, 131, 801
51, 558, 997
52, 287, 434
53, 337, 639
54, 35, 159
55, 172, 276
56, 469, 529
57, 33, 792
58, 47, 815
59, 490, 661
60, 454, 696
61, 179, 450
62, 156, 903
63, 321, 841
64, 379, 885
65, 320, 487
66, 721, 880
67, 604, 651
68, 85, 875
69, 645, 786
70, 659, 758
71, 63, 676
72, 460, 994
73, 517, 798
74, 208, 667
75, 780, 808
76, 140, 671
77, 530, 722
78, 218, 690
79, 2, 345
80, 533, 773
81, 838, 989
82, 515, 960
83, 66, 913
84, 430, 907
85, 373, 609
86, 448, 862
87, 217, 816
88, 648, 650
89, 185, 453
90, 88, 921
91, 543, 926
92, 374, 981
93, 300, 426
94, 205, 761
95, 747, 947
96, 641, 876
97, 56, 983
98, 230, 958
99, 777, 839
100, 91, 181
101, 209, 756
102, 132, 707
103, 595, 759
104, 152, 235
105, 40, 198
106, 190, 946
107, 118, 211
108, 263, 911
109, 678, 987
110, 328, 797
111, 723, 837
112, 537, 589
113, 547, 763
114, 144, 378
115, 266, 768
116, 4, 628
117, 472, 813
118, 325, 587
119, 653, 787
120, 60, 679
121, 145, 498
122, 184, 186
123, 310, 660
124, 688, 741
125, 6, 382
126, 656, 965
127, 568, 652
128, 830, 869
129, 306, 580
130, 108, 870
131, 58, 927
132, 283, 728
133, 38, 892
134, 288, 566
135, 327, 550
136, 284, 323
137, 81, 806
138, 316, 486
139, 597, 619
140, 17, 642
141, 509, 919
142, 551, 923
143, 570, 821
144, 123, 201
145, 24, 416
146, 673, 912
147, 702, 711
148, 188, 428
149, 226, 447
150, 369, 776
151, 807, 873
152, 20, 840
153, 126, 389
154, 112, 736
155, 665, 686
156, 27, 555
157, 491, 818
158, 342, 567
159, 11, 335
160, 304, 843
161, 293, 441
162, 753, 811
163, 48, 423
164, 243, 640
165, 443, 557
166, 36, 581
167, 475, 933
168, 582, 867
169, 319, 945
170, 259, 507
171, 189, 400
172, 169, 383
173, 246, 917
174, 330, 624
175, 516, 822
176, 354, 668
177, 138, 778
178, 601, 998
179, 127, 817
180, 227, 988
181, 336, 631
182, 415, 881
183, 586, 693
184, 204, 682
185, 89, 158
186, 119, 392
187, 31, 459
188, 779, 961
189, 492, 858
190, 525, 966
191, 496, 775
192, 248, 546
193, 280, 940
194, 939, 978
195, 638, 689
196, 30, 425
197, 228, 950
198, 236, 935
199, 272, 494
200, 788, 957
201, 160, 245
202, 32, 439
203, 191, 216
204, 627, 769
205, 222, 825
206, 317, 489
207, 449, 930
208, 666, 949
209, 466, 925
210, 194, 220
211, 232, 613
212, 361, 473
213, 146, 157
214, 406, 854
215, 340, 902
216, 850, 964
217, 176, 744
218, 754, 877
219, 391, 412
220, 5, 726
221, 134, 829
222, 19, 506
223, 387, 442
224, 10, 432
225, 324, 510
226, 223, 842
227, 352, 629
228, 39, 267
229, 275, 476
230, 268, 399
231, 151, 350
232, 394, 705
233, 70, 129
234, 69, 524
235, 46, 868
236, 749, 886
237, 431, 799
238, 296, 655
239, 384, 995
240, 681, 973
241, 28, 482
242, 617, 922
243, 83, 900
244, 155, 600
245, 474, 814
246, 297, 380
247, 713, 774
248, 264, 849
249, 540, 738
250, 446, 920
251, 234, 791
252, 262, 901
253, 25, 396
254, 355, 855
255, 183, 812
256, 41, 192
257, 390, 827
258, 51, 794
259, 193, 882
260, 422, 444
261, 107, 953
262, 274, 980
263, 538, 894
264, 141, 170
265, 669, 975
266, 221, 602
267, 835, 916
268, 521, 563
269, 331, 954
270, 371, 785
271, 928, 968
272, 260, 495
273, 358, 710
274, 212, 545
275, 65, 269
276, 244, 594
277, 273, 366
278, 67, 703
279, 408, 739
280, 43, 846
281, 308, 367
282, 467, 772
283, 203, 281
284, 84, 618
285, 419, 941
286, 195, 663
287, 49, 716
288, 74, 440
289, 121, 714
290, 13, 356
291, 483, 727
292, 82, 504
293, 9, 120
294, 87, 250
295, 349, 845
296, 3, 708
297, 42, 353
298, 116, 750
299, 654, 952
300, 166, 823
301, 680, 718
302, 674, 905
303, 148, 883
304, 329, 484
305, 437, 532
306, 286, 632
307, 771, 890
308, 23, 519
309, 219, 909
310, 636, 853
311, 150, 359
312, 143, 539
313, 725, 967
314, 99, 740
315, 133, 163
316, 548, 859
317, 294, 847
318, 657, 971
319, 526, 810
320, 94, 889
321, 178, 257
322, 71, 731
323, 616, 709
324, 386, 411
325, 149, 976
326, 96, 577
327, 646, 757
328, 34, 699
329, 452, 694
330, 206, 970
331, 62, 282
332, 249, 969
333, 301, 593
334, 500, 520
335, 21, 959
336, 891, 918
337, 592, 938
338, 165, 610
339, 338, 622
340, 289, 357
341, 499, 805
342, 455, 565
343, 584, 879
344, 53, 936
345, 362, 625
346, 468, 943
347, 307, 888
348, 456, 471
349, 895, 974
350, 95, 527
351, 313, 388
352, 397, 433
353, 465, 670
354, 8, 435
355, 237, 608
356, 292, 531
357, 213, 385
358, 167, 887
359, 100, 606
360, 76, 819
361, 253, 864
362, 560, 982
363, 229, 479
364, 311, 734
365, 621, 851
366, 79, 164
367, 64, 161
368, 377, 695
369, 572, 802
370, 344, 501
371, 111, 114
372, 553, 748
373, 488, 751
374, 187, 393
375, 518, 878
376, 735, 755
377, 241, 395
378, 505, 620
379, 142, 583
380, 295, 896
381, 254, 874
382, 101, 421
383, 647, 730
384, 322, 720
385, 103, 299
386, 376, 910
387, 154, 863
388, 59, 125
389, 171, 611
390, 251, 285
391, 644, 904
392, 105, 534
393, 368, 770
394, 128, 712
395, 542, 972
396, 14, 26
397, 242, 672
398, 348, 860
399, 664, 796
400, 77, 401
401, 224, 302
402, 309, 436
403, 50, 239
404, 298, 318
405, 37, 182
406, 634, 692
407, 365, 929
408, 861, 871
409, 135, 202
410, 554, 607
411, 700, 955
412, 684, 826
413, 752, 951
414, 305, 458
415, 372, 403
416, 180, 303
417, 22, 576
418, 110, 658
419, 233, 238
420, 832, 948
421, 417, 451
422, 339, 724
423, 418, 571
424, 559, 985
425, 291, 541
426, 485, 831
427, 113, 800
428, 477, 866
429, 98, 605
430, 579, 897
431, 512, 924
432, 73, 462
433, 729, 977
434, 45, 173
435, 899, 993
436, 106, 615
437, 12, 857
438, 174, 790
439, 102, 409
440, 836, 852
441, 139, 271
442, 351, 470
443, 381, 429
444, 704, 984
445, 536, 598
446, 528, 662
447, 18, 848
448, 136, 685
449, 55, 766
450, 15, 956
451, 649, 717
452, 97, 697
453, 247, 341
454, 90, 278
455, 61, 497
456, 93, 637
457, 196, 623
458, 360, 562
459, 363, 986
460, 54, 764
461, 109, 261
462, 573, 683
463, 793, 915
464, 427, 715
465, 279, 865
466, 578, 691
467, 438, 687
468, 162, 1000
469, 200, 407
470, 480, 556
471, 147, 698
472, 334, 872
473, 215, 782
474, 575, 999
475, 326, 457
476, 795, 931
477, 414, 508
478, 177, 914
479, 402, 803
480, 137, 746
481, 16, 290
482, 347, 834
483, 312, 535
484, 677, 820
485, 256, 767
486, 630, 828
487, 270, 603
488, 130, 590
489, 701, 884
490, 346, 908
491, 706, 784
492, 68, 856
493, 175, 522
494, 240, 789
495, 364, 591
496, 745, 991
497, 168, 398
498, 404, 513
499, 252, 375
500, 115, 585
501, 267, 788
502, 127, 199
503, 101, 945
504, 138, 430
505, 476, 842
506, 197, 660
507, 106, 307
508, 786, 895
509, 166, 904
510, 393, 500
511, 370, 437
512, 81, 360
513, 498, 942
514, 112, 714
515, 776, 860
516, 237, 620
517, 601, 611
518, 146, 941
519, 308, 979
520, 916, 997
521, 249, 736
522, 751, 816
523, 119, 869
524, 416, 550
525, 228, 640
526, 124, 172
527, 97, 414
528, 158, 935
529, 178, 758
530, 406, 470
531, 365, 591
532, 317, 490
533, 512, 892
534, 280, 309
535, 562, 664
536, 697, 859
537, 546, 668
538, 6, 355
539, 89, 893
540, 434, 990
541, 64, 596
542, 60, 339
543, 206, 913
544, 677, 933
545, 238, 826
546, 216, 785
547, 227, 976
548, 301, 875
549, 274, 654
550, 182, 706
551, 570, 671
552, 42, 557
553, 324, 617
554, 14, 646
555, 29, 767
556, 93, 407
557, 431, 643
558, 45, 135
559, 358, 954
560, 684, 705
561, 595, 902
562, 198, 982
563, 261, 587
564, 873, 977
565, 79, 927
566, 256, 950
567, 412, 586
568, 295, 501
569, 113, 205
570, 396, 464
571, 152, 460
572, 459, 852
573, 411, 661
574, 452, 594
575, 151, 813
576, 16, 616
577, 171, 600
578, 314, 413
579, 433, 560
580, 28, 212
581, 679, 769
582, 537, 597
583, 554, 624
584, 421, 731
585, 592, 723
586, 33, 481
587, 192, 728
588, 716, 872
589, 240, 921
590, 175, 181
591, 585, 971
592, 638, 886
593, 426, 762
594, 177, 463
595, 551, 614
596, 13, 44
597, 403, 890
598, 90, 275
599, 764, 958
600, 696, 712
601, 104, 109
602, 278, 519
603, 19, 385
604, 576, 989
605, 447, 682
606, 547, 806
607, 574, 880
608, 187, 310
609, 201, 833
610, 242, 745
611, 429, 795
612, 83, 628
613, 410, 607
614, 115, 221
615, 126, 686
616, 669, 818
617, 571, 739
618, 167, 225
619, 41, 910
620, 102, 755
621, 402, 825
622, 721, 896
623, 116, 702
624, 287, 364
625, 333, 528
626, 92, 497
627, 733, 837
628, 633, 963
629, 78, 188
630, 653, 930
631, 23, 763
632, 486, 978
633, 111, 529
634, 251, 293
635, 676, 726
636, 325, 354
637, 418, 538
638, 691, 850
639, 488, 582
640, 441, 817
641, 689, 957
642, 5, 920
643, 609, 820
644, 139, 394
645, 173, 315
646, 190, 645
647, 400, 405
648, 217, 766
649, 525, 650
650, 866, 882
651, 1, 770
652, 743, 851
653, 67, 641
654, 439, 634
655, 9, 511
656, 230, 282
657, 17, 194
658, 675, 868
659, 165, 632
660, 117, 208
661, 133, 535
662, 229, 602
663, 200, 711
664, 642, 973
665, 575, 804
666, 566, 975
667, 680, 969
668, 170, 814
669, 125, 496
670, 48, 472
671, 630, 986
672, 66, 168
673, 658, 799
674, 344, 991
675, 11, 836
676, 153, 839
677, 372, 540
678, 491, 750
679, 533, 651
680, 213, 302
681, 30, 96
682, 47, 387
683, 174, 898
684, 100, 581
685, 449, 593
686, 164, 289
687, 366, 775
688, 480, 924
689, 184, 215
690, 328, 845
691, 141, 451
692, 615, 925
693, 77, 541
694, 349, 618
695, 2, 461
696, 870, 961
697, 399, 965
698, 800, 943
699, 183, 210
700, 420, 801
701, 771, 966
702, 369, 874
703, 144, 479
704, 35, 43
705, 367, 613
706, 20, 876
707, 517, 972
708, 545, 980
709, 694, 746
710, 404, 477
711, 626, 835
712, 599, 908
713, 24, 424
714, 40, 648
715, 408, 981
716, 674, 748
717, 277, 489
718, 520, 588
719, 65, 132
720, 31, 526
721, 622, 918
722, 203, 738
723, 663, 693
724, 311, 853
725, 527, 759
726, 207, 934
727, 142, 341
728, 296, 901
729, 657, 742
730, 8, 332
731, 163, 968
732, 321, 350
733, 108, 191
734, 556, 782
735, 363, 783
736, 273, 577
737, 505, 549
738, 334, 905
739, 390, 703
740, 224, 747
741, 821, 974
742, 542, 637
743, 749, 848
744, 857, 988
745, 688, 695
746, 38, 885
747, 121, 887
748, 409, 878
749, 422, 494
750, 579, 704
751, 303, 687
752, 919, 987
753, 255, 444
754, 327, 917
755, 805, 863
756, 284, 401
757, 659, 765
758, 909, 995
759, 499, 985
760, 391, 482
761, 790, 900
762, 76, 912
763, 300, 543
764, 374, 914
765, 548, 929
766, 458, 780
767, 553, 784
768, 938, 948
769, 254, 639
770, 54, 154
771, 701, 964
772, 118, 830
773, 347, 939
774, 55, 466
775, 559, 564
776, 340, 503
777, 234, 899
778, 440, 508
779, 12, 563
780, 211, 718
781, 294, 524
782, 169, 753
783, 840, 855
784, 10, 428
785, 722, 843
786, 485, 862
787, 322, 474
788, 523, 773
789, 567, 598
790, 204, 532
791, 58, 999
792, 105, 262
793, 226, 337
794, 436, 683
795, 63, 572
796, 236, 946
797, 156, 247
798, 335, 561
799, 71, 730
800, 346, 373
801, 647, 829
802, 233, 757
803, 304, 832
804, 492, 760
805, 522, 629
806, 57, 397
807, 271, 475
808, 143, 796
809, 263, 468
810, 568, 994
811, 148, 690
812, 359, 627
813, 515, 665
814, 283, 740
815, 88, 932
816, 7, 202
817, 383, 756
818, 606, 877
819, 382, 473
820, 305, 316
821, 62, 195
822, 245, 371
823, 34, 710
824, 635, 960
825, 276, 621
826, 326, 907
827, 3, 692
828, 846, 864
829, 681, 906
830, 150, 844
831, 114, 719
832, 73, 281
833, 583, 670
834, 248, 509
835, 18, 510
836, 196, 803
837, 50, 725
838, 353, 357
839, 291, 392
840, 379, 715
841, 377, 604
842, 672, 794
843, 250, 539
844, 15, 467
845, 219, 996
846, 87, 186
847, 46, 235
848, 734, 962
849, 619, 903
850, 257, 312
851, 768, 865
852, 375, 469
853, 131, 253
854, 285, 923
855, 268, 555
856, 345, 514
857, 685, 828
858, 27, 36
859, 752, 993
860, 678, 881
861, 507, 552
862, 37, 792
863, 330, 777
864, 465, 778
865, 218, 286
866, 822, 984
867, 241, 732
868, 232, 536
869, 222, 348
870, 573, 741
871, 717, 808
872, 22, 243
873, 298, 824
874, 53, 558
875, 80, 122
876, 269, 915
877, 320, 812
878, 610, 951
879, 140, 279
880, 603, 713
881, 336, 580
882, 395, 578
883, 356, 513
884, 189, 518
885, 456, 815
886, 623, 774
887, 313, 967
888, 155, 894
889, 891, 922
890, 99, 569
891, 70, 811
892, 807, 936
893, 652, 735
894, 351, 720
895, 159, 259
896, 136, 265
897, 4, 39
898, 727, 791
899, 516, 955
900, 415, 605
901, 432, 487
902, 95, 223
903, 129, 381
904, 25, 448
905, 32, 264
906, 343, 709
907, 176, 378
908, 49, 970
909, 193, 288
910, 91, 856
911, 179, 417
912, 68, 883
913, 737, 953
914, 157, 260
915, 483, 506
916, 531, 888
917, 52, 137
918, 180, 455
919, 123, 781
920, 75, 897
921, 493, 998
922, 120, 565
923, 74, 584
924, 947, 956
925, 252, 544
926, 318, 352
927, 209, 258
928, 134, 983
929, 85, 944
930, 438, 779
931, 149, 462
932, 329, 838
933, 504, 931
934, 435, 789
935, 72, 530
936, 299, 649
937, 94, 793
938, 272, 871
939, 145, 937
940, 841, 889
941, 442, 928
942, 323, 959
943, 521, 952
944, 26, 858
945, 361, 450
946, 673, 834
947, 423, 699
948, 427, 926
949, 239, 656
950, 388, 662
951, 98, 244
952, 21, 729
953, 297, 724
954, 107, 911
955, 698, 787
956, 471, 819
957, 59, 797
958, 246, 992
959, 338, 608
960, 270, 398
961, 368, 380
962, 386, 854
963, 82, 342
964, 589, 700
965, 231, 502
966, 84, 425
967, 161, 331
968, 290, 384
969, 61, 636
970, 445, 655
971, 644, 666
972, 454, 590
973, 457, 867
974, 56, 831
975, 809, 861
976, 446, 772
977, 103, 884
978, 744, 827
979, 160, 667
980, 162, 319
981, 69, 802
982, 147, 443
983, 214, 879
984, 761, 810
985, 185, 484
986, 130, 292
987, 612, 708
988, 86, 478
989, 128, 949
990, 220, 940
991, 110, 631
992, 51, 798
993, 266, 362
994, 376, 1000
995, 534, 707
996, 306, 419
997, 625, 823
998, 453, 849
999, 495, 847
1000, 389, 754
1001, 878, 943
1002, 790, 806
1003, 392, 449
1004, 259, 830
1005, 1, 719
1006, 281, 991
1007, 340, 561
1008, 15, 172
1009, 86, 218
1010, 301, 586
1011, 48, 695
1012, 380, 730
1013, 278, 332
1014, 809, 996
1015, 785, 864
1016, 85, 796
1017, 467, 923
1018, 49, 120
1019, 452, 690
1020, 156, 944
1021, 161, 582
1022, 51, 963
1023, 39, 429
1024, 554, 580
1025, 345, 761
1026, 628, 738
1027, 38, 531
1028, 4, 344
1029, 56, 187
1030, 432, 976
1031, 867, 981
1032, 19, 998
1033, 522, 972
1034, 541, 755
1035, 169, 659
1036, 214, 905
1037, 460, 886
1038, 151, 494
1039, 160, 470
1040, 225, 521
1041, 231, 306
1042, 189, 674
1043, 353, 828
1044, 652, 727
1045, 880, 987
1046, 698, 958
1047, 534, 798
1048, 72, 117
1049, 453, 751
1050, 525, 836
1051, 357, 744
1052, 682, 714
1053, 103, 280
1054, 565, 609
1055, 752, 777
1056, 342, 794
1057, 162, 200
1058, 244, 284
1059, 555, 765
1060, 600, 860
1061, 43, 307
1062, 220, 264
1063, 772, 831
1064, 334, 758
1065, 233, 753
1066, 252, 941
1067, 31, 445
1068, 223, 569
1069, 123, 747
1070, 774, 985
1071, 35, 1000
1072, 520, 819
1073, 422, 911
1074, 87, 333
1075, 157, 321
1076, 825, 937
1077, 255, 639
1078, 968, 980
1079, 23, 198
1080, 209, 481
1081, 305, 514
1082, 537, 683
1083, 235, 326
1084, 668, 852
1085, 545, 735
1086, 171, 871
1087, 176, 433
1088, 130, 647
1089, 578, 782
1090, 571, 858
1091, 622, 645
1092, 243, 399
1093, 456, 599
1094, 477, 768
1095, 715, 742
1096, 356, 875
1097, 168, 202
1098, 370, 593
1099, 847, 955
1100, 79, 530
1101, 215, 859
1102, 391, 710
1103, 478, 619
1104, 816, 929
1105, 95, 267
1106, 7, 78
1107, 322, 350
1108, 850, 896
1109, 277, 631
1110, 99, 917
1111, 18, 506
1112, 386, 516
1113, 115, 945
1114, 371, 712
1115, 486, 507
1116, 10, 630
1117, 20, 849
1118, 89, 125
1119, 60, 970
1120, 257, 412
1121, 3, 179
1122, 289, 581
1123, 707, 743
1124, 136, 341
1125, 546, 665
1126, 323, 411
1127, 763, 865
1128, 191, 410
1129, 14, 614
1130, 325, 611
1131, 343, 915
1132, 63, 480
1133, 116, 964
1134, 439, 526
1135, 153, 866
1136, 47, 675
1137, 625, 814
1138, 173, 217
1139, 24, 597
1140, 193, 820
1141, 66, 967
1142, 776, 784
1143, 133, 705
1144, 104, 737
1145, 91, 406
1146, 121, 314
1147, 270, 861
1148, 222, 438
1149, 393, 974
1150, 25, 722
1151, 88, 603
1152, 96, 895
1153, 246, 856
1154, 154, 677
1155, 239, 936
1156, 435, 610
1157, 388, 946
1158, 369, 604
1159, 245, 469
1160, 224, 642
1161, 45, 805
1162, 770, 795
1163, 70, 598
1164, 364, 930
1165, 431, 591
1166, 188, 894
1167, 143, 990
1168, 387, 897
1169, 62, 290
1170, 436, 854
1171, 75, 444
1172, 483, 485
1173, 6, 538
1174, 574, 920
1175, 666, 669
1176, 302, 602
1177, 403, 932
1178, 694, 749
1179, 26, 271
1180, 27, 240
1181, 135, 408
1182, 159, 940
1183, 2, 957
1184, 16, 320
1185, 312, 479
1186, 635, 843
1187, 251, 657
1188, 686, 868
1189, 229, 988
1190, 588, 655
1191, 101, 415
1192, 484, 881
1193, 32, 654
1194, 150, 195
1195, 208, 292
1196, 797, 874
1197, 124, 608
1198, 97, 275
1199, 248, 295
1200, 704, 718
1201, 324, 430
1202, 111, 182
1203, 754, 954
1204, 237, 721
1205, 44, 513
1206, 471, 740
1207, 261, 748
1208, 419, 912
1209, 829, 862
1210, 272, 607
1211, 383, 394
1212, 148, 687
1213, 589, 613
1214, 28, 965
1215, 789, 953
1216, 199, 787
1217, 174, 728
1218, 615, 882
1219, 414, 572
1220, 204, 855
1221, 372, 505
1222, 583, 644
1223, 824, 827
1224, 472, 488
1225, 347, 637
1226, 330, 903
1227, 83, 684
1228, 69, 358
1229, 207, 892
1230, 61, 308
1231, 720, 846
1232, 34, 298
1233, 166, 605
1234, 835, 889
1235, 285, 489
1236, 152, 532
1237, 112, 241
1238, 448, 466
1239, 437, 641
1240, 194, 626
1241, 559, 734
1242, 359, 361
1243, 5, 127
1244, 180, 679
1245, 138, 904
1246, 186, 661
1247, 640, 709
1248, 266, 511
1249, 11, 508
1250, 273, 750
1251, 633, 902
1252, 80, 818
1253, 409, 969
1254, 373, 473
1255, 58, 890
1256, 40, 145
1257, 547, 951
1258, 620, 956
1259, 676, 919
1260, 297, 382
1261, 90, 258
1262, 441, 773
1263, 287, 446
1264, 376, 500
1265, 141, 498
1266, 163, 397
1267, 146, 949
1268, 132, 832
1269, 529, 733
1270, 262, 986
1271, 577, 893
1272, 708, 732
1273, 318, 653
1274, 181, 703
1275, 335, 570
1276, 288, 771
1277, 550, 834
1278, 681, 997
1279, 778, 927
1280, 227, 328
1281, 365, 984
1282, 648, 746
1283, 211, 939
1284, 265, 689
1285, 213, 883
1286, 296, 595
1287, 82, 994
1288, 461, 725
1289, 440, 853
1290, 77, 384
1291, 299, 464
1292, 762, 800
1293, 495, 671
1294, 59, 503
1295, 401, 876
1296, 250, 568
1297, 196, 228
1298, 402, 501
1299, 30, 311
1300, 592, 791
1301, 50, 274
1302, 543, 780
1303, 108, 425
1304, 73, 736
1305, 21, 144
1306, 519, 802
1307, 98, 100
1308, 389, 407
1309, 931, 995
1310, 167, 212
1311, 203, 979
1312, 238, 801
1313, 76, 788
1314, 113, 518
1315, 348, 566
1316, 303, 587
1317, 351, 558
1318, 346, 999
1319, 337, 487
1320, 134, 760
1321, 898, 906
1322, 416, 978
1323, 434, 812
1324, 634, 745
1325, 381, 670
1326, 42, 916
1327, 691, 821
1328, 201, 803
1329, 315, 524
1330, 22, 575
1331, 528, 594
1332, 279, 515
1333, 236, 848
1334, 319, 764
1335, 177, 331
1336, 363, 909
1337, 553, 851
1338, 493, 839
1339, 137, 877
1340, 183, 426
1341, 197, 685
1342, 649, 879
1343, 717, 844
1344, 385, 442
1345, 527, 562
1346, 9, 417
1347, 462, 557
1348, 651, 724
1349, 81, 354
1350, 107, 560
1351, 700, 914
1352, 13, 678
1353, 573, 680
1354, 226, 360
1355, 165, 840
1356, 398, 982
1357, 102, 496
1358, 52, 959
1359, 65, 948
1360, 544, 873
1361, 405, 567
1362, 621, 910
1363, 933, 993
1364, 492, 863
1365, 424, 457
1366, 53, 672
1367, 523, 624
1368, 37, 129
1369, 54, 84
1370, 327, 539
1371, 459, 673
1372, 122, 826
1373, 474, 509
1374, 110, 601
1375, 242, 961
1376, 131, 374
1377, 105, 253
1378, 618, 808
1379, 67, 68
1380, 234, 711
1381, 395, 579
1382, 617, 693
1383, 510, 517
1384, 164, 512
1385, 468, 908
1386, 147, 536
1387, 247, 427
1388, 476, 757
1389, 664, 767
1390, 535, 935
1391, 540, 813
1392, 33, 455
1393, 396, 502
1394, 205, 924
1395, 206, 317
1396, 293, 423
1397, 482, 542
1398, 443, 646
1399, 221, 349
1400, 304, 692
1401, 114, 175
1402, 219, 576
1403, 368, 702
1404, 294, 458
1405, 563, 584
1406, 596, 706
1407, 667, 975
1408, 497, 907
1409, 276, 612
1410, 377, 842
1411, 142, 627
1412, 316, 769
1413, 64, 901
1414, 428, 549
1415, 338, 938
1416, 155, 658
1417, 352, 390
1418, 786, 922
1419, 263, 942
1420, 696, 729
1421, 46, 126
1422, 636, 841
1423, 178, 310
1424, 249, 739
1425, 300, 551
1426, 660, 713
1427, 378, 921
1428, 379, 870
1429, 623, 989
1430, 556, 759
1431, 29, 109
1432, 504, 783
1433, 57, 283
1434, 106, 329
1435, 210, 491
1436, 336, 869
1437, 463, 731
1438, 499, 977
1439, 286, 799
1440, 41, 118
1441, 71, 838
1442, 857, 973
1443, 55, 140
1444, 12, 36
1445, 650, 925
1446, 766, 947
1447, 74, 663
1448, 93, 355
1449, 230, 366
1450, 8, 313
1451, 726, 950
1452, 362, 807
1453, 216, 775
1454, 291, 845
1455, 190, 450
1456, 421, 465
1457, 269, 822
1458, 447, 952
1459, 552, 699
1460, 817, 992
1461, 564, 888
1462, 418, 913
1463, 139, 662
1464, 184, 688
1465, 119, 590
1466, 475, 701
1467, 606, 616
1468, 268, 833
1469, 533, 962
1470, 256, 454
1471, 548, 643
1472, 723, 928
1473, 282, 697
1474, 741, 887
1475, 367, 792
1476, 309, 804
1477, 185, 885
1478, 899, 960
1479, 94, 756
1480, 400, 926
1481, 375, 781
1482, 339, 815
1483, 793, 918
1484, 716, 823
1485, 192, 971
1486, 891, 934
1487, 170, 413
1488, 451, 872
1489, 629, 837
1490, 149, 158
1491, 17, 92
1492, 254, 420
1493, 632, 638
1494, 128, 966
1495, 585, 811
1496, 490, 983
1497, 656, 884
1498, 232, 260
1499, 404, 779
1500, 810, 900
1501, 632, 889
1502, 525, 671
1503, 165, 508
1504, 798, 976
1505, 224, 441
1506, 56, 681
1507, 84, 470
1508, 269, 715
1509, 886, 903
1510, 494, 675
1511, 753, 802
1512, 725, 727
1513, 369, 839
1514, 10, 604
1515, 262, 266
1516, 63, 821
1517, 167, 815
1518, 50, 341
1519, 23, 704
1520, 277, 773
1521, 113, 375
1522, 684, 882
1523, 157, 893
1524, 9, 997
1525, 914, 915
1526, 593, 819
1527, 260, 928
1528, 712, 930
1529, 85, 655
1530, 390, 862
1531, 439, 466
1532, 257, 701
1533, 173, 644
1534, 5, 496
1535, 643, 987
1536, 40, 322
1537, 7, 350
1538, 91, 123
1539, 271, 484
1540, 330, 736
1541, 186, 865
1542, 70, 730
1543, 242, 292
1544, 413, 920
1545, 68, 419
1546, 228, 255
1547, 622, 875
1548, 351, 403
1549, 278, 917
1550, 319, 492
1551, 363, 814
1552, 166, 835
1553, 780, 967
1554, 17, 938
1555, 80, 533
1556, 178, 968
1557, 227, 272
1558, 881, 953
1559, 150, 969
1560, 55, 944
1561, 324, 952
1562, 29, 406
1563, 634, 816
1564, 101, 172
1565, 625, 896
1566, 189, 688
1567, 640, 710
1568, 336, 843
1569, 660, 836
1570, 596, 908
1571, 838, 960
1572, 136, 852
1573, 82, 83
1574, 514, 605
1575, 16, 877
1576, 540, 611
1577, 215, 308
1578, 76, 565
1579, 576, 706
1580, 132, 342
1581, 504, 921
1582, 451, 871
1583, 531, 996
1584, 361, 566
1585, 591, 982
1586, 151, 809
1587, 72, 459
1588, 315, 641
1589, 86, 294
1590, 250, 985
1591, 450, 788
1592, 452, 629
1593, 598, 975
1594, 286, 994
1595, 458, 851
1596, 703, 708
1597, 454, 600
1598, 499, 933
1599, 110, 117
1600, 407, 645
1601, 557, 989
1602, 615, 724
1603, 356, 526
1604, 550, 569
1605, 8, 966
1606, 321, 690
1607, 775, 978
1608, 417, 438
1609, 597, 853
1610, 234, 544
1611, 962, 993
1612, 581, 783
1613, 288, 828
1614, 182, 306
1615, 61, 291
1616, 490, 958
1617, 219, 317
1618, 848, 918
1619, 134, 384
1620, 355, 364
1621, 801, 812
1622, 279, 811
1623, 22, 349
1624, 226, 245
1625, 161, 723
1626, 238, 776
1627, 305, 312
1628, 612, 728
1629, 289, 436
1630, 34, 740
1631, 300, 366
1632, 28, 563
1633, 486, 610
1634, 391, 749
1635, 700, 702
1636, 3, 498
1637, 139, 174
1638, 33, 528
1639, 328, 718
1640, 46, 846
1641, 482, 579
1642, 367, 404
1643, 183, 666
1644, 303, 603
1645, 65, 546
1646, 352, 522
1647, 457, 674
1648, 473, 972
1649, 19, 527
1650, 395, 925
1651, 25, 855
1652, 559, 950
1653, 284, 735
1654, 146, 360
1655, 302, 377
1656, 59, 376
1657, 196, 617
1658, 222, 455
1659, 199, 761
1660, 313, 717
1661, 107, 135
1662, 311, 947
1663, 890, 981
1664, 396, 824
1665, 92, 253
1666, 249, 445
1667, 339, 927
1668, 79, 630
1669, 627, 777
1670, 398, 787
1671, 423, 916
1672, 880, 932
1673, 21, 549
1674, 863, 942
1675, 589, 751
1676, 323, 393
1677, 547, 582
1678, 520, 583
1679, 442, 722
1680, 698, 897
1681, 720, 768
1682, 14, 171
1683, 217, 961
1684, 15, 696
1685, 53, 370
1686, 66, 964
1687, 142, 948
1688, 98, 872
1689, 481, 771
1690, 538, 860
1691, 75, 133
1692, 310, 463
1693, 221, 990
1694, 246, 656
1695, 197, 556
1696, 535, 859
1697, 149, 943
1698, 443, 551
1699, 806, 991
1700, 111, 236
1701, 209, 320
1702, 372, 507
1703, 52, 971
1704, 223, 911
1705, 461, 668
1706, 74, 389
1707, 220, 573
1708, 106, 491
1709, 337, 348
1710, 36, 477
1711, 386, 755
1712, 276, 518
1713, 571, 894
1714, 184, 529
1715, 731, 834
1716, 13, 435
1717, 585, 635
1718, 116, 895
1719, 194, 536
1720, 750, 940
1721, 211, 476
1722, 661, 763
1723, 608, 778
1724, 299, 401
1725, 42, 131
1726, 30, 803
1727, 382, 488
1728, 200, 813
1729, 379, 995
1730, 358, 879
1731, 126, 495
1732, 913, 970
1733, 784, 822
1734, 692, 867
1735, 663, 726
1736, 793, 931
1737, 73, 709
1738, 141, 144
1739, 26, 905
1740, 95, 955
1741, 434, 449
1742, 71, 748
1743, 842, 887
1744, 672, 884
1745, 437, 737
1746, 664, 934
1747, 387, 792
1748, 114, 758
1749, 408, 904
1750, 683, 866
1751, 198, 854
1752, 187, 301
1753, 427, 453
1754, 18, 125
1755, 639, 667
1756, 104, 733
1757, 285, 772
1758, 642, 983
1759, 280, 670
1760, 513, 785
1761, 57, 188
1762, 511, 910
1763, 99, 820
1764, 175, 205
1765, 119, 429
1766, 254, 935
1767, 430, 883
1768, 216, 746
1769, 647, 922
1770, 283, 650
1771, 51, 241
1772, 431, 786
1773, 309, 900
1774, 623, 988
1775, 168, 765
1776, 156, 237
1777, 163, 714
1778, 64, 334
1779, 229, 433
1780, 140, 524
1781, 422, 745
1782, 152, 651
1783, 555, 742
1784, 20, 713
1785, 973, 984
1786, 468, 986
1787, 49, 837
1788, 304, 530
1789, 261, 410
1790, 115, 373
1791, 906, 965
1792, 506, 892
1793, 138, 353
1794, 179, 939
1795, 876, 951
1796, 588, 760
1797, 268, 797
1798, 103, 503
1799, 295, 505
1800, 584, 849
1801, 316, 719
1802, 560, 808
1803, 475, 795
1804, 274, 762
1805, 208, 602
1806, 232, 587
1807, 35, 464
1808, 181, 258
1809, 769, 974
1810, 93, 409
1811, 100, 841
1812, 599, 676
1813, 130, 500
1814, 385, 653
1815, 327, 804
1816, 590, 619
1817, 405, 826
1818, 649, 941
1819, 193, 343
1820, 509, 572
1821, 380, 657
1822, 548, 1000
1823, 58, 97
1824, 415, 517
1825, 794, 888
1826, 516, 654
1827, 267, 594
1828, 39, 537
1829, 90, 402
1830, 480, 633
1831, 362, 479
1832, 489, 832
1833, 394, 399
1834, 281, 659
1835, 275, 687
1836, 493, 613
1837, 41, 614
1838, 307, 992
1839, 12, 67
1840, 665, 878
1841, 145, 823
1842, 122, 318
1843, 185, 568
1844, 180, 601
1845, 264, 354
1846, 545, 595
1847, 446, 646
1848, 694, 929
1849, 368, 907
1850, 425, 807
1851, 251, 326
1852, 440, 534
1853, 554, 578
1854, 691, 840
1855, 716, 949
1856, 248, 678
1857, 462, 580
1858, 648, 902
1859, 314, 553
1860, 24, 519
1861, 62, 697
1862, 297, 946
1863, 155, 845
1864, 539, 999
1865, 817, 959
1866, 680, 693
1867, 400, 420
1868, 426, 901
1869, 411, 856
1870, 562, 791
1871, 829, 891
1872, 467, 501
1873, 54, 747
1874, 4, 190
1875, 78, 796
1876, 233, 779
1877, 347, 428
1878, 137, 899
1879, 381, 606
1880, 298, 365
1881, 94, 721
1882, 290, 638
1883, 333, 810
1884, 170, 192
1885, 147, 873
1886, 543, 699
1887, 2, 757
1888, 177, 799
1889, 282, 945
1890, 263, 861
1891, 47, 858
1892, 682, 956
1893, 954, 957
1894, 293, 936
1895, 27, 256
1896, 129, 418
1897, 388, 741
1898, 564, 631
1899, 213, 270
1900, 561, 677
1901, 1, 744
1902, 857, 868
1903, 102, 296
1904, 96, 207
1905, 609, 870
1906, 847, 919
1907, 618, 998
1908, 88, 421
1909, 243, 397
1910, 195, 325
1911, 31, 756
1912, 711, 800
1913, 552, 574
1914, 160, 592
1915, 37, 472
1916, 624, 705
1917, 201, 621
1918, 235, 383
1919, 169, 392
1920, 478, 912
1921, 669, 754
1922, 247, 414
1923, 471, 909
1924, 159, 662
1925, 112, 487
1926, 154, 707
1927, 460, 465
1928, 87, 212
1929, 483, 770
1930, 515, 542
1931, 118, 818
1932, 127, 577
1933, 81, 378
1934, 225, 673
1935, 32, 176
1936, 153, 898
1937, 121, 695
1938, 89, 885
1939, 586, 963
1940, 158, 206
1941, 331, 689
1942, 332, 626
1943, 231, 830
1944, 164, 344
1945, 456, 686
1946, 45, 345
1947, 502, 512
1948, 658, 739
1949, 532, 637
1950, 636, 874
1951, 469, 980
1952, 259, 628
1953, 109, 203
1954, 124, 128
1955, 44, 767
1956, 521, 575
1957, 287, 766
1958, 774, 937
1959, 558, 781
1960, 230, 759
1961, 523, 923
1962, 43, 474
1963, 218, 541
1964, 570, 752
1965, 329, 977
1966, 510, 567
1967, 340, 616
1968, 60, 202
1969, 743, 805
1970, 252, 790
1971, 6, 833
1972, 148, 412
1973, 108, 359
1974, 204, 864
1975, 240, 825
1976, 210, 782
1977, 374, 424
1978, 265, 734
1979, 685, 831
1980, 357, 789
1981, 191, 432
1982, 273, 827
1983, 38, 652
1984, 926, 979
1985, 214, 447
1986, 335, 738
1987, 244, 485
1988, 77, 850
1989, 11, 869
1990, 346, 444
1991, 69, 497
1992, 607, 729
1993, 143, 924
1994, 105, 416
1995, 48, 338
1996, 239, 764
1997, 162, 448
1998, 620, 732
1999, 120, 371
2000, 679, 844
2001, 771, 991
2002, 241, 428
2003, 145, 828
2004, 290, 938
2005, 300, 827
2006, 8, 961
2007, 116, 312
2008, 509, 667
2009, 557, 913
2010, 70, 823
2011, 539, 688
2012, 516, 549
2013, 49, 74
2014, 408, 680
2015, 422, 490
2016, 182, 660
2017, 583, 599
2018, 269, 285
2019, 1, 203
2020, 433, 863
2021, 57, 456
2022, 389, 518
2023, 97, 472
2024, 166, 334
2025, 418, 419
2026, 485, 766
2027, 268, 702
2028, 94, 533
2029, 115, 550
2030, 158, 251
2031, 483, 927
2032, 261, 507
2033, 161, 384
2034, 109, 920
2035, 2, 34
2036, 286, 371
2037, 239, 398
2038, 703, 780
2039, 102, 393
2040, 58, 420
2041, 157, 336
2042, 254, 894
2043, 691, 712
2044, 170, 854
2045, 855, 859
2046, 581, 586
2047, 713, 985
2048, 178, 973
2049, 562, 890
2050, 278, 415
2051, 128, 937
2052, 524, 784
2053, 358, 609
2054, 137, 322
2055, 381, 530
2056, 928, 983
2057, 96, 994
2058, 396, 673
2059, 482, 847
2060, 205, 813
2061, 151, 948
2062, 382, 750
2063, 180, 465
2064, 105, 613
2065, 95, 185
2066, 757, 972
2067, 315, 809
2068, 225, 594
2069, 452, 940
2070, 491, 783
2071, 489, 738
2072, 5, 100
2073, 548, 797
2074, 136, 338
2075, 73, 139
2076, 40, 705
2077, 392, 476
2078, 174, 877
2079, 320, 335
2080, 107, 588
2081, 904, 962
2082, 370, 488
2083, 43, 746
2084, 133, 538
2085, 4, 580
2086, 777, 936
2087, 44, 635
2088, 122, 233
2089, 250, 512
2090, 372, 917
2091, 283, 426
2092, 301, 359
2093, 78, 910
2094, 467, 792
2095, 414, 803
2096, 622, 648
2097, 280, 527
2098, 89, 556
2099, 196, 908
2100, 701, 730
2101, 141, 629
2102, 26, 220
2103, 378, 760
2104, 184, 377
2105, 67, 747
2106, 258, 262
2107, 162, 528
2108, 449, 921
2109, 235, 531
2110, 153, 858
2111, 207, 644
2112, 654, 690
2113, 435, 495
2114, 56, 958
2115, 623, 821
2116, 171, 892
2117, 663, 984
2118, 208, 794
2119, 142, 980
2120, 316, 841
2121, 152, 450
2122, 397, 508
2123, 65, 154
2124, 87, 218
2125, 132, 604
2126, 862, 970
2127, 11, 617
2128, 111, 726
2129, 569, 945
2130, 37, 808
2131, 85, 165
2132, 229, 564
2133, 664, 829
2134, 447, 793
2135, 689, 993
2136, 318, 924
2137, 276, 366
2138, 211, 995
2139, 955, 959
2140, 93, 721
2141, 563, 645
2142, 201, 642
2143, 719, 825
2144, 147, 306
2145, 114, 812
2146, 293, 296
2147, 380, 759
2148, 914, 965
2149, 522, 832
2150, 110, 975
2151, 148, 659
2152, 299, 427
2153, 343, 473
2154, 578, 957
2155, 215, 739
2156, 213, 954
2157, 190, 347
2158, 621, 884
2159, 50, 259
2160, 744, 748
2161, 591, 996
2162, 206, 845
2163, 186, 631
2164, 202, 551
2165, 273, 666
2166, 723, 789
2167, 438, 725
2168, 231, 707
2169, 853, 931
2170, 131, 267
2171, 636, 826
2172, 446, 674
2173, 118, 598
2174, 326, 494
2175, 715, 751
2176, 7, 765
2177, 256, 469
2178, 406, 971
2179, 23, 561
2180, 274, 860
2181, 36, 665
2182, 68, 504
2183, 99, 307
2184, 308, 454
2185, 526, 633
2186, 499, 835
2187, 35, 741
2188, 453, 896
2189, 718, 969
2190, 287, 451
2191, 425, 798
2192, 189, 247
2193, 61, 272
2194, 616, 882
2195, 309, 584
2196, 112, 436
2197, 125, 264
2198, 411, 981
2199, 383, 998
2200, 555, 999
2201, 295, 905
2202, 404, 560
2203, 81, 437
2204, 632, 686
2205, 77, 224
2206, 138, 677
2207, 42, 71
2208, 222, 662
2209, 124, 979
2210, 933, 942
2211, 270, 873
2212, 577, 781
2213, 75, 209
2214, 352, 830
2215, 104, 930
2216, 33, 135
2217, 502, 802
2218, 226, 704
2219, 421, 650
2220, 444, 542
2221, 134, 568
2222, 399, 606
2223, 188, 641
2224, 25, 517
2225, 567, 982
2226, 22, 101
2227, 457, 849
2228, 59, 470
2229, 310, 900
2230, 506, 939
2231, 28, 640
2232, 12, 848
2233, 144, 861
2234, 31, 743
2235, 197, 204
2236, 169, 852
2237, 736, 871
2238, 163, 503
2239, 98, 881
2240, 55, 903
2241, 403, 833
2242, 291, 807
2243, 140, 513
2244, 317, 925
2245, 355, 565
2246, 91, 895
2247, 815, 817
2248, 401, 716
2249, 64, 103
2250, 475, 761
2251, 361, 519
2252, 431, 953
2253, 722, 785
2254, 82, 709
2255, 487, 544
2256, 479, 658
2257, 529, 932
2258, 9, 820
2259, 90, 600
2260, 400, 878
2261, 466, 912
2262, 554, 919
2263, 83, 277
2264, 17, 121
2265, 117, 846
2266, 360, 537
2267, 214, 573
2268, 292, 756
2269, 440, 822
2270, 455, 612
2271, 60, 346
2272, 20, 978
2273, 240, 575
2274, 263, 816
2275, 275, 733
2276, 585, 796
2277, 14, 500
2278, 72, 289
2279, 589, 804
2280, 684, 893
2281, 439, 706
2282, 708, 986
2283, 694, 778
2284, 29, 693
2285, 626, 824
2286, 212, 897
2287, 265, 714
2288, 353, 601
2289, 676, 732
2290, 41, 801
2291, 54, 918
2292, 486, 764
2293, 521, 745
2294, 52, 375
2295, 547, 634
2296, 672, 949
2297, 39, 624
2298, 388, 729
2299, 84, 735
2300, 407, 552
2301, 53, 916
2302, 86, 443
2303, 477, 988
2304, 172, 755
2305, 602, 866
2306, 3, 297
2307, 386, 647
2308, 459, 795
2309, 619, 974
2310, 149, 417
2311, 221, 348
2312, 728, 810
2313, 198, 223
2314, 493, 638
2315, 345, 570
2316, 698, 776
2317, 246, 851
2318, 649, 753
2319, 496, 590
2320, 423, 679
2321, 880, 946
2322, 576, 786
2323, 79, 458
2324, 571, 595
2325, 344, 907
2326, 545, 720
2327, 463, 922
2328, 391, 968
2329, 875, 915
2330, 532, 671
2331, 374, 818
2332, 271, 699
2333, 19, 245
2334, 535, 682
2335, 675, 956
2336, 752, 787
2337, 534, 597
2338, 471, 870
2339, 146, 593
2340, 200, 342
2341, 253, 850
2342, 327, 788
2343, 143, 155
2344, 24, 543
2345, 498, 887
2346, 328, 989
2347, 448, 799
2348, 6, 106
2349, 478, 620
2350, 481, 625
2351, 742, 934
2352, 63, 838
2353, 429, 800
2354, 339, 749
2355, 536, 811
2356, 181, 865
2357, 510, 805
2358, 669, 717
2359, 607, 960
2360, 92, 574
2361, 48, 572
2362, 357, 646
2363, 298, 356
2364, 774, 839
2365, 32, 282
2366, 653, 763
2367, 176, 497
2368, 362, 628
2369, 387, 868
2370, 76, 630
2371, 164, 857
2372, 727, 840
2373, 193, 468
2374, 302, 608
2375, 424, 987
2376, 10, 330
2377, 156, 977
2378, 434, 697
2379, 219, 553
2380, 325, 596
2381, 18, 874
2382, 947, 1000
2383, 230, 639
2384, 349, 864
2385, 369, 950
2386, 385, 558
2387, 304, 314
2388, 199, 242
2389, 249, 319
2390, 480, 711
2391, 341, 683
2392, 175, 941
2393, 668, 834
2394, 710, 867
2395, 779, 876
2396, 395, 685
2397, 232, 856
2398, 627, 923
2399, 191, 413
2400, 566, 762
2401, 257, 603
2402, 255, 656
2403, 294, 836
2404, 782, 898
2405, 195, 460
2406, 333, 416
2407, 284, 615
2408, 21, 885
2409, 311, 967
2410, 324, 337
2411, 150, 670
2412, 127, 772
2413, 236, 888
2414, 331, 700
2415, 505, 844
2416, 228, 618
2417, 651, 657
2418, 678, 773
2419, 430, 758
2420, 160, 770
2421, 474, 559
2422, 889, 902
2423, 192, 966
2424, 243, 321
2425, 769, 992
2426, 62, 354
2427, 514, 831
2428, 394, 643
2429, 69, 655
2430, 740, 926
2431, 806, 909
2432, 592, 661
2433, 126, 515
2434, 159, 754
2435, 790, 906
2436, 260, 935
2437, 173, 681
2438, 123, 130
2439, 119, 129
2440, 441, 814
2441, 244, 332
2442, 303, 464
2443, 234, 695
2444, 281, 323
2445, 409, 963
2446, 27, 501
2447, 288, 791
2448, 313, 842
2449, 113, 492
2450, 363, 692
2451, 364, 462
2452, 340, 872
2453, 546, 899
2454, 587, 964
2455, 15, 731
2456, 194, 837
2457, 177, 883
2458, 412, 775
2459, 45, 652
2460, 379, 891
2461, 16, 768
2462, 540, 582
2463, 183, 376
2464, 402, 610
2465, 47, 484
2466, 179, 724
2467, 523, 843
2468, 279, 734
2469, 187, 614
2470, 210, 637
2471, 51, 951
2472, 405, 611
2473, 66, 442
2474, 976, 997
2475, 30, 696
2476, 167, 605
2477, 217, 901
2478, 365, 952
2479, 80, 929
2480, 216, 879
2481, 13, 410
2482, 237, 737
2483, 227, 525
2484, 266, 445
2485, 687, 869
2486, 461, 819
2487, 168, 238
2488, 579, 911
2489, 108, 886
2490, 46, 329
2491, 305, 368
2492, 248, 520
2493, 367, 373
2494, 390, 511
2495, 541, 944
2496, 120, 432
2497, 38, 88
2498, 350, 990
2499, 252, 767
2500, 351, 943
2501, 286, 372
2502, 119, 810
2503, 368, 933
2504, 703, 946
2505, 625, 661
2506, 374, 389
2507, 25, 400
2508, 404, 644
2509, 597, 672
2510, 65, 689
2511, 425, 670
2512, 47, 283
2513, 743, 800
2514, 633, 836
2515, 429, 851
2516, 126, 364
2517, 235, 311
2518, 401, 603
2519, 183, 434
2520, 282, 436
2521, 98, 477
2522, 630, 854
2523, 234, 658
2524, 289, 684
2525, 116, 926
2526, 266, 653
2527, 459, 996
2528, 164, 386
2529, 319, 697
2530, 292, 422
2531, 505, 871
2532, 94, 584
2533, 406, 448
2534, 456, 962
2535, 212, 873
2536, 246, 647
2537, 478, 970
2538, 255, 707
2539, 53, 295
2540, 385, 733
2541, 287, 659
2542, 355, 868
2543, 3, 839
2544, 190, 618
2545, 134, 423
2546, 146, 870
2547, 256, 657
2548, 522, 680
2549, 34, 742
2550, 426, 472
2551, 924, 983
2552, 276, 528
2553, 336, 764
2554, 79, 175
2555, 87, 578
2556, 50, 676
2557, 63, 949
2558, 159, 969
2559, 55, 692
2560, 86, 537
2561, 233, 681
2562, 290, 351
2563, 600, 606
2564, 122, 995
2565, 226, 490
2566, 41, 698
2567, 9, 520
2568, 46, 476
2569, 123, 955
2570, 177, 571
2571, 433, 486
2572, 140, 593
2573, 120, 280
2574, 215, 795
2575, 805, 860
2576, 393, 560
2577, 493, 725
2578, 127, 849
2579, 270, 747
2580, 108, 299
2581, 331, 508
2582, 208, 210
2583, 407, 761
2584, 152, 271
2585, 587, 876
2586, 22, 985
2587, 253, 613
2588, 240, 988
2589, 154, 699
2590, 495, 939
2591, 11, 455
2592, 197, 279
2593, 110, 759
2594, 24, 894
2595, 13, 454
2596, 316, 470
2597, 81, 691
2598, 442, 701
2599, 350, 387
2600, 275, 665
2601, 931, 964
2602, 521, 531
2603, 499, 637
2604, 451, 685
2605, 303, 494
2606, 382, 741
2607, 61, 170
2608, 607, 821
2609, 796, 798
2610, 539, 775
2611, 167, 690
2612, 341, 773
2613, 139, 449
2614, 771, 838
2615, 230, 833
2616, 99, 202
2617, 558, 718
2618, 1, 250
2619, 48, 510
2620, 12, 511
2621, 532, 639
2622, 219, 856
2623, 765, 820
2624, 77, 325
2625, 546, 953
2626, 642, 732
2627, 471, 768
2628, 572, 748
2629, 62, 309
2630, 352, 990
2631, 69, 585
2632, 666, 919
2633, 193, 850
2634, 564, 596
2635, 313, 878
2636, 348, 932
2637, 68, 114
2638, 774, 966
2639, 367, 654
2640, 142, 394
2641, 2, 835
2642, 589, 993
2643, 716, 938
2644, 710, 959
2645, 753, 812
2646, 663, 900
2647, 614, 776
2648, 39, 648
2649, 165, 307
2650, 708, 717
2651, 366, 877
2652, 326, 376
2653, 327, 474
2654, 398, 927
2655, 18, 912
2656, 297, 999
2657, 267, 794
2658, 450, 770
2659, 485, 626
2660, 452, 544
2661, 506, 832
2662, 144, 377
2663, 533, 992
2664, 102, 160
2665, 548, 757
2666, 518, 986
2667, 460, 649
2668, 23, 581
2669, 410, 881
2670, 424, 576
2671, 96, 467
2672, 312, 503
2673, 272, 749
2674, 705, 972
2675, 141, 353
2676, 504, 523
2677, 498, 723
2678, 278, 549
2679, 829, 830
2680, 555, 730
2681, 417, 889
2682, 556, 987
2683, 724, 963
2684, 125, 217
2685, 169, 971
2686, 85, 615
2687, 635, 935
2688, 254, 525
2689, 66, 763
2690, 54, 582
2691, 846, 911
2692, 491, 677
2693, 92, 940
2694, 78, 982
2695, 223, 693
2696, 396, 722
2697, 107, 168
2698, 236, 941
2699, 166, 840
2700, 15, 908
2701, 957, 968
2702, 38, 463
2703, 222, 373
2704, 481, 928
2705, 792, 822
2706, 37, 967
2707, 130, 570
2708, 789, 905
2709, 52, 914
2710, 178, 893
2711, 205, 807
2712, 526, 947
2713, 261, 371
2714, 129, 660
2715, 90, 475
2716, 413, 734
2717, 239, 714
2718, 320, 793
2719, 354, 388
2720, 391, 852
2721, 242, 640
2722, 247, 674
2723, 171, 360
2724, 251, 641
2725, 359, 811
2726, 605, 751
2727, 105, 619
2728, 88, 975
2729, 656, 848
2730, 4, 228
2731, 245, 778
2732, 335, 583
2733, 248, 268
2734, 14, 628
2735, 298, 610
2736, 192, 858
2737, 543, 713
2738, 27, 575
2739, 432, 819
2740, 395, 980
2741, 604, 645
2742, 186, 203
2743, 304, 590
2744, 859, 991
2745, 58, 399
2746, 439, 754
2747, 153, 453
2748, 163, 934
2749, 321, 952
2750, 31, 136
2751, 427, 553
2752, 651, 715
2753, 779, 984
2754, 138, 891
2755, 379, 686
2756, 131, 185
2757, 56, 574
2758, 361, 904
2759, 28, 863
2760, 937, 1000
2761, 143, 780
2762, 93, 224
2763, 59, 461
2764, 220, 324
2765, 106, 198
2766, 541, 809
2767, 269, 638
2768, 258, 688
2769, 347, 409
2770, 844, 923
2771, 241, 823
2772, 67, 702
2773, 26, 898
2774, 552, 652
2775, 151, 896
2776, 488, 929
2777, 97, 538
2778, 288, 802
2779, 430, 791
2780, 111, 513
2781, 437, 611
2782, 565, 620
2783, 514, 772
2784, 162, 679
2785, 519, 524
2786, 363, 403
2787, 419, 446
2788, 356, 435
2789, 440, 580
2790, 465, 750
2791, 378, 973
2792, 480, 978
2793, 487, 841
2794, 232, 314
2795, 218, 700
2796, 340, 381
2797, 30, 187
2798, 766, 918
2799, 117, 740
2800, 567, 623
2801, 284, 867
2802, 675, 907
2803, 337, 345
2804, 49, 443
2805, 806, 845
2806, 264, 342
2807, 229, 989
2808, 211, 273
2809, 291, 530
2810, 204, 979
2811, 191, 890
2812, 216, 745
2813, 95, 727
2814, 512, 650
2815, 332, 380
2816, 10, 696
2817, 113, 173
2818, 673, 956
2819, 20, 853
2820, 262, 517
2821, 265, 545
2822, 797, 842
2823, 128, 624
2824, 155, 662
2825, 156, 910
2826, 879, 965
2827, 864, 944
2828, 84, 945
2829, 925, 943
2830, 194, 414
2831, 42, 744
2832, 137, 392
2833, 634, 895
2834, 365, 516
2835, 704, 916
2836, 550, 861
2837, 755, 901
2838, 469, 813
2839, 317, 958
2840, 45, 104
2841, 669, 903
2842, 76, 133
2843, 200, 412
2844, 473, 801
2845, 344, 837
2846, 444, 920
2847, 729, 762
2848, 221, 569
2849, 176, 238
2850, 616, 974
2851, 188, 207
2852, 161, 263
2853, 736, 997
2854, 712, 884
2855, 629, 855
2856, 89, 719
2857, 561, 598
2858, 115, 496
2859, 80, 357
2860, 75, 594
2861, 294, 535
2862, 64, 536
2863, 21, 158
2864, 783, 786
2865, 33, 756
2866, 577, 888
2867, 252, 687
2868, 83, 977
2869, 101, 667
2870, 913, 998
2871, 118, 799
2872, 195, 358
2873, 174, 308
2874, 91, 808
2875, 330, 464
2876, 213, 408
2877, 527, 834
2878, 209, 930
2879, 420, 902
2880, 32, 334
2881, 150, 738
2882, 181, 906
2883, 43, 457
2884, 500, 683
2885, 281, 468
2886, 370, 847
2887, 36, 147
2888, 124, 981
2889, 149, 627
2890, 885, 942
2891, 214, 631
2892, 562, 737
2893, 72, 501
2894, 827, 922
2895, 71, 145
2896, 339, 726
2897, 788, 817
2898, 402, 445
2899, 479, 862
2900, 875, 899
2901, 184, 285
2902, 721, 769
2903, 346, 824
2904, 305, 857
2905, 7, 301
2906, 421, 814
2907, 148, 369
2908, 199, 249
2909, 507, 882
2910, 411, 950
2911, 323, 880
2912, 5, 711
2913, 563, 739
2914, 497, 534
2915, 333, 787
2916, 121, 682
2917, 135, 954
2918, 767, 782
2919, 293, 362
2920, 431, 573
2921, 100, 784
2922, 109, 296
2923, 257, 608
2924, 329, 338
2925, 397, 921
2926, 328, 349
2927, 237, 803
2928, 259, 731
2929, 182, 887
2930, 157, 244
2931, 315, 601
2932, 172, 655
2933, 489, 735
2934, 302, 483
2935, 375, 785
2936, 484, 706
2937, 40, 82
2938, 438, 874
2939, 225, 509
2940, 8, 815
2941, 274, 886
2942, 35, 180
2943, 466, 668
2944, 227, 951
2945, 343, 502
2946, 17, 568
2947, 586, 671
2948, 60, 752
2949, 643, 664
2950, 447, 595
2951, 201, 243
2952, 51, 383
2953, 57, 709
2954, 196, 482
2955, 390, 828
2956, 557, 915
2957, 6, 458
2958, 695, 872
2959, 179, 529
2960, 441, 804
2961, 843, 897
2962, 694, 816
2963, 231, 636
2964, 189, 551
2965, 29, 428
2966, 73, 960
2967, 322, 492
2968, 206, 865
2969, 416, 961
2970, 462, 515
2971, 542, 976
2972, 318, 591
2973, 609, 866
2974, 602, 632
2975, 260, 728
2976, 103, 994
2977, 418, 883
2978, 540, 612
2979, 554, 917
2980, 566, 825
2981, 16, 869
2982, 621, 760
2983, 559, 909
2984, 74, 936
2985, 19, 592
2986, 781, 818
2987, 277, 622
2988, 588, 948
2989, 132, 384
2990, 547, 746
2991, 599, 892
2992, 112, 306
2993, 646, 777
2994, 300, 415
2995, 310, 720
2996, 70, 831
2997, 405, 579
2998, 758, 826
2999, 617, 790
3000, 44, 678
3001, 122, 198
3002, 274, 315
3003, 505, 543
3004, 85, 328
3005, 801, 951
3006, 735, 984
3007, 66, 124
3008, 205, 540
3009, 59, 910
3010, 279, 645
3011, 435, 946
3012, 504, 630
3013, 633, 907
3014, 588, 794
3015, 41, 499
3016, 339, 990
3017, 477, 691
3018, 28, 693
3019, 21, 566
3020, 26, 245
3021, 184, 397
3022, 272, 478
3023, 359, 894
3024, 334, 597
3025, 363, 642
3026, 446, 564
3027, 102, 800
3028, 752, 930
3029, 35, 358
3030, 214, 749
3031, 724, 887
3032, 175, 436
3033, 49, 932
3034, 830, 940
3035, 227, 632
3036, 854, 963
3037, 360, 908
3038, 497, 788
3039, 74, 94
3040, 224, 556
3041, 42, 129
3042, 565, 704
3043, 253, 545
3044, 521, 728
3045, 299, 392
3046, 145, 615
3047, 108, 631
3048, 60, 444
3049, 116, 742
3050, 662, 700
3051, 97, 239
3052, 201, 427
3053, 188, 646
3054, 508, 548
3055, 140, 638
3056, 906, 962
3057, 326, 405
3058, 114, 332
3059, 472, 876
3060, 775, 898
3061, 696, 778
3062, 223, 791
3063, 55, 657
3064, 82, 606
3065, 212, 644
3066, 151, 298
3067, 347, 488
3068, 34, 171
3069, 6, 901
3070, 251, 711
3071, 654, 816
3072, 388, 770
3073, 584, 809
3074, 182, 455
3075, 193, 476
3076, 178, 307
3077, 319, 860
3078, 146, 383
3079, 226, 443
3080, 379, 960
3081, 14, 123
3082, 560, 719
3083, 29, 259
3084, 173, 195
3085, 649, 997
3086, 331, 610
3087, 786, 949
3088, 7, 404
3089, 681, 758
3090, 492, 833
3091, 421, 974
3092, 336, 396
3093, 349, 889
3094, 220, 694
3095, 45, 501
3096, 236, 613
3097, 475, 877
3098, 100, 796
3099, 139, 322
3100, 343, 797
3101, 572, 779
3102, 312, 873
3103, 321, 683
3104, 330, 414
3105, 327, 855
3106, 79, 891
3107, 452, 747
3108, 582, 639
3109, 282, 553
3110, 510, 695
3111, 131, 281
3112, 675, 851
3113, 426, 643
3114, 574, 945
3115, 71, 113
3116, 536, 656
3117, 913, 967
3118, 138, 954
3119, 826, 856
3120, 554, 803
3121, 750, 832
3122, 250, 871
3123, 620, 808
3124, 76, 486
3125, 213, 757
3126, 416, 970
3127, 306, 395
3128, 105, 386
3129, 408, 710
3130, 52, 148
3131, 160, 243
3132, 12, 824
3133, 67, 516
3134, 831, 909
3135, 627, 664
3136, 323, 852
3137, 174, 712
3138, 190, 237
3139, 538, 918
3140, 13, 551
3141, 11, 424
3142, 454, 834
3143, 130, 981
3144, 133, 605
3145, 825, 922
3146, 305, 415
3147, 850, 919
3148, 479, 626
3149, 183, 590
3150, 819, 955
3151, 252, 676
3152, 304, 335
3153, 65, 836
3154, 546, 892
3155, 804, 991
3156, 784, 869
3157, 376, 468
3158, 378, 529
3159, 641, 769
3160, 209, 447
3161, 72, 187
3162, 586, 879
3163, 229, 931
3164, 135, 969
3165, 568, 709
3166, 288, 941
3167, 234, 247
3168, 62, 170
3169, 668, 692
3170, 24, 771
3171, 90, 673
3172, 337, 705
3173, 69, 821
3174, 607, 872
3175, 462, 674
3176, 99, 411
3177, 502, 823
3178, 517, 939
3179, 136, 474
3180, 651, 707
3181, 367, 440
3182, 37, 589
3183, 430, 822
3184, 155, 318
3185, 286, 1000
3186, 547, 687
3187, 235, 737
3188, 541, 614
3189, 406, 431
3190, 77, 285
3191, 433, 457
3192, 159, 273
3193, 733, 888
3194, 466, 814
3195, 43, 650
3196, 689, 746
3197, 375, 685
3198, 575, 971
3199, 263, 520
3200, 920, 948
3201, 762, 847
3202, 211, 886
3203, 196, 959
3204, 150, 612
3205, 18, 983
3206, 470, 789
3207, 604, 706
3208, 157, 303
3209, 767, 828
3210, 617, 966
3211, 493, 999
3212, 354, 371
3213, 291, 587
3214, 265, 916
3215, 463, 666
3216, 1, 106
3217, 459, 688
3218, 483, 952
3219, 83, 759
3220, 221, 996
3221, 484, 790
3222, 355, 859
3223, 624, 720
3224, 217, 792
3225, 9, 277
3226, 86, 740
3227, 144, 338
3228, 514, 576
3229, 494, 515
3230, 57, 270
3231, 450, 655
3232, 865, 881
3233, 380, 412
3234, 346, 535
3235, 54, 402
3236, 372, 634
3237, 75, 884
3238, 503, 533
3239, 445, 725
3240, 168, 964
3241, 500, 853
3242, 342, 449
3243, 458, 544
3244, 80, 368
3245, 423, 772
3246, 199, 222
3247, 5, 753
3248, 23, 798
3249, 496, 795
3250, 68, 839
3251, 208, 680
3252, 369, 805
3253, 417, 525
3254, 152, 185
3255, 53, 679
3256, 51, 103
3257, 120, 295
3258, 22, 532
3259, 70, 845
3260, 249, 985
3261, 519, 935
3262, 215, 528
3263, 647, 741
3264, 232, 987
3265, 33, 993
3266, 316, 754
3267, 46, 717
3268, 32, 722
3269, 17, 498
3270, 98, 410
3271, 275, 799
3272, 48, 842
3273, 194, 846
3274, 88, 549
3275, 844, 867
3276, 495, 768
3277, 513, 653
3278, 132, 659
3279, 284, 980
3280, 561, 701
3281, 365, 936
3282, 15, 595
3283, 134, 550
3284, 384, 723
3285, 260, 389
3286, 176, 268
3287, 302, 581
3288, 333, 765
3289, 200, 583
3290, 429, 838
3291, 385, 863
3292, 420, 716
3293, 128, 246
3294, 663, 697
3295, 278, 487
3296, 3, 731
3297, 127, 210
3298, 660, 861
3299, 162, 815
3300, 585, 621
3301, 729, 806
3302, 518, 577
3303, 125, 925
3304, 36, 609
3305, 726, 943
3306, 297, 702
3307, 242, 592
3308, 699, 864
3309, 473, 732
3310, 61, 485
3311, 167, 464
3312, 465, 927
3313, 563, 817
3314, 422, 835
3315, 744, 917
3316, 953, 972
3317, 703, 793
3318, 509, 934
3319, 126, 915
3320, 979, 994
3321, 110, 179
3322, 636, 921
3323, 192, 348
3324, 87, 820
3325, 254, 526
3326, 345, 902
3327, 255, 957
3328, 569, 882
3329, 755, 774
3330, 219, 393
3331, 93, 883
3332, 47, 897
3333, 115, 570
3334, 309, 451
3335, 202, 340
3336, 40, 698
3337, 166, 761
3338, 374, 899
3339, 216, 448
3340, 672, 977
3341, 262, 593
3342, 96, 780
3343, 938, 968
3344, 439, 708
3345, 228, 669
3346, 727, 862
3347, 341, 438
3348, 352, 370
3349, 432, 608
3350, 119, 154
3351, 107, 783
3352, 555, 682
3353, 512, 777
3354, 895, 900
3355, 269, 743
3356, 534, 670
3357, 868, 986
3358, 618, 721
3359, 118, 141
3360, 507, 628
3361, 686, 928
3362, 381, 394
3363, 377, 461
3364, 290, 296
3365, 763, 878
3366, 978, 982
3367, 293, 453
3368, 267, 552
3369, 619, 904
3370, 671, 713
3371, 292, 893
3372, 142, 266
3373, 38, 256
3374, 58, 837
3375, 425, 603
3376, 73, 950
3377, 20, 739
3378, 480, 557
3379, 418, 976
3380, 240, 387
3381, 233, 469
3382, 622, 880
3383, 287, 748
3384, 353, 736
3385, 91, 667
3386, 257, 320
3387, 325, 956
3388, 524, 843
3389, 111, 944
3390, 177, 313
3391, 163, 373
3392, 677, 926
3393, 16, 364
3394, 104, 947
3395, 491, 866
3396, 276, 531
3397, 311, 559
3398, 571, 937
3399, 361, 523
3400, 30, 623
3401, 112, 225
3402, 530, 785
3403, 481, 539
3404, 189, 537
3405, 143, 258
3406, 558, 756
3407, 101, 870
3408, 308, 314
3409, 186, 413
3410, 958, 998
3411, 218, 301
3412, 527, 848
3413, 44, 714
3414, 25, 598
3415, 482, 782
3416, 203, 841
3417, 567, 730
3418, 109, 874
3419, 117, 399
3420, 2, 344
3421, 625, 635
3422, 489, 914
3423, 300, 434
3424, 407, 829
3425, 718, 995
3426, 27, 885
3427, 441, 562
3428, 506, 849
3429, 78, 827
3430, 665, 903
3431, 156, 283
3432, 63, 471
3433, 206, 751
3434, 366, 745
3435, 137, 289
3436, 149, 356
3437, 684, 890
3438, 652, 911
3439, 172, 401
3440, 197, 678
3441, 310, 690
3442, 121, 362
3443, 50, 578
3444, 10, 95
3445, 238, 594
3446, 207, 522
3447, 4, 661
3448, 261, 776
3449, 807, 929
3450, 8, 398
3451, 56, 248
3452, 542, 573
3453, 191, 244
3454, 490, 857
3455, 602, 764
3456, 324, 933
3457, 580, 989
3458, 896, 924
3459, 437, 591
3460, 231, 460
3461, 317, 905
3462, 773, 975
3463, 81, 965
3464, 599, 988
3465, 329, 738
3466, 19, 164
3467, 169, 600
3468, 89, 658
3469, 158, 912
3470, 165, 601
3471, 442, 715
3472, 147, 428
3473, 813, 961
3474, 280, 858
3475, 766, 781
3476, 400, 467
3477, 230, 923
3478, 357, 875
3479, 382, 787
3480, 579, 812
3481, 39, 973
3482, 92, 180
3483, 153, 511
3484, 734, 760
3485, 181, 611
3486, 241, 648
3487, 391, 992
3488, 637, 810
3489, 409, 629
3490, 64, 403
3491, 271, 818
3492, 84, 616
3493, 264, 456
3494, 390, 942
3495, 204, 351
3496, 350, 419
3497, 640, 811
3498, 294, 840
3499, 161, 802
3500, 31, 596
3501, 38, 989
3502, 785, 984
3503, 872, 953
3504, 467, 819
3505, 666, 685
3506, 459, 520
3507, 329, 540
3508, 363, 920
3509, 144, 352
3510, 143, 952
3511, 490, 753
3512, 454, 674
3513, 89, 599
3514, 644, 969
3515, 177, 292
3516, 470, 684
3517, 309, 733
3518, 504, 807
3519, 97, 117
3520, 481, 790
3521, 221, 384
3522, 10, 986
3523, 455, 664
3524, 81, 469
3525, 4, 633
3526, 248, 963
3527, 6, 107
3528, 567, 796
3529, 405, 761
3530, 215, 767
3531, 350, 719
3532, 347, 389
3533, 280, 541
3534, 297, 373
3535, 418, 798
3536, 471, 582
3537, 149, 598
3538, 286, 295
3539, 73, 575
3540, 214, 315
3541, 156, 949
3542, 63, 757
3543, 450, 643
3544, 32, 346
3545, 675, 782
3546, 90, 486
3547, 592, 927
3548, 284, 973
3549, 402, 516
3550, 209, 500
3551, 394, 795
3552, 509, 994
3553, 86, 922
3554, 568, 686
3555, 324, 385
3556, 794, 926
3557, 184, 923
3558, 174, 495
3559, 147, 241
3560, 423, 863
3561, 287, 401
3562, 193, 707
3563, 711, 975
3564, 605, 813
3565, 351, 573
3566, 137, 255
3567, 348, 964
3568, 211, 900
3569, 82, 925
3570, 432, 748
3571, 378, 936
3572, 111, 282
3573, 239, 689
3574, 226, 713
3575, 357, 904
3576, 341, 345
3577, 626, 869
3578, 580, 902
3579, 270, 683
3580, 55, 571
3581, 30, 731
3582, 383, 759
3583, 291, 669
3584, 594, 894
3585, 542, 566
3586, 741, 993
3587, 2, 438
3588, 273, 610
3589, 9, 873
3590, 22, 424
3591, 224, 849
3592, 1, 212
3593, 160, 204
3594, 627, 805
3595, 336, 763
3596, 979, 983
3597, 421, 828
3598, 39, 78
3599, 268, 959
3600, 152, 756
3601, 260, 529
3602, 129, 494
3603, 877, 951
3604, 337, 990
3605, 135, 661
3606, 597, 616
3607, 80, 387
3608, 161, 982
3609, 112, 624
3610, 296, 536
3611, 243, 606
3612, 104, 505
3613, 109, 395
3614, 321, 816
3615, 183, 367
3616, 131, 956
3617, 33, 702
3618, 362, 715
3619, 433, 588
3620, 84, 911
3621, 158, 380
3622, 24, 259
3623, 306, 977
3624, 462, 522
3625, 28, 670
3626, 308, 604
3627, 370, 623
3628, 141, 559
3629, 289, 339
3630, 725, 762
3631, 41, 891
3632, 67, 441
3633, 364, 601
3634, 228, 862
3635, 113, 995
3636, 676, 766
3637, 437, 726
3638, 50, 74
3639, 398, 780
3640, 929, 946
3641, 451, 652
3642, 478, 800
3643, 68, 721
3644, 735, 833
3645, 716, 945
3646, 665, 883
3647, 185, 915
3648, 693, 941
3649, 93, 316
3650, 388, 697
3651, 153, 870
3652, 764, 884
3653, 246, 565
3654, 34, 413
3655, 602, 931
3656, 66, 917
3657, 71, 745
3658, 326, 943
3659, 120, 879
3660, 192, 625
3661, 673, 999
3662, 417, 727
3663, 537, 769
3664, 503, 518
3665, 43, 821
3666, 679, 918
3667, 37, 229
3668, 257, 480
3669, 338, 888
3670, 36, 198
3671, 281, 456
3672, 760, 803
3673, 54, 896
3674, 439, 978
3675, 377, 607
3676, 83, 865
3677, 225, 630
3678, 168, 452
3679, 44, 236
3680, 327, 608
3681, 740, 972
3682, 549, 680
3683, 157, 307
3684, 640, 690
3685, 65, 913
3686, 77, 593
3687, 262, 393
3688, 18, 609
3689, 150, 792
3690, 100, 944
3691, 278, 704
3692, 294, 728
3693, 180, 957
3694, 637, 934
3695, 244, 613
3696, 718, 841
3697, 400, 528
3698, 169, 955
3699, 547, 737
3700, 416, 844
3701, 222, 723
3702, 166, 261
3703, 265, 585
3704, 159, 663
3705, 356, 691
3706, 8, 615
3707, 556, 642
3708, 21, 122
3709, 7, 899
3710, 442, 778
3711, 279, 397
3712, 96, 182
3713, 230, 577
3714, 233, 631
3715, 186, 976
3716, 167, 310
3717, 403, 632
3718, 412, 461
3719, 151, 404
3720, 61, 449
3721, 487, 855
3722, 488, 856
3723, 460, 909
3724, 266, 538
3725, 197, 445
3726, 170, 806
3727, 35, 72
3728, 264, 591
3729, 103, 562
3730, 508, 799
3731, 698, 739
3732, 355, 521
3733, 148, 804
3734, 499, 646
3735, 195, 447
3736, 475, 614
3737, 51, 557
3738, 515, 539
3739, 781, 835
3740, 705, 919
3741, 344, 910
3742, 245, 497
3743, 94, 836
3744, 353, 360
3745, 649, 954
3746, 546, 750
3747, 820, 942
3748, 64, 331
3749, 372, 786
3750, 510, 730
3751, 155, 513
3752, 492, 708
3753, 263, 269
3754, 525, 788
3755, 498, 903
3756, 27, 871
3757, 354, 962
3758, 13, 886
3759, 682, 898
3760, 288, 392
3761, 422, 429
3762, 48, 457
3763, 313, 822
3764, 531, 948
3765, 127, 285
3766, 431, 583
3767, 544, 789
3768, 427, 755
3769, 165, 301
3770, 124, 126
3771, 31, 213
3772, 235, 720
3773, 254, 826
3774, 52, 746
3775, 11, 390
3776, 411, 657
3777, 219, 501
3778, 620, 860
3779, 843, 890
3780, 724, 831
3781, 507, 535
3782, 343, 914
3783, 586, 793
3784, 859, 885
3785, 108, 293
3786, 303, 968
3787, 139, 426
3788, 220, 474
3789, 208, 876
3790, 443, 543
3791, 590, 930
3792, 436, 937
3793, 249, 629
3794, 57, 991
3795, 101, 328
3796, 553, 653
3797, 114, 928
3798, 163, 845
3799, 406, 407
3800, 277, 561
3801, 672, 857
3802, 128, 164
3803, 485, 555
3804, 253, 980
3805, 479, 768
3806, 396, 483
3807, 317, 333
3808, 154, 897
3809, 476, 834
3810, 267, 985
3811, 142, 216
3812, 595, 970
3813, 840, 921
3814, 777, 801
3815, 223, 446
3816, 376, 578
3817, 371, 694
3818, 102, 810
3819, 178, 751
3820, 271, 847
3821, 46, 612
3822, 465, 824
3823, 736, 924
3824, 587, 971
3825, 138, 848
3826, 210, 700
3827, 40, 491
3828, 618, 907
3829, 136, 714
3830, 275, 374
3831, 648, 791
3832, 123, 908
3833, 203, 532
3834, 408, 622
3835, 325, 887
3836, 300, 524
3837, 589, 701
3838, 56, 179
3839, 830, 854
3840, 5, 511
3841, 116, 906
3842, 399, 773
3843, 533, 838
3844, 247, 996
3845, 26, 272
3846, 53, 410
3847, 712, 988
3848, 335, 473
3849, 369, 895
3850, 493, 576
3851, 121, 772
3852, 70, 893
3853, 250, 912
3854, 12, 832
3855, 368, 692
3856, 176, 191
3857, 323, 752
3858, 428, 771
3859, 305, 997
3860, 489, 744
3861, 17, 732
3862, 217, 992
3863, 349, 617
3864, 340, 634
3865, 574, 729
3866, 119, 196
3867, 251, 846
3868, 365, 651
3869, 496, 526
3870, 110, 242
3871, 603, 861
3872, 717, 758
3873, 190, 749
3874, 440, 814
3875, 482, 765
3876, 550, 853
3877, 527, 722
3878, 172, 802
3879, 290, 579
3880, 662, 823
3881, 318, 940
3882, 60, 892
3883, 188, 425
3884, 506, 641
3885, 552, 867
3886, 783, 787
3887, 581, 635
3888, 91, 382
3889, 358, 696
3890, 706, 889
3891, 162, 965
3892, 611, 905
3893, 734, 774
3894, 175, 660
3895, 232, 825
3896, 419, 655
3897, 677, 839
3898, 187, 827
3899, 812, 882
3900, 569, 851
3901, 409, 958
3902, 218, 738
3903, 330, 939
3904, 366, 875
3905, 69, 699
3906, 140, 414
3907, 95, 205
3908, 133, 784
3909, 809, 850
3910, 551, 658
3911, 472, 621
3912, 173, 227
3913, 252, 647
3914, 58, 967
3915, 62, 545
3916, 189, 880
3917, 134, 558
3918, 16, 808
3919, 458, 901
3920, 237, 453
3921, 258, 361
3922, 75, 299
3923, 25, 304
3924, 45, 88
3925, 206, 435
3926, 145, 687
3927, 118, 514
3928, 3, 381
3929, 132, 332
3930, 105, 770
3931, 19, 570
3932, 754, 842
3933, 194, 517
3934, 59, 560
3935, 463, 987
3936, 76, 688
3937, 201, 935
3938, 775, 868
3939, 584, 742
3940, 274, 966
3941, 852, 864
3942, 320, 858
3943, 334, 681
3944, 466, 600
3945, 240, 523
3946, 659, 668
3947, 667, 974
3948, 181, 231
3949, 298, 311
3950, 444, 866
3951, 519, 645
3952, 420, 468
3953, 596, 703
3954, 234, 359
3955, 314, 881
3956, 434, 628
3957, 379, 710
3958, 530, 654
3959, 302, 829
3960, 572, 695
3961, 87, 146
3962, 256, 639
3963, 650, 932
3964, 79, 171
3965, 23, 207
3966, 99, 415
3967, 47, 49
3968, 548, 747
3969, 85, 386
3970, 115, 960
3971, 199, 202
3972, 319, 619
3973, 98, 636
3974, 283, 448
3975, 15, 200
3976, 42, 502
3977, 20, 811
3978, 656, 671
3979, 678, 743
3980, 130, 534
3981, 238, 342
3982, 797, 950
3983, 92, 815
3984, 106, 818
3985, 837, 981
3986, 391, 947
3987, 477, 779
3988, 916, 961
3989, 14, 709
3990, 998, 1000
3991, 638, 933
3992, 430, 878
3993, 512, 874
3994, 464, 563
3995, 29, 776
3996, 125, 375
3997, 322, 938
3998, 484, 817
3999, 276, 554
4000, 312, 564
