id, img1, img2
1, 256, 900
2, 774, 950
3, 679, 724
4, 438, 789
5, 232, 865
6, 574, 746
7, 281, 991
8, 258, 787
9, 23, 519
10, 457, 678
11, 338, 421
12, 304, 780
13, 203, 818
14, 689, 856
15, 317, 767
16, 189, 966
17, 143, 627
18, 70, 348
19, 149, 250
20, 628, 826
21, 750, 837
22, 8, 119
23, 129, 507
24, 563, 612
25, 933, 935
26, 512, 606
27, 131, 153
28, 72, 432
29, 173, 936
30, 117, 397
31, 210, 758
32, 474, 675
33, 303, 805
34, 80, 213
35, 635, 710
36, 328, 907
37, 90, 509
38, 846, 972
39, 93, 665
40, 493, 745
41, 42, 65
42, 71, 165
43, 266, 490
44, 101, 920
45, 325, 761
46, 171, 204
47, 559, 731
48, 207, 242
49, 649, 862
50, 390, 864
51, 737, 870
52, 74, 999
53, 81, 286
54, 28, 423
55, 50, 998
56, 631, 716
57, 82, 415
58, 531, 985
59, 401, 475
60, 491, 618
61, 366, 573
62, 31, 477
63, 123, 526
64, 114, 224
65, 326, 669
66, 316, 566
67, 59, 467
68, 273, 334
69, 542, 607
70, 32, 302
71, 452, 984
72, 307, 715
73, 39, 766
74, 358, 500
75, 306, 572
76, 319, 392
77, 58, 585
78, 308, 496
79, 739, 976
80, 728, 742
81, 337, 895
82, 159, 223
83, 734, 782
84, 118, 848
85, 276, 915
86, 88, 754
87, 37, 498
88, 647, 711
89, 190, 786
90, 309, 352
91, 55, 150
92, 238, 634
93, 479, 581
94, 614, 921
95, 589, 959
96, 368, 539
97, 449, 978
98, 283, 888
99, 447, 655
100, 116, 521
101, 120, 688
102, 263, 659
103, 78, 292
104, 718, 955
105, 469, 953
106, 14, 246
107, 196, 430
108, 181, 253
109, 49, 482
110, 251, 885
111, 218, 492
112, 413, 925
113, 177, 940
114, 548, 714
115, 192, 473
116, 33, 960
117, 267, 784
118, 436, 506
119, 650, 932
120, 361, 590
121, 176, 872
122, 564, 977
123, 7, 260
124, 764, 854
125, 133, 185
126, 489, 769
127, 24, 504
128, 157, 414
129, 184, 553
130, 441, 831
131, 639, 776
132, 369, 740
133, 245, 557
134, 164, 760
135, 169, 332
136, 530, 783
137, 643, 671
138, 209, 778
139, 562, 989
140, 335, 685
141, 22, 583
142, 788, 873
143, 40, 730
144, 311, 733
145, 554, 701
146, 651, 673
147, 34, 214
148, 9, 547
149, 416, 822
150, 293, 713
151, 284, 867
152, 25, 695
153, 11, 556
154, 6, 875
155, 483, 969
156, 849, 886
157, 201, 222
158, 359, 456
159, 652, 781
160, 277, 747
161, 217, 796
162, 601, 610
163, 466, 803
164, 641, 982
165, 56, 975
166, 87, 841
167, 68, 611
168, 773, 910
169, 480, 918
170, 197, 700
171, 289, 596
172, 45, 511
173, 394, 403
174, 407, 719
175, 604, 948
176, 186, 419
177, 523, 816
178, 26, 677
179, 229, 619
180, 84, 257
181, 89, 382
182, 470, 943
183, 356, 591
184, 43, 103
185, 113, 295
186, 19, 794
187, 726, 945
188, 16, 172
189, 77, 282
190, 194, 944
191, 66, 919
192, 637, 994
193, 261, 625
194, 528, 924
195, 148, 524
196, 270, 442
197, 351, 533
198, 795, 958
199, 367, 913
200, 354, 560
201, 94, 529
202, 288, 881
203, 53, 912
204, 400, 949
205, 514, 852
206, 104, 833
207, 595, 942
208, 409, 644
209, 386, 883
210, 561, 820
211, 346, 445
212, 843, 922
213, 502, 588
214, 146, 537
215, 515, 703
216, 844, 929
217, 379, 890
218, 743, 749
219, 624, 653
220, 353, 420
221, 549, 622
222, 44, 765
223, 555, 756
224, 161, 461
225, 15, 851
226, 372, 768
227, 518, 894
228, 488, 543
229, 808, 939
230, 154, 520
231, 126, 208
232, 313, 899
233, 536, 661
234, 342, 404
235, 791, 830
236, 180, 310
237, 462, 687
238, 623, 670
239, 412, 600
240, 365, 772
241, 406, 971
242, 451, 648
243, 182, 927
244, 443, 996
245, 121, 179
246, 380, 684
247, 320, 458
248, 5, 697
249, 60, 132
250, 151, 613
251, 546, 584
252, 109, 156
253, 324, 853
254, 1, 633
255, 3, 211
256, 163, 425
257, 375, 860
258, 568, 664
259, 387, 576
260, 36, 656
261, 360, 422
262, 239, 396
263, 240, 616
264, 12, 686
265, 86, 152
266, 138, 200
267, 247, 388
268, 892, 974
269, 752, 988
270, 691, 882
271, 230, 271
272, 255, 877
273, 106, 428
274, 755, 823
275, 666, 763
276, 241, 896
277, 884, 926
278, 672, 690
279, 291, 330
280, 355, 802
281, 142, 339
282, 243, 962
283, 269, 598
284, 195, 481
285, 254, 660
286, 460, 534
287, 516, 692
288, 681, 732
289, 459, 608
290, 525, 662
291, 29, 248
292, 221, 433
293, 551, 668
294, 793, 861
295, 13, 721
296, 275, 717
297, 336, 646
298, 259, 508
299, 704, 824
300, 626, 657
301, 615, 698
302, 341, 484
303, 393, 968
304, 620, 909
305, 349, 384
306, 712, 957
307, 464, 582
308, 364, 840
309, 417, 632
310, 234, 815
311, 167, 565
312, 100, 300
313, 487, 839
314, 444, 550
315, 735, 857
316, 871, 928
317, 225, 468
318, 866, 983
319, 744, 908
320, 389, 887
321, 333, 497
322, 73, 821
323, 435, 902
324, 108, 155
325, 147, 235
326, 751, 973
327, 373, 599
328, 621, 812
329, 371, 431
330, 244, 874
331, 4, 842
332, 446, 961
333, 85, 813
334, 465, 916
335, 134, 453
336, 219, 825
337, 52, 411
338, 21, 376
339, 141, 540
340, 318, 893
341, 91, 964
342, 274, 575
343, 264, 914
344, 410, 527
345, 374, 937
346, 448, 503
347, 720, 906
348, 124, 847
349, 727, 987
350, 137, 350
351, 188, 505
352, 345, 879
353, 46, 237
354, 61, 287
355, 640, 801
356, 98, 593
357, 571, 798
358, 301, 771
359, 522, 817
360, 112, 629
361, 707, 941
362, 54, 62
363, 658, 891
364, 993, 997
365, 517, 917
366, 580, 725
367, 757, 952
368, 97, 552
369, 729, 946
370, 343, 970
371, 315, 676
372, 405, 427
373, 579, 674
374, 249, 538
375, 439, 594
376, 636, 645
377, 463, 683
378, 231, 819
379, 30, 868
380, 383, 395
381, 705, 1000
382, 398, 638
383, 202, 838
384, 741, 992
385, 215, 501
386, 485, 981
387, 191, 694
388, 272, 535
389, 96, 391
390, 63, 762
391, 145, 578
392, 170, 305
393, 327, 558
394, 220, 869
395, 363, 979
396, 280, 290
397, 499, 753
398, 329, 378
399, 67, 828
400, 897, 901
401, 252, 298
402, 294, 738
403, 110, 472
404, 160, 934
405, 48, 889
406, 340, 402
407, 199, 455
408, 513, 863
409, 92, 357
410, 144, 279
411, 111, 174
412, 323, 663
413, 832, 930
414, 797, 956
415, 706, 829
416, 140, 911
417, 105, 859
418, 216, 285
419, 268, 810
420, 125, 770
421, 206, 708
422, 102, 344
423, 76, 95
424, 183, 440
425, 136, 205
426, 312, 775
427, 178, 876
428, 667, 858
429, 381, 723
430, 544, 878
431, 135, 478
432, 630, 947
433, 166, 399
434, 693, 905
435, 158, 845
436, 27, 759
437, 107, 494
438, 64, 986
439, 57, 792
440, 476, 995
441, 299, 709
442, 278, 696
443, 41, 377
444, 314, 898
445, 38, 603
446, 597, 804
447, 809, 903
448, 450, 642
449, 2, 963
450, 228, 532
451, 541, 617
452, 18, 227
453, 424, 904
454, 17, 777
455, 130, 827
456, 75, 967
457, 587, 850
458, 99, 127
459, 212, 226
460, 385, 486
461, 454, 592
462, 347, 880
463, 418, 790
464, 265, 799
465, 128, 471
466, 47, 437
467, 233, 923
468, 434, 602
469, 51, 168
470, 115, 736
471, 426, 682
472, 10, 748
473, 262, 965
474, 322, 834
475, 408, 951
476, 567, 577
477, 139, 680
478, 370, 806
479, 331, 836
480, 362, 954
481, 586, 980
482, 570, 814
483, 35, 609
484, 699, 722
485, 779, 785
486, 122, 569
487, 79, 297
488, 162, 510
489, 605, 654
490, 20, 193
491, 545, 938
492, 495, 931
493, 175, 800
494, 429, 990
495, 83, 236
496, 296, 811
497, 198, 835
498, 702, 855
499, 69, 187
500, 321, 807
501, 147, 815
502, 51, 628
503, 60, 768
504, 237, 699
505, 265, 865
506, 512, 951
507, 307, 731
508, 323, 416
509, 386, 516
510, 586, 885
511, 321, 410
512, 451, 766
513, 378, 720
514, 73, 862
515, 161, 585
516, 629, 753
517, 648, 724
518, 303, 765
519, 218, 582
520, 526, 728
521, 500, 631
522, 422, 523
523, 217, 733
524, 82, 457
525, 678, 679
526, 112, 502
527, 384, 404
528, 150, 704
529, 289, 706
530, 62, 877
531, 499, 978
532, 190, 243
533, 166, 431
534, 263, 469
535, 638, 770
536, 363, 821
537, 157, 215
538, 352, 936
539, 793, 818
540, 268, 279
541, 773, 982
542, 26, 650
543, 550, 566
544, 507, 682
545, 454, 771
546, 693, 990
547, 57, 354
548, 528, 736
549, 413, 745
550, 533, 681
551, 258, 846
552, 621, 667
553, 167, 267
554, 71, 635
555, 230, 270
556, 568, 888
557, 202, 894
558, 199, 654
559, 123, 674
560, 353, 574
561, 162, 625
562, 816, 868
563, 301, 547
564, 481, 670
565, 295, 360
566, 76, 562
567, 192, 426
568, 273, 943
569, 519, 838
570, 535, 694
571, 309, 783
572, 226, 721
573, 759, 774
574, 546, 890
575, 340, 961
576, 81, 953
577, 869, 873
578, 253, 575
579, 484, 735
580, 124, 867
581, 542, 692
582, 168, 524
583, 429, 835
584, 577, 859
585, 308, 817
586, 317, 924
587, 788, 824
588, 677, 906
589, 225, 946
590, 77, 962
591, 493, 761
592, 298, 437
593, 590, 994
594, 180, 369
595, 434, 703
596, 109, 988
597, 399, 672
598, 373, 511
599, 235, 787
600, 154, 833
601, 184, 324
602, 129, 695
603, 810, 842
604, 642, 777
605, 409, 697
606, 177, 372
607, 46, 663
608, 480, 738
609, 107, 600
610, 93, 255
611, 58, 412
612, 171, 290
613, 18, 116
614, 620, 665
615, 248, 537
616, 75, 479
617, 89, 560
618, 214, 723
619, 819, 941
620, 398, 683
621, 17, 427
622, 565, 641
623, 335, 646
624, 302, 743
625, 134, 995
626, 306, 603
627, 238, 445
628, 169, 374
629, 127, 277
630, 432, 740
631, 876, 989
632, 510, 853
633, 20, 128
634, 23, 999
635, 659, 884
636, 44, 829
637, 967, 972
638, 980, 984
639, 325, 569
640, 2, 100
641, 252, 594
642, 351, 685
643, 571, 834
644, 424, 998
645, 334, 400
646, 6, 847
647, 106, 149
648, 91, 490
649, 27, 559
650, 188, 257
651, 178, 584
652, 102, 136
653, 16, 316
654, 945, 957
655, 751, 775
656, 580, 964
657, 7, 87
658, 139, 800
659, 505, 749
660, 207, 860
661, 210, 418
662, 43, 901
663, 104, 221
664, 563, 963
665, 485, 639
666, 540, 904
667, 342, 851
668, 610, 627
669, 119, 848
670, 55, 852
671, 239, 272
672, 234, 453
673, 466, 927
674, 137, 940
675, 541, 633
676, 292, 705
677, 99, 530
678, 637, 792
679, 274, 608
680, 35, 734
681, 78, 739
682, 204, 470
683, 377, 956
684, 315, 981
685, 602, 781
686, 130, 561
687, 463, 730
688, 80, 328
689, 173, 715
690, 489, 857
691, 468, 760
692, 11, 456
693, 732, 991
694, 691, 918
695, 15, 189
696, 30, 191
697, 244, 245
698, 349, 588
699, 223, 617
700, 702, 799
701, 88, 606
702, 276, 969
703, 419, 785
704, 393, 916
705, 414, 714
706, 756, 932
707, 29, 861
708, 94, 712
709, 708, 803
710, 240, 554
711, 870, 976
712, 174, 826
713, 444, 896
714, 389, 448
715, 286, 312
716, 5, 767
717, 748, 831
718, 305, 675
719, 152, 382
720, 138, 522
721, 101, 939
722, 488, 772
723, 3, 811
724, 348, 450
725, 497, 801
726, 711, 718
727, 185, 911
728, 13, 587
729, 473, 949
730, 394, 439
731, 262, 744
732, 12, 907
733, 293, 664
734, 280, 297
735, 332, 822
736, 376, 841
737, 28, 689
738, 97, 897
739, 63, 866
740, 14, 447
741, 433, 503
742, 491, 596
743, 598, 710
744, 619, 806
745, 111, 802
746, 742, 820
747, 458, 572
748, 155, 442
749, 115, 573
750, 807, 892
751, 70, 408
752, 339, 975
753, 388, 929
754, 933, 1000
755, 496, 823
756, 241, 634
757, 194, 881
758, 789, 828
759, 411, 557
760, 96, 380
761, 1, 98
762, 264, 531
763, 612, 700
764, 405, 669
765, 153, 652
766, 66, 390
767, 320, 926
768, 108, 242
769, 179, 880
770, 132, 423
771, 578, 973
772, 461, 688
773, 549, 605
774, 182, 228
775, 151, 843
776, 595, 996
777, 521, 754
778, 915, 935
779, 206, 849
780, 212, 350
781, 313, 338
782, 517, 644
783, 506, 954
784, 186, 640
785, 776, 779
786, 165, 909
787, 246, 958
788, 145, 205
789, 68, 494
790, 509, 536
791, 643, 898
792, 449, 534
793, 545, 825
794, 19, 462
795, 37, 233
796, 486, 579
797, 288, 529
798, 361, 558
799, 197, 504
800, 72, 591
801, 282, 430
802, 379, 615
803, 21, 39
804, 10, 671
805, 452, 544
806, 266, 794
807, 48, 231
808, 59, 358
809, 346, 589
810, 471, 737
811, 567, 855
812, 125, 741
813, 576, 839
814, 38, 144
815, 176, 836
816, 356, 952
817, 4, 812
818, 53, 653
819, 446, 809
820, 428, 436
821, 538, 758
822, 813, 899
823, 370, 987
824, 318, 763
825, 808, 920
826, 632, 937
827, 9, 727
828, 296, 396
829, 403, 878
830, 259, 905
831, 195, 903
832, 425, 623
833, 548, 786
834, 140, 256
835, 330, 854
836, 701, 993
837, 337, 879
838, 345, 856
839, 365, 395
840, 251, 402
841, 41, 955
842, 460, 782
843, 283, 900
844, 362, 887
845, 209, 971
846, 211, 960
847, 52, 645
848, 291, 329
849, 83, 172
850, 193, 959
851, 45, 784
852, 764, 864
853, 183, 931
854, 121, 750
855, 31, 850
856, 33, 551
857, 95, 543
858, 260, 875
859, 472, 514
860, 85, 769
861, 281, 895
862, 483, 614
863, 613, 979
864, 47, 105
865, 200, 333
866, 661, 944
867, 49, 278
868, 103, 287
869, 254, 331
870, 42, 883
871, 492, 992
872, 513, 950
873, 344, 977
874, 117, 607
875, 347, 555
876, 383, 709
877, 611, 673
878, 476, 830
879, 912, 974
880, 32, 118
881, 478, 583
882, 67, 86
883, 357, 755
884, 397, 599
885, 310, 392
886, 401, 420
887, 120, 858
888, 477, 814
889, 525, 630
890, 54, 686
891, 113, 872
892, 92, 407
893, 8, 616
894, 74, 135
895, 520, 626
896, 216, 581
897, 114, 676
898, 84, 219
899, 213, 726
900, 170, 914
901, 475, 527
902, 592, 845
903, 36, 294
904, 464, 917
905, 722, 923
906, 187, 658
907, 455, 804
908, 133, 752
909, 438, 725
910, 224, 435
911, 299, 508
912, 284, 778
913, 271, 798
914, 415, 717
915, 421, 518
916, 930, 966
917, 601, 832
918, 247, 891
919, 662, 707
920, 131, 564
921, 126, 874
922, 34, 148
923, 417, 666
924, 687, 780
925, 69, 371
926, 181, 381
927, 532, 970
928, 40, 947
929, 304, 501
930, 275, 553
931, 668, 680
932, 364, 746
933, 300, 938
934, 175, 441
935, 552, 698
936, 487, 882
937, 495, 827
938, 387, 467
939, 261, 948
940, 597, 747
941, 164, 886
942, 24, 609
943, 236, 719
944, 355, 922
945, 269, 729
946, 359, 934
947, 375, 893
948, 385, 515
949, 790, 921
950, 56, 889
951, 336, 840
952, 343, 368
953, 367, 556
954, 498, 651
955, 141, 391
956, 50, 319
957, 160, 942
958, 158, 684
959, 25, 713
960, 196, 690
961, 159, 232
962, 604, 656
963, 311, 459
964, 64, 624
965, 110, 762
966, 327, 655
967, 220, 902
968, 618, 968
969, 636, 660
970, 65, 837
971, 222, 570
972, 208, 716
973, 249, 341
974, 201, 805
975, 795, 844
976, 649, 791
977, 142, 198
978, 250, 983
979, 443, 965
980, 797, 986
981, 146, 796
982, 910, 919
983, 143, 863
984, 22, 925
985, 696, 757
986, 203, 871
987, 440, 908
988, 79, 593
989, 61, 622
990, 122, 657
991, 90, 156
992, 482, 913
993, 227, 928
994, 229, 647
995, 314, 322
996, 285, 539
997, 163, 326
998, 474, 985
999, 406, 997
1000, 366, 465
1001, 396, 783
1002, 15, 877
1003, 225, 916
1004, 344, 358
1005, 498, 555
1006, 64, 175
1007, 436, 917
1008, 96, 377
1009, 287, 395
1010, 257, 905
1011, 443, 938
1012, 379, 994
1013, 121, 845
1014, 84, 749
1015, 275, 740
1016, 405, 976
1017, 680, 945
1018, 296, 507
1019, 316, 723
1020, 392, 738
1021, 98, 351
1022, 328, 827
1023, 115, 735
1024, 381, 892
1025, 186, 250
1026, 33, 968
1027, 448, 824
1028, 107, 263
1029, 468, 557
1030, 82, 966
1031, 129, 393
1032, 248, 782
1033, 360, 707
1034, 607, 715
1035, 526, 671
1036, 690, 794
1037, 182, 889
1038, 195, 788
1039, 364, 409
1040, 310, 923
1041, 477, 590
1042, 206, 829
1043, 279, 774
1044, 944, 991
1045, 413, 565
1046, 267, 726
1047, 55, 399
1048, 9, 102
1049, 305, 487
1050, 61, 315
1051, 414, 781
1052, 609, 708
1053, 822, 823
1054, 546, 754
1055, 490, 691
1056, 389, 499
1057, 573, 853
1058, 308, 810
1059, 128, 884
1060, 518, 847
1061, 177, 887
1062, 13, 766
1063, 660, 997
1064, 137, 419
1065, 685, 718
1066, 71, 113
1067, 63, 73
1068, 208, 386
1069, 327, 933
1070, 156, 608
1071, 289, 570
1072, 85, 292
1073, 562, 622
1074, 103, 254
1075, 26, 135
1076, 148, 339
1077, 291, 398
1078, 494, 844
1079, 509, 955
1080, 21, 368
1081, 179, 747
1082, 10, 226
1083, 437, 918
1084, 94, 582
1085, 142, 811
1086, 331, 541
1087, 586, 730
1088, 109, 150
1089, 605, 807
1090, 202, 554
1091, 133, 813
1092, 313, 940
1093, 274, 816
1094, 647, 948
1095, 563, 663
1096, 141, 535
1097, 56, 118
1098, 768, 925
1099, 294, 406
1100, 285, 425
1101, 266, 873
1102, 857, 930
1103, 40, 348
1104, 321, 610
1105, 340, 569
1106, 354, 709
1107, 639, 764
1108, 317, 465
1109, 127, 253
1110, 619, 657
1111, 223, 830
1112, 119, 770
1113, 242, 493
1114, 112, 676
1115, 243, 483
1116, 284, 872
1117, 62, 602
1118, 480, 983
1119, 99, 117
1120, 755, 880
1121, 378, 833
1122, 101, 727
1123, 258, 971
1124, 108, 587
1125, 19, 623
1126, 322, 911
1127, 273, 466
1128, 450, 552
1129, 742, 921
1130, 48, 306
1131, 426, 760
1132, 544, 750
1133, 826, 963
1134, 217, 529
1135, 350, 538
1136, 231, 439
1137, 698, 739
1138, 54, 679
1139, 732, 832
1140, 512, 779
1141, 34, 365
1142, 282, 899
1143, 42, 432
1144, 68, 931
1145, 332, 430
1146, 311, 664
1147, 97, 105
1148, 57, 838
1149, 361, 491
1150, 725, 902
1151, 245, 564
1152, 606, 860
1153, 645, 839
1154, 90, 767
1155, 4, 655
1156, 367, 440
1157, 677, 785
1158, 307, 640
1159, 659, 836
1160, 161, 560
1161, 170, 442
1162, 704, 719
1163, 613, 653
1164, 473, 771
1165, 281, 457
1166, 592, 840
1167, 665, 904
1168, 403, 802
1169, 66, 980
1170, 18, 909
1171, 227, 629
1172, 249, 970
1173, 312, 536
1174, 521, 996
1175, 59, 210
1176, 140, 687
1177, 974, 982
1178, 574, 798
1179, 556, 615
1180, 86, 862
1181, 341, 820
1182, 370, 890
1183, 120, 834
1184, 416, 721
1185, 169, 758
1186, 74, 630
1187, 147, 806
1188, 334, 559
1189, 247, 939
1190, 703, 737
1191, 626, 688
1192, 7, 363
1193, 352, 424
1194, 650, 765
1195, 482, 689
1196, 349, 914
1197, 60, 374
1198, 265, 666
1199, 314, 505
1200, 616, 683
1201, 6, 324
1202, 501, 919
1203, 222, 804
1204, 323, 598
1205, 330, 714
1206, 260, 992
1207, 362, 712
1208, 342, 986
1209, 729, 984
1210, 261, 549
1211, 346, 461
1212, 672, 924
1213, 819, 893
1214, 329, 481
1215, 620, 842
1216, 673, 920
1217, 155, 988
1218, 270, 540
1219, 27, 522
1220, 418, 625
1221, 154, 447
1222, 388, 964
1223, 791, 792
1224, 375, 702
1225, 502, 975
1226, 215, 942
1227, 199, 987
1228, 58, 929
1229, 189, 387
1230, 159, 793
1231, 600, 848
1232, 295, 534
1233, 251, 728
1234, 309, 662
1235, 464, 539
1236, 37, 801
1237, 2, 237
1238, 759, 762
1239, 228, 454
1240, 43, 861
1241, 183, 212
1242, 95, 236
1243, 17, 65
1244, 288, 435
1245, 299, 326
1246, 796, 954
1247, 167, 593
1248, 621, 692
1249, 22, 385
1250, 23, 131
1251, 280, 756
1252, 431, 818
1253, 8, 772
1254, 87, 888
1255, 614, 795
1256, 134, 422
1257, 651, 949
1258, 290, 391
1259, 47, 595
1260, 190, 412
1261, 278, 981
1262, 83, 88
1263, 646, 934
1264, 380, 998
1265, 612, 846
1266, 445, 537
1267, 70, 932
1268, 45, 193
1269, 69, 144
1270, 283, 894
1271, 635, 859
1272, 402, 589
1273, 136, 561
1274, 720, 864
1275, 489, 591
1276, 49, 869
1277, 878, 895
1278, 397, 956
1279, 241, 841
1280, 575, 695
1281, 597, 717
1282, 495, 953
1283, 230, 858
1284, 196, 372
1285, 138, 572
1286, 124, 475
1287, 488, 668
1288, 514, 946
1289, 656, 906
1290, 420, 470
1291, 304, 478
1292, 496, 855
1293, 484, 753
1294, 467, 524
1295, 460, 851
1296, 286, 568
1297, 268, 661
1298, 558, 989
1299, 383, 408
1300, 604, 693
1301, 697, 800
1302, 149, 369
1303, 139, 168
1304, 163, 252
1305, 255, 694
1306, 30, 898
1307, 35, 197
1308, 125, 603
1309, 525, 648
1310, 599, 985
1311, 160, 271
1312, 479, 1000
1313, 151, 185
1314, 682, 780
1315, 130, 654
1316, 347, 511
1317, 636, 900
1318, 211, 699
1319, 165, 174
1320, 355, 731
1321, 122, 407
1322, 110, 449
1323, 12, 152
1324, 32, 809
1325, 145, 246
1326, 232, 508
1327, 681, 907
1328, 100, 262
1329, 503, 814
1330, 433, 643
1331, 104, 456
1332, 644, 843
1333, 577, 686
1334, 812, 908
1335, 166, 815
1336, 200, 637
1337, 415, 922
1338, 446, 641
1339, 25, 50
1340, 81, 879
1341, 451, 891
1342, 338, 504
1343, 146, 176
1344, 915, 978
1345, 463, 711
1346, 1, 46
1347, 458, 936
1348, 24, 429
1349, 164, 239
1350, 207, 530
1351, 863, 958
1352, 244, 775
1353, 5, 979
1354, 76, 277
1355, 384, 520
1356, 825, 951
1357, 106, 492
1358, 29, 41
1359, 583, 773
1360, 506, 943
1361, 234, 276
1362, 89, 993
1363, 126, 198
1364, 678, 874
1365, 300, 856
1366, 79, 357
1367, 319, 912
1368, 80, 611
1369, 459, 950
1370, 528, 797
1371, 53, 476
1372, 441, 761
1373, 628, 631
1374, 52, 571
1375, 713, 947
1376, 696, 885
1377, 579, 852
1378, 272, 817
1379, 333, 901
1380, 335, 394
1381, 576, 999
1382, 187, 789
1383, 649, 757
1384, 158, 961
1385, 710, 910
1386, 675, 927
1387, 527, 967
1388, 417, 705
1389, 674, 896
1390, 343, 632
1391, 881, 957
1392, 14, 373
1393, 553, 588
1394, 404, 787
1395, 11, 835
1396, 256, 777
1397, 111, 903
1398, 390, 453
1399, 427, 973
1400, 31, 542
1401, 209, 913
1402, 184, 882
1403, 67, 218
1404, 75, 400
1405, 455, 500
1406, 865, 870
1407, 382, 941
1408, 153, 345
1409, 301, 601
1410, 371, 808
1411, 486, 669
1412, 201, 854
1413, 336, 849
1414, 547, 584
1415, 229, 700
1416, 302, 517
1417, 91, 995
1418, 205, 977
1419, 935, 990
1420, 638, 744
1421, 214, 462
1422, 39, 510
1423, 741, 952
1424, 3, 36
1425, 618, 642
1426, 545, 580
1427, 194, 743
1428, 203, 213
1429, 567, 821
1430, 634, 776
1431, 585, 667
1432, 515, 684
1433, 240, 303
1434, 716, 850
1435, 428, 805
1436, 72, 786
1437, 233, 423
1438, 224, 624
1439, 219, 617
1440, 172, 784
1441, 132, 875
1442, 497, 751
1443, 28, 114
1444, 868, 871
1445, 181, 828
1446, 16, 969
1447, 20, 401
1448, 722, 745
1449, 469, 706
1450, 627, 803
1451, 318, 965
1452, 180, 376
1453, 410, 959
1454, 235, 513
1455, 264, 596
1456, 191, 790
1457, 633, 652
1458, 298, 763
1459, 157, 531
1460, 452, 752
1461, 421, 533
1462, 320, 594
1463, 78, 960
1464, 92, 485
1465, 192, 337
1466, 51, 867
1467, 77, 293
1468, 269, 734
1469, 411, 581
1470, 472, 897
1471, 204, 778
1472, 188, 972
1473, 523, 866
1474, 670, 937
1475, 746, 799
1476, 701, 736
1477, 162, 551
1478, 173, 883
1479, 178, 519
1480, 359, 733
1481, 123, 550
1482, 297, 353
1483, 44, 886
1484, 578, 926
1485, 143, 434
1486, 325, 474
1487, 516, 748
1488, 116, 566
1489, 238, 876
1490, 356, 928
1491, 216, 769
1492, 438, 962
1493, 93, 221
1494, 220, 543
1495, 38, 548
1496, 532, 658
1497, 366, 724
1498, 259, 837
1499, 171, 471
1500, 444, 831
1501, 338, 772
1502, 269, 945
1503, 355, 742
1504, 718, 885
1505, 240, 652
1506, 7, 908
1507, 711, 890
1508, 503, 729
1509, 67, 133
1510, 300, 305
1511, 287, 410
1512, 40, 179
1513, 127, 722
1514, 730, 787
1515, 181, 450
1516, 437, 623
1517, 473, 813
1518, 495, 557
1519, 71, 990
1520, 214, 906
1521, 111, 454
1522, 441, 951
1523, 611, 721
1524, 508, 775
1525, 85, 226
1526, 319, 719
1527, 507, 956
1528, 204, 255
1529, 697, 984
1530, 144, 794
1531, 8, 572
1532, 152, 700
1533, 161, 164
1534, 19, 362
1535, 597, 657
1536, 773, 804
1537, 51, 314
1538, 372, 388
1539, 308, 717
1540, 234, 802
1541, 49, 561
1542, 310, 477
1543, 245, 273
1544, 283, 875
1545, 413, 828
1546, 356, 366
1547, 485, 826
1548, 209, 221
1549, 31, 90
1550, 554, 643
1551, 491, 544
1552, 134, 685
1553, 369, 461
1554, 230, 405
1555, 607, 806
1556, 225, 998
1557, 387, 471
1558, 704, 821
1559, 537, 928
1560, 361, 963
1561, 326, 727
1562, 241, 368
1563, 436, 566
1564, 434, 750
1565, 317, 993
1566, 396, 954
1567, 25, 810
1568, 257, 370
1569, 250, 916
1570, 465, 838
1571, 417, 752
1572, 546, 978
1573, 625, 745
1574, 66, 612
1575, 103, 315
1576, 619, 756
1577, 781, 854
1578, 375, 837
1579, 735, 792
1580, 130, 272
1581, 113, 408
1582, 82, 502
1583, 589, 935
1584, 497, 836
1585, 238, 629
1586, 122, 533
1587, 10, 515
1588, 268, 852
1589, 247, 975
1590, 299, 578
1591, 753, 985
1592, 678, 986
1593, 337, 698
1594, 411, 980
1595, 817, 840
1596, 176, 261
1597, 829, 937
1598, 419, 776
1599, 669, 820
1600, 365, 851
1601, 254, 425
1602, 135, 582
1603, 189, 661
1604, 6, 282
1605, 253, 803
1606, 121, 886
1607, 584, 636
1608, 93, 224
1609, 198, 932
1610, 94, 790
1611, 185, 955
1612, 116, 931
1613, 290, 613
1614, 482, 738
1615, 35, 398
1616, 463, 674
1617, 276, 527
1618, 212, 686
1619, 106, 647
1620, 475, 912
1621, 344, 668
1622, 592, 600
1623, 186, 218
1624, 174, 348
1625, 45, 330
1626, 259, 311
1627, 349, 859
1628, 33, 767
1629, 335, 967
1630, 97, 691
1631, 383, 456
1632, 459, 839
1633, 449, 989
1634, 585, 974
1635, 229, 298
1636, 232, 662
1637, 9, 542
1638, 154, 380
1639, 699, 770
1640, 430, 841
1641, 1, 910
1642, 76, 141
1643, 260, 560
1644, 329, 961
1645, 52, 562
1646, 92, 583
1647, 846, 863
1648, 432, 877
1649, 614, 622
1650, 264, 512
1651, 65, 797
1652, 632, 663
1653, 278, 462
1654, 521, 541
1655, 574, 715
1656, 297, 377
1657, 785, 884
1658, 489, 783
1659, 451, 706
1660, 46, 184
1661, 100, 648
1662, 644, 683
1663, 88, 150
1664, 716, 943
1665, 170, 474
1666, 602, 654
1667, 18, 429
1668, 635, 658
1669, 53, 395
1670, 630, 765
1671, 295, 501
1672, 237, 879
1673, 321, 339
1674, 435, 601
1675, 710, 734
1676, 433, 682
1677, 514, 897
1678, 327, 713
1679, 620, 749
1680, 23, 235
1681, 166, 938
1682, 345, 357
1683, 172, 872
1684, 110, 251
1685, 296, 509
1686, 203, 757
1687, 399, 418
1688, 102, 970
1689, 281, 416
1690, 393, 847
1691, 573, 827
1692, 555, 848
1693, 143, 805
1694, 77, 488
1695, 216, 905
1696, 860, 895
1697, 136, 747
1698, 760, 941
1699, 54, 453
1700, 421, 858
1701, 12, 385
1702, 147, 714
1703, 492, 949
1704, 104, 907
1705, 470, 996
1706, 80, 940
1707, 769, 796
1708, 207, 844
1709, 146, 249
1710, 210, 567
1711, 371, 586
1712, 789, 874
1713, 244, 948
1714, 28, 37
1715, 320, 342
1716, 469, 988
1717, 42, 550
1718, 70, 861
1719, 139, 490
1720, 149, 947
1721, 639, 759
1722, 50, 640
1723, 177, 530
1724, 516, 628
1725, 458, 511
1726, 284, 549
1727, 188, 401
1728, 120, 588
1729, 74, 976
1730, 824, 1000
1731, 633, 893
1732, 570, 671
1733, 291, 959
1734, 123, 881
1735, 101, 526
1736, 540, 866
1737, 651, 991
1738, 59, 814
1739, 604, 997
1740, 888, 965
1741, 190, 825
1742, 197, 791
1743, 444, 898
1744, 44, 341
1745, 233, 325
1746, 41, 720
1747, 86, 334
1748, 343, 577
1749, 208, 522
1750, 564, 670
1751, 20, 784
1752, 262, 422
1753, 363, 865
1754, 34, 726
1755, 60, 921
1756, 505, 659
1757, 684, 950
1758, 178, 423
1759, 524, 857
1760, 529, 920
1761, 690, 782
1762, 687, 933
1763, 193, 815
1764, 758, 763
1765, 569, 673
1766, 286, 900
1767, 322, 637
1768, 303, 680
1769, 438, 553
1770, 27, 982
1771, 350, 624
1772, 11, 942
1773, 333, 934
1774, 510, 892
1775, 239, 266
1776, 412, 819
1777, 457, 667
1778, 381, 926
1779, 180, 420
1780, 280, 666
1781, 590, 764
1782, 157, 979
1783, 236, 347
1784, 13, 608
1785, 446, 660
1786, 61, 946
1787, 165, 650
1788, 62, 442
1789, 367, 723
1790, 655, 705
1791, 256, 845
1792, 483, 523
1793, 108, 293
1794, 904, 939
1795, 107, 739
1796, 531, 768
1797, 145, 223
1798, 39, 480
1799, 390, 484
1800, 156, 415
1801, 78, 384
1802, 140, 580
1803, 302, 703
1804, 431, 780
1805, 332, 364
1806, 5, 227
1807, 98, 696
1808, 64, 917
1809, 43, 543
1810, 24, 887
1811, 91, 712
1812, 114, 504
1813, 788, 922
1814, 539, 834
1815, 192, 733
1816, 270, 323
1817, 199, 571
1818, 17, 196
1819, 378, 595
1820, 79, 665
1821, 379, 977
1822, 559, 811
1823, 672, 869
1824, 187, 351
1825, 358, 708
1826, 36, 876
1827, 359, 799
1828, 506, 962
1829, 14, 274
1830, 159, 646
1831, 528, 709
1832, 109, 909
1833, 466, 736
1834, 406, 594
1835, 428, 914
1836, 689, 771
1837, 519, 621
1838, 160, 849
1839, 248, 812
1840, 545, 774
1841, 307, 816
1842, 409, 664
1843, 217, 576
1844, 285, 328
1845, 353, 694
1846, 472, 695
1847, 558, 593
1848, 252, 873
1849, 878, 915
1850, 96, 279
1851, 151, 538
1852, 73, 467
1853, 617, 808
1854, 301, 606
1855, 354, 994
1856, 400, 831
1857, 292, 761
1858, 68, 219
1859, 63, 191
1860, 200, 746
1861, 520, 995
1862, 414, 822
1863, 903, 983
1864, 175, 732
1865, 675, 925
1866, 69, 901
1867, 575, 725
1868, 32, 155
1869, 468, 688
1870, 312, 645
1871, 766, 927
1872, 448, 605
1873, 452, 883
1874, 426, 889
1875, 707, 923
1876, 72, 641
1877, 568, 918
1878, 306, 402
1879, 277, 777
1880, 518, 693
1881, 352, 649
1882, 809, 973
1883, 331, 596
1884, 499, 871
1885, 47, 131
1886, 591, 835
1887, 853, 936
1888, 346, 929
1889, 75, 692
1890, 83, 265
1891, 215, 289
1892, 340, 731
1893, 392, 610
1894, 481, 535
1895, 81, 148
1896, 313, 868
1897, 374, 728
1898, 142, 171
1899, 478, 494
1900, 443, 642
1901, 267, 987
1902, 376, 565
1903, 389, 944
1904, 391, 966
1905, 48, 656
1906, 173, 609
1907, 2, 206
1908, 445, 913
1909, 440, 930
1910, 105, 969
1911, 397, 793
1912, 202, 618
1913, 118, 902
1914, 556, 864
1915, 132, 464
1916, 21, 517
1917, 382, 968
1918, 95, 952
1919, 169, 360
1920, 386, 751
1921, 894, 960
1922, 220, 228
1923, 126, 424
1924, 309, 324
1925, 162, 500
1926, 294, 953
1927, 677, 899
1928, 634, 737
1929, 38, 498
1930, 599, 631
1931, 56, 911
1932, 304, 972
1933, 563, 855
1934, 427, 862
1935, 194, 992
1936, 153, 832
1937, 201, 981
1938, 496, 681
1939, 205, 532
1940, 211, 842
1941, 30, 579
1942, 124, 128
1943, 112, 823
1944, 55, 493
1945, 275, 801
1946, 778, 818
1947, 373, 616
1948, 318, 447
1949, 548, 850
1950, 4, 754
1951, 407, 856
1952, 779, 800
1953, 26, 798
1954, 702, 867
1955, 271, 403
1956, 57, 84
1957, 404, 460
1958, 476, 536
1959, 242, 258
1960, 638, 896
1961, 138, 598
1962, 231, 336
1963, 16, 58
1964, 552, 626
1965, 439, 919
1966, 246, 534
1967, 15, 882
1968, 163, 243
1969, 513, 880
1970, 167, 762
1971, 182, 183
1972, 288, 924
1973, 724, 833
1974, 22, 843
1975, 547, 964
1976, 581, 807
1977, 117, 479
1978, 119, 741
1979, 3, 168
1980, 115, 222
1981, 213, 394
1982, 195, 740
1983, 87, 551
1984, 486, 999
1985, 755, 870
1986, 89, 129
1987, 316, 587
1988, 627, 743
1989, 679, 744
1990, 487, 795
1991, 653, 957
1992, 615, 676
1993, 786, 958
1994, 137, 748
1995, 99, 263
1996, 603, 971
1997, 455, 525
1998, 125, 891
1999, 158, 830
2000, 29, 701
2001, 569, 745
2002, 62, 399
2003, 604, 988
2004, 611, 792
2005, 323, 657
2006, 738, 861
2007, 308, 484
2008, 178, 912
2009, 350, 865
2010, 18, 838
2011, 292, 470
2012, 592, 927
2013, 296, 501
2014, 307, 955
2015, 351, 804
2016, 433, 664
2017, 46, 418
2018, 594, 676
2019, 40, 258
2020, 753, 929
2021, 261, 385
2022, 467, 513
2023, 160, 313
2024, 601, 670
2025, 117, 140
2026, 606, 675
2027, 107, 949
2028, 461, 716
2029, 67, 358
2030, 179, 221
2031, 93, 562
2032, 43, 413
2033, 541, 924
2034, 115, 403
2035, 271, 284
2036, 264, 752
2037, 903, 920
2038, 519, 764
2039, 49, 902
2040, 412, 784
2041, 84, 293
2042, 509, 707
2043, 520, 992
2044, 20, 548
2045, 192, 881
2046, 184, 534
2047, 439, 972
2048, 720, 798
2049, 1, 570
2050, 328, 802
2051, 584, 814
2052, 344, 697
2053, 586, 998
2054, 662, 957
2055, 330, 383
2056, 687, 806
2057, 829, 996
2058, 257, 572
2059, 130, 836
2060, 386, 494
2061, 182, 948
2062, 590, 771
2063, 205, 585
2064, 677, 831
2065, 255, 827
2066, 530, 728
2067, 637, 959
2068, 564, 870
2069, 202, 783
2070, 213, 891
2071, 57, 999
2072, 348, 774
2073, 644, 671
2074, 90, 776
2075, 50, 618
2076, 187, 228
2077, 209, 465
2078, 376, 393
2079, 253, 395
2080, 10, 445
2081, 53, 288
2082, 174, 319
2083, 151, 266
2084, 476, 879
2085, 679, 731
2086, 497, 635
2087, 347, 823
2088, 252, 342
2089, 464, 557
2090, 524, 599
2091, 362, 726
2092, 29, 560
2093, 6, 659
2094, 614, 673
2095, 723, 724
2096, 54, 498
2097, 416, 938
2098, 556, 960
2099, 34, 310
2100, 149, 414
2101, 188, 547
2102, 327, 357
2103, 163, 977
2104, 819, 969
2105, 507, 732
2106, 281, 900
2107, 683, 970
2108, 109, 858
2109, 301, 378
2110, 317, 890
2111, 104, 777
2112, 203, 898
2113, 100, 779
2114, 551, 680
2115, 127, 239
2116, 546, 625
2117, 729, 933
2118, 711, 915
2119, 689, 916
2120, 356, 549
2121, 231, 561
2122, 211, 624
2123, 852, 930
2124, 528, 615
2125, 156, 911
2126, 475, 944
2127, 473, 894
2128, 146, 932
2129, 391, 456
2130, 510, 749
2131, 233, 698
2132, 118, 841
2133, 89, 605
2134, 303, 826
2135, 28, 198
2136, 457, 648
2137, 411, 896
2138, 398, 922
2139, 353, 990
2140, 135, 589
2141, 44, 821
2142, 335, 681
2143, 216, 985
2144, 314, 714
2145, 169, 235
2146, 199, 844
2147, 147, 256
2148, 33, 737
2149, 56, 466
2150, 300, 845
2151, 446, 913
2152, 238, 543
2153, 171, 394
2154, 158, 241
2155, 600, 744
2156, 643, 782
2157, 139, 492
2158, 168, 967
2159, 4, 176
2160, 658, 762
2161, 236, 860
2162, 405, 608
2163, 621, 884
2164, 75, 375
2165, 63, 402
2166, 165, 437
2167, 120, 417
2168, 799, 974
2169, 482, 582
2170, 162, 542
2171, 315, 640
2172, 214, 478
2173, 511, 895
2174, 61, 877
2175, 514, 559
2176, 907, 942
2177, 200, 277
2178, 132, 962
2179, 380, 727
2180, 85, 246
2181, 669, 966
2182, 574, 587
2183, 479, 950
2184, 7, 848
2185, 78, 602
2186, 45, 159
2187, 234, 973
2188, 41, 759
2189, 349, 869
2190, 646, 846
2191, 374, 976
2192, 3, 862
2193, 694, 849
2194, 38, 734
2195, 219, 746
2196, 82, 527
2197, 106, 833
2198, 649, 830
2199, 793, 883
2200, 512, 709
2201, 538, 803
2202, 579, 588
2203, 294, 373
2204, 441, 910
2205, 420, 555
2206, 36, 688
2207, 525, 748
2208, 337, 824
2209, 690, 926
2210, 873, 874
2211, 668, 921
2212, 249, 878
2213, 367, 566
2214, 96, 368
2215, 196, 504
2216, 791, 871
2217, 710, 857
2218, 450, 453
2219, 647, 828
2220, 332, 695
2221, 185, 612
2222, 201, 733
2223, 230, 812
2224, 421, 946
2225, 79, 415
2226, 401, 553
2227, 254, 965
2228, 454, 537
2229, 121, 331
2230, 166, 371
2231, 508, 961
2232, 15, 636
2233, 215, 397
2234, 443, 854
2235, 701, 808
2236, 318, 993
2237, 751, 867
2238, 886, 991
2239, 94, 941
2240, 183, 338
2241, 83, 407
2242, 111, 521
2243, 47, 110
2244, 410, 428
2245, 131, 786
2246, 206, 334
2247, 11, 868
2248, 274, 763
2249, 576, 885
2250, 459, 609
2251, 32, 981
2252, 619, 717
2253, 124, 947
2254, 491, 663
2255, 150, 654
2256, 122, 834
2257, 60, 705
2258, 129, 797
2259, 872, 952
2260, 291, 616
2261, 489, 1000
2262, 517, 780
2263, 268, 474
2264, 69, 558
2265, 372, 451
2266, 265, 325
2267, 295, 790
2268, 12, 422
2269, 68, 706
2270, 204, 888
2271, 24, 245
2272, 286, 761
2273, 37, 715
2274, 696, 934
2275, 138, 155
2276, 250, 693
2277, 431, 853
2278, 634, 754
2279, 352, 577
2280, 377, 544
2281, 438, 469
2282, 232, 343
2283, 667, 809
2284, 787, 978
2285, 408, 429
2286, 225, 430
2287, 91, 486
2288, 13, 369
2289, 632, 758
2290, 186, 361
2291, 243, 436
2292, 638, 935
2293, 770, 789
2294, 143, 692
2295, 167, 481
2296, 112, 983
2297, 248, 311
2298, 462, 810
2299, 435, 691
2300, 191, 316
2301, 275, 536
2302, 125, 859
2303, 613, 788
2304, 516, 540
2305, 712, 995
2306, 65, 388
2307, 197, 324
2308, 16, 622
2309, 154, 989
2310, 366, 425
2311, 25, 229
2312, 116, 598
2313, 575, 850
2314, 628, 954
2315, 755, 795
2316, 490, 923
2317, 262, 627
2318, 52, 685
2319, 506, 980
2320, 19, 22
2321, 58, 769
2322, 251, 580
2323, 193, 539
2324, 298, 816
2325, 208, 904
2326, 617, 931
2327, 639, 699
2328, 794, 817
2329, 237, 320
2330, 684, 864
2331, 95, 424
2332, 2, 488
2333, 77, 719
2334, 447, 937
2335, 87, 304
2336, 279, 678
2337, 341, 650
2338, 148, 177
2339, 581, 979
2340, 240, 820
2341, 326, 713
2342, 80, 936
2343, 851, 863
2344, 593, 880
2345, 842, 906
2346, 620, 822
2347, 355, 463
2348, 14, 449
2349, 360, 743
2350, 26, 757
2351, 88, 607
2352, 400, 529
2353, 5, 157
2354, 686, 958
2355, 642, 997
2356, 390, 928
2357, 772, 971
2358, 70, 499
2359, 502, 940
2360, 522, 905
2361, 105, 876
2362, 23, 571
2363, 207, 840
2364, 64, 835
2365, 493, 918
2366, 312, 500
2367, 194, 800
2368, 866, 892
2369, 767, 882
2370, 42, 656
2371, 99, 760
2372, 55, 404
2373, 195, 801
2374, 141, 280
2375, 384, 409
2376, 51, 270
2377, 565, 660
2378, 655, 917
2379, 8, 855
2380, 306, 419
2381, 76, 552
2382, 175, 986
2383, 142, 651
2384, 796, 839
2385, 190, 370
2386, 305, 381
2387, 134, 897
2388, 108, 740
2389, 591, 735
2390, 518, 610
2391, 242, 641
2392, 321, 503
2393, 223, 818
2394, 471, 721
2395, 101, 964
2396, 765, 778
2397, 322, 766
2398, 189, 333
2399, 144, 665
2400, 359, 943
2401, 102, 672
2402, 272, 682
2403, 27, 629
2404, 289, 704
2405, 181, 226
2406, 30, 440
2407, 495, 550
2408, 114, 982
2409, 244, 945
2410, 919, 963
2411, 515, 741
2412, 128, 573
2413, 652, 805
2414, 220, 532
2415, 535, 832
2416, 210, 815
2417, 48, 136
2418, 39, 180
2419, 133, 379
2420, 708, 901
2421, 813, 893
2422, 126, 452
2423, 35, 302
2424, 227, 533
2425, 775, 807
2426, 269, 276
2427, 222, 455
2428, 423, 956
2429, 81, 364
2430, 92, 483
2431, 583, 747
2432, 145, 164
2433, 340, 554
2434, 260, 722
2435, 526, 811
2436, 603, 739
2437, 103, 172
2438, 339, 578
2439, 365, 477
2440, 259, 781
2441, 468, 889
2442, 97, 703
2443, 596, 825
2444, 31, 72
2445, 71, 545
2446, 309, 736
2447, 975, 987
2448, 17, 951
2449, 297, 847
2450, 86, 442
2451, 363, 994
2452, 914, 925
2453, 161, 299
2454, 9, 623
2455, 170, 531
2456, 218, 718
2457, 263, 563
2458, 742, 875
2459, 173, 426
2460, 59, 837
2461, 224, 908
2462, 595, 750
2463, 73, 278
2464, 392, 702
2465, 267, 434
2466, 329, 653
2467, 285, 630
2468, 123, 273
2469, 247, 487
2470, 485, 968
2471, 217, 432
2472, 406, 725
2473, 458, 626
2474, 98, 389
2475, 354, 444
2476, 480, 633
2477, 21, 700
2478, 113, 345
2479, 290, 768
2480, 283, 382
2481, 843, 984
2482, 119, 730
2483, 152, 567
2484, 472, 505
2485, 427, 631
2486, 282, 773
2487, 645, 756
2488, 137, 666
2489, 597, 856
2490, 74, 336
2491, 909, 939
2492, 212, 346
2493, 153, 496
2494, 66, 661
2495, 387, 953
2496, 396, 460
2497, 887, 899
2498, 287, 448
2499, 674, 785
2500, 523, 568
2501, 202, 758
2502, 158, 503
2503, 299, 956
2504, 627, 648
2505, 200, 344
2506, 78, 374
2507, 181, 640
2508, 172, 321
2509, 168, 747
2510, 17, 988
2511, 234, 456
2512, 588, 841
2513, 601, 885
2514, 717, 941
2515, 23, 286
2516, 292, 700
2517, 8, 328
2518, 617, 710
2519, 129, 736
2520, 70, 772
2521, 398, 521
2522, 556, 563
2523, 208, 602
2524, 180, 780
2525, 714, 994
2526, 193, 361
2527, 69, 405
2528, 3, 179
2529, 79, 642
2530, 138, 952
2531, 83, 140
2532, 310, 804
2533, 447, 585
2534, 163, 397
2535, 204, 300
2536, 165, 822
2537, 22, 998
2538, 332, 403
2539, 36, 534
2540, 847, 910
2541, 445, 637
2542, 505, 896
2543, 219, 347
2544, 475, 687
2545, 522, 651
2546, 538, 773
2547, 311, 408
2548, 514, 943
2549, 631, 888
2550, 669, 814
2551, 416, 500
2552, 401, 769
2553, 267, 388
2554, 251, 734
2555, 40, 289
2556, 55, 907
2557, 466, 583
2558, 304, 872
2559, 506, 561
2560, 399, 443
2561, 24, 755
2562, 63, 995
2563, 444, 582
2564, 19, 418
2565, 121, 599
2566, 313, 955
2567, 189, 953
2568, 646, 657
2569, 176, 247
2570, 127, 935
2571, 162, 187
2572, 533, 683
2573, 128, 354
2574, 153, 333
2575, 809, 873
2576, 322, 944
2577, 151, 608
2578, 357, 549
2579, 51, 336
2580, 183, 263
2581, 285, 909
2582, 446, 981
2583, 366, 703
2584, 96, 346
2585, 580, 996
2586, 625, 808
2587, 92, 745
2588, 820, 851
2589, 393, 530
2590, 235, 810
2591, 295, 309
2592, 98, 887
2593, 273, 386
2594, 499, 748
2595, 170, 229
2596, 501, 697
2597, 719, 905
2598, 137, 972
2599, 331, 422
2600, 319, 921
2601, 15, 85
2602, 562, 596
2603, 175, 644
2604, 87, 990
2605, 880, 978
2606, 297, 620
2607, 689, 900
2608, 50, 674
2609, 791, 846
2610, 91, 672
2611, 679, 823
2612, 42, 471
2613, 528, 931
2614, 603, 939
2615, 29, 483
2616, 250, 326
2617, 424, 579
2618, 452, 493
2619, 118, 417
2620, 459, 490
2621, 667, 676
2622, 104, 739
2623, 787, 835
2624, 638, 829
2625, 305, 803
2626, 480, 842
2627, 508, 932
2628, 291, 507
2629, 781, 982
2630, 241, 930
2631, 542, 876
2632, 157, 650
2633, 274, 363
2634, 694, 857
2635, 632, 819
2636, 478, 871
2637, 721, 726
2638, 34, 832
2639, 312, 927
2640, 429, 437
2641, 35, 875
2642, 308, 892
2643, 811, 936
2644, 850, 967
2645, 86, 725
2646, 218, 296
2647, 77, 105
2648, 413, 467
2649, 641, 937
2650, 272, 323
2651, 743, 839
2652, 420, 491
2653, 775, 987
2654, 523, 923
2655, 276, 329
2656, 186, 619
2657, 122, 198
2658, 351, 593
2659, 502, 597
2660, 756, 938
2661, 269, 993
2662, 245, 686
2663, 462, 653
2664, 102, 807
2665, 28, 103
2666, 160, 498
2667, 340, 684
2668, 587, 974
2669, 54, 606
2670, 39, 222
2671, 306, 897
2672, 59, 65
2673, 206, 738
2674, 612, 673
2675, 258, 624
2676, 30, 731
2677, 382, 543
2678, 358, 390
2679, 379, 649
2680, 38, 792
2681, 100, 560
2682, 166, 400
2683, 214, 470
2684, 881, 949
2685, 450, 477
2686, 402, 510
2687, 152, 237
2688, 548, 722
2689, 32, 594
2690, 724, 821
2691, 325, 389
2692, 355, 828
2693, 303, 706
2694, 135, 977
2695, 750, 1000
2696, 365, 806
2697, 307, 643
2698, 188, 302
2699, 451, 647
2700, 341, 610
2701, 124, 790
2702, 221, 680
2703, 754, 782
2704, 516, 878
2705, 889, 919
2706, 928, 976
2707, 730, 740
2708, 455, 598
2709, 148, 316
2710, 419, 840
2711, 463, 592
2712, 111, 595
2713, 629, 989
2714, 154, 664
2715, 45, 912
2716, 231, 369
2717, 125, 156
2718, 64, 281
2719, 130, 715
2720, 280, 433
2721, 223, 435
2722, 139, 460
2723, 167, 671
2724, 75, 695
2725, 216, 688
2726, 203, 473
2727, 486, 970
2728, 196, 691
2729, 6, 414
2730, 209, 253
2731, 711, 786
2732, 94, 217
2733, 47, 693
2734, 770, 796
2735, 268, 908
2736, 93, 436
2737, 58, 682
2738, 461, 630
2739, 364, 877
2740, 294, 589
2741, 82, 384
2742, 707, 837
2743, 67, 442
2744, 10, 945
2745, 550, 668
2746, 155, 984
2747, 113, 701
2748, 244, 415
2749, 146, 763
2750, 101, 194
2751, 109, 609
2752, 184, 259
2753, 465, 482
2754, 61, 929
2755, 539, 886
2756, 62, 353
2757, 504, 652
2758, 581, 926
2759, 46, 613
2760, 171, 570
2761, 802, 826
2762, 454, 497
2763, 43, 57
2764, 547, 776
2765, 867, 957
2766, 52, 855
2767, 544, 614
2768, 80, 318
2769, 131, 751
2770, 164, 704
2771, 578, 705
2772, 228, 947
2773, 215, 298
2774, 553, 584
2775, 352, 902
2776, 525, 882
2777, 487, 922
2778, 88, 205
2779, 150, 713
2780, 21, 278
2781, 2, 270
2782, 494, 825
2783, 345, 779
2784, 159, 529
2785, 831, 904
2786, 7, 239
2787, 226, 359
2788, 174, 428
2789, 395, 858
2790, 147, 343
2791, 282, 869
2792, 275, 427
2793, 283, 991
2794, 566, 626
2795, 144, 432
2796, 60, 884
2797, 874, 968
2798, 509, 999
2799, 387, 879
2800, 110, 785
2801, 600, 950
2802, 571, 777
2803, 472, 924
2804, 338, 917
2805, 242, 287
2806, 56, 916
2807, 25, 425
2808, 5, 212
2809, 197, 485
2810, 95, 752
2811, 576, 766
2812, 541, 799
2813, 702, 757
2814, 89, 696
2815, 367, 954
2816, 230, 661
2817, 145, 817
2818, 449, 474
2819, 554, 558
2820, 31, 249
2821, 741, 848
2822, 227, 834
2823, 252, 590
2824, 409, 729
2825, 84, 800
2826, 315, 536
2827, 33, 568
2828, 484, 531
2829, 279, 914
2830, 66, 190
2831, 18, 192
2832, 391, 396
2833, 636, 793
2834, 565, 863
2835, 26, 438
2836, 284, 698
2837, 371, 404
2838, 141, 573
2839, 1, 761
2840, 225, 535
2841, 133, 532
2842, 161, 860
2843, 246, 853
2844, 243, 656
2845, 248, 337
2846, 255, 788
2847, 662, 866
2848, 690, 818
2849, 256, 663
2850, 53, 712
2851, 489, 727
2852, 320, 849
2853, 441, 658
2854, 373, 555
2855, 961, 985
2856, 623, 768
2857, 134, 481
2858, 575, 852
2859, 142, 979
2860, 210, 925
2861, 495, 496
2862, 527, 678
2863, 448, 962
2864, 123, 893
2865, 784, 906
2866, 423, 670
2867, 182, 940
2868, 191, 232
2869, 406, 964
2870, 185, 845
2871, 20, 681
2872, 335, 421
2873, 760, 783
2874, 201, 260
2875, 81, 342
2876, 746, 827
2877, 524, 959
2878, 380, 813
2879, 378, 920
2880, 254, 865
2881, 854, 870
2882, 412, 894
2883, 178, 720
2884, 411, 789
2885, 11, 883
2886, 540, 960
2887, 16, 591
2888, 360, 392
2889, 615, 915
2890, 119, 762
2891, 99, 149
2892, 236, 899
2893, 488, 628
2894, 476, 966
2895, 677, 765
2896, 266, 816
2897, 14, 997
2898, 645, 764
2899, 362, 635
2900, 376, 479
2901, 812, 830
2902, 464, 716
2903, 261, 622
2904, 44, 410
2905, 327, 434
2906, 238, 666
2907, 431, 665
2908, 288, 334
2909, 348, 771
2910, 518, 718
2911, 567, 794
2912, 76, 838
2913, 257, 440
2914, 68, 862
2915, 439, 513
2916, 469, 569
2917, 801, 963
2918, 526, 655
2919, 699, 723
2920, 4, 660
2921, 339, 512
2922, 290, 861
2923, 277, 895
2924, 621, 737
2925, 265, 372
2926, 317, 685
2927, 324, 330
2928, 90, 654
2929, 271, 605
2930, 71, 759
2931, 112, 618
2932, 48, 891
2933, 458, 515
2934, 116, 692
2935, 815, 948
2936, 240, 356
2937, 13, 126
2938, 430, 551
2939, 577, 986
2940, 136, 951
2941, 213, 864
2942, 574, 733
2943, 453, 901
2944, 106, 293
2945, 604, 708
2946, 233, 559
2947, 918, 965
2948, 552, 934
2949, 49, 394
2950, 349, 971
2951, 732, 911
2952, 898, 958
2953, 115, 859
2954, 73, 744
2955, 659, 868
2956, 12, 557
2957, 611, 753
2958, 195, 224
2959, 41, 933
2960, 74, 742
2961, 211, 903
2962, 120, 749
2963, 169, 301
2964, 407, 992
2965, 262, 795
2966, 314, 634
2967, 377, 511
2968, 114, 639
2969, 132, 264
2970, 546, 616
2971, 375, 836
2972, 843, 913
2973, 9, 844
2974, 586, 675
2975, 220, 383
2976, 27, 517
2977, 492, 774
2978, 728, 980
2979, 767, 975
2980, 107, 797
2981, 468, 778
2982, 519, 890
2983, 709, 824
2984, 177, 199
2985, 173, 457
2986, 833, 856
2987, 520, 942
2988, 97, 368
2989, 117, 572
2990, 798, 983
2991, 37, 973
2992, 72, 108
2993, 426, 607
2994, 537, 545
2995, 350, 564
2996, 385, 735
2997, 207, 381
2998, 143, 370
2999, 805, 969
3000, 633, 946
3001, 415, 739
3002, 58, 179
3003, 176, 530
3004, 296, 719
3005, 230, 561
3006, 80, 526
3007, 389, 948
3008, 87, 580
3009, 591, 636
3010, 59, 839
3011, 86, 784
3012, 429, 531
3013, 858, 981
3014, 84, 321
3015, 171, 188
3016, 330, 663
3017, 272, 614
3018, 91, 838
3019, 312, 486
3020, 229, 586
3021, 464, 911
3022, 529, 572
3023, 241, 764
3024, 329, 688
3025, 789, 805
3026, 375, 863
3027, 82, 972
3028, 264, 782
3029, 560, 841
3030, 244, 827
3031, 706, 715
3032, 395, 983
3033, 300, 455
3034, 76, 385
3035, 148, 276
3036, 238, 370
3037, 38, 813
3038, 713, 770
3039, 192, 318
3040, 498, 991
3041, 225, 730
3042, 234, 670
3043, 243, 860
3044, 11, 503
3045, 592, 692
3046, 439, 536
3047, 191, 198
3048, 314, 646
3049, 661, 872
3050, 46, 607
3051, 419, 584
3052, 467, 644
3053, 381, 674
3054, 19, 48
3055, 924, 942
3056, 708, 961
3057, 404, 683
3058, 443, 780
3059, 714, 904
3060, 124, 476
3061, 104, 882
3062, 563, 974
3063, 18, 629
3064, 448, 641
3065, 749, 975
3066, 316, 386
3067, 447, 648
3068, 698, 712
3069, 319, 755
3070, 619, 655
3071, 597, 750
3072, 162, 943
3073, 103, 425
3074, 769, 875
3075, 279, 798
3076, 246, 414
3077, 367, 989
3078, 37, 132
3079, 810, 958
3080, 257, 919
3081, 156, 704
3082, 213, 452
3083, 174, 820
3084, 249, 277
3085, 472, 492
3086, 512, 903
3087, 71, 410
3088, 146, 627
3089, 29, 941
3090, 172, 836
3091, 444, 553
3092, 248, 881
3093, 518, 774
3094, 622, 746
3095, 615, 807
3096, 9, 788
3097, 350, 549
3098, 152, 952
3099, 324, 548
3100, 817, 977
3101, 96, 461
3102, 22, 110
3103, 722, 950
3104, 12, 913
3105, 186, 546
3106, 466, 990
3107, 153, 299
3108, 436, 927
3109, 540, 834
3110, 595, 781
3111, 523, 986
3112, 292, 879
3113, 650, 695
3114, 307, 408
3115, 412, 434
3116, 217, 724
3117, 818, 997
3118, 475, 775
3119, 378, 579
3120, 102, 489
3121, 325, 790
3122, 637, 738
3123, 185, 197
3124, 581, 624
3125, 8, 568
3126, 507, 728
3127, 109, 970
3128, 335, 545
3129, 495, 761
3130, 180, 935
3131, 273, 885
3132, 388, 686
3133, 263, 662
3134, 510, 623
3135, 517, 931
3136, 55, 364
3137, 628, 737
3138, 583, 815
3139, 346, 757
3140, 108, 393
3141, 138, 569
3142, 420, 916
3143, 681, 707
3144, 282, 846
3145, 63, 1000
3146, 5, 923
3147, 352, 992
3148, 585, 988
3149, 256, 521
3150, 159, 533
3151, 342, 753
3152, 616, 626
3153, 259, 621
3154, 760, 937
3155, 328, 922
3156, 216, 265
3157, 697, 999
3158, 154, 303
3159, 451, 984
3160, 199, 996
3161, 7, 151
3162, 356, 685
3163, 445, 869
3164, 487, 808
3165, 823, 910
3166, 274, 422
3167, 209, 270
3168, 544, 758
3169, 642, 891
3170, 250, 406
3171, 85, 742
3172, 2, 519
3173, 17, 348
3174, 361, 387
3175, 135, 301
3176, 65, 360
3177, 485, 876
3178, 298, 363
3179, 502, 795
3180, 45, 908
3181, 402, 763
3182, 150, 567
3183, 23, 457
3184, 200, 571
3185, 92, 349
3186, 123, 513
3187, 281, 656
3188, 120, 441
3189, 291, 317
3190, 235, 864
3191, 3, 570
3192, 638, 928
3193, 611, 840
3194, 95, 201
3195, 391, 832
3196, 308, 565
3197, 210, 940
3198, 116, 845
3199, 100, 338
3200, 509, 702
3201, 32, 69
3202, 50, 539
3203, 42, 169
3204, 345, 682
3205, 566, 594
3206, 195, 631
3207, 280, 310
3208, 480, 671
3209, 331, 799
3210, 468, 849
3211, 407, 690
3212, 67, 332
3213, 142, 654
3214, 125, 166
3215, 28, 269
3216, 284, 772
3217, 723, 976
3218, 411, 777
3219, 471, 744
3220, 327, 596
3221, 49, 131
3222, 380, 547
3223, 129, 383
3224, 267, 494
3225, 343, 353
3226, 41, 741
3227, 400, 474
3228, 122, 320
3229, 53, 797
3230, 285, 574
3231, 222, 382
3232, 183, 417
3233, 743, 856
3234, 20, 979
3235, 336, 355
3236, 119, 925
3237, 137, 651
3238, 115, 465
3239, 40, 732
3240, 10, 271
3241, 170, 237
3242, 855, 909
3243, 99, 508
3244, 140, 765
3245, 94, 473
3246, 78, 582
3247, 428, 558
3248, 139, 477
3249, 514, 652
3250, 157, 647
3251, 62, 576
3252, 418, 949
3253, 426, 804
3254, 449, 612
3255, 283, 390
3256, 573, 678
3257, 564, 907
3258, 478, 555
3259, 90, 936
3260, 211, 861
3261, 262, 886
3262, 535, 751
3263, 215, 873
3264, 501, 901
3265, 27, 499
3266, 163, 552
3267, 491, 851
3268, 147, 930
3269, 384, 718
3270, 260, 432
3271, 68, 835
3272, 236, 710
3273, 93, 633
3274, 534, 721
3275, 463, 920
3276, 516, 785
3277, 81, 675
3278, 34, 630
3279, 106, 323
3280, 75, 232
3281, 366, 745
3282, 779, 806
3283, 603, 727
3284, 365, 964
3285, 399, 871
3286, 288, 926
3287, 113, 632
3288, 165, 538
3289, 43, 829
3290, 158, 734
3291, 161, 693
3292, 105, 700
3293, 725, 850
3294, 233, 853
3295, 598, 824
3296, 589, 657
3297, 97, 880
3298, 204, 610
3299, 376, 709
3300, 193, 268
3301, 315, 812
3302, 207, 899
3303, 752, 857
3304, 672, 915
3305, 261, 917
3306, 30, 371
3307, 398, 587
3308, 504, 993
3309, 403, 677
3310, 13, 711
3311, 1, 896
3312, 118, 255
3313, 767, 811
3314, 25, 326
3315, 430, 524
3316, 302, 747
3317, 107, 577
3318, 112, 344
3319, 79, 966
3320, 397, 601
3321, 906, 994
3322, 894, 957
3323, 275, 870
3324, 488, 803
3325, 405, 667
3326, 83, 878
3327, 253, 826
3328, 374, 578
3329, 658, 969
3330, 88, 562
3331, 543, 720
3332, 33, 729
3333, 44, 515
3334, 206, 645
3335, 31, 497
3336, 136, 635
3337, 220, 717
3338, 202, 290
3339, 825, 947
3340, 837, 918
3341, 884, 995
3342, 479, 842
3343, 791, 987
3344, 242, 668
3345, 54, 600
3346, 266, 766
3347, 392, 575
3348, 56, 368
3349, 897, 968
3350, 4, 424
3351, 369, 821
3352, 297, 898
3353, 528, 643
3354, 133, 852
3355, 155, 339
3356, 278, 413
3357, 21, 735
3358, 334, 890
3359, 177, 438
3360, 680, 828
3361, 500, 505
3362, 73, 462
3363, 537, 867
3364, 36, 239
3365, 160, 660
3366, 98, 843
3367, 416, 453
3368, 74, 978
3369, 359, 640
3370, 126, 951
3371, 377, 754
3372, 61, 696
3373, 483, 787
3374, 484, 954
3375, 354, 459
3376, 778, 887
3377, 72, 433
3378, 252, 862
3379, 208, 740
3380, 66, 617
3381, 117, 460
3382, 435, 716
3383, 47, 962
3384, 168, 980
3385, 289, 294
3386, 144, 705
3387, 6, 357
3388, 311, 469
3389, 128, 982
3390, 541, 912
3391, 258, 786
3392, 313, 605
3393, 822, 848
3394, 431, 608
3395, 866, 888
3396, 203, 609
3397, 89, 689
3398, 341, 819
3399, 892, 929
3400, 14, 588
3401, 358, 437
3402, 254, 814
3403, 442, 973
3404, 24, 796
3405, 194, 493
3406, 167, 666
3407, 347, 691
3408, 490, 759
3409, 440, 679
3410, 800, 905
3411, 394, 664
3412, 593, 971
3413, 379, 522
3414, 205, 245
3415, 421, 532
3416, 295, 933
3417, 181, 953
3418, 446, 506
3419, 240, 525
3420, 15, 306
3421, 145, 454
3422, 247, 914
3423, 783, 963
3424, 602, 895
3425, 190, 223
3426, 554, 590
3427, 101, 221
3428, 599, 620
3429, 458, 833
3430, 189, 606
3431, 164, 372
3432, 178, 859
3433, 111, 427
3434, 141, 511
3435, 130, 731
3436, 556, 985
3437, 854, 967
3438, 149, 351
3439, 701, 762
3440, 470, 604
3441, 333, 802
3442, 550, 768
3443, 286, 965
3444, 52, 77
3445, 830, 874
3446, 214, 340
3447, 756, 883
3448, 373, 542
3449, 212, 304
3450, 121, 559
3451, 293, 687
3452, 173, 998
3453, 114, 557
3454, 520, 694
3455, 224, 809
3456, 287, 456
3457, 231, 649
3458, 450, 639
3459, 831, 868
3460, 496, 955
3461, 733, 902
3462, 182, 362
3463, 143, 551
3464, 35, 726
3465, 16, 960
3466, 226, 659
3467, 305, 946
3468, 847, 900
3469, 184, 481
3470, 337, 816
3471, 893, 959
3472, 669, 736
3473, 703, 865
3474, 251, 482
3475, 134, 401
3476, 673, 944
3477, 196, 771
3478, 844, 945
3479, 127, 801
3480, 792, 877
3481, 309, 634
3482, 322, 684
3483, 409, 934
3484, 60, 625
3485, 228, 396
3486, 613, 932
3487, 51, 227
3488, 218, 653
3489, 64, 423
3490, 57, 618
3491, 527, 939
3492, 219, 776
3493, 665, 748
3494, 773, 956
3495, 676, 889
3496, 70, 175
3497, 26, 794
3498, 39, 699
3499, 921, 938
3500, 187, 793
3501, 754, 864
3502, 638, 911
3503, 17, 493
3504, 620, 939
3505, 589, 734
3506, 177, 479
3507, 69, 656
3508, 472, 684
3509, 61, 286
3510, 91, 742
3511, 596, 624
3512, 22, 752
3513, 135, 652
3514, 182, 753
3515, 565, 804
3516, 54, 59
3517, 97, 117
3518, 56, 464
3519, 614, 902
3520, 851, 960
3521, 767, 823
3522, 679, 703
3523, 524, 929
3524, 83, 792
3525, 877, 987
3526, 231, 272
3527, 213, 449
3528, 810, 909
3529, 921, 941
3530, 304, 906
3531, 945, 979
3532, 473, 956
3533, 196, 731
3534, 369, 963
3535, 968, 995
3536, 51, 814
3537, 872, 875
3538, 23, 744
3539, 329, 364
3540, 631, 967
3541, 400, 415
3542, 350, 832
3543, 713, 858
3544, 932, 998
3545, 314, 691
3546, 544, 545
3547, 146, 412
3548, 708, 725
3549, 341, 552
3550, 414, 612
3551, 562, 903
3552, 383, 390
3553, 860, 947
3554, 571, 671
3555, 454, 665
3556, 664, 833
3557, 77, 339
3558, 114, 278
3559, 471, 581
3560, 68, 806
3561, 499, 830
3562, 129, 195
3563, 511, 601
3564, 502, 835
3565, 747, 892
3566, 99, 695
3567, 461, 791
3568, 431, 741
3569, 289, 850
3570, 394, 795
3571, 636, 659
3572, 72, 425
3573, 148, 599
3574, 64, 570
3575, 287, 870
3576, 336, 730
3577, 226, 602
3578, 536, 772
3579, 309, 510
3580, 762, 880
3581, 362, 639
3582, 251, 683
3583, 104, 885
3584, 522, 828
3585, 229, 523
3586, 32, 930
3587, 719, 845
3588, 186, 334
3589, 107, 299
3590, 205, 207
3591, 335, 346
3592, 147, 438
3593, 302, 319
3594, 57, 490
3595, 724, 726
3596, 9, 949
3597, 541, 688
3598, 484, 491
3599, 374, 610
3600, 498, 879
3601, 208, 549
3602, 292, 529
3603, 160, 675
3604, 641, 761
3605, 655, 950
3606, 526, 919
3607, 694, 743
3608, 145, 986
3609, 139, 805
3610, 615, 841
3611, 360, 512
3612, 306, 643
3613, 67, 535
3614, 321, 403
3615, 214, 785
3616, 794, 834
3617, 85, 859
3618, 49, 448
3619, 279, 924
3620, 36, 555
3621, 475, 546
3622, 125, 746
3623, 373, 923
3624, 154, 419
3625, 47, 573
3626, 351, 466
3627, 164, 901
3628, 503, 640
3629, 463, 757
3630, 720, 827
3631, 266, 591
3632, 876, 974
3633, 26, 218
3634, 682, 959
3635, 590, 647
3636, 440, 812
3637, 698, 894
3638, 116, 211
3639, 110, 194
3640, 284, 990
3641, 153, 531
3642, 79, 617
3643, 579, 625
3644, 39, 245
3645, 33, 508
3646, 202, 384
3647, 606, 687
3648, 8, 586
3649, 76, 969
3650, 141, 594
3651, 126, 657
3652, 509, 817
3653, 14, 824
3654, 156, 216
3655, 31, 122
3656, 774, 836
3657, 718, 802
3658, 391, 489
3659, 389, 954
3660, 561, 951
3661, 886, 948
3662, 24, 915
3663, 30, 783
3664, 295, 714
3665, 142, 435
3666, 878, 972
3667, 776, 912
3668, 189, 913
3669, 254, 528
3670, 965, 978
3671, 520, 865
3672, 151, 678
3673, 914, 989
3674, 152, 994
3675, 10, 16
3676, 34, 155
3677, 108, 401
3678, 150, 983
3679, 661, 891
3680, 476, 849
3681, 367, 690
3682, 7, 318
3683, 442, 884
3684, 60, 738
3685, 788, 798
3686, 134, 882
3687, 105, 315
3688, 600, 706
3689, 173, 653
3690, 258, 904
3691, 133, 236
3692, 758, 927
3693, 200, 345
3694, 165, 926
3695, 308, 857
3696, 175, 280
3697, 288, 574
3698, 533, 669
3699, 1, 964
3700, 430, 721
3701, 854, 952
3702, 58, 775
3703, 115, 482
3704, 247, 323
3705, 238, 353
3706, 465, 534
3707, 611, 809
3708, 405, 973
3709, 907, 962
3710, 514, 560
3711, 227, 793
3712, 143, 241
3713, 19, 580
3714, 204, 895
3715, 326, 637
3716, 248, 468
3717, 358, 628
3718, 487, 699
3719, 98, 446
3720, 2, 796
3721, 481, 818
3722, 113, 768
3723, 167, 715
3724, 310, 831
3725, 572, 803
3726, 228, 727
3727, 88, 937
3728, 257, 569
3729, 366, 729
3730, 71, 575
3731, 103, 428
3732, 112, 985
3733, 171, 704
3734, 333, 667
3735, 191, 813
3736, 78, 225
3737, 583, 766
3738, 87, 662
3739, 294, 500
3740, 303, 537
3741, 548, 874
3742, 521, 740
3743, 737, 922
3744, 203, 852
3745, 605, 696
3746, 75, 123
3747, 455, 760
3748, 325, 382
3749, 348, 434
3750, 28, 243
3751, 198, 355
3752, 222, 658
3753, 517, 567
3754, 269, 799
3755, 111, 585
3756, 176, 451
3757, 732, 961
3758, 444, 689
3759, 127, 873
3760, 35, 337
3761, 37, 161
3762, 773, 797
3763, 239, 660
3764, 648, 670
3765, 607, 957
3766, 654, 816
3767, 377, 551
3768, 11, 505
3769, 404, 847
3770, 702, 928
3771, 29, 881
3772, 119, 263
3773, 408, 936
3774, 249, 958
3775, 635, 966
3776, 619, 992
3777, 285, 997
3778, 40, 855
3779, 44, 259
3780, 183, 347
3781, 822, 953
3782, 764, 825
3783, 307, 530
3784, 201, 862
3785, 359, 558
3786, 190, 219
3787, 62, 815
3788, 899, 984
3789, 317, 819
3790, 486, 547
3791, 178, 232
3792, 168, 650
3793, 920, 970
3794, 48, 170
3795, 436, 456
3796, 407, 916
3797, 331, 681
3798, 474, 618
3799, 370, 470
3800, 282, 376
3801, 237, 800
3802, 623, 627
3803, 513, 748
3804, 745, 908
3805, 344, 861
3806, 27, 426
3807, 621, 931
3808, 349, 674
3809, 121, 322
3810, 15, 934
3811, 275, 365
3812, 118, 398
3813, 379, 603
3814, 262, 755
3815, 185, 328
3816, 18, 256
3817, 542, 750
3818, 96, 680
3819, 45, 550
3820, 25, 566
3821, 163, 538
3822, 12, 149
3823, 157, 210
3824, 124, 267
3825, 162, 281
3826, 138, 999
3827, 320, 712
3828, 188, 300
3829, 424, 588
3830, 445, 507
3831, 402, 848
3832, 443, 856
3833, 55, 193
3834, 380, 933
3835, 221, 261
3836, 672, 728
3837, 52, 234
3838, 375, 649
3839, 3, 397
3840, 271, 756
3841, 844, 866
3842, 540, 633
3843, 80, 700
3844, 252, 485
3845, 527, 821
3846, 21, 843
3847, 429, 459
3848, 42, 354
3849, 313, 437
3850, 778, 790
3851, 609, 735
3852, 392, 697
3853, 316, 677
3854, 215, 701
3855, 423, 784
3856, 184, 483
3857, 230, 260
3858, 686, 763
3859, 666, 975
3860, 723, 996
3861, 89, 553
3862, 38, 179
3863, 771, 898
3864, 180, 217
3865, 172, 577
3866, 74, 900
3867, 416, 808
3868, 242, 595
3869, 477, 910
3870, 421, 452
3871, 395, 556
3872, 240, 946
3873, 101, 467
3874, 386, 439
3875, 192, 685
3876, 144, 955
3877, 93, 837
3878, 206, 385
3879, 197, 343
3880, 102, 976
3881, 433, 568
3882, 496, 559
3883, 722, 801
3884, 283, 634
3885, 290, 789
3886, 525, 642
3887, 447, 820
3888, 235, 506
3889, 716, 853
3890, 169, 418
3891, 399, 779
3892, 86, 469
3893, 291, 980
3894, 777, 811
3895, 212, 396
3896, 224, 357
3897, 187, 253
3898, 515, 519
3899, 432, 497
3900, 693, 840
3901, 70, 277
3902, 100, 293
3903, 626, 868
3904, 616, 917
3905, 120, 887
3906, 301, 869
3907, 352, 871
3908, 244, 270
3909, 90, 867
3910, 274, 780
3911, 593, 733
3912, 413, 582
3913, 63, 330
3914, 250, 711
3915, 427, 890
3916, 417, 668
3917, 81, 896
3918, 209, 644
3919, 246, 781
3920, 622, 988
3921, 311, 592
3922, 130, 140
3923, 4, 233
3924, 264, 372
3925, 361, 388
3926, 557, 846
3927, 826, 889
3928, 925, 1000
3929, 368, 630
3930, 95, 604
3931, 276, 710
3932, 220, 584
3933, 305, 629
3934, 363, 736
3935, 420, 632
3936, 676, 940
3937, 356, 905
3938, 340, 977
3939, 84, 441
3940, 132, 199
3941, 174, 494
3942, 406, 501
3943, 43, 770
3944, 312, 462
3945, 645, 673
3946, 759, 838
3947, 563, 981
3948, 46, 539
3949, 532, 613
3950, 918, 942
3951, 786, 893
3952, 109, 938
3953, 663, 944
3954, 223, 782
3955, 971, 982
3956, 371, 409
3957, 492, 598
3958, 181, 332
3959, 41, 888
3960, 136, 478
3961, 298, 807
3962, 53, 128
3963, 458, 518
3964, 159, 608
3965, 65, 842
3966, 457, 829
3967, 92, 268
3968, 453, 787
3969, 20, 66
3970, 255, 943
3971, 411, 543
3972, 460, 765
3973, 158, 516
3974, 13, 504
3975, 131, 480
3976, 296, 839
3977, 410, 991
3978, 338, 709
3979, 273, 597
3980, 6, 265
3981, 137, 488
3982, 5, 342
3983, 422, 769
3984, 378, 717
3985, 393, 883
3986, 50, 749
3987, 106, 495
3988, 554, 751
3989, 576, 692
3990, 82, 94
3991, 297, 646
3992, 705, 739
3993, 324, 450
3994, 73, 897
3995, 578, 707
3996, 166, 935
3997, 327, 564
3998, 587, 993
3999, 381, 651
4000, 387, 863
