id, img1, img2
1, 143, 993
2, 194, 411
3, 196, 594
4, 433, 811
5, 353, 373
6, 22, 362
7, 70, 500
8, 830, 859
9, 71, 650
10, 635, 955
11, 638, 820
12, 640, 853
13, 573, 709
14, 219, 740
15, 405, 806
16, 69, 727
17, 385, 438
18, 590, 708
19, 245, 620
20, 408, 915
21, 699, 968
22, 390, 630
23, 173, 977
24, 352, 543
25, 672, 816
26, 636, 999
27, 409, 990
28, 885, 891
29, 161, 468
30, 28, 615
31, 475, 521
32, 488, 711
33, 98, 103
34, 419, 472
35, 648, 668
36, 73, 845
37, 228, 549
38, 609, 801
39, 386, 804
40, 159, 871
41, 377, 951
42, 464, 809
43, 332, 499
44, 186, 504
45, 3, 165
46, 15, 654
47, 155, 211
48, 429, 613
49, 760, 898
50, 210, 322
51, 666, 710
52, 284, 354
53, 443, 716
54, 80, 823
55, 412, 686
56, 42, 270
57, 437, 545
58, 84, 649
59, 622, 653
60, 41, 458
61, 685, 759
62, 661, 705
63, 465, 956
64, 77, 957
65, 355, 645
66, 106, 181
67, 606, 882
68, 226, 676
69, 435, 799
70, 124, 536
71, 584, 814
72, 65, 979
73, 251, 841
74, 44, 561
75, 175, 756
76, 919, 965
77, 331, 858
78, 881, 916
79, 234, 786
80, 634, 810
81, 624, 734
82, 113, 995
83, 600, 817
84, 35, 762
85, 384, 876
86, 556, 782
87, 48, 293
88, 160, 212
89, 641, 896
90, 675, 855
91, 199, 879
92, 182, 946
93, 326, 930
94, 2, 517
95, 401, 467
96, 31, 174
97, 227, 928
98, 127, 628
99, 682, 901
100, 396, 541
101, 344, 976
102, 253, 742
103, 93, 524
104, 58, 133
105, 775, 941
106, 224, 341
107, 51, 949
108, 81, 934
109, 86, 563
110, 32, 382
111, 296, 567
112, 534, 978
113, 16, 440
114, 40, 169
115, 287, 626
116, 420, 585
117, 738, 890
118, 610, 971
119, 346, 621
120, 394, 755
121, 690, 802
122, 235, 381
123, 254, 920
124, 139, 400
125, 286, 679
126, 723, 917
127, 406, 764
128, 697, 737
129, 256, 310
130, 552, 807
131, 805, 997
132, 383, 448
133, 189, 912
134, 144, 972
135, 348, 595
136, 13, 426
137, 566, 701
138, 95, 984
139, 190, 314
140, 94, 602
141, 389, 954
142, 616, 623
143, 834, 850
144, 299, 473
145, 30, 364
146, 423, 767
147, 231, 612
148, 276, 277
149, 137, 535
150, 572, 847
151, 452, 854
152, 659, 713
153, 20, 323
154, 766, 961
155, 750, 843
156, 278, 651
157, 508, 778
158, 416, 607
159, 9, 797
160, 10, 123
161, 718, 903
162, 125, 172
163, 97, 422
164, 625, 824
165, 363, 837
166, 304, 617
167, 63, 826
168, 501, 877
169, 33, 985
170, 55, 964
171, 241, 481
172, 502, 967
173, 579, 873
174, 393, 663
175, 319, 340
176, 391, 593
177, 147, 570
178, 37, 184
179, 8, 193
180, 111, 846
181, 148, 446
182, 529, 763
183, 102, 457
184, 183, 851
185, 410, 568
186, 539, 589
187, 580, 931
188, 361, 693
189, 215, 303
190, 236, 627
191, 471, 904
192, 26, 905
193, 827, 875
194, 703, 842
195, 12, 503
196, 633, 726
197, 565, 611
198, 239, 729
199, 43, 466
200, 62, 260
201, 229, 485
202, 547, 681
203, 753, 878
204, 64, 463
205, 366, 960
206, 257, 658
207, 82, 947
208, 328, 678
209, 216, 591
210, 230, 739
211, 598, 719
212, 223, 948
213, 720, 722
214, 987, 988
215, 540, 787
216, 511, 986
217, 204, 796
218, 108, 926
219, 138, 779
220, 724, 741
221, 290, 522
222, 152, 889
223, 60, 185
224, 575, 924
225, 179, 285
226, 576, 603
227, 14, 644
228, 358, 794
229, 587, 695
230, 548, 825
231, 150, 415
232, 237, 262
233, 751, 966
234, 512, 861
235, 273, 983
236, 232, 243
237, 233, 455
238, 424, 514
239, 829, 897
240, 259, 662
241, 5, 839
242, 451, 730
243, 104, 836
244, 195, 250
245, 249, 442
246, 208, 943
247, 242, 274
248, 564, 770
249, 399, 581
250, 459, 551
251, 349, 717
252, 153, 838
253, 302, 868
254, 367, 431
255, 492, 518
256, 282, 497
257, 134, 599
258, 74, 201
259, 218, 530
260, 122, 325
261, 483, 887
262, 289, 434
263, 660, 758
264, 674, 929
265, 736, 982
266, 715, 945
267, 562, 911
268, 91, 933
269, 527, 963
270, 525, 867
271, 261, 294
272, 392, 743
273, 90, 489
274, 656, 923
275, 131, 479
276, 67, 209
277, 130, 360
278, 105, 728
279, 142, 407
280, 85, 619
281, 557, 973
282, 430, 671
283, 427, 777
284, 646, 652
285, 351, 614
286, 168, 555
287, 59, 667
288, 812, 895
289, 167, 461
290, 432, 892
291, 295, 387
292, 757, 996
293, 306, 493
294, 776, 909
295, 187, 669
296, 145, 569
297, 397, 714
298, 832, 998
299, 507, 880
300, 107, 149
301, 374, 588
302, 89, 246
303, 157, 308
304, 733, 927
305, 359, 454
306, 99, 220
307, 83, 798
308, 266, 338
309, 112, 318
310, 6, 119
311, 316, 673
312, 87, 940
313, 46, 574
314, 205, 583
315, 542, 828
316, 92, 694
317, 347, 372
318, 470, 899
319, 281, 852
320, 162, 200
321, 523, 597
322, 604, 902
323, 586, 914
324, 298, 936
325, 333, 684
326, 114, 704
327, 177, 311
328, 368, 379
329, 244, 330
330, 288, 860
331, 601, 821
332, 761, 925
333, 320, 510
334, 700, 910
335, 721, 908
336, 129, 849
337, 17, 370
338, 265, 486
339, 339, 528
340, 191, 484
341, 23, 870
342, 166, 469
343, 126, 300
344, 267, 487
345, 560, 772
346, 214, 240
347, 75, 735
348, 280, 380
349, 321, 480
350, 136, 305
351, 608, 780
352, 447, 962
353, 558, 774
354, 334, 395
355, 25, 520
356, 38, 631
357, 324, 670
358, 76, 857
359, 49, 747
360, 225, 357
361, 188, 784
362, 403, 605
363, 439, 462
364, 7, 773
365, 559, 596
366, 329, 840
367, 688, 974
368, 313, 337
369, 1, 217
370, 68, 238
371, 342, 531
372, 109, 577
373, 315, 981
374, 691, 864
375, 301, 495
376, 476, 546
377, 61, 268
378, 765, 921
379, 655, 696
380, 100, 519
381, 538, 815
382, 444, 975
383, 350, 813
384, 34, 922
385, 450, 788
386, 247, 263
387, 39, 907
388, 146, 692
389, 19, 151
390, 365, 537
391, 533, 818
392, 110, 402
393, 445, 460
394, 441, 856
395, 748, 865
396, 180, 369
397, 36, 252
398, 578, 969
399, 275, 866
400, 677, 994
401, 52, 192
402, 271, 491
403, 116, 706
404, 421, 906
405, 582, 950
406, 571, 785
407, 687, 745
408, 198, 869
409, 803, 1000
410, 698, 848
411, 702, 783
412, 140, 550
413, 154, 516
414, 769, 991
415, 665, 822
416, 279, 317
417, 477, 509
418, 269, 532
419, 221, 886
420, 283, 752
421, 115, 453
422, 506, 754
423, 132, 436
424, 135, 482
425, 376, 893
426, 790, 939
427, 27, 800
428, 425, 496
429, 56, 272
430, 327, 863
431, 643, 883
432, 264, 831
433, 66, 894
434, 291, 808
435, 101, 749
436, 158, 833
437, 178, 637
438, 53, 791
439, 554, 937
440, 78, 515
441, 11, 258
442, 309, 474
443, 418, 989
444, 872, 970
445, 632, 795
446, 176, 544
447, 171, 992
448, 789, 835
449, 117, 953
450, 88, 657
451, 222, 375
452, 170, 553
453, 356, 498
454, 29, 771
455, 197, 494
456, 248, 781
457, 413, 732
458, 388, 428
459, 121, 335
460, 50, 118
461, 202, 944
462, 203, 746
463, 768, 913
464, 120, 935
465, 141, 255
466, 292, 378
467, 642, 707
468, 24, 689
469, 206, 307
470, 45, 629
471, 664, 918
472, 725, 884
473, 345, 417
474, 297, 793
475, 404, 639
476, 731, 900
477, 490, 819
478, 47, 164
479, 647, 862
480, 336, 414
481, 343, 505
482, 938, 958
483, 207, 213
484, 79, 128
485, 683, 874
486, 96, 478
487, 4, 952
488, 21, 792
489, 156, 312
490, 57, 371
491, 844, 932
492, 163, 618
493, 513, 980
494, 54, 398
495, 449, 888
496, 526, 942
497, 592, 959
498, 680, 744
499, 18, 712
500, 72, 456
501, 495, 892
502, 300, 452
503, 951, 991
504, 334, 668
505, 821, 894
506, 859, 969
507, 436, 666
508, 292, 669
509, 141, 764
510, 261, 409
511, 76, 541
512, 398, 973
513, 628, 871
514, 232, 710
515, 448, 677
516, 457, 490
517, 571, 970
518, 113, 463
519, 557, 972
520, 144, 744
521, 481, 679
522, 403, 921
523, 267, 610
524, 163, 392
525, 646, 994
526, 115, 953
527, 180, 949
528, 47, 955
529, 301, 367
530, 786, 845
531, 114, 385
532, 242, 684
533, 10, 125
534, 233, 698
535, 289, 426
536, 589, 784
537, 825, 961
538, 194, 982
539, 86, 851
540, 20, 664
541, 484, 657
542, 203, 940
543, 106, 1000
544, 7, 430
545, 152, 914
546, 244, 413
547, 843, 944
548, 629, 993
549, 489, 802
550, 594, 731
551, 136, 518
552, 712, 865
553, 549, 738
554, 40, 803
555, 269, 881
556, 535, 600
557, 50, 342
558, 565, 719
559, 299, 637
560, 338, 349
561, 538, 788
562, 750, 776
563, 441, 959
564, 35, 806
565, 220, 332
566, 355, 888
567, 688, 813
568, 67, 742
569, 761, 816
570, 482, 938
571, 466, 514
572, 498, 623
573, 638, 774
574, 158, 221
575, 373, 996
576, 195, 659
577, 572, 760
578, 211, 405
579, 464, 844
580, 59, 287
581, 375, 645
582, 675, 814
583, 306, 321
584, 185, 984
585, 4, 640
586, 256, 376
587, 202, 598
588, 49, 499
589, 138, 636
590, 100, 546
591, 694, 868
592, 69, 998
593, 418, 930
594, 237, 353
595, 551, 850
596, 423, 965
597, 164, 653
598, 461, 943
599, 135, 431
600, 634, 794
601, 61, 706
602, 162, 562
603, 604, 644
604, 186, 756
605, 226, 384
606, 446, 512
607, 763, 810
608, 380, 833
609, 341, 615
610, 123, 519
611, 6, 682
612, 9, 513
613, 460, 515
614, 142, 303
615, 432, 670
616, 945, 997
617, 501, 952
618, 11, 526
619, 312, 848
620, 339, 819
621, 156, 781
622, 369, 906
623, 188, 271
624, 175, 947
625, 131, 909
626, 455, 630
627, 119, 826
628, 72, 508
629, 243, 620
630, 333, 487
631, 424, 995
632, 545, 726
633, 660, 815
634, 652, 939
635, 34, 127
636, 771, 916
637, 863, 908
638, 78, 458
639, 631, 651
640, 199, 697
641, 37, 337
642, 133, 554
643, 390, 842
644, 451, 607
645, 399, 603
646, 408, 534
647, 523, 782
648, 183, 905
649, 709, 740
650, 104, 617
651, 290, 654
652, 596, 910
653, 647, 737
654, 735, 977
655, 54, 73
656, 273, 650
657, 558, 768
658, 365, 728
659, 391, 804
660, 323, 919
661, 671, 811
662, 93, 746
663, 276, 437
664, 745, 831
665, 44, 81
666, 284, 416
667, 608, 830
668, 566, 948
669, 597, 605
670, 493, 540
671, 275, 717
672, 157, 795
673, 402, 696
674, 834, 858
675, 128, 625
676, 252, 890
677, 98, 800
678, 24, 552
679, 21, 382
680, 168, 578
681, 139, 976
682, 39, 765
683, 41, 882
684, 265, 723
685, 245, 401
686, 420, 864
687, 230, 875
688, 91, 262
689, 198, 655
690, 469, 714
691, 483, 829
692, 53, 406
693, 27, 374
694, 217, 792
695, 475, 681
696, 753, 770
697, 443, 633
698, 225, 361
699, 648, 932
700, 84, 699
701, 132, 936
702, 619, 896
703, 532, 734
704, 381, 917
705, 854, 950
706, 74, 453
707, 214, 395
708, 153, 197
709, 166, 693
710, 503, 588
711, 13, 824
712, 343, 741
713, 298, 778
714, 17, 213
715, 505, 928
716, 212, 488
717, 465, 946
718, 724, 958
719, 88, 520
720, 676, 847
721, 174, 960
722, 766, 891
723, 210, 809
724, 85, 672
725, 576, 796
726, 80, 363
727, 108, 720
728, 348, 609
729, 470, 780
730, 979, 988
731, 925, 968
732, 99, 665
733, 28, 121
734, 48, 359
735, 393, 820
736, 15, 51
737, 478, 907
738, 704, 832
739, 331, 394
740, 358, 980
741, 58, 575
742, 471, 718
743, 228, 805
744, 247, 511
745, 110, 400
746, 687, 739
747, 204, 614
748, 45, 286
749, 207, 296
750, 250, 550
751, 282, 388
752, 169, 304
753, 219, 689
754, 151, 297
755, 208, 295
756, 846, 857
757, 46, 527
758, 192, 529
759, 145, 279
760, 454, 468
761, 886, 901
762, 83, 102
763, 459, 775
764, 583, 861
765, 109, 626
766, 82, 548
767, 354, 601
768, 116, 389
769, 263, 264
770, 797, 941
771, 18, 922
772, 1, 63
773, 569, 870
774, 308, 357
775, 307, 345
776, 383, 504
777, 477, 500
778, 422, 721
779, 272, 783
780, 62, 769
781, 172, 592
782, 438, 553
783, 149, 611
784, 5, 536
785, 205, 322
786, 586, 927
787, 222, 667
788, 733, 777
789, 270, 835
790, 189, 386
791, 356, 510
792, 200, 624
793, 124, 606
794, 246, 425
795, 112, 346
796, 396, 772
797, 215, 855
798, 509, 818
799, 33, 231
800, 218, 793
801, 555, 748
802, 366, 547
803, 789, 942
804, 568, 707
805, 427, 567
806, 129, 310
807, 89, 691
808, 57, 97
809, 171, 807
810, 22, 752
811, 288, 649
812, 274, 293
813, 148, 485
814, 209, 622
815, 60, 70
816, 705, 895
817, 254, 729
818, 235, 278
819, 407, 747
820, 327, 635
821, 370, 442
822, 240, 368
823, 23, 150
824, 372, 743
825, 502, 621
826, 411, 754
827, 32, 351
828, 613, 987
829, 494, 695
830, 8, 324
831, 42, 590
832, 428, 900
833, 450, 533
834, 352, 570
835, 371, 898
836, 328, 680
837, 55, 456
838, 122, 415
839, 711, 799
840, 329, 364
841, 587, 878
842, 165, 885
843, 496, 758
844, 801, 876
845, 507, 639
846, 492, 725
847, 522, 643
848, 143, 160
849, 314, 990
850, 268, 920
851, 661, 790
852, 31, 574
853, 429, 812
854, 414, 433
855, 283, 931
856, 12, 929
857, 190, 683
858, 251, 963
859, 87, 294
860, 544, 862
861, 191, 897
862, 229, 612
863, 335, 934
864, 362, 866
865, 107, 584
866, 43, 159
867, 722, 983
868, 701, 889
869, 196, 397
870, 525, 837
871, 474, 926
872, 560, 911
873, 260, 686
874, 305, 730
875, 313, 599
876, 440, 839
877, 556, 893
878, 249, 817
879, 543, 632
880, 378, 447
881, 184, 259
882, 146, 787
883, 435, 852
884, 181, 377
885, 224, 585
886, 19, 759
887, 66, 732
888, 379, 879
889, 94, 311
890, 539, 767
891, 467, 954
892, 52, 248
893, 779, 798
894, 25, 971
895, 187, 419
896, 316, 602
897, 421, 531
898, 3, 291
899, 964, 967
900, 253, 326
901, 887, 904
902, 154, 537
903, 703, 992
904, 101, 981
905, 330, 591
906, 130, 486
907, 880, 999
908, 71, 79
909, 16, 216
910, 2, 974
911, 266, 439
912, 336, 663
913, 206, 808
914, 64, 674
915, 167, 176
916, 77, 785
917, 564, 989
918, 497, 736
919, 241, 923
920, 30, 978
921, 581, 957
922, 480, 616
923, 120, 318
924, 658, 883
925, 387, 641
926, 177, 757
927, 36, 96
928, 325, 690
929, 137, 559
930, 573, 716
931, 410, 582
932, 444, 956
933, 317, 530
934, 236, 404
935, 838, 975
936, 347, 618
937, 319, 986
938, 700, 822
939, 255, 281
940, 462, 912
941, 773, 869
942, 182, 315
943, 126, 937
944, 29, 179
945, 751, 918
946, 90, 853
947, 713, 913
948, 201, 528
949, 874, 902
950, 563, 673
951, 524, 708
952, 827, 872
953, 445, 542
954, 491, 884
955, 257, 762
956, 134, 285
957, 521, 933
958, 280, 966
959, 476, 692
960, 517, 749
961, 593, 924
962, 449, 836
963, 595, 877
964, 239, 473
965, 656, 841
966, 561, 860
967, 193, 755
968, 227, 320
969, 38, 140
970, 867, 903
971, 117, 412
972, 223, 309
973, 75, 302
974, 105, 935
975, 579, 642
976, 258, 823
977, 92, 111
978, 95, 702
979, 103, 915
980, 577, 727
981, 234, 627
982, 26, 685
983, 118, 344
984, 14, 516
985, 340, 715
986, 791, 899
987, 68, 147
988, 173, 828
989, 238, 350
990, 360, 849
991, 170, 840
992, 155, 856
993, 479, 678
994, 277, 985
995, 417, 506
996, 56, 434
997, 65, 178
998, 472, 662
999, 161, 580
1000, 873, 962
1001, 170, 698
1002, 641, 842
1003, 805, 883
1004, 242, 269
1005, 308, 361
1006, 543, 599
1007, 319, 403
1008, 313, 989
1009, 74, 491
1010, 75, 982
1011, 213, 980
1012, 214, 244
1013, 95, 182
1014, 147, 689
1015, 428, 759
1016, 661, 833
1017, 7, 906
1018, 926, 945
1019, 259, 796
1020, 522, 943
1021, 801, 890
1022, 659, 979
1023, 616, 881
1024, 655, 725
1025, 411, 574
1026, 606, 827
1027, 370, 864
1028, 367, 523
1029, 215, 643
1030, 596, 992
1031, 375, 539
1032, 639, 728
1033, 92, 932
1034, 317, 591
1035, 285, 657
1036, 355, 432
1037, 286, 572
1038, 118, 287
1039, 52, 629
1040, 38, 123
1041, 204, 576
1042, 25, 779
1043, 222, 548
1044, 329, 610
1045, 402, 701
1046, 11, 631
1047, 406, 898
1048, 614, 709
1049, 407, 563
1050, 679, 823
1051, 177, 324
1052, 43, 99
1053, 680, 967
1054, 372, 531
1055, 681, 949
1056, 512, 915
1057, 117, 240
1058, 386, 940
1059, 3, 737
1060, 436, 746
1061, 700, 994
1062, 94, 848
1063, 527, 862
1064, 583, 913
1065, 605, 754
1066, 331, 354
1067, 712, 946
1068, 789, 839
1069, 757, 773
1070, 164, 248
1071, 93, 488
1072, 642, 844
1073, 140, 598
1074, 741, 860
1075, 160, 802
1076, 120, 876
1077, 393, 452
1078, 197, 849
1079, 165, 909
1080, 795, 877
1081, 246, 405
1082, 502, 521
1083, 185, 239
1084, 282, 768
1085, 153, 272
1086, 493, 500
1087, 199, 927
1088, 473, 930
1089, 279, 339
1090, 263, 761
1091, 293, 696
1092, 362, 427
1093, 558, 866
1094, 124, 385
1095, 229, 529
1096, 37, 137
1097, 464, 496
1098, 650, 988
1099, 114, 412
1100, 70, 333
1101, 398, 490
1102, 23, 936
1103, 397, 871
1104, 47, 302
1105, 389, 621
1106, 283, 739
1107, 212, 956
1108, 542, 981
1109, 697, 706
1110, 189, 252
1111, 261, 430
1112, 666, 861
1113, 518, 663
1114, 158, 210
1115, 517, 755
1116, 209, 445
1117, 624, 919
1118, 634, 859
1119, 423, 951
1120, 565, 622
1121, 105, 952
1122, 377, 720
1123, 609, 996
1124, 198, 471
1125, 356, 896
1126, 84, 751
1127, 108, 472
1128, 715, 742
1129, 233, 387
1130, 586, 670
1131, 208, 337
1132, 884, 925
1133, 276, 366
1134, 150, 999
1135, 17, 138
1136, 593, 838
1137, 675, 851
1138, 745, 870
1139, 528, 781
1140, 141, 200
1141, 2, 933
1142, 149, 821
1143, 409, 676
1144, 228, 410
1145, 30, 425
1146, 466, 765
1147, 594, 665
1148, 678, 895
1149, 71, 632
1150, 365, 562
1151, 88, 764
1152, 191, 371
1153, 683, 899
1154, 358, 506
1155, 156, 399
1156, 478, 911
1157, 102, 440
1158, 134, 857
1159, 644, 990
1160, 520, 524
1161, 237, 792
1162, 363, 557
1163, 763, 847
1164, 221, 538
1165, 44, 830
1166, 234, 601
1167, 373, 843
1168, 22, 187
1169, 343, 711
1170, 277, 503
1171, 67, 96
1172, 555, 686
1173, 106, 672
1174, 381, 771
1175, 145, 568
1176, 54, 939
1177, 442, 803
1178, 81, 196
1179, 525, 685
1180, 615, 767
1181, 673, 684
1182, 600, 774
1183, 505, 782
1184, 9, 579
1185, 395, 892
1186, 290, 602
1187, 479, 724
1188, 660, 677
1189, 218, 810
1190, 364, 984
1191, 128, 533
1192, 577, 969
1193, 97, 122
1194, 127, 846
1195, 34, 481
1196, 707, 960
1197, 417, 454
1198, 125, 547
1199, 5, 86
1200, 116, 449
1201, 340, 470
1202, 29, 394
1203, 294, 891
1204, 65, 845
1205, 78, 880
1206, 104, 928
1207, 266, 944
1208, 260, 816
1209, 36, 310
1210, 561, 904
1211, 275, 338
1212, 298, 532
1213, 267, 647
1214, 121, 426
1215, 853, 875
1216, 688, 923
1217, 566, 985
1218, 486, 692
1219, 378, 553
1220, 530, 783
1221, 379, 482
1222, 392, 541
1223, 180, 595
1224, 476, 991
1225, 569, 829
1226, 32, 236
1227, 59, 545
1228, 66, 687
1229, 448, 934
1230, 62, 534
1231, 307, 987
1232, 297, 938
1233, 31, 597
1234, 226, 748
1235, 220, 231
1236, 98, 447
1237, 353, 439
1238, 671, 954
1239, 192, 303
1240, 342, 749
1241, 422, 766
1242, 171, 770
1243, 249, 734
1244, 323, 501
1245, 349, 584
1246, 824, 937
1247, 756, 882
1248, 929, 977
1249, 309, 469
1250, 258, 798
1251, 326, 499
1252, 39, 646
1253, 24, 291
1254, 578, 968
1255, 33, 729
1256, 441, 850
1257, 21, 55
1258, 458, 695
1259, 296, 914
1260, 103, 111
1261, 732, 900
1262, 382, 997
1263, 551, 788
1264, 172, 662
1265, 56, 516
1266, 635, 794
1267, 289, 941
1268, 107, 513
1269, 53, 978
1270, 699, 752
1271, 254, 435
1272, 126, 819
1273, 90, 758
1274, 190, 227
1275, 459, 807
1276, 284, 777
1277, 618, 702
1278, 181, 588
1279, 519, 826
1280, 278, 731
1281, 704, 957
1282, 462, 589
1283, 27, 79
1284, 480, 510
1285, 113, 484
1286, 157, 504
1287, 894, 1000
1288, 438, 886
1289, 429, 668
1290, 161, 772
1291, 812, 828
1292, 408, 971
1293, 735, 959
1294, 814, 872
1295, 203, 590
1296, 690, 889
1297, 146, 316
1298, 335, 935
1299, 8, 961
1300, 359, 811
1301, 235, 304
1302, 35, 152
1303, 194, 571
1304, 265, 475
1305, 179, 627
1306, 613, 785
1307, 750, 787
1308, 89, 162
1309, 131, 245
1310, 549, 873
1311, 652, 769
1312, 446, 974
1313, 174, 255
1314, 347, 384
1315, 327, 718
1316, 243, 612
1317, 604, 955
1318, 211, 820
1319, 10, 132
1320, 581, 626
1321, 509, 998
1322, 173, 797
1323, 965, 966
1324, 202, 573
1325, 453, 858
1326, 178, 322
1327, 419, 841
1328, 318, 931
1329, 280, 312
1330, 585, 592
1331, 13, 800
1332, 468, 546
1333, 201, 617
1334, 374, 747
1335, 879, 993
1336, 667, 730
1337, 64, 143
1338, 57, 815
1339, 693, 905
1340, 68, 580
1341, 799, 893
1342, 477, 863
1343, 119, 897
1344, 163, 813
1345, 434, 483
1346, 451, 714
1347, 360, 608
1348, 352, 726
1349, 219, 336
1350, 112, 413
1351, 380, 570
1352, 77, 431
1353, 28, 908
1354, 4, 664
1355, 623, 920
1356, 918, 963
1357, 554, 775
1358, 485, 628
1359, 83, 253
1360, 334, 972
1361, 508, 921
1362, 69, 514
1363, 168, 736
1364, 465, 544
1365, 72, 507
1366, 274, 368
1367, 831, 907
1368, 630, 743
1369, 144, 176
1370, 321, 456
1371, 238, 268
1372, 350, 808
1373, 85, 947
1374, 301, 575
1375, 495, 887
1376, 91, 638
1377, 383, 705
1378, 82, 136
1379, 109, 223
1380, 41, 691
1381, 15, 216
1382, 139, 744
1383, 717, 869
1384, 619, 840
1385, 63, 835
1386, 414, 474
1387, 115, 716
1388, 400, 494
1389, 314, 976
1390, 48, 550
1391, 135, 271
1392, 467, 888
1393, 60, 420
1394, 188, 582
1395, 330, 489
1396, 12, 567
1397, 40, 806
1398, 396, 415
1399, 865, 901
1400, 444, 498
1401, 247, 645
1402, 556, 958
1403, 6, 183
1404, 101, 559
1405, 264, 320
1406, 206, 867
1407, 540, 903
1408, 61, 640
1409, 424, 633
1410, 80, 916
1411, 1, 455
1412, 299, 760
1413, 437, 669
1414, 230, 450
1415, 224, 281
1416, 620, 762
1417, 740, 975
1418, 166, 295
1419, 348, 776
1420, 328, 868
1421, 460, 733
1422, 76, 511
1423, 207, 790
1424, 722, 856
1425, 804, 970
1426, 492, 656
1427, 26, 433
1428, 100, 273
1429, 369, 416
1430, 46, 251
1431, 780, 822
1432, 159, 292
1433, 603, 682
1434, 653, 738
1435, 388, 837
1436, 809, 922
1437, 130, 351
1438, 854, 878
1439, 357, 611
1440, 45, 654
1441, 129, 708
1442, 537, 912
1443, 315, 346
1444, 390, 703
1445, 167, 332
1446, 217, 948
1447, 674, 825
1448, 852, 855
1449, 401, 885
1450, 658, 832
1451, 262, 648
1452, 311, 404
1453, 345, 564
1454, 49, 910
1455, 305, 607
1456, 73, 421
1457, 133, 817
1458, 710, 778
1459, 344, 457
1460, 142, 818
1461, 14, 986
1462, 175, 791
1463, 256, 535
1464, 51, 727
1465, 110, 902
1466, 649, 719
1467, 58, 924
1468, 16, 953
1469, 42, 973
1470, 536, 917
1471, 20, 155
1472, 376, 552
1473, 515, 942
1474, 225, 463
1475, 636, 950
1476, 151, 300
1477, 241, 288
1478, 154, 784
1479, 306, 874
1480, 87, 418
1481, 587, 995
1482, 497, 964
1483, 186, 560
1484, 526, 836
1485, 232, 443
1486, 723, 962
1487, 18, 270
1488, 325, 786
1489, 391, 694
1490, 625, 834
1491, 257, 721
1492, 184, 461
1493, 193, 651
1494, 169, 341
1495, 637, 753
1496, 713, 983
1497, 50, 793
1498, 205, 487
1499, 19, 195
1500, 148, 250
1501, 247, 930
1502, 68, 878
1503, 194, 230
1504, 619, 882
1505, 405, 439
1506, 324, 638
1507, 524, 711
1508, 181, 615
1509, 709, 717
1510, 17, 911
1511, 96, 725
1512, 220, 889
1513, 626, 719
1514, 408, 751
1515, 192, 704
1516, 640, 776
1517, 185, 423
1518, 712, 954
1519, 728, 742
1520, 175, 189
1521, 187, 674
1522, 435, 881
1523, 901, 943
1524, 495, 541
1525, 111, 164
1526, 279, 849
1527, 245, 824
1528, 531, 596
1529, 727, 894
1530, 684, 960
1531, 576, 602
1532, 263, 362
1533, 636, 772
1534, 34, 349
1535, 198, 835
1536, 437, 682
1537, 114, 597
1538, 550, 681
1539, 4, 512
1540, 141, 321
1541, 367, 567
1542, 637, 730
1543, 494, 820
1544, 162, 980
1545, 409, 957
1546, 136, 971
1547, 505, 522
1548, 77, 347
1549, 102, 165
1550, 269, 314
1551, 630, 736
1552, 406, 932
1553, 156, 912
1554, 501, 544
1555, 325, 851
1556, 303, 419
1557, 90, 781
1558, 103, 271
1559, 514, 806
1560, 260, 337
1561, 57, 299
1562, 391, 397
1563, 25, 795
1564, 78, 677
1565, 454, 485
1566, 259, 557
1567, 151, 895
1568, 149, 741
1569, 705, 947
1570, 174, 295
1571, 479, 641
1572, 357, 577
1573, 762, 848
1574, 333, 537
1575, 205, 926
1576, 43, 883
1577, 13, 507
1578, 744, 934
1579, 859, 891
1580, 618, 780
1581, 502, 669
1582, 574, 633
1583, 317, 487
1584, 252, 852
1585, 133, 959
1586, 771, 962
1587, 51, 311
1588, 556, 805
1589, 113, 909
1590, 301, 521
1591, 434, 683
1592, 379, 755
1593, 258, 496
1594, 48, 880
1595, 652, 678
1596, 310, 632
1597, 250, 394
1598, 478, 635
1599, 370, 896
1600, 36, 609
1601, 504, 791
1602, 793, 868
1603, 88, 826
1604, 765, 977
1605, 654, 798
1606, 372, 833
1607, 63, 732
1608, 16, 897
1609, 145, 931
1610, 85, 127
1611, 108, 808
1612, 642, 731
1613, 688, 788
1614, 158, 822
1615, 334, 587
1616, 52, 421
1617, 316, 410
1618, 173, 196
1619, 251, 999
1620, 261, 322
1621, 238, 825
1622, 783, 856
1623, 160, 515
1624, 75, 801
1625, 82, 941
1626, 819, 865
1627, 70, 353
1628, 243, 568
1629, 209, 810
1630, 898, 904
1631, 721, 745
1632, 172, 978
1633, 32, 581
1634, 807, 821
1635, 607, 650
1636, 802, 907
1637, 232, 998
1638, 685, 763
1639, 340, 754
1640, 59, 154
1641, 182, 973
1642, 84, 467
1643, 216, 714
1644, 469, 639
1645, 55, 389
1646, 773, 964
1647, 288, 995
1648, 287, 953
1649, 228, 407
1650, 267, 412
1651, 326, 722
1652, 106, 854
1653, 427, 460
1654, 21, 463
1655, 97, 644
1656, 655, 847
1657, 246, 499
1658, 45, 138
1659, 509, 982
1660, 360, 603
1661, 348, 517
1662, 539, 938
1663, 115, 118
1664, 217, 997
1665, 155, 668
1666, 749, 984
1667, 327, 886
1668, 116, 935
1669, 28, 47
1670, 200, 270
1671, 352, 399
1672, 177, 769
1673, 33, 255
1674, 94, 291
1675, 44, 867
1676, 375, 472
1677, 89, 812
1678, 41, 477
1679, 432, 659
1680, 447, 540
1681, 530, 770
1682, 26, 191
1683, 120, 646
1684, 231, 691
1685, 37, 983
1686, 411, 616
1687, 832, 968
1688, 489, 726
1689, 248, 474
1690, 210, 687
1691, 559, 617
1692, 91, 611
1693, 356, 679
1694, 20, 956
1695, 573, 620
1696, 563, 917
1697, 3, 753
1698, 257, 304
1699, 475, 658
1700, 612, 707
1701, 101, 919
1702, 93, 588
1703, 369, 523
1704, 476, 920
1705, 396, 444
1706, 193, 841
1707, 233, 572
1708, 72, 272
1709, 206, 433
1710, 126, 335
1711, 946, 1000
1712, 622, 903
1713, 27, 112
1714, 376, 457
1715, 657, 743
1716, 329, 933
1717, 264, 839
1718, 290, 346
1719, 468, 937
1720, 386, 660
1721, 554, 836
1722, 148, 989
1723, 170, 298
1724, 464, 565
1725, 211, 305
1726, 281, 827
1727, 328, 814
1728, 199, 585
1729, 297, 315
1730, 506, 927
1731, 227, 332
1732, 64, 670
1733, 368, 875
1734, 244, 282
1735, 443, 503
1736, 323, 613
1737, 358, 876
1738, 331, 429
1739, 843, 958
1740, 146, 274
1741, 117, 365
1742, 552, 892
1743, 336, 361
1744, 286, 906
1745, 144, 750
1746, 740, 974
1747, 285, 593
1748, 23, 777
1749, 18, 452
1750, 758, 866
1751, 338, 862
1752, 67, 538
1753, 280, 561
1754, 213, 837
1755, 131, 543
1756, 584, 680
1757, 95, 884
1758, 313, 458
1759, 481, 718
1760, 56, 747
1761, 135, 608
1762, 404, 829
1763, 417, 993
1764, 171, 598
1765, 385, 853
1766, 491, 991
1767, 180, 277
1768, 105, 319
1769, 737, 885
1770, 143, 845
1771, 132, 716
1772, 752, 925
1773, 161, 873
1774, 924, 975
1775, 10, 436
1776, 624, 700
1777, 606, 939
1778, 424, 857
1779, 344, 449
1780, 695, 969
1781, 309, 815
1782, 320, 401
1783, 179, 312
1784, 110, 218
1785, 536, 558
1786, 190, 497
1787, 366, 666
1788, 456, 918
1789, 152, 283
1790, 595, 739
1791, 455, 510
1792, 265, 647
1793, 276, 591
1794, 354, 713
1795, 708, 850
1796, 818, 952
1797, 50, 122
1798, 586, 864
1799, 318, 870
1800, 813, 905
1801, 508, 555
1802, 60, 767
1803, 83, 817
1804, 11, 966
1805, 748, 877
1806, 229, 426
1807, 46, 796
1808, 784, 970
1809, 330, 513
1810, 1, 787
1811, 542, 651
1812, 363, 459
1813, 686, 701
1814, 809, 844
1815, 224, 855
1816, 823, 902
1817, 31, 693
1818, 390, 893
1819, 518, 599
1820, 62, 240
1821, 590, 746
1822, 292, 551
1823, 470, 648
1824, 87, 583
1825, 79, 569
1826, 694, 794
1827, 667, 871
1828, 442, 766
1829, 395, 800
1830, 5, 403
1831, 201, 381
1832, 860, 913
1833, 241, 863
1834, 535, 914
1835, 830, 994
1836, 500, 547
1837, 140, 698
1838, 15, 415
1839, 119, 778
1840, 124, 548
1841, 236, 339
1842, 121, 945
1843, 256, 757
1844, 69, 157
1845, 125, 703
1846, 486, 702
1847, 39, 575
1848, 306, 986
1849, 490, 649
1850, 378, 724
1851, 219, 465
1852, 42, 74
1853, 186, 965
1854, 22, 66
1855, 123, 779
1856, 527, 580
1857, 350, 869
1858, 759, 916
1859, 268, 929
1860, 663, 915
1861, 384, 910
1862, 445, 816
1863, 262, 923
1864, 528, 582
1865, 760, 940
1866, 239, 785
1867, 351, 627
1868, 237, 461
1869, 139, 673
1870, 7, 592
1871, 578, 653
1872, 696, 842
1873, 54, 662
1874, 388, 398
1875, 8, 706
1876, 416, 498
1877, 373, 529
1878, 2, 888
1879, 19, 560
1880, 222, 858
1881, 195, 675
1882, 242, 462
1883, 480, 532
1884, 150, 402
1885, 343, 562
1886, 128, 789
1887, 899, 949
1888, 628, 944
1889, 355, 643
1890, 610, 690
1891, 29, 733
1892, 418, 976
1893, 204, 623
1894, 104, 729
1895, 634, 961
1896, 377, 921
1897, 80, 453
1898, 692, 804
1899, 720, 723
1900, 484, 828
1901, 289, 566
1902, 9, 393
1903, 774, 790
1904, 81, 208
1905, 431, 629
1906, 49, 689
1907, 225, 710
1908, 526, 948
1909, 130, 570
1910, 364, 761
1911, 631, 775
1912, 371, 738
1913, 178, 428
1914, 6, 166
1915, 107, 533
1916, 601, 951
1917, 92, 908
1918, 278, 571
1919, 466, 471
1920, 129, 214
1921, 167, 625
1922, 35, 294
1923, 215, 374
1924, 53, 614
1925, 516, 928
1926, 109, 302
1927, 438, 950
1928, 163, 985
1929, 168, 890
1930, 546, 645
1931, 735, 967
1932, 197, 803
1933, 86, 887
1934, 553, 988
1935, 99, 756
1936, 786, 872
1937, 30, 38
1938, 188, 955
1939, 383, 473
1940, 254, 359
1941, 61, 511
1942, 73, 382
1943, 249, 293
1944, 176, 425
1945, 671, 734
1946, 212, 834
1947, 40, 525
1948, 296, 922
1949, 392, 493
1950, 589, 874
1951, 413, 450
1952, 792, 846
1953, 147, 564
1954, 153, 300
1955, 400, 715
1956, 446, 534
1957, 380, 782
1958, 799, 936
1959, 676, 838
1960, 65, 345
1961, 492, 661
1962, 58, 203
1963, 448, 451
1964, 100, 900
1965, 764, 942
1966, 307, 387
1967, 979, 987
1968, 76, 488
1969, 234, 579
1970, 273, 341
1971, 207, 342
1972, 420, 483
1973, 12, 223
1974, 169, 963
1975, 71, 811
1976, 594, 840
1977, 266, 699
1978, 621, 992
1979, 831, 861
1980, 768, 972
1981, 275, 440
1982, 226, 482
1983, 221, 664
1984, 665, 672
1985, 98, 422
1986, 14, 284
1987, 545, 996
1988, 605, 990
1989, 24, 308
1990, 235, 520
1991, 134, 797
1992, 183, 184
1993, 137, 549
1994, 159, 697
1995, 430, 600
1996, 253, 879
1997, 414, 519
1998, 202, 656
1999, 441, 981
2000, 142, 604
2001, 409, 455
2002, 64, 706
2003, 216, 657
2004, 459, 936
2005, 294, 615
2006, 747, 794
2007, 79, 113
2008, 146, 219
2009, 652, 892
2010, 112, 966
2011, 185, 931
2012, 13, 743
2013, 503, 510
2014, 436, 614
2015, 21, 275
2016, 849, 902
2017, 194, 415
2018, 354, 375
2019, 427, 702
2020, 37, 942
2021, 922, 949
2022, 48, 526
2023, 83, 341
2024, 62, 364
2025, 178, 997
2026, 502, 859
2027, 68, 627
2028, 584, 726
2029, 164, 820
2030, 217, 798
2031, 574, 946
2032, 602, 699
2033, 211, 639
2034, 386, 865
2035, 34, 133
2036, 249, 909
2037, 139, 945
2038, 345, 784
2039, 478, 835
2040, 405, 461
2041, 57, 807
2042, 438, 573
2043, 343, 854
2044, 223, 425
2045, 684, 789
2046, 637, 920
2047, 242, 823
2048, 236, 918
2049, 610, 698
2050, 437, 770
2051, 695, 903
2052, 109, 943
2053, 119, 548
2054, 464, 484
2055, 92, 722
2056, 401, 659
2057, 739, 808
2058, 635, 879
2059, 334, 746
2060, 163, 406
2061, 30, 145
2062, 98, 477
2063, 148, 181
2064, 447, 960
2065, 549, 921
2066, 101, 444
2067, 199, 616
2068, 629, 959
2069, 218, 804
2070, 80, 272
2071, 277, 813
2072, 75, 728
2073, 467, 898
2074, 3, 882
2075, 538, 601
2076, 81, 221
2077, 258, 732
2078, 441, 783
2079, 254, 758
2080, 486, 570
2081, 351, 497
2082, 23, 829
2083, 134, 763
2084, 175, 384
2085, 357, 600
2086, 244, 869
2087, 255, 534
2088, 215, 984
2089, 180, 773
2090, 95, 203
2091, 676, 697
2092, 759, 956
2093, 471, 700
2094, 317, 325
2095, 127, 279
2096, 305, 780
2097, 688, 962
2098, 611, 934
2099, 264, 932
2100, 460, 974
2101, 537, 567
2102, 87, 572
2103, 289, 883
2104, 803, 987
2105, 52, 302
2106, 191, 964
2107, 321, 950
2108, 56, 1000
2109, 675, 884
2110, 508, 509
2111, 166, 558
2112, 47, 114
2113, 532, 816
2114, 147, 273
2115, 766, 944
2116, 553, 577
2117, 283, 355
2118, 66, 408
2119, 33, 420
2120, 118, 767
2121, 465, 542
2122, 367, 765
2123, 170, 805
2124, 431, 512
2125, 329, 848
2126, 24, 366
2127, 153, 866
2128, 322, 832
2129, 571, 948
2130, 268, 714
2131, 50, 938
2132, 479, 824
2133, 60, 750
2134, 443, 539
2135, 485, 589
2136, 8, 186
2137, 826, 969
2138, 70, 735
2139, 20, 599
2140, 18, 253
2141, 620, 755
2142, 182, 564
2143, 99, 590
2144, 313, 356
2145, 196, 856
2146, 187, 910
2147, 157, 402
2148, 690, 787
2149, 27, 296
2150, 483, 900
2151, 550, 724
2152, 74, 797
2153, 241, 492
2154, 331, 619
2155, 267, 778
2156, 332, 475
2157, 417, 852
2158, 28, 428
2159, 796, 917
2160, 40, 847
2161, 168, 872
2162, 195, 777
2163, 545, 979
2164, 557, 842
2165, 210, 911
2166, 569, 736
2167, 378, 432
2168, 17, 416
2169, 297, 680
2170, 641, 958
2171, 768, 888
2172, 25, 952
2173, 853, 890
2174, 173, 311
2175, 350, 939
2176, 426, 592
2177, 578, 915
2178, 169, 547
2179, 138, 658
2180, 151, 410
2181, 579, 647
2182, 686, 880
2183, 342, 971
2184, 141, 391
2185, 224, 687
2186, 446, 622
2187, 474, 861
2188, 381, 666
2189, 752, 827
2190, 476, 858
2191, 45, 346
2192, 286, 703
2193, 132, 369
2194, 336, 769
2195, 791, 947
2196, 6, 593
2197, 626, 628
2198, 456, 906
2199, 623, 655
2200, 606, 729
2201, 284, 838
2202, 108, 828
2203, 251, 495
2204, 266, 546
2205, 259, 821
2206, 46, 630
2207, 295, 972
2208, 330, 664
2209, 710, 954
2210, 7, 914
2211, 595, 748
2212, 78, 462
2213, 609, 901
2214, 310, 377
2215, 189, 536
2216, 594, 967
2217, 165, 235
2218, 543, 757
2219, 116, 973
2220, 654, 837
2221, 171, 519
2222, 29, 678
2223, 227, 449
2224, 86, 792
2225, 2, 513
2226, 715, 908
2227, 77, 581
2228, 82, 870
2229, 799, 871
2230, 638, 913
2231, 500, 671
2232, 105, 457
2233, 230, 965
2234, 929, 993
2235, 701, 980
2236, 754, 839
2237, 231, 751
2238, 1, 256
2239, 177, 585
2240, 150, 613
2241, 349, 873
2242, 71, 841
2243, 694, 843
2244, 493, 782
2245, 234, 673
2246, 91, 603
2247, 154, 326
2248, 833, 999
2249, 645, 704
2250, 347, 373
2251, 309, 998
2252, 188, 554
2253, 97, 333
2254, 933, 957
2255, 421, 817
2256, 487, 741
2257, 225, 696
2258, 11, 663
2259, 712, 790
2260, 282, 562
2261, 540, 634
2262, 352, 925
2263, 372, 793
2264, 644, 660
2265, 102, 121
2266, 31, 963
2267, 104, 815
2268, 395, 986
2269, 316, 867
2270, 327, 363
2271, 298, 670
2272, 107, 561
2273, 507, 524
2274, 473, 668
2275, 393, 419
2276, 661, 885
2277, 582, 605
2278, 398, 683
2279, 795, 923
2280, 130, 396
2281, 516, 745
2282, 586, 953
2283, 552, 912
2284, 240, 662
2285, 520, 830
2286, 9, 176
2287, 110, 489
2288, 499, 924
2289, 184, 245
2290, 498, 907
2291, 362, 760
2292, 511, 530
2293, 140, 232
2294, 248, 319
2295, 193, 707
2296, 681, 995
2297, 501, 651
2298, 229, 276
2299, 204, 504
2300, 575, 730
2301, 370, 587
2302, 49, 988
2303, 270, 788
2304, 689, 819
2305, 810, 928
2306, 100, 308
2307, 445, 646
2308, 860, 905
2309, 213, 591
2310, 307, 580
2311, 252, 281
2312, 73, 744
2313, 642, 899
2314, 412, 617
2315, 844, 893
2316, 451, 597
2317, 115, 337
2318, 440, 737
2319, 404, 719
2320, 300, 631
2321, 126, 374
2322, 541, 875
2323, 621, 708
2324, 205, 291
2325, 555, 809
2326, 35, 250
2327, 328, 919
2328, 667, 976
2329, 430, 992
2330, 247, 480
2331, 494, 514
2332, 222, 517
2333, 785, 897
2334, 239, 280
2335, 648, 845
2336, 111, 679
2337, 340, 604
2338, 840, 891
2339, 576, 801
2340, 368, 531
2341, 290, 990
2342, 65, 693
2343, 292, 985
2344, 314, 633
2345, 162, 528
2346, 261, 991
2347, 896, 978
2348, 15, 448
2349, 470, 774
2350, 63, 887
2351, 643, 977
2352, 209, 927
2353, 67, 556
2354, 399, 968
2355, 36, 955
2356, 596, 669
2357, 142, 159
2358, 93, 424
2359, 864, 886
2360, 324, 916
2361, 435, 665
2362, 632, 850
2363, 201, 413
2364, 380, 588
2365, 742, 868
2366, 190, 713
2367, 192, 855
2368, 278, 836
2369, 348, 390
2370, 894, 930
2371, 705, 878
2372, 155, 761
2373, 214, 442
2374, 353, 674
2375, 58, 439
2376, 450, 711
2377, 44, 89
2378, 137, 937
2379, 208, 640
2380, 237, 306
2381, 382, 506
2382, 359, 636
2383, 733, 825
2384, 26, 926
2385, 53, 271
2386, 269, 565
2387, 174, 361
2388, 39, 527
2389, 463, 490
2390, 260, 387
2391, 287, 335
2392, 360, 394
2393, 14, 996
2394, 55, 143
2395, 691, 982
2396, 414, 862
2397, 106, 863
2398, 379, 685
2399, 243, 881
2400, 265, 515
2401, 167, 523
2402, 535, 560
2403, 10, 212
2404, 61, 197
2405, 488, 764
2406, 85, 895
2407, 263, 851
2408, 135, 299
2409, 228, 389
2410, 392, 566
2411, 397, 731
2412, 433, 989
2413, 857, 961
2414, 179, 771
2415, 365, 806
2416, 160, 468
2417, 69, 312
2418, 288, 583
2419, 422, 533
2420, 716, 717
2421, 454, 529
2422, 76, 371
2423, 482, 720
2424, 452, 721
2425, 149, 812
2426, 202, 339
2427, 388, 518
2428, 423, 775
2429, 103, 383
2430, 727, 734
2431, 650, 756
2432, 131, 158
2433, 434, 656
2434, 117, 740
2435, 22, 152
2436, 72, 96
2437, 772, 889
2438, 54, 981
2439, 129, 874
2440, 385, 723
2441, 88, 172
2442, 559, 563
2443, 198, 304
2444, 246, 481
2445, 749, 935
2446, 12, 469
2447, 376, 786
2448, 521, 522
2449, 122, 505
2450, 338, 951
2451, 120, 762
2452, 156, 238
2453, 344, 551
2454, 846, 876
2455, 525, 940
2456, 718, 800
2457, 407, 975
2458, 453, 692
2459, 598, 677
2460, 5, 318
2461, 4, 38
2462, 262, 285
2463, 136, 544
2464, 220, 496
2465, 709, 834
2466, 42, 624
2467, 59, 753
2468, 41, 970
2469, 207, 491
2470, 568, 818
2471, 16, 776
2472, 814, 877
2473, 123, 904
2474, 315, 612
2475, 672, 811
2476, 458, 941
2477, 19, 226
2478, 84, 608
2479, 51, 429
2480, 418, 822
2481, 323, 472
2482, 233, 411
2483, 124, 125
2484, 43, 128
2485, 161, 257
2486, 183, 738
2487, 94, 983
2488, 625, 781
2489, 358, 403
2490, 649, 831
2491, 618, 994
2492, 200, 293
2493, 682, 802
2494, 90, 303
2495, 274, 320
2496, 144, 466
2497, 206, 653
2498, 400, 779
2499, 32, 725
2500, 301, 607
2501, 419, 694
2502, 667, 820
2503, 455, 607
2504, 435, 546
2505, 18, 610
2506, 276, 883
2507, 829, 931
2508, 19, 171
2509, 236, 506
2510, 100, 988
2511, 303, 970
2512, 184, 612
2513, 70, 93
2514, 343, 892
2515, 173, 630
2516, 155, 932
2517, 190, 403
2518, 241, 817
2519, 66, 180
2520, 214, 688
2521, 481, 732
2522, 564, 827
2523, 254, 620
2524, 9, 601
2525, 604, 754
2526, 600, 757
2527, 247, 629
2528, 945, 962
2529, 161, 380
2530, 725, 821
2531, 54, 359
2532, 133, 230
2533, 46, 653
2534, 449, 608
2535, 147, 344
2536, 389, 994
2537, 679, 936
2538, 312, 987
2539, 218, 920
2540, 39, 869
2541, 78, 708
2542, 558, 672
2543, 383, 937
2544, 647, 657
2545, 802, 999
2546, 67, 393
2547, 373, 726
2548, 13, 772
2549, 292, 903
2550, 836, 929
2551, 85, 302
2552, 23, 198
2553, 160, 545
2554, 427, 474
2555, 165, 850
2556, 199, 855
2557, 259, 378
2558, 116, 700
2559, 274, 858
2560, 417, 961
2561, 61, 470
2562, 77, 261
2563, 334, 555
2564, 540, 699
2565, 108, 550
2566, 113, 193
2567, 460, 618
2568, 83, 619
2569, 53, 621
2570, 293, 857
2571, 143, 420
2572, 119, 468
2573, 94, 864
2574, 818, 998
2575, 500, 964
2576, 434, 569
2577, 156, 919
2578, 177, 382
2579, 130, 222
2580, 129, 272
2581, 387, 995
2582, 471, 955
2583, 290, 685
2584, 86, 370
2585, 206, 799
2586, 110, 973
2587, 351, 981
2588, 40, 804
2589, 75, 105
2590, 361, 395
2591, 142, 771
2592, 152, 674
2593, 288, 910
2594, 575, 997
2595, 233, 594
2596, 273, 896
2597, 887, 889
2598, 104, 666
2599, 55, 59
2600, 132, 317
2601, 437, 469
2602, 250, 849
2603, 267, 795
2604, 69, 655
2605, 409, 741
2606, 801, 882
2607, 641, 788
2608, 48, 423
2609, 271, 275
2610, 3, 954
2611, 528, 568
2612, 257, 810
2613, 31, 544
2614, 452, 599
2615, 189, 807
2616, 307, 738
2617, 127, 162
2618, 625, 916
2619, 438, 499
2620, 532, 543
2621, 541, 637
2622, 581, 734
2623, 337, 502
2624, 315, 542
2625, 386, 396
2626, 718, 978
2627, 16, 413
2628, 268, 693
2629, 35, 158
2630, 536, 636
2631, 673, 722
2632, 22, 967
2633, 90, 520
2634, 479, 551
2635, 668, 905
2636, 223, 248
2637, 631, 792
2638, 182, 930
2639, 57, 237
2640, 514, 871
2641, 526, 875
2642, 402, 713
2643, 724, 969
2644, 213, 516
2645, 243, 553
2646, 140, 766
2647, 99, 492
2648, 82, 472
2649, 56, 205
2650, 411, 924
2651, 128, 996
2652, 322, 756
2653, 443, 885
2654, 20, 824
2655, 356, 745
2656, 43, 444
2657, 5, 702
2658, 131, 900
2659, 331, 687
2660, 509, 611
2661, 333, 948
2662, 643, 680
2663, 52, 942
2664, 308, 934
2665, 454, 614
2666, 28, 124
2667, 169, 690
2668, 323, 603
2669, 376, 638
2670, 511, 844
2671, 148, 681
2672, 721, 729
2673, 397, 911
2674, 231, 291
2675, 652, 879
2676, 167, 761
2677, 366, 783
2678, 650, 701
2679, 926, 1000
2680, 482, 742
2681, 716, 913
2682, 426, 709
2683, 62, 847
2684, 249, 349
2685, 692, 740
2686, 277, 733
2687, 224, 228
2688, 410, 642
2689, 430, 576
2690, 400, 424
2691, 76, 477
2692, 341, 697
2693, 265, 280
2694, 505, 770
2695, 226, 979
2696, 510, 927
2697, 533, 654
2698, 537, 982
2699, 211, 683
2700, 41, 172
2701, 12, 624
2702, 176, 918
2703, 414, 890
2704, 14, 406
2705, 209, 377
2706, 301, 958
2707, 33, 977
2708, 96, 907
2709, 327, 660
2710, 235, 873
2711, 146, 332
2712, 115, 743
2713, 216, 861
2714, 73, 138
2715, 88, 547
2716, 68, 269
2717, 324, 840
2718, 295, 431
2719, 456, 578
2720, 200, 412
2721, 584, 787
2722, 627, 691
2723, 529, 602
2724, 281, 823
2725, 145, 282
2726, 715, 727
2727, 242, 769
2728, 227, 852
2729, 663, 678
2730, 1, 391
2731, 313, 535
2732, 50, 263
2733, 392, 870
2734, 388, 407
2735, 11, 974
2736, 204, 574
2737, 459, 947
2738, 103, 975
2739, 278, 567
2740, 245, 748
2741, 483, 895
2742, 80, 208
2743, 357, 794
2744, 328, 671
2745, 134, 592
2746, 421, 796
2747, 358, 538
2748, 287, 582
2749, 486, 813
2750, 260, 398
2751, 531, 632
2752, 868, 912
2753, 95, 744
2754, 339, 425
2755, 285, 867
2756, 109, 207
2757, 24, 894
2758, 65, 863
2759, 121, 953
2760, 144, 354
2761, 258, 534
2762, 194, 305
2763, 201, 513
2764, 168, 439
2765, 27, 739
2766, 457, 798
2767, 234, 992
2768, 765, 842
2769, 311, 394
2770, 675, 695
2771, 8, 939
2772, 565, 891
2773, 51, 300
2774, 251, 283
2775, 897, 986
2776, 662, 881
2777, 809, 902
2778, 123, 256
2779, 10, 755
2780, 212, 712
2781, 498, 644
2782, 4, 767
2783, 682, 909
2784, 174, 353
2785, 362, 845
2786, 626, 705
2787, 309, 854
2788, 490, 589
2789, 166, 831
2790, 284, 664
2791, 518, 573
2792, 523, 556
2793, 37, 163
2794, 192, 811
2795, 780, 952
2796, 416, 785
2797, 928, 963
2798, 508, 806
2799, 219, 467
2800, 463, 957
2801, 493, 805
2802, 399, 598
2803, 38, 188
2804, 874, 940
2805, 462, 856
2806, 34, 832
2807, 319, 405
2808, 487, 497
2809, 484, 815
2810, 595, 789
2811, 306, 983
2812, 501, 586
2813, 329, 622
2814, 175, 686
2815, 154, 489
2816, 47, 135
2817, 120, 530
2818, 390, 737
2819, 458, 878
2820, 432, 590
2821, 714, 956
2822, 64, 797
2823, 170, 310
2824, 375, 447
2825, 944, 959
2826, 49, 461
2827, 150, 609
2828, 485, 723
2829, 633, 908
2830, 658, 768
2831, 635, 884
2832, 325, 746
2833, 381, 943
2834, 181, 776
2835, 44, 74
2836, 623, 865
2837, 371, 760
2838, 252, 326
2839, 72, 839
2840, 195, 579
2841, 552, 775
2842, 415, 473
2843, 340, 730
2844, 559, 921
2845, 422, 676
2846, 294, 876
2847, 286, 524
2848, 408, 735
2849, 495, 648
2850, 451, 646
2851, 570, 803
2852, 298, 731
2853, 507, 616
2854, 225, 289
2855, 711, 763
2856, 232, 369
2857, 661, 706
2858, 240, 984
2859, 703, 901
2860, 101, 466
2861, 465, 736
2862, 615, 759
2863, 98, 270
2864, 496, 773
2865, 363, 843
2866, 853, 949
2867, 519, 606
2868, 186, 830
2869, 2, 111
2870, 562, 596
2871, 42, 346
2872, 453, 872
2873, 719, 851
2874, 279, 751
2875, 137, 848
2876, 659, 866
2877, 563, 790
2878, 828, 846
2879, 296, 345
2880, 17, 833
2881, 118, 348
2882, 587, 717
2883, 707, 720
2884, 554, 696
2885, 179, 914
2886, 347, 504
2887, 418, 808
2888, 791, 906
2889, 512, 764
2890, 45, 880
2891, 365, 372
2892, 649, 778
2893, 814, 816
2894, 185, 597
2895, 577, 819
2896, 30, 429
2897, 215, 321
2898, 436, 645
2899, 7, 122
2900, 139, 966
2901, 202, 384
2902, 81, 800
2903, 151, 446
2904, 26, 91
2905, 478, 762
2906, 112, 747
2907, 21, 640
2908, 350, 684
2909, 342, 990
2910, 157, 450
2911, 517, 522
2912, 404, 779
2913, 187, 710
2914, 25, 60
2915, 15, 557
2916, 97, 106
2917, 63, 656
2918, 107, 488
2919, 560, 877
2920, 583, 993
2921, 515, 922
2922, 374, 968
2923, 266, 571
2924, 368, 591
2925, 36, 826
2926, 841, 862
2927, 304, 442
2928, 480, 749
2929, 352, 665
2930, 793, 951
2931, 246, 253
2932, 316, 566
2933, 244, 476
2934, 71, 588
2935, 314, 364
2936, 136, 950
2937, 605, 859
2938, 210, 960
2939, 153, 750
2940, 29, 904
2941, 318, 980
2942, 191, 893
2943, 149, 448
2944, 102, 475
2945, 628, 834
2946, 330, 915
2947, 84, 401
2948, 255, 935
2949, 220, 898
2950, 585, 971
2951, 946, 976
2952, 297, 972
2953, 125, 822
2954, 92, 812
2955, 379, 441
2956, 433, 786
2957, 355, 777
2958, 464, 781
2959, 704, 774
2960, 6, 539
2961, 651, 689
2962, 58, 991
2963, 183, 491
2964, 617, 989
2965, 634, 899
2966, 888, 917
2967, 549, 938
2968, 670, 753
2969, 164, 639
2970, 32, 238
2971, 264, 923
2972, 338, 677
2973, 561, 825
2974, 159, 239
2975, 320, 965
2976, 440, 837
2977, 728, 782
2978, 527, 613
2979, 580, 925
2980, 87, 593
2981, 178, 197
2982, 299, 385
2983, 335, 521
2984, 933, 941
2985, 79, 336
2986, 548, 752
2987, 428, 886
2988, 196, 985
2989, 114, 698
2990, 360, 503
2991, 117, 572
2992, 494, 784
2993, 835, 838
2994, 89, 262
2995, 229, 367
2996, 217, 445
2997, 126, 203
2998, 221, 525
2999, 141, 860
3000, 669, 758
3001, 165, 350
3002, 548, 616
3003, 386, 569
3004, 184, 529
3005, 516, 744
3006, 108, 950
3007, 1, 439
3008, 41, 126
3009, 733, 793
3010, 719, 982
3011, 281, 755
3012, 614, 961
3013, 648, 684
3014, 243, 598
3015, 303, 806
3016, 235, 764
3017, 20, 533
3018, 627, 858
3019, 508, 685
3020, 44, 865
3021, 134, 272
3022, 820, 948
3023, 389, 759
3024, 343, 583
3025, 237, 896
3026, 458, 564
3027, 197, 452
3028, 70, 277
3029, 94, 543
3030, 568, 941
3031, 177, 397
3032, 175, 356
3033, 91, 683
3034, 164, 337
3035, 562, 780
3036, 798, 882
3037, 267, 708
3038, 158, 756
3039, 148, 265
3040, 361, 379
3041, 222, 625
3042, 213, 506
3043, 121, 778
3044, 71, 566
3045, 818, 855
3046, 172, 619
3047, 329, 814
3048, 551, 837
3049, 487, 782
3050, 73, 637
3051, 821, 998
3052, 85, 849
3053, 645, 705
3054, 595, 920
3055, 475, 912
3056, 100, 242
3057, 521, 563
3058, 345, 369
3059, 410, 968
3060, 725, 997
3061, 21, 690
3062, 407, 456
3063, 346, 575
3064, 211, 480
3065, 49, 295
3066, 204, 693
3067, 354, 878
3068, 427, 908
3069, 182, 824
3070, 383, 808
3071, 102, 888
3072, 37, 679
3073, 139, 485
3074, 294, 670
3075, 188, 423
3076, 459, 622
3077, 284, 367
3078, 416, 969
3079, 75, 972
3080, 42, 82
3081, 179, 470
3082, 163, 482
3083, 380, 673
3084, 62, 538
3085, 86, 434
3086, 402, 781
3087, 22, 47
3088, 275, 358
3089, 114, 621
3090, 110, 751
3091, 147, 804
3092, 264, 370
3093, 404, 973
3094, 893, 898
3095, 518, 546
3096, 30, 963
3097, 161, 721
3098, 320, 534
3099, 608, 747
3100, 107, 660
3101, 124, 530
3102, 906, 936
3103, 36, 106
3104, 376, 586
3105, 302, 639
3106, 445, 836
3107, 531, 943
3108, 381, 594
3109, 227, 556
3110, 577, 860
3111, 463, 698
3112, 790, 905
3113, 245, 280
3114, 557, 864
3115, 68, 723
3116, 24, 176
3117, 25, 160
3118, 93, 967
3119, 952, 987
3120, 731, 823
3121, 784, 942
3122, 331, 504
3123, 732, 774
3124, 590, 964
3125, 535, 803
3126, 54, 527
3127, 168, 603
3128, 162, 363
3129, 117, 214
3130, 722, 991
3131, 309, 993
3132, 171, 305
3133, 384, 944
3134, 127, 675
3135, 174, 632
3136, 474, 1000
3137, 233, 613
3138, 257, 435
3139, 382, 588
3140, 7, 450
3141, 398, 789
3142, 61, 199
3143, 8, 138
3144, 156, 795
3145, 151, 573
3146, 123, 753
3147, 35, 478
3148, 173, 876
3149, 584, 606
3150, 3, 424
3151, 495, 592
3152, 325, 996
3153, 874, 929
3154, 716, 801
3155, 355, 689
3156, 651, 752
3157, 239, 921
3158, 677, 703
3159, 297, 513
3160, 189, 597
3161, 232, 263
3162, 146, 187
3163, 196, 976
3164, 34, 391
3165, 344, 462
3166, 88, 935
3167, 186, 630
3168, 631, 842
3169, 170, 960
3170, 717, 894
3171, 150, 881
3172, 190, 446
3173, 83, 498
3174, 611, 724
3175, 69, 208
3176, 479, 843
3177, 141, 750
3178, 201, 238
3179, 115, 669
3180, 52, 357
3181, 27, 87
3182, 31, 947
3183, 4, 711
3184, 488, 696
3185, 473, 748
3186, 735, 841
3187, 53, 216
3188, 116, 688
3189, 286, 322
3190, 314, 959
3191, 202, 255
3192, 856, 909
3193, 56, 829
3194, 247, 642
3195, 772, 897
3196, 378, 433
3197, 481, 985
3198, 599, 602
3199, 826, 994
3200, 536, 709
3201, 10, 501
3202, 335, 742
3203, 587, 928
3204, 225, 681
3205, 64, 97
3206, 119, 604
3207, 763, 788
3208, 371, 483
3209, 224, 496
3210, 318, 544
3211, 671, 749
3212, 209, 552
3213, 405, 426
3214, 39, 348
3215, 219, 246
3216, 125, 311
3217, 353, 441
3218, 38, 886
3219, 591, 927
3220, 45, 900
3221, 212, 918
3222, 230, 992
3223, 457, 507
3224, 15, 229
3225, 330, 718
3226, 919, 988
3227, 388, 704
3228, 131, 477
3229, 74, 810
3230, 149, 347
3231, 81, 461
3232, 101, 259
3233, 248, 328
3234, 143, 974
3235, 873, 915
3236, 372, 946
3237, 740, 955
3238, 554, 786
3239, 853, 966
3240, 89, 492
3241, 664, 934
3242, 46, 425
3243, 338, 971
3244, 570, 646
3245, 484, 825
3246, 57, 728
3247, 313, 863
3248, 120, 241
3249, 218, 629
3250, 250, 857
3251, 159, 832
3252, 152, 913
3253, 451, 746
3254, 437, 980
3255, 9, 262
3256, 12, 667
3257, 206, 394
3258, 66, 145
3259, 118, 471
3260, 822, 916
3261, 178, 545
3262, 80, 636
3263, 60, 283
3264, 104, 737
3265, 59, 399
3266, 301, 553
3267, 342, 787
3268, 77, 663
3269, 26, 697
3270, 440, 691
3271, 680, 839
3272, 234, 676
3273, 48, 467
3274, 472, 777
3275, 700, 879
3276, 16, 454
3277, 542, 978
3278, 845, 862
3279, 541, 640
3280, 315, 340
3281, 364, 868
3282, 466, 745
3283, 412, 926
3284, 78, 465
3285, 800, 816
3286, 317, 741
3287, 55, 851
3288, 289, 580
3289, 324, 771
3290, 256, 794
3291, 244, 949
3292, 582, 933
3293, 319, 558
3294, 432, 652
3295, 290, 707
3296, 360, 468
3297, 375, 581
3298, 137, 811
3299, 442, 835
3300, 128, 807
3301, 846, 957
3302, 403, 638
3303, 191, 429
3304, 359, 924
3305, 712, 945
3306, 226, 877
3307, 396, 524
3308, 140, 596
3309, 509, 585
3310, 92, 374
3311, 113, 834
3312, 221, 956
3313, 514, 618
3314, 288, 464
3315, 351, 817
3316, 169, 977
3317, 831, 940
3318, 98, 657
3319, 571, 578
3320, 327, 895
3321, 443, 979
3322, 341, 623
3323, 537, 565
3324, 339, 734
3325, 2, 181
3326, 827, 871
3327, 132, 762
3328, 393, 634
3329, 136, 523
3330, 511, 738
3331, 958, 962
3332, 644, 902
3333, 130, 869
3334, 515, 812
3335, 29, 672
3336, 296, 861
3337, 532, 715
3338, 326, 589
3339, 421, 938
3340, 154, 419
3341, 72, 336
3342, 840, 911
3343, 390, 661
3344, 447, 917
3345, 67, 567
3346, 167, 453
3347, 550, 686
3348, 600, 687
3349, 965, 989
3350, 493, 601
3351, 129, 805
3352, 449, 559
3353, 526, 528
3354, 270, 695
3355, 757, 815
3356, 316, 476
3357, 99, 833
3358, 502, 799
3359, 323, 792
3360, 40, 620
3361, 90, 653
3362, 292, 650
3363, 460, 910
3364, 413, 883
3365, 65, 185
3366, 310, 332
3367, 105, 420
3368, 274, 901
3369, 656, 682
3370, 215, 387
3371, 417, 428
3372, 32, 617
3373, 291, 334
3374, 122, 436
3375, 517, 694
3376, 223, 395
3377, 605, 797
3378, 240, 278
3379, 84, 166
3380, 300, 333
3381, 285, 499
3382, 368, 726
3383, 33, 307
3384, 760, 954
3385, 736, 951
3386, 298, 406
3387, 13, 713
3388, 349, 866
3389, 268, 999
3390, 366, 867
3391, 17, 95
3392, 539, 830
3393, 503, 655
3394, 5, 409
3395, 293, 415
3396, 249, 850
3397, 497, 885
3398, 18, 769
3399, 422, 914
3400, 299, 819
3401, 321, 770
3402, 217, 505
3403, 220, 500
3404, 519, 813
3405, 923, 953
3406, 228, 494
3407, 593, 995
3408, 111, 662
3409, 19, 615
3410, 261, 710
3411, 490, 674
3412, 287, 720
3413, 775, 809
3414, 610, 854
3415, 157, 579
3416, 155, 729
3417, 306, 844
3418, 540, 555
3419, 258, 875
3420, 859, 872
3421, 103, 692
3422, 706, 890
3423, 183, 666
3424, 418, 665
3425, 654, 791
3426, 266, 510
3427, 112, 702
3428, 635, 668
3429, 678, 743
3430, 549, 649
3431, 96, 469
3432, 109, 414
3433, 135, 785
3434, 279, 365
3435, 11, 273
3436, 276, 282
3437, 79, 142
3438, 251, 512
3439, 76, 207
3440, 51, 271
3441, 884, 891
3442, 641, 754
3443, 260, 727
3444, 236, 377
3445, 194, 903
3446, 401, 643
3447, 438, 984
3448, 848, 922
3449, 560, 990
3450, 430, 783
3451, 624, 714
3452, 448, 455
3453, 609, 939
3454, 203, 647
3455, 312, 408
3456, 304, 392
3457, 758, 852
3458, 431, 699
3459, 133, 838
3460, 308, 547
3461, 231, 932
3462, 252, 561
3463, 847, 983
3464, 411, 931
3465, 58, 730
3466, 520, 975
3467, 50, 254
3468, 768, 870
3469, 907, 930
3470, 192, 373
3471, 659, 767
3472, 765, 925
3473, 253, 658
3474, 6, 525
3475, 205, 899
3476, 489, 491
3477, 43, 144
3478, 153, 628
3479, 200, 626
3480, 352, 572
3481, 612, 766
3482, 23, 880
3483, 633, 904
3484, 574, 828
3485, 63, 970
3486, 28, 892
3487, 210, 486
3488, 198, 269
3489, 522, 986
3490, 761, 937
3491, 195, 773
3492, 779, 796
3493, 400, 802
3494, 180, 576
3495, 607, 981
3496, 701, 739
3497, 193, 776
3498, 385, 889
3499, 362, 887
3500, 14, 444
3501, 373, 755
3502, 23, 888
3503, 225, 630
3504, 119, 613
3505, 337, 727
3506, 990, 1000
3507, 449, 748
3508, 839, 994
3509, 367, 544
3510, 761, 879
3511, 29, 819
3512, 186, 858
3513, 202, 824
3514, 215, 981
3515, 590, 740
3516, 527, 974
3517, 125, 857
3518, 435, 973
3519, 193, 968
3520, 601, 919
3521, 537, 715
3522, 292, 640
3523, 42, 768
3524, 284, 642
3525, 950, 987
3526, 201, 203
3527, 56, 807
3528, 270, 817
3529, 28, 465
3530, 790, 918
3531, 115, 774
3532, 666, 945
3533, 395, 781
3534, 440, 714
3535, 39, 816
3536, 655, 788
3537, 90, 652
3538, 274, 328
3539, 4, 547
3540, 362, 464
3541, 80, 112
3542, 265, 520
3543, 661, 708
3544, 221, 498
3545, 436, 926
3546, 277, 397
3547, 357, 872
3548, 365, 685
3549, 137, 282
3550, 670, 820
3551, 717, 941
3552, 564, 735
3553, 197, 351
3554, 127, 169
3555, 31, 410
3556, 339, 475
3557, 336, 986
3558, 385, 931
3559, 116, 446
3560, 783, 954
3561, 302, 675
3562, 113, 914
3563, 548, 744
3564, 48, 867
3565, 77, 407
3566, 213, 898
3567, 371, 982
3568, 297, 512
3569, 101, 318
3570, 343, 554
3571, 288, 933
3572, 665, 877
3573, 249, 300
3574, 242, 862
3575, 313, 584
3576, 94, 190
3577, 71, 85
3578, 647, 880
3579, 333, 426
3580, 138, 949
3581, 508, 538
3582, 623, 854
3583, 78, 561
3584, 501, 562
3585, 176, 539
3586, 519, 929
3587, 27, 825
3588, 171, 577
3589, 214, 853
3590, 89, 264
3591, 442, 785
3592, 247, 924
3593, 401, 618
3594, 308, 731
3595, 20, 240
3596, 8, 805
3597, 118, 654
3598, 326, 404
3599, 533, 558
3600, 41, 766
3601, 358, 633
3602, 374, 903
3603, 366, 786
3604, 963, 979
3605, 732, 905
3606, 408, 912
3607, 478, 546
3608, 349, 376
3609, 437, 712
3610, 212, 780
3611, 553, 894
3612, 406, 868
3613, 634, 831
3614, 728, 750
3615, 276, 852
3616, 209, 346
3617, 53, 705
3618, 470, 846
3619, 324, 802
3620, 261, 320
3621, 98, 873
3622, 61, 298
3623, 821, 874
3624, 123, 870
3625, 451, 576
3626, 304, 936
3627, 526, 977
3628, 26, 416
3629, 84, 690
3630, 575, 674
3631, 743, 753
3632, 88, 711
3633, 86, 159
3634, 263, 354
3635, 704, 866
3636, 59, 350
3637, 1, 3
3638, 582, 681
3639, 693, 909
3640, 17, 583
3641, 57, 669
3642, 65, 179
3643, 668, 699
3644, 13, 32
3645, 458, 591
3646, 46, 184
3647, 168, 542
3648, 173, 228
3649, 35, 775
3650, 340, 947
3651, 180, 917
3652, 279, 535
3653, 389, 804
3654, 600, 913
3655, 25, 272
3656, 430, 456
3657, 604, 996
3658, 82, 182
3659, 87, 503
3660, 289, 932
3661, 472, 751
3662, 196, 629
3663, 570, 850
3664, 102, 400
3665, 405, 902
3666, 392, 565
3667, 12, 696
3668, 309, 829
3669, 172, 534
3670, 260, 801
3671, 24, 135
3672, 429, 483
3673, 887, 896
3674, 63, 493
3675, 359, 845
3676, 128, 393
3677, 162, 683
3678, 321, 347
3679, 147, 849
3680, 97, 676
3681, 266, 878
3682, 267, 659
3683, 139, 144
3684, 243, 417
3685, 368, 532
3686, 438, 769
3687, 130, 826
3688, 295, 971
3689, 673, 959
3690, 482, 814
3691, 158, 951
3692, 510, 657
3693, 363, 388
3694, 91, 521
3695, 40, 767
3696, 188, 720
3697, 76, 236
3698, 555, 645
3699, 540, 579
3700, 45, 439
3701, 477, 602
3702, 698, 847
3703, 463, 813
3704, 481, 969
3705, 269, 307
3706, 75, 233
3707, 141, 923
3708, 353, 811
3709, 448, 599
3710, 15, 334
3711, 200, 441
3712, 622, 716
3713, 710, 946
3714, 145, 235
3715, 305, 427
3716, 331, 984
3717, 206, 315
3718, 69, 624
3719, 207, 871
3720, 34, 632
3721, 38, 72
3722, 863, 925
3723, 199, 488
3724, 525, 700
3725, 47, 797
3726, 66, 746
3727, 218, 885
3728, 322, 486
3729, 494, 650
3730, 73, 595
3731, 189, 964
3732, 610, 916
3733, 421, 616
3734, 216, 425
3735, 132, 151
3736, 551, 648
3737, 759, 776
3738, 239, 770
3739, 108, 625
3740, 413, 892
3741, 656, 806
3742, 192, 317
3743, 566, 939
3744, 22, 800
3745, 518, 736
3746, 765, 855
3747, 646, 978
3748, 244, 455
3749, 93, 291
3750, 830, 832
3751, 578, 687
3752, 559, 764
3753, 299, 375
3754, 697, 967
3755, 325, 637
3756, 96, 557
3757, 573, 842
3758, 679, 718
3759, 556, 792
3760, 153, 593
3761, 58, 723
3762, 285, 702
3763, 106, 745
3764, 338, 457
3765, 469, 571
3766, 245, 592
3767, 384, 585
3768, 843, 886
3769, 185, 452
3770, 83, 471
3771, 737, 965
3772, 143, 414
3773, 6, 569
3774, 447, 741
3775, 222, 257
3776, 74, 133
3777, 303, 517
3778, 110, 474
3779, 707, 976
3780, 364, 791
3781, 152, 433
3782, 18, 79
3783, 294, 484
3784, 208, 810
3785, 2, 402
3786, 594, 865
3787, 253, 733
3788, 177, 672
3789, 100, 335
3790, 157, 258
3791, 124, 226
3792, 552, 882
3793, 411, 844
3794, 195, 725
3795, 164, 232
3796, 355, 581
3797, 567, 999
3798, 418, 617
3799, 10, 667
3800, 615, 983
3801, 275, 314
3802, 92, 126
3803, 134, 812
3804, 607, 900
3805, 224, 597
3806, 505, 545
3807, 506, 514
3808, 37, 81
3809, 52, 631
3810, 522, 726
3811, 772, 940
3812, 114, 262
3813, 412, 911
3814, 156, 543
3815, 229, 837
3816, 861, 960
3817, 148, 643
3818, 154, 293
3819, 36, 713
3820, 286, 777
3821, 175, 927
3822, 603, 944
3823, 95, 724
3824, 9, 883
3825, 620, 956
3826, 68, 492
3827, 231, 756
3828, 541, 953
3829, 254, 606
3830, 120, 598
3831, 117, 677
3832, 312, 504
3833, 43, 344
3834, 454, 658
3835, 387, 689
3836, 787, 875
3837, 450, 487
3838, 296, 377
3839, 530, 662
3840, 142, 513
3841, 480, 609
3842, 409, 560
3843, 580, 803
3844, 589, 628
3845, 194, 943
3846, 390, 574
3847, 490, 966
3848, 841, 942
3849, 44, 379
3850, 644, 884
3851, 476, 549
3852, 255, 432
3853, 423, 752
3854, 327, 348
3855, 330, 962
3856, 217, 352
3857, 459, 795
3858, 468, 952
3859, 784, 859
3860, 684, 809
3861, 507, 701
3862, 19, 848
3863, 424, 904
3864, 730, 921
3865, 462, 612
3866, 851, 906
3867, 422, 428
3868, 204, 760
3869, 605, 706
3870, 808, 893
3871, 252, 991
3872, 329, 638
3873, 356, 516
3874, 491, 828
3875, 757, 972
3876, 729, 955
3877, 251, 869
3878, 170, 220
3879, 453, 626
3880, 178, 360
3881, 230, 773
3882, 105, 664
3883, 596, 907
3884, 614, 948
3885, 121, 391
3886, 161, 386
3887, 163, 191
3888, 586, 876
3889, 660, 928
3890, 165, 703
3891, 60, 223
3892, 419, 641
3893, 49, 536
3894, 515, 639
3895, 181, 935
3896, 234, 908
3897, 211, 443
3898, 99, 550
3899, 635, 840
3900, 104, 895
3901, 146, 198
3902, 103, 301
3903, 653, 864
3904, 434, 860
3905, 131, 473
3906, 16, 150
3907, 403, 420
3908, 140, 920
3909, 160, 758
3910, 50, 823
3911, 33, 187
3912, 897, 985
3913, 380, 938
3914, 738, 889
3915, 109, 709
3916, 398, 818
3917, 238, 619
3918, 167, 467
3919, 431, 692
3920, 524, 992
3921, 734, 881
3922, 268, 980
3923, 278, 682
3924, 210, 958
3925, 671, 998
3926, 394, 651
3927, 502, 680
3928, 283, 835
3929, 67, 739
3930, 691, 722
3931, 370, 815
3932, 611, 627
3933, 256, 381
3934, 64, 273
3935, 237, 588
3936, 678, 891
3937, 7, 523
3938, 694, 961
3939, 281, 383
3940, 399, 989
3941, 497, 970
3942, 511, 833
3943, 749, 988
3944, 782, 838
3945, 149, 227
3946, 166, 495
3947, 319, 747
3948, 70, 316
3949, 310, 621
3950, 345, 444
3951, 856, 997
3952, 460, 934
3953, 129, 369
3954, 500, 509
3955, 608, 721
3956, 51, 901
3957, 280, 529
3958, 342, 836
3959, 174, 466
3960, 396, 890
3961, 311, 568
3962, 930, 937
3963, 183, 290
3964, 62, 499
3965, 271, 649
3966, 461, 528
3967, 55, 122
3968, 636, 754
3969, 563, 793
3970, 822, 922
3971, 30, 248
3972, 11, 799
3973, 445, 763
3974, 496, 695
3975, 21, 910
3976, 688, 778
3977, 587, 779
3978, 479, 827
3979, 323, 572
3980, 219, 361
3981, 111, 899
3982, 5, 663
3983, 742, 798
3984, 155, 794
3985, 287, 382
3986, 378, 719
3987, 246, 762
3988, 771, 915
3989, 372, 415
3990, 136, 531
3991, 686, 995
3992, 485, 489
3993, 957, 975
3994, 205, 259
3995, 54, 107
3996, 250, 332
3997, 241, 341
3998, 796, 834
3999, 14, 306
4000, 789, 993
