id, img1, img2
1, 587, 814
2, 168, 597
3, 433, 888
4, 485, 655
5, 143, 938
6, 332, 873
7, 363, 435
8, 390, 406
9, 298, 775
10, 762, 946
11, 534, 588
12, 14, 547
13, 10, 66
14, 16, 962
15, 352, 913
16, 466, 521
17, 279, 610
18, 505, 865
19, 48, 331
20, 252, 366
21, 95, 901
22, 152, 413
23, 392, 760
24, 76, 155
25, 72, 196
26, 797, 804
27, 350, 633
28, 490, 911
29, 225, 689
30, 374, 439
31, 26, 602
32, 181, 881
33, 117, 254
34, 415, 708
35, 484, 539
36, 29, 629
37, 241, 446
38, 286, 513
39, 120, 692
40, 440, 718
41, 219, 819
42, 339, 839
43, 8, 291
44, 536, 776
45, 518, 530
46, 213, 925
47, 556, 744
48, 343, 387
49, 784, 976
50, 39, 798
51, 282, 820
52, 319, 701
53, 22, 191
54, 288, 555
55, 583, 719
56, 186, 854
57, 246, 504
58, 161, 397
59, 730, 885
60, 231, 269
61, 614, 936
62, 103, 381
63, 361, 933
64, 482, 493
65, 340, 553
66, 386, 586
67, 131, 958
68, 133, 709
69, 127, 579
70, 735, 837
71, 531, 668
72, 208, 261
73, 304, 872
74, 407, 764
75, 104, 348
76, 437, 739
77, 528, 982
78, 346, 412
79, 618, 831
80, 563, 858
81, 7, 51
82, 210, 369
83, 376, 380
84, 4, 803
85, 404, 849
86, 560, 779
87, 717, 772
88, 233, 681
89, 267, 928
90, 13, 663
91, 139, 509
92, 126, 659
93, 201, 799
94, 111, 954
95, 3, 153
96, 177, 857
97, 221, 383
98, 524, 548
99, 195, 725
100, 160, 998
101, 654, 934
102, 362, 463
103, 113, 667
104, 164, 585
105, 429, 565
106, 478, 963
107, 74, 740
108, 486, 917
109, 385, 410
110, 123, 973
111, 711, 853
112, 30, 351
113, 271, 384
114, 180, 771
115, 600, 732
116, 842, 869
117, 611, 847
118, 576, 953
119, 272, 753
120, 750, 810
121, 329, 912
122, 198, 864
123, 86, 841
124, 61, 850
125, 159, 955
126, 965, 975
127, 519, 607
128, 121, 613
129, 309, 497
130, 59, 148
131, 270, 889
132, 101, 720
133, 479, 514
134, 212, 823
135, 551, 682
136, 566, 960
137, 199, 640
138, 459, 609
139, 183, 840
140, 323, 371
141, 165, 716
142, 274, 606
143, 930, 949
144, 28, 874
145, 751, 807
146, 559, 741
147, 527, 944
148, 589, 827
149, 53, 447
150, 259, 378
151, 414, 647
152, 322, 878
153, 399, 860
154, 448, 590
155, 80, 806
156, 205, 677
157, 281, 394
158, 704, 914
159, 110, 788
160, 147, 769
161, 263, 964
162, 635, 644
163, 815, 1000
164, 193, 365
165, 45, 843
166, 431, 502
167, 599, 621
168, 67, 247
169, 283, 344
170, 449, 572
171, 238, 871
172, 294, 575
173, 194, 706
174, 619, 956
175, 236, 456
176, 552, 569
177, 188, 276
178, 134, 835
179, 57, 260
180, 311, 870
181, 368, 573
182, 615, 680
183, 171, 293
184, 452, 639
185, 5, 268
186, 336, 388
187, 465, 605
188, 166, 985
189, 6, 805
190, 326, 360
191, 695, 746
192, 81, 220
193, 203, 442
194, 169, 986
195, 2, 756
196, 68, 584
197, 454, 789
198, 135, 893
199, 162, 492
200, 175, 908
201, 337, 851
202, 179, 544
203, 396, 970
204, 916, 923
205, 314, 939
206, 256, 421
207, 192, 697
208, 292, 379
209, 432, 460
210, 848, 855
211, 401, 525
212, 232, 306
213, 301, 641
214, 182, 733
215, 748, 813
216, 512, 561
217, 73, 305
218, 643, 795
219, 98, 391
220, 896, 981
221, 230, 658
222, 207, 546
223, 15, 927
224, 626, 818
225, 170, 824
226, 302, 382
227, 216, 637
228, 419, 470
229, 49, 686
230, 44, 55
231, 353, 395
232, 265, 691
233, 215, 218
234, 496, 703
235, 154, 825
236, 85, 761
237, 515, 920
238, 150, 876
239, 172, 178
240, 115, 280
241, 190, 533
242, 634, 800
243, 545, 794
244, 710, 882
245, 364, 438
246, 743, 948
247, 507, 880
248, 426, 529
249, 224, 947
250, 122, 777
251, 349, 372
252, 32, 310
253, 636, 875
254, 63, 312
255, 919, 991
256, 661, 852
257, 578, 781
258, 295, 503
259, 21, 755
260, 469, 702
261, 285, 567
262, 223, 393
263, 549, 738
264, 307, 377
265, 25, 140
266, 359, 802
267, 389, 887
268, 526, 969
269, 757, 935
270, 77, 541
271, 430, 480
272, 78, 966
273, 729, 862
274, 141, 333
275, 670, 905
276, 347, 535
277, 264, 918
278, 149, 462
279, 694, 758
280, 249, 522
281, 83, 427
282, 173, 826
283, 510, 700
284, 157, 980
285, 673, 898
286, 593, 993
287, 811, 902
288, 90, 940
289, 119, 217
290, 808, 883
291, 699, 866
292, 434, 972
293, 105, 929
294, 17, 778
295, 468, 696
296, 328, 745
297, 303, 672
298, 118, 650
299, 564, 603
300, 97, 511
301, 317, 428
302, 35, 128
303, 31, 38
304, 450, 892
305, 226, 532
306, 99, 441
307, 82, 736
308, 56, 988
309, 185, 418
310, 54, 489
311, 765, 832
312, 187, 321
313, 868, 977
314, 87, 197
315, 325, 768
316, 69, 461
317, 124, 899
318, 801, 943
319, 785, 838
320, 411, 967
321, 653, 792
322, 125, 714
323, 37, 884
324, 79, 950
325, 284, 630
326, 723, 752
327, 244, 523
328, 617, 906
329, 102, 451
330, 300, 856
331, 759, 921
332, 608, 652
333, 313, 924
334, 94, 455
335, 358, 867
336, 65, 713
337, 724, 787
338, 341, 475
339, 631, 675
340, 245, 375
341, 638, 971
342, 12, 767
343, 897, 996
344, 40, 625
345, 239, 620
346, 721, 829
347, 942, 978
348, 100, 983
349, 623, 859
350, 683, 995
351, 129, 834
352, 408, 904
353, 209, 649
354, 255, 458
355, 474, 754
356, 488, 557
357, 494, 726
358, 116, 957
359, 184, 844
360, 23, 582
361, 84, 229
362, 665, 974
363, 320, 666
364, 18, 766
365, 632, 773
366, 1, 833
367, 705, 937
368, 398, 676
369, 108, 877
370, 491, 997
371, 453, 622
372, 457, 628
373, 251, 345
374, 722, 990
375, 204, 646
376, 60, 403
377, 481, 577
378, 495, 951
379, 464, 987
380, 107, 151
381, 355, 863
382, 642, 830
383, 50, 616
384, 731, 915
385, 707, 780
386, 227, 354
387, 91, 297
388, 52, 678
389, 685, 861
390, 258, 812
391, 11, 770
392, 420, 890
393, 424, 894
394, 266, 809
395, 357, 443
396, 542, 671
397, 558, 656
398, 591, 604
399, 425, 594
400, 47, 499
401, 506, 581
402, 289, 828
403, 9, 174
404, 417, 467
405, 601, 979
406, 568, 580
407, 324, 370
408, 250, 402
409, 500, 645
410, 273, 941
411, 318, 400
412, 71, 240
413, 471, 550
414, 24, 308
415, 112, 367
416, 88, 405
417, 674, 836
418, 422, 900
419, 747, 846
420, 43, 651
421, 114, 816
422, 92, 235
423, 742, 821
424, 275, 994
425, 243, 253
426, 315, 595
427, 817, 903
428, 891, 922
429, 46, 299
430, 316, 907
431, 34, 909
432, 571, 774
433, 487, 627
434, 472, 598
435, 257, 734
436, 156, 728
437, 624, 698
438, 574, 664
439, 163, 540
440, 278, 786
441, 167, 416
442, 200, 592
443, 687, 727
444, 335, 737
445, 445, 562
446, 136, 142
447, 96, 109
448, 33, 338
449, 791, 879
450, 42, 984
451, 334, 684
452, 70, 693
453, 543, 763
454, 132, 961
455, 27, 327
456, 20, 89
457, 75, 498
458, 296, 356
459, 138, 520
460, 330, 931
461, 176, 612
462, 290, 910
463, 570, 968
464, 19, 242
465, 501, 662
466, 222, 657
467, 228, 845
468, 237, 782
469, 277, 477
470, 64, 146
471, 137, 669
472, 93, 444
473, 287, 648
474, 130, 796
475, 262, 895
476, 959, 992
477, 202, 517
478, 596, 945
479, 36, 712
480, 158, 508
481, 409, 538
482, 688, 715
483, 248, 476
484, 189, 749
485, 144, 214
486, 473, 999
487, 106, 932
488, 679, 952
489, 145, 660
490, 342, 886
491, 58, 790
492, 822, 926
493, 423, 436
494, 206, 554
495, 41, 793
496, 62, 373
497, 234, 483
498, 211, 783
499, 516, 690
500, 537, 989
501, 269, 564
502, 484, 623
503, 377, 911
504, 46, 617
505, 102, 553
506, 86, 454
507, 29, 921
508, 60, 679
509, 644, 801
510, 98, 625
511, 55, 132
512, 240, 924
513, 550, 831
514, 711, 817
515, 162, 863
516, 70, 221
517, 144, 987
518, 316, 848
519, 568, 861
520, 602, 914
521, 73, 575
522, 645, 735
523, 429, 935
524, 439, 980
525, 414, 524
526, 394, 768
527, 205, 654
528, 546, 853
529, 313, 363
530, 642, 714
531, 188, 300
532, 252, 354
533, 556, 936
534, 121, 367
535, 563, 673
536, 503, 887
537, 80, 660
538, 630, 655
539, 955, 986
540, 37, 399
541, 234, 792
542, 331, 534
543, 425, 621
544, 420, 797
545, 285, 649
546, 405, 501
547, 320, 874
548, 266, 894
549, 378, 765
550, 137, 511
551, 227, 499
552, 223, 274
553, 116, 678
554, 128, 737
555, 125, 653
556, 555, 820
557, 66, 468
558, 463, 888
559, 68, 601
560, 605, 701
561, 19, 725
562, 699, 745
563, 48, 983
564, 422, 760
565, 287, 927
566, 609, 726
567, 280, 897
568, 196, 810
569, 379, 400
570, 294, 695
571, 634, 786
572, 475, 647
573, 626, 764
574, 212, 406
575, 489, 731
576, 193, 587
577, 22, 812
578, 175, 854
579, 574, 844
580, 84, 129
581, 368, 925
582, 709, 966
583, 451, 560
584, 28, 52
585, 62, 443
586, 168, 869
587, 591, 995
588, 93, 410
589, 706, 759
590, 97, 527
591, 353, 705
592, 16, 199
593, 35, 773
594, 5, 258
595, 6, 829
596, 254, 373
597, 51, 332
598, 57, 693
599, 134, 537
600, 438, 781
601, 41, 905
602, 514, 715
603, 306, 585
604, 56, 993
605, 42, 535
606, 95, 180
607, 75, 202
608, 244, 652
609, 584, 728
610, 671, 901
611, 526, 902
612, 11, 461
613, 81, 702
614, 594, 703
615, 391, 884
616, 407, 668
617, 716, 903
618, 275, 729
619, 250, 447
620, 395, 457
621, 430, 741
622, 265, 588
623, 159, 976
624, 167, 343
625, 521, 532
626, 780, 850
627, 383, 495
628, 528, 683
629, 322, 466
630, 256, 578
631, 1, 21
632, 173, 753
633, 445, 762
634, 635, 790
635, 112, 474
636, 435, 963
637, 76, 525
638, 13, 520
639, 640, 945
640, 333, 516
641, 809, 837
642, 302, 670
643, 117, 388
644, 177, 676
645, 192, 998
646, 61, 700
647, 470, 569
648, 249, 899
649, 235, 616
650, 631, 934
651, 161, 698
652, 548, 782
653, 107, 352
654, 916, 930
655, 628, 739
656, 88, 818
657, 661, 971
658, 523, 742
659, 3, 906
660, 907, 1000
661, 131, 330
662, 886, 969
663, 182, 498
664, 85, 557
665, 163, 349
666, 26, 883
667, 477, 771
668, 47, 996
669, 424, 871
670, 449, 859
671, 583, 960
672, 282, 968
673, 200, 502
674, 806, 956
675, 482, 730
676, 108, 849
677, 586, 856
678, 138, 957
679, 570, 866
680, 119, 615
681, 382, 821
682, 694, 723
683, 296, 992
684, 241, 878
685, 31, 464
686, 680, 984
687, 788, 958
688, 465, 923
689, 239, 606
690, 271, 891
691, 267, 684
692, 228, 319
693, 428, 982
694, 8, 722
695, 380, 689
696, 149, 641
697, 213, 822
698, 115, 577
699, 531, 611
700, 440, 544
701, 110, 633
702, 365, 543
703, 335, 766
704, 717, 804
705, 120, 937
706, 675, 847
707, 629, 819
708, 101, 893
709, 242, 469
710, 691, 833
711, 651, 685
712, 713, 767
713, 255, 549
714, 299, 851
715, 779, 811
716, 431, 910
717, 752, 947
718, 27, 217
719, 198, 783
720, 610, 845
721, 171, 336
722, 908, 915
723, 309, 473
724, 500, 789
725, 376, 494
726, 7, 9
727, 63, 785
728, 245, 257
729, 338, 648
730, 236, 975
731, 607, 872
732, 580, 750
733, 104, 301
734, 507, 663
735, 366, 979
736, 708, 865
737, 71, 190
738, 718, 754
739, 738, 895
740, 361, 793
741, 710, 761
742, 348, 836
743, 72, 775
744, 39, 450
745, 136, 288
746, 929, 981
747, 113, 145
748, 486, 620
749, 667, 941
750, 263, 813
751, 843, 931
752, 375, 798
753, 150, 597
754, 176, 328
755, 90, 823
756, 67, 246
757, 45, 341
758, 815, 948
759, 446, 834
760, 191, 456
761, 20, 492
762, 284, 643
763, 15, 688
764, 749, 881
765, 103, 220
766, 344, 816
767, 493, 622
768, 17, 54
769, 179, 732
770, 253, 509
771, 114, 247
772, 201, 505
773, 604, 857
774, 518, 827
775, 170, 483
776, 441, 953
777, 140, 427
778, 154, 538
779, 398, 666
780, 324, 909
781, 293, 828
782, 248, 734
783, 50, 858
784, 312, 639
785, 169, 862
786, 83, 356
787, 371, 772
788, 94, 796
789, 733, 972
790, 590, 973
791, 49, 147
792, 33, 270
793, 155, 222
794, 32, 273
795, 4, 164
796, 770, 864
797, 278, 933
798, 194, 436
799, 530, 932
800, 846, 944
801, 187, 230
802, 290, 662
803, 96, 310
804, 512, 870
805, 181, 598
806, 289, 359
807, 18, 632
808, 232, 281
809, 618, 913
810, 559, 803
811, 277, 962
812, 82, 143
813, 74, 519
814, 133, 665
815, 350, 880
816, 139, 571
817, 504, 539
818, 357, 832
819, 595, 599
820, 421, 592
821, 840, 852
822, 491, 898
823, 130, 873
824, 122, 940
825, 165, 917
826, 53, 374
827, 402, 681
828, 751, 990
829, 124, 877
830, 387, 664
831, 251, 800
832, 298, 636
833, 393, 942
834, 216, 351
835, 794, 918
836, 614, 624
837, 490, 697
838, 58, 974
839, 746, 769
840, 558, 988
841, 314, 830
842, 229, 551
843, 152, 186
844, 203, 416
845, 656, 890
846, 69, 462
847, 197, 658
848, 547, 943
849, 308, 868
850, 317, 951
851, 30, 965
852, 417, 885
853, 305, 757
854, 207, 261
855, 279, 362
856, 478, 565
857, 517, 545
858, 303, 646
859, 802, 808
860, 195, 276
861, 419, 566
862, 307, 950
863, 127, 396
864, 458, 480
865, 146, 596
866, 339, 928
867, 600, 743
868, 226, 381
869, 433, 576
870, 184, 448
871, 178, 412
872, 677, 946
873, 409, 748
874, 38, 286
875, 153, 231
876, 720, 758
877, 10, 283
878, 892, 991
879, 455, 497
880, 118, 487
881, 126, 978
882, 345, 608
883, 189, 674
884, 437, 613
885, 40, 721
886, 34, 747
887, 536, 900
888, 321, 444
889, 581, 838
890, 100, 183
891, 123, 158
892, 264, 659
893, 603, 687
894, 224, 327
895, 218, 799
896, 44, 411
897, 2, 777
898, 87, 985
899, 291, 841
900, 346, 696
901, 724, 855
902, 561, 824
903, 401, 826
904, 151, 740
905, 268, 938
906, 209, 479
907, 329, 795
908, 704, 860
909, 238, 926
910, 657, 961
911, 325, 522
912, 434, 467
913, 148, 540
914, 295, 997
915, 389, 453
916, 160, 210
917, 23, 262
918, 211, 372
919, 215, 686
920, 554, 825
921, 347, 964
922, 481, 727
923, 92, 755
924, 920, 939
925, 166, 506
926, 206, 619
927, 237, 959
928, 142, 949
929, 533, 669
930, 318, 707
931, 65, 233
932, 875, 999
933, 612, 970
934, 452, 476
935, 219, 690
936, 807, 879
937, 337, 404
938, 370, 593
939, 157, 562
940, 472, 638
941, 515, 784
942, 390, 392
943, 573, 919
944, 36, 922
945, 208, 904
946, 25, 386
947, 304, 342
948, 297, 529
949, 204, 719
950, 43, 989
951, 408, 442
952, 77, 508
953, 418, 579
954, 14, 954
955, 12, 967
956, 364, 432
957, 141, 756
958, 360, 774
959, 59, 835
960, 323, 413
961, 105, 485
962, 311, 805
963, 24, 889
964, 471, 692
965, 225, 272
966, 64, 952
967, 91, 292
968, 109, 403
969, 876, 977
970, 326, 334
971, 542, 672
972, 174, 572
973, 355, 839
974, 541, 912
975, 106, 340
976, 423, 567
977, 369, 882
978, 260, 867
979, 259, 650
980, 111, 814
981, 712, 842
982, 415, 552
983, 89, 582
984, 459, 787
985, 185, 778
986, 156, 460
987, 397, 513
988, 135, 637
989, 385, 736
990, 488, 791
991, 426, 627
992, 79, 776
993, 78, 384
994, 763, 994
995, 315, 358
996, 99, 744
997, 510, 682
998, 172, 243
999, 214, 496
1000, 589, 896
1001, 715, 775
1002, 644, 845
1003, 198, 273
1004, 369, 867
1005, 179, 956
1006, 374, 903
1007, 289, 972
1008, 44, 172
1009, 402, 500
1010, 848, 920
1011, 2, 427
1012, 470, 493
1013, 319, 967
1014, 323, 418
1015, 792, 830
1016, 280, 705
1017, 888, 946
1018, 203, 858
1019, 544, 664
1020, 63, 916
1021, 613, 970
1022, 239, 269
1023, 614, 965
1024, 251, 992
1025, 124, 881
1026, 45, 339
1027, 655, 827
1028, 84, 742
1029, 105, 127
1030, 91, 276
1031, 224, 553
1032, 40, 767
1033, 65, 777
1034, 93, 802
1035, 551, 748
1036, 180, 214
1037, 306, 864
1038, 474, 783
1039, 71, 227
1040, 798, 818
1041, 57, 475
1042, 159, 724
1043, 498, 922
1044, 586, 884
1045, 234, 245
1046, 822, 899
1047, 216, 415
1048, 100, 441
1049, 600, 684
1050, 39, 491
1051, 404, 950
1052, 117, 546
1053, 759, 879
1054, 695, 936
1055, 555, 841
1056, 258, 836
1057, 312, 991
1058, 8, 757
1059, 352, 918
1060, 388, 507
1061, 714, 878
1062, 653, 663
1063, 476, 687
1064, 756, 869
1065, 568, 632
1066, 72, 277
1067, 109, 839
1068, 640, 781
1069, 111, 690
1070, 122, 186
1071, 56, 482
1072, 515, 543
1073, 412, 984
1074, 128, 302
1075, 250, 657
1076, 547, 927
1077, 677, 703
1078, 233, 782
1079, 791, 914
1080, 259, 290
1081, 208, 503
1082, 61, 133
1083, 853, 964
1084, 558, 583
1085, 184, 604
1086, 565, 911
1087, 207, 814
1088, 511, 837
1089, 661, 674
1090, 913, 925
1091, 60, 885
1092, 730, 948
1093, 488, 937
1094, 815, 943
1095, 110, 694
1096, 26, 237
1097, 12, 938
1098, 346, 499
1099, 229, 235
1100, 96, 734
1101, 87, 762
1102, 315, 316
1103, 202, 689
1104, 397, 669
1105, 831, 856
1106, 301, 485
1107, 279, 351
1108, 420, 626
1109, 226, 865
1110, 540, 801
1111, 19, 232
1112, 75, 666
1113, 130, 504
1114, 55, 103
1115, 728, 805
1116, 262, 340
1117, 387, 998
1118, 288, 744
1119, 394, 448
1120, 136, 150
1121, 389, 560
1122, 77, 787
1123, 529, 784
1124, 322, 363
1125, 5, 197
1126, 510, 786
1127, 189, 732
1128, 458, 928
1129, 651, 968
1130, 721, 877
1131, 244, 382
1132, 445, 895
1133, 170, 795
1134, 378, 611
1135, 360, 949
1136, 419, 929
1137, 265, 934
1138, 164, 577
1139, 313, 832
1140, 366, 658
1141, 532, 537
1142, 73, 263
1143, 454, 667
1144, 406, 573
1145, 88, 702
1146, 456, 638
1147, 318, 915
1148, 580, 931
1149, 490, 524
1150, 215, 597
1151, 373, 737
1152, 89, 755
1153, 477, 829
1154, 455, 549
1155, 533, 940
1156, 432, 433
1157, 7, 621
1158, 569, 851
1159, 48, 368
1160, 800, 882
1161, 631, 788
1162, 341, 821
1163, 335, 460
1164, 213, 975
1165, 16, 754
1166, 706, 860
1167, 709, 819
1168, 145, 746
1169, 101, 589
1170, 331, 835
1171, 271, 379
1172, 627, 897
1173, 518, 886
1174, 257, 509
1175, 410, 790
1176, 414, 712
1177, 104, 797
1178, 52, 628
1179, 711, 957
1180, 24, 121
1181, 114, 988
1182, 175, 855
1183, 578, 602
1184, 713, 854
1185, 17, 794
1186, 163, 391
1187, 94, 893
1188, 710, 816
1189, 701, 981
1190, 400, 439
1191, 22, 919
1192, 46, 804
1193, 465, 471
1194, 422, 768
1195, 349, 561
1196, 330, 758
1197, 501, 763
1198, 137, 892
1199, 168, 539
1200, 329, 665
1201, 228, 487
1202, 74, 200
1203, 151, 282
1204, 630, 679
1205, 514, 717
1206, 284, 467
1207, 221, 622
1208, 6, 808
1209, 34, 395
1210, 770, 947
1211, 317, 617
1212, 14, 38
1213, 41, 935
1214, 900, 997
1215, 108, 167
1216, 188, 571
1217, 380, 508
1218, 371, 693
1219, 593, 671
1220, 450, 556
1221, 494, 521
1222, 181, 528
1223, 582, 905
1224, 142, 718
1225, 337, 347
1226, 545, 745
1227, 66, 165
1228, 502, 629
1229, 506, 826
1230, 35, 403
1231, 13, 505
1232, 205, 623
1233, 550, 908
1234, 386, 575
1235, 811, 924
1236, 242, 833
1237, 67, 581
1238, 21, 231
1239, 64, 138
1240, 411, 495
1241, 28, 452
1242, 662, 889
1243, 750, 906
1244, 131, 287
1245, 33, 942
1246, 176, 873
1247, 409, 736
1248, 31, 80
1249, 588, 966
1250, 210, 605
1251, 187, 648
1252, 125, 190
1253, 225, 304
1254, 685, 761
1255, 256, 333
1256, 1, 327
1257, 69, 236
1258, 83, 274
1259, 321, 572
1260, 78, 847
1261, 115, 401
1262, 535, 849
1263, 520, 874
1264, 98, 733
1265, 173, 472
1266, 760, 880
1267, 116, 166
1268, 36, 779
1269, 362, 907
1270, 285, 416
1271, 807, 896
1272, 359, 789
1273, 135, 155
1274, 47, 809
1275, 358, 512
1276, 587, 591
1277, 79, 447
1278, 294, 590
1279, 291, 883
1280, 541, 554
1281, 700, 704
1282, 517, 955
1283, 154, 639
1284, 361, 384
1285, 364, 469
1286, 552, 741
1287, 424, 739
1288, 254, 425
1289, 113, 438
1290, 222, 513
1291, 607, 688
1292, 85, 516
1293, 9, 584
1294, 43, 141
1295, 585, 806
1296, 211, 396
1297, 20, 51
1298, 143, 708
1299, 86, 707
1300, 982, 987
1301, 293, 857
1302, 30, 132
1303, 129, 976
1304, 248, 620
1305, 328, 344
1306, 486, 574
1307, 161, 519
1308, 95, 297
1309, 449, 559
1310, 126, 435
1311, 440, 778
1312, 162, 594
1313, 576, 846
1314, 134, 753
1315, 281, 989
1316, 25, 147
1317, 429, 769
1318, 375, 650
1319, 42, 392
1320, 444, 933
1321, 303, 489
1322, 823, 944
1323, 332, 464
1324, 660, 844
1325, 219, 241
1326, 3, 904
1327, 90, 99
1328, 49, 994
1329, 53, 466
1330, 562, 875
1331, 659, 723
1332, 220, 398
1333, 283, 525
1334, 240, 300
1335, 82, 983
1336, 153, 266
1337, 218, 618
1338, 253, 305
1339, 652, 932
1340, 668, 973
1341, 268, 743
1342, 292, 990
1343, 97, 969
1344, 15, 70
1345, 842, 974
1346, 326, 522
1347, 334, 443
1348, 58, 199
1349, 345, 686
1350, 367, 796
1351, 247, 325
1352, 633, 961
1353, 308, 774
1354, 171, 421
1355, 296, 451
1356, 206, 478
1357, 828, 941
1358, 468, 912
1359, 174, 531
1360, 177, 817
1361, 567, 579
1362, 149, 275
1363, 408, 959
1364, 656, 731
1365, 204, 843
1366, 595, 672
1367, 407, 772
1368, 223, 634
1369, 139, 866
1370, 625, 647
1371, 596, 1000
1372, 492, 676
1373, 156, 570
1374, 917, 951
1375, 201, 354
1376, 192, 963
1377, 645, 887
1378, 680, 901
1379, 59, 264
1380, 608, 868
1381, 320, 692
1382, 598, 923
1383, 120, 480
1384, 405, 812
1385, 81, 178
1386, 92, 891
1387, 603, 697
1388, 309, 310
1389, 442, 716
1390, 642, 683
1391, 4, 825
1392, 102, 523
1393, 372, 764
1394, 417, 481
1395, 252, 986
1396, 457, 566
1397, 453, 727
1398, 434, 563
1399, 376, 609
1400, 462, 691
1401, 336, 996
1402, 118, 654
1403, 356, 977
1404, 483, 958
1405, 270, 898
1406, 286, 740
1407, 430, 719
1408, 295, 863
1409, 612, 720
1410, 23, 985
1411, 243, 894
1412, 311, 953
1413, 144, 872
1414, 641, 890
1415, 365, 861
1416, 18, 157
1417, 722, 960
1418, 564, 980
1419, 624, 670
1420, 696, 747
1421, 209, 636
1422, 850, 910
1423, 765, 840
1424, 536, 619
1425, 255, 473
1426, 107, 637
1427, 437, 601
1428, 428, 902
1429, 803, 813
1430, 381, 426
1431, 158, 876
1432, 678, 725
1433, 193, 939
1434, 752, 859
1435, 10, 196
1436, 810, 999
1437, 766, 780
1438, 146, 431
1439, 459, 952
1440, 298, 599
1441, 106, 182
1442, 726, 871
1443, 160, 195
1444, 646, 738
1445, 385, 610
1446, 643, 675
1447, 773, 978
1448, 557, 776
1449, 29, 606
1450, 342, 735
1451, 479, 870
1452, 497, 838
1453, 314, 413
1454, 542, 993
1455, 140, 194
1456, 299, 834
1457, 261, 496
1458, 530, 749
1459, 307, 399
1460, 436, 649
1461, 681, 926
1462, 249, 862
1463, 185, 548
1464, 123, 699
1465, 212, 338
1466, 370, 751
1467, 635, 954
1468, 32, 820
1469, 423, 729
1470, 11, 945
1471, 217, 390
1472, 793, 921
1473, 446, 592
1474, 37, 698
1475, 355, 930
1476, 350, 962
1477, 278, 383
1478, 230, 785
1479, 50, 348
1480, 971, 995
1481, 27, 169
1482, 183, 353
1483, 191, 393
1484, 62, 799
1485, 119, 463
1486, 343, 615
1487, 54, 526
1488, 260, 771
1489, 272, 909
1490, 68, 246
1491, 152, 538
1492, 148, 377
1493, 267, 534
1494, 357, 673
1495, 324, 461
1496, 484, 824
1497, 527, 979
1498, 76, 682
1499, 112, 238
1500, 616, 852
1501, 77, 720
1502, 154, 914
1503, 432, 947
1504, 522, 835
1505, 21, 358
1506, 304, 310
1507, 81, 489
1508, 236, 823
1509, 760, 912
1510, 276, 343
1511, 71, 330
1512, 93, 425
1513, 84, 387
1514, 256, 701
1515, 326, 729
1516, 296, 663
1517, 62, 837
1518, 448, 910
1519, 167, 599
1520, 855, 962
1521, 213, 568
1522, 517, 741
1523, 775, 831
1524, 336, 654
1525, 250, 849
1526, 53, 954
1527, 111, 317
1528, 285, 708
1529, 445, 699
1530, 657, 832
1531, 409, 411
1532, 776, 843
1533, 303, 928
1534, 152, 709
1535, 251, 634
1536, 717, 810
1537, 54, 840
1538, 312, 937
1539, 369, 660
1540, 395, 723
1541, 484, 935
1542, 329, 992
1543, 314, 385
1544, 552, 859
1545, 129, 762
1546, 100, 647
1547, 313, 610
1548, 541, 615
1549, 48, 700
1550, 145, 229
1551, 309, 903
1552, 582, 628
1553, 621, 643
1554, 159, 175
1555, 106, 790
1556, 270, 870
1557, 105, 132
1558, 103, 158
1559, 9, 119
1560, 128, 504
1561, 408, 590
1562, 667, 730
1563, 268, 722
1564, 477, 678
1565, 757, 973
1566, 211, 505
1567, 838, 891
1568, 679, 792
1569, 176, 594
1570, 883, 893
1571, 227, 272
1572, 139, 852
1573, 184, 507
1574, 322, 611
1575, 173, 682
1576, 27, 743
1577, 825, 991
1578, 301, 422
1579, 78, 746
1580, 433, 950
1581, 494, 869
1582, 782, 793
1583, 57, 544
1584, 521, 944
1585, 769, 826
1586, 483, 499
1587, 125, 308
1588, 747, 847
1589, 719, 803
1590, 344, 908
1591, 228, 736
1592, 399, 539
1593, 338, 897
1594, 576, 703
1595, 614, 940
1596, 459, 824
1597, 351, 998
1598, 368, 649
1599, 393, 865
1600, 183, 961
1601, 464, 889
1602, 10, 561
1603, 877, 978
1604, 207, 728
1605, 437, 486
1606, 203, 732
1607, 76, 169
1608, 261, 600
1609, 430, 577
1610, 616, 879
1611, 684, 724
1612, 365, 915
1613, 704, 848
1614, 286, 416
1615, 52, 797
1616, 440, 939
1617, 512, 957
1618, 39, 844
1619, 259, 331
1620, 237, 518
1621, 618, 808
1622, 31, 394
1623, 362, 592
1624, 43, 359
1625, 405, 745
1626, 94, 423
1627, 225, 644
1628, 164, 417
1629, 401, 873
1630, 34, 688
1631, 502, 822
1632, 109, 392
1633, 11, 673
1634, 821, 974
1635, 182, 258
1636, 36, 633
1637, 435, 714
1638, 214, 853
1639, 896, 964
1640, 554, 887
1641, 384, 421
1642, 196, 321
1643, 174, 607
1644, 360, 986
1645, 200, 509
1646, 17, 993
1647, 101, 812
1648, 51, 854
1649, 750, 880
1650, 868, 932
1651, 479, 562
1652, 476, 777
1653, 653, 795
1654, 210, 492
1655, 753, 985
1656, 4, 629
1657, 356, 767
1658, 209, 564
1659, 123, 738
1660, 197, 339
1661, 661, 884
1662, 468, 860
1663, 436, 742
1664, 177, 254
1665, 194, 283
1666, 529, 814
1667, 471, 765
1668, 377, 443
1669, 72, 842
1670, 142, 297
1671, 414, 493
1672, 497, 989
1673, 363, 958
1674, 150, 655
1675, 631, 763
1676, 739, 811
1677, 390, 970
1678, 230, 672
1679, 555, 737
1680, 367, 820
1681, 862, 965
1682, 222, 816
1683, 262, 284
1684, 274, 375
1685, 1, 536
1686, 439, 791
1687, 467, 510
1688, 186, 650
1689, 345, 726
1690, 623, 942
1691, 55, 151
1692, 589, 917
1693, 189, 355
1694, 92, 683
1695, 567, 980
1696, 146, 602
1697, 216, 431
1698, 113, 774
1699, 361, 515
1700, 391, 804
1701, 248, 866
1702, 18, 761
1703, 206, 691
1704, 181, 922
1705, 415, 752
1706, 909, 979
1707, 292, 771
1708, 294, 789
1709, 546, 894
1710, 102, 833
1711, 69, 469
1712, 508, 533
1713, 38, 695
1714, 565, 929
1715, 140, 341
1716, 733, 770
1717, 219, 580
1718, 68, 238
1719, 58, 324
1720, 398, 426
1721, 180, 217
1722, 941, 975
1723, 371, 630
1724, 7, 23
1725, 442, 605
1726, 434, 926
1727, 282, 625
1728, 188, 232
1729, 86, 353
1730, 65, 269
1731, 389, 463
1732, 473, 560
1733, 161, 987
1734, 347, 864
1735, 481, 960
1736, 373, 871
1737, 876, 881
1738, 913, 955
1739, 255, 920
1740, 715, 990
1741, 305, 768
1742, 241, 901
1743, 488, 872
1744, 290, 982
1745, 588, 809
1746, 754, 886
1747, 333, 1000
1748, 659, 799
1749, 952, 968
1750, 501, 874
1751, 220, 306
1752, 645, 759
1753, 278, 550
1754, 33, 951
1755, 642, 946
1756, 551, 780
1757, 320, 516
1758, 608, 648
1759, 83, 482
1760, 90, 357
1761, 669, 911
1762, 781, 933
1763, 506, 622
1764, 573, 800
1765, 449, 899
1766, 668, 693
1767, 525, 983
1768, 136, 354
1769, 692, 830
1770, 187, 586
1771, 45, 556
1772, 640, 740
1773, 195, 839
1774, 386, 524
1775, 485, 856
1776, 131, 165
1777, 612, 948
1778, 328, 461
1779, 428, 677
1780, 455, 906
1781, 104, 624
1782, 191, 764
1783, 82, 299
1784, 185, 718
1785, 22, 275
1786, 289, 523
1787, 293, 637
1788, 243, 466
1789, 96, 969
1790, 334, 779
1791, 664, 841
1792, 118, 346
1793, 857, 943
1794, 352, 892
1795, 144, 963
1796, 24, 641
1797, 205, 949
1798, 639, 665
1799, 500, 606
1800, 253, 706
1801, 91, 462
1802, 279, 627
1803, 61, 107
1804, 287, 337
1805, 526, 967
1806, 260, 748
1807, 407, 930
1808, 457, 666
1809, 79, 470
1810, 635, 694
1811, 783, 996
1812, 16, 542
1813, 108, 976
1814, 400, 772
1815, 545, 559
1816, 756, 916
1817, 201, 798
1818, 114, 277
1819, 141, 819
1820, 88, 239
1821, 124, 419
1822, 46, 971
1823, 465, 707
1824, 379, 734
1825, 147, 727
1826, 332, 450
1827, 257, 620
1828, 231, 311
1829, 75, 424
1830, 904, 953
1831, 110, 867
1832, 66, 888
1833, 575, 696
1834, 613, 778
1835, 702, 721
1836, 376, 676
1837, 64, 626
1838, 531, 885
1839, 178, 936
1840, 179, 574
1841, 14, 735
1842, 117, 829
1843, 115, 349
1844, 2, 796
1845, 478, 537
1846, 80, 447
1847, 318, 863
1848, 587, 787
1849, 135, 247
1850, 192, 458
1851, 452, 815
1852, 528, 716
1853, 234, 412
1854, 597, 713
1855, 584, 813
1856, 44, 226
1857, 350, 638
1858, 242, 995
1859, 47, 999
1860, 56, 817
1861, 571, 656
1862, 413, 690
1863, 319, 540
1864, 846, 931
1865, 116, 474
1866, 130, 549
1867, 5, 380
1868, 553, 794
1869, 166, 307
1870, 460, 925
1871, 513, 681
1872, 674, 784
1873, 3, 193
1874, 28, 438
1875, 366, 758
1876, 198, 233
1877, 490, 705
1878, 162, 773
1879, 595, 805
1880, 558, 786
1881, 32, 316
1882, 120, 900
1883, 60, 456
1884, 42, 121
1885, 698, 927
1886, 381, 444
1887, 895, 907
1888, 609, 652
1889, 190, 402
1890, 596, 966
1891, 127, 646
1892, 418, 988
1893, 59, 749
1894, 548, 744
1895, 291, 472
1896, 295, 383
1897, 498, 538
1898, 246, 266
1899, 569, 934
1900, 480, 725
1901, 204, 441
1902, 63, 850
1903, 298, 686
1904, 74, 160
1905, 570, 697
1906, 766, 802
1907, 171, 378
1908, 685, 711
1909, 572, 878
1910, 153, 342
1911, 249, 372
1912, 454, 591
1913, 49, 617
1914, 40, 397
1915, 170, 604
1916, 156, 172
1917, 547, 918
1918, 95, 280
1919, 446, 924
1920, 157, 658
1921, 126, 388
1922, 370, 636
1923, 451, 511
1924, 534, 689
1925, 265, 300
1926, 221, 429
1927, 585, 984
1928, 785, 921
1929, 19, 223
1930, 902, 997
1931, 6, 50
1932, 836, 938
1933, 530, 583
1934, 264, 827
1935, 662, 687
1936, 374, 977
1937, 133, 801
1938, 535, 858
1939, 112, 632
1940, 99, 578
1941, 137, 514
1942, 603, 923
1943, 37, 731
1944, 519, 861
1945, 302, 348
1946, 420, 972
1947, 851, 905
1948, 675, 898
1949, 271, 532
1950, 122, 845
1951, 41, 557
1952, 12, 818
1953, 202, 959
1954, 67, 218
1955, 87, 148
1956, 281, 828
1957, 327, 680
1958, 208, 981
1959, 15, 245
1960, 244, 404
1961, 134, 163
1962, 503, 563
1963, 788, 807
1964, 35, 396
1965, 288, 527
1966, 252, 403
1967, 273, 491
1968, 155, 581
1969, 475, 994
1970, 323, 382
1971, 235, 487
1972, 199, 890
1973, 85, 945
1974, 410, 601
1975, 240, 263
1976, 340, 806
1977, 651, 956
1978, 406, 598
1979, 20, 25
1980, 566, 834
1981, 427, 670
1982, 73, 919
1983, 97, 710
1984, 8, 712
1985, 593, 619
1986, 143, 364
1987, 224, 453
1988, 30, 755
1989, 215, 325
1990, 29, 671
1991, 89, 138
1992, 26, 495
1993, 751, 875
1994, 149, 579
1995, 315, 882
1996, 168, 335
1997, 267, 496
1998, 212, 520
1999, 13, 98
2000, 70, 543
2001, 209, 414
2002, 126, 664
2003, 57, 863
2004, 526, 645
2005, 795, 828
2006, 275, 343
2007, 473, 605
2008, 592, 884
2009, 188, 197
2010, 546, 799
2011, 640, 706
2012, 422, 708
2013, 567, 810
2014, 648, 958
2015, 711, 741
2016, 250, 426
2017, 171, 428
2018, 7, 767
2019, 492, 783
2020, 172, 555
2021, 72, 703
2022, 64, 437
2023, 260, 462
2024, 450, 534
2025, 407, 904
2026, 281, 812
2027, 110, 722
2028, 196, 249
2029, 417, 581
2030, 781, 848
2031, 385, 887
2032, 143, 244
2033, 266, 928
2034, 346, 830
2035, 240, 395
2036, 127, 213
2037, 953, 954
2038, 524, 825
2039, 313, 451
2040, 151, 338
2041, 214, 271
2042, 308, 712
2043, 536, 972
2044, 8, 92
2045, 454, 926
2046, 467, 547
2047, 134, 373
2048, 78, 695
2049, 253, 638
2050, 25, 827
2051, 371, 542
2052, 195, 496
2053, 535, 603
2054, 352, 821
2055, 155, 566
2056, 606, 776
2057, 939, 963
2058, 359, 818
2059, 302, 389
2060, 174, 658
2061, 624, 852
2062, 545, 587
2063, 772, 891
2064, 329, 973
2065, 144, 301
2066, 642, 790
2067, 17, 137
2068, 58, 699
2069, 96, 686
2070, 629, 937
2071, 923, 968
2072, 239, 917
2073, 243, 877
2074, 751, 905
2075, 351, 402
2076, 317, 319
2077, 416, 565
2078, 289, 997
2079, 185, 386
2080, 86, 687
2081, 79, 409
2082, 341, 474
2083, 67, 602
2084, 23, 865
2085, 735, 802
2086, 671, 705
2087, 443, 750
2088, 198, 792
2089, 245, 774
2090, 796, 936
2091, 219, 908
2092, 634, 820
2093, 175, 347
2094, 290, 393
2095, 109, 247
2096, 106, 284
2097, 76, 471
2098, 10, 364
2099, 785, 986
2100, 102, 283
2101, 121, 147
2102, 42, 318
2103, 226, 914
2104, 590, 650
2105, 441, 855
2106, 34, 907
2107, 141, 355
2108, 530, 719
2109, 120, 431
2110, 180, 653
2111, 294, 361
2112, 757, 984
2113, 498, 861
2114, 643, 761
2115, 19, 148
2116, 397, 889
2117, 48, 401
2118, 411, 816
2119, 39, 269
2120, 495, 519
2121, 833, 964
2122, 350, 764
2123, 5, 52
2124, 265, 293
2125, 30, 220
2126, 142, 331
2127, 597, 668
2128, 479, 743
2129, 24, 370
2130, 189, 248
2131, 322, 362
2132, 344, 366
2133, 724, 844
2134, 256, 676
2135, 282, 489
2136, 87, 237
2137, 62, 279
2138, 165, 617
2139, 108, 578
2140, 457, 991
2141, 205, 554
2142, 149, 222
2143, 569, 657
2144, 445, 632
2145, 157, 557
2146, 53, 164
2147, 458, 552
2148, 70, 399
2149, 770, 878
2150, 363, 950
2151, 310, 330
2152, 326, 959
2153, 221, 994
2154, 132, 277
2155, 94, 717
2156, 154, 472
2157, 161, 238
2158, 267, 619
2159, 809, 993
2160, 117, 340
2161, 804, 901
2162, 298, 942
2163, 468, 679
2164, 315, 864
2165, 918, 969
2166, 596, 921
2167, 187, 452
2168, 54, 661
2169, 911, 957
2170, 576, 880
2171, 367, 956
2172, 40, 316
2173, 819, 838
2174, 73, 419
2175, 193, 435
2176, 246, 448
2177, 129, 839
2178, 507, 869
2179, 327, 847
2180, 438, 731
2181, 482, 559
2182, 44, 786
2183, 383, 857
2184, 497, 663
2185, 398, 992
2186, 697, 791
2187, 469, 834
2188, 896, 990
2189, 478, 985
2190, 328, 490
2191, 97, 297
2192, 12, 586
2193, 160, 808
2194, 176, 944
2195, 464, 915
2196, 377, 504
2197, 74, 463
2198, 100, 169
2199, 37, 292
2200, 218, 537
2201, 396, 961
2202, 112, 115
2203, 582, 794
2204, 421, 800
2205, 539, 813
2206, 531, 709
2207, 423, 872
2208, 704, 974
2209, 47, 669
2210, 156, 368
2211, 623, 900
2212, 540, 897
2213, 159, 635
2214, 390, 654
2215, 714, 756
2216, 334, 836
2217, 360, 999
2218, 321, 432
2219, 33, 622
2220, 737, 898
2221, 227, 729
2222, 323, 694
2223, 439, 927
2224, 27, 551
2225, 241, 523
2226, 206, 845
2227, 486, 885
2228, 459, 945
2229, 13, 978
2230, 81, 859
2231, 98, 614
2232, 575, 873
2233, 16, 929
2234, 139, 500
2235, 158, 924
2236, 119, 392
2237, 342, 760
2238, 50, 306
2239, 372, 412
2240, 503, 951
2241, 723, 930
2242, 278, 803
2243, 430, 748
2244, 6, 692
2245, 667, 710
2246, 43, 970
2247, 521, 941
2248, 837, 998
2249, 879, 890
2250, 36, 388
2251, 215, 805
2252, 163, 510
2253, 337, 843
2254, 684, 933
2255, 312, 506
2256, 264, 715
2257, 466, 841
2258, 600, 662
2259, 856, 946
2260, 207, 740
2261, 59, 453
2262, 876, 883
2263, 68, 744
2264, 434, 666
2265, 69, 806
2266, 274, 955
2267, 56, 138
2268, 378, 903
2269, 574, 888
2270, 204, 773
2271, 51, 562
2272, 280, 332
2273, 797, 975
2274, 374, 925
2275, 178, 749
2276, 410, 646
2277, 184, 324
2278, 637, 934
2279, 612, 943
2280, 513, 780
2281, 128, 849
2282, 118, 123
2283, 122, 173
2284, 228, 768
2285, 167, 689
2286, 26, 103
2287, 440, 532
2288, 61, 493
2289, 738, 851
2290, 153, 525
2291, 63, 771
2292, 177, 832
2293, 477, 682
2294, 170, 512
2295, 680, 949
2296, 55, 182
2297, 133, 814
2298, 194, 584
2299, 45, 561
2300, 627, 766
2301, 22, 824
2302, 568, 931
2303, 28, 563
2304, 436, 882
2305, 675, 909
2306, 892, 940
2307, 276, 862
2308, 538, 579
2309, 232, 967
2310, 481, 971
2311, 665, 734
2312, 835, 894
2313, 358, 379
2314, 406, 618
2315, 146, 223
2316, 502, 966
2317, 32, 203
2318, 91, 763
2319, 140, 461
2320, 353, 979
2321, 236, 977
2322, 745, 787
2323, 15, 18
2324, 349, 713
2325, 577, 736
2326, 4, 300
2327, 660, 707
2328, 403, 846
2329, 762, 987
2330, 381, 829
2331, 49, 382
2332, 527, 544
2333, 620, 983
2334, 208, 633
2335, 485, 589
2336, 229, 769
2337, 499, 625
2338, 307, 980
2339, 670, 916
2340, 604, 895
2341, 66, 775
2342, 335, 920
2343, 613, 881
2344, 46, 225
2345, 716, 754
2346, 71, 777
2347, 522, 647
2348, 656, 826
2349, 83, 405
2350, 89, 199
2351, 484, 982
2352, 449, 541
2353, 273, 976
2354, 400, 730
2355, 309, 516
2356, 387, 817
2357, 508, 938
2358, 200, 404
2359, 85, 831
2360, 348, 850
2361, 494, 515
2362, 99, 696
2363, 509, 693
2364, 651, 947
2365, 788, 952
2366, 251, 621
2367, 268, 854
2368, 77, 217
2369, 255, 262
2370, 150, 470
2371, 339, 626
2372, 447, 899
2373, 415, 778
2374, 639, 759
2375, 21, 674
2376, 29, 380
2377, 487, 784
2378, 311, 758
2379, 224, 456
2380, 88, 424
2381, 858, 910
2382, 333, 989
2383, 287, 906
2384, 528, 550
2385, 152, 181
2386, 296, 553
2387, 593, 875
2388, 35, 60
2389, 235, 520
2390, 104, 981
2391, 591, 683
2392, 636, 739
2393, 354, 659
2394, 886, 919
2395, 357, 571
2396, 65, 685
2397, 702, 867
2398, 442, 573
2399, 616, 913
2400, 111, 608
2401, 433, 732
2402, 93, 413
2403, 505, 543
2404, 252, 798
2405, 288, 444
2406, 114, 746
2407, 263, 988
2408, 728, 789
2409, 376, 572
2410, 234, 932
2411, 529, 601
2412, 130, 345
2413, 1, 107
2414, 183, 517
2415, 609, 673
2416, 31, 101
2417, 391, 840
2418, 652, 868
2419, 701, 725
2420, 779, 1000
2421, 511, 811
2422, 418, 733
2423, 304, 518
2424, 325, 580
2425, 145, 314
2426, 649, 681
2427, 212, 742
2428, 20, 558
2429, 2, 233
2430, 429, 560
2431, 286, 564
2432, 611, 962
2433, 80, 801
2434, 41, 303
2435, 125, 599
2436, 166, 782
2437, 113, 465
2438, 726, 995
2439, 95, 718
2440, 641, 996
2441, 3, 549
2442, 258, 420
2443, 105, 501
2444, 672, 720
2445, 491, 765
2446, 90, 211
2447, 607, 698
2448, 583, 874
2449, 242, 752
2450, 365, 615
2451, 460, 922
2452, 866, 870
2453, 655, 678
2454, 116, 425
2455, 291, 630
2456, 369, 483
2457, 822, 860
2458, 842, 893
2459, 131, 853
2460, 191, 747
2461, 272, 336
2462, 488, 960
2463, 595, 727
2464, 216, 823
2465, 305, 476
2466, 285, 585
2467, 11, 254
2468, 261, 570
2469, 480, 644
2470, 257, 299
2471, 610, 755
2472, 9, 82
2473, 75, 533
2474, 168, 202
2475, 190, 548
2476, 384, 514
2477, 807, 948
2478, 691, 912
2479, 38, 136
2480, 628, 753
2481, 162, 690
2482, 135, 700
2483, 408, 475
2484, 179, 902
2485, 230, 631
2486, 201, 455
2487, 556, 598
2488, 259, 446
2489, 124, 186
2490, 320, 356
2491, 14, 815
2492, 394, 871
2493, 935, 965
2494, 84, 375
2495, 210, 231
2496, 588, 721
2497, 594, 688
2498, 295, 677
2499, 192, 793
2500, 270, 427
2501, 239, 438
2502, 177, 276
2503, 414, 695
2504, 16, 171
2505, 515, 764
2506, 70, 91
2507, 319, 360
2508, 192, 233
2509, 252, 846
2510, 434, 915
2511, 305, 389
2512, 52, 609
2513, 511, 987
2514, 19, 456
2515, 541, 769
2516, 665, 726
2517, 210, 974
2518, 412, 737
2519, 135, 703
2520, 271, 572
2521, 729, 874
2522, 384, 641
2523, 164, 348
2524, 984, 995
2525, 442, 480
2526, 74, 417
2527, 197, 275
2528, 628, 864
2529, 261, 339
2530, 605, 626
2531, 296, 742
2532, 112, 656
2533, 71, 96
2534, 55, 470
2535, 11, 345
2536, 272, 382
2537, 170, 522
2538, 37, 789
2539, 505, 506
2540, 436, 491
2541, 733, 924
2542, 561, 909
2543, 163, 604
2544, 407, 440
2545, 246, 350
2546, 819, 993
2547, 595, 710
2548, 374, 619
2549, 40, 400
2550, 6, 83
2551, 254, 606
2552, 143, 623
2553, 847, 885
2554, 127, 953
2555, 250, 372
2556, 447, 795
2557, 115, 300
2558, 139, 933
2559, 919, 983
2560, 145, 842
2561, 297, 711
2562, 696, 973
2563, 612, 945
2564, 160, 461
2565, 420, 822
2566, 73, 784
2567, 423, 587
2568, 123, 473
2569, 141, 757
2570, 686, 867
2571, 3, 736
2572, 676, 854
2573, 946, 986
2574, 829, 840
2575, 518, 589
2576, 365, 979
2577, 134, 923
2578, 309, 720
2579, 532, 675
2580, 576, 870
2581, 273, 427
2582, 592, 698
2583, 708, 939
2584, 800, 809
2585, 79, 543
2586, 380, 622
2587, 709, 782
2588, 103, 500
2589, 119, 312
2590, 517, 850
2591, 129, 887
2592, 677, 807
2593, 356, 661
2594, 614, 804
2595, 7, 834
2596, 701, 999
2597, 637, 890
2598, 90, 683
2599, 30, 226
2600, 446, 501
2601, 409, 550
2602, 116, 236
2603, 234, 912
2604, 291, 634
2605, 66, 538
2606, 494, 536
2607, 363, 949
2608, 39, 673
2609, 186, 633
2610, 60, 404
2611, 155, 452
2612, 161, 881
2613, 211, 616
2614, 256, 369
2615, 545, 715
2616, 293, 1000
2617, 17, 451
2618, 753, 967
2619, 18, 277
2620, 209, 216
2621, 165, 602
2622, 81, 286
2623, 9, 46
2624, 443, 877
2625, 475, 943
2626, 92, 489
2627, 496, 534
2628, 199, 879
2629, 608, 880
2630, 353, 787
2631, 454, 580
2632, 68, 713
2633, 157, 780
2634, 237, 744
2635, 214, 947
2636, 137, 284
2637, 257, 523
2638, 265, 342
2639, 196, 299
2640, 200, 559
2641, 295, 830
2642, 51, 486
2643, 25, 107
2644, 416, 610
2645, 341, 430
2646, 670, 672
2647, 147, 574
2648, 631, 748
2649, 12, 474
2650, 490, 905
2651, 431, 884
2652, 15, 938
2653, 479, 868
2654, 232, 316
2655, 14, 125
2656, 468, 944
2657, 723, 920
2658, 202, 292
2659, 169, 347
2660, 184, 531
2661, 333, 337
2662, 618, 970
2663, 863, 878
2664, 241, 573
2665, 361, 825
2666, 375, 811
2667, 110, 393
2668, 278, 731
2669, 35, 355
2670, 554, 692
2671, 760, 812
2672, 235, 763
2673, 121, 476
2674, 54, 387
2675, 588, 777
2676, 432, 926
2677, 267, 334
2678, 87, 891
2679, 62, 204
2680, 598, 851
2681, 366, 971
2682, 274, 327
2683, 519, 564
2684, 88, 133
2685, 581, 743
2686, 740, 762
2687, 94, 402
2688, 144, 251
2689, 579, 898
2690, 798, 994
2691, 111, 148
2692, 758, 849
2693, 722, 942
2694, 483, 922
2695, 126, 869
2696, 77, 294
2697, 453, 952
2698, 326, 549
2699, 551, 838
2700, 80, 611
2701, 629, 746
2702, 82, 856
2703, 76, 325
2704, 718, 823
2705, 308, 802
2706, 783, 902
2707, 467, 705
2708, 816, 858
2709, 903, 904
2710, 173, 279
2711, 796, 832
2712, 586, 734
2713, 521, 785
2714, 344, 977
2715, 535, 950
2716, 136, 215
2717, 162, 270
2718, 207, 231
2719, 187, 861
2720, 213, 465
2721, 85, 477
2722, 848, 969
2723, 118, 220
2724, 57, 221
2725, 69, 771
2726, 208, 317
2727, 249, 781
2728, 185, 989
2729, 335, 928
2730, 648, 773
2731, 482, 525
2732, 398, 539
2733, 182, 457
2734, 247, 792
2735, 646, 966
2736, 58, 843
2737, 508, 547
2738, 725, 799
2739, 59, 772
2740, 205, 567
2741, 49, 283
2742, 462, 886
2743, 227, 754
2744, 8, 537
2745, 510, 635
2746, 72, 607
2747, 600, 615
2748, 542, 824
2749, 120, 649
2750, 203, 889
2751, 243, 917
2752, 132, 959
2753, 700, 820
2754, 146, 632
2755, 282, 311
2756, 379, 794
2757, 530, 617
2758, 188, 303
2759, 89, 105
2760, 413, 415
2761, 364, 671
2762, 603, 620
2763, 441, 836
2764, 150, 895
2765, 31, 960
2766, 821, 911
2767, 751, 907
2768, 775, 981
2769, 93, 896
2770, 528, 931
2771, 435, 668
2772, 13, 397
2773, 321, 957
2774, 421, 449
2775, 86, 937
2776, 67, 667
2777, 217, 466
2778, 406, 674
2779, 654, 681
2780, 756, 985
2781, 706, 841
2782, 238, 997
2783, 22, 140
2784, 357, 833
2785, 178, 913
2786, 396, 658
2787, 422, 507
2788, 101, 728
2789, 599, 693
2790, 26, 28
2791, 281, 793
2792, 27, 596
2793, 222, 526
2794, 472, 831
2795, 597, 955
2796, 42, 982
2797, 352, 906
2798, 555, 650
2799, 660, 888
2800, 229, 425
2801, 818, 876
2802, 181, 948
2803, 269, 593
2804, 935, 962
2805, 225, 826
2806, 189, 941
2807, 358, 373
2808, 255, 455
2809, 390, 662
2810, 128, 512
2811, 260, 687
2812, 151, 349
2813, 553, 652
2814, 285, 487
2815, 175, 996
2816, 411, 624
2817, 556, 669
2818, 122, 991
2819, 108, 645
2820, 130, 788
2821, 318, 716
2822, 106, 779
2823, 408, 883
2824, 172, 691
2825, 230, 351
2826, 287, 647
2827, 395, 460
2828, 212, 448
2829, 546, 712
2830, 558, 892
2831, 399, 873
2832, 401, 808
2833, 613, 975
2834, 194, 714
2835, 310, 790
2836, 198, 694
2837, 383, 965
2838, 166, 968
2839, 584, 591
2840, 368, 689
2841, 583, 872
2842, 570, 897
2843, 568, 855
2844, 330, 332
2845, 362, 527
2846, 259, 688
2847, 23, 961
2848, 64, 100
2849, 346, 642
2850, 224, 410
2851, 65, 168
2852, 497, 601
2853, 323, 894
2854, 484, 498
2855, 354, 805
2856, 245, 992
2857, 478, 678
2858, 174, 509
2859, 533, 936
2860, 657, 871
2861, 685, 749
2862, 747, 767
2863, 752, 899
2864, 594, 839
2865, 95, 529
2866, 228, 814
2867, 741, 755
2868, 45, 803
2869, 392, 724
2870, 102, 875
2871, 219, 439
2872, 328, 908
2873, 639, 680
2874, 290, 445
2875, 154, 495
2876, 156, 640
2877, 499, 636
2878, 493, 990
2879, 63, 429
2880, 367, 560
2881, 48, 329
2882, 10, 918
2883, 815, 963
2884, 575, 980
2885, 266, 940
2886, 280, 914
2887, 248, 304
2888, 1, 563
2889, 376, 426
2890, 730, 845
2891, 29, 866
2892, 206, 503
2893, 458, 857
2894, 84, 732
2895, 43, 813
2896, 113, 514
2897, 481, 582
2898, 193, 585
2899, 179, 739
2900, 338, 625
2901, 268, 664
2902, 313, 331
2903, 61, 264
2904, 702, 768
2905, 298, 565
2906, 322, 444
2907, 544, 791
2908, 53, 504
2909, 47, 666
2910, 34, 566
2911, 643, 910
2912, 218, 765
2913, 288, 562
2914, 138, 859
2915, 699, 901
2916, 306, 659
2917, 159, 627
2918, 315, 806
2919, 153, 951
2920, 183, 655
2921, 190, 630
2922, 682, 998
2923, 381, 964
2924, 21, 958
2925, 524, 828
2926, 114, 336
2927, 302, 925
2928, 320, 638
2929, 195, 324
2930, 244, 932
2931, 557, 860
2932, 424, 954
2933, 38, 377
2934, 697, 900
2935, 109, 340
2936, 2, 707
2937, 149, 569
2938, 450, 621
2939, 191, 827
2940, 117, 745
2941, 459, 761
2942, 653, 988
2943, 167, 852
2944, 485, 704
2945, 516, 837
2946, 759, 929
2947, 176, 797
2948, 33, 766
2949, 180, 418
2950, 158, 359
2951, 223, 289
2952, 578, 727
2953, 394, 817
2954, 4, 930
2955, 778, 927
2956, 152, 770
2957, 419, 690
2958, 263, 644
2959, 391, 590
2960, 307, 735
2961, 502, 916
2962, 20, 810
2963, 98, 844
2964, 258, 343
2965, 679, 721
2966, 142, 520
2967, 36, 50
2968, 44, 801
2969, 552, 717
2970, 428, 738
2971, 488, 865
2972, 774, 835
2973, 131, 262
2974, 403, 469
2975, 201, 433
2976, 99, 719
2977, 240, 464
2978, 750, 786
2979, 513, 577
2980, 386, 972
2981, 75, 378
2982, 242, 492
2983, 253, 921
2984, 5, 853
2985, 893, 976
2986, 24, 651
2987, 97, 776
2988, 388, 463
2989, 437, 862
2990, 571, 956
2991, 56, 934
2992, 32, 978
2993, 471, 684
2994, 124, 314
2995, 301, 540
2996, 371, 882
2997, 41, 663
2998, 370, 385
2999, 78, 548
3000, 104, 405
3001, 54, 296
3002, 290, 619
3003, 894, 964
3004, 77, 909
3005, 274, 757
3006, 712, 755
3007, 818, 931
3008, 101, 336
3009, 78, 201
3010, 20, 373
3011, 322, 738
3012, 567, 782
3013, 479, 892
3014, 345, 535
3015, 240, 541
3016, 533, 749
3017, 425, 707
3018, 232, 569
3019, 317, 626
3020, 253, 551
3021, 183, 783
3022, 55, 480
3023, 6, 517
3024, 596, 686
3025, 388, 903
3026, 45, 752
3027, 953, 958
3028, 288, 501
3029, 374, 393
3030, 225, 850
3031, 69, 681
3032, 417, 508
3033, 344, 436
3034, 255, 731
3035, 270, 386
3036, 581, 705
3037, 246, 765
3038, 830, 978
3039, 820, 844
3040, 273, 945
3041, 318, 564
3042, 278, 675
3043, 382, 988
3044, 729, 951
3045, 390, 461
3046, 176, 360
3047, 792, 908
3048, 767, 824
3049, 187, 860
3050, 157, 629
3051, 562, 797
3052, 148, 644
3053, 437, 917
3054, 33, 282
3055, 216, 583
3056, 611, 907
3057, 221, 350
3058, 560, 636
3059, 653, 753
3060, 502, 841
3061, 806, 937
3062, 196, 794
3063, 68, 100
3064, 76, 268
3065, 79, 519
3066, 367, 424
3067, 503, 923
3068, 353, 940
3069, 249, 785
3070, 927, 986
3071, 447, 845
3072, 510, 801
3073, 243, 507
3074, 94, 500
3075, 13, 598
3076, 492, 799
3077, 438, 872
3078, 408, 670
3079, 710, 904
3080, 941, 968
3081, 121, 236
3082, 26, 848
3083, 703, 750
3084, 133, 224
3085, 215, 285
3086, 449, 944
3087, 760, 987
3088, 409, 652
3089, 525, 857
3090, 478, 890
3091, 451, 505
3092, 325, 802
3093, 575, 773
3094, 204, 342
3095, 86, 164
3096, 327, 328
3097, 23, 311
3098, 476, 854
3099, 258, 685
3100, 146, 996
3101, 482, 883
3102, 193, 659
3103, 259, 529
3104, 320, 660
3105, 138, 383
3106, 209, 440
3107, 416, 761
3108, 559, 949
3109, 10, 56
3110, 265, 401
3111, 67, 934
3112, 267, 335
3113, 748, 888
3114, 534, 974
3115, 276, 983
3116, 702, 976
3117, 676, 787
3118, 816, 979
3119, 252, 418
3120, 597, 625
3121, 481, 832
3122, 125, 392
3123, 51, 984
3124, 97, 928
3125, 770, 889
3126, 203, 212
3127, 375, 608
3128, 532, 804
3129, 387, 649
3130, 385, 530
3131, 142, 271
3132, 242, 932
3133, 35, 855
3134, 441, 754
3135, 238, 489
3136, 462, 814
3137, 128, 807
3138, 150, 361
3139, 298, 405
3140, 27, 810
3141, 194, 708
3142, 181, 585
3143, 110, 555
3144, 16, 874
3145, 379, 798
3146, 467, 689
3147, 674, 859
3148, 21, 251
3149, 30, 540
3150, 842, 866
3151, 173, 831
3152, 400, 893
3153, 136, 294
3154, 174, 929
3155, 775, 897
3156, 377, 879
3157, 321, 688
3158, 376, 774
3159, 486, 989
3160, 898, 926
3161, 443, 718
3162, 43, 666
3163, 313, 548
3164, 309, 735
3165, 690, 998
3166, 434, 475
3167, 124, 305
3168, 84, 163
3169, 365, 490
3170, 73, 394
3171, 455, 665
3172, 415, 870
3173, 31, 800
3174, 323, 470
3175, 12, 571
3176, 93, 642
3177, 99, 781
3178, 19, 263
3179, 171, 370
3180, 338, 994
3181, 9, 678
3182, 169, 192
3183, 491, 838
3184, 175, 235
3185, 147, 186
3186, 381, 990
3187, 477, 538
3188, 50, 299
3189, 98, 967
3190, 41, 861
3191, 111, 488
3192, 896, 980
3193, 640, 790
3194, 516, 741
3195, 594, 886
3196, 119, 727
3197, 821, 981
3198, 102, 847
3199, 340, 442
3200, 834, 887
3201, 47, 389
3202, 143, 368
3203, 96, 407
3204, 546, 835
3205, 304, 971
3206, 698, 862
3207, 2, 867
3208, 545, 720
3209, 891, 973
3210, 586, 609
3211, 429, 915
3212, 123, 406
3213, 632, 701
3214, 81, 341
3215, 497, 677
3216, 217, 454
3217, 180, 878
3218, 858, 962
3219, 771, 772
3220, 346, 906
3221, 57, 970
3222, 839, 843
3223, 254, 809
3224, 745, 768
3225, 351, 650
3226, 504, 717
3227, 469, 561
3228, 306, 607
3229, 188, 315
3230, 284, 884
3231, 129, 423
3232, 526, 936
3233, 105, 155
3234, 672, 849
3235, 228, 369
3236, 292, 329
3237, 384, 622
3238, 7, 638
3239, 576, 667
3240, 471, 639
3241, 189, 269
3242, 38, 813
3243, 459, 572
3244, 334, 695
3245, 643, 684
3246, 60, 721
3247, 589, 995
3248, 260, 762
3249, 402, 788
3250, 108, 521
3251, 671, 696
3252, 140, 247
3253, 378, 948
3254, 107, 930
3255, 74, 286
3256, 651, 700
3257, 355, 960
3258, 397, 628
3259, 200, 634
3260, 463, 635
3261, 22, 744
3262, 789, 985
3263, 36, 518
3264, 15, 527
3265, 112, 590
3266, 895, 921
3267, 358, 371
3268, 237, 426
3269, 584, 851
3270, 152, 916
3271, 168, 740
3272, 692, 714
3273, 178, 693
3274, 139, 262
3275, 339, 952
3276, 618, 697
3277, 223, 982
3278, 220, 432
3279, 398, 899
3280, 185, 303
3281, 815, 853
3282, 205, 656
3283, 87, 827
3284, 613, 803
3285, 62, 364
3286, 570, 825
3287, 357, 826
3288, 588, 778
3289, 565, 769
3290, 662, 914
3291, 244, 591
3292, 363, 682
3293, 229, 266
3294, 413, 578
3295, 495, 657
3296, 32, 63
3297, 573, 961
3298, 574, 733
3299, 49, 513
3300, 411, 568
3301, 664, 1000
3302, 151, 925
3303, 166, 308
3304, 64, 414
3305, 11, 330
3306, 120, 876
3307, 184, 913
3308, 275, 453
3309, 103, 127
3310, 550, 658
3311, 734, 885
3312, 25, 233
3313, 72, 159
3314, 231, 955
3315, 39, 161
3316, 726, 997
3317, 307, 663
3318, 552, 751
3319, 343, 836
3320, 777, 791
3321, 24, 648
3322, 736, 776
3323, 287, 602
3324, 580, 616
3325, 1, 515
3326, 633, 742
3327, 473, 977
3328, 114, 558
3329, 301, 348
3330, 780, 966
3331, 333, 604
3332, 448, 763
3333, 156, 840
3334, 257, 599
3335, 145, 191
3336, 167, 737
3337, 431, 880
3338, 42, 756
3339, 177, 435
3340, 337, 610
3341, 420, 603
3342, 83, 208
3343, 428, 536
3344, 89, 116
3345, 795, 911
3346, 70, 910
3347, 3, 711
3348, 817, 863
3349, 104, 716
3350, 312, 557
3351, 520, 673
3352, 522, 939
3353, 75, 549
3354, 91, 95
3355, 65, 352
3356, 730, 942
3357, 592, 956
3358, 523, 728
3359, 680, 829
3360, 295, 881
3361, 391, 506
3362, 822, 924
3363, 759, 901
3364, 623, 943
3365, 631, 905
3366, 380, 553
3367, 195, 542
3368, 547, 706
3369, 422, 624
3370, 149, 158
3371, 222, 919
3372, 179, 331
3373, 359, 796
3374, 577, 811
3375, 117, 347
3376, 71, 713
3377, 227, 837
3378, 498, 963
3379, 250, 332
3380, 349, 957
3381, 29, 137
3382, 126, 154
3383, 277, 725
3384, 606, 808
3385, 248, 316
3386, 234, 999
3387, 421, 466
3388, 458, 812
3389, 241, 554
3390, 412, 511
3391, 310, 637
3392, 396, 786
3393, 131, 922
3394, 118, 743
3395, 439, 474
3396, 496, 947
3397, 465, 846
3398, 683, 950
3399, 82, 153
3400, 291, 972
3401, 113, 992
3402, 264, 766
3403, 419, 954
3404, 218, 566
3405, 615, 875
3406, 109, 528
3407, 165, 833
3408, 261, 444
3409, 314, 319
3410, 115, 256
3411, 130, 704
3412, 483, 655
3413, 88, 582
3414, 245, 630
3415, 226, 326
3416, 207, 975
3417, 135, 699
3418, 450, 871
3419, 283, 403
3420, 556, 694
3421, 214, 935
3422, 456, 715
3423, 404, 654
3424, 612, 723
3425, 66, 464
3426, 202, 297
3427, 617, 722
3428, 90, 563
3429, 427, 758
3430, 362, 668
3431, 645, 647
3432, 92, 627
3433, 805, 918
3434, 293, 514
3435, 605, 969
3436, 199, 747
3437, 37, 210
3438, 779, 823
3439, 485, 902
3440, 52, 679
3441, 484, 621
3442, 106, 620
3443, 18, 433
3444, 198, 601
3445, 141, 856
3446, 395, 410
3447, 868, 946
3448, 230, 280
3449, 132, 614
3450, 162, 206
3451, 399, 991
3452, 197, 219
3453, 452, 764
3454, 537, 732
3455, 53, 160
3456, 58, 85
3457, 172, 687
3458, 356, 912
3459, 595, 746
3460, 543, 544
3461, 302, 493
3462, 34, 324
3463, 372, 472
3464, 61, 882
3465, 819, 877
3466, 134, 499
3467, 59, 661
3468, 494, 719
3469, 4, 281
3470, 190, 487
3471, 46, 864
3472, 213, 509
3473, 512, 600
3474, 460, 468
3475, 48, 869
3476, 446, 959
3477, 524, 646
3478, 300, 938
3479, 17, 531
3480, 593, 641
3481, 272, 828
3482, 239, 920
3483, 366, 865
3484, 587, 933
3485, 430, 793
3486, 28, 182
3487, 289, 724
3488, 445, 993
3489, 457, 784
3490, 211, 739
3491, 279, 873
3492, 80, 691
3493, 40, 579
3494, 539, 965
3495, 8, 122
3496, 14, 354
3497, 5, 144
3498, 170, 852
3499, 669, 900
3500, 44, 709
3501, 93, 756
3502, 162, 683
3503, 56, 565
3504, 389, 953
3505, 161, 387
3506, 407, 627
3507, 518, 854
3508, 47, 816
3509, 59, 189
3510, 754, 872
3511, 379, 702
3512, 201, 483
3513, 63, 183
3514, 83, 636
3515, 293, 909
3516, 533, 596
3517, 842, 850
3518, 156, 844
3519, 361, 459
3520, 108, 211
3521, 295, 905
3522, 303, 642
3523, 414, 819
3524, 308, 646
3525, 357, 733
3526, 511, 847
3527, 278, 313
3528, 249, 963
3529, 382, 659
3530, 381, 830
3531, 560, 689
3532, 688, 986
3533, 214, 946
3534, 574, 891
3535, 508, 889
3536, 678, 741
3537, 386, 624
3538, 325, 666
3539, 78, 360
3540, 662, 832
3541, 369, 919
3542, 118, 940
3543, 428, 739
3544, 8, 503
3545, 881, 923
3546, 331, 732
3547, 167, 605
3548, 567, 670
3549, 141, 982
3550, 235, 419
3551, 194, 912
3552, 645, 779
3553, 315, 525
3554, 125, 650
3555, 79, 454
3556, 41, 595
3557, 332, 470
3558, 507, 983
3559, 151, 554
3560, 942, 966
3561, 324, 337
3562, 322, 415
3563, 445, 952
3564, 742, 829
3565, 352, 444
3566, 212, 451
3567, 67, 622
3568, 301, 643
3569, 27, 989
3570, 139, 153
3571, 329, 724
3572, 274, 461
3573, 89, 863
3574, 15, 858
3575, 522, 759
3576, 14, 216
3577, 100, 373
3578, 512, 766
3579, 3, 629
3580, 430, 845
3581, 226, 644
3582, 16, 349
3583, 44, 593
3584, 195, 372
3585, 205, 390
3586, 318, 840
3587, 427, 608
3588, 510, 807
3589, 220, 221
3590, 126, 276
3591, 395, 796
3592, 947, 974
3593, 34, 706
3594, 283, 980
3595, 625, 852
3596, 275, 484
3597, 570, 962
3598, 20, 971
3599, 73, 638
3600, 23, 204
3601, 250, 499
3602, 731, 900
3603, 540, 620
3604, 2, 886
3605, 77, 943
3606, 663, 908
3607, 33, 773
3608, 590, 955
3609, 40, 242
3610, 432, 792
3611, 70, 424
3612, 124, 603
3613, 144, 421
3614, 665, 804
3615, 71, 693
3616, 133, 482
3617, 268, 410
3618, 789, 939
3619, 32, 911
3620, 727, 885
3621, 111, 711
3622, 128, 913
3623, 651, 778
3624, 602, 729
3625, 413, 558
3626, 228, 836
3627, 7, 991
3628, 611, 960
3629, 114, 528
3630, 48, 1000
3631, 475, 990
3632, 394, 680
3633, 178, 505
3634, 434, 781
3635, 546, 777
3636, 134, 311
3637, 103, 728
3638, 893, 921
3639, 227, 594
3640, 55, 855
3641, 186, 868
3642, 246, 802
3643, 299, 884
3644, 117, 423
3645, 168, 799
3646, 809, 817
3647, 716, 772
3648, 635, 839
3649, 438, 687
3650, 712, 717
3651, 328, 426
3652, 335, 910
3653, 145, 887
3654, 448, 640
3655, 113, 875
3656, 478, 806
3657, 848, 992
3658, 305, 577
3659, 262, 740
3660, 890, 907
3661, 11, 169
3662, 76, 122
3663, 920, 987
3664, 691, 948
3665, 647, 776
3666, 506, 523
3667, 345, 374
3668, 224, 323
3669, 547, 751
3670, 746, 774
3671, 131, 416
3672, 669, 857
3673, 366, 851
3674, 150, 918
3675, 446, 843
3676, 358, 826
3677, 411, 604
3678, 501, 929
3679, 745, 815
3680, 101, 273
3681, 536, 588
3682, 258, 302
3683, 755, 824
3684, 356, 458
3685, 74, 637
3686, 52, 265
3687, 80, 370
3688, 119, 933
3689, 148, 286
3690, 270, 950
3691, 956, 999
3692, 140, 599
3693, 542, 914
3694, 288, 384
3695, 69, 587
3696, 231, 480
3697, 17, 967
3698, 233, 469
3699, 657, 714
3700, 179, 202
3701, 185, 867
3702, 137, 468
3703, 88, 895
3704, 4, 655
3705, 429, 760
3706, 798, 903
3707, 399, 449
3708, 10, 674
3709, 149, 559
3710, 600, 764
3711, 280, 790
3712, 190, 607
3713, 467, 618
3714, 563, 864
3715, 552, 825
3716, 535, 936
3717, 66, 821
3718, 621, 672
3719, 215, 562
3720, 207, 979
3721, 285, 695
3722, 35, 686
3723, 707, 846
3724, 104, 874
3725, 767, 788
3726, 142, 344
3727, 229, 400
3728, 339, 758
3729, 575, 805
3730, 556, 571
3731, 248, 752
3732, 91, 660
3733, 24, 735
3734, 26, 359
3735, 147, 218
3736, 879, 934
3737, 106, 493
3738, 787, 865
3739, 521, 901
3740, 486, 814
3741, 172, 455
3742, 545, 801
3743, 29, 244
3744, 230, 441
3745, 294, 668
3746, 65, 497
3747, 354, 757
3748, 6, 291
3749, 197, 763
3750, 61, 769
3751, 49, 579
3752, 435, 601
3753, 367, 477
3754, 160, 537
3755, 377, 541
3756, 173, 834
3757, 158, 794
3758, 312, 492
3759, 555, 653
3760, 509, 538
3761, 343, 924
3762, 87, 543
3763, 585, 586
3764, 21, 633
3765, 532, 949
3766, 38, 112
3767, 264, 626
3768, 164, 436
3769, 564, 808
3770, 385, 443
3771, 46, 785
3772, 524, 958
3773, 121, 661
3774, 300, 342
3775, 675, 775
3776, 39, 811
3777, 310, 437
3778, 208, 465
3779, 184, 463
3780, 442, 685
3781, 491, 682
3782, 393, 904
3783, 628, 975
3784, 634, 715
3785, 203, 723
3786, 520, 837
3787, 319, 632
3788, 51, 630
3789, 561, 726
3790, 287, 591
3791, 232, 747
3792, 877, 880
3793, 261, 803
3794, 254, 557
3795, 45, 656
3796, 271, 698
3797, 19, 259
3798, 143, 720
3799, 92, 234
3800, 196, 951
3801, 31, 375
3802, 701, 985
3803, 519, 957
3804, 252, 954
3805, 260, 894
3806, 243, 597
3807, 60, 876
3808, 138, 581
3809, 531, 902
3810, 206, 241
3811, 368, 485
3812, 433, 882
3813, 239, 396
3814, 835, 869
3815, 526, 898
3816, 281, 993
3817, 613, 888
3818, 135, 217
3819, 652, 725
3820, 316, 784
3821, 460, 981
3822, 709, 800
3823, 690, 994
3824, 589, 870
3825, 534, 791
3826, 346, 883
3827, 290, 820
3828, 130, 439
3829, 392, 762
3830, 170, 488
3831, 110, 453
3832, 514, 592
3833, 192, 457
3834, 267, 770
3835, 406, 822
3836, 245, 576
3837, 198, 697
3838, 43, 136
3839, 225, 572
3840, 431, 928
3841, 673, 734
3842, 255, 813
3843, 105, 163
3844, 306, 681
3845, 440, 569
3846, 334, 978
3847, 422, 481
3848, 116, 176
3849, 175, 584
3850, 102, 403
3851, 36, 177
3852, 94, 959
3853, 99, 340
3854, 159, 619
3855, 64, 494
3856, 409, 738
3857, 127, 272
3858, 922, 972
3859, 277, 964
3860, 90, 861
3861, 317, 961
3862, 282, 945
3863, 320, 676
3864, 736, 841
3865, 363, 498
3866, 793, 866
3867, 210, 269
3868, 174, 783
3869, 263, 553
3870, 247, 338
3871, 120, 915
3872, 710, 828
3873, 515, 551
3874, 336, 765
3875, 292, 892
3876, 527, 873
3877, 398, 548
3878, 614, 977
3879, 573, 795
3880, 353, 464
3881, 297, 495
3882, 240, 256
3883, 699, 984
3884, 502, 648
3885, 188, 941
3886, 580, 639
3887, 180, 931
3888, 568, 713
3889, 199, 236
3890, 30, 350
3891, 401, 744
3892, 314, 609
3893, 364, 615
3894, 513, 684
3895, 155, 417
3896, 610, 823
3897, 309, 517
3898, 132, 925
3899, 253, 786
3900, 251, 549
3901, 187, 722
3902, 479, 935
3903, 348, 654
3904, 737, 771
3905, 284, 397
3906, 623, 988
3907, 696, 860
3908, 157, 827
3909, 72, 181
3910, 238, 289
3911, 109, 154
3912, 649, 916
3913, 598, 995
3914, 333, 812
3915, 18, 753
3916, 219, 878
3917, 721, 749
3918, 330, 761
3919, 371, 906
3920, 667, 968
3921, 95, 705
3922, 50, 86
3923, 664, 926
3924, 84, 447
3925, 529, 700
3926, 191, 326
3927, 616, 748
3928, 550, 897
3929, 750, 965
3930, 402, 456
3931, 57, 279
3932, 75, 383
3933, 450, 487
3934, 182, 376
3935, 347, 631
3936, 209, 612
3937, 425, 578
3938, 641, 797
3939, 152, 768
3940, 692, 996
3941, 516, 606
3942, 708, 856
3943, 222, 810
3944, 296, 970
3945, 257, 853
3946, 98, 388
3947, 42, 405
3948, 115, 671
3949, 37, 743
3950, 96, 504
3951, 107, 862
3952, 307, 831
3953, 28, 718
3954, 341, 782
3955, 123, 476
3956, 490, 871
3957, 85, 780
3958, 146, 582
3959, 97, 917
3960, 266, 472
3961, 362, 719
3962, 418, 973
3963, 200, 223
3964, 53, 471
3965, 1, 496
3966, 530, 859
3967, 544, 833
3968, 12, 703
3969, 13, 937
3970, 391, 404
3971, 566, 899
3972, 380, 474
3973, 452, 976
3974, 473, 969
3975, 62, 677
3976, 129, 694
3977, 351, 408
3978, 327, 704
3979, 500, 658
3980, 22, 466
3981, 462, 489
3982, 82, 583
3983, 81, 896
3984, 9, 944
3985, 165, 938
3986, 25, 849
3987, 166, 365
3988, 298, 321
3989, 68, 237
3990, 171, 838
3991, 304, 997
3992, 412, 617
3993, 5, 932
3994, 539, 679
3995, 355, 818
3996, 730, 927
3997, 213, 378
3998, 193, 998
3999, 54, 420
4000, 58, 930
