id, img1, img2
1, 661, 692
2, 13, 768
3, 240, 401
4, 311, 875
5, 129, 848
6, 10, 664
7, 613, 751
8, 292, 919
9, 192, 671
10, 757, 901
11, 365, 926
12, 296, 857
13, 86, 877
14, 813, 867
15, 575, 623
16, 640, 800
17, 918, 997
18, 308, 351
19, 245, 921
20, 198, 747
21, 453, 815
22, 195, 824
23, 186, 945
24, 153, 461
25, 423, 634
26, 155, 462
27, 111, 659
28, 160, 772
29, 283, 766
30, 364, 947
31, 367, 576
32, 139, 667
33, 656, 985
34, 210, 299
35, 203, 507
36, 109, 485
37, 570, 774
38, 51, 741
39, 572, 915
40, 612, 683
41, 72, 748
42, 79, 271
43, 263, 978
44, 251, 735
45, 32, 421
46, 110, 348
47, 63, 529
48, 410, 738
49, 565, 906
50, 257, 470
51, 199, 237
52, 678, 908
53, 473, 540
54, 600, 730
55, 277, 459
56, 708, 783
57, 349, 407
58, 60, 860
59, 137, 689
60, 608, 794
61, 217, 481
62, 831, 838
63, 17, 369
64, 82, 209
65, 641, 649
66, 207, 629
67, 191, 265
68, 61, 761
69, 211, 396
70, 362, 897
71, 504, 837
72, 64, 835
73, 142, 986
74, 304, 773
75, 471, 693
76, 183, 633
77, 125, 851
78, 314, 914
79, 163, 468
80, 452, 807
81, 582, 753
82, 165, 657
83, 276, 554
84, 116, 603
85, 127, 812
86, 88, 108
87, 21, 731
88, 701, 953
89, 123, 965
90, 666, 996
91, 519, 581
92, 888, 891
93, 444, 498
94, 190, 578
95, 182, 749
96, 232, 936
97, 43, 952
98, 216, 754
99, 383, 763
100, 280, 333
101, 630, 784
102, 16, 715
103, 374, 420
104, 321, 337
105, 254, 781
106, 394, 651
107, 84, 832
108, 201, 719
109, 443, 556
110, 73, 535
111, 933, 975
112, 567, 956
113, 803, 833
114, 378, 756
115, 27, 785
116, 771, 987
117, 622, 790
118, 194, 375
119, 709, 855
120, 828, 895
121, 361, 596
122, 328, 344
123, 50, 218
124, 503, 734
125, 496, 792
126, 293, 356
127, 204, 555
128, 77, 104
129, 568, 619
130, 320, 830
131, 358, 418
132, 352, 372
133, 371, 662
134, 62, 424
135, 479, 553
136, 144, 934
137, 134, 625
138, 594, 980
139, 189, 287
140, 47, 148
141, 431, 739
142, 347, 864
143, 243, 896
144, 445, 886
145, 117, 707
146, 343, 425
147, 340, 463
148, 476, 941
149, 345, 592
150, 120, 373
151, 92, 993
152, 325, 930
153, 492, 615
154, 541, 879
155, 869, 966
156, 779, 791
157, 8, 814
158, 244, 777
159, 178, 732
160, 35, 969
161, 385, 796
162, 252, 889
163, 202, 585
164, 466, 959
165, 71, 282
166, 902, 957
167, 200, 488
168, 239, 876
169, 589, 811
170, 458, 946
171, 679, 718
172, 688, 706
173, 910, 938
174, 494, 546
175, 267, 316
176, 736, 760
177, 181, 412
178, 376, 949
179, 607, 652
180, 28, 939
181, 655, 729
182, 355, 647
183, 214, 289
184, 691, 943
185, 617, 627
186, 235, 750
187, 45, 590
188, 107, 597
189, 810, 868
190, 173, 744
191, 787, 880
192, 549, 960
193, 694, 853
194, 11, 520
195, 227, 931
196, 357, 389
197, 427, 999
198, 48, 702
199, 154, 196
200, 74, 676
201, 275, 336
202, 1, 829
203, 96, 638
204, 795, 799
205, 500, 905
206, 56, 894
207, 78, 508
208, 114, 138
209, 206, 305
210, 342, 658
211, 419, 493
212, 381, 822
213, 225, 279
214, 286, 495
215, 118, 893
216, 434, 558
217, 390, 566
218, 510, 712
219, 219, 580
220, 354, 513
221, 360, 759
222, 258, 681
223, 474, 606
224, 303, 685
225, 359, 534
226, 98, 272
227, 480, 675
228, 621, 680
229, 537, 898
230, 309, 542
231, 682, 862
232, 164, 924
233, 426, 942
234, 91, 417
235, 113, 873
236, 530, 911
237, 598, 616
238, 382, 841
239, 193, 543
240, 322, 884
241, 37, 928
242, 53, 778
243, 122, 817
244, 673, 765
245, 645, 722
246, 119, 501
247, 409, 988
248, 437, 538
249, 523, 976
250, 12, 23
251, 97, 752
252, 90, 674
253, 637, 954
254, 586, 602
255, 413, 842
256, 44, 512
257, 65, 574
258, 690, 983
259, 319, 635
260, 30, 561
261, 176, 306
262, 262, 442
263, 391, 478
264, 208, 834
265, 174, 636
266, 29, 521
267, 363, 786
268, 672, 899
269, 464, 995
270, 6, 18
271, 339, 395
272, 106, 256
273, 76, 610
274, 54, 551
275, 112, 663
276, 740, 762
277, 213, 334
278, 99, 249
279, 259, 460
280, 399, 454
281, 185, 962
282, 297, 332
283, 745, 859
284, 447, 668
285, 152, 288
286, 599, 878
287, 40, 400
288, 550, 961
289, 59, 270
290, 66, 68
291, 128, 248
292, 700, 923
293, 310, 788
294, 467, 887
295, 131, 335
296, 315, 793
297, 215, 883
298, 377, 705
299, 147, 632
300, 175, 188
301, 141, 547
302, 415, 913
303, 392, 806
304, 827, 967
305, 52, 402
306, 169, 433
307, 548, 998
308, 75, 135
309, 588, 840
310, 379, 937
311, 159, 229
312, 70, 927
313, 650, 704
314, 804, 847
315, 151, 168
316, 179, 963
317, 130, 624
318, 234, 948
319, 366, 844
320, 564, 950
321, 514, 525
322, 839, 870
323, 260, 935
324, 69, 825
325, 430, 631
326, 475, 929
327, 644, 716
328, 327, 669
329, 294, 393
330, 25, 686
331, 388, 526
332, 284, 646
333, 266, 577
334, 156, 569
335, 241, 536
336, 187, 724
337, 699, 940
338, 145, 162
339, 482, 872
340, 665, 696
341, 380, 1000
342, 405, 528
343, 717, 775
344, 157, 517
345, 780, 916
346, 450, 516
347, 557, 849
348, 411, 428
349, 121, 982
350, 67, 397
351, 132, 346
352, 764, 818
353, 223, 429
354, 483, 737
355, 472, 618
356, 497, 968
357, 562, 782
358, 87, 620
359, 19, 180
360, 80, 184
361, 871, 907
362, 499, 974
363, 146, 353
364, 220, 384
365, 317, 331
366, 42, 422
367, 14, 854
368, 100, 509
369, 755, 981
370, 611, 713
371, 170, 587
372, 246, 670
373, 312, 994
374, 398, 455
375, 46, 370
376, 477, 511
377, 5, 489
378, 278, 890
379, 350, 711
380, 140, 264
381, 105, 490
382, 172, 326
383, 81, 767
384, 439, 583
385, 341, 545
386, 654, 874
387, 231, 253
388, 167, 228
389, 238, 863
390, 601, 687
391, 436, 559
392, 247, 491
393, 449, 743
394, 457, 845
395, 560, 882
396, 226, 805
397, 432, 710
398, 212, 298
399, 725, 819
400, 295, 951
401, 101, 261
402, 532, 571
403, 698, 816
404, 149, 177
405, 222, 728
406, 3, 290
407, 727, 843
408, 103, 984
409, 323, 920
410, 22, 446
411, 552, 770
412, 801, 989
413, 416, 593
414, 124, 904
415, 250, 274
416, 89, 684
417, 533, 826
418, 368, 892
419, 979, 992
420, 695, 858
421, 329, 881
422, 85, 221
423, 465, 836
424, 9, 94
425, 55, 115
426, 38, 414
427, 230, 932
428, 808, 944
429, 33, 403
430, 36, 448
431, 307, 714
432, 150, 776
433, 171, 885
434, 161, 642
435, 486, 515
436, 313, 653
437, 628, 733
438, 7, 143
439, 39, 285
440, 900, 972
441, 451, 802
442, 31, 789
443, 58, 758
444, 438, 970
445, 435, 964
446, 440, 850
447, 387, 522
448, 697, 861
449, 166, 955
450, 136, 281
451, 604, 648
452, 273, 318
453, 233, 502
454, 544, 823
455, 205, 991
456, 24, 720
457, 126, 846
458, 197, 573
459, 404, 639
460, 133, 408
461, 643, 660
462, 531, 769
463, 746, 973
464, 721, 865
465, 527, 971
466, 26, 291
467, 302, 922
468, 4, 563
469, 269, 609
470, 20, 524
471, 224, 723
472, 821, 909
473, 386, 856
474, 83, 330
475, 301, 958
476, 441, 912
477, 484, 703
478, 300, 917
479, 338, 726
480, 268, 324
481, 15, 505
482, 242, 456
483, 626, 990
484, 406, 677
485, 487, 798
486, 591, 977
487, 49, 518
488, 95, 102
489, 584, 614
490, 158, 866
491, 57, 742
492, 236, 595
493, 605, 903
494, 93, 820
495, 506, 925
496, 41, 255
497, 34, 539
498, 469, 809
499, 2, 797
500, 579, 852
501, 233, 309
502, 783, 919
503, 129, 300
504, 663, 999
505, 131, 844
506, 149, 826
507, 683, 908
508, 186, 321
509, 388, 480
510, 163, 644
511, 659, 909
512, 516, 551
513, 845, 936
514, 422, 988
515, 530, 761
516, 840, 852
517, 34, 717
518, 808, 984
519, 842, 958
520, 110, 714
521, 376, 843
522, 302, 651
523, 8, 303
524, 306, 578
525, 718, 907
526, 701, 767
527, 536, 567
528, 81, 724
529, 132, 206
530, 827, 868
531, 641, 932
532, 361, 498
533, 271, 997
534, 365, 390
535, 523, 607
536, 520, 595
537, 637, 960
538, 449, 778
539, 452, 866
540, 466, 794
541, 143, 710
542, 221, 381
543, 54, 904
544, 288, 444
545, 17, 366
546, 30, 853
547, 324, 682
548, 112, 279
549, 169, 672
550, 122, 243
551, 230, 255
552, 85, 266
553, 289, 624
554, 323, 437
555, 185, 600
556, 398, 705
557, 96, 734
558, 971, 993
559, 577, 813
560, 160, 477
561, 273, 745
562, 138, 183
563, 601, 614
564, 443, 661
565, 748, 959
566, 123, 954
567, 210, 346
568, 822, 928
569, 226, 743
570, 28, 312
571, 239, 859
572, 64, 666
573, 460, 636
574, 56, 890
575, 630, 646
576, 92, 671
577, 29, 522
578, 244, 313
579, 69, 485
580, 417, 953
581, 205, 995
582, 125, 912
583, 180, 776
584, 405, 603
585, 507, 676
586, 49, 389
587, 12, 736
588, 409, 588
589, 576, 979
590, 103, 173
591, 772, 991
592, 215, 836
593, 124, 869
594, 87, 760
595, 24, 951
596, 729, 791
597, 468, 545
598, 450, 711
599, 618, 871
600, 406, 421
601, 310, 533
602, 218, 751
603, 172, 848
604, 768, 933
605, 73, 146
606, 71, 737
607, 118, 220
608, 52, 572
609, 428, 996
610, 278, 534
611, 202, 750
612, 446, 972
613, 424, 451
614, 27, 574
615, 264, 712
616, 275, 732
617, 194, 771
618, 610, 762
619, 88, 585
620, 249, 763
621, 787, 849
622, 930, 931
623, 65, 830
624, 447, 581
625, 63, 158
626, 589, 807
627, 147, 506
628, 621, 678
629, 519, 698
630, 403, 708
631, 62, 692
632, 471, 903
633, 700, 902
634, 474, 940
635, 207, 633
636, 548, 731
637, 148, 322
638, 613, 620
639, 889, 970
640, 199, 438
641, 654, 786
642, 21, 521
643, 383, 883
644, 58, 934
645, 116, 196
646, 510, 740
647, 411, 938
648, 420, 652
649, 373, 455
650, 582, 975
651, 187, 435
652, 318, 501
653, 3, 973
654, 228, 824
655, 782, 838
656, 229, 338
657, 18, 139
658, 325, 348
659, 353, 917
660, 152, 662
661, 359, 392
662, 94, 462
663, 84, 293
664, 37, 245
665, 738, 895
666, 102, 978
667, 212, 569
668, 250, 961
669, 115, 121
670, 615, 632
671, 430, 950
672, 190, 811
673, 687, 882
674, 290, 675
675, 33, 332
676, 153, 219
677, 248, 886
678, 664, 823
679, 602, 715
680, 74, 246
681, 7, 647
682, 39, 281
683, 427, 440
684, 583, 893
685, 42, 994
686, 918, 942
687, 133, 400
688, 448, 719
689, 66, 478
690, 756, 939
691, 236, 818
692, 415, 726
693, 10, 741
694, 426, 539
695, 70, 874
696, 35, 566
697, 295, 981
698, 179, 674
699, 59, 985
700, 198, 397
701, 688, 730
702, 292, 529
703, 181, 982
704, 223, 963
705, 486, 606
706, 535, 937
707, 335, 458
708, 136, 500
709, 79, 699
710, 517, 819
711, 733, 861
712, 38, 947
713, 586, 594
714, 40, 208
715, 90, 622
716, 608, 623
717, 294, 967
718, 120, 337
719, 6, 256
720, 204, 901
721, 854, 879
722, 378, 689
723, 259, 362
724, 658, 860
725, 643, 757
726, 354, 831
727, 192, 744
728, 887, 898
729, 513, 657
730, 301, 812
731, 155, 955
732, 476, 816
733, 80, 137
734, 93, 297
735, 336, 837
736, 387, 946
737, 410, 709
738, 579, 833
739, 174, 925
740, 829, 974
741, 431, 983
742, 472, 552
743, 828, 851
744, 418, 1000
745, 584, 956
746, 55, 599
747, 227, 781
748, 372, 375
749, 371, 749
750, 429, 514
751, 164, 481
752, 670, 777
753, 211, 580
754, 357, 604
755, 128, 735
756, 237, 774
757, 870, 885
758, 162, 720
759, 142, 380
760, 44, 67
761, 114, 742
762, 639, 929
763, 320, 494
764, 53, 86
765, 592, 680
766, 193, 992
767, 182, 262
768, 490, 803
769, 61, 470
770, 469, 847
771, 463, 980
772, 856, 916
773, 806, 881
774, 161, 780
775, 550, 611
776, 140, 238
777, 95, 484
778, 41, 287
779, 407, 626
780, 240, 857
781, 257, 990
782, 261, 788
783, 716, 926
784, 326, 559
785, 105, 665
786, 89, 201
787, 785, 863
788, 141, 282
789, 252, 356
790, 434, 568
791, 467, 948
792, 222, 555
793, 784, 799
794, 50, 97
795, 900, 957
796, 2, 311
797, 45, 862
798, 296, 402
799, 234, 693
800, 499, 941
801, 119, 561
802, 563, 627
803, 270, 363
804, 707, 962
805, 251, 686
806, 779, 989
807, 921, 945
808, 391, 531
809, 503, 542
810, 797, 949
811, 91, 888
812, 793, 922
813, 314, 877
814, 508, 571
815, 83, 195
816, 656, 976
817, 433, 832
818, 242, 524
819, 117, 343
820, 339, 497
821, 113, 171
822, 349, 625
823, 345, 798
824, 107, 217
825, 370, 727
826, 441, 525
827, 396, 547
828, 36, 423
829, 72, 150
830, 46, 60
831, 475, 820
832, 487, 825
833, 213, 914
834, 704, 966
835, 247, 414
836, 224, 892
837, 351, 690
838, 891, 915
839, 587, 804
840, 355, 635
841, 331, 969
842, 358, 758
843, 560, 634
844, 135, 987
845, 619, 839
846, 130, 557
847, 68, 274
848, 170, 653
849, 722, 964
850, 541, 977
851, 425, 553
852, 769, 880
853, 101, 216
854, 299, 965
855, 459, 764
856, 333, 540
857, 368, 526
858, 19, 512
859, 457, 795
860, 305, 511
861, 739, 968
862, 399, 605
863, 203, 439
864, 532, 747
865, 22, 796
866, 277, 596
867, 5, 810
868, 14, 841
869, 31, 401
870, 342, 554
871, 341, 347
872, 283, 935
873, 298, 872
874, 99, 188
875, 642, 867
876, 104, 570
877, 544, 677
878, 385, 413
879, 319, 913
880, 154, 328
881, 178, 285
882, 209, 419
883, 304, 792
884, 48, 923
885, 13, 673
886, 308, 456
887, 640, 944
888, 47, 800
889, 166, 612
890, 645, 752
891, 265, 696
892, 491, 638
893, 537, 927
894, 488, 789
895, 728, 755
896, 176, 502
897, 307, 695
898, 263, 479
899, 43, 165
900, 464, 495
901, 681, 697
902, 200, 316
903, 168, 556
904, 214, 408
905, 558, 943
906, 515, 801
907, 98, 504
908, 231, 268
909, 9, 754
910, 286, 770
911, 225, 598
912, 367, 669
913, 11, 924
914, 254, 706
915, 482, 685
916, 1, 746
917, 344, 835
918, 386, 628
919, 57, 260
920, 144, 648
921, 442, 894
922, 404, 527
923, 76, 546
924, 75, 412
925, 167, 340
926, 134, 445
927, 23, 590
928, 253, 679
929, 489, 505
930, 25, 899
931, 235, 753
932, 269, 395
933, 453, 920
934, 329, 805
935, 100, 416
936, 790, 876
937, 4, 280
938, 668, 906
939, 16, 952
940, 197, 878
941, 834, 873
942, 660, 998
943, 291, 436
944, 26, 855
945, 562, 723
946, 78, 773
947, 809, 911
948, 377, 875
949, 156, 492
950, 111, 846
951, 77, 384
952, 360, 564
953, 713, 766
954, 496, 573
955, 538, 897
956, 393, 629
957, 15, 461
958, 109, 616
959, 175, 617
960, 593, 884
961, 159, 986
962, 609, 694
963, 191, 802
964, 127, 865
965, 157, 432
966, 394, 465
967, 327, 759
968, 20, 272
969, 184, 284
970, 483, 597
971, 126, 815
972, 350, 543
973, 518, 631
974, 549, 565
975, 267, 317
976, 32, 108
977, 334, 655
978, 241, 379
979, 82, 765
980, 691, 814
981, 493, 858
982, 528, 702
983, 276, 382
984, 51, 258
985, 177, 850
986, 364, 905
987, 232, 374
988, 189, 330
989, 575, 684
990, 650, 703
991, 369, 649
992, 509, 821
993, 473, 725
994, 454, 775
995, 721, 896
996, 352, 667
997, 864, 910
998, 151, 817
999, 315, 591
1000, 106, 145
1001, 645, 842
1002, 256, 680
1003, 32, 887
1004, 153, 169
1005, 746, 936
1006, 352, 628
1007, 313, 605
1008, 340, 585
1009, 941, 979
1010, 44, 971
1011, 492, 866
1012, 217, 707
1013, 241, 954
1014, 333, 445
1015, 422, 713
1016, 206, 404
1017, 11, 146
1018, 870, 944
1019, 320, 877
1020, 794, 818
1021, 329, 363
1022, 494, 798
1023, 121, 528
1024, 80, 272
1025, 587, 940
1026, 745, 923
1027, 753, 799
1028, 5, 132
1029, 602, 672
1030, 423, 572
1031, 62, 741
1032, 112, 777
1033, 180, 957
1034, 178, 305
1035, 375, 651
1036, 480, 982
1037, 403, 474
1038, 119, 410
1039, 332, 488
1040, 756, 953
1041, 233, 827
1042, 181, 917
1043, 307, 317
1044, 2, 915
1045, 688, 805
1046, 148, 288
1047, 52, 709
1048, 16, 879
1049, 670, 714
1050, 744, 780
1051, 211, 708
1052, 235, 762
1053, 263, 897
1054, 592, 838
1055, 117, 466
1056, 631, 947
1057, 697, 793
1058, 85, 540
1059, 225, 429
1060, 151, 368
1061, 350, 475
1062, 464, 981
1063, 173, 311
1064, 421, 711
1065, 389, 478
1066, 442, 662
1067, 541, 919
1068, 72, 487
1069, 686, 764
1070, 133, 704
1071, 335, 934
1072, 162, 847
1073, 649, 911
1074, 193, 213
1075, 114, 298
1076, 815, 881
1077, 289, 302
1078, 521, 677
1079, 267, 287
1080, 165, 191
1081, 91, 949
1082, 644, 908
1083, 18, 281
1084, 245, 690
1085, 6, 790
1086, 722, 886
1087, 175, 800
1088, 49, 726
1089, 179, 851
1090, 739, 848
1091, 221, 705
1092, 584, 932
1093, 83, 370
1094, 155, 395
1095, 641, 761
1096, 105, 718
1097, 20, 621
1098, 110, 849
1099, 17, 531
1100, 40, 734
1101, 190, 278
1102, 354, 447
1103, 935, 963
1104, 385, 930
1105, 89, 157
1106, 355, 450
1107, 47, 129
1108, 595, 763
1109, 82, 136
1110, 357, 433
1111, 140, 580
1112, 277, 706
1113, 128, 846
1114, 45, 892
1115, 109, 242
1116, 476, 814
1117, 8, 717
1118, 554, 749
1119, 34, 832
1120, 102, 959
1121, 351, 629
1122, 359, 549
1123, 610, 978
1124, 338, 657
1125, 75, 435
1126, 617, 858
1127, 10, 479
1128, 163, 742
1129, 131, 882
1130, 125, 394
1131, 444, 836
1132, 74, 371
1133, 669, 795
1134, 454, 486
1135, 76, 859
1136, 238, 929
1137, 141, 323
1138, 268, 724
1139, 98, 514
1140, 95, 890
1141, 224, 269
1142, 334, 342
1143, 426, 928
1144, 517, 633
1145, 300, 542
1146, 195, 970
1147, 945, 969
1148, 787, 931
1149, 382, 921
1150, 401, 490
1151, 378, 600
1152, 198, 893
1153, 53, 324
1154, 730, 737
1155, 322, 431
1156, 567, 638
1157, 93, 328
1158, 243, 967
1159, 630, 698
1160, 402, 555
1161, 73, 905
1162, 339, 687
1163, 576, 950
1164, 57, 569
1165, 88, 252
1166, 519, 1000
1167, 381, 518
1168, 679, 958
1169, 60, 326
1170, 285, 527
1171, 208, 491
1172, 176, 251
1173, 453, 642
1174, 469, 579
1175, 360, 904
1176, 543, 606
1177, 343, 348
1178, 337, 539
1179, 38, 615
1180, 425, 522
1181, 308, 843
1182, 127, 544
1183, 240, 314
1184, 438, 813
1185, 90, 379
1186, 1, 477
1187, 147, 160
1188, 446, 536
1189, 202, 927
1190, 51, 682
1191, 833, 977
1192, 770, 837
1193, 728, 910
1194, 23, 878
1195, 185, 405
1196, 167, 701
1197, 227, 834
1198, 462, 581
1199, 468, 566
1200, 249, 759
1201, 270, 563
1202, 574, 807
1203, 578, 653
1204, 201, 819
1205, 101, 443
1206, 303, 769
1207, 614, 825
1208, 733, 997
1209, 159, 406
1210, 809, 951
1211, 598, 995
1212, 280, 692
1213, 416, 960
1214, 857, 943
1215, 13, 918
1216, 702, 721
1217, 459, 586
1218, 436, 854
1219, 839, 872
1220, 122, 689
1221, 387, 735
1222, 512, 637
1223, 234, 411
1224, 174, 771
1225, 172, 588
1226, 373, 664
1227, 372, 736
1228, 448, 996
1229, 63, 69
1230, 873, 983
1231, 380, 774
1232, 33, 41
1233, 415, 937
1234, 186, 290
1235, 456, 912
1236, 158, 500
1237, 36, 399
1238, 139, 156
1239, 362, 994
1240, 126, 495
1241, 310, 829
1242, 15, 229
1243, 170, 321
1244, 177, 582
1245, 77, 107
1246, 39, 204
1247, 96, 561
1248, 203, 214
1249, 143, 388
1250, 259, 880
1251, 4, 222
1252, 262, 789
1253, 228, 247
1254, 30, 817
1255, 661, 938
1256, 583, 823
1257, 353, 497
1258, 828, 976
1259, 658, 985
1260, 55, 537
1261, 597, 902
1262, 3, 408
1263, 349, 975
1264, 68, 553
1265, 458, 861
1266, 467, 678
1267, 219, 884
1268, 27, 665
1269, 194, 632
1270, 407, 824
1271, 258, 695
1272, 558, 925
1273, 685, 961
1274, 294, 367
1275, 396, 656
1276, 483, 608
1277, 199, 613
1278, 54, 885
1279, 197, 906
1280, 35, 767
1281, 441, 636
1282, 286, 560
1283, 530, 591
1284, 296, 773
1285, 59, 92
1286, 327, 788
1287, 346, 482
1288, 720, 895
1289, 100, 786
1290, 684, 808
1291, 164, 812
1292, 130, 451
1293, 149, 455
1294, 365, 594
1295, 182, 562
1296, 552, 784
1297, 43, 660
1298, 37, 161
1299, 70, 434
1300, 374, 571
1301, 640, 725
1302, 12, 565
1303, 573, 719
1304, 142, 231
1305, 743, 765
1306, 390, 624
1307, 548, 802
1308, 14, 740
1309, 116, 716
1310, 516, 634
1311, 58, 84
1312, 99, 437
1313, 104, 557
1314, 61, 364
1315, 275, 781
1316, 166, 696
1317, 187, 864
1318, 304, 501
1319, 316, 974
1320, 279, 898
1321, 533, 965
1322, 609, 671
1323, 496, 668
1324, 867, 916
1325, 264, 750
1326, 366, 850
1327, 618, 920
1328, 123, 515
1329, 299, 635
1330, 575, 810
1331, 439, 599
1332, 481, 509
1333, 377, 470
1334, 152, 276
1335, 135, 804
1336, 520, 900
1337, 933, 956
1338, 397, 889
1339, 420, 806
1340, 502, 844
1341, 255, 876
1342, 356, 424
1343, 409, 499
1344, 265, 841
1345, 675, 894
1346, 266, 344
1347, 816, 856
1348, 48, 604
1349, 94, 871
1350, 226, 232
1351, 398, 796
1352, 239, 855
1353, 473, 782
1354, 535, 924
1355, 523, 731
1356, 274, 666
1357, 570, 964
1358, 7, 341
1359, 430, 779
1360, 246, 361
1361, 428, 939
1362, 386, 646
1363, 384, 952
1364, 559, 772
1365, 596, 647
1366, 79, 440
1367, 510, 534
1368, 973, 989
1369, 205, 319
1370, 376, 681
1371, 71, 347
1372, 254, 315
1373, 24, 752
1374, 19, 284
1375, 383, 778
1376, 223, 791
1377, 414, 875
1378, 413, 461
1379, 118, 926
1380, 369, 590
1381, 449, 663
1382, 727, 811
1383, 216, 674
1384, 42, 955
1385, 212, 336
1386, 603, 683
1387, 529, 710
1388, 508, 667
1389, 50, 862
1390, 124, 853
1391, 883, 946
1392, 489, 768
1393, 465, 564
1394, 652, 821
1395, 113, 137
1396, 547, 991
1397, 301, 907
1398, 623, 723
1399, 237, 417
1400, 306, 766
1401, 472, 754
1402, 485, 712
1403, 56, 210
1404, 26, 192
1405, 273, 524
1406, 550, 755
1407, 196, 986
1408, 673, 783
1409, 207, 627
1410, 200, 589
1411, 639, 899
1412, 693, 962
1413, 189, 650
1414, 97, 283
1415, 236, 295
1416, 78, 820
1417, 209, 868
1418, 601, 760
1419, 418, 643
1420, 612, 987
1421, 81, 622
1422, 230, 972
1423, 830, 914
1424, 120, 913
1425, 506, 526
1426, 65, 358
1427, 676, 860
1428, 64, 874
1429, 460, 498
1430, 184, 391
1431, 419, 568
1432, 463, 831
1433, 144, 863
1434, 171, 546
1435, 457, 891
1436, 525, 888
1437, 992, 998
1438, 67, 611
1439, 471, 513
1440, 134, 188
1441, 532, 538
1442, 620, 729
1443, 257, 504
1444, 700, 948
1445, 691, 988
1446, 215, 775
1447, 261, 511
1448, 330, 826
1449, 732, 835
1450, 840, 942
1451, 87, 111
1452, 66, 654
1453, 103, 427
1454, 619, 984
1455, 505, 748
1456, 593, 865
1457, 253, 282
1458, 312, 626
1459, 183, 901
1460, 106, 738
1461, 400, 694
1462, 250, 432
1463, 138, 747
1464, 150, 309
1465, 46, 145
1466, 331, 616
1467, 318, 993
1468, 551, 803
1469, 758, 990
1470, 648, 852
1471, 31, 244
1472, 556, 607
1473, 29, 168
1474, 260, 785
1475, 655, 659
1476, 845, 869
1477, 412, 503
1478, 115, 507
1479, 218, 493
1480, 822, 909
1481, 108, 896
1482, 22, 801
1483, 345, 757
1484, 452, 577
1485, 21, 715
1486, 393, 625
1487, 297, 966
1488, 220, 292
1489, 9, 703
1490, 484, 980
1491, 545, 922
1492, 248, 903
1493, 291, 792
1494, 154, 392
1495, 271, 325
1496, 28, 776
1497, 699, 999
1498, 751, 797
1499, 25, 968
1500, 86, 293
1501, 611, 938
1502, 690, 911
1503, 264, 727
1504, 103, 191
1505, 426, 772
1506, 752, 908
1507, 310, 433
1508, 185, 905
1509, 575, 705
1510, 380, 853
1511, 673, 734
1512, 135, 511
1513, 552, 665
1514, 277, 644
1515, 582, 922
1516, 115, 725
1517, 147, 476
1518, 319, 839
1519, 670, 788
1520, 544, 679
1521, 407, 510
1522, 664, 856
1523, 387, 827
1524, 105, 802
1525, 585, 933
1526, 547, 774
1527, 136, 982
1528, 344, 475
1529, 232, 719
1530, 346, 566
1531, 339, 422
1532, 520, 718
1533, 649, 825
1534, 112, 471
1535, 265, 947
1536, 523, 941
1537, 5, 66
1538, 270, 742
1539, 587, 773
1540, 110, 775
1541, 187, 828
1542, 10, 55
1543, 117, 295
1544, 118, 602
1545, 192, 603
1546, 888, 903
1547, 62, 233
1548, 52, 179
1549, 540, 917
1550, 408, 709
1551, 126, 348
1552, 24, 188
1553, 327, 663
1554, 279, 849
1555, 464, 593
1556, 27, 86
1557, 40, 98
1558, 81, 906
1559, 350, 398
1560, 41, 876
1561, 123, 401
1562, 196, 868
1563, 142, 506
1564, 30, 980
1565, 133, 636
1566, 206, 754
1567, 689, 984
1568, 80, 951
1569, 504, 626
1570, 369, 997
1571, 238, 837
1572, 119, 193
1573, 74, 675
1574, 44, 695
1575, 660, 713
1576, 323, 721
1577, 432, 857
1578, 268, 795
1579, 571, 848
1580, 160, 615
1581, 234, 402
1582, 292, 640
1583, 284, 877
1584, 260, 843
1585, 229, 991
1586, 227, 677
1587, 14, 363
1588, 177, 329
1589, 162, 732
1590, 658, 804
1591, 461, 943
1592, 382, 892
1593, 349, 684
1594, 159, 789
1595, 158, 189
1596, 389, 872
1597, 570, 986
1598, 850, 944
1599, 488, 787
1600, 354, 384
1601, 195, 894
1602, 647, 671
1603, 500, 509
1604, 355, 858
1605, 358, 871
1606, 161, 973
1607, 522, 681
1608, 1, 653
1609, 202, 672
1610, 225, 685
1611, 273, 710
1612, 666, 767
1613, 474, 937
1614, 15, 635
1615, 325, 637
1616, 43, 914
1617, 168, 361
1618, 724, 753
1619, 581, 946
1620, 97, 409
1621, 203, 707
1622, 22, 65
1623, 54, 796
1624, 215, 299
1625, 134, 328
1626, 769, 823
1627, 326, 959
1628, 421, 749
1629, 805, 813
1630, 60, 594
1631, 198, 972
1632, 467, 762
1633, 242, 646
1634, 258, 614
1635, 756, 966
1636, 261, 395
1637, 797, 885
1638, 131, 683
1639, 357, 676
1640, 286, 861
1641, 478, 595
1642, 466, 988
1643, 505, 826
1644, 12, 368
1645, 151, 574
1646, 366, 996
1647, 335, 668
1648, 360, 495
1649, 550, 992
1650, 417, 548
1651, 296, 577
1652, 733, 746
1653, 748, 879
1654, 436, 945
1655, 89, 657
1656, 70, 113
1657, 228, 485
1658, 173, 405
1659, 483, 792
1660, 236, 560
1661, 157, 423
1662, 517, 977
1663, 542, 981
1664, 176, 300
1665, 2, 536
1666, 499, 743
1667, 617, 648
1668, 128, 208
1669, 186, 650
1670, 166, 897
1671, 9, 518
1672, 272, 714
1673, 699, 711
1674, 309, 971
1675, 306, 898
1676, 72, 847
1677, 377, 397
1678, 29, 440
1679, 761, 864
1680, 416, 778
1681, 104, 336
1682, 651, 812
1683, 45, 989
1684, 920, 942
1685, 28, 745
1686, 48, 776
1687, 535, 556
1688, 33, 866
1689, 47, 779
1690, 573, 613
1691, 809, 829
1692, 174, 376
1693, 365, 949
1694, 414, 702
1695, 656, 845
1696, 67, 164
1697, 482, 629
1698, 314, 953
1699, 545, 834
1700, 282, 880
1701, 16, 404
1702, 87, 694
1703, 84, 633
1704, 37, 904
1705, 589, 780
1706, 144, 253
1707, 63, 442
1708, 604, 759
1709, 413, 415
1710, 114, 184
1711, 88, 634
1712, 120, 830
1713, 590, 881
1714, 259, 479
1715, 311, 516
1716, 418, 939
1717, 262, 661
1718, 308, 927
1719, 625, 738
1720, 73, 334
1721, 46, 572
1722, 94, 680
1723, 687, 1000
1724, 58, 293
1725, 628, 696
1726, 252, 457
1727, 330, 567
1728, 810, 900
1729, 860, 891
1730, 239, 592
1731, 255, 916
1732, 200, 833
1733, 443, 846
1734, 61, 441
1735, 555, 639
1736, 178, 642
1737, 141, 374
1738, 172, 601
1739, 59, 223
1740, 140, 641
1741, 449, 983
1742, 109, 955
1743, 8, 379
1744, 865, 867
1745, 430, 700
1746, 36, 107
1747, 434, 794
1748, 25, 243
1749, 281, 852
1750, 35, 249
1751, 584, 598
1752, 108, 477
1753, 56, 878
1754, 394, 831
1755, 627, 703
1756, 155, 935
1757, 274, 791
1758, 297, 596
1759, 454, 580
1760, 755, 964
1761, 435, 854
1762, 419, 530
1763, 740, 806
1764, 385, 591
1765, 71, 531
1766, 251, 608
1767, 386, 631
1768, 403, 674
1769, 304, 508
1770, 926, 956
1771, 303, 893
1772, 230, 961
1773, 254, 630
1774, 431, 737
1775, 578, 735
1776, 563, 836
1777, 686, 967
1778, 248, 490
1779, 250, 950
1780, 372, 751
1781, 216, 863
1782, 364, 999
1783, 338, 411
1784, 19, 537
1785, 333, 798
1786, 638, 923
1787, 49, 175
1788, 458, 568
1789, 96, 924
1790, 38, 68
1791, 559, 715
1792, 579, 678
1793, 205, 263
1794, 513, 757
1795, 491, 529
1796, 209, 287
1797, 388, 420
1798, 138, 235
1799, 561, 936
1800, 790, 807
1801, 569, 815
1802, 465, 841
1803, 489, 771
1804, 460, 782
1805, 17, 219
1806, 78, 859
1807, 367, 620
1808, 23, 519
1809, 362, 586
1810, 453, 463
1811, 199, 320
1812, 39, 95
1813, 32, 256
1814, 428, 534
1815, 51, 622
1816, 410, 497
1817, 429, 546
1818, 285, 302
1819, 240, 706
1820, 353, 371
1821, 57, 275
1822, 132, 218
1823, 512, 918
1824, 180, 618
1825, 82, 375
1826, 450, 948
1827, 167, 564
1828, 266, 437
1829, 220, 741
1830, 149, 493
1831, 69, 221
1832, 194, 307
1833, 127, 985
1834, 597, 940
1835, 257, 472
1836, 446, 931
1837, 554, 777
1838, 439, 487
1839, 720, 962
1840, 910, 995
1841, 129, 811
1842, 163, 770
1843, 744, 768
1844, 101, 729
1845, 616, 692
1846, 551, 902
1847, 669, 730
1848, 139, 532
1849, 609, 708
1850, 245, 723
1851, 341, 444
1852, 781, 793
1853, 473, 697
1854, 913, 934
1855, 427, 832
1856, 190, 821
1857, 85, 965
1858, 90, 390
1859, 226, 607
1860, 124, 925
1861, 381, 502
1862, 486, 801
1863, 241, 538
1864, 480, 869
1865, 822, 993
1866, 152, 317
1867, 356, 619
1868, 621, 688
1869, 116, 909
1870, 143, 817
1871, 207, 820
1872, 42, 153
1873, 541, 643
1874, 340, 750
1875, 201, 526
1876, 312, 765
1877, 655, 929
1878, 165, 747
1879, 289, 313
1880, 345, 958
1881, 291, 612
1882, 64, 154
1883, 148, 882
1884, 305, 957
1885, 451, 921
1886, 599, 912
1887, 217, 324
1888, 213, 990
1889, 527, 835
1890, 503, 525
1891, 391, 606
1892, 321, 645
1893, 3, 514
1894, 351, 378
1895, 222, 960
1896, 102, 693
1897, 716, 883
1898, 92, 800
1899, 288, 498
1900, 438, 701
1901, 469, 610
1902, 7, 691
1903, 315, 970
1904, 171, 494
1905, 280, 445
1906, 156, 400
1907, 130, 137
1908, 808, 998
1909, 515, 704
1910, 20, 125
1911, 21, 455
1912, 100, 814
1913, 170, 197
1914, 182, 875
1915, 456, 890
1916, 576, 786
1917, 146, 624
1918, 722, 844
1919, 343, 698
1920, 18, 799
1921, 247, 840
1922, 237, 760
1923, 93, 424
1924, 406, 412
1925, 726, 816
1926, 76, 244
1927, 231, 558
1928, 331, 887
1929, 169, 784
1930, 224, 662
1931, 452, 974
1932, 764, 919
1933, 851, 928
1934, 183, 930
1935, 481, 873
1936, 717, 758
1937, 383, 889
1938, 267, 659
1939, 425, 533
1940, 53, 583
1941, 204, 969
1942, 728, 896
1943, 145, 842
1944, 26, 283
1945, 106, 763
1946, 214, 562
1947, 373, 978
1948, 269, 399
1949, 652, 824
1950, 766, 932
1951, 448, 907
1952, 342, 682
1953, 77, 785
1954, 278, 359
1955, 4, 484
1956, 819, 968
1957, 79, 739
1958, 6, 83
1959, 528, 884
1960, 492, 588
1961, 271, 862
1962, 122, 963
1963, 459, 874
1964, 316, 870
1965, 111, 543
1966, 895, 979
1967, 447, 803
1968, 352, 886
1969, 99, 667
1970, 294, 565
1971, 211, 507
1972, 31, 975
1973, 91, 276
1974, 496, 501
1975, 210, 392
1976, 34, 549
1977, 396, 899
1978, 75, 212
1979, 246, 623
1980, 600, 654
1981, 462, 783
1982, 524, 818
1983, 11, 553
1984, 298, 337
1985, 13, 521
1986, 150, 393
1987, 50, 994
1988, 557, 987
1989, 838, 901
1990, 121, 322
1991, 332, 347
1992, 539, 605
1993, 468, 915
1994, 301, 318
1995, 370, 952
1996, 736, 954
1997, 632, 712
1998, 290, 976
1999, 181, 731
2000, 470, 855
2001, 593, 690
2002, 448, 978
2003, 32, 546
2004, 142, 588
2005, 273, 287
2006, 215, 544
2007, 750, 925
2008, 21, 729
2009, 27, 28
2010, 914, 988
2011, 114, 174
2012, 335, 358
2013, 450, 748
2014, 5, 421
2015, 107, 786
2016, 576, 869
2017, 633, 821
2018, 118, 951
2019, 295, 946
2020, 634, 746
2021, 507, 788
2022, 501, 976
2023, 402, 572
2024, 40, 619
2025, 245, 643
2026, 132, 439
2027, 36, 167
2028, 97, 897
2029, 340, 701
2030, 535, 732
2031, 244, 741
2032, 134, 996
2033, 91, 207
2034, 300, 901
2035, 315, 638
2036, 23, 96
2037, 497, 758
2038, 470, 539
2039, 136, 924
2040, 368, 990
2041, 364, 872
2042, 471, 560
2043, 842, 890
2044, 209, 759
2045, 624, 723
2046, 60, 895
2047, 484, 570
2048, 473, 963
2049, 123, 525
2050, 289, 861
2051, 240, 250
2052, 426, 923
2053, 264, 435
2054, 834, 985
2055, 156, 794
2056, 79, 399
2057, 169, 965
2058, 321, 809
2059, 579, 649
2060, 532, 787
2061, 294, 928
2062, 313, 883
2063, 33, 745
2064, 150, 554
2065, 220, 578
2066, 350, 938
2067, 221, 568
2068, 75, 214
2069, 193, 650
2070, 311, 683
2071, 182, 639
2072, 126, 379
2073, 212, 346
2074, 67, 832
2075, 7, 637
2076, 627, 858
2077, 658, 862
2078, 697, 852
2079, 120, 252
2080, 811, 854
2081, 279, 676
2082, 133, 662
2083, 341, 509
2084, 630, 876
2085, 305, 762
2086, 361, 848
2087, 395, 542
2088, 558, 687
2089, 483, 510
2090, 113, 868
2091, 920, 927
2092, 276, 851
2093, 86, 444
2094, 541, 934
2095, 63, 824
2096, 595, 926
2097, 83, 514
2098, 110, 773
2099, 334, 603
2100, 125, 726
2101, 143, 874
2102, 172, 283
2103, 111, 885
2104, 20, 46
2105, 154, 661
2106, 678, 950
2107, 520, 777
2108, 409, 458
2109, 263, 792
2110, 349, 503
2111, 500, 561
2112, 691, 771
2113, 81, 749
2114, 356, 947
2115, 389, 557
2116, 766, 884
2117, 223, 270
2118, 488, 775
2119, 76, 492
2120, 61, 338
2121, 281, 664
2122, 616, 993
2123, 74, 677
2124, 667, 713
2125, 278, 739
2126, 309, 601
2127, 116, 730
2128, 17, 913
2129, 672, 939
2130, 255, 846
2131, 437, 780
2132, 229, 251
2133, 137, 441
2134, 211, 463
2135, 411, 521
2136, 428, 517
2137, 206, 974
2138, 680, 981
2139, 385, 863
2140, 688, 873
2141, 475, 765
2142, 216, 628
2143, 84, 181
2144, 29, 782
2145, 778, 843
2146, 170, 218
2147, 354, 440
2148, 420, 740
2149, 344, 859
2150, 196, 582
2151, 789, 975
2152, 204, 531
2153, 301, 355
2154, 259, 365
2155, 64, 357
2156, 198, 284
2157, 68, 587
2158, 261, 875
2159, 162, 599
2160, 168, 896
2161, 605, 837
2162, 10, 805
2163, 807, 860
2164, 254, 910
2165, 103, 459
2166, 505, 783
2167, 751, 980
2168, 89, 490
2169, 611, 801
2170, 194, 343
2171, 823, 968
2172, 508, 618
2173, 130, 899
2174, 24, 438
2175, 744, 979
2176, 596, 769
2177, 35, 984
2178, 387, 614
2179, 828, 916
2180, 518, 703
2181, 449, 515
2182, 88, 866
2183, 330, 836
2184, 247, 419
2185, 469, 735
2186, 189, 381
2187, 265, 891
2188, 363, 548
2189, 56, 877
2190, 406, 478
2191, 322, 716
2192, 129, 712
2193, 332, 937
2194, 669, 930
2195, 574, 989
2196, 158, 179
2197, 671, 734
2198, 952, 999
2199, 523, 894
2200, 106, 195
2201, 241, 575
2202, 540, 820
2203, 62, 433
2204, 707, 941
2205, 163, 675
2206, 447, 983
2207, 271, 526
2208, 586, 719
2209, 228, 339
2210, 887, 912
2211, 128, 318
2212, 549, 617
2213, 299, 577
2214, 398, 581
2215, 191, 285
2216, 119, 222
2217, 50, 95
2218, 101, 685
2219, 135, 410
2220, 348, 822
2221, 197, 731
2222, 51, 109
2223, 405, 833
2224, 464, 781
2225, 855, 992
2226, 360, 857
2227, 432, 871
2228, 237, 391
2229, 367, 956
2230, 430, 545
2231, 472, 900
2232, 491, 569
2233, 26, 763
2234, 66, 724
2235, 38, 849
2236, 414, 573
2237, 213, 594
2238, 178, 629
2239, 403, 452
2240, 3, 297
2241, 210, 371
2242, 277, 302
2243, 280, 647
2244, 275, 853
2245, 157, 184
2246, 306, 641
2247, 562, 918
2248, 268, 966
2249, 659, 898
2250, 71, 903
2251, 881, 998
2252, 30, 304
2253, 18, 388
2254, 78, 986
2255, 511, 879
2256, 235, 660
2257, 307, 445
2258, 291, 812
2259, 583, 936
2260, 498, 902
2261, 205, 552
2262, 185, 553
2263, 880, 977
2264, 456, 949
2265, 602, 921
2266, 152, 838
2267, 9, 290
2268, 147, 567
2269, 13, 25
2270, 242, 262
2271, 231, 615
2272, 233, 982
2273, 386, 717
2274, 467, 904
2275, 1, 485
2276, 49, 943
2277, 155, 482
2278, 219, 830
2279, 59, 401
2280, 246, 645
2281, 424, 905
2282, 112, 190
2283, 352, 609
2284, 115, 366
2285, 362, 908
2286, 4, 827
2287, 202, 404
2288, 666, 816
2289, 696, 922
2290, 292, 333
2291, 72, 477
2292, 323, 442
2293, 256, 566
2294, 131, 654
2295, 14, 177
2296, 722, 790
2297, 345, 674
2298, 44, 804
2299, 201, 384
2300, 512, 565
2301, 310, 316
2302, 487, 550
2303, 65, 151
2304, 418, 892
2305, 720, 795
2306, 486, 705
2307, 407, 694
2308, 45, 665
2309, 476, 944
2310, 139, 681
2311, 987, 995
2312, 396, 865
2313, 533, 802
2314, 230, 845
2315, 160, 269
2316, 239, 774
2317, 584, 955
2318, 495, 840
2319, 127, 563
2320, 138, 597
2321, 489, 699
2322, 148, 408
2323, 37, 752
2324, 551, 640
2325, 377, 474
2326, 165, 686
2327, 117, 815
2328, 502, 504
2329, 16, 374
2330, 524, 753
2331, 93, 331
2332, 668, 959
2333, 15, 528
2334, 180, 798
2335, 6, 555
2336, 90, 785
2337, 764, 997
2338, 70, 253
2339, 538, 580
2340, 282, 945
2341, 153, 803
2342, 799, 829
2343, 466, 708
2344, 817, 819
2345, 296, 353
2346, 87, 556
2347, 932, 970
2348, 238, 274
2349, 756, 796
2350, 144, 743
2351, 69, 632
2352, 320, 443
2353, 272, 953
2354, 394, 462
2355, 188, 642
2356, 226, 547
2357, 499, 519
2358, 192, 991
2359, 293, 835
2360, 329, 337
2361, 317, 711
2362, 400, 457
2363, 48, 537
2364, 298, 530
2365, 82, 392
2366, 451, 620
2367, 100, 906
2368, 527, 648
2369, 695, 793
2370, 258, 915
2371, 266, 308
2372, 186, 393
2373, 234, 818
2374, 427, 516
2375, 43, 203
2376, 709, 757
2377, 94, 742
2378, 314, 607
2379, 613, 679
2380, 122, 644
2381, 564, 893
2382, 161, 187
2383, 585, 600
2384, 454, 704
2385, 57, 841
2386, 159, 625
2387, 55, 646
2388, 376, 761
2389, 534, 886
2390, 325, 416
2391, 513, 636
2392, 288, 878
2393, 124, 725
2394, 390, 397
2395, 727, 814
2396, 327, 382
2397, 591, 698
2398, 53, 559
2399, 417, 784
2400, 494, 973
2401, 810, 954
2402, 175, 328
2403, 434, 933
2404, 453, 608
2405, 342, 715
2406, 31, 47
2407, 728, 847
2408, 19, 369
2409, 693, 714
2410, 351, 960
2411, 41, 622
2412, 99, 326
2413, 429, 994
2414, 465, 496
2415, 164, 797
2416, 140, 199
2417, 461, 480
2418, 105, 370
2419, 412, 755
2420, 770, 969
2421, 42, 249
2422, 183, 506
2423, 80, 481
2424, 768, 806
2425, 104, 176
2426, 415, 760
2427, 882, 942
2428, 34, 425
2429, 257, 1000
2430, 227, 831
2431, 929, 967
2432, 436, 710
2433, 85, 536
2434, 631, 850
2435, 92, 598
2436, 493, 689
2437, 623, 702
2438, 286, 700
2439, 359, 971
2440, 141, 590
2441, 224, 336
2442, 2, 208
2443, 522, 571
2444, 145, 455
2445, 73, 721
2446, 604, 670
2447, 232, 236
2448, 380, 911
2449, 146, 684
2450, 543, 864
2451, 706, 826
2452, 446, 776
2453, 166, 375
2454, 8, 592
2455, 626, 813
2456, 102, 919
2457, 217, 839
2458, 383, 808
2459, 12, 610
2460, 657, 935
2461, 656, 931
2462, 948, 957
2463, 606, 825
2464, 121, 319
2465, 347, 867
2466, 653, 737
2467, 612, 917
2468, 651, 800
2469, 692, 870
2470, 200, 243
2471, 22, 98
2472, 372, 479
2473, 11, 171
2474, 738, 940
2475, 378, 655
2476, 961, 972
2477, 312, 844
2478, 58, 173
2479, 39, 733
2480, 77, 108
2481, 736, 888
2482, 635, 673
2483, 267, 754
2484, 260, 303
2485, 907, 909
2486, 460, 747
2487, 324, 468
2488, 54, 413
2489, 423, 589
2490, 225, 889
2491, 621, 718
2492, 149, 779
2493, 431, 652
2494, 52, 682
2495, 767, 791
2496, 529, 663
2497, 248, 422
2498, 373, 958
2499, 856, 962
2500, 772, 964
2501, 257, 426
2502, 220, 800
2503, 100, 470
2504, 30, 888
2505, 14, 609
2506, 69, 73
2507, 359, 669
2508, 234, 492
2509, 32, 70
2510, 171, 335
2511, 242, 665
2512, 142, 558
2513, 267, 874
2514, 177, 776
2515, 614, 715
2516, 87, 595
2517, 474, 533
2518, 31, 659
2519, 25, 931
2520, 77, 320
2521, 318, 700
2522, 507, 939
2523, 485, 571
2524, 295, 356
2525, 645, 941
2526, 170, 451
2527, 15, 313
2528, 178, 592
2529, 501, 702
2530, 9, 723
2531, 612, 714
2532, 56, 448
2533, 266, 381
2534, 703, 954
2535, 199, 511
2536, 591, 739
2537, 773, 905
2538, 439, 740
2539, 264, 528
2540, 465, 616
2541, 57, 307
2542, 276, 991
2543, 753, 953
2544, 542, 666
2545, 333, 735
2546, 1, 909
2547, 147, 349
2548, 957, 963
2549, 486, 693
2550, 240, 619
2551, 782, 819
2552, 23, 801
2553, 628, 727
2554, 136, 395
2555, 403, 537
2556, 345, 425
2557, 139, 979
2558, 163, 999
2559, 355, 736
2560, 551, 795
2561, 144, 823
2562, 780, 846
2563, 227, 556
2564, 589, 924
2565, 208, 887
2566, 584, 585
2567, 277, 488
2568, 124, 382
2569, 21, 596
2570, 370, 384
2571, 253, 412
2572, 262, 491
2573, 137, 662
2574, 268, 487
2575, 660, 862
2576, 5, 918
2577, 99, 387
2578, 190, 567
2579, 364, 886
2580, 284, 951
2581, 519, 833
2582, 135, 647
2583, 473, 743
2584, 35, 544
2585, 78, 260
2586, 298, 339
2587, 125, 438
2588, 531, 884
2589, 398, 907
2590, 321, 471
2591, 472, 908
2592, 127, 913
2593, 684, 967
2594, 821, 857
2595, 98, 521
2596, 102, 300
2597, 464, 678
2598, 49, 66
2599, 128, 215
2600, 344, 911
2601, 218, 347
2602, 180, 389
2603, 348, 788
2604, 183, 371
2605, 414, 694
2606, 748, 996
2607, 490, 572
2608, 630, 651
2609, 219, 613
2610, 248, 724
2611, 523, 648
2612, 231, 534
2613, 4, 883
2614, 105, 146
2615, 604, 786
2616, 424, 445
2617, 679, 681
2618, 423, 873
2619, 172, 493
2620, 655, 799
2621, 140, 806
2622, 365, 902
2623, 36, 638
2624, 195, 986
2625, 150, 992
2626, 41, 555
2627, 65, 600
2628, 586, 737
2629, 203, 899
2630, 390, 673
2631, 524, 958
2632, 520, 935
2633, 633, 721
2634, 275, 560
2635, 828, 961
2636, 126, 200
2637, 407, 682
2638, 777, 978
2639, 217, 814
2640, 91, 342
2641, 575, 707
2642, 764, 948
2643, 191, 762
2644, 796, 815
2645, 945, 995
2646, 650, 936
2647, 96, 360
2648, 577, 895
2649, 283, 942
2650, 606, 751
2651, 456, 768
2652, 109, 141
2653, 583, 1000
2654, 317, 336
2655, 552, 746
2656, 522, 811
2657, 17, 319
2658, 75, 608
2659, 698, 829
2660, 946, 962
2661, 512, 932
2662, 871, 987
2663, 358, 839
2664, 516, 683
2665, 337, 421
2666, 164, 890
2667, 246, 985
2668, 541, 749
2669, 118, 834
2670, 239, 878
2671, 233, 546
2672, 114, 745
2673, 557, 817
2674, 816, 893
2675, 543, 926
2676, 34, 570
2677, 279, 515
2678, 210, 530
2679, 362, 561
2680, 281, 718
2681, 554, 973
2682, 310, 566
2683, 185, 731
2684, 286, 897
2685, 230, 332
2686, 223, 545
2687, 340, 418
2688, 605, 734
2689, 193, 657
2690, 497, 569
2691, 213, 506
2692, 16, 843
2693, 466, 664
2694, 149, 467
2695, 322, 457
2696, 249, 562
2697, 711, 869
2698, 308, 680
2699, 504, 860
2700, 47, 593
2701, 123, 916
2702, 71, 752
2703, 63, 162
2704, 79, 844
2705, 728, 832
2706, 228, 960
2707, 216, 820
2708, 535, 859
2709, 291, 294
2710, 838, 914
2711, 93, 635
2712, 157, 433
2713, 404, 809
2714, 676, 921
2715, 11, 513
2716, 601, 854
2717, 61, 254
2718, 72, 285
2719, 719, 972
2720, 422, 906
2721, 687, 928
2722, 876, 980
2723, 637, 850
2724, 476, 564
2725, 3, 965
2726, 201, 369
2727, 83, 881
2728, 59, 477
2729, 436, 468
2730, 822, 983
2731, 110, 212
2732, 670, 929
2733, 58, 161
2734, 43, 354
2735, 50, 450
2736, 505, 997
2737, 380, 393
2738, 375, 956
2739, 759, 949
2740, 368, 765
2741, 243, 640
2742, 341, 977
2743, 738, 827
2744, 145, 704
2745, 293, 361
2746, 397, 998
2747, 434, 770
2748, 116, 573
2749, 122, 385
2750, 53, 309
2751, 836, 847
2752, 39, 461
2753, 750, 966
2754, 165, 269
2755, 417, 826
2756, 238, 793
2757, 323, 696
2758, 432, 894
2759, 429, 623
2760, 406, 540
2761, 20, 306
2762, 131, 969
2763, 411, 482
2764, 785, 855
2765, 462, 677
2766, 94, 634
2767, 236, 599
2768, 179, 849
2769, 376, 446
2770, 484, 789
2771, 237, 732
2772, 287, 706
2773, 758, 840
2774, 166, 517
2775, 435, 455
2776, 251, 588
2777, 447, 880
2778, 115, 442
2779, 597, 699
2780, 156, 256
2781, 211, 460
2782, 120, 459
2783, 33, 60
2784, 437, 810
2785, 563, 889
2786, 138, 830
2787, 420, 453
2788, 38, 186
2789, 441, 532
2790, 587, 760
2791, 82, 812
2792, 174, 976
2793, 19, 618
2794, 443, 865
2795, 45, 856
2796, 627, 863
2797, 379, 656
2798, 766, 959
2799, 52, 221
2800, 494, 611
2801, 626, 947
2802, 37, 419
2803, 95, 255
2804, 712, 781
2805, 209, 245
2806, 133, 168
2807, 197, 270
2808, 235, 330
2809, 278, 525
2810, 502, 900
2811, 112, 378
2812, 222, 713
2813, 158, 207
2814, 374, 864
2815, 594, 778
2816, 205, 955
2817, 772, 898
2818, 107, 688
2819, 329, 663
2820, 304, 851
2821, 204, 250
2822, 187, 658
2823, 28, 383
2824, 288, 882
2825, 206, 568
2826, 325, 514
2827, 720, 984
2828, 181, 440
2829, 427, 692
2830, 621, 927
2831, 10, 845
2832, 904, 975
2833, 328, 775
2834, 549, 798
2835, 153, 265
2836, 643, 841
2837, 296, 610
2838, 46, 297
2839, 54, 705
2840, 394, 747
2841, 367, 790
2842, 303, 399
2843, 101, 803
2844, 639, 722
2845, 67, 119
2846, 454, 920
2847, 602, 733
2848, 97, 615
2849, 708, 717
2850, 92, 353
2851, 113, 175
2852, 644, 685
2853, 121, 538
2854, 316, 875
2855, 352, 877
2856, 326, 903
2857, 695, 763
2858, 617, 742
2859, 154, 824
2860, 194, 273
2861, 312, 408
2862, 169, 923
2863, 159, 654
2864, 155, 607
2865, 299, 350
2866, 357, 500
2867, 224, 794
2868, 44, 547
2869, 858, 879
2870, 690, 804
2871, 363, 428
2872, 480, 989
2873, 80, 261
2874, 42, 952
2875, 117, 709
2876, 282, 912
2877, 410, 527
2878, 808, 867
2879, 302, 642
2880, 529, 930
2881, 280, 481
2882, 244, 774
2883, 565, 990
2884, 40, 842
2885, 305, 366
2886, 631, 761
2887, 396, 691
2888, 62, 950
2889, 852, 917
2890, 576, 807
2891, 625, 787
2892, 148, 539
2893, 689, 872
2894, 26, 559
2895, 2, 90
2896, 241, 837
2897, 7, 993
2898, 188, 247
2899, 430, 495
2900, 55, 582
2901, 813, 831
2902, 29, 915
2903, 553, 725
2904, 202, 792
2905, 496, 848
2906, 769, 933
2907, 64, 143
2908, 88, 343
2909, 86, 372
2910, 346, 391
2911, 622, 853
2912, 252, 937
2913, 290, 667
2914, 431, 548
2915, 8, 184
2916, 263, 452
2917, 89, 130
2918, 24, 499
2919, 134, 919
2920, 416, 498
2921, 620, 624
2922, 106, 896
2923, 741, 818
2924, 338, 603
2925, 674, 754
2926, 802, 974
2927, 301, 756
2928, 509, 835
2929, 503, 784
2930, 401, 861
2931, 510, 779
2932, 173, 327
2933, 226, 757
2934, 129, 331
2935, 463, 479
2936, 402, 866
2937, 74, 259
2938, 85, 483
2939, 314, 938
2940, 289, 377
2941, 458, 636
2942, 892, 901
2943, 292, 478
2944, 192, 943
2945, 351, 598
2946, 629, 729
2947, 489, 994
2948, 229, 405
2949, 27, 675
2950, 579, 783
2951, 18, 982
2952, 111, 771
2953, 373, 805
2954, 176, 274
2955, 104, 536
2956, 444, 970
2957, 132, 726
2958, 580, 755
2959, 526, 686
2960, 668, 910
2961, 578, 885
2962, 271, 968
2963, 258, 469
2964, 574, 925
2965, 68, 710
2966, 108, 701
2967, 48, 160
2968, 12, 649
2969, 550, 632
2970, 189, 730
2971, 716, 767
2972, 6, 409
2973, 198, 225
2974, 196, 413
2975, 324, 388
2976, 51, 641
2977, 81, 518
2978, 84, 151
2979, 232, 475
2980, 870, 981
2981, 22, 922
2982, 646, 944
2983, 797, 825
2984, 13, 868
2985, 671, 672
2986, 182, 653
2987, 386, 791
2988, 315, 449
2989, 103, 334
2990, 272, 697
2991, 392, 590
2992, 400, 744
2993, 167, 415
2994, 311, 988
2995, 652, 964
2996, 152, 508
2997, 214, 661
2998, 581, 934
2999, 891, 940
3000, 76, 971
3001, 40, 650
3002, 750, 997
3003, 516, 995
3004, 569, 760
3005, 653, 915
3006, 406, 409
3007, 382, 544
3008, 449, 865
3009, 286, 522
3010, 364, 378
3011, 452, 771
3012, 205, 664
3013, 353, 524
3014, 306, 526
3015, 179, 248
3016, 269, 810
3017, 95, 800
3018, 483, 836
3019, 793, 925
3020, 64, 642
3021, 208, 388
3022, 41, 87
3023, 218, 488
3024, 342, 742
3025, 402, 894
3026, 160, 944
3027, 31, 126
3028, 128, 370
3029, 343, 462
3030, 174, 439
3031, 384, 964
3032, 42, 80
3033, 494, 537
3034, 82, 183
3035, 22, 905
3036, 471, 949
3037, 375, 451
3038, 188, 901
3039, 308, 701
3040, 43, 493
3041, 164, 548
3042, 38, 918
3043, 693, 726
3044, 162, 705
3045, 92, 525
3046, 102, 138
3047, 337, 383
3048, 123, 963
3049, 641, 887
3050, 184, 422
3051, 147, 907
3052, 221, 694
3053, 352, 623
3054, 51, 115
3055, 465, 945
3056, 511, 922
3057, 187, 568
3058, 418, 974
3059, 347, 562
3060, 223, 657
3061, 518, 808
3062, 24, 245
3063, 651, 838
3064, 598, 943
3065, 670, 993
3066, 391, 503
3067, 249, 777
3068, 624, 636
3069, 852, 921
3070, 113, 778
3071, 77, 797
3072, 699, 802
3073, 589, 891
3074, 607, 870
3075, 332, 578
3076, 459, 914
3077, 580, 622
3078, 401, 868
3079, 98, 399
3080, 411, 728
3081, 236, 338
3082, 93, 815
3083, 780, 787
3084, 374, 805
3085, 5, 455
3086, 577, 632
3087, 114, 572
3088, 444, 655
3089, 74, 78
3090, 107, 304
3091, 531, 545
3092, 450, 747
3093, 168, 683
3094, 415, 841
3095, 566, 605
3096, 69, 303
3097, 256, 479
3098, 61, 474
3099, 530, 751
3100, 321, 559
3101, 292, 695
3102, 217, 261
3103, 446, 965
3104, 361, 628
3105, 199, 207
3106, 193, 397
3107, 52, 586
3108, 435, 733
3109, 440, 837
3110, 158, 396
3111, 226, 643
3112, 900, 975
3113, 896, 961
3114, 246, 458
3115, 189, 311
3116, 434, 824
3117, 341, 899
3118, 111, 279
3119, 7, 17
3120, 161, 609
3121, 297, 741
3122, 689, 834
3123, 596, 631
3124, 788, 989
3125, 500, 828
3126, 661, 799
3127, 260, 528
3128, 539, 579
3129, 45, 794
3130, 595, 958
3131, 58, 363
3132, 30, 663
3133, 351, 866
3134, 196, 948
3135, 603, 874
3136, 25, 514
3137, 258, 860
3138, 744, 772
3139, 666, 987
3140, 393, 534
3141, 285, 660
3142, 564, 675
3143, 296, 417
3144, 237, 588
3145, 213, 822
3146, 225, 317
3147, 60, 333
3148, 21, 926
3149, 268, 614
3150, 481, 832
3151, 68, 108
3152, 807, 817
3153, 129, 204
3154, 941, 960
3155, 591, 654
3156, 389, 984
3157, 713, 889
3158, 438, 611
3159, 112, 911
3160, 976, 1000
3161, 529, 853
3162, 892, 897
3163, 454, 939
3164, 266, 305
3165, 12, 149
3166, 630, 881
3167, 420, 902
3168, 919, 951
3169, 232, 710
3170, 265, 629
3171, 869, 983
3172, 273, 294
3173, 648, 970
3174, 229, 318
3175, 240, 283
3176, 847, 912
3177, 600, 986
3178, 10, 191
3179, 755, 904
3180, 480, 789
3181, 250, 427
3182, 740, 743
3183, 405, 929
3184, 325, 509
3185, 91, 540
3186, 27, 775
3187, 538, 759
3188, 76, 200
3189, 16, 362
3190, 140, 859
3191, 731, 735
3192, 753, 956
3193, 665, 829
3194, 365, 796
3195, 155, 407
3196, 282, 558
3197, 206, 971
3198, 120, 473
3199, 692, 723
3200, 177, 310
3201, 190, 276
3202, 28, 316
3203, 26, 284
3204, 560, 940
3205, 96, 680
3206, 985, 999
3207, 830, 863
3208, 468, 697
3209, 253, 510
3210, 327, 485
3211, 267, 457
3212, 656, 704
3213, 377, 410
3214, 386, 801
3215, 442, 769
3216, 209, 873
3217, 320, 768
3218, 547, 688
3219, 314, 811
3220, 515, 712
3221, 247, 535
3222, 66, 369
3223, 105, 259
3224, 181, 685
3225, 616, 746
3226, 700, 833
3227, 146, 978
3228, 3, 761
3229, 81, 639
3230, 618, 814
3231, 708, 819
3232, 862, 886
3233, 368, 533
3234, 132, 466
3235, 464, 931
3236, 46, 180
3237, 34, 437
3238, 101, 499
3239, 290, 910
3240, 71, 359
3241, 324, 570
3242, 175, 476
3243, 220, 593
3244, 676, 927
3245, 848, 950
3246, 722, 727
3247, 357, 706
3248, 104, 508
3249, 387, 988
3250, 88, 659
3251, 669, 748
3252, 224, 445
3253, 50, 597
3254, 89, 441
3255, 203, 298
3256, 398, 858
3257, 44, 412
3258, 139, 170
3259, 176, 818
3260, 270, 478
3261, 214, 812
3262, 173, 470
3263, 691, 730
3264, 738, 879
3265, 244, 433
3266, 103, 307
3267, 319, 786
3268, 8, 763
3269, 85, 966
3270, 182, 719
3271, 947, 981
3272, 141, 152
3273, 35, 890
3274, 626, 875
3275, 73, 238
3276, 625, 766
3277, 783, 888
3278, 130, 806
3279, 550, 754
3280, 573, 803
3281, 9, 86
3282, 613, 835
3283, 542, 702
3284, 167, 277
3285, 159, 923
3286, 262, 934
3287, 322, 443
3288, 504, 973
3289, 169, 532
3290, 198, 820
3291, 121, 153
3292, 134, 779
3293, 627, 903
3294, 328, 565
3295, 505, 845
3296, 463, 561
3297, 20, 765
3298, 633, 758
3299, 376, 867
3300, 19, 827
3301, 90, 725
3302, 432, 804
3303, 15, 506
3304, 178, 272
3305, 336, 619
3306, 202, 519
3307, 163, 684
3308, 287, 295
3309, 498, 574
3310, 94, 348
3311, 502, 752
3312, 201, 972
3313, 57, 876
3314, 645, 707
3315, 477, 690
3316, 14, 39
3317, 367, 816
3318, 954, 992
3319, 360, 634
3320, 194, 720
3321, 56, 968
3322, 371, 590
3323, 785, 840
3324, 486, 687
3325, 673, 749
3326, 59, 946
3327, 490, 739
3328, 117, 507
3329, 604, 967
3330, 171, 979
3331, 135, 313
3332, 79, 355
3333, 278, 784
3334, 429, 790
3335, 635, 770
3336, 32, 856
3337, 381, 843
3338, 512, 850
3339, 373, 612
3340, 62, 957
3341, 644, 969
3342, 792, 851
3343, 372, 668
3344, 379, 453
3345, 647, 724
3346, 127, 709
3347, 774, 825
3348, 553, 857
3349, 617, 649
3350, 696, 839
3351, 6, 587
3352, 392, 414
3353, 404, 671
3354, 4, 456
3355, 331, 938
3356, 395, 959
3357, 36, 495
3358, 280, 489
3359, 345, 953
3360, 484, 678
3361, 475, 878
3362, 106, 497
3363, 257, 677
3364, 49, 637
3365, 426, 872
3366, 467, 703
3367, 602, 861
3368, 131, 646
3369, 75, 216
3370, 756, 924
3371, 228, 242
3372, 65, 906
3373, 826, 871
3374, 583, 937
3375, 137, 543
3376, 231, 346
3377, 323, 487
3378, 882, 930
3379, 557, 736
3380, 472, 714
3381, 70, 935
3382, 148, 291
3383, 492, 762
3384, 599, 898
3385, 721, 745
3386, 99, 606
3387, 424, 913
3388, 640, 998
3389, 72, 764
3390, 67, 239
3391, 63, 349
3392, 329, 893
3393, 281, 431
3394, 293, 715
3395, 263, 482
3396, 125, 563
3397, 541, 813
3398, 55, 711
3399, 520, 615
3400, 608, 621
3401, 165, 166
3402, 312, 674
3403, 33, 767
3404, 83, 274
3405, 143, 154
3406, 571, 916
3407, 523, 849
3408, 554, 942
3409, 460, 734
3410, 136, 234
3411, 54, 301
3412, 192, 358
3413, 109, 144
3414, 551, 977
3415, 133, 823
3416, 932, 933
3417, 210, 955
3418, 124, 408
3419, 122, 718
3420, 219, 781
3421, 251, 513
3422, 413, 732
3423, 264, 419
3424, 436, 917
3425, 908, 994
3426, 97, 581
3427, 230, 601
3428, 585, 885
3429, 326, 928
3430, 416, 682
3431, 150, 448
3432, 575, 831
3433, 235, 658
3434, 118, 980
3435, 37, 991
3436, 211, 576
3437, 592, 854
3438, 757, 821
3439, 23, 335
3440, 737, 844
3441, 47, 990
3442, 156, 952
3443, 491, 782
3444, 100, 425
3445, 233, 241
3446, 582, 809
3447, 255, 652
3448, 1, 795
3449, 186, 430
3450, 110, 855
3451, 679, 920
3452, 195, 252
3453, 212, 354
3454, 116, 271
3455, 300, 302
3456, 254, 681
3457, 288, 344
3458, 339, 421
3459, 400, 672
3460, 157, 729
3461, 315, 584
3462, 567, 686
3463, 13, 842
3464, 428, 846
3465, 330, 385
3466, 53, 662
3467, 142, 289
3468, 2, 549
3469, 222, 356
3470, 151, 936
3471, 716, 877
3472, 227, 501
3473, 29, 309
3474, 447, 895
3475, 340, 536
3476, 610, 880
3477, 798, 996
3478, 11, 962
3479, 145, 546
3480, 84, 620
3481, 496, 527
3482, 394, 517
3483, 275, 521
3484, 185, 776
3485, 197, 883
3486, 18, 909
3487, 556, 982
3488, 215, 390
3489, 172, 717
3490, 243, 403
3491, 366, 594
3492, 334, 350
3493, 552, 773
3494, 380, 884
3495, 119, 698
3496, 423, 461
3497, 469, 864
3498, 299, 791
3499, 48, 638
3500, 555, 667
3501, 178, 651
3502, 59, 472
3503, 119, 513
3504, 685, 936
3505, 118, 284
3506, 70, 381
3507, 50, 629
3508, 316, 887
3509, 554, 991
3510, 539, 687
3511, 47, 832
3512, 115, 443
3513, 128, 220
3514, 180, 498
3515, 254, 505
3516, 531, 563
3517, 444, 833
3518, 11, 38
3519, 535, 616
3520, 748, 954
3521, 65, 171
3522, 546, 689
3523, 27, 328
3524, 400, 452
3525, 32, 762
3526, 81, 720
3527, 163, 995
3528, 466, 582
3529, 446, 716
3530, 91, 241
3531, 682, 884
3532, 95, 771
3533, 412, 958
3534, 213, 733
3535, 448, 927
3536, 242, 850
3537, 202, 800
3538, 524, 744
3539, 397, 516
3540, 167, 874
3541, 210, 623
3542, 93, 603
3543, 773, 866
3544, 385, 672
3545, 164, 786
3546, 295, 968
3547, 234, 619
3548, 491, 499
3549, 386, 942
3550, 82, 102
3551, 231, 939
3552, 304, 442
3553, 161, 830
3554, 441, 504
3555, 675, 723
3556, 372, 825
3557, 285, 568
3558, 565, 883
3559, 451, 888
3560, 239, 521
3561, 191, 908
3562, 417, 820
3563, 36, 140
3564, 863, 967
3565, 336, 370
3566, 44, 150
3567, 35, 187
3568, 269, 823
3569, 198, 497
3570, 341, 426
3571, 818, 906
3572, 512, 638
3573, 601, 707
3574, 358, 478
3575, 123, 719
3576, 34, 445
3577, 664, 668
3578, 765, 779
3579, 143, 983
3580, 3, 181
3581, 6, 260
3582, 552, 761
3583, 26, 221
3584, 100, 792
3585, 425, 429
3586, 311, 982
3587, 245, 354
3588, 490, 493
3589, 132, 205
3590, 253, 776
3591, 612, 943
3592, 192, 274
3593, 68, 296
3594, 555, 571
3595, 37, 917
3596, 330, 580
3597, 229, 275
3598, 855, 868
3599, 309, 636
3600, 647, 977
3601, 352, 892
3602, 583, 586
3603, 14, 396
3604, 237, 407
3605, 72, 714
3606, 702, 813
3607, 726, 835
3608, 281, 839
3609, 610, 821
3610, 373, 901
3611, 282, 591
3612, 107, 431
3613, 8, 808
3614, 172, 399
3615, 174, 266
3616, 5, 437
3617, 111, 655
3618, 785, 899
3619, 793, 914
3620, 33, 109
3621, 166, 215
3622, 599, 805
3623, 233, 324
3624, 25, 926
3625, 67, 843
3626, 747, 989
3627, 17, 606
3628, 78, 510
3629, 895, 957
3630, 103, 574
3631, 203, 299
3632, 507, 576
3633, 75, 379
3634, 84, 553
3635, 656, 836
3636, 374, 732
3637, 369, 801
3638, 438, 994
3639, 9, 51
3640, 681, 844
3641, 615, 770
3642, 657, 729
3643, 57, 579
3644, 201, 279
3645, 338, 363
3646, 22, 791
3647, 270, 625
3648, 475, 691
3649, 628, 894
3650, 319, 335
3651, 41, 265
3652, 544, 925
3653, 264, 763
3654, 226, 585
3655, 176, 653
3656, 537, 973
3657, 268, 570
3658, 597, 810
3659, 980, 1000
3660, 177, 306
3661, 133, 840
3662, 649, 941
3663, 158, 690
3664, 383, 463
3665, 584, 772
3666, 4, 746
3667, 427, 578
3668, 641, 893
3669, 19, 276
3670, 153, 710
3671, 377, 751
3672, 61, 214
3673, 146, 227
3674, 76, 542
3675, 416, 533
3676, 464, 558
3677, 362, 611
3678, 458, 950
3679, 71, 73
3680, 246, 858
3681, 496, 904
3682, 21, 877
3683, 136, 674
3684, 424, 998
3685, 154, 667
3686, 567, 680
3687, 169, 343
3688, 197, 365
3689, 236, 384
3690, 189, 972
3691, 147, 291
3692, 199, 713
3693, 80, 255
3694, 40, 509
3695, 738, 739
3696, 263, 474
3697, 348, 573
3698, 1, 562
3699, 661, 783
3700, 117, 757
3701, 371, 528
3702, 200, 627
3703, 519, 543
3704, 536, 794
3705, 54, 467
3706, 569, 937
3707, 62, 913
3708, 526, 589
3709, 105, 545
3710, 196, 865
3711, 534, 902
3712, 218, 947
3713, 325, 827
3714, 476, 959
3715, 248, 648
3716, 121, 157
3717, 101, 824
3718, 815, 889
3719, 212, 862
3720, 112, 602
3721, 28, 481
3722, 173, 698
3723, 484, 965
3724, 919, 978
3725, 303, 790
3726, 403, 637
3727, 332, 487
3728, 217, 633
3729, 195, 257
3730, 300, 364
3731, 259, 742
3732, 506, 634
3733, 339, 440
3734, 798, 867
3735, 391, 450
3736, 530, 659
3737, 522, 594
3738, 13, 960
3739, 439, 699
3740, 20, 915
3741, 278, 993
3742, 620, 754
3743, 301, 834
3744, 494, 955
3745, 45, 538
3746, 876, 886
3747, 592, 724
3748, 31, 940
3749, 160, 988
3750, 179, 219
3751, 529, 945
3752, 390, 643
3753, 106, 134
3754, 728, 822
3755, 194, 743
3756, 144, 228
3757, 63, 676
3758, 755, 829
3759, 211, 323
3760, 262, 395
3761, 781, 923
3762, 289, 433
3763, 271, 880
3764, 86, 849
3765, 387, 677
3766, 388, 816
3767, 225, 418
3768, 393, 556
3769, 156, 347
3770, 460, 845
3771, 159, 811
3772, 938, 948
3773, 250, 402
3774, 897, 935
3775, 183, 828
3776, 243, 500
3777, 88, 736
3778, 286, 807
3779, 346, 469
3780, 944, 964
3781, 129, 423
3782, 408, 851
3783, 453, 831
3784, 841, 922
3785, 55, 87
3786, 135, 604
3787, 298, 595
3788, 650, 974
3789, 209, 314
3790, 29, 432
3791, 540, 970
3792, 39, 193
3793, 116, 593
3794, 216, 398
3795, 454, 780
3796, 290, 992
3797, 727, 769
3798, 66, 752
3799, 660, 797
3800, 514, 847
3801, 204, 307
3802, 104, 404
3803, 523, 774
3804, 168, 665
3805, 541, 711
3806, 378, 508
3807, 145, 990
3808, 869, 873
3809, 58, 479
3810, 10, 885
3811, 520, 642
3812, 175, 721
3813, 515, 670
3814, 356, 766
3815, 380, 872
3816, 15, 235
3817, 302, 782
3818, 114, 646
3819, 683, 930
3820, 267, 310
3821, 222, 561
3822, 420, 704
3823, 315, 956
3824, 60, 184
3825, 252, 799
3826, 98, 709
3827, 549, 910
3828, 138, 662
3829, 671, 848
3830, 630, 819
3831, 273, 928
3832, 421, 489
3833, 900, 976
3834, 428, 609
3835, 483, 966
3836, 125, 207
3837, 256, 949
3838, 280, 882
3839, 909, 975
3840, 686, 756
3841, 477, 548
3842, 471, 678
3843, 401, 962
3844, 283, 322
3845, 527, 777
3846, 124, 288
3847, 96, 626
3848, 359, 501
3849, 92, 952
3850, 368, 532
3851, 449, 933
3852, 361, 455
3853, 287, 366
3854, 77, 355
3855, 74, 559
3856, 321, 803
3857, 654, 996
3858, 566, 708
3859, 622, 838
3860, 694, 934
3861, 53, 318
3862, 750, 912
3863, 572, 929
3864, 413, 456
3865, 46, 853
3866, 340, 731
3867, 90, 684
3868, 350, 722
3869, 292, 857
3870, 2, 741
3871, 588, 905
3872, 120, 679
3873, 788, 951
3874, 382, 706
3875, 108, 333
3876, 749, 879
3877, 142, 624
3878, 718, 898
3879, 48, 320
3880, 64, 503
3881, 251, 557
3882, 492, 560
3883, 517, 618
3884, 550, 715
3885, 12, 261
3886, 846, 918
3887, 809, 875
3888, 297, 409
3889, 208, 916
3890, 502, 551
3891, 758, 961
3892, 789, 806
3893, 170, 405
3894, 482, 804
3895, 130, 148
3896, 784, 953
3897, 188, 435
3898, 700, 985
3899, 165, 308
3900, 406, 631
3901, 564, 639
3902, 69, 247
3903, 673, 979
3904, 410, 461
3905, 313, 745
3906, 326, 984
3907, 331, 946
3908, 376, 645
3909, 238, 856
3910, 131, 587
3911, 605, 775
3912, 607, 697
3913, 430, 932
3914, 83, 577
3915, 152, 614
3916, 488, 837
3917, 760, 778
3918, 52, 244
3919, 360, 693
3920, 113, 317
3921, 224, 344
3922, 85, 768
3923, 329, 669
3924, 392, 688
3925, 94, 277
3926, 796, 890
3927, 43, 861
3928, 705, 734
3929, 185, 598
3930, 122, 590
3931, 652, 658
3932, 258, 305
3933, 79, 394
3934, 547, 826
3935, 465, 842
3936, 389, 764
3937, 137, 969
3938, 149, 666
3939, 692, 753
3940, 473, 870
3941, 56, 470
3942, 367, 812
3943, 240, 337
3944, 802, 878
3945, 186, 351
3946, 42, 891
3947, 190, 349
3948, 18, 230
3949, 139, 411
3950, 232, 334
3951, 162, 795
3952, 24, 787
3953, 327, 767
3954, 600, 924
3955, 345, 632
3956, 518, 999
3957, 447, 986
3958, 223, 817
3959, 703, 854
3960, 127, 419
3961, 457, 717
3962, 206, 814
3963, 182, 963
3964, 480, 759
3965, 126, 640
3966, 30, 141
3967, 375, 495
3968, 7, 663
3969, 415, 511
3970, 436, 581
3971, 459, 981
3972, 730, 987
3973, 468, 896
3974, 294, 613
3975, 422, 462
3976, 97, 911
3977, 151, 696
3978, 293, 737
3979, 23, 485
3980, 249, 596
3981, 864, 920
3982, 740, 860
3983, 695, 903
3984, 342, 907
3985, 99, 486
3986, 89, 357
3987, 49, 701
3988, 272, 725
3989, 608, 852
3990, 110, 971
3991, 621, 644
3992, 16, 575
3993, 155, 414
3994, 525, 617
3995, 871, 997
3996, 353, 931
3997, 859, 881
3998, 735, 921
3999, 312, 434
4000, 635, 712
