id, img1, img2
1, 618, 864
2, 508, 844
3, 455, 548
4, 20, 435
5, 662, 957
6, 236, 267
7, 578, 856
8, 85, 892
9, 67, 79
10, 261, 488
11, 943, 944
12, 61, 168
13, 259, 675
14, 146, 535
15, 706, 852
16, 174, 401
17, 199, 210
18, 307, 549
19, 437, 975
20, 243, 299
21, 599, 691
22, 958, 982
23, 169, 613
24, 242, 553
25, 292, 520
26, 466, 727
27, 444, 937
28, 165, 963
29, 449, 893
30, 670, 758
31, 128, 337
32, 264, 849
33, 302, 365
34, 847, 997
35, 558, 977
36, 25, 540
37, 131, 581
38, 22, 278
39, 534, 999
40, 130, 799
41, 906, 948
42, 400, 616
43, 103, 142
44, 263, 938
45, 162, 518
46, 719, 787
47, 725, 941
48, 496, 831
49, 411, 822
50, 119, 985
51, 184, 917
52, 47, 661
53, 420, 904
54, 39, 707
55, 195, 952
56, 173, 756
57, 441, 718
58, 366, 903
59, 64, 716
60, 316, 803
61, 737, 767
62, 182, 683
63, 92, 830
64, 633, 681
65, 296, 547
66, 397, 666
67, 18, 659
68, 677, 811
69, 886, 936
70, 81, 306
71, 21, 430
72, 248, 837
73, 50, 715
74, 105, 734
75, 805, 898
76, 19, 201
77, 285, 563
78, 180, 204
79, 887, 980
80, 919, 994
81, 781, 870
82, 417, 927
83, 601, 746
84, 78, 674
85, 387, 946
86, 9, 23
87, 780, 871
88, 768, 910
89, 497, 988
90, 71, 476
91, 298, 885
92, 684, 981
93, 154, 835
94, 86, 284
95, 288, 373
96, 145, 527
97, 500, 685
98, 30, 750
99, 304, 782
100, 627, 722
101, 266, 287
102, 132, 777
103, 333, 429
104, 34, 318
105, 544, 801
106, 439, 591
107, 135, 483
108, 149, 409
109, 728, 967
110, 408, 452
111, 234, 604
112, 276, 634
113, 150, 517
114, 101, 703
115, 240, 499
116, 645, 653
117, 422, 798
118, 153, 231
119, 52, 740
120, 2, 660
121, 388, 995
122, 16, 341
123, 628, 667
124, 260, 739
125, 293, 978
126, 45, 134
127, 414, 443
128, 129, 812
129, 773, 895
130, 376, 771
131, 503, 571
132, 502, 940
133, 277, 704
134, 357, 826
135, 272, 345
136, 87, 658
137, 187, 790
138, 394, 643
139, 32, 759
140, 35, 399
141, 321, 651
142, 504, 986
143, 325, 912
144, 170, 664
145, 42, 63
146, 26, 188
147, 100, 821
148, 428, 819
149, 329, 920
150, 123, 561
151, 249, 738
152, 454, 542
153, 485, 926
154, 27, 700
155, 186, 711
156, 590, 631
157, 255, 622
158, 112, 551
159, 197, 353
160, 340, 361
161, 308, 614
162, 206, 374
163, 419, 961
164, 763, 993
165, 106, 603
166, 323, 537
167, 479, 724
168, 158, 950
169, 494, 564
170, 965, 1000
171, 315, 346
172, 832, 918
173, 312, 663
174, 424, 825
175, 99, 654
176, 58, 923
177, 38, 391
178, 104, 178
179, 854, 916
180, 600, 972
181, 125, 570
182, 459, 788
183, 621, 783
184, 109, 396
185, 478, 797
186, 568, 774
187, 282, 891
188, 1, 143
189, 584, 833
190, 800, 899
191, 121, 219
192, 511, 876
193, 629, 791
194, 7, 389
195, 166, 303
196, 122, 749
197, 233, 545
198, 77, 241
199, 841, 998
200, 275, 309
201, 179, 403
202, 533, 743
203, 6, 824
204, 29, 159
205, 69, 194
206, 57, 356
207, 747, 878
208, 608, 689
209, 258, 594
210, 541, 855
211, 144, 726
212, 313, 699
213, 347, 501
214, 464, 929
215, 70, 228
216, 256, 367
217, 33, 687
218, 91, 897
219, 760, 810
220, 587, 880
221, 110, 766
222, 196, 211
223, 209, 471
224, 809, 845
225, 343, 814
226, 525, 698
227, 317, 380
228, 566, 764
229, 94, 96
230, 90, 405
231, 680, 851
232, 224, 858
233, 393, 828
234, 11, 565
235, 583, 987
236, 280, 868
237, 577, 636
238, 521, 526
239, 74, 102
240, 137, 949
241, 364, 642
242, 322, 438
243, 813, 992
244, 36, 823
245, 290, 328
246, 326, 735
247, 246, 778
248, 505, 523
249, 98, 252
250, 8, 442
251, 350, 481
252, 88, 155
253, 218, 402
254, 475, 619
255, 289, 922
256, 557, 954
257, 111, 203
258, 755, 762
259, 630, 951
260, 51, 770
261, 732, 754
262, 181, 817
263, 62, 244
264, 40, 467
265, 465, 678
266, 538, 626
267, 235, 644
268, 390, 562
269, 118, 531
270, 415, 945
271, 425, 789
272, 238, 648
273, 95, 327
274, 363, 572
275, 161, 382
276, 12, 491
277, 371, 804
278, 552, 741
279, 606, 881
280, 148, 458
281, 742, 751
282, 512, 907
283, 482, 530
284, 286, 697
285, 469, 556
286, 461, 713
287, 480, 816
288, 215, 925
289, 686, 894
290, 794, 873
291, 513, 956
292, 274, 559
293, 227, 426
294, 17, 80
295, 372, 595
296, 53, 605
297, 3, 453
298, 56, 795
299, 358, 615
300, 351, 983
301, 65, 665
302, 769, 969
303, 673, 744
304, 59, 207
305, 529, 612
306, 473, 554
307, 536, 915
308, 637, 991
309, 140, 257
310, 413, 960
311, 5, 966
312, 126, 882
313, 349, 611
314, 127, 807
315, 190, 573
316, 410, 423
317, 216, 368
318, 585, 657
319, 647, 901
320, 10, 671
321, 108, 931
322, 60, 271
323, 84, 888
324, 470, 524
325, 462, 624
326, 152, 973
327, 83, 319
328, 597, 609
329, 450, 865
330, 640, 705
331, 310, 717
332, 185, 839
333, 305, 514
334, 192, 942
335, 176, 202
336, 635, 701
337, 432, 550
338, 434, 896
339, 68, 702
340, 598, 793
341, 41, 171
342, 588, 708
343, 652, 875
344, 295, 733
345, 48, 177
346, 745, 928
347, 421, 690
348, 516, 729
349, 49, 406
350, 281, 515
351, 89, 490
352, 555, 889
353, 175, 914
354, 723, 775
355, 136, 861
356, 489, 617
357, 297, 984
358, 200, 829
359, 28, 440
360, 721, 990
361, 167, 217
362, 532, 696
363, 44, 507
364, 377, 492
365, 383, 869
366, 208, 519
367, 226, 879
368, 808, 970
369, 818, 934
370, 133, 996
371, 336, 460
372, 385, 902
373, 510, 586
374, 138, 909
375, 334, 748
376, 575, 866
377, 339, 468
378, 528, 930
379, 522, 947
380, 477, 976
381, 384, 955
382, 370, 472
383, 638, 843
384, 602, 867
385, 82, 838
386, 24, 107
387, 253, 641
388, 114, 427
389, 354, 863
390, 574, 714
391, 230, 655
392, 273, 709
393, 139, 344
394, 386, 407
395, 147, 404
396, 359, 874
397, 268, 694
398, 120, 265
399, 369, 487
400, 324, 656
401, 546, 900
402, 332, 806
403, 418, 877
404, 113, 785
405, 456, 484
406, 66, 765
407, 772, 921
408, 355, 543
409, 620, 964
410, 301, 335
411, 141, 300
412, 330, 639
413, 331, 506
414, 592, 840
415, 291, 779
416, 229, 569
417, 836, 890
418, 31, 796
419, 270, 753
420, 348, 679
421, 15, 730
422, 163, 827
423, 223, 447
424, 668, 736
425, 164, 672
426, 692, 862
427, 46, 883
428, 448, 688
429, 911, 939
430, 589, 860
431, 160, 579
432, 232, 314
433, 682, 989
434, 412, 580
435, 431, 935
436, 183, 776
437, 193, 731
438, 191, 320
439, 124, 495
440, 375, 610
441, 37, 932
442, 156, 853
443, 625, 784
444, 225, 848
445, 115, 486
446, 294, 850
447, 451, 607
448, 445, 846
449, 4, 582
450, 14, 75
451, 509, 676
452, 720, 905
453, 593, 859
454, 73, 650
455, 362, 792
456, 342, 820
457, 221, 971
458, 539, 695
459, 669, 872
460, 338, 379
461, 436, 974
462, 245, 752
463, 623, 933
464, 13, 979
465, 283, 761
466, 251, 398
467, 254, 646
468, 884, 962
469, 55, 433
470, 493, 924
471, 392, 842
472, 649, 857
473, 97, 381
474, 151, 198
475, 72, 802
476, 213, 576
477, 117, 237
478, 279, 786
479, 76, 567
480, 498, 757
481, 43, 834
482, 172, 220
483, 205, 959
484, 214, 446
485, 311, 360
486, 457, 913
487, 463, 710
488, 116, 212
489, 247, 712
490, 239, 395
491, 596, 968
492, 815, 908
493, 93, 560
494, 250, 416
495, 632, 693
496, 189, 474
497, 222, 352
498, 269, 953
499, 262, 378
500, 54, 157
501, 581, 849
502, 308, 674
503, 202, 561
504, 222, 255
505, 392, 986
506, 312, 483
507, 49, 399
508, 57, 330
509, 2, 12
510, 425, 882
511, 147, 203
512, 605, 981
513, 90, 657
514, 169, 423
515, 499, 637
516, 70, 628
517, 336, 438
518, 398, 627
519, 509, 630
520, 488, 503
521, 427, 837
522, 191, 573
523, 578, 847
524, 369, 858
525, 723, 855
526, 323, 621
527, 335, 562
528, 602, 641
529, 278, 546
530, 465, 701
531, 682, 918
532, 349, 444
533, 264, 417
534, 403, 818
535, 33, 136
536, 635, 957
537, 84, 831
538, 414, 462
539, 633, 844
540, 537, 623
541, 91, 913
542, 568, 943
543, 175, 386
544, 287, 601
545, 110, 143
546, 501, 631
547, 306, 899
548, 109, 132
549, 314, 461
550, 841, 917
551, 65, 937
552, 41, 167
553, 671, 783
554, 693, 860
555, 294, 404
556, 30, 922
557, 338, 599
558, 230, 549
559, 10, 979
560, 554, 903
561, 63, 262
562, 85, 565
563, 174, 192
564, 692, 891
565, 61, 954
566, 150, 797
567, 770, 928
568, 368, 467
569, 58, 359
570, 351, 675
571, 176, 580
572, 331, 439
573, 431, 528
574, 745, 779
575, 7, 358
576, 846, 978
577, 245, 448
578, 218, 303
579, 317, 322
580, 547, 705
581, 9, 813
582, 31, 127
583, 418, 878
584, 81, 971
585, 650, 796
586, 347, 679
587, 98, 353
588, 734, 910
589, 82, 695
590, 146, 373
591, 305, 619
592, 437, 782
593, 105, 409
594, 394, 550
595, 114, 118
596, 536, 574
597, 356, 533
598, 148, 474
599, 14, 220
600, 586, 655
601, 791, 812
602, 596, 661
603, 205, 396
604, 20, 950
605, 348, 835
606, 508, 694
607, 164, 729
608, 256, 930
609, 212, 942
610, 626, 921
611, 487, 822
612, 53, 832
613, 389, 470
614, 228, 505
615, 210, 337
616, 889, 931
617, 354, 365
618, 829, 896
619, 445, 664
620, 570, 784
621, 46, 189
622, 128, 500
623, 481, 598
624, 579, 933
625, 719, 888
626, 178, 443
627, 614, 904
628, 115, 871
629, 401, 589
630, 229, 576
631, 277, 966
632, 350, 805
633, 567, 817
634, 133, 225
635, 247, 524
636, 19, 68
637, 117, 776
638, 276, 642
639, 216, 352
640, 22, 620
641, 62, 746
642, 66, 484
643, 42, 101
644, 541, 816
645, 906, 974
646, 59, 87
647, 102, 936
648, 171, 455
649, 428, 454
650, 324, 690
651, 433, 656
652, 387, 527
653, 122, 242
654, 161, 787
655, 112, 743
656, 310, 540
657, 697, 798
658, 283, 529
659, 252, 944
660, 76, 200
661, 35, 227
662, 239, 762
663, 490, 543
664, 456, 821
665, 183, 785
666, 482, 982
667, 518, 763
668, 612, 951
669, 29, 660
670, 355, 604
671, 534, 961
672, 16, 516
673, 215, 845
674, 257, 861
675, 250, 886
676, 608, 895
677, 40, 670
678, 764, 991
679, 334, 388
680, 135, 460
681, 269, 301
682, 593, 652
683, 555, 754
684, 130, 291
685, 26, 244
686, 442, 932
687, 530, 736
688, 96, 372
689, 522, 740
690, 285, 397
691, 219, 402
692, 207, 792
693, 302, 773
694, 927, 962
695, 486, 585
696, 27, 214
697, 155, 513
698, 466, 724
699, 883, 920
700, 39, 960
701, 56, 666
702, 459, 969
703, 213, 857
704, 600, 772
705, 137, 523
706, 420, 654
707, 577, 999
708, 24, 259
709, 261, 592
710, 345, 838
711, 472, 512
712, 233, 296
713, 327, 587
714, 206, 290
715, 497, 677
716, 89, 270
717, 196, 341
718, 328, 393
719, 416, 850
720, 757, 898
721, 93, 945
722, 32, 863
723, 761, 984
724, 108, 908
725, 273, 477
726, 606, 691
727, 69, 377
728, 142, 181
729, 583, 640
730, 759, 929
731, 47, 708
732, 119, 663
733, 151, 926
734, 298, 696
735, 385, 865
736, 129, 395
737, 839, 907
738, 316, 378
739, 471, 725
740, 99, 478
741, 912, 956
742, 379, 569
743, 64, 595
744, 485, 726
745, 60, 890
746, 830, 923
747, 479, 738
748, 435, 556
749, 159, 843
750, 182, 793
751, 714, 924
752, 667, 998
753, 179, 975
754, 75, 332
755, 211, 952
756, 138, 750
757, 517, 735
758, 223, 880
759, 698, 941
760, 685, 766
761, 419, 795
762, 370, 946
763, 914, 990
764, 611, 765
765, 188, 451
766, 300, 371
767, 232, 833
768, 235, 901
769, 344, 925
770, 525, 851
771, 625, 747
772, 446, 710
773, 515, 869
774, 44, 410
775, 134, 491
776, 988, 989
777, 21, 304
778, 187, 539
779, 94, 613
780, 852, 938
781, 769, 1000
782, 919, 968
783, 80, 739
784, 97, 977
785, 120, 965
786, 430, 718
787, 318, 463
788, 415, 468
789, 258, 267
790, 48, 558
791, 157, 493
792, 288, 854
793, 381, 616
794, 15, 644
795, 281, 976
796, 4, 949
797, 566, 808
798, 434, 742
799, 113, 824
800, 83, 678
801, 295, 535
802, 665, 827
803, 293, 980
804, 384, 542
805, 299, 985
806, 260, 473
807, 498, 551
808, 197, 786
809, 767, 862
810, 3, 603
811, 11, 994
812, 856, 972
813, 553, 702
814, 591, 672
815, 86, 582
816, 154, 248
817, 125, 853
818, 25, 458
819, 733, 810
820, 364, 405
821, 163, 521
822, 195, 687
823, 121, 177
824, 37, 564
825, 153, 307
826, 186, 636
827, 519, 683
828, 309, 720
829, 106, 676
830, 819, 894
831, 390, 834
832, 320, 514
833, 23, 361
834, 544, 814
835, 441, 645
836, 240, 777
837, 1, 380
838, 43, 238
839, 538, 753
840, 346, 911
841, 826, 996
842, 13, 673
843, 480, 900
844, 141, 731
845, 193, 755
846, 284, 730
847, 421, 607
848, 45, 531
849, 713, 804
850, 760, 868
851, 88, 618
852, 436, 768
853, 848, 997
854, 126, 638
855, 17, 449
856, 158, 699
857, 788, 955
858, 28, 124
859, 275, 475
860, 279, 892
861, 452, 722
862, 758, 947
863, 774, 801
864, 624, 794
865, 104, 144
866, 453, 496
867, 653, 884
868, 311, 902
869, 100, 149
870, 615, 992
871, 253, 859
872, 408, 662
873, 79, 874
874, 8, 271
875, 749, 948
876, 185, 877
877, 116, 669
878, 836, 939
879, 584, 953
880, 383, 905
881, 162, 511
882, 111, 995
883, 366, 959
884, 289, 870
885, 319, 634
886, 123, 325
887, 778, 867
888, 552, 872
889, 572, 647
890, 92, 651
891, 234, 563
892, 251, 492
893, 502, 820
894, 184, 280
895, 340, 632
896, 520, 916
897, 413, 842
898, 208, 548
899, 803, 887
900, 67, 198
901, 51, 78
902, 156, 329
903, 400, 469
904, 292, 532
905, 426, 545
906, 199, 934
907, 495, 780
908, 412, 643
909, 71, 594
910, 406, 700
911, 864, 875
912, 326, 374
913, 52, 241
914, 313, 964
915, 367, 588
916, 357, 659
917, 145, 560
918, 342, 741
919, 18, 422
920, 704, 802
921, 897, 940
922, 526, 866
923, 73, 209
924, 50, 201
925, 489, 504
926, 706, 840
927, 152, 681
928, 180, 315
929, 376, 510
930, 597, 790
931, 876, 893
932, 715, 756
933, 38, 881
934, 321, 721
935, 807, 963
936, 268, 333
937, 243, 748
938, 752, 967
939, 575, 744
940, 727, 799
941, 688, 879
942, 429, 800
943, 77, 751
944, 363, 411
945, 237, 274
946, 610, 771
947, 557, 737
948, 450, 958
949, 272, 809
950, 457, 728
951, 622, 987
952, 781, 993
953, 424, 476
954, 559, 711
955, 716, 815
956, 362, 973
957, 806, 873
958, 286, 775
959, 170, 629
960, 382, 686
961, 173, 825
962, 506, 828
963, 494, 617
964, 265, 712
965, 658, 885
966, 507, 823
967, 609, 709
968, 639, 970
969, 194, 246
970, 249, 282
971, 6, 74
972, 54, 254
973, 571, 717
974, 263, 407
975, 226, 811
976, 297, 789
977, 266, 649
978, 440, 915
979, 221, 707
980, 172, 646
981, 360, 648
982, 95, 343
983, 391, 668
984, 55, 680
985, 72, 464
986, 5, 703
987, 204, 447
988, 168, 909
989, 103, 339
990, 217, 689
991, 166, 224
992, 165, 432
993, 34, 131
994, 36, 732
995, 139, 140
996, 107, 590
997, 160, 684
998, 190, 375
999, 231, 236
1000, 935, 983
1001, 416, 910
1002, 63, 687
1003, 511, 847
1004, 245, 629
1005, 20, 548
1006, 336, 926
1007, 373, 807
1008, 660, 851
1009, 26, 852
1010, 249, 934
1011, 5, 306
1012, 273, 539
1013, 8, 270
1014, 9, 123
1015, 665, 999
1016, 210, 533
1017, 544, 709
1018, 321, 991
1019, 274, 353
1020, 65, 398
1021, 218, 315
1022, 656, 826
1023, 10, 302
1024, 450, 996
1025, 597, 608
1026, 345, 641
1027, 60, 880
1028, 137, 580
1029, 51, 455
1030, 118, 385
1031, 254, 735
1032, 56, 591
1033, 933, 992
1034, 355, 891
1035, 394, 708
1036, 217, 734
1037, 483, 998
1038, 515, 895
1039, 598, 916
1040, 187, 323
1041, 157, 710
1042, 339, 752
1043, 196, 330
1044, 53, 286
1045, 191, 204
1046, 3, 189
1047, 207, 510
1048, 172, 838
1049, 121, 149
1050, 38, 213
1051, 772, 940
1052, 874, 956
1053, 425, 673
1054, 512, 945
1055, 147, 741
1056, 362, 809
1057, 264, 420
1058, 768, 816
1059, 307, 707
1060, 17, 334
1061, 740, 850
1062, 863, 866
1063, 221, 669
1064, 419, 650
1065, 365, 871
1066, 892, 932
1067, 115, 779
1068, 24, 947
1069, 120, 835
1070, 104, 499
1071, 186, 267
1072, 882, 922
1073, 480, 525
1074, 2, 984
1075, 335, 652
1076, 725, 925
1077, 174, 193
1078, 298, 417
1079, 255, 484
1080, 49, 989
1081, 568, 869
1082, 70, 395
1083, 235, 694
1084, 349, 472
1085, 623, 701
1086, 12, 462
1087, 99, 215
1088, 295, 585
1089, 244, 422
1090, 386, 485
1091, 347, 958
1092, 567, 774
1093, 37, 129
1094, 377, 584
1095, 540, 593
1096, 632, 657
1097, 516, 612
1098, 164, 272
1099, 876, 946
1100, 97, 961
1101, 283, 644
1102, 57, 284
1103, 348, 372
1104, 458, 489
1105, 468, 906
1106, 401, 927
1107, 331, 582
1108, 424, 440
1109, 432, 997
1110, 473, 987
1111, 71, 228
1112, 112, 923
1113, 494, 860
1114, 199, 487
1115, 155, 590
1116, 287, 589
1117, 82, 888
1118, 30, 699
1119, 442, 920
1120, 326, 729
1121, 168, 718
1122, 72, 101
1123, 501, 877
1124, 140, 747
1125, 545, 706
1126, 531, 985
1127, 75, 799
1128, 128, 814
1129, 73, 103
1130, 310, 974
1131, 495, 552
1132, 203, 899
1133, 125, 271
1134, 35, 230
1135, 587, 921
1136, 180, 444
1137, 305, 596
1138, 265, 846
1139, 491, 813
1140, 114, 223
1141, 452, 571
1142, 622, 767
1143, 368, 765
1144, 390, 908
1145, 436, 459
1146, 434, 446
1147, 52, 911
1148, 150, 620
1149, 447, 611
1150, 400, 901
1151, 202, 441
1152, 476, 981
1153, 884, 969
1154, 94, 200
1155, 376, 521
1156, 69, 651
1157, 205, 743
1158, 445, 689
1159, 698, 913
1160, 322, 456
1161, 54, 678
1162, 841, 937
1163, 288, 523
1164, 443, 886
1165, 875, 950
1166, 192, 537
1167, 138, 900
1168, 843, 976
1169, 451, 732
1170, 654, 818
1171, 41, 663
1172, 39, 722
1173, 4, 6
1174, 507, 930
1175, 543, 844
1176, 704, 917
1177, 757, 870
1178, 276, 438
1179, 126, 727
1180, 194, 542
1181, 161, 268
1182, 618, 636
1183, 849, 963
1184, 108, 988
1185, 197, 983
1186, 25, 564
1187, 885, 915
1188, 171, 535
1189, 783, 828
1190, 226, 488
1191, 415, 878
1192, 220, 247
1193, 868, 973
1194, 381, 600
1195, 577, 792
1196, 428, 720
1197, 313, 905
1198, 527, 805
1199, 50, 751
1200, 411, 855
1201, 777, 781
1202, 674, 970
1203, 550, 583
1204, 453, 528
1205, 536, 680
1206, 87, 134
1207, 250, 594
1208, 175, 176
1209, 808, 842
1210, 263, 738
1211, 64, 238
1212, 185, 990
1213, 329, 867
1214, 58, 793
1215, 304, 773
1216, 40, 691
1217, 294, 407
1218, 146, 475
1219, 837, 848
1220, 143, 599
1221, 239, 737
1222, 90, 520
1223, 179, 579
1224, 116, 316
1225, 723, 744
1226, 490, 804
1227, 588, 798
1228, 229, 291
1229, 163, 812
1230, 366, 756
1231, 719, 748
1232, 667, 979
1233, 260, 696
1234, 34, 74
1235, 514, 873
1236, 96, 236
1237, 251, 802
1238, 753, 754
1239, 638, 893
1240, 234, 309
1241, 86, 379
1242, 682, 854
1243, 356, 858
1244, 469, 898
1245, 559, 730
1246, 343, 449
1247, 243, 749
1248, 324, 337
1249, 352, 503
1250, 634, 661
1251, 277, 388
1252, 426, 429
1253, 122, 433
1254, 92, 133
1255, 136, 290
1256, 279, 785
1257, 505, 613
1258, 21, 815
1259, 19, 948
1260, 677, 939
1261, 628, 784
1262, 169, 391
1263, 617, 655
1264, 794, 840
1265, 619, 914
1266, 968, 975
1267, 393, 461
1268, 61, 703
1269, 572, 758
1270, 481, 522
1271, 105, 224
1272, 81, 676
1273, 261, 493
1274, 113, 960
1275, 404, 561
1276, 769, 827
1277, 363, 558
1278, 285, 457
1279, 392, 957
1280, 135, 949
1281, 506, 800
1282, 299, 941
1283, 614, 782
1284, 361, 563
1285, 67, 637
1286, 195, 586
1287, 178, 319
1288, 110, 242
1289, 378, 791
1290, 152, 581
1291, 466, 529
1292, 338, 711
1293, 184, 962
1294, 766, 820
1295, 68, 672
1296, 549, 574
1297, 640, 912
1298, 222, 538
1299, 796, 909
1300, 42, 262
1301, 829, 938
1302, 358, 671
1303, 745, 857
1304, 402, 959
1305, 91, 556
1306, 145, 275
1307, 534, 929
1308, 633, 760
1309, 211, 902
1310, 374, 464
1311, 151, 318
1312, 11, 609
1313, 412, 822
1314, 421, 427
1315, 29, 952
1316, 320, 731
1317, 107, 500
1318, 340, 504
1319, 492, 750
1320, 715, 834
1321, 173, 688
1322, 341, 578
1323, 897, 966
1324, 248, 517
1325, 241, 778
1326, 117, 328
1327, 569, 995
1328, 240, 526
1329, 85, 89
1330, 36, 832
1331, 308, 604
1332, 141, 375
1333, 225, 643
1334, 360, 944
1335, 546, 775
1336, 471, 602
1337, 31, 201
1338, 532, 686
1339, 27, 907
1340, 188, 311
1341, 342, 460
1342, 33, 124
1343, 482, 806
1344, 615, 645
1345, 28, 177
1346, 496, 647
1347, 670, 903
1348, 132, 986
1349, 435, 978
1350, 478, 683
1351, 95, 819
1352, 380, 862
1353, 721, 872
1354, 509, 918
1355, 296, 370
1356, 497, 770
1357, 144, 739
1358, 332, 811
1359, 214, 364
1360, 423, 789
1361, 371, 865
1362, 252, 474
1363, 541, 726
1364, 439, 551
1365, 23, 399
1366, 158, 519
1367, 166, 649
1368, 66, 367
1369, 77, 658
1370, 153, 333
1371, 7, 297
1372, 746, 924
1373, 257, 530
1374, 22, 389
1375, 13, 817
1376, 312, 824
1377, 78, 790
1378, 463, 894
1379, 300, 684
1380, 139, 724
1381, 498, 648
1382, 292, 964
1383, 253, 955
1384, 382, 967
1385, 16, 289
1386, 162, 936
1387, 736, 879
1388, 156, 762
1389, 219, 624
1390, 190, 325
1391, 697, 786
1392, 646, 823
1393, 148, 954
1394, 601, 630
1395, 346, 971
1396, 258, 776
1397, 83, 607
1398, 198, 953
1399, 700, 788
1400, 479, 557
1401, 159, 801
1402, 181, 565
1403, 76, 836
1404, 127, 635
1405, 280, 679
1406, 861, 935
1407, 109, 130
1408, 301, 403
1409, 45, 396
1410, 314, 993
1411, 477, 560
1412, 431, 685
1413, 62, 951
1414, 606, 690
1415, 43, 344
1416, 281, 928
1417, 106, 573
1418, 15, 853
1419, 566, 728
1420, 14, 246
1421, 513, 889
1422, 405, 681
1423, 554, 883
1424, 102, 216
1425, 716, 942
1426, 675, 803
1427, 414, 787
1428, 167, 890
1429, 142, 576
1430, 183, 653
1431, 695, 712
1432, 508, 845
1433, 354, 887
1434, 278, 664
1435, 524, 659
1436, 610, 761
1437, 227, 269
1438, 79, 833
1439, 18, 397
1440, 595, 603
1441, 357, 821
1442, 48, 666
1443, 839, 1000
1444, 437, 470
1445, 55, 626
1446, 80, 418
1447, 119, 165
1448, 160, 980
1449, 212, 662
1450, 714, 742
1451, 327, 864
1452, 170, 406
1453, 351, 467
1454, 208, 413
1455, 47, 88
1456, 1, 931
1457, 32, 631
1458, 256, 764
1459, 553, 972
1460, 259, 702
1461, 448, 454
1462, 206, 430
1463, 605, 639
1464, 237, 965
1465, 465, 755
1466, 59, 575
1467, 209, 642
1468, 570, 994
1469, 303, 350
1470, 486, 859
1471, 266, 282
1472, 562, 904
1473, 359, 881
1474, 46, 502
1475, 518, 547
1476, 317, 387
1477, 233, 668
1478, 84, 592
1479, 383, 780
1480, 830, 831
1481, 384, 692
1482, 616, 856
1483, 896, 977
1484, 111, 693
1485, 293, 625
1486, 232, 409
1487, 713, 733
1488, 44, 825
1489, 93, 408
1490, 231, 705
1491, 98, 369
1492, 763, 797
1493, 154, 621
1494, 759, 919
1495, 410, 717
1496, 795, 943
1497, 555, 982
1498, 131, 627
1499, 100, 810
1500, 182, 771
1501, 295, 851
1502, 77, 830
1503, 383, 461
1504, 275, 454
1505, 177, 965
1506, 240, 254
1507, 687, 891
1508, 876, 878
1509, 5, 618
1510, 451, 951
1511, 203, 602
1512, 154, 710
1513, 231, 881
1514, 257, 857
1515, 484, 766
1516, 119, 972
1517, 220, 880
1518, 747, 954
1519, 364, 988
1520, 316, 501
1521, 658, 916
1522, 446, 455
1523, 592, 593
1524, 753, 792
1525, 331, 435
1526, 175, 986
1527, 146, 569
1528, 892, 976
1529, 50, 145
1530, 114, 869
1531, 100, 470
1532, 390, 947
1533, 628, 853
1534, 92, 201
1535, 233, 548
1536, 493, 622
1537, 842, 948
1538, 427, 656
1539, 43, 369
1540, 718, 806
1541, 399, 908
1542, 633, 750
1543, 184, 292
1544, 483, 660
1545, 647, 681
1546, 357, 863
1547, 76, 314
1548, 561, 969
1549, 507, 928
1550, 168, 811
1551, 244, 645
1552, 62, 348
1553, 7, 342
1554, 278, 883
1555, 136, 526
1556, 107, 708
1557, 150, 669
1558, 624, 935
1559, 355, 722
1560, 715, 861
1561, 819, 893
1562, 524, 736
1563, 580, 595
1564, 382, 783
1565, 57, 549
1566, 530, 862
1567, 641, 796
1568, 27, 673
1569, 142, 284
1570, 573, 849
1571, 410, 531
1572, 84, 977
1573, 325, 335
1574, 124, 609
1575, 679, 771
1576, 835, 975
1577, 683, 828
1578, 117, 415
1579, 488, 727
1580, 354, 776
1581, 578, 768
1582, 296, 477
1583, 606, 941
1584, 44, 347
1585, 267, 529
1586, 692, 761
1587, 208, 981
1588, 106, 664
1589, 162, 921
1590, 207, 309
1591, 345, 608
1592, 372, 860
1593, 740, 825
1594, 373, 834
1595, 540, 730
1596, 326, 749
1597, 130, 920
1598, 161, 706
1599, 268, 550
1600, 339, 950
1601, 409, 456
1602, 838, 927
1603, 111, 502
1604, 515, 839
1605, 350, 536
1606, 467, 759
1607, 72, 397
1608, 33, 724
1609, 315, 899
1610, 246, 386
1611, 271, 510
1612, 14, 887
1613, 489, 716
1614, 498, 744
1615, 61, 503
1616, 193, 436
1617, 725, 855
1618, 911, 953
1619, 349, 663
1620, 8, 698
1621, 236, 579
1622, 253, 746
1623, 264, 361
1624, 407, 426
1625, 304, 844
1626, 424, 627
1627, 13, 556
1628, 774, 816
1629, 2, 195
1630, 126, 379
1631, 202, 841
1632, 543, 613
1633, 228, 845
1634, 639, 674
1635, 209, 393
1636, 630, 728
1637, 291, 343
1638, 9, 93
1639, 105, 440
1640, 422, 937
1641, 564, 807
1642, 285, 989
1643, 471, 601
1644, 225, 428
1645, 932, 938
1646, 174, 387
1647, 408, 979
1648, 6, 801
1649, 546, 868
1650, 472, 571
1651, 668, 738
1652, 323, 508
1653, 29, 38
1654, 82, 289
1655, 158, 433
1656, 378, 448
1657, 374, 874
1658, 537, 850
1659, 283, 790
1660, 599, 616
1661, 282, 505
1662, 523, 793
1663, 34, 401
1664, 245, 702
1665, 444, 1000
1666, 617, 909
1667, 721, 978
1668, 395, 991
1669, 513, 820
1670, 652, 805
1671, 45, 307
1672, 238, 262
1673, 481, 678
1674, 680, 923
1675, 49, 925
1676, 429, 966
1677, 596, 603
1678, 259, 690
1679, 24, 560
1680, 153, 907
1681, 212, 723
1682, 358, 474
1683, 368, 962
1684, 3, 519
1685, 256, 280
1686, 871, 879
1687, 118, 620
1688, 460, 919
1689, 97, 384
1690, 650, 741
1691, 183, 985
1692, 219, 332
1693, 594, 735
1694, 169, 929
1695, 737, 904
1696, 229, 559
1697, 35, 684
1698, 163, 330
1699, 465, 913
1700, 151, 288
1701, 75, 279
1702, 83, 160
1703, 68, 797
1704, 40, 665
1705, 632, 933
1706, 449, 565
1707, 166, 634
1708, 26, 416
1709, 421, 453
1710, 55, 266
1711, 518, 882
1712, 934, 984
1713, 313, 423
1714, 512, 773
1715, 713, 832
1716, 567, 743
1717, 400, 840
1718, 176, 826
1719, 28, 147
1720, 260, 894
1721, 499, 655
1722, 113, 566
1723, 159, 250
1724, 362, 858
1725, 281, 637
1726, 562, 657
1727, 273, 902
1728, 141, 964
1729, 303, 447
1730, 187, 261
1731, 180, 636
1732, 91, 337
1733, 103, 171
1734, 704, 729
1735, 265, 558
1736, 66, 949
1737, 11, 865
1738, 294, 763
1739, 206, 371
1740, 629, 700
1741, 694, 982
1742, 480, 946
1743, 769, 836
1744, 563, 960
1745, 255, 662
1746, 167, 412
1747, 52, 86
1748, 463, 786
1749, 47, 873
1750, 623, 983
1751, 37, 870
1752, 132, 970
1753, 912, 944
1754, 109, 375
1755, 63, 398
1756, 216, 760
1757, 356, 509
1758, 917, 995
1759, 53, 197
1760, 404, 980
1761, 79, 726
1762, 370, 712
1763, 353, 817
1764, 317, 884
1765, 21, 320
1766, 210, 584
1767, 570, 803
1768, 646, 885
1769, 10, 542
1770, 782, 852
1771, 638, 800
1772, 762, 812
1773, 164, 895
1774, 848, 890
1775, 541, 955
1776, 380, 696
1777, 270, 496
1778, 494, 691
1779, 115, 411
1780, 25, 131
1781, 290, 405
1782, 305, 450
1783, 588, 648
1784, 319, 709
1785, 4, 223
1786, 18, 425
1787, 677, 798
1788, 54, 232
1789, 215, 945
1790, 462, 651
1791, 31, 554
1792, 311, 940
1793, 528, 667
1794, 754, 875
1795, 81, 213
1796, 135, 522
1797, 381, 666
1798, 351, 810
1799, 406, 552
1800, 205, 930
1801, 144, 204
1802, 211, 958
1803, 300, 367
1804, 574, 654
1805, 437, 516
1806, 129, 903
1807, 297, 785
1808, 247, 755
1809, 192, 795
1810, 466, 504
1811, 521, 689
1812, 312, 486
1813, 597, 791
1814, 756, 808
1815, 88, 500
1816, 693, 695
1817, 525, 886
1818, 714, 818
1819, 227, 877
1820, 95, 485
1821, 172, 577
1822, 286, 635
1823, 12, 116
1824, 432, 553
1825, 459, 968
1826, 363, 497
1827, 56, 671
1828, 788, 901
1829, 39, 813
1830, 30, 127
1831, 492, 990
1832, 102, 745
1833, 69, 89
1834, 699, 775
1835, 476, 717
1836, 441, 864
1837, 67, 896
1838, 535, 757
1839, 585, 789
1840, 720, 961
1841, 318, 814
1842, 385, 957
1843, 148, 555
1844, 568, 685
1845, 277, 418
1846, 302, 998
1847, 1, 701
1848, 242, 777
1849, 60, 661
1850, 98, 120
1851, 742, 827
1852, 226, 779
1853, 308, 340
1854, 711, 915
1855, 532, 764
1856, 587, 824
1857, 469, 557
1858, 457, 888
1859, 101, 527
1860, 299, 328
1861, 46, 544
1862, 20, 626
1863, 341, 900
1864, 396, 611
1865, 16, 607
1866, 822, 897
1867, 670, 910
1868, 352, 391
1869, 194, 252
1870, 298, 324
1871, 181, 576
1872, 218, 237
1873, 752, 942
1874, 241, 545
1875, 36, 642
1876, 217, 918
1877, 185, 191
1878, 23, 831
1879, 377, 993
1880, 190, 293
1881, 73, 338
1882, 125, 625
1883, 123, 439
1884, 414, 547
1885, 322, 533
1886, 659, 739
1887, 90, 992
1888, 121, 843
1889, 434, 707
1890, 140, 551
1891, 301, 336
1892, 22, 198
1893, 59, 586
1894, 653, 889
1895, 464, 971
1896, 511, 631
1897, 520, 581
1898, 157, 413
1899, 78, 156
1900, 186, 939
1901, 96, 366
1902, 403, 837
1903, 128, 420
1904, 614, 973
1905, 165, 748
1906, 64, 239
1907, 388, 781
1908, 321, 475
1909, 772, 967
1910, 42, 688
1911, 234, 394
1912, 243, 784
1913, 591, 621
1914, 898, 996
1915, 17, 272
1916, 112, 952
1917, 310, 767
1918, 188, 230
1919, 178, 222
1920, 133, 182
1921, 251, 987
1922, 48, 306
1923, 87, 600
1924, 514, 731
1925, 137, 438
1926, 248, 672
1927, 276, 815
1928, 770, 829
1929, 200, 495
1930, 58, 922
1931, 697, 994
1932, 51, 905
1933, 74, 997
1934, 32, 847
1935, 490, 615
1936, 155, 479
1937, 41, 443
1938, 640, 872
1939, 610, 974
1940, 15, 344
1941, 170, 478
1942, 199, 959
1943, 686, 906
1944, 360, 705
1945, 65, 804
1946, 263, 333
1947, 733, 999
1948, 85, 287
1949, 534, 719
1950, 506, 589
1951, 452, 924
1952, 235, 943
1953, 143, 152
1954, 359, 914
1955, 334, 539
1956, 491, 778
1957, 71, 846
1958, 149, 866
1959, 138, 392
1960, 703, 758
1961, 179, 619
1962, 365, 482
1963, 104, 214
1964, 134, 582
1965, 751, 823
1966, 94, 442
1967, 19, 517
1968, 430, 734
1969, 249, 612
1970, 173, 538
1971, 590, 649
1972, 224, 346
1973, 258, 473
1974, 583, 854
1975, 468, 605
1976, 99, 765
1977, 110, 821
1978, 376, 936
1979, 70, 269
1980, 458, 799
1981, 487, 598
1982, 108, 675
1983, 80, 867
1984, 327, 856
1985, 419, 956
1986, 139, 221
1987, 329, 643
1988, 780, 833
1989, 931, 963
1990, 122, 787
1991, 431, 575
1992, 274, 802
1993, 417, 572
1994, 196, 445
1995, 794, 859
1996, 389, 926
1997, 604, 732
1998, 189, 644
1999, 676, 809
2000, 402, 682
2001, 144, 192
2002, 32, 581
2003, 264, 712
2004, 315, 400
2005, 309, 815
2006, 462, 738
2007, 227, 232
2008, 463, 930
2009, 408, 613
2010, 705, 984
2011, 440, 569
2012, 77, 319
2013, 874, 913
2014, 201, 931
2015, 86, 594
2016, 501, 821
2017, 549, 847
2018, 451, 912
2019, 396, 669
2020, 303, 808
2021, 489, 711
2022, 114, 391
2023, 624, 757
2024, 241, 927
2025, 527, 697
2026, 24, 679
2027, 640, 967
2028, 530, 946
2029, 656, 885
2030, 310, 901
2031, 155, 561
2032, 30, 107
2033, 646, 937
2034, 571, 869
2035, 202, 707
2036, 141, 615
2037, 207, 789
2038, 639, 744
2039, 420, 468
2040, 191, 482
2041, 845, 971
2042, 129, 637
2043, 21, 600
2044, 148, 339
2045, 447, 936
2046, 313, 988
2047, 27, 291
2048, 146, 379
2049, 39, 598
2050, 67, 898
2051, 78, 297
2052, 352, 362
2053, 25, 120
2054, 53, 706
2055, 433, 688
2056, 65, 83
2057, 203, 343
2058, 290, 780
2059, 863, 891
2060, 726, 748
2061, 300, 993
2062, 508, 575
2063, 260, 983
2064, 573, 772
2065, 623, 989
2066, 90, 587
2067, 390, 883
2068, 716, 835
2069, 625, 850
2070, 412, 559
2071, 254, 502
2072, 170, 752
2073, 54, 724
2074, 142, 437
2075, 60, 849
2076, 127, 266
2077, 236, 359
2078, 31, 839
2079, 503, 825
2080, 692, 766
2081, 91, 872
2082, 217, 380
2083, 416, 653
2084, 186, 683
2085, 64, 470
2086, 446, 922
2087, 881, 884
2088, 375, 444
2089, 16, 958
2090, 166, 261
2091, 860, 999
2092, 434, 934
2093, 690, 807
2094, 722, 759
2095, 443, 658
2096, 645, 743
2097, 94, 292
2098, 263, 283
2099, 572, 776
2100, 267, 409
2101, 474, 633
2102, 678, 935
2103, 660, 945
2104, 37, 490
2105, 101, 663
2106, 431, 542
2107, 526, 943
2108, 483, 771
2109, 62, 806
2110, 126, 346
2111, 257, 767
2112, 79, 973
2113, 675, 843
2114, 803, 909
2115, 725, 820
2116, 26, 476
2117, 644, 1000
2118, 703, 801
2119, 235, 417
2120, 404, 528
2121, 651, 732
2122, 445, 813
2123, 583, 791
2124, 522, 905
2125, 338, 455
2126, 80, 534
2127, 23, 926
2128, 74, 671
2129, 109, 844
2130, 648, 739
2131, 177, 614
2132, 810, 892
2133, 14, 889
2134, 316, 975
2135, 208, 353
2136, 887, 977
2137, 233, 976
2138, 519, 699
2139, 35, 554
2140, 345, 365
2141, 50, 344
2142, 318, 687
2143, 509, 925
2144, 337, 964
2145, 98, 317
2146, 578, 620
2147, 95, 401
2148, 171, 381
2149, 677, 855
2150, 231, 630
2151, 93, 198
2152, 195, 611
2153, 547, 886
2154, 817, 877
2155, 286, 942
2156, 282, 538
2157, 121, 486
2158, 430, 904
2159, 87, 382
2160, 360, 557
2161, 361, 642
2162, 853, 894
2163, 765, 996
2164, 112, 740
2165, 256, 518
2166, 48, 652
2167, 47, 320
2168, 520, 661
2169, 439, 768
2170, 586, 952
2171, 347, 638
2172, 214, 373
2173, 194, 796
2174, 57, 183
2175, 210, 961
2176, 12, 224
2177, 376, 809
2178, 181, 700
2179, 42, 875
2180, 685, 694
2181, 524, 533
2182, 504, 991
2183, 372, 753
2184, 410, 816
2185, 49, 786
2186, 629, 928
2187, 143, 406
2188, 116, 130
2189, 710, 939
2190, 582, 974
2191, 356, 592
2192, 132, 897
2193, 161, 647
2194, 162, 764
2195, 393, 608
2196, 321, 371
2197, 605, 790
2198, 131, 196
2199, 369, 580
2200, 139, 770
2201, 469, 506
2202, 68, 123
2203, 370, 763
2204, 174, 215
2205, 635, 729
2206, 20, 324
2207, 842, 890
2208, 200, 545
2209, 714, 982
2210, 10, 427
2211, 228, 746
2212, 105, 335
2213, 219, 920
2214, 19, 665
2215, 75, 951
2216, 18, 378
2217, 422, 562
2218, 113, 327
2219, 59, 822
2220, 871, 916
2221, 933, 947
2222, 617, 882
2223, 673, 794
2224, 182, 917
2225, 397, 800
2226, 287, 970
2227, 136, 914
2228, 441, 588
2229, 604, 798
2230, 465, 837
2231, 180, 326
2232, 46, 751
2233, 240, 957
2234, 544, 546
2235, 167, 394
2236, 43, 493
2237, 160, 305
2238, 104, 306
2239, 285, 915
2240, 249, 402
2241, 165, 992
2242, 4, 513
2243, 82, 919
2244, 168, 458
2245, 276, 719
2246, 238, 355
2247, 163, 969
2248, 532, 550
2249, 563, 696
2250, 323, 332
2251, 634, 804
2252, 334, 497
2253, 491, 840
2254, 405, 755
2255, 368, 851
2256, 85, 962
2257, 597, 968
2258, 627, 841
2259, 769, 823
2260, 157, 626
2261, 923, 978
2262, 156, 485
2263, 425, 498
2264, 828, 867
2265, 99, 421
2266, 189, 709
2267, 655, 965
2268, 17, 812
2269, 40, 972
2270, 52, 667
2271, 511, 670
2272, 243, 966
2273, 15, 289
2274, 179, 432
2275, 269, 827
2276, 7, 691
2277, 742, 774
2278, 178, 245
2279, 566, 773
2280, 603, 929
2281, 275, 848
2282, 590, 959
2283, 193, 628
2284, 900, 998
2285, 106, 846
2286, 9, 387
2287, 190, 596
2288, 111, 682
2289, 58, 792
2290, 479, 893
2291, 472, 868
2292, 258, 888
2293, 230, 584
2294, 110, 442
2295, 392, 896
2296, 66, 188
2297, 8, 741
2298, 124, 492
2299, 34, 880
2300, 599, 618
2301, 723, 932
2302, 477, 814
2303, 531, 698
2304, 423, 609
2305, 117, 349
2306, 621, 819
2307, 322, 399
2308, 311, 568
2309, 350, 459
2310, 158, 832
2311, 172, 908
2312, 128, 787
2313, 414, 953
2314, 248, 731
2315, 457, 525
2316, 299, 488
2317, 88, 761
2318, 607, 856
2319, 429, 906
2320, 242, 995
2321, 5, 589
2322, 537, 539
2323, 779, 950
2324, 302, 435
2325, 329, 662
2326, 641, 674
2327, 460, 986
2328, 2, 824
2329, 879, 907
2330, 388, 963
2331, 480, 499
2332, 169, 284
2333, 211, 411
2334, 265, 622
2335, 33, 720
2336, 41, 108
2337, 426, 826
2338, 76, 229
2339, 220, 419
2340, 308, 464
2341, 728, 960
2342, 456, 948
2343, 205, 357
2344, 529, 921
2345, 307, 702
2346, 56, 567
2347, 28, 730
2348, 280, 500
2349, 125, 475
2350, 36, 870
2351, 979, 985
2352, 149, 298
2353, 288, 681
2354, 234, 781
2355, 351, 384
2356, 119, 296
2357, 70, 259
2358, 118, 535
2359, 244, 833
2360, 862, 876
2361, 159, 270
2362, 61, 980
2363, 374, 693
2364, 69, 782
2365, 333, 616
2366, 197, 734
2367, 73, 135
2368, 495, 521
2369, 138, 643
2370, 713, 859
2371, 496, 797
2372, 97, 325
2373, 701, 818
2374, 92, 555
2375, 226, 251
2376, 354, 552
2377, 218, 246
2378, 560, 695
2379, 140, 941
2380, 680, 783
2381, 377, 494
2382, 367, 805
2383, 403, 484
2384, 221, 577
2385, 461, 754
2386, 145, 721
2387, 115, 990
2388, 134, 473
2389, 293, 864
2390, 45, 689
2391, 255, 424
2392, 252, 830
2393, 253, 987
2394, 668, 676
2395, 72, 602
2396, 366, 649
2397, 507, 799
2398, 852, 854
2399, 271, 865
2400, 277, 733
2401, 272, 756
2402, 448, 949
2403, 175, 204
2404, 164, 737
2405, 151, 223
2406, 216, 452
2407, 71, 268
2408, 413, 918
2409, 278, 610
2410, 312, 606
2411, 176, 247
2412, 341, 657
2413, 512, 684
2414, 225, 785
2415, 152, 385
2416, 250, 631
2417, 428, 760
2418, 540, 981
2419, 199, 570
2420, 574, 878
2421, 147, 330
2422, 467, 784
2423, 209, 541
2424, 449, 836
2425, 328, 858
2426, 389, 450
2427, 222, 556
2428, 903, 940
2429, 185, 516
2430, 213, 487
2431, 304, 558
2432, 718, 857
2433, 636, 802
2434, 398, 708
2435, 358, 735
2436, 63, 717
2437, 38, 997
2438, 11, 632
2439, 133, 924
2440, 395, 758
2441, 654, 956
2442, 481, 517
2443, 515, 619
2444, 348, 666
2445, 274, 715
2446, 237, 585
2447, 29, 579
2448, 3, 593
2449, 564, 861
2450, 262, 295
2451, 601, 686
2452, 749, 994
2453, 510, 834
2454, 281, 407
2455, 514, 750
2456, 154, 438
2457, 150, 672
2458, 13, 96
2459, 314, 548
2460, 103, 418
2461, 595, 954
2462, 89, 301
2463, 187, 466
2464, 84, 777
2465, 55, 173
2466, 81, 778
2467, 44, 386
2468, 1, 340
2469, 342, 478
2470, 612, 866
2471, 294, 811
2472, 895, 910
2473, 102, 331
2474, 22, 747
2475, 543, 831
2476, 873, 944
2477, 184, 436
2478, 565, 775
2479, 788, 911
2480, 736, 762
2481, 838, 899
2482, 553, 727
2483, 523, 795
2484, 6, 664
2485, 363, 453
2486, 153, 505
2487, 206, 273
2488, 51, 137
2489, 122, 955
2490, 100, 659
2491, 212, 902
2492, 415, 829
2493, 364, 383
2494, 591, 793
2495, 471, 650
2496, 239, 279
2497, 576, 704
2498, 454, 745
2499, 536, 938
2500, 336, 551
2501, 393, 796
2502, 211, 822
2503, 17, 643
2504, 5, 429
2505, 265, 698
2506, 640, 994
2507, 318, 513
2508, 162, 859
2509, 462, 805
2510, 155, 838
2511, 321, 857
2512, 87, 675
2513, 187, 816
2514, 114, 572
2515, 732, 905
2516, 22, 968
2517, 232, 547
2518, 180, 666
2519, 446, 935
2520, 18, 906
2521, 95, 126
2522, 249, 272
2523, 488, 827
2524, 66, 352
2525, 260, 628
2526, 255, 678
2527, 220, 754
2528, 297, 443
2529, 227, 464
2530, 676, 738
2531, 107, 683
2532, 72, 575
2533, 574, 981
2534, 299, 973
2535, 134, 780
2536, 33, 267
2537, 258, 815
2538, 397, 828
2539, 599, 850
2540, 27, 480
2541, 722, 912
2542, 433, 595
2543, 656, 801
2544, 560, 677
2545, 642, 845
2546, 437, 957
2547, 213, 867
2548, 614, 692
2549, 659, 744
2550, 111, 942
2551, 26, 532
2552, 892, 911
2553, 285, 646
2554, 219, 716
2555, 365, 806
2556, 854, 951
2557, 370, 837
2558, 638, 970
2559, 167, 872
2560, 284, 441
2561, 142, 224
2562, 173, 708
2563, 68, 830
2564, 259, 406
2565, 150, 204
2566, 371, 783
2567, 340, 652
2568, 561, 888
2569, 246, 931
2570, 740, 833
2571, 241, 602
2572, 555, 933
2573, 230, 538
2574, 685, 710
2575, 310, 844
2576, 133, 977
2577, 303, 420
2578, 2, 438
2579, 81, 189
2580, 596, 842
2581, 132, 566
2582, 483, 515
2583, 75, 881
2584, 31, 567
2585, 504, 543
2586, 287, 787
2587, 177, 411
2588, 257, 891
2589, 475, 613
2590, 245, 834
2591, 699, 758
2592, 594, 605
2593, 519, 852
2594, 357, 948
2595, 71, 326
2596, 399, 736
2597, 163, 797
2598, 569, 680
2599, 38, 921
2600, 193, 709
2601, 807, 984
2602, 631, 731
2603, 148, 337
2604, 73, 196
2605, 251, 755
2606, 472, 877
2607, 56, 465
2608, 315, 725
2609, 164, 541
2610, 445, 800
2611, 165, 686
2612, 374, 983
2613, 229, 789
2614, 667, 932
2615, 121, 862
2616, 278, 544
2617, 387, 390
2618, 728, 924
2619, 392, 767
2620, 69, 655
2621, 108, 839
2622, 280, 814
2623, 128, 778
2624, 153, 296
2625, 7, 59
2626, 35, 295
2627, 145, 609
2628, 412, 558
2629, 369, 777
2630, 542, 637
2631, 417, 896
2632, 545, 988
2633, 501, 922
2634, 980, 992
2635, 430, 664
2636, 407, 958
2637, 776, 954
2638, 620, 824
2639, 512, 753
2640, 409, 963
2641, 53, 419
2642, 225, 813
2643, 131, 908
2644, 96, 203
2645, 157, 704
2646, 373, 766
2647, 48, 388
2648, 14, 520
2649, 123, 914
2650, 531, 939
2651, 40, 400
2652, 360, 476
2653, 591, 674
2654, 52, 580
2655, 607, 974
2656, 252, 579
2657, 149, 325
2658, 301, 474
2659, 105, 819
2660, 32, 694
2661, 62, 622
2662, 136, 571
2663, 154, 309
2664, 144, 826
2665, 434, 769
2666, 311, 843
2667, 535, 556
2668, 221, 546
2669, 743, 864
2670, 585, 940
2671, 93, 282
2672, 444, 454
2673, 348, 941
2674, 320, 749
2675, 97, 979
2676, 122, 308
2677, 663, 916
2678, 372, 945
2679, 139, 900
2680, 635, 770
2681, 253, 998
2682, 367, 937
2683, 141, 495
2684, 432, 989
2685, 268, 505
2686, 626, 918
2687, 199, 687
2688, 322, 898
2689, 1, 549
2690, 30, 376
2691, 88, 986
2692, 366, 919
2693, 294, 351
2694, 118, 721
2695, 182, 576
2696, 214, 895
2697, 151, 508
2698, 231, 623
2699, 3, 313
2700, 198, 563
2701, 582, 808
2702, 587, 985
2703, 551, 997
2704, 21, 831
2705, 525, 995
2706, 794, 802
2707, 178, 185
2708, 342, 588
2709, 270, 737
2710, 58, 691
2711, 25, 215
2712, 216, 463
2713, 82, 239
2714, 135, 612
2715, 849, 861
2716, 223, 521
2717, 610, 779
2718, 307, 500
2719, 47, 705
2720, 534, 809
2721, 207, 523
2722, 54, 457
2723, 696, 841
2724, 564, 791
2725, 713, 747
2726, 6, 435
2727, 55, 110
2728, 422, 863
2729, 179, 925
2730, 319, 625
2731, 658, 884
2732, 324, 799
2733, 336, 498
2734, 76, 343
2735, 641, 883
2736, 170, 288
2737, 147, 423
2738, 298, 966
2739, 341, 751
2740, 339, 424
2741, 395, 790
2742, 217, 962
2743, 24, 274
2744, 328, 554
2745, 349, 832
2746, 473, 712
2747, 428, 829
2748, 23, 817
2749, 408, 471
2750, 50, 323
2751, 606, 650
2752, 451, 855
2753, 589, 739
2754, 78, 601
2755, 347, 913
2756, 452, 866
2757, 254, 990
2758, 383, 742
2759, 484, 993
2760, 583, 952
2761, 28, 720
2762, 41, 192
2763, 362, 619
2764, 672, 851
2765, 460, 959
2766, 86, 188
2767, 479, 820
2768, 46, 697
2769, 491, 923
2770, 45, 169
2771, 440, 548
2772, 785, 795
2773, 283, 654
2774, 171, 964
2775, 130, 871
2776, 386, 427
2777, 302, 481
2778, 90, 358
2779, 8, 117
2780, 316, 577
2781, 426, 436
2782, 84, 741
2783, 733, 949
2784, 405, 673
2785, 668, 772
2786, 459, 786
2787, 553, 627
2788, 540, 689
2789, 356, 750
2790, 102, 381
2791, 938, 991
2792, 12, 944
2793, 314, 510
2794, 277, 636
2795, 717, 879
2796, 89, 684
2797, 450, 965
2798, 51, 338
2799, 104, 901
2800, 266, 466
2801, 137, 752
2802, 116, 402
2803, 332, 746
2804, 693, 875
2805, 763, 927
2806, 514, 818
2807, 482, 647
2808, 91, 468
2809, 518, 982
2810, 106, 537
2811, 735, 782
2812, 788, 910
2813, 208, 975
2814, 364, 853
2815, 679, 961
2816, 289, 493
2817, 946, 956
2818, 442, 926
2819, 174, 649
2820, 470, 894
2821, 120, 724
2822, 37, 987
2823, 536, 882
2824, 467, 598
2825, 236, 840
2826, 760, 835
2827, 83, 745
2828, 101, 228
2829, 124, 573
2830, 74, 425
2831, 138, 701
2832, 331, 803
2833, 858, 874
2834, 4, 581
2835, 20, 109
2836, 528, 707
2837, 448, 529
2838, 79, 329
2839, 562, 565
2840, 129, 275
2841, 160, 530
2842, 469, 729
2843, 499, 714
2844, 250, 524
2845, 146, 792
2846, 608, 870
2847, 263, 762
2848, 943, 955
2849, 781, 907
2850, 453, 893
2851, 449, 458
2852, 247, 418
2853, 92, 645
2854, 242, 618
2855, 16, 416
2856, 550, 860
2857, 113, 119
2858, 490, 507
2859, 615, 648
2860, 330, 485
2861, 379, 960
2862, 42, 286
2863, 244, 368
2864, 156, 715
2865, 158, 293
2866, 127, 212
2867, 238, 377
2868, 492, 798
2869, 49, 885
2870, 516, 584
2871, 396, 947
2872, 140, 890
2873, 13, 186
2874, 327, 669
2875, 616, 632
2876, 168, 702
2877, 201, 206
2878, 489, 775
2879, 421, 848
2880, 533, 660
2881, 953, 999
2882, 279, 727
2883, 281, 385
2884, 261, 929
2885, 384, 486
2886, 526, 878
2887, 184, 897
2888, 401, 718
2889, 65, 880
2890, 291, 511
2891, 70, 210
2892, 94, 159
2893, 226, 761
2894, 621, 756
2895, 63, 539
2896, 152, 719
2897, 195, 527
2898, 350, 361
2899, 15, 657
2900, 269, 651
2901, 590, 681
2902, 823, 950
2903, 67, 971
2904, 333, 494
2905, 172, 382
2906, 586, 670
2907, 730, 757
2908, 233, 256
2909, 237, 930
2910, 100, 682
2911, 34, 978
2912, 700, 903
2913, 80, 235
2914, 431, 765
2915, 60, 552
2916, 300, 1000
2917, 774, 811
2918, 11, 972
2919, 447, 706
2920, 273, 688
2921, 19, 290
2922, 99, 181
2923, 353, 726
2924, 662, 889
2925, 176, 603
2926, 64, 773
2927, 764, 771
2928, 240, 517
2929, 183, 865
2930, 10, 503
2931, 202, 243
2932, 487, 904
2933, 344, 617
2934, 222, 334
2935, 793, 902
2936, 317, 398
2937, 85, 671
2938, 604, 665
2939, 415, 497
2940, 759, 810
2941, 191, 394
2942, 125, 345
2943, 166, 478
2944, 644, 909
2945, 557, 703
2946, 868, 996
2947, 391, 413
2948, 264, 639
2949, 378, 502
2950, 304, 969
2951, 194, 624
2952, 592, 723
2953, 570, 711
2954, 305, 611
2955, 218, 887
2956, 39, 414
2957, 262, 389
2958, 856, 920
2959, 306, 846
2960, 44, 847
2961, 77, 234
2962, 43, 899
2963, 312, 695
2964, 455, 886
2965, 836, 936
2966, 248, 404
2967, 578, 804
2968, 209, 506
2969, 161, 690
2970, 522, 629
2971, 456, 934
2972, 112, 276
2973, 143, 200
2974, 335, 597
2975, 748, 873
2976, 271, 509
2977, 375, 928
2978, 461, 634
2979, 410, 784
2980, 734, 869
2981, 380, 812
2982, 98, 197
2983, 115, 600
2984, 593, 653
2985, 477, 661
2986, 292, 976
2987, 175, 768
2988, 559, 821
2989, 9, 29
2990, 346, 403
2991, 205, 359
2992, 57, 917
2993, 825, 967
2994, 633, 915
2995, 190, 630
2996, 36, 876
2997, 103, 496
2998, 354, 568
2999, 61, 439
3000, 355, 363
3001, 326, 607
3002, 31, 867
3003, 297, 350
3004, 759, 937
3005, 681, 956
3006, 101, 776
3007, 37, 909
3008, 180, 281
3009, 464, 985
3010, 108, 584
3011, 164, 509
3012, 437, 581
3013, 58, 420
3014, 107, 292
3015, 23, 433
3016, 615, 647
3017, 28, 454
3018, 41, 550
3019, 378, 838
3020, 81, 498
3021, 119, 136
3022, 441, 998
3023, 44, 863
3024, 897, 964
3025, 288, 302
3026, 199, 831
3027, 35, 504
3028, 606, 870
3029, 240, 501
3030, 26, 230
3031, 401, 992
3032, 153, 734
3033, 85, 157
3034, 2, 91
3035, 706, 983
3036, 812, 925
3037, 204, 876
3038, 298, 808
3039, 29, 114
3040, 100, 520
3041, 755, 843
3042, 341, 839
3043, 541, 639
3044, 82, 94
3045, 451, 696
3046, 483, 749
3047, 854, 993
3048, 635, 737
3049, 14, 289
3050, 127, 348
3051, 143, 597
3052, 363, 847
3053, 718, 987
3054, 198, 525
3055, 208, 580
3056, 331, 745
3057, 252, 826
3058, 190, 246
3059, 448, 712
3060, 126, 642
3061, 475, 609
3062, 49, 131
3063, 775, 825
3064, 480, 548
3065, 443, 692
3066, 148, 713
3067, 337, 857
3068, 697, 800
3069, 253, 827
3070, 559, 738
3071, 672, 841
3072, 391, 566
3073, 372, 668
3074, 45, 801
3075, 487, 940
3076, 57, 891
3077, 260, 774
3078, 7, 549
3079, 47, 313
3080, 334, 689
3081, 365, 837
3082, 211, 651
3083, 626, 904
3084, 488, 586
3085, 140, 557
3086, 646, 907
3087, 622, 866
3088, 273, 507
3089, 228, 415
3090, 280, 942
3091, 637, 865
3092, 466, 538
3093, 486, 939
3094, 106, 167
3095, 21, 676
3096, 477, 788
3097, 195, 329
3098, 349, 773
3099, 128, 799
3100, 170, 958
3101, 138, 906
3102, 50, 379
3103, 449, 533
3104, 178, 792
3105, 96, 816
3106, 818, 845
3107, 209, 496
3108, 308, 779
3109, 169, 744
3110, 4, 577
3111, 442, 473
3112, 72, 552
3113, 663, 699
3114, 632, 957
3115, 728, 815
3116, 560, 974
3117, 250, 368
3118, 9, 171
3119, 104, 959
3120, 471, 545
3121, 25, 243
3122, 10, 235
3123, 32, 585
3124, 553, 761
3125, 795, 903
3126, 282, 517
3127, 92, 453
3128, 343, 608
3129, 249, 648
3130, 352, 384
3131, 910, 988
3132, 674, 999
3133, 242, 986
3134, 123, 130
3135, 704, 892
3136, 67, 416
3137, 544, 952
3138, 247, 634
3139, 472, 976
3140, 399, 947
3141, 726, 840
3142, 811, 954
3143, 186, 568
3144, 652, 941
3145, 316, 380
3146, 735, 960
3147, 120, 655
3148, 80, 205
3149, 232, 828
3150, 36, 269
3151, 417, 684
3152, 543, 673
3153, 407, 951
3154, 24, 944
3155, 216, 360
3156, 259, 438
3157, 355, 871
3158, 500, 592
3159, 339, 705
3160, 202, 457
3161, 62, 936
3162, 149, 817
3163, 181, 569
3164, 30, 435
3165, 117, 982
3166, 335, 495
3167, 432, 709
3168, 631, 822
3169, 666, 783
3170, 3, 390
3171, 616, 660
3172, 424, 468
3173, 109, 912
3174, 623, 682
3175, 86, 796
3176, 358, 638
3177, 66, 890
3178, 929, 970
3179, 125, 733
3180, 687, 898
3181, 118, 771
3182, 419, 873
3183, 87, 989
3184, 22, 79
3185, 716, 935
3186, 309, 619
3187, 346, 386
3188, 508, 920
3189, 602, 694
3190, 274, 813
3191, 60, 111
3192, 284, 562
3193, 83, 693
3194, 241, 414
3195, 527, 630
3196, 474, 851
3197, 53, 723
3198, 145, 381
3199, 478, 529
3200, 377, 426
3201, 287, 874
3202, 398, 928
3203, 13, 888
3204, 183, 665
3205, 678, 821
3206, 452, 644
3207, 271, 836
3208, 421, 570
3209, 93, 972
3210, 11, 465
3211, 272, 763
3212, 174, 534
3213, 185, 389
3214, 492, 650
3215, 336, 554
3216, 88, 234
3217, 226, 307
3218, 405, 995
3219, 427, 511
3220, 166, 853
3221, 766, 917
3222, 656, 707
3223, 121, 357
3224, 306, 412
3225, 218, 361
3226, 319, 532
3227, 152, 772
3228, 305, 503
3229, 69, 98
3230, 197, 880
3231, 855, 887
3232, 387, 908
3233, 643, 953
3234, 135, 233
3235, 375, 701
3236, 722, 968
3237, 593, 902
3238, 834, 978
3239, 115, 805
3240, 561, 966
3241, 333, 521
3242, 210, 395
3243, 658, 948
3244, 470, 754
3245, 516, 742
3246, 482, 846
3247, 16, 698
3248, 68, 142
3249, 469, 551
3250, 154, 927
3251, 294, 310
3252, 628, 751
3253, 244, 732
3254, 207, 829
3255, 710, 757
3256, 285, 362
3257, 688, 743
3258, 38, 595
3259, 530, 760
3260, 196, 820
3261, 90, 858
3262, 819, 844
3263, 17, 388
3264, 296, 318
3265, 320, 455
3266, 332, 423
3267, 134, 467
3268, 356, 901
3269, 502, 542
3270, 189, 641
3271, 371, 540
3272, 366, 943
3273, 563, 653
3274, 40, 933
3275, 110, 261
3276, 116, 494
3277, 224, 618
3278, 191, 965
3279, 677, 786
3280, 103, 354
3281, 720, 859
3282, 51, 756
3283, 162, 539
3284, 785, 860
3285, 8, 752
3286, 434, 574
3287, 576, 617
3288, 160, 794
3289, 446, 565
3290, 265, 374
3291, 633, 931
3292, 397, 547
3293, 572, 950
3294, 255, 997
3295, 263, 499
3296, 146, 168
3297, 43, 946
3298, 122, 491
3299, 133, 645
3300, 264, 889
3301, 719, 922
3302, 270, 803
3303, 220, 590
3304, 589, 661
3305, 267, 394
3306, 283, 605
3307, 150, 708
3308, 42, 758
3309, 328, 330
3310, 359, 809
3311, 425, 690
3312, 161, 214
3313, 215, 849
3314, 436, 967
3315, 621, 962
3316, 406, 921
3317, 276, 905
3318, 323, 582
3319, 340, 396
3320, 231, 802
3321, 445, 896
3322, 373, 428
3323, 729, 832
3324, 112, 299
3325, 257, 338
3326, 34, 413
3327, 485, 778
3328, 76, 804
3329, 883, 955
3330, 155, 691
3331, 286, 686
3332, 429, 807
3333, 213, 923
3334, 895, 961
3335, 219, 518
3336, 814, 932
3337, 176, 591
3338, 71, 490
3339, 558, 627
3340, 221, 750
3341, 344, 620
3342, 70, 610
3343, 724, 725
3344, 6, 797
3345, 869, 916
3346, 95, 567
3347, 59, 603
3348, 141, 613
3349, 56, 881
3350, 654, 798
3351, 515, 842
3352, 376, 664
3353, 439, 913
3354, 165, 523
3355, 300, 625
3356, 20, 237
3357, 55, 229
3358, 75, 791
3359, 979, 1000
3360, 194, 245
3361, 301, 612
3362, 74, 810
3363, 48, 489
3364, 258, 882
3365, 649, 861
3366, 479, 736
3367, 519, 886
3368, 279, 915
3369, 77, 311
3370, 555, 850
3371, 721, 764
3372, 63, 163
3373, 657, 899
3374, 203, 573
3375, 342, 971
3376, 450, 748
3377, 222, 675
3378, 251, 345
3379, 824, 994
3380, 444, 852
3381, 461, 990
3382, 19, 930
3383, 97, 137
3384, 225, 408
3385, 747, 973
3386, 262, 969
3387, 702, 784
3388, 172, 671
3389, 39, 268
3390, 256, 977
3391, 739, 878
3392, 266, 781
3393, 422, 614
3394, 175, 564
3395, 767, 864
3396, 324, 769
3397, 238, 777
3398, 239, 787
3399, 351, 447
3400, 662, 695
3401, 325, 730
3402, 823, 879
3403, 717, 753
3404, 33, 418
3405, 304, 535
3406, 727, 746
3407, 768, 793
3408, 139, 949
3409, 15, 201
3410, 182, 513
3411, 227, 392
3412, 327, 679
3413, 789, 963
3414, 431, 598
3415, 322, 640
3416, 402, 711
3417, 151, 463
3418, 5, 188
3419, 806, 938
3420, 113, 277
3421, 409, 440
3422, 484, 536
3423, 385, 403
3424, 680, 862
3425, 369, 911
3426, 703, 877
3427, 52, 996
3428, 200, 223
3429, 248, 481
3430, 528, 975
3431, 144, 659
3432, 670, 872
3433, 410, 714
3434, 290, 510
3435, 459, 683
3436, 295, 522
3437, 99, 184
3438, 212, 762
3439, 12, 571
3440, 27, 575
3441, 404, 411
3442, 347, 780
3443, 364, 367
3444, 740, 868
3445, 980, 981
3446, 430, 583
3447, 382, 918
3448, 514, 588
3449, 192, 400
3450, 383, 587
3451, 158, 275
3452, 132, 173
3453, 393, 926
3454, 89, 314
3455, 159, 546
3456, 604, 790
3457, 848, 856
3458, 46, 884
3459, 105, 278
3460, 629, 636
3461, 254, 599
3462, 353, 524
3463, 236, 715
3464, 217, 945
3465, 317, 506
3466, 579, 875
3467, 497, 667
3468, 147, 934
3469, 129, 193
3470, 900, 924
3471, 493, 611
3472, 456, 505
3473, 512, 765
3474, 600, 669
3475, 61, 770
3476, 833, 991
3477, 303, 894
3478, 18, 312
3479, 624, 685
3480, 556, 919
3481, 291, 601
3482, 73, 984
3483, 54, 537
3484, 596, 830
3485, 156, 526
3486, 293, 460
3487, 458, 731
3488, 65, 835
3489, 84, 206
3490, 476, 914
3491, 315, 321
3492, 64, 885
3493, 177, 462
3494, 102, 124
3495, 700, 782
3496, 531, 741
3497, 78, 578
3498, 187, 893
3499, 1, 594
3500, 179, 370
3501, 37, 242
3502, 232, 974
3503, 84, 453
3504, 62, 913
3505, 536, 721
3506, 468, 993
3507, 522, 773
3508, 24, 688
3509, 362, 922
3510, 140, 659
3511, 369, 808
3512, 269, 657
3513, 292, 981
3514, 509, 838
3515, 119, 220
3516, 700, 932
3517, 319, 788
3518, 394, 899
3519, 279, 978
3520, 429, 504
3521, 724, 948
3522, 445, 918
3523, 361, 615
3524, 455, 625
3525, 444, 694
3526, 797, 929
3527, 420, 713
3528, 128, 347
3529, 148, 997
3530, 251, 883
3531, 308, 533
3532, 261, 377
3533, 783, 936
3534, 388, 637
3535, 427, 457
3536, 594, 954
3537, 249, 869
3538, 321, 927
3539, 370, 566
3540, 769, 872
3541, 193, 867
3542, 937, 945
3543, 247, 446
3544, 12, 299
3545, 42, 648
3546, 286, 817
3547, 34, 307
3548, 865, 901
3549, 199, 702
3550, 130, 316
3551, 14, 647
3552, 364, 998
3553, 712, 807
3554, 40, 183
3555, 604, 641
3556, 330, 334
3557, 376, 819
3558, 582, 693
3559, 192, 677
3560, 49, 409
3561, 351, 984
3562, 208, 643
3563, 488, 492
3564, 125, 617
3565, 651, 911
3566, 189, 373
3567, 36, 302
3568, 401, 810
3569, 123, 687
3570, 39, 45
3571, 13, 674
3572, 461, 596
3573, 413, 846
3574, 538, 917
3575, 169, 921
3576, 99, 331
3577, 218, 691
3578, 27, 188
3579, 63, 606
3580, 164, 410
3581, 17, 742
3582, 870, 995
3583, 150, 757
3584, 404, 669
3585, 754, 830
3586, 348, 499
3587, 221, 784
3588, 293, 710
3589, 520, 825
3590, 6, 989
3591, 329, 628
3592, 274, 854
3593, 215, 994
3594, 243, 291
3595, 177, 881
3596, 145, 722
3597, 510, 903
3598, 652, 662
3599, 155, 557
3600, 339, 701
3601, 683, 764
3602, 213, 387
3603, 165, 372
3604, 240, 990
3605, 75, 979
3606, 65, 367
3607, 76, 750
3608, 322, 705
3609, 534, 970
3610, 70, 759
3611, 479, 616
3612, 78, 802
3613, 227, 837
3614, 139, 205
3615, 358, 685
3616, 622, 891
3617, 141, 955
3618, 185, 403
3619, 142, 608
3620, 491, 893
3621, 23, 787
3622, 233, 511
3623, 100, 440
3624, 527, 876
3625, 875, 890
3626, 738, 857
3627, 672, 735
3628, 614, 653
3629, 563, 720
3630, 295, 780
3631, 524, 602
3632, 55, 437
3633, 670, 1000
3634, 668, 718
3635, 112, 406
3636, 366, 980
3637, 85, 791
3638, 681, 909
3639, 117, 708
3640, 465, 814
3641, 686, 794
3642, 554, 656
3643, 497, 931
3644, 601, 695
3645, 412, 851
3646, 355, 530
3647, 382, 820
3648, 235, 374
3649, 151, 823
3650, 482, 642
3651, 635, 726
3652, 665, 682
3653, 395, 743
3654, 257, 452
3655, 217, 550
3656, 184, 431
3657, 666, 729
3658, 255, 760
3659, 328, 332
3660, 132, 999
3661, 259, 289
3662, 89, 961
3663, 204, 620
3664, 59, 490
3665, 463, 956
3666, 32, 53
3667, 623, 873
3668, 605, 725
3669, 28, 343
3670, 109, 939
3671, 16, 469
3672, 26, 311
3673, 31, 360
3674, 230, 856
3675, 344, 521
3676, 526, 644
3677, 345, 502
3678, 265, 618
3679, 433, 951
3680, 30, 340
3681, 436, 844
3682, 29, 930
3683, 61, 333
3684, 575, 912
3685, 113, 650
3686, 264, 758
3687, 105, 577
3688, 781, 933
3689, 719, 728
3690, 776, 960
3691, 381, 474
3692, 335, 744
3693, 51, 667
3694, 260, 607
3695, 593, 959
3696, 314, 535
3697, 435, 886
3698, 156, 405
3699, 9, 655
3700, 478, 991
3701, 209, 730
3702, 450, 874
3703, 195, 609
3704, 296, 704
3705, 190, 977
3706, 129, 633
3707, 15, 110
3708, 458, 467
3709, 186, 313
3710, 501, 775
3711, 561, 739
3712, 565, 762
3713, 94, 568
3714, 350, 498
3715, 179, 599
3716, 131, 172
3717, 176, 771
3718, 341, 692
3719, 282, 965
3720, 10, 546
3721, 33, 386
3722, 206, 661
3723, 120, 505
3724, 91, 397
3725, 603, 812
3726, 254, 779
3727, 200, 493
3728, 121, 272
3729, 548, 749
3730, 116, 611
3731, 2, 962
3732, 202, 827
3733, 216, 731
3734, 573, 756
3735, 833, 957
3736, 256, 312
3737, 167, 500
3738, 118, 946
3739, 829, 964
3740, 460, 703
3741, 178, 210
3742, 475, 740
3743, 855, 958
3744, 737, 795
3745, 309, 707
3746, 8, 734
3747, 315, 516
3748, 671, 821
3749, 480, 696
3750, 153, 219
3751, 82, 107
3752, 564, 576
3753, 253, 898
3754, 41, 239
3755, 507, 801
3756, 384, 747
3757, 77, 944
3758, 639, 834
3759, 301, 919
3760, 4, 211
3761, 346, 904
3762, 508, 558
3763, 583, 935
3764, 529, 689
3765, 416, 585
3766, 634, 711
3767, 126, 889
3768, 154, 400
3769, 158, 786
3770, 766, 804
3771, 415, 755
3772, 303, 598
3773, 698, 840
3774, 236, 300
3775, 679, 839
3776, 349, 486
3777, 765, 975
3778, 438, 630
3779, 228, 860
3780, 93, 971
3781, 203, 466
3782, 422, 587
3783, 805, 906
3784, 727, 778
3785, 157, 690
3786, 324, 768
3787, 66, 907
3788, 487, 584
3789, 88, 597
3790, 570, 732
3791, 342, 785
3792, 135, 171
3793, 122, 432
3794, 852, 928
3795, 379, 916
3796, 399, 640
3797, 326, 525
3798, 664, 716
3799, 21, 832
3800, 354, 385
3801, 459, 859
3802, 214, 532
3803, 298, 586
3804, 25, 57
3805, 35, 234
3806, 684, 849
3807, 196, 212
3808, 46, 803
3809, 127, 940
3810, 393, 470
3811, 1, 424
3812, 462, 953
3813, 280, 600
3814, 717, 813
3815, 111, 767
3816, 124, 389
3817, 419, 645
3818, 306, 418
3819, 375, 449
3820, 337, 380
3821, 159, 595
3822, 87, 284
3823, 287, 850
3824, 741, 915
3825, 7, 149
3826, 71, 152
3827, 489, 896
3828, 305, 864
3829, 187, 888
3830, 11, 892
3831, 207, 434
3832, 102, 543
3833, 95, 268
3834, 824, 950
3835, 359, 542
3836, 443, 746
3837, 168, 396
3838, 456, 763
3839, 98, 798
3840, 273, 464
3841, 108, 588
3842, 365, 626
3843, 231, 753
3844, 48, 323
3845, 513, 562
3846, 632, 847
3847, 579, 914
3848, 281, 752
3849, 267, 540
3850, 170, 278
3851, 506, 924
3852, 229, 841
3853, 74, 250
3854, 439, 826
3855, 894, 942
3856, 92, 106
3857, 238, 258
3858, 428, 612
3859, 517, 552
3860, 191, 976
3861, 194, 578
3862, 252, 723
3863, 104, 181
3864, 555, 835
3865, 67, 161
3866, 244, 518
3867, 81, 544
3868, 86, 363
3869, 884, 897
3870, 114, 777
3871, 636, 706
3872, 868, 947
3873, 54, 900
3874, 19, 631
3875, 22, 248
3876, 83, 539
3877, 241, 789
3878, 245, 866
3879, 44, 699
3880, 60, 276
3881, 275, 336
3882, 353, 519
3883, 198, 649
3884, 174, 815
3885, 430, 902
3886, 407, 559
3887, 836, 987
3888, 761, 845
3889, 629, 972
3890, 20, 56
3891, 751, 925
3892, 494, 663
3893, 556, 882
3894, 304, 580
3895, 541, 619
3896, 408, 697
3897, 613, 621
3898, 352, 714
3899, 237, 448
3900, 678, 806
3901, 658, 818
3902, 356, 843
3903, 182, 569
3904, 197, 285
3905, 222, 485
3906, 79, 297
3907, 325, 392
3908, 371, 792
3909, 144, 402
3910, 571, 968
3911, 793, 863
3912, 173, 531
3913, 378, 748
3914, 581, 887
3915, 138, 143
3916, 512, 553
3917, 590, 877
3918, 137, 327
3919, 425, 848
3920, 411, 879
3921, 38, 591
3922, 5, 910
3923, 442, 782
3924, 18, 811
3925, 383, 476
3926, 454, 920
3927, 941, 973
3928, 163, 800
3929, 572, 828
3930, 495, 627
3931, 72, 969
3932, 47, 146
3933, 80, 774
3934, 69, 736
3935, 52, 528
3936, 43, 983
3937, 134, 472
3938, 162, 862
3939, 160, 283
3940, 101, 421
3941, 73, 654
3942, 175, 318
3943, 772, 799
3944, 943, 966
3945, 895, 934
3946, 166, 878
3947, 483, 545
3948, 858, 871
3949, 97, 266
3950, 709, 822
3951, 225, 523
3952, 790, 926
3953, 271, 503
3954, 496, 514
3955, 68, 90
3956, 103, 338
3957, 414, 853
3958, 50, 770
3959, 96, 567
3960, 317, 809
3961, 923, 963
3962, 58, 471
3963, 733, 831
3964, 610, 816
3965, 133, 885
3966, 294, 638
3967, 560, 589
3968, 473, 537
3969, 368, 447
3970, 246, 549
3971, 660, 986
3972, 277, 676
3973, 180, 551
3974, 64, 985
3975, 320, 390
3976, 310, 451
3977, 136, 223
3978, 398, 592
3979, 288, 624
3980, 481, 675
3981, 484, 715
3982, 982, 992
3983, 861, 905
3984, 574, 938
3985, 224, 515
3986, 796, 952
3987, 115, 680
3988, 262, 477
3989, 226, 908
3990, 201, 357
3991, 391, 423
3992, 547, 646
3993, 147, 263
3994, 967, 988
3995, 3, 290
3996, 417, 842
3997, 270, 426
3998, 673, 745
3999, 441, 996
4000, 880, 949
