id, img1, img2
1, 729, 933
2, 546, 817
3, 759, 969
4, 815, 988
5, 417, 997
6, 713, 833
7, 633, 665
8, 510, 566
9, 207, 682
10, 80, 595
11, 168, 814
12, 699, 835
13, 440, 505
14, 525, 661
15, 106, 314
16, 608, 955
17, 99, 775
18, 177, 782
19, 44, 507
20, 187, 893
21, 246, 649
22, 225, 540
23, 618, 942
24, 132, 287
25, 403, 562
26, 627, 876
27, 130, 700
28, 17, 687
29, 456, 600
30, 161, 239
31, 131, 972
32, 738, 926
33, 147, 901
34, 63, 611
35, 8, 181
36, 178, 306
37, 783, 1000
38, 65, 773
39, 176, 578
40, 416, 543
41, 48, 667
42, 123, 671
43, 384, 522
44, 466, 483
45, 694, 913
46, 622, 928
47, 619, 637
48, 141, 297
49, 1, 155
50, 179, 188
51, 401, 934
52, 128, 463
53, 648, 698
54, 870, 948
55, 653, 940
56, 218, 688
57, 144, 896
58, 613, 861
59, 550, 583
60, 575, 669
61, 365, 726
62, 386, 623
63, 770, 840
64, 209, 664
65, 227, 275
66, 105, 710
67, 211, 243
68, 294, 945
69, 422, 534
70, 568, 816
71, 352, 526
72, 110, 545
73, 202, 841
74, 303, 571
75, 356, 721
76, 37, 424
77, 112, 354
78, 148, 336
79, 842, 856
80, 45, 509
81, 40, 862
82, 270, 993
83, 300, 644
84, 320, 911
85, 22, 867
86, 519, 732
87, 404, 917
88, 242, 678
89, 345, 897
90, 750, 906
91, 581, 946
92, 953, 999
93, 237, 304
94, 50, 645
95, 323, 558
96, 361, 994
97, 363, 400
98, 528, 762
99, 639, 722
100, 469, 559
101, 712, 949
102, 224, 563
103, 605, 966
104, 86, 869
105, 171, 891
106, 580, 659
107, 748, 900
108, 70, 445
109, 51, 904
110, 122, 696
111, 69, 348
112, 343, 806
113, 231, 915
114, 612, 629
115, 357, 419
116, 124, 765
117, 138, 931
118, 935, 958
119, 201, 208
120, 512, 985
121, 616, 989
122, 41, 798
123, 809, 860
124, 652, 907
125, 476, 642
126, 210, 398
127, 339, 959
128, 29, 76
129, 589, 903
130, 119, 845
131, 321, 830
132, 43, 654
133, 84, 232
134, 194, 898
135, 291, 443
136, 115, 257
137, 233, 477
138, 594, 747
139, 94, 121
140, 64, 882
141, 259, 677
142, 317, 718
143, 601, 660
144, 256, 640
145, 248, 980
146, 42, 567
147, 151, 685
148, 651, 847
149, 11, 768
150, 413, 786
151, 158, 166
152, 927, 939
153, 172, 956
154, 143, 717
155, 135, 708
156, 530, 952
157, 167, 342
158, 126, 382
159, 500, 520
160, 190, 947
161, 107, 484
162, 350, 760
163, 75, 152
164, 182, 252
165, 603, 889
166, 733, 761
167, 274, 777
168, 217, 968
169, 495, 701
170, 31, 655
171, 402, 849
172, 254, 743
173, 473, 560
174, 423, 791
175, 643, 941
176, 364, 539
177, 515, 916
178, 20, 134
179, 451, 462
180, 139, 285
181, 258, 277
182, 157, 769
183, 377, 570
184, 408, 724
185, 249, 986
186, 271, 410
187, 461, 666
188, 970, 974
189, 169, 189
190, 175, 544
191, 301, 310
192, 262, 549
193, 863, 995
194, 327, 636
195, 266, 375
196, 695, 920
197, 311, 438
198, 91, 752
199, 813, 961
200, 824, 844
201, 221, 485
202, 23, 535
203, 374, 693
204, 61, 389
205, 114, 468
206, 437, 741
207, 21, 924
208, 518, 992
209, 68, 899
210, 338, 524
211, 497, 614
212, 290, 749
213, 289, 730
214, 244, 588
215, 296, 799
216, 100, 805
217, 113, 887
218, 140, 832
219, 251, 879
220, 85, 406
221, 146, 957
222, 66, 255
223, 213, 307
224, 38, 88
225, 220, 527
226, 67, 950
227, 513, 606
228, 60, 778
229, 164, 888
230, 153, 236
231, 33, 411
232, 288, 819
233, 273, 457
234, 431, 772
235, 98, 792
236, 555, 668
237, 16, 219
238, 212, 821
239, 200, 318
240, 448, 481
241, 268, 582
242, 160, 508
243, 727, 982
244, 447, 728
245, 174, 493
246, 47, 449
247, 755, 787
248, 96, 873
249, 109, 366
250, 93, 351
251, 355, 720
252, 74, 368
253, 53, 165
254, 205, 308
255, 102, 711
256, 646, 936
257, 973, 976
258, 129, 412
259, 312, 716
260, 180, 349
261, 632, 774
262, 3, 330
263, 133, 912
264, 10, 962
265, 108, 737
266, 877, 892
267, 116, 238
268, 433, 444
269, 337, 347
270, 487, 853
271, 663, 684
272, 234, 825
273, 662, 707
274, 561, 784
275, 367, 465
276, 292, 890
277, 162, 346
278, 429, 820
279, 434, 692
280, 71, 569
281, 272, 836
282, 326, 492
283, 328, 373
284, 199, 745
285, 441, 866
286, 145, 579
287, 206, 967
288, 35, 396
289, 4, 909
290, 295, 565
291, 511, 551
292, 683, 905
293, 226, 789
294, 39, 871
295, 184, 811
296, 191, 808
297, 322, 325
298, 136, 785
299, 26, 334
300, 494, 557
301, 72, 458
302, 344, 486
303, 472, 971
304, 57, 937
305, 523, 865
306, 170, 796
307, 635, 875
308, 680, 704
309, 387, 435
310, 766, 919
311, 260, 329
312, 62, 407
313, 709, 839
314, 491, 592
315, 5, 229
316, 450, 843
317, 302, 981
318, 521, 822
319, 471, 954
320, 432, 754
321, 626, 731
322, 446, 810
323, 30, 379
324, 514, 848
325, 425, 991
326, 697, 735
327, 127, 215
328, 305, 838
329, 137, 572
330, 298, 963
331, 674, 764
332, 78, 391
333, 536, 641
334, 32, 895
335, 264, 418
336, 247, 804
337, 173, 657
338, 453, 725
339, 299, 430
340, 542, 628
341, 371, 998
342, 12, 197
343, 163, 547
344, 442, 744
345, 590, 803
346, 388, 455
347, 723, 800
348, 92, 397
349, 779, 987
350, 564, 951
351, 81, 602
352, 470, 930
353, 502, 834
354, 576, 788
355, 281, 990
356, 186, 245
357, 150, 679
358, 198, 214
359, 703, 859
360, 480, 609
361, 269, 739
362, 55, 117
363, 183, 781
364, 9, 193
365, 46, 801
366, 383, 504
367, 531, 746
368, 395, 615
369, 499, 621
370, 607, 884
371, 120, 223
372, 196, 478
373, 517, 533
374, 283, 393
375, 265, 634
376, 36, 79
377, 385, 593
378, 767, 874
379, 757, 763
380, 341, 482
381, 496, 857
382, 14, 780
383, 617, 776
384, 83, 598
385, 552, 872
386, 415, 587
387, 267, 795
388, 673, 818
389, 228, 846
390, 315, 960
391, 573, 964
392, 118, 734
393, 837, 852
394, 554, 624
395, 204, 828
396, 506, 577
397, 103, 647
398, 691, 908
399, 154, 855
400, 13, 359
401, 503, 938
402, 370, 790
403, 414, 910
404, 706, 996
405, 95, 672
406, 596, 886
407, 597, 850
408, 104, 427
409, 362, 914
410, 454, 943
411, 25, 714
412, 195, 376
413, 459, 553
414, 58, 97
415, 316, 630
416, 56, 854
417, 15, 702
418, 7, 421
419, 620, 719
420, 24, 807
421, 19, 378
422, 276, 975
423, 333, 979
424, 978, 983
425, 658, 742
426, 2, 758
427, 280, 675
428, 216, 532
429, 537, 690
430, 736, 858
431, 794, 880
432, 52, 501
433, 111, 922
434, 309, 599
435, 474, 797
436, 358, 467
437, 230, 584
438, 27, 751
439, 823, 878
440, 87, 284
441, 222, 392
442, 610, 944
443, 101, 420
444, 203, 932
445, 18, 812
446, 34, 918
447, 250, 263
448, 340, 883
449, 149, 740
450, 282, 574
451, 409, 585
452, 390, 977
453, 802, 881
454, 253, 278
455, 319, 829
456, 49, 399
457, 192, 372
458, 241, 689
459, 335, 831
460, 538, 925
461, 381, 464
462, 28, 353
463, 235, 715
464, 369, 771
465, 6, 638
466, 159, 331
467, 490, 885
468, 851, 902
469, 313, 380
470, 556, 670
471, 489, 686
472, 73, 156
473, 436, 894
474, 452, 548
475, 89, 984
476, 475, 753
477, 656, 923
478, 261, 864
479, 541, 756
480, 460, 488
481, 324, 681
482, 439, 586
483, 54, 625
484, 293, 650
485, 59, 394
486, 332, 498
487, 90, 479
488, 240, 428
489, 604, 793
490, 82, 921
491, 426, 705
492, 77, 591
493, 142, 185
494, 279, 360
495, 826, 827
496, 286, 405
497, 676, 929
498, 125, 631
499, 868, 965
500, 516, 529
501, 72, 417
502, 25, 973
503, 363, 456
504, 125, 302
505, 55, 310
506, 790, 877
507, 93, 192
508, 241, 722
509, 103, 730
510, 342, 761
511, 472, 659
512, 718, 727
513, 265, 444
514, 278, 732
515, 468, 815
516, 67, 165
517, 231, 839
518, 190, 873
519, 331, 543
520, 408, 532
521, 509, 619
522, 806, 948
523, 115, 522
524, 164, 949
525, 174, 482
526, 268, 588
527, 521, 597
528, 24, 225
529, 83, 708
530, 345, 701
531, 253, 642
532, 149, 557
533, 756, 987
534, 504, 825
535, 332, 906
536, 86, 974
537, 549, 748
538, 454, 500
539, 628, 857
540, 300, 956
541, 78, 315
542, 283, 609
543, 687, 950
544, 608, 673
545, 623, 802
546, 178, 434
547, 46, 576
548, 38, 40
549, 80, 547
550, 17, 155
551, 10, 627
552, 287, 569
553, 474, 811
554, 512, 544
555, 750, 946
556, 226, 550
557, 297, 355
558, 27, 714
559, 381, 672
560, 18, 679
561, 214, 781
562, 515, 568
563, 269, 883
564, 63, 71
565, 415, 943
566, 401, 573
567, 119, 647
568, 322, 485
569, 42, 644
570, 102, 626
571, 239, 797
572, 295, 816
573, 671, 812
574, 551, 589
575, 138, 629
576, 605, 703
577, 211, 538
578, 356, 436
579, 152, 776
580, 341, 881
581, 187, 435
582, 774, 787
583, 182, 395
584, 123, 171
585, 260, 664
586, 33, 256
587, 154, 969
588, 326, 934
589, 79, 842
590, 646, 986
591, 535, 578
592, 298, 762
593, 9, 353
594, 13, 240
595, 90, 416
596, 496, 823
597, 669, 765
598, 286, 391
599, 1, 64
600, 43, 699
601, 900, 981
602, 213, 988
603, 218, 424
604, 201, 967
605, 234, 970
606, 681, 834
607, 524, 777
608, 328, 652
609, 358, 533
610, 324, 977
611, 139, 172
612, 580, 698
613, 217, 846
614, 216, 563
615, 856, 908
616, 799, 971
617, 721, 990
618, 47, 602
619, 281, 972
620, 484, 915
621, 230, 617
622, 193, 741
623, 206, 975
624, 420, 822
625, 336, 702
626, 145, 793
627, 91, 131
628, 352, 691
629, 382, 677
630, 70, 237
631, 724, 899
632, 44, 349
633, 94, 828
634, 95, 994
635, 84, 581
636, 242, 636
637, 320, 874
638, 311, 397
639, 674, 916
640, 66, 497
641, 238, 290
642, 584, 607
643, 293, 875
644, 53, 766
645, 514, 830
646, 337, 817
647, 845, 868
648, 133, 942
649, 207, 719
650, 111, 520
651, 204, 205
652, 473, 653
653, 570, 763
654, 431, 745
655, 876, 933
656, 116, 966
657, 725, 929
658, 157, 159
659, 45, 872
660, 118, 611
661, 668, 935
662, 100, 392
663, 89, 202
664, 446, 729
665, 23, 773
666, 406, 545
667, 188, 829
668, 308, 594
669, 736, 905
670, 455, 843
671, 466, 632
672, 660, 880
673, 338, 477
674, 784, 832
675, 235, 794
676, 319, 770
677, 553, 735
678, 403, 826
679, 425, 889
680, 58, 866
681, 147, 574
682, 168, 897
683, 546, 801
684, 85, 661
685, 30, 273
686, 247, 835
687, 221, 372
688, 121, 961
689, 245, 925
690, 113, 928
691, 20, 368
692, 385, 614
693, 366, 694
694, 451, 818
695, 179, 962
696, 316, 927
697, 439, 480
698, 135, 541
699, 419, 564
700, 92, 141
701, 96, 601
702, 31, 453
703, 365, 486
704, 101, 759
705, 387, 399
706, 126, 613
707, 432, 459
708, 467, 639
709, 60, 860
710, 255, 558
711, 598, 993
712, 462, 879
713, 443, 960
714, 291, 984
715, 32, 430
716, 795, 893
717, 12, 901
718, 69, 274
719, 499, 686
720, 335, 433
721, 720, 896
722, 167, 752
723, 150, 284
724, 81, 995
725, 911, 965
726, 567, 814
727, 249, 264
728, 313, 606
729, 753, 989
730, 630, 912
731, 267, 862
732, 173, 878
733, 198, 867
734, 194, 228
735, 502, 844
736, 476, 682
737, 350, 426
738, 610, 742
739, 16, 449
740, 804, 923
741, 35, 373
742, 57, 952
743, 754, 920
744, 279, 625
745, 109, 863
746, 41, 212
747, 180, 612
748, 11, 223
749, 562, 641
750, 68, 678
751, 120, 390
752, 371, 534
753, 160, 591
754, 412, 423
755, 712, 858
756, 233, 282
757, 61, 377
758, 185, 831
759, 489, 968
760, 821, 926
761, 312, 615
762, 690, 693
763, 257, 536
764, 49, 299
765, 680, 851
766, 582, 685
767, 590, 888
768, 5, 323
769, 402, 507
770, 183, 820
771, 452, 649
772, 400, 663
773, 318, 448
774, 163, 882
775, 945, 964
776, 314, 556
777, 498, 723
778, 405, 733
779, 261, 769
780, 460, 983
781, 203, 585
782, 54, 833
783, 344, 922
784, 50, 749
785, 82, 746
786, 362, 859
787, 393, 631
788, 360, 364
789, 62, 137
790, 117, 662
791, 76, 643
792, 2, 339
793, 161, 305
794, 209, 491
795, 511, 670
796, 351, 369
797, 731, 791
798, 492, 599
799, 144, 819
800, 343, 577
801, 508, 1000
802, 270, 886
803, 772, 810
804, 142, 704
805, 104, 716
806, 136, 330
807, 15, 196
808, 346, 931
809, 616, 838
810, 864, 902
811, 490, 840
812, 294, 757
813, 440, 583
814, 566, 624
815, 529, 711
816, 422, 530
817, 734, 980
818, 130, 813
819, 108, 683
820, 128, 824
821, 675, 796
822, 850, 937
823, 596, 740
824, 36, 918
825, 200, 913
826, 292, 428
827, 438, 622
828, 447, 458
829, 579, 747
830, 411, 798
831, 640, 700
832, 143, 266
833, 112, 414
834, 684, 884
835, 479, 555
836, 39, 347
837, 87, 717
838, 396, 526
839, 280, 575
840, 97, 895
841, 14, 978
842, 146, 656
843, 65, 488
844, 51, 710
845, 713, 767
846, 957, 963
847, 807, 865
848, 75, 481
849, 162, 655
850, 124, 917
851, 465, 919
852, 786, 853
853, 156, 959
854, 59, 947
855, 184, 199
856, 992, 997
857, 208, 600
858, 303, 587
859, 181, 317
860, 236, 540
861, 52, 542
862, 271, 493
863, 28, 140
864, 418, 726
865, 334, 955
866, 74, 321
867, 215, 519
868, 409, 792
869, 176, 306
870, 739, 951
871, 592, 764
872, 506, 548
873, 189, 210
874, 48, 394
875, 244, 386
876, 285, 944
877, 705, 744
878, 158, 503
879, 469, 932
880, 232, 654
881, 441, 692
882, 227, 780
883, 309, 380
884, 554, 586
885, 327, 869
886, 99, 470
887, 348, 495
888, 259, 758
889, 539, 755
890, 151, 909
891, 645, 953
892, 637, 903
893, 552, 728
894, 388, 571
895, 248, 939
896, 105, 325
897, 263, 437
898, 191, 648
899, 513, 914
900, 849, 890
901, 475, 958
902, 707, 861
903, 528, 800
904, 836, 991
905, 421, 483
906, 26, 304
907, 559, 651
908, 665, 996
909, 197, 329
910, 8, 827
911, 442, 501
912, 37, 132
913, 229, 695
914, 595, 999
915, 4, 354
916, 29, 153
917, 88, 427
918, 220, 854
919, 19, 34
920, 6, 565
921, 445, 537
922, 186, 250
923, 389, 892
924, 471, 940
925, 106, 885
926, 110, 954
927, 301, 743
928, 384, 805
929, 510, 560
930, 904, 941
931, 251, 976
932, 169, 738
933, 457, 924
934, 296, 689
935, 277, 404
936, 737, 847
937, 429, 782
938, 635, 936
939, 921, 982
940, 222, 650
941, 361, 367
942, 195, 410
943, 127, 603
944, 56, 696
945, 275, 855
946, 166, 593
947, 170, 378
948, 461, 808
949, 518, 523
950, 307, 910
951, 77, 289
952, 370, 531
953, 129, 848
954, 258, 572
955, 375, 779
956, 340, 706
957, 98, 517
958, 407, 604
959, 333, 464
960, 122, 134
961, 516, 775
962, 463, 871
963, 252, 634
964, 177, 374
965, 219, 487
966, 7, 658
967, 413, 620
968, 262, 359
969, 527, 666
970, 505, 751
971, 561, 709
972, 288, 785
973, 383, 771
974, 638, 891
975, 788, 998
976, 114, 398
977, 175, 907
978, 768, 789
979, 803, 979
980, 272, 715
981, 73, 276
982, 107, 688
983, 224, 870
984, 778, 809
985, 21, 841
986, 760, 898
987, 697, 938
988, 376, 887
989, 357, 667
990, 494, 657
991, 478, 525
992, 22, 930
993, 243, 450
994, 621, 676
995, 633, 852
996, 148, 985
997, 379, 783
998, 246, 894
999, 3, 618
1000, 254, 837
1001, 518, 754
1002, 40, 906
1003, 91, 804
1004, 141, 181
1005, 59, 146
1006, 474, 740
1007, 371, 701
1008, 97, 478
1009, 667, 784
1010, 76, 218
1011, 16, 114
1012, 414, 993
1013, 109, 170
1014, 219, 498
1015, 793, 929
1016, 509, 901
1017, 546, 656
1018, 184, 967
1019, 80, 691
1020, 446, 782
1021, 832, 899
1022, 213, 651
1023, 318, 489
1024, 490, 966
1025, 597, 874
1026, 20, 255
1027, 637, 834
1028, 259, 433
1029, 134, 919
1030, 321, 485
1031, 195, 958
1032, 144, 199
1033, 135, 925
1034, 696, 902
1035, 33, 46
1036, 281, 994
1037, 4, 603
1038, 192, 711
1039, 36, 957
1040, 405, 608
1041, 560, 737
1042, 72, 215
1043, 225, 773
1044, 119, 467
1045, 469, 950
1046, 399, 959
1047, 642, 719
1048, 304, 526
1049, 299, 306
1050, 401, 505
1051, 103, 845
1052, 86, 654
1053, 627, 908
1054, 163, 884
1055, 496, 542
1056, 282, 430
1057, 403, 738
1058, 900, 903
1059, 570, 828
1060, 408, 421
1061, 272, 595
1062, 31, 819
1063, 585, 941
1064, 55, 938
1065, 175, 459
1066, 124, 207
1067, 510, 973
1068, 278, 944
1069, 251, 680
1070, 194, 859
1071, 257, 349
1072, 807, 840
1073, 256, 971
1074, 67, 799
1075, 173, 956
1076, 569, 897
1077, 193, 443
1078, 112, 532
1079, 731, 823
1080, 291, 866
1081, 461, 963
1082, 563, 578
1083, 431, 892
1084, 573, 704
1085, 99, 265
1086, 113, 693
1087, 359, 596
1088, 171, 815
1089, 182, 932
1090, 755, 970
1091, 744, 992
1092, 132, 797
1093, 241, 924
1094, 527, 658
1095, 155, 427
1096, 314, 587
1097, 457, 475
1098, 179, 688
1099, 572, 580
1100, 761, 895
1101, 105, 513
1102, 89, 602
1103, 689, 842
1104, 236, 333
1105, 200, 794
1106, 133, 713
1107, 640, 735
1108, 230, 996
1109, 48, 110
1110, 351, 437
1111, 464, 777
1112, 335, 383
1113, 379, 583
1114, 28, 449
1115, 458, 921
1116, 391, 538
1117, 198, 882
1118, 545, 918
1119, 127, 463
1120, 629, 635
1121, 619, 669
1122, 327, 844
1123, 290, 675
1124, 894, 981
1125, 812, 889
1126, 769, 911
1127, 121, 325
1128, 574, 778
1129, 653, 775
1130, 365, 912
1131, 197, 643
1132, 17, 283
1133, 138, 374
1134, 2, 816
1135, 106, 881
1136, 586, 649
1137, 13, 756
1138, 277, 592
1139, 288, 516
1140, 115, 297
1141, 188, 451
1142, 320, 808
1143, 466, 512
1144, 15, 370
1145, 622, 751
1146, 126, 783
1147, 8, 372
1148, 792, 915
1149, 185, 762
1150, 249, 293
1151, 186, 508
1152, 196, 206
1153, 128, 790
1154, 63, 313
1155, 787, 801
1156, 125, 671
1157, 697, 865
1158, 123, 988
1159, 460, 522
1160, 35, 945
1161, 543, 610
1162, 441, 494
1163, 263, 841
1164, 129, 499
1165, 58, 528
1166, 183, 591
1167, 891, 972
1168, 56, 556
1169, 389, 497
1170, 336, 588
1171, 329, 805
1172, 71, 262
1173, 190, 599
1174, 140, 423
1175, 838, 995
1176, 312, 413
1177, 156, 628
1178, 84, 424
1179, 953, 982
1180, 287, 660
1181, 174, 879
1182, 936, 975
1183, 214, 232
1184, 202, 626
1185, 480, 486
1186, 315, 350
1187, 217, 725
1188, 49, 983
1189, 468, 978
1190, 362, 847
1191, 869, 905
1192, 376, 533
1193, 78, 733
1194, 131, 311
1195, 729, 795
1196, 37, 229
1197, 271, 776
1198, 51, 260
1199, 575, 617
1200, 488, 548
1201, 500, 564
1202, 158, 803
1203, 231, 615
1204, 102, 432
1205, 82, 955
1206, 450, 724
1207, 453, 511
1208, 554, 763
1209, 104, 418
1210, 698, 853
1211, 7, 473
1212, 101, 534
1213, 216, 659
1214, 346, 860
1215, 169, 203
1216, 404, 747
1217, 541, 549
1218, 22, 947
1219, 332, 939
1220, 57, 73
1221, 130, 529
1222, 3, 872
1223, 150, 270
1224, 308, 876
1225, 226, 798
1226, 295, 544
1227, 266, 811
1228, 646, 774
1229, 600, 702
1230, 454, 630
1231, 228, 679
1232, 180, 438
1233, 250, 419
1234, 261, 896
1235, 65, 767
1236, 142, 933
1237, 43, 613
1238, 668, 827
1239, 284, 337
1240, 116, 948
1241, 712, 788
1242, 274, 579
1243, 623, 636
1244, 253, 962
1245, 209, 830
1246, 684, 707
1247, 552, 558
1248, 328, 920
1249, 471, 764
1250, 201, 760
1251, 353, 571
1252, 316, 650
1253, 38, 857
1254, 44, 300
1255, 25, 837
1256, 279, 848
1257, 341, 749
1258, 248, 381
1259, 247, 618
1260, 745, 829
1261, 165, 501
1262, 53, 330
1263, 227, 507
1264, 917, 977
1265, 148, 166
1266, 855, 887
1267, 825, 965
1268, 479, 520
1269, 612, 997
1270, 746, 770
1271, 523, 960
1272, 447, 913
1273, 167, 670
1274, 149, 345
1275, 331, 369
1276, 151, 991
1277, 222, 728
1278, 220, 682
1279, 721, 904
1280, 436, 873
1281, 539, 692
1282, 12, 506
1283, 120, 254
1284, 1, 989
1285, 380, 601
1286, 690, 851
1287, 21, 914
1288, 9, 61
1289, 187, 616
1290, 495, 695
1291, 298, 739
1292, 52, 954
1293, 685, 765
1294, 817, 907
1295, 239, 694
1296, 323, 382
1297, 709, 922
1298, 641, 886
1299, 264, 344
1300, 211, 923
1301, 624, 677
1302, 342, 470
1303, 243, 814
1304, 850, 870
1305, 326, 517
1306, 357, 393
1307, 536, 553
1308, 77, 639
1309, 208, 420
1310, 410, 625
1311, 581, 647
1312, 289, 590
1313, 162, 285
1314, 307, 354
1315, 252, 491
1316, 631, 722
1317, 139, 160
1318, 726, 856
1319, 559, 831
1320, 305, 806
1321, 45, 310
1322, 484, 824
1323, 27, 821
1324, 352, 888
1325, 90, 472
1326, 565, 937
1327, 117, 205
1328, 269, 355
1329, 614, 826
1330, 204, 780
1331, 258, 519
1332, 246, 969
1333, 561, 705
1334, 70, 111
1335, 24, 846
1336, 30, 909
1337, 159, 645
1338, 657, 662
1339, 388, 706
1340, 417, 644
1341, 766, 877
1342, 100, 910
1343, 540, 550
1344, 178, 779
1345, 462, 633
1346, 62, 322
1347, 676, 732
1348, 81, 233
1349, 324, 716
1350, 411, 875
1351, 93, 984
1352, 661, 858
1353, 363, 425
1354, 245, 916
1355, 666, 672
1356, 531, 678
1357, 92, 212
1358, 568, 687
1359, 223, 748
1360, 415, 743
1361, 358, 493
1362, 771, 949
1363, 32, 456
1364, 154, 898
1365, 66, 375
1366, 14, 377
1367, 347, 664
1368, 161, 893
1369, 238, 663
1370, 796, 952
1371, 503, 604
1372, 652, 1000
1373, 153, 593
1374, 96, 607
1375, 19, 221
1376, 95, 810
1377, 118, 809
1378, 273, 961
1379, 402, 868
1380, 577, 946
1381, 395, 878
1382, 343, 802
1383, 515, 720
1384, 557, 582
1385, 75, 482
1386, 429, 759
1387, 69, 674
1388, 356, 551
1389, 34, 880
1390, 339, 412
1391, 268, 781
1392, 334, 974
1393, 172, 492
1394, 397, 835
1395, 301, 638
1396, 416, 504
1397, 700, 786
1398, 85, 400
1399, 477, 757
1400, 428, 928
1401, 854, 934
1402, 366, 986
1403, 50, 890
1404, 537, 791
1405, 152, 598
1406, 445, 584
1407, 41, 976
1408, 39, 514
1409, 708, 926
1410, 439, 686
1411, 137, 409
1412, 360, 940
1413, 648, 833
1414, 54, 448
1415, 42, 338
1416, 386, 606
1417, 440, 885
1418, 191, 317
1419, 108, 673
1420, 434, 476
1421, 535, 980
1422, 398, 452
1423, 94, 224
1424, 390, 968
1425, 387, 987
1426, 5, 6
1427, 143, 524
1428, 11, 176
1429, 189, 861
1430, 275, 752
1431, 442, 562
1432, 843, 930
1433, 240, 634
1434, 426, 576
1435, 385, 665
1436, 839, 964
1437, 164, 292
1438, 286, 481
1439, 309, 710
1440, 384, 883
1441, 736, 862
1442, 83, 734
1443, 68, 699
1444, 23, 979
1445, 107, 237
1446, 88, 750
1447, 364, 727
1448, 487, 863
1449, 435, 943
1450, 244, 723
1451, 392, 422
1452, 789, 931
1453, 340, 611
1454, 785, 813
1455, 234, 730
1456, 373, 502
1457, 455, 621
1458, 567, 714
1459, 267, 741
1460, 361, 396
1461, 122, 483
1462, 348, 822
1463, 276, 818
1464, 145, 242
1465, 87, 394
1466, 177, 942
1467, 98, 703
1468, 319, 525
1469, 64, 378
1470, 555, 620
1471, 210, 589
1472, 29, 294
1473, 18, 367
1474, 465, 742
1475, 605, 871
1476, 836, 867
1477, 296, 849
1478, 280, 927
1479, 60, 157
1480, 303, 406
1481, 136, 547
1482, 609, 935
1483, 990, 998
1484, 632, 753
1485, 715, 999
1486, 407, 530
1487, 10, 985
1488, 683, 717
1489, 168, 235
1490, 74, 772
1491, 147, 758
1492, 444, 852
1493, 566, 864
1494, 79, 655
1495, 681, 768
1496, 820, 951
1497, 368, 718
1498, 302, 521
1499, 26, 800
1500, 47, 594
1501, 327, 537
1502, 589, 721
1503, 464, 929
1504, 61, 321
1505, 706, 758
1506, 111, 219
1507, 465, 857
1508, 94, 521
1509, 44, 877
1510, 435, 961
1511, 307, 899
1512, 647, 881
1513, 277, 817
1514, 781, 934
1515, 291, 996
1516, 29, 997
1517, 153, 916
1518, 553, 715
1519, 391, 545
1520, 429, 504
1521, 349, 447
1522, 4, 832
1523, 598, 868
1524, 489, 612
1525, 437, 469
1526, 223, 544
1527, 328, 474
1528, 273, 867
1529, 723, 976
1530, 296, 416
1531, 406, 904
1532, 79, 445
1533, 280, 951
1534, 71, 510
1535, 927, 993
1536, 841, 878
1537, 12, 461
1538, 764, 804
1539, 524, 556
1540, 531, 652
1541, 564, 642
1542, 220, 862
1543, 274, 555
1544, 398, 925
1545, 657, 864
1546, 18, 239
1547, 351, 500
1548, 3, 182
1549, 319, 975
1550, 251, 739
1551, 242, 506
1552, 907, 920
1553, 77, 198
1554, 102, 164
1555, 41, 763
1556, 57, 371
1557, 724, 770
1558, 462, 709
1559, 456, 912
1560, 190, 586
1561, 241, 401
1562, 554, 658
1563, 81, 869
1564, 332, 342
1565, 36, 813
1566, 283, 408
1567, 169, 810
1568, 22, 660
1569, 275, 494
1570, 119, 605
1571, 511, 890
1572, 249, 966
1573, 65, 191
1574, 149, 232
1575, 634, 960
1576, 252, 512
1577, 6, 329
1578, 177, 347
1579, 264, 420
1580, 5, 83
1581, 798, 932
1582, 833, 958
1583, 55, 185
1584, 457, 627
1585, 13, 649
1586, 468, 573
1587, 107, 409
1588, 625, 983
1589, 28, 769
1590, 708, 859
1591, 388, 712
1592, 596, 687
1593, 88, 852
1594, 163, 224
1595, 24, 152
1596, 533, 550
1597, 517, 874
1598, 675, 730
1599, 357, 370
1600, 607, 893
1601, 569, 850
1602, 733, 931
1603, 528, 799
1604, 210, 614
1605, 560, 698
1606, 672, 962
1607, 141, 806
1608, 900, 933
1609, 60, 70
1610, 618, 808
1611, 103, 858
1612, 390, 439
1613, 452, 777
1614, 248, 341
1615, 151, 930
1616, 497, 909
1617, 361, 834
1618, 851, 918
1619, 308, 669
1620, 17, 508
1621, 139, 800
1622, 75, 619
1623, 21, 233
1624, 289, 645
1625, 453, 643
1626, 247, 937
1627, 54, 113
1628, 540, 717
1629, 639, 771
1630, 16, 97
1631, 692, 734
1632, 43, 135
1633, 254, 725
1634, 216, 300
1635, 838, 848
1636, 217, 711
1637, 131, 373
1638, 179, 762
1639, 426, 713
1640, 563, 626
1641, 383, 400
1642, 948, 985
1643, 484, 774
1644, 299, 523
1645, 538, 630
1646, 353, 611
1647, 294, 459
1648, 238, 885
1649, 115, 311
1650, 121, 726
1651, 365, 755
1652, 710, 802
1653, 8, 26
1654, 662, 974
1655, 888, 939
1656, 575, 667
1657, 290, 914
1658, 360, 827
1659, 227, 944
1660, 631, 828
1661, 547, 921
1662, 110, 265
1663, 629, 913
1664, 1, 127
1665, 173, 382
1666, 298, 527
1667, 381, 992
1668, 654, 969
1669, 761, 796
1670, 244, 313
1671, 10, 195
1672, 67, 910
1673, 623, 670
1674, 129, 746
1675, 158, 880
1676, 752, 887
1677, 205, 911
1678, 270, 440
1679, 130, 323
1680, 221, 558
1681, 505, 772
1682, 101, 330
1683, 122, 548
1684, 363, 450
1685, 100, 397
1686, 359, 705
1687, 42, 80
1688, 773, 783
1689, 407, 835
1690, 197, 541
1691, 218, 376
1692, 552, 684
1693, 331, 467
1694, 392, 693
1695, 582, 953
1696, 72, 853
1697, 305, 386
1698, 82, 622
1699, 570, 805
1700, 566, 919
1701, 866, 959
1702, 336, 924
1703, 694, 786
1704, 595, 901
1705, 209, 438
1706, 568, 599
1707, 637, 720
1708, 309, 846
1709, 150, 590
1710, 314, 954
1711, 98, 529
1712, 431, 486
1713, 325, 557
1714, 355, 364
1715, 303, 987
1716, 176, 636
1717, 245, 872
1718, 23, 700
1719, 679, 977
1720, 882, 884
1721, 404, 990
1722, 344, 526
1723, 732, 1000
1724, 266, 322
1725, 212, 272
1726, 145, 387
1727, 89, 760
1728, 32, 402
1729, 49, 417
1730, 213, 830
1731, 740, 748
1732, 125, 482
1733, 304, 836
1734, 46, 133
1735, 87, 574
1736, 572, 785
1737, 749, 938
1738, 91, 96
1739, 792, 928
1740, 646, 989
1741, 39, 754
1742, 269, 940
1743, 368, 790
1744, 202, 743
1745, 194, 738
1746, 104, 301
1747, 559, 915
1748, 576, 707
1749, 14, 875
1750, 326, 863
1751, 78, 671
1752, 737, 936
1753, 109, 434
1754, 11, 780
1755, 879, 889
1756, 255, 653
1757, 413, 473
1758, 615, 823
1759, 377, 894
1760, 297, 876
1761, 161, 454
1762, 85, 609
1763, 472, 803
1764, 282, 601
1765, 375, 379
1766, 394, 782
1767, 147, 231
1768, 699, 847
1769, 259, 979
1770, 66, 663
1771, 443, 968
1772, 561, 902
1773, 114, 315
1774, 62, 515
1775, 628, 677
1776, 51, 480
1777, 293, 492
1778, 583, 686
1779, 64, 333
1780, 501, 957
1781, 495, 744
1782, 427, 926
1783, 337, 991
1784, 215, 604
1785, 226, 999
1786, 183, 366
1787, 287, 795
1788, 335, 988
1789, 203, 425
1790, 750, 821
1791, 285, 680
1792, 192, 281
1793, 433, 535
1794, 422, 765
1795, 138, 165
1796, 143, 487
1797, 340, 886
1798, 682, 943
1799, 2, 946
1800, 276, 536
1801, 696, 844
1802, 59, 967
1803, 616, 661
1804, 906, 952
1805, 112, 585
1806, 30, 171
1807, 597, 775
1808, 76, 736
1809, 148, 831
1810, 31, 689
1811, 320, 651
1812, 334, 411
1813, 201, 354
1814, 543, 688
1815, 703, 905
1816, 256, 350
1817, 648, 666
1818, 753, 945
1819, 9, 871
1820, 73, 522
1821, 488, 600
1822, 410, 690
1823, 358, 602
1824, 633, 778
1825, 261, 768
1826, 144, 278
1827, 697, 971
1828, 288, 312
1829, 225, 436
1830, 584, 839
1831, 345, 718
1832, 132, 956
1833, 306, 514
1834, 449, 963
1835, 442, 549
1836, 814, 986
1837, 140, 193
1838, 476, 729
1839, 167, 174
1840, 659, 941
1841, 48, 432
1842, 243, 393
1843, 93, 845
1844, 603, 787
1845, 455, 949
1846, 448, 891
1847, 478, 776
1848, 395, 412
1849, 367, 801
1850, 27, 594
1851, 403, 998
1852, 849, 865
1853, 40, 788
1854, 356, 441
1855, 134, 577
1856, 415, 509
1857, 84, 587
1858, 240, 507
1859, 69, 159
1860, 186, 513
1861, 63, 793
1862, 253, 263
1863, 234, 578
1864, 162, 683
1865, 74, 211
1866, 635, 644
1867, 348, 499
1868, 317, 784
1869, 68, 674
1870, 204, 624
1871, 811, 978
1872, 108, 389
1873, 200, 207
1874, 47, 883
1875, 421, 655
1876, 123, 520
1877, 172, 837
1878, 444, 656
1879, 126, 451
1880, 175, 742
1881, 58, 380
1882, 820, 965
1883, 399, 824
1884, 302, 475
1885, 518, 896
1886, 157, 702
1887, 116, 124
1888, 826, 856
1889, 490, 779
1890, 284, 530
1891, 188, 972
1892, 414, 955
1893, 260, 621
1894, 372, 640
1895, 681, 861
1896, 222, 822
1897, 45, 516
1898, 716, 942
1899, 714, 815
1900, 34, 794
1901, 86, 843
1902, 316, 812
1903, 137, 571
1904, 430, 819
1905, 105, 673
1906, 731, 756
1907, 155, 481
1908, 809, 895
1909, 279, 424
1910, 362, 791
1911, 136, 807
1912, 339, 419
1913, 35, 310
1914, 551, 664
1915, 620, 691
1916, 295, 685
1917, 106, 496
1918, 632, 980
1919, 170, 181
1920, 7, 757
1921, 678, 735
1922, 229, 789
1923, 676, 829
1924, 493, 592
1925, 50, 118
1926, 178, 458
1927, 214, 338
1928, 37, 898
1929, 53, 947
1930, 142, 908
1931, 816, 903
1932, 184, 994
1933, 15, 668
1934, 235, 873
1935, 922, 981
1936, 189, 747
1937, 579, 695
1938, 262, 378
1939, 228, 318
1940, 384, 719
1941, 92, 704
1942, 498, 892
1943, 428, 477
1944, 519, 995
1945, 180, 446
1946, 741, 855
1947, 567, 593
1948, 160, 187
1949, 665, 870
1950, 19, 935
1951, 606, 842
1952, 539, 797
1953, 324, 352
1954, 580, 728
1955, 503, 964
1956, 923, 950
1957, 95, 970
1958, 346, 532
1959, 236, 292
1960, 973, 982
1961, 33, 483
1962, 38, 463
1963, 257, 641
1964, 25, 460
1965, 206, 471
1966, 128, 396
1967, 418, 562
1968, 20, 591
1969, 99, 701
1970, 638, 759
1971, 369, 917
1972, 208, 246
1973, 405, 485
1974, 650, 854
1975, 751, 825
1976, 120, 588
1977, 146, 250
1978, 534, 818
1979, 722, 860
1980, 196, 267
1981, 52, 156
1982, 466, 546
1983, 117, 268
1984, 166, 374
1985, 470, 745
1986, 479, 565
1987, 581, 897
1988, 90, 237
1989, 258, 766
1990, 154, 608
1991, 423, 613
1992, 502, 542
1993, 56, 230
1994, 199, 767
1995, 385, 525
1996, 271, 617
1997, 610, 727
1998, 343, 984
1999, 286, 840
2000, 168, 491
2001, 686, 849
2002, 275, 462
2003, 141, 561
2004, 274, 765
2005, 525, 703
2006, 81, 894
2007, 72, 262
2008, 390, 885
2009, 365, 992
2010, 120, 129
2011, 427, 918
2012, 559, 919
2013, 154, 547
2014, 232, 260
2015, 482, 719
2016, 5, 965
2017, 730, 984
2018, 126, 360
2019, 685, 838
2020, 810, 990
2021, 398, 660
2022, 379, 805
2023, 339, 442
2024, 718, 798
2025, 287, 571
2026, 410, 953
2027, 408, 956
2028, 95, 475
2029, 184, 693
2030, 64, 625
2031, 415, 827
2032, 150, 500
2033, 89, 863
2034, 425, 567
2035, 389, 768
2036, 435, 568
2037, 421, 860
2038, 1, 351
2039, 77, 734
2040, 546, 935
2041, 503, 656
2042, 880, 933
2043, 136, 972
2044, 57, 842
2045, 742, 808
2046, 636, 644
2047, 63, 354
2048, 643, 945
2049, 169, 630
2050, 604, 712
2051, 212, 372
2052, 226, 282
2053, 10, 914
2054, 235, 505
2055, 214, 417
2056, 510, 908
2057, 922, 976
2058, 190, 879
2059, 134, 552
2060, 557, 809
2061, 186, 785
2062, 164, 248
2063, 284, 818
2064, 544, 581
2065, 383, 898
2066, 688, 735
2067, 42, 997
2068, 683, 845
2069, 341, 540
2070, 258, 459
2071, 394, 910
2072, 536, 601
2073, 28, 938
2074, 118, 590
2075, 231, 358
2076, 485, 612
2077, 194, 253
2078, 669, 970
2079, 114, 666
2080, 814, 884
2081, 222, 319
2082, 148, 739
2083, 51, 624
2084, 254, 477
2085, 443, 687
2086, 84, 869
2087, 467, 598
2088, 640, 975
2089, 633, 949
2090, 639, 872
2091, 592, 817
2092, 340, 673
2093, 192, 597
2094, 47, 574
2095, 160, 203
2096, 430, 647
2097, 445, 763
2098, 68, 675
2099, 320, 695
2100, 332, 915
2101, 200, 907
2102, 271, 924
2103, 867, 904
2104, 521, 661
2105, 419, 524
2106, 46, 177
2107, 73, 151
2108, 381, 967
2109, 297, 502
2110, 433, 954
2111, 480, 562
2112, 145, 426
2113, 181, 195
2114, 380, 853
2115, 182, 575
2116, 453, 487
2117, 759, 761
2118, 301, 895
2119, 483, 823
2120, 541, 551
2121, 501, 741
2122, 565, 770
2123, 781, 875
2124, 131, 286
2125, 75, 112
2126, 87, 962
2127, 76, 916
2128, 143, 966
2129, 819, 985
2130, 56, 709
2131, 681, 793
2132, 113, 980
2133, 196, 456
2134, 201, 641
2135, 321, 951
2136, 393, 941
2137, 342, 555
2138, 979, 998
2139, 370, 964
2140, 322, 861
2141, 399, 409
2142, 385, 626
2143, 586, 631
2144, 516, 952
2145, 185, 263
2146, 96, 912
2147, 55, 329
2148, 189, 634
2149, 117, 158
2150, 107, 517
2151, 450, 950
2152, 413, 452
2153, 363, 769
2154, 397, 692
2155, 495, 902
2156, 446, 903
2157, 142, 448
2158, 556, 865
2159, 19, 870
2160, 570, 720
2161, 678, 727
2162, 188, 582
2163, 617, 802
2164, 387, 486
2165, 665, 828
2166, 534, 684
2167, 538, 584
2168, 580, 731
2169, 157, 786
2170, 45, 789
2171, 434, 558
2172, 40, 285
2173, 614, 831
2174, 123, 794
2175, 533, 700
2176, 59, 747
2177, 476, 595
2178, 244, 748
2179, 530, 888
2180, 116, 746
2181, 30, 822
2182, 281, 563
2183, 520, 578
2184, 124, 754
2185, 338, 585
2186, 250, 715
2187, 175, 316
2188, 792, 812
2189, 697, 716
2190, 166, 696
2191, 464, 589
2192, 111, 782
2193, 649, 921
2194, 791, 834
2195, 400, 444
2196, 264, 977
2197, 515, 948
2198, 701, 830
2199, 542, 702
2200, 402, 679
2201, 82, 406
2202, 168, 829
2203, 295, 496
2204, 609, 796
2205, 20, 755
2206, 179, 313
2207, 137, 937
2208, 225, 983
2209, 392, 424
2210, 219, 361
2211, 429, 740
2212, 128, 256
2213, 223, 889
2214, 623, 839
2215, 22, 172
2216, 499, 676
2217, 37, 58
2218, 296, 749
2219, 420, 787
2220, 178, 279
2221, 388, 553
2222, 104, 314
2223, 91, 249
2224, 50, 350
2225, 414, 509
2226, 454, 566
2227, 242, 618
2228, 187, 593
2229, 86, 588
2230, 290, 722
2231, 548, 550
2232, 278, 963
2233, 36, 940
2234, 97, 268
2235, 257, 927
2236, 198, 690
2237, 677, 946
2238, 348, 717
2239, 335, 481
2240, 80, 820
2241, 53, 707
2242, 682, 821
2243, 504, 620
2244, 522, 654
2245, 305, 611
2246, 240, 813
2247, 26, 98
2248, 306, 694
2249, 304, 704
2250, 60, 85
2251, 422, 732
2252, 115, 596
2253, 328, 622
2254, 325, 832
2255, 234, 657
2256, 9, 449
2257, 670, 934
2258, 349, 896
2259, 386, 616
2260, 783, 959
2261, 576, 925
2262, 331, 928
2263, 337, 900
2264, 238, 470
2265, 100, 368
2266, 317, 691
2267, 139, 251
2268, 29, 130
2269, 710, 883
2270, 48, 108
2271, 333, 729
2272, 99, 877
2273, 362, 771
2274, 752, 807
2275, 506, 871
2276, 247, 878
2277, 71, 378
2278, 110, 357
2279, 66, 334
2280, 471, 775
2281, 395, 920
2282, 298, 958
2283, 243, 858
2284, 497, 816
2285, 106, 801
2286, 637, 753
2287, 318, 930
2288, 88, 986
2289, 92, 652
2290, 74, 658
2291, 161, 466
2292, 465, 923
2293, 269, 436
2294, 180, 272
2295, 451, 797
2296, 635, 942
2297, 65, 743
2298, 655, 795
2299, 15, 723
2300, 14, 876
2301, 255, 460
2302, 403, 491
2303, 326, 377
2304, 293, 418
2305, 220, 642
2306, 594, 943
2307, 191, 523
2308, 239, 607
2309, 706, 826
2310, 94, 615
2311, 738, 750
2312, 35, 224
2313, 170, 512
2314, 121, 277
2315, 518, 780
2316, 457, 788
2317, 353, 605
2318, 206, 841
2319, 447, 736
2320, 43, 815
2321, 241, 531
2322, 163, 549
2323, 13, 848
2324, 494, 498
2325, 778, 892
2326, 283, 529
2327, 291, 330
2328, 689, 999
2329, 280, 776
2330, 346, 756
2331, 382, 926
2332, 463, 854
2333, 728, 824
2334, 312, 939
2335, 12, 473
2336, 302, 890
2337, 851, 931
2338, 69, 554
2339, 101, 790
2340, 31, 891
2341, 632, 698
2342, 774, 996
2343, 199, 751
2344, 18, 173
2345, 674, 699
2346, 140, 989
2347, 132, 423
2348, 147, 664
2349, 93, 840
2350, 33, 292
2351, 218, 659
2352, 119, 835
2353, 472, 873
2354, 197, 537
2355, 216, 412
2356, 800, 837
2357, 461, 833
2358, 228, 662
2359, 127, 971
2360, 843, 955
2361, 155, 836
2362, 149, 310
2363, 846, 913
2364, 455, 968
2365, 24, 469
2366, 289, 366
2367, 371, 994
2368, 405, 859
2369, 152, 396
2370, 490, 760
2371, 416, 893
2372, 266, 773
2373, 67, 757
2374, 803, 850
2375, 122, 663
2376, 261, 432
2377, 7, 936
2378, 159, 345
2379, 273, 573
2380, 135, 407
2381, 34, 468
2382, 193, 866
2383, 153, 987
2384, 569, 974
2385, 62, 645
2386, 276, 579
2387, 265, 439
2388, 103, 564
2389, 23, 856
2390, 221, 811
2391, 973, 988
2392, 711, 758
2393, 777, 978
2394, 125, 514
2395, 493, 862
2396, 587, 714
2397, 202, 527
2398, 364, 981
2399, 668, 864
2400, 591, 882
2401, 217, 628
2402, 146, 375
2403, 374, 653
2404, 105, 213
2405, 528, 909
2406, 323, 705
2407, 602, 638
2408, 294, 627
2409, 3, 138
2410, 259, 458
2411, 474, 629
2412, 309, 492
2413, 83, 772
2414, 651, 991
2415, 215, 252
2416, 237, 648
2417, 621, 957
2418, 230, 373
2419, 438, 737
2420, 209, 724
2421, 384, 545
2422, 356, 969
2423, 671, 932
2424, 41, 608
2425, 144, 484
2426, 8, 61
2427, 79, 764
2428, 901, 944
2429, 324, 799
2430, 52, 233
2431, 404, 733
2432, 171, 532
2433, 49, 211
2434, 307, 441
2435, 726, 911
2436, 38, 367
2437, 288, 672
2438, 327, 600
2439, 183, 929
2440, 762, 847
2441, 887, 917
2442, 205, 300
2443, 4, 610
2444, 210, 606
2445, 270, 905
2446, 311, 667
2447, 133, 539
2448, 27, 806
2449, 39, 577
2450, 725, 881
2451, 16, 428
2452, 78, 431
2453, 315, 355
2454, 25, 874
2455, 2, 572
2456, 208, 960
2457, 267, 613
2458, 176, 204
2459, 543, 995
2460, 245, 513
2461, 11, 766
2462, 21, 299
2463, 507, 745
2464, 508, 744
2465, 478, 560
2466, 680, 779
2467, 303, 897
2468, 603, 767
2469, 44, 102
2470, 619, 899
2471, 32, 401
2472, 162, 804
2473, 857, 886
2474, 650, 947
2475, 519, 713
2476, 17, 156
2477, 6, 721
2478, 236, 868
2479, 352, 993
2480, 437, 825
2481, 852, 982
2482, 90, 784
2483, 359, 489
2484, 207, 391
2485, 347, 376
2486, 227, 511
2487, 165, 599
2488, 109, 308
2489, 369, 1000
2490, 583, 906
2491, 708, 844
2492, 167, 479
2493, 526, 855
2494, 70, 229
2495, 336, 411
2496, 343, 961
2497, 54, 440
2498, 174, 344
2499, 488, 535
2500, 246, 646
2501, 256, 301
2502, 300, 526
2503, 156, 481
2504, 673, 780
2505, 753, 861
2506, 210, 375
2507, 201, 732
2508, 243, 825
2509, 505, 938
2510, 114, 467
2511, 107, 583
2512, 905, 977
2513, 32, 717
2514, 553, 972
2515, 477, 693
2516, 3, 858
2517, 118, 264
2518, 312, 817
2519, 230, 556
2520, 53, 579
2521, 376, 915
2522, 311, 951
2523, 806, 982
2524, 225, 793
2525, 365, 739
2526, 198, 370
2527, 433, 869
2528, 457, 836
2529, 181, 232
2530, 602, 759
2531, 522, 645
2532, 317, 782
2533, 794, 847
2534, 603, 992
2535, 57, 177
2536, 112, 412
2537, 319, 839
2538, 546, 851
2539, 380, 384
2540, 335, 606
2541, 66, 669
2542, 291, 676
2543, 508, 945
2544, 417, 527
2545, 551, 555
2546, 742, 762
2547, 282, 824
2548, 615, 979
2549, 229, 841
2550, 756, 953
2551, 683, 961
2552, 285, 930
2553, 175, 434
2554, 60, 510
2555, 48, 476
2556, 617, 960
2557, 910, 959
2558, 52, 963
2559, 524, 831
2560, 42, 220
2561, 108, 894
2562, 633, 696
2563, 186, 737
2564, 245, 897
2565, 130, 906
2566, 40, 878
2567, 326, 890
2568, 231, 757
2569, 22, 429
2570, 518, 607
2571, 202, 471
2572, 664, 692
2573, 499, 535
2574, 314, 978
2575, 26, 99
2576, 710, 798
2577, 572, 783
2578, 539, 561
2579, 298, 479
2580, 650, 852
2581, 320, 789
2582, 835, 891
2583, 233, 702
2584, 424, 748
2585, 425, 701
2586, 432, 734
2587, 63, 428
2588, 294, 349
2589, 110, 904
2590, 178, 292
2591, 327, 843
2592, 622, 743
2593, 385, 415
2594, 74, 378
2595, 86, 711
2596, 297, 610
2597, 580, 954
2598, 448, 805
2599, 677, 700
2600, 142, 418
2601, 728, 924
2602, 139, 316
2603, 165, 436
2604, 466, 912
2605, 449, 792
2606, 56, 516
2607, 138, 473
2608, 20, 241
2609, 520, 758
2610, 85, 431
2611, 93, 690
2612, 502, 916
2613, 492, 639
2614, 352, 721
2615, 532, 648
2616, 786, 877
2617, 356, 772
2618, 46, 122
2619, 144, 911
2620, 97, 600
2621, 302, 796
2622, 162, 362
2623, 271, 903
2624, 1, 853
2625, 751, 947
2626, 489, 727
2627, 509, 688
2628, 59, 318
2629, 288, 720
2630, 336, 719
2631, 12, 670
2632, 642, 784
2633, 120, 684
2634, 152, 698
2635, 51, 948
2636, 395, 939
2637, 469, 609
2638, 548, 819
2639, 266, 855
2640, 511, 981
2641, 655, 955
2642, 305, 826
2643, 400, 567
2644, 135, 898
2645, 464, 668
2646, 252, 283
2647, 405, 406
2648, 463, 565
2649, 994, 998
2650, 180, 842
2651, 55, 889
2652, 731, 879
2653, 73, 733
2654, 222, 674
2655, 350, 612
2656, 410, 775
2657, 27, 766
2658, 366, 901
2659, 647, 769
2660, 455, 974
2661, 96, 420
2662, 507, 937
2663, 84, 816
2664, 503, 773
2665, 188, 616
2666, 407, 958
2667, 387, 849
2668, 896, 962
2669, 323, 832
2670, 687, 844
2671, 273, 590
2672, 321, 804
2673, 278, 593
2674, 185, 884
2675, 4, 339
2676, 393, 625
2677, 80, 227
2678, 605, 846
2679, 584, 694
2680, 109, 310
2681, 621, 876
2682, 760, 822
2683, 30, 442
2684, 45, 399
2685, 203, 651
2686, 221, 995
2687, 58, 76
2688, 113, 632
2689, 14, 416
2690, 528, 730
2691, 414, 744
2692, 451, 656
2693, 411, 695
2694, 592, 966
2695, 29, 999
2696, 263, 585
2697, 495, 725
2698, 807, 931
2699, 315, 658
2700, 472, 926
2701, 176, 197
2702, 65, 560
2703, 103, 304
2704, 287, 917
2705, 504, 774
2706, 25, 613
2707, 195, 313
2708, 253, 707
2709, 883, 932
2710, 79, 279
2711, 15, 862
2712, 234, 993
2713, 91, 280
2714, 146, 213
2715, 303, 334
2716, 450, 515
2717, 394, 866
2718, 140, 333
2719, 270, 281
2720, 337, 445
2721, 594, 776
2722, 102, 704
2723, 61, 161
2724, 261, 667
2725, 200, 237
2726, 659, 990
2727, 500, 964
2728, 369, 840
2729, 43, 170
2730, 250, 497
2731, 9, 722
2732, 430, 646
2733, 374, 665
2734, 10, 126
2735, 970, 987
2736, 654, 723
2737, 8, 293
2738, 427, 568
2739, 68, 724
2740, 435, 564
2741, 191, 581
2742, 363, 390
2743, 348, 863
2744, 833, 969
2745, 184, 307
2746, 88, 514
2747, 163, 626
2748, 147, 345
2749, 322, 803
2750, 224, 644
2751, 193, 735
2752, 75, 973
2753, 559, 830
2754, 470, 823
2755, 781, 873
2756, 681, 706
2757, 402, 812
2758, 573, 888
2759, 115, 956
2760, 95, 119
2761, 275, 403
2762, 346, 859
2763, 255, 596
2764, 82, 248
2765, 123, 871
2766, 785, 811
2767, 106, 950
2768, 244, 382
2769, 536, 923
2770, 643, 976
2771, 183, 699
2772, 338, 697
2773, 136, 761
2774, 155, 422
2775, 872, 988
2776, 33, 111
2777, 171, 657
2778, 11, 453
2779, 501, 827
2780, 37, 173
2781, 895, 934
2782, 396, 491
2783, 194, 452
2784, 726, 892
2785, 919, 949
2786, 259, 552
2787, 542, 928
2788, 179, 351
2789, 714, 885
2790, 550, 752
2791, 207, 611
2792, 34, 653
2793, 537, 795
2794, 239, 404
2795, 439, 929
2796, 575, 680
2797, 267, 623
2798, 39, 331
2799, 125, 679
2800, 67, 543
2801, 818, 874
2802, 62, 821
2803, 141, 685
2804, 444, 570
2805, 763, 899
2806, 17, 918
2807, 941, 985
2808, 540, 671
2809, 204, 541
2810, 454, 628
2811, 168, 262
2812, 332, 971
2813, 289, 484
2814, 838, 886
2815, 328, 765
2816, 379, 856
2817, 547, 578
2818, 462, 809
2819, 208, 597
2820, 557, 900
2821, 143, 342
2822, 35, 834
2823, 741, 860
2824, 254, 778
2825, 190, 426
2826, 709, 902
2827, 372, 638
2828, 465, 678
2829, 800, 967
2830, 36, 755
2831, 468, 740
2832, 324, 675
2833, 545, 909
2834, 83, 133
2835, 87, 251
2836, 94, 620
2837, 131, 475
2838, 437, 777
2839, 634, 867
2840, 98, 984
2841, 456, 563
2842, 159, 599
2843, 158, 343
2844, 92, 983
2845, 529, 920
2846, 132, 371
2847, 81, 344
2848, 533, 965
2849, 340, 401
2850, 381, 519
2851, 6, 23
2852, 101, 205
2853, 215, 940
2854, 652, 682
2855, 236, 498
2856, 325, 586
2857, 247, 637
2858, 306, 571
2859, 260, 496
2860, 16, 117
2861, 189, 754
2862, 377, 975
2863, 192, 635
2864, 788, 790
2865, 460, 829
2866, 54, 474
2867, 506, 582
2868, 172, 268
2869, 486, 686
2870, 257, 354
2871, 160, 745
2872, 127, 767
2873, 779, 875
2874, 28, 209
2875, 329, 558
2876, 440, 461
2877, 174, 986
2878, 391, 459
2879, 359, 922
2880, 421, 713
2881, 355, 749
2882, 419, 1000
2883, 534, 746
2884, 368, 438
2885, 286, 952
2886, 494, 936
2887, 182, 295
2888, 523, 810
2889, 154, 837
2890, 483, 691
2891, 276, 814
2892, 70, 258
2893, 554, 991
2894, 166, 629
2895, 299, 614
2896, 134, 933
2897, 164, 169
2898, 608, 854
2899, 661, 907
2900, 517, 738
2901, 274, 347
2902, 708, 799
2903, 249, 828
2904, 199, 521
2905, 211, 815
2906, 228, 386
2907, 389, 397
2908, 398, 630
2909, 116, 921
2910, 413, 423
2911, 24, 705
2912, 747, 797
2913, 624, 636
2914, 246, 485
2915, 49, 562
2916, 2, 913
2917, 358, 989
2918, 137, 865
2919, 538, 908
2920, 214, 512
2921, 121, 787
2922, 296, 672
2923, 480, 689
2924, 235, 493
2925, 21, 308
2926, 218, 627
2927, 90, 935
2928, 487, 715
2929, 458, 716
2930, 157, 997
2931, 226, 618
2932, 50, 868
2933, 18, 269
2934, 530, 660
2935, 187, 770
2936, 47, 104
2937, 290, 712
2938, 216, 942
2939, 771, 944
2940, 604, 980
2941, 77, 641
2942, 588, 808
2943, 153, 446
2944, 72, 238
2945, 549, 577
2946, 649, 870
2947, 341, 943
2948, 149, 750
2949, 44, 373
2950, 19, 544
2951, 128, 864
2952, 89, 802
2953, 5, 357
2954, 41, 78
2955, 663, 857
2956, 38, 662
2957, 31, 598
2958, 217, 882
2959, 265, 718
2960, 409, 996
2961, 284, 848
2962, 71, 330
2963, 482, 666
2964, 591, 820
2965, 488, 589
2966, 223, 513
2967, 151, 631
2968, 595, 619
2969, 441, 531
2970, 601, 968
2971, 206, 383
2972, 13, 946
2973, 100, 768
2974, 240, 242
2975, 129, 880
2976, 150, 893
2977, 367, 764
2978, 167, 196
2979, 64, 272
2980, 703, 881
2981, 69, 566
2982, 124, 478
2983, 105, 277
2984, 7, 219
2985, 845, 914
2986, 364, 801
2987, 148, 309
2988, 408, 640
2989, 212, 392
2990, 576, 791
2991, 388, 569
2992, 850, 927
2993, 145, 443
2994, 361, 587
2995, 353, 813
2996, 360, 447
2997, 490, 887
2998, 574, 957
2999, 525, 729
3000, 736, 925
3001, 500, 899
3002, 601, 886
3003, 622, 692
3004, 532, 576
3005, 223, 407
3006, 309, 770
3007, 385, 443
3008, 386, 891
3009, 1, 684
3010, 50, 820
3011, 198, 560
3012, 339, 890
3013, 358, 900
3014, 606, 702
3015, 101, 589
3016, 321, 664
3017, 528, 815
3018, 45, 103
3019, 502, 736
3020, 239, 794
3021, 131, 244
3022, 174, 544
3023, 353, 957
3024, 121, 247
3025, 636, 717
3026, 752, 809
3027, 152, 856
3028, 593, 804
3029, 83, 140
3030, 416, 838
3031, 227, 501
3032, 434, 916
3033, 350, 465
3034, 243, 867
3035, 454, 782
3036, 348, 913
3037, 276, 881
3038, 621, 858
3039, 618, 740
3040, 85, 359
3041, 126, 705
3042, 188, 987
3043, 40, 612
3044, 39, 369
3045, 236, 376
3046, 264, 722
3047, 18, 316
3048, 261, 773
3049, 60, 66
3050, 175, 342
3051, 852, 931
3052, 384, 506
3053, 459, 536
3054, 491, 689
3055, 378, 563
3056, 37, 41
3057, 133, 521
3058, 202, 956
3059, 106, 318
3060, 52, 64
3061, 196, 953
3062, 294, 435
3063, 566, 766
3064, 700, 826
3065, 818, 924
3066, 25, 825
3067, 51, 975
3068, 331, 591
3069, 193, 225
3070, 519, 771
3071, 19, 147
3072, 356, 910
3073, 526, 543
3074, 604, 827
3075, 42, 859
3076, 514, 547
3077, 442, 573
3078, 841, 863
3079, 474, 513
3080, 273, 525
3081, 113, 892
3082, 846, 981
3083, 534, 979
3084, 470, 967
3085, 779, 983
3086, 926, 969
3087, 334, 542
3088, 893, 933
3089, 733, 824
3090, 422, 884
3091, 97, 842
3092, 477, 574
3093, 449, 868
3094, 26, 185
3095, 291, 831
3096, 905, 928
3097, 84, 894
3098, 879, 907
3099, 8, 720
3100, 343, 951
3101, 564, 744
3102, 324, 499
3103, 253, 974
3104, 195, 610
3105, 918, 985
3106, 135, 919
3107, 78, 866
3108, 16, 262
3109, 315, 590
3110, 32, 89
3111, 896, 901
3112, 169, 715
3113, 194, 263
3114, 403, 657
3115, 697, 830
3116, 232, 425
3117, 92, 628
3118, 730, 751
3119, 130, 371
3120, 742, 811
3121, 221, 813
3122, 738, 847
3123, 382, 869
3124, 713, 750
3125, 429, 451
3126, 164, 843
3127, 330, 540
3128, 82, 323
3129, 114, 281
3130, 398, 413
3131, 883, 962
3132, 28, 693
3133, 258, 408
3134, 110, 428
3135, 171, 627
3136, 107, 380
3137, 289, 745
3138, 76, 669
3139, 88, 567
3140, 488, 805
3141, 163, 768
3142, 466, 660
3143, 351, 988
3144, 68, 86
3145, 212, 832
3146, 124, 127
3147, 707, 860
3148, 201, 572
3149, 31, 812
3150, 648, 737
3151, 431, 635
3152, 67, 880
3153, 24, 595
3154, 173, 836
3155, 562, 817
3156, 493, 615
3157, 33, 608
3158, 458, 775
3159, 3, 955
3160, 11, 976
3161, 277, 409
3162, 100, 575
3163, 530, 735
3164, 597, 719
3165, 340, 876
3166, 498, 687
3167, 203, 588
3168, 274, 932
3169, 111, 624
3170, 136, 729
3171, 248, 723
3172, 438, 476
3173, 168, 645
3174, 10, 404
3175, 15, 159
3176, 464, 970
3177, 685, 996
3178, 587, 668
3179, 251, 387
3180, 266, 679
3181, 23, 117
3182, 22, 915
3183, 639, 980
3184, 56, 178
3185, 94, 390
3186, 300, 944
3187, 849, 947
3188, 486, 649
3189, 698, 727
3190, 370, 914
3191, 222, 682
3192, 436, 510
3193, 497, 711
3194, 305, 659
3195, 44, 704
3196, 505, 991
3197, 235, 726
3198, 272, 310
3199, 57, 728
3200, 205, 625
3201, 671, 673
3202, 396, 662
3203, 629, 998
3204, 138, 327
3205, 9, 802
3206, 304, 708
3207, 145, 803
3208, 190, 237
3209, 211, 908
3210, 142, 197
3211, 80, 710
3212, 119, 995
3213, 780, 851
3214, 461, 633
3215, 347, 961
3216, 35, 941
3217, 265, 650
3218, 808, 861
3219, 518, 569
3220, 204, 268
3221, 177, 219
3222, 87, 151
3223, 524, 865
3224, 77, 764
3225, 170, 746
3226, 181, 864
3227, 296, 734
3228, 95, 180
3229, 53, 680
3230, 238, 332
3231, 58, 104
3232, 288, 716
3233, 410, 666
3234, 322, 489
3235, 160, 935
3236, 246, 712
3237, 216, 280
3238, 241, 287
3239, 490, 651
3240, 191, 270
3241, 844, 904
3242, 259, 487
3243, 70, 739
3244, 96, 759
3245, 36, 898
3246, 122, 754
3247, 835, 994
3248, 320, 509
3249, 184, 937
3250, 366, 690
3251, 354, 663
3252, 579, 676
3253, 427, 552
3254, 303, 875
3255, 229, 923
3256, 149, 731
3257, 286, 792
3258, 93, 395
3259, 816, 897
3260, 284, 855
3261, 81, 571
3262, 352, 699
3263, 444, 463
3264, 14, 774
3265, 447, 790
3266, 640, 761
3267, 199, 665
3268, 468, 800
3269, 959, 972
3270, 43, 620
3271, 596, 940
3272, 317, 383
3273, 29, 945
3274, 559, 912
3275, 128, 535
3276, 73, 840
3277, 69, 834
3278, 148, 210
3279, 741, 762
3280, 271, 895
3281, 290, 517
3282, 784, 978
3283, 646, 747
3284, 186, 617
3285, 283, 658
3286, 570, 921
3287, 471, 989
3288, 512, 787
3289, 619, 960
3290, 6, 109
3291, 21, 748
3292, 215, 902
3293, 74, 472
3294, 344, 437
3295, 228, 424
3296, 38, 796
3297, 120, 763
3298, 62, 531
3299, 4, 397
3300, 367, 871
3301, 17, 822
3302, 279, 301
3303, 158, 231
3304, 125, 718
3305, 584, 776
3306, 400, 930
3307, 166, 292
3308, 934, 942
3309, 182, 950
3310, 725, 797
3311, 233, 548
3312, 172, 484
3313, 642, 873
3314, 335, 872
3315, 328, 482
3316, 538, 917
3317, 448, 949
3318, 209, 652
3319, 192, 654
3320, 336, 549
3321, 72, 144
3322, 123, 255
3323, 61, 146
3324, 298, 850
3325, 503, 954
3326, 297, 537
3327, 141, 874
3328, 275, 577
3329, 550, 558
3330, 102, 256
3331, 99, 460
3332, 600, 785
3333, 495, 992
3334, 308, 611
3335, 496, 583
3336, 405, 799
3337, 417, 791
3338, 862, 986
3339, 213, 439
3340, 402, 911
3341, 108, 630
3342, 631, 853
3343, 5, 605
3344, 12, 984
3345, 786, 920
3346, 307, 432
3347, 433, 504
3348, 2, 285
3349, 326, 807
3350, 557, 997
3351, 556, 580
3352, 391, 414
3353, 245, 467
3354, 312, 362
3355, 311, 594
3356, 337, 661
3357, 411, 781
3358, 365, 421
3359, 282, 508
3360, 200, 520
3361, 90, 374
3362, 492, 515
3363, 445, 691
3364, 115, 603
3365, 295, 607
3366, 585, 765
3367, 777, 936
3368, 269, 415
3369, 430, 772
3370, 511, 623
3371, 469, 819
3372, 977, 990
3373, 134, 480
3374, 565, 806
3375, 137, 187
3376, 555, 696
3377, 551, 793
3378, 357, 767
3379, 167, 581
3380, 105, 561
3381, 329, 857
3382, 313, 885
3383, 455, 903
3384, 299, 778
3385, 214, 394
3386, 418, 938
3387, 614, 703
3388, 59, 533
3389, 206, 634
3390, 278, 1000
3391, 252, 952
3392, 189, 678
3393, 638, 755
3394, 379, 674
3395, 161, 814
3396, 293, 667
3397, 112, 473
3398, 756, 925
3399, 143, 539
3400, 220, 546
3401, 721, 783
3402, 47, 226
3403, 242, 360
3404, 98, 598
3405, 361, 554
3406, 363, 478
3407, 153, 882
3408, 393, 494
3409, 250, 541
3410, 375, 602
3411, 91, 677
3412, 65, 788
3413, 63, 523
3414, 150, 971
3415, 475, 769
3416, 179, 686
3417, 399, 701
3418, 749, 753
3419, 789, 922
3420, 345, 527
3421, 129, 670
3422, 681, 837
3423, 553, 848
3424, 423, 929
3425, 7, 46
3426, 637, 963
3427, 27, 116
3428, 341, 452
3429, 162, 965
3430, 446, 599
3431, 20, 821
3432, 373, 982
3433, 714, 823
3434, 381, 688
3435, 75, 672
3436, 249, 854
3437, 176, 349
3438, 609, 758
3439, 157, 958
3440, 833, 946
3441, 516, 582
3442, 314, 325
3443, 154, 845
3444, 156, 388
3445, 79, 230
3446, 578, 647
3447, 616, 927
3448, 333, 888
3449, 165, 798
3450, 483, 643
3451, 507, 743
3452, 257, 306
3453, 368, 441
3454, 30, 641
3455, 795, 939
3456, 870, 889
3457, 217, 877
3458, 155, 592
3459, 218, 568
3460, 55, 968
3461, 644, 732
3462, 377, 479
3463, 426, 801
3464, 485, 909
3465, 522, 683
3466, 183, 906
3467, 13, 392
3468, 401, 948
3469, 132, 224
3470, 457, 632
3471, 355, 943
3472, 364, 406
3473, 372, 993
3474, 389, 586
3475, 694, 706
3476, 319, 420
3477, 34, 71
3478, 48, 545
3479, 828, 964
3480, 118, 254
3481, 655, 810
3482, 208, 626
3483, 450, 695
3484, 462, 675
3485, 240, 419
3486, 613, 999
3487, 338, 887
3488, 54, 412
3489, 724, 829
3490, 207, 260
3491, 49, 529
3492, 656, 757
3493, 139, 234
3494, 302, 346
3495, 453, 760
3496, 709, 878
3497, 839, 973
3498, 481, 966
3499, 267, 456
3500, 440, 653
3501, 637, 896
3502, 557, 914
3503, 165, 761
3504, 801, 918
3505, 570, 947
3506, 521, 649
3507, 193, 366
3508, 117, 634
3509, 68, 846
3510, 506, 629
3511, 822, 831
3512, 24, 510
3513, 126, 583
3514, 19, 985
3515, 262, 413
3516, 1, 302
3517, 308, 475
3518, 156, 172
3519, 191, 568
3520, 163, 779
3521, 911, 979
3522, 273, 940
3523, 446, 805
3524, 169, 430
3525, 676, 709
3526, 804, 906
3527, 60, 922
3528, 305, 963
3529, 16, 830
3530, 81, 182
3531, 158, 818
3532, 12, 243
3533, 92, 663
3534, 127, 434
3535, 159, 651
3536, 170, 868
3537, 71, 692
3538, 8, 769
3539, 527, 645
3540, 115, 751
3541, 549, 758
3542, 154, 210
3543, 188, 208
3544, 786, 987
3545, 703, 739
3546, 336, 863
3547, 98, 875
3548, 319, 496
3549, 206, 330
3550, 516, 999
3551, 124, 420
3552, 849, 852
3553, 773, 928
3554, 816, 916
3555, 216, 576
3556, 310, 986
3557, 351, 448
3558, 524, 966
3559, 100, 416
3560, 531, 956
3561, 15, 721
3562, 615, 791
3563, 5, 719
3564, 301, 813
3565, 338, 775
3566, 358, 839
3567, 35, 593
3568, 104, 594
3569, 339, 798
3570, 144, 547
3571, 564, 646
3572, 136, 974
3573, 171, 902
3574, 18, 561
3575, 352, 601
3576, 287, 364
3577, 179, 680
3578, 218, 829
3579, 619, 633
3580, 32, 878
3581, 162, 449
3582, 605, 609
3583, 175, 664
3584, 52, 595
3585, 234, 643
3586, 327, 450
3587, 291, 802
3588, 116, 837
3589, 17, 713
3590, 509, 537
3591, 375, 978
3592, 459, 961
3593, 698, 910
3594, 350, 971
3595, 808, 980
3596, 322, 945
3597, 252, 766
3598, 265, 298
3599, 118, 312
3600, 653, 925
3601, 326, 707
3602, 622, 708
3603, 84, 345
3604, 750, 973
3605, 3, 454
3606, 511, 526
3607, 183, 439
3608, 211, 235
3609, 482, 934
3610, 63, 228
3611, 320, 588
3612, 38, 146
3613, 585, 632
3614, 190, 498
3615, 51, 747
3616, 712, 737
3617, 177, 776
3618, 608, 930
3619, 233, 556
3620, 213, 385
3621, 61, 701
3622, 200, 372
3623, 64, 581
3624, 562, 959
3625, 476, 693
3626, 440, 665
3627, 62, 908
3628, 2, 4
3629, 251, 337
3630, 155, 328
3631, 694, 756
3632, 318, 853
3633, 113, 730
3634, 9, 91
3635, 247, 740
3636, 187, 541
3637, 618, 697
3638, 600, 876
3639, 141, 492
3640, 681, 890
3641, 418, 727
3642, 44, 110
3643, 85, 530
3644, 121, 625
3645, 395, 771
3646, 225, 674
3647, 324, 378
3648, 317, 502
3649, 103, 938
3650, 672, 738
3651, 70, 860
3652, 578, 933
3653, 854, 873
3654, 114, 410
3655, 27, 532
3656, 184, 700
3657, 441, 742
3658, 57, 764
3659, 143, 944
3660, 433, 825
3661, 231, 958
3662, 271, 555
3663, 494, 722
3664, 347, 736
3665, 209, 706
3666, 245, 296
3667, 325, 720
3668, 673, 913
3669, 189, 461
3670, 812, 836
3671, 702, 803
3672, 280, 892
3673, 142, 611
3674, 220, 759
3675, 148, 898
3676, 437, 920
3677, 268, 870
3678, 288, 1000
3679, 153, 715
3680, 82, 770
3681, 54, 683
3682, 250, 677
3683, 470, 635
3684, 525, 858
3685, 462, 725
3686, 762, 800
3687, 72, 917
3688, 563, 840
3689, 49, 855
3690, 342, 497
3691, 478, 630
3692, 321, 515
3693, 445, 894
3694, 161, 757
3695, 20, 834
3696, 297, 572
3697, 254, 542
3698, 46, 176
3699, 258, 957
3700, 290, 341
3701, 13, 518
3702, 76, 128
3703, 824, 948
3704, 976, 984
3705, 111, 886
3706, 10, 443
3707, 380, 885
3708, 354, 714
3709, 507, 748
3710, 340, 369
3711, 533, 789
3712, 640, 691
3713, 436, 923
3714, 256, 783
3715, 149, 240
3716, 451, 675
3717, 105, 953
3718, 423, 724
3719, 392, 919
3720, 404, 610
3721, 130, 263
3722, 386, 965
3723, 75, 295
3724, 261, 926
3725, 467, 856
3726, 224, 968
3727, 199, 279
3728, 731, 927
3729, 399, 599
3730, 685, 810
3731, 58, 469
3732, 367, 429
3733, 348, 951
3734, 11, 304
3735, 960, 997
3736, 744, 869
3737, 33, 464
3738, 267, 617
3739, 204, 728
3740, 755, 880
3741, 79, 554
3742, 192, 232
3743, 538, 654
3744, 86, 150
3745, 590, 990
3746, 99, 480
3747, 522, 687
3748, 909, 921
3749, 381, 897
3750, 119, 881
3751, 591, 955
3752, 604, 983
3753, 7, 977
3754, 246, 833
3755, 21, 772
3756, 78, 879
3757, 34, 666
3758, 152, 415
3759, 131, 784
3760, 238, 624
3761, 129, 403
3762, 286, 580
3763, 242, 387
3764, 29, 975
3765, 438, 754
3766, 59, 236
3767, 41, 893
3768, 579, 895
3769, 123, 797
3770, 181, 546
3771, 196, 924
3772, 239, 760
3773, 835, 882
3774, 447, 745
3775, 67, 393
3776, 424, 539
3777, 668, 807
3778, 397, 799
3779, 28, 357
3780, 628, 690
3781, 147, 832
3782, 94, 307
3783, 473, 806
3784, 409, 534
3785, 781, 862
3786, 389, 904
3787, 559, 639
3788, 50, 900
3789, 168, 843
3790, 22, 688
3791, 194, 222
3792, 237, 543
3793, 658, 993
3794, 642, 780
3795, 178, 970
3796, 535, 659
3797, 289, 499
3798, 377, 901
3799, 453, 638
3800, 138, 994
3801, 406, 841
3802, 269, 408
3803, 36, 682
3804, 120, 501
3805, 276, 519
3806, 69, 331
3807, 491, 787
3808, 43, 887
3809, 488, 782
3810, 356, 481
3811, 741, 861
3812, 281, 903
3813, 388, 560
3814, 486, 540
3815, 362, 967
3816, 355, 414
3817, 6, 612
3818, 96, 652
3819, 517, 528
3820, 230, 255
3821, 140, 718
3822, 253, 598
3823, 264, 820
3824, 819, 972
3825, 565, 866
3826, 55, 197
3827, 809, 844
3828, 452, 899
3829, 293, 850
3830, 219, 316
3831, 774, 942
3832, 106, 726
3833, 627, 711
3834, 217, 359
3835, 90, 306
3836, 227, 285
3837, 30, 877
3838, 244, 412
3839, 207, 365
3840, 360, 550
3841, 278, 400
3842, 249, 888
3843, 574, 597
3844, 74, 936
3845, 93, 749
3846, 88, 582
3847, 405, 621
3848, 95, 122
3849, 391, 848
3850, 483, 661
3851, 108, 202
3852, 26, 346
3853, 417, 566
3854, 229, 421
3855, 607, 733
3856, 77, 394
3857, 37, 487
3858, 134, 943
3859, 335, 474
3860, 382, 734
3861, 373, 431
3862, 107, 606
3863, 315, 954
3864, 212, 374
3865, 613, 631
3866, 442, 949
3867, 695, 996
3868, 73, 270
3869, 313, 536
3870, 368, 815
3871, 221, 998
3872, 132, 174
3873, 468, 662
3874, 671, 811
3875, 465, 785
3876, 867, 982
3877, 277, 937
3878, 552, 765
3879, 422, 915
3880, 371, 623
3881, 545, 931
3882, 53, 603
3883, 428, 768
3884, 686, 992
3885, 274, 455
3886, 435, 838
3887, 47, 333
3888, 479, 650
3889, 214, 648
3890, 266, 689
3891, 407, 472
3892, 160, 678
3893, 112, 205
3894, 283, 294
3895, 157, 821
3896, 241, 656
3897, 891, 935
3898, 198, 723
3899, 314, 851
3900, 788, 823
3901, 411, 466
3902, 620, 794
3903, 592, 827
3904, 39, 334
3905, 259, 520
3906, 40, 950
3907, 655, 817
3908, 25, 361
3909, 42, 457
3910, 292, 514
3911, 657, 905
3912, 180, 871
3913, 544, 857
3914, 401, 696
3915, 272, 512
3916, 133, 460
3917, 66, 746
3918, 125, 647
3919, 145, 575
3920, 752, 845
3921, 644, 763
3922, 384, 425
3923, 300, 796
3924, 669, 670
3925, 329, 484
3926, 584, 883
3927, 426, 991
3928, 753, 795
3929, 137, 226
3930, 309, 626
3931, 463, 495
3932, 201, 551
3933, 444, 503
3934, 87, 602
3935, 376, 962
3936, 311, 402
3937, 471, 964
3938, 167, 353
3939, 717, 889
3940, 505, 778
3941, 558, 932
3942, 151, 907
3943, 109, 419
3944, 284, 508
3945, 65, 504
3946, 729, 912
3947, 323, 735
3948, 513, 587
3949, 195, 523
3950, 97, 636
3951, 248, 929
3952, 370, 716
3953, 500, 946
3954, 275, 884
3955, 398, 485
3956, 349, 660
3957, 31, 456
3958, 777, 847
3959, 215, 859
3960, 83, 571
3961, 257, 567
3962, 260, 390
3963, 396, 941
3964, 793, 814
3965, 89, 490
3966, 379, 586
3967, 48, 641
3968, 185, 732
3969, 101, 166
3970, 164, 223
3971, 573, 969
3972, 767, 995
3973, 596, 679
3974, 614, 705
3975, 56, 332
3976, 186, 427
3977, 23, 303
3978, 282, 792
3979, 548, 865
3980, 790, 952
3981, 432, 743
3982, 14, 102
3983, 45, 710
3984, 577, 667
3985, 299, 684
3986, 203, 569
3987, 553, 939
3988, 139, 989
3989, 343, 864
3990, 173, 988
3991, 828, 842
3992, 363, 529
3993, 477, 826
3994, 704, 872
3995, 493, 616
3996, 458, 874
3997, 383, 489
3998, 589, 981
3999, 80, 135
4000, 344, 699
