id, img1, img2
1, 237, 434
2, 95, 997
3, 750, 858
4, 138, 682
5, 451, 683
6, 124, 340
7, 60, 82
8, 646, 916
9, 43, 70
10, 629, 772
11, 131, 328
12, 171, 175
13, 93, 301
14, 545, 891
15, 30, 600
16, 449, 459
17, 209, 362
18, 186, 814
19, 500, 890
20, 498, 971
21, 316, 728
22, 252, 533
23, 134, 519
24, 711, 829
25, 464, 466
26, 555, 757
27, 129, 368
28, 174, 291
29, 94, 957
30, 496, 710
31, 73, 380
32, 232, 846
33, 310, 532
34, 197, 613
35, 621, 740
36, 81, 962
37, 170, 345
38, 126, 894
39, 304, 337
40, 737, 770
41, 274, 840
42, 137, 461
43, 246, 406
44, 28, 84
45, 105, 414
46, 623, 708
47, 25, 245
48, 62, 221
49, 273, 989
50, 463, 904
51, 179, 982
52, 601, 698
53, 145, 543
54, 811, 863
55, 462, 607
56, 413, 684
57, 20, 250
58, 69, 369
59, 408, 802
60, 92, 275
61, 383, 910
62, 155, 270
63, 656, 661
64, 75, 161
65, 164, 358
66, 504, 828
67, 341, 709
68, 61, 762
69, 432, 854
70, 745, 767
71, 509, 902
72, 596, 666
73, 435, 778
74, 37, 549
75, 653, 782
76, 732, 862
77, 12, 866
78, 89, 242
79, 45, 775
80, 322, 877
81, 113, 791
82, 378, 787
83, 260, 764
84, 251, 535
85, 920, 944
86, 922, 964
87, 181, 481
88, 59, 99
89, 189, 639
90, 78, 680
91, 332, 970
92, 217, 480
93, 323, 441
94, 266, 872
95, 169, 398
96, 193, 542
97, 523, 973
98, 151, 517
99, 160, 522
100, 156, 520
101, 199, 426
102, 192, 356
103, 34, 490
104, 262, 411
105, 643, 671
106, 489, 609
107, 550, 869
108, 38, 693
109, 114, 146
110, 606, 794
111, 584, 678
112, 14, 751
113, 672, 729
114, 502, 816
115, 448, 731
116, 354, 689
117, 630, 909
118, 331, 742
119, 79, 929
120, 140, 615
121, 455, 546
122, 195, 796
123, 64, 144
124, 375, 972
125, 895, 941
126, 384, 980
127, 201, 833
128, 783, 856
129, 377, 635
130, 176, 786
131, 789, 813
132, 52, 668
133, 117, 458
134, 580, 595
135, 67, 734
136, 501, 852
137, 835, 990
138, 536, 868
139, 277, 900
140, 632, 726
141, 203, 927
142, 516, 878
143, 214, 306
144, 314, 841
145, 491, 582
146, 222, 556
147, 460, 758
148, 808, 912
149, 370, 493
150, 296, 364
151, 565, 664
152, 264, 825
153, 5, 884
154, 257, 718
155, 518, 558
156, 389, 638
157, 229, 660
158, 598, 965
159, 68, 422
160, 472, 537
161, 619, 898
162, 121, 243
163, 624, 626
164, 524, 928
165, 735, 977
166, 50, 330
167, 150, 938
168, 344, 526
169, 226, 834
170, 147, 605
171, 452, 754
172, 3, 342
173, 202, 896
174, 830, 935
175, 191, 564
176, 236, 951
177, 572, 723
178, 292, 837
179, 407, 603
180, 288, 419
181, 393, 478
182, 673, 727
183, 538, 744
184, 725, 821
185, 230, 521
186, 305, 530
187, 636, 966
188, 412, 963
189, 349, 906
190, 177, 477
191, 238, 707
192, 54, 487
193, 157, 780
194, 824, 914
195, 569, 719
196, 403, 925
197, 839, 923
198, 206, 871
199, 488, 905
200, 23, 766
201, 479, 716
202, 42, 648
203, 311, 746
204, 665, 976
205, 216, 573
206, 801, 983
207, 817, 931
208, 16, 974
209, 610, 788
210, 768, 987
211, 66, 503
212, 284, 826
213, 486, 803
214, 804, 806
215, 410, 589
216, 85, 790
217, 855, 880
218, 899, 986
219, 165, 748
220, 196, 327
221, 17, 76
222, 308, 950
223, 90, 363
224, 213, 510
225, 447, 686
226, 416, 763
227, 692, 831
228, 110, 135
229, 755, 822
230, 239, 429
231, 329, 765
232, 46, 446
233, 400, 955
234, 11, 283
235, 27, 932
236, 295, 456
237, 63, 106
238, 570, 685
239, 335, 827
240, 127, 382
241, 287, 482
242, 133, 611
243, 115, 578
244, 7, 844
245, 271, 618
246, 190, 988
247, 185, 676
248, 474, 800
249, 485, 631
250, 163, 233
251, 333, 585
252, 10, 263
253, 669, 695
254, 353, 919
255, 47, 776
256, 180, 793
257, 41, 49
258, 102, 343
259, 396, 567
260, 18, 317
261, 360, 961
262, 566, 641
263, 714, 842
264, 2, 901
265, 166, 838
266, 86, 644
267, 35, 350
268, 534, 739
269, 71, 958
270, 248, 836
271, 65, 136
272, 183, 608
273, 440, 967
274, 513, 649
275, 379, 514
276, 483, 722
277, 154, 433
278, 367, 911
279, 303, 620
280, 574, 797
281, 44, 499
282, 51, 847
283, 313, 696
284, 19, 917
285, 8, 247
286, 235, 720
287, 91, 529
288, 374, 832
289, 442, 473
290, 633, 978
291, 111, 256
292, 870, 939
293, 15, 679
294, 100, 642
295, 577, 687
296, 148, 881
297, 205, 467
298, 715, 879
299, 32, 887
300, 88, 563
301, 253, 581
302, 33, 326
303, 290, 593
304, 753, 805
305, 278, 552
306, 515, 657
307, 6, 575
308, 568, 749
309, 26, 747
310, 677, 903
311, 119, 845
312, 141, 365
313, 167, 949
314, 357, 385
315, 445, 703
316, 812, 849
317, 604, 867
318, 443, 843
319, 507, 892
320, 40, 897
321, 279, 579
322, 476, 497
323, 860, 882
324, 265, 298
325, 234, 942
326, 112, 704
327, 309, 918
328, 57, 355
329, 259, 390
330, 561, 586
331, 299, 547
332, 297, 424
333, 597, 733
334, 699, 865
335, 391, 933
336, 55, 809
337, 336, 614
338, 492, 769
339, 637, 781
340, 204, 926
341, 417, 956
342, 376, 930
343, 130, 883
344, 420, 799
345, 339, 873
346, 453, 457
347, 293, 404
348, 244, 741
349, 83, 736
350, 53, 219
351, 272, 663
352, 361, 539
353, 307, 992
354, 223, 551
355, 281, 540
356, 599, 743
357, 655, 885
358, 109, 372
359, 889, 921
360, 282, 662
361, 178, 818
362, 31, 338
363, 439, 807
364, 9, 850
365, 132, 188
366, 717, 975
367, 125, 820
368, 557, 864
369, 280, 347
370, 4, 612
371, 428, 697
372, 152, 320
373, 388, 436
374, 231, 438
375, 627, 771
376, 571, 859
377, 724, 785
378, 409, 823
379, 227, 756
380, 120, 142
381, 200, 228
382, 36, 617
383, 531, 588
384, 198, 470
385, 149, 969
386, 324, 774
387, 212, 494
388, 103, 511
389, 437, 681
390, 454, 528
391, 706, 953
392, 387, 993
393, 294, 792
394, 334, 469
395, 366, 945
396, 701, 810
397, 759, 915
398, 321, 995
399, 13, 182
400, 946, 981
401, 395, 705
402, 576, 628
403, 143, 730
404, 269, 651
405, 39, 194
406, 371, 819
407, 415, 999
408, 268, 907
409, 465, 853
410, 24, 777
411, 690, 943
412, 352, 401
413, 761, 857
414, 674, 738
415, 215, 286
416, 168, 544
417, 471, 968
418, 688, 784
419, 107, 210
420, 721, 985
421, 351, 475
422, 1, 220
423, 312, 937
424, 405, 425
425, 427, 779
426, 431, 713
427, 240, 285
428, 359, 512
429, 97, 118
430, 418, 875
431, 116, 886
432, 392, 795
433, 527, 752
434, 616, 996
435, 622, 652
436, 394, 430
437, 560, 583
438, 123, 984
439, 225, 893
440, 591, 948
441, 373, 913
442, 74, 562
443, 261, 276
444, 318, 647
445, 187, 640
446, 77, 505
447, 658, 691
448, 423, 694
449, 80, 670
450, 484, 712
451, 255, 506
452, 98, 991
453, 659, 773
454, 207, 421
455, 218, 702
456, 87, 634
457, 254, 700
458, 96, 224
459, 128, 851
460, 122, 162
461, 590, 848
462, 888, 998
463, 654, 947
464, 108, 397
465, 952, 954
466, 21, 936
467, 58, 267
468, 56, 650
469, 48, 153
470, 159, 602
471, 876, 934
472, 29, 495
473, 554, 760
474, 346, 386
475, 625, 645
476, 302, 675
477, 104, 861
478, 258, 994
479, 208, 300
480, 319, 553
481, 249, 450
482, 211, 315
483, 22, 289
484, 924, 959
485, 815, 874
486, 587, 798
487, 325, 667
488, 381, 541
489, 172, 594
490, 525, 940
491, 444, 548
492, 72, 508
493, 158, 173
494, 960, 979
495, 402, 468
496, 908, 1000
497, 101, 592
498, 184, 348
499, 399, 559
500, 139, 241
501, 225, 841
502, 448, 829
503, 332, 753
504, 233, 887
505, 123, 935
506, 292, 531
507, 480, 916
508, 434, 643
509, 90, 822
510, 189, 301
511, 327, 957
512, 436, 796
513, 76, 881
514, 720, 981
515, 336, 710
516, 175, 530
517, 222, 550
518, 255, 360
519, 599, 827
520, 165, 984
521, 404, 692
522, 59, 104
523, 601, 974
524, 27, 45
525, 13, 185
526, 350, 633
527, 299, 611
528, 278, 625
529, 761, 996
530, 179, 669
531, 403, 738
532, 89, 846
533, 395, 932
534, 128, 129
535, 205, 594
536, 106, 756
537, 834, 942
538, 418, 705
539, 610, 734
540, 9, 488
541, 681, 743
542, 181, 871
543, 231, 356
544, 295, 666
545, 121, 786
546, 672, 873
547, 568, 675
548, 96, 813
549, 613, 622
550, 688, 817
551, 82, 467
552, 178, 578
553, 7, 636
554, 131, 390
555, 170, 325
556, 6, 994
557, 584, 977
558, 199, 207
559, 283, 972
560, 2, 182
561, 502, 990
562, 220, 592
563, 166, 795
564, 60, 147
565, 450, 799
566, 14, 522
567, 357, 837
568, 735, 835
569, 183, 860
570, 456, 549
571, 525, 934
572, 68, 982
573, 125, 262
574, 388, 438
575, 153, 684
576, 164, 212
577, 224, 366
578, 21, 555
579, 151, 586
580, 709, 815
581, 485, 557
582, 764, 855
583, 965, 976
584, 631, 970
585, 346, 895
586, 463, 858
587, 659, 749
588, 217, 620
589, 284, 811
590, 355, 501
591, 140, 737
592, 493, 590
593, 209, 774
594, 548, 888
595, 512, 949
596, 739, 924
597, 619, 857
598, 264, 649
599, 491, 679
600, 639, 790
601, 650, 747
602, 221, 623
603, 414, 425
604, 845, 850
605, 792, 879
606, 201, 468
607, 160, 267
608, 375, 980
609, 306, 818
610, 775, 898
611, 239, 304
612, 107, 915
613, 713, 789
614, 400, 443
615, 380, 460
616, 246, 476
617, 724, 812
618, 219, 660
619, 171, 279
620, 312, 338
621, 364, 424
622, 673, 674
623, 252, 979
624, 331, 454
625, 374, 505
626, 401, 973
627, 102, 340
628, 624, 847
629, 344, 843
630, 289, 538
631, 565, 920
632, 192, 499
633, 109, 763
634, 439, 719
635, 298, 722
636, 405, 918
637, 266, 695
638, 62, 77
639, 704, 725
640, 313, 680
641, 591, 849
642, 136, 868
643, 37, 884
644, 437, 723
645, 712, 866
646, 93, 752
647, 227, 310
648, 31, 816
649, 141, 605
650, 95, 658
651, 444, 571
652, 520, 962
653, 941, 986
654, 422, 939
655, 564, 728
656, 903, 929
657, 430, 642
658, 234, 273
659, 118, 773
660, 481, 726
661, 110, 271
662, 588, 861
663, 124, 277
664, 483, 1000
665, 247, 352
666, 656, 937
667, 29, 158
668, 155, 285
669, 546, 634
670, 486, 717
671, 428, 766
672, 523, 609
673, 72, 361
674, 111, 653
675, 203, 426
676, 573, 696
677, 134, 482
678, 423, 805
679, 539, 567
680, 303, 326
681, 84, 445
682, 506, 890
683, 632, 778
684, 668, 824
685, 256, 862
686, 47, 519
687, 498, 714
688, 618, 988
689, 88, 101
690, 202, 216
691, 20, 117
692, 597, 851
693, 814, 831
694, 291, 940
695, 500, 859
696, 34, 417
697, 23, 883
698, 322, 394
699, 473, 661
700, 245, 515
701, 206, 554
702, 156, 513
703, 87, 232
704, 161, 616
705, 91, 693
706, 314, 349
707, 32, 998
708, 308, 936
709, 896, 930
710, 250, 914
711, 204, 698
712, 320, 462
713, 517, 667
714, 43, 368
715, 113, 145
716, 318, 840
717, 154, 459
718, 48, 770
719, 174, 176
720, 39, 853
721, 244, 754
722, 644, 913
723, 18, 798
724, 99, 376
725, 188, 191
726, 711, 806
727, 575, 885
728, 57, 270
729, 768, 865
730, 379, 820
731, 80, 559
732, 53, 943
733, 126, 562
734, 387, 576
735, 721, 867
736, 167, 259
737, 28, 85
738, 130, 958
739, 370, 985
740, 750, 781
741, 300, 429
742, 569, 882
743, 495, 529
744, 333, 886
745, 71, 989
746, 230, 961
747, 384, 992
748, 139, 461
749, 641, 921
750, 143, 706
751, 449, 478
752, 36, 788
753, 561, 691
754, 67, 807
755, 281, 960
756, 64, 553
757, 132, 819
758, 100, 489
759, 337, 527
760, 38, 744
761, 556, 646
762, 432, 690
763, 24, 78
764, 537, 830
765, 604, 648
766, 399, 560
767, 540, 908
768, 464, 479
769, 435, 497
770, 73, 797
771, 98, 135
772, 263, 558
773, 97, 330
774, 302, 635
775, 4, 413
776, 392, 854
777, 33, 902
778, 742, 967
779, 777, 933
780, 146, 809
781, 296, 371
782, 275, 923
783, 348, 647
784, 229, 769
785, 509, 848
786, 363, 397
787, 317, 347
788, 44, 282
789, 477, 925
790, 474, 504
791, 566, 945
792, 162, 187
793, 253, 268
794, 169, 780
795, 689, 762
796, 149, 904
797, 383, 757
798, 218, 912
799, 521, 782
800, 595, 911
801, 408, 791
802, 603, 897
803, 254, 276
804, 258, 563
805, 776, 832
806, 193, 687
807, 415, 927
808, 451, 736
809, 542, 836
810, 40, 536
811, 316, 729
812, 694, 870
813, 893, 926
814, 119, 891
815, 391, 407
816, 17, 416
817, 236, 552
818, 210, 311
819, 341, 543
820, 910, 968
821, 508, 662
822, 19, 452
823, 200, 589
824, 61, 793
825, 25, 365
826, 842, 966
827, 640, 785
828, 214, 293
829, 190, 950
830, 367, 730
831, 16, 441
832, 50, 839
833, 494, 801
834, 574, 877
835, 26, 828
836, 772, 889
837, 715, 892
838, 389, 490
839, 242, 699
840, 69, 238
841, 213, 465
842, 621, 978
843, 10, 148
844, 159, 223
845, 79, 608
846, 127, 993
847, 808, 894
848, 30, 382
849, 58, 771
850, 198, 665
851, 249, 833
852, 600, 759
853, 294, 516
854, 409, 453
855, 122, 528
856, 471, 838
857, 74, 532
858, 157, 617
859, 329, 638
860, 92, 551
861, 420, 863
862, 319, 872
863, 297, 612
864, 784, 931
865, 335, 954
866, 315, 541
867, 228, 969
868, 287, 906
869, 572, 794
870, 194, 751
871, 3, 251
872, 257, 446
873, 615, 947
874, 526, 607
875, 195, 261
876, 150, 948
877, 288, 875
878, 353, 663
879, 740, 779
880, 746, 810
881, 66, 237
882, 580, 670
883, 248, 598
884, 168, 582
885, 35, 442
886, 81, 544
887, 1, 876
888, 12, 856
889, 54, 825
890, 286, 901
891, 596, 803
892, 342, 826
893, 184, 959
894, 470, 741
895, 42, 309
896, 472, 585
897, 702, 907
898, 354, 369
899, 65, 197
900, 492, 869
901, 511, 583
902, 137, 745
903, 55, 378
904, 5, 758
905, 412, 545
906, 514, 997
907, 177, 652
908, 677, 938
909, 455, 732
910, 211, 458
911, 144, 547
912, 108, 864
913, 385, 433
914, 917, 995
915, 581, 755
916, 469, 507
917, 86, 339
918, 787, 991
919, 152, 708
920, 83, 120
921, 196, 457
922, 518, 748
923, 410, 767
924, 324, 701
925, 664, 953
926, 56, 362
927, 208, 727
928, 15, 345
929, 321, 683
930, 406, 431
931, 11, 534
932, 180, 922
933, 844, 878
934, 655, 657
935, 235, 466
936, 440, 629
937, 112, 535
938, 116, 928
939, 114, 685
940, 46, 802
941, 676, 899
942, 510, 874
943, 305, 765
944, 654, 707
945, 579, 602
946, 241, 606
947, 307, 419
948, 484, 983
949, 637, 964
950, 215, 577
951, 269, 393
952, 475, 971
953, 272, 645
954, 49, 760
955, 163, 570
956, 944, 951
957, 243, 372
958, 75, 627
959, 503, 804
960, 398, 783
961, 8, 975
962, 240, 733
963, 94, 447
964, 323, 487
965, 411, 821
966, 651, 909
967, 373, 852
968, 377, 905
969, 697, 919
970, 351, 678
971, 63, 396
972, 402, 421
973, 265, 671
974, 138, 952
975, 703, 880
976, 52, 593
977, 115, 290
978, 343, 700
979, 381, 963
980, 359, 496
981, 686, 987
982, 226, 524
983, 614, 800
984, 626, 731
985, 142, 628
986, 70, 358
987, 172, 186
988, 334, 716
989, 328, 682
990, 22, 105
991, 260, 955
992, 823, 900
993, 103, 956
994, 630, 718
995, 533, 587
996, 274, 427
997, 41, 999
998, 386, 946
999, 51, 133
1000, 173, 280
1001, 810, 929
1002, 346, 964
1003, 619, 890
1004, 178, 290
1005, 155, 287
1006, 426, 672
1007, 604, 893
1008, 965, 988
1009, 829, 835
1010, 318, 707
1011, 589, 889
1012, 76, 663
1013, 799, 888
1014, 453, 864
1015, 52, 559
1016, 26, 624
1017, 712, 771
1018, 85, 502
1019, 384, 877
1020, 96, 483
1021, 411, 675
1022, 71, 142
1023, 69, 444
1024, 414, 746
1025, 546, 900
1026, 235, 463
1027, 784, 896
1028, 809, 916
1029, 169, 214
1030, 684, 913
1031, 788, 887
1032, 112, 831
1033, 20, 548
1034, 725, 814
1035, 32, 639
1036, 752, 774
1037, 549, 551
1038, 740, 812
1039, 283, 666
1040, 74, 662
1041, 12, 833
1042, 215, 954
1043, 497, 635
1044, 693, 776
1045, 338, 770
1046, 84, 534
1047, 160, 713
1048, 308, 780
1049, 25, 60
1050, 840, 880
1051, 148, 674
1052, 636, 808
1053, 408, 678
1054, 616, 948
1055, 709, 922
1056, 434, 442
1057, 38, 827
1058, 188, 983
1059, 53, 121
1060, 535, 850
1061, 363, 822
1062, 436, 556
1063, 241, 327
1064, 618, 652
1065, 521, 984
1066, 763, 991
1067, 137, 353
1068, 597, 871
1069, 9, 735
1070, 130, 952
1071, 288, 494
1072, 818, 912
1073, 182, 857
1074, 876, 1000
1075, 277, 924
1076, 645, 847
1077, 391, 942
1078, 213, 321
1079, 513, 754
1080, 350, 610
1081, 820, 874
1082, 668, 711
1083, 767, 852
1084, 115, 310
1085, 680, 730
1086, 457, 800
1087, 223, 758
1088, 294, 489
1089, 101, 655
1090, 108, 935
1091, 845, 968
1092, 27, 579
1093, 250, 647
1094, 216, 259
1095, 731, 775
1096, 688, 773
1097, 347, 685
1098, 116, 605
1099, 168, 465
1100, 150, 925
1101, 22, 161
1102, 341, 650
1103, 324, 816
1104, 474, 723
1105, 174, 417
1106, 392, 587
1107, 348, 526
1108, 240, 281
1109, 270, 937
1110, 67, 974
1111, 209, 869
1112, 147, 455
1113, 158, 950
1114, 285, 689
1115, 529, 903
1116, 781, 854
1117, 228, 724
1118, 117, 813
1119, 637, 733
1120, 657, 881
1121, 237, 322
1122, 79, 141
1123, 921, 961
1124, 103, 186
1125, 128, 361
1126, 349, 450
1127, 433, 927
1128, 238, 714
1129, 507, 717
1130, 114, 303
1131, 539, 590
1132, 379, 953
1133, 837, 841
1134, 423, 801
1135, 671, 794
1136, 262, 280
1137, 522, 967
1138, 56, 586
1139, 410, 848
1140, 80, 244
1141, 515, 769
1142, 171, 972
1143, 217, 986
1144, 360, 838
1145, 278, 508
1146, 81, 175
1147, 190, 297
1148, 768, 834
1149, 440, 660
1150, 122, 139
1151, 63, 667
1152, 210, 477
1153, 787, 990
1154, 514, 721
1155, 765, 969
1156, 107, 416
1157, 698, 959
1158, 13, 963
1159, 314, 745
1160, 342, 738
1161, 47, 301
1162, 409, 971
1163, 181, 334
1164, 149, 741
1165, 35, 704
1166, 555, 642
1167, 302, 313
1168, 625, 853
1169, 136, 985
1170, 73, 562
1171, 54, 65
1172, 307, 679
1173, 527, 550
1174, 710, 957
1175, 70, 541
1176, 446, 536
1177, 104, 815
1178, 55, 728
1179, 344, 614
1180, 311, 482
1181, 653, 933
1182, 251, 977
1183, 438, 865
1184, 99, 885
1185, 219, 748
1186, 623, 996
1187, 372, 561
1188, 165, 339
1189, 649, 744
1190, 620, 643
1191, 144, 588
1192, 412, 599
1193, 221, 782
1194, 252, 930
1195, 292, 499
1196, 83, 807
1197, 48, 574
1198, 45, 862
1199, 611, 632
1200, 425, 993
1201, 201, 759
1202, 486, 490
1203, 430, 479
1204, 211, 583
1205, 229, 627
1206, 234, 487
1207, 424, 732
1208, 170, 385
1209, 420, 980
1210, 413, 778
1211, 33, 243
1212, 163, 427
1213, 443, 475
1214, 306, 795
1215, 510, 772
1216, 29, 729
1217, 43, 592
1218, 97, 638
1219, 10, 664
1220, 304, 895
1221, 399, 495
1222, 218, 882
1223, 57, 87
1224, 125, 598
1225, 120, 254
1226, 846, 894
1227, 336, 565
1228, 362, 439
1229, 300, 432
1230, 687, 755
1231, 519, 612
1232, 676, 934
1233, 269, 866
1234, 106, 473
1235, 560, 891
1236, 204, 915
1237, 253, 447
1238, 164, 981
1239, 538, 796
1240, 91, 568
1241, 276, 396
1242, 472, 805
1243, 387, 656
1244, 105, 793
1245, 264, 376
1246, 179, 377
1247, 224, 594
1248, 595, 873
1249, 39, 553
1250, 51, 785
1251, 140, 518
1252, 390, 570
1253, 503, 609
1254, 133, 192
1255, 185, 231
1256, 544, 762
1257, 525, 962
1258, 64, 177
1259, 532, 856
1260, 82, 404
1261, 23, 93
1262, 265, 859
1263, 435, 719
1264, 665, 777
1265, 607, 932
1266, 797, 951
1267, 517, 715
1268, 418, 734
1269, 41, 973
1270, 207, 571
1271, 493, 945
1272, 90, 824
1273, 720, 766
1274, 496, 582
1275, 68, 365
1276, 138, 354
1277, 78, 388
1278, 506, 593
1279, 129, 892
1280, 17, 75
1281, 352, 917
1282, 312, 804
1283, 127, 236
1284, 92, 970
1285, 422, 690
1286, 374, 839
1287, 24, 849
1288, 200, 295
1289, 537, 629
1290, 705, 883
1291, 573, 817
1292, 58, 727
1293, 683, 939
1294, 523, 575
1295, 469, 884
1296, 94, 581
1297, 37, 651
1298, 113, 602
1299, 905, 931
1300, 143, 844
1301, 692, 716
1302, 98, 284
1303, 563, 843
1304, 14, 978
1305, 19, 828
1306, 257, 779
1307, 726, 995
1308, 454, 907
1309, 191, 524
1310, 340, 368
1311, 146, 576
1312, 266, 400
1313, 682, 792
1314, 317, 406
1315, 166, 488
1316, 118, 552
1317, 245, 742
1318, 369, 703
1319, 357, 875
1320, 520, 898
1321, 222, 274
1322, 7, 910
1323, 16, 153
1324, 966, 997
1325, 669, 702
1326, 694, 756
1327, 44, 268
1328, 323, 557
1329, 747, 757
1330, 157, 540
1331, 272, 960
1332, 286, 914
1333, 77, 233
1334, 429, 670
1335, 206, 998
1336, 196, 938
1337, 491, 949
1338, 516, 979
1339, 31, 255
1340, 309, 661
1341, 403, 928
1342, 199, 504
1343, 897, 904
1344, 102, 512
1345, 135, 855
1346, 1, 585
1347, 34, 89
1348, 249, 476
1349, 498, 706
1350, 126, 484
1351, 299, 722
1352, 184, 569
1353, 867, 886
1354, 289, 976
1355, 528, 946
1356, 8, 566
1357, 464, 641
1358, 718, 761
1359, 389, 431
1360, 699, 701
1361, 162, 194
1362, 366, 872
1363, 183, 461
1364, 371, 567
1365, 644, 992
1366, 220, 247
1367, 18, 987
1368, 111, 608
1369, 393, 861
1370, 208, 326
1371, 242, 248
1372, 2, 263
1373, 172, 470
1374, 132, 456
1375, 227, 989
1376, 397, 695
1377, 167, 626
1378, 606, 811
1379, 42, 335
1380, 580, 749
1381, 110, 261
1382, 332, 947
1383, 545, 802
1384, 258, 421
1385, 530, 918
1386, 21, 823
1387, 558, 700
1388, 405, 868
1389, 226, 364
1390, 631, 677
1391, 428, 621
1392, 646, 906
1393, 151, 863
1394, 293, 445
1395, 634, 739
1396, 459, 511
1397, 316, 860
1398, 395, 975
1399, 123, 197
1400, 325, 359
1401, 330, 351
1402, 402, 648
1403, 501, 617
1404, 88, 596
1405, 298, 375
1406, 358, 798
1407, 4, 531
1408, 466, 577
1409, 786, 870
1410, 30, 615
1411, 59, 554
1412, 419, 790
1413, 460, 468
1414, 296, 708
1415, 370, 547
1416, 628, 789
1417, 3, 691
1418, 407, 449
1419, 11, 899
1420, 159, 271
1421, 398, 601
1422, 380, 481
1423, 282, 753
1424, 315, 320
1425, 437, 452
1426, 736, 751
1427, 50, 500
1428, 205, 328
1429, 819, 911
1430, 198, 909
1431, 66, 584
1432, 109, 640
1433, 478, 836
1434, 187, 401
1435, 189, 919
1436, 176, 600
1437, 154, 533
1438, 633, 878
1439, 458, 485
1440, 378, 471
1441, 62, 803
1442, 578, 697
1443, 630, 654
1444, 273, 696
1445, 394, 842
1446, 212, 239
1447, 131, 260
1448, 564, 879
1449, 15, 923
1450, 381, 826
1451, 505, 760
1452, 134, 920
1453, 851, 944
1454, 6, 591
1455, 806, 926
1456, 572, 743
1457, 343, 681
1458, 49, 613
1459, 337, 901
1460, 225, 764
1461, 367, 686
1462, 345, 940
1463, 441, 659
1464, 72, 943
1465, 622, 958
1466, 61, 279
1467, 319, 821
1468, 152, 902
1469, 119, 994
1470, 448, 750
1471, 203, 908
1472, 193, 333
1473, 355, 999
1474, 195, 982
1475, 156, 180
1476, 232, 673
1477, 145, 331
1478, 386, 830
1479, 467, 509
1480, 256, 415
1481, 5, 124
1482, 86, 832
1483, 46, 783
1484, 275, 543
1485, 36, 956
1486, 542, 936
1487, 383, 492
1488, 173, 737
1489, 451, 825
1490, 230, 658
1491, 95, 603
1492, 40, 955
1493, 267, 791
1494, 28, 480
1495, 202, 329
1496, 246, 858
1497, 100, 356
1498, 373, 941
1499, 291, 382
1500, 305, 462
1501, 92, 230
1502, 52, 490
1503, 488, 509
1504, 729, 743
1505, 153, 162
1506, 318, 769
1507, 216, 253
1508, 322, 663
1509, 680, 886
1510, 147, 888
1511, 417, 925
1512, 360, 538
1513, 331, 369
1514, 903, 943
1515, 373, 754
1516, 183, 282
1517, 323, 802
1518, 655, 714
1519, 457, 967
1520, 49, 583
1521, 361, 803
1522, 9, 235
1523, 231, 919
1524, 186, 261
1525, 329, 774
1526, 431, 837
1527, 40, 127
1528, 140, 701
1529, 165, 185
1530, 143, 435
1531, 277, 409
1532, 662, 882
1533, 806, 931
1534, 182, 496
1535, 125, 407
1536, 491, 885
1537, 5, 891
1538, 37, 975
1539, 467, 726
1540, 6, 998
1541, 200, 319
1542, 370, 949
1543, 436, 730
1544, 129, 937
1545, 636, 728
1546, 458, 562
1547, 770, 778
1548, 176, 939
1549, 692, 934
1550, 599, 942
1551, 54, 788
1552, 60, 715
1553, 18, 245
1554, 503, 567
1555, 8, 225
1556, 273, 953
1557, 232, 255
1558, 596, 908
1559, 315, 863
1560, 265, 454
1561, 734, 864
1562, 16, 695
1563, 432, 504
1564, 19, 578
1565, 193, 999
1566, 72, 747
1567, 357, 757
1568, 684, 739
1569, 473, 765
1570, 82, 572
1571, 711, 862
1572, 969, 983
1573, 325, 808
1574, 350, 948
1575, 73, 574
1576, 77, 303
1577, 593, 681
1578, 276, 551
1579, 418, 959
1580, 400, 653
1581, 168, 272
1582, 380, 584
1583, 339, 732
1584, 372, 823
1585, 486, 887
1586, 99, 772
1587, 359, 973
1588, 822, 981
1589, 213, 405
1590, 264, 900
1591, 228, 274
1592, 30, 88
1593, 363, 945
1594, 285, 547
1595, 256, 830
1596, 475, 605
1597, 10, 167
1598, 444, 654
1599, 451, 464
1600, 537, 592
1601, 55, 804
1602, 353, 921
1603, 192, 877
1604, 613, 724
1605, 108, 782
1606, 56, 344
1607, 294, 759
1608, 152, 364
1609, 758, 856
1610, 23, 157
1611, 392, 789
1612, 75, 101
1613, 240, 600
1614, 139, 450
1615, 598, 960
1616, 396, 971
1617, 500, 571
1618, 513, 834
1619, 156, 647
1620, 39, 565
1621, 173, 438
1622, 929, 994
1623, 624, 997
1624, 252, 699
1625, 619, 918
1626, 123, 744
1627, 33, 872
1628, 483, 852
1629, 3, 311
1630, 85, 377
1631, 611, 786
1632, 406, 898
1633, 299, 634
1634, 685, 954
1635, 386, 401
1636, 29, 795
1637, 495, 976
1638, 233, 462
1639, 258, 414
1640, 413, 471
1641, 87, 249
1642, 22, 848
1643, 145, 815
1644, 448, 587
1645, 205, 412
1646, 639, 723
1647, 136, 622
1648, 46, 280
1649, 447, 865
1650, 141, 746
1651, 367, 597
1652, 568, 841
1653, 57, 521
1654, 343, 472
1655, 553, 821
1656, 102, 660
1657, 268, 651
1658, 494, 850
1659, 189, 720
1660, 673, 963
1661, 188, 817
1662, 324, 987
1663, 194, 202
1664, 404, 671
1665, 870, 923
1666, 484, 914
1667, 333, 346
1668, 741, 946
1669, 170, 950
1670, 124, 267
1671, 313, 966
1672, 80, 116
1673, 419, 527
1674, 656, 819
1675, 476, 664
1676, 962, 974
1677, 132, 628
1678, 606, 735
1679, 411, 456
1680, 195, 643
1681, 155, 371
1682, 704, 890
1683, 446, 477
1684, 403, 609
1685, 211, 348
1686, 376, 387
1687, 489, 533
1688, 113, 423
1689, 657, 940
1690, 306, 706
1691, 262, 785
1692, 427, 516
1693, 328, 442
1694, 478, 708
1695, 181, 320
1696, 307, 482
1697, 150, 453
1698, 138, 561
1699, 532, 916
1700, 355, 766
1701, 128, 722
1702, 17, 930
1703, 707, 912
1704, 430, 603
1705, 7, 637
1706, 86, 555
1707, 668, 829
1708, 642, 783
1709, 137, 389
1710, 284, 612
1711, 383, 497
1712, 337, 384
1713, 190, 979
1714, 114, 811
1715, 21, 812
1716, 607, 970
1717, 97, 716
1718, 849, 860
1719, 144, 354
1720, 217, 700
1721, 292, 390
1722, 287, 957
1723, 196, 982
1724, 74, 133
1725, 385, 906
1726, 121, 191
1727, 790, 904
1728, 204, 239
1729, 544, 582
1730, 226, 543
1731, 47, 146
1732, 286, 426
1733, 169, 796
1734, 210, 672
1735, 334, 570
1736, 42, 443
1737, 362, 764
1738, 208, 879
1739, 243, 546
1740, 95, 579
1741, 246, 679
1742, 234, 340
1743, 90, 550
1744, 591, 861
1745, 69, 956
1746, 250, 399
1747, 178, 669
1748, 275, 868
1749, 115, 209
1750, 840, 855
1751, 827, 857
1752, 76, 650
1753, 27, 926
1754, 463, 752
1755, 278, 760
1756, 455, 881
1757, 617, 674
1758, 750, 777
1759, 44, 312
1760, 398, 809
1761, 309, 433
1762, 118, 721
1763, 283, 298
1764, 620, 843
1765, 53, 358
1766, 171, 794
1767, 93, 767
1768, 424, 689
1769, 717, 968
1770, 66, 142
1771, 719, 936
1772, 14, 241
1773, 725, 927
1774, 621, 935
1775, 563, 588
1776, 381, 492
1777, 505, 698
1778, 330, 683
1779, 429, 541
1780, 341, 928
1781, 327, 439
1782, 902, 964
1783, 248, 632
1784, 148, 748
1785, 379, 784
1786, 35, 100
1787, 12, 297
1788, 525, 909
1789, 712, 731
1790, 218, 487
1791, 393, 595
1792, 762, 871
1793, 374, 797
1794, 1, 773
1795, 120, 845
1796, 174, 522
1797, 4, 688
1798, 755, 905
1799, 415, 801
1800, 214, 610
1801, 665, 718
1802, 106, 536
1803, 96, 894
1804, 257, 296
1805, 502, 844
1806, 452, 631
1807, 498, 847
1808, 771, 920
1809, 172, 554
1810, 36, 564
1811, 159, 820
1812, 203, 601
1813, 31, 590
1814, 460, 576
1815, 201, 445
1816, 944, 965
1817, 244, 991
1818, 83, 326
1819, 270, 751
1820, 70, 98
1821, 45, 659
1822, 302, 901
1823, 164, 558
1824, 160, 993
1825, 776, 826
1826, 59, 780
1827, 126, 892
1828, 67, 242
1829, 627, 756
1830, 263, 641
1831, 351, 869
1832, 402, 933
1833, 107, 295
1834, 219, 408
1835, 288, 499
1836, 614, 670
1837, 68, 867
1838, 508, 552
1839, 524, 658
1840, 175, 913
1841, 573, 638
1842, 388, 972
1843, 310, 989
1844, 738, 832
1845, 119, 737
1846, 932, 988
1847, 517, 702
1848, 11, 824
1849, 556, 899
1850, 539, 586
1851, 645, 649
1852, 474, 835
1853, 163, 179
1854, 26, 166
1855, 20, 800
1856, 955, 992
1857, 895, 922
1858, 694, 1000
1859, 223, 507
1860, 459, 540
1861, 184, 254
1862, 514, 581
1863, 269, 608
1864, 420, 753
1865, 158, 697
1866, 229, 238
1867, 640, 859
1868, 338, 915
1869, 79, 531
1870, 828, 984
1871, 787, 858
1872, 84, 629
1873, 317, 515
1874, 111, 542
1875, 534, 686
1876, 63, 842
1877, 314, 958
1878, 43, 470
1879, 366, 775
1880, 347, 589
1881, 441, 990
1882, 342, 793
1883, 616, 740
1884, 151, 604
1885, 247, 742
1886, 71, 618
1887, 878, 883
1888, 690, 696
1889, 585, 644
1890, 91, 135
1891, 149, 831
1892, 187, 791
1893, 506, 839
1894, 745, 813
1895, 34, 693
1896, 428, 838
1897, 352, 422
1898, 15, 836
1899, 528, 924
1900, 41, 260
1901, 332, 434
1902, 666, 846
1903, 382, 986
1904, 109, 519
1905, 512, 577
1906, 635, 661
1907, 308, 485
1908, 468, 851
1909, 518, 535
1910, 421, 727
1911, 391, 818
1912, 81, 180
1913, 461, 703
1914, 199, 237
1915, 365, 874
1916, 28, 479
1917, 215, 615
1918, 646, 710
1919, 134, 833
1920, 206, 709
1921, 336, 410
1922, 529, 633
1923, 62, 648
1924, 94, 602
1925, 198, 266
1926, 301, 678
1927, 154, 889
1928, 437, 977
1929, 378, 947
1930, 117, 911
1931, 466, 816
1932, 24, 896
1933, 807, 814
1934, 569, 749
1935, 580, 677
1936, 481, 523
1937, 416, 961
1938, 289, 792
1939, 375, 910
1940, 440, 876
1941, 48, 290
1942, 480, 985
1943, 545, 907
1944, 122, 548
1945, 291, 736
1946, 197, 293
1947, 397, 469
1948, 594, 980
1949, 625, 763
1950, 566, 799
1951, 13, 761
1952, 89, 682
1953, 212, 530
1954, 207, 805
1955, 38, 549
1956, 300, 675
1957, 493, 687
1958, 50, 511
1959, 131, 893
1960, 305, 335
1961, 64, 557
1962, 560, 854
1963, 853, 951
1964, 691, 705
1965, 25, 251
1966, 32, 259
1967, 103, 978
1968, 271, 779
1969, 281, 866
1970, 110, 221
1971, 222, 733
1972, 559, 880
1973, 227, 768
1974, 161, 626
1975, 78, 224
1976, 798, 952
1977, 177, 520
1978, 575, 652
1979, 279, 623
1980, 51, 996
1981, 130, 810
1982, 449, 676
1983, 236, 781
1984, 220, 938
1985, 112, 917
1986, 61, 667
1987, 395, 526
1988, 394, 425
1989, 104, 304
1990, 501, 875
1991, 321, 873
1992, 105, 630
1993, 2, 349
1994, 510, 995
1995, 58, 884
1996, 316, 465
1997, 825, 897
1998, 345, 941
1999, 65, 368
2000, 356, 713
2001, 13, 755
2002, 252, 395
2003, 440, 912
2004, 45, 747
2005, 204, 823
2006, 248, 394
2007, 766, 805
2008, 20, 645
2009, 391, 560
2010, 305, 644
2011, 128, 803
2012, 136, 308
2013, 126, 228
2014, 10, 873
2015, 374, 587
2016, 74, 122
2017, 350, 1000
2018, 319, 971
2019, 463, 908
2020, 328, 664
2021, 129, 236
2022, 562, 705
2023, 337, 764
2024, 168, 276
2025, 465, 742
2026, 93, 585
2027, 364, 686
2028, 283, 610
2029, 113, 977
2030, 100, 436
2031, 279, 765
2032, 869, 959
2033, 2, 784
2034, 178, 340
2035, 59, 849
2036, 847, 851
2037, 831, 946
2038, 164, 680
2039, 163, 566
2040, 44, 828
2041, 532, 770
2042, 887, 925
2043, 231, 915
2044, 837, 937
2045, 31, 961
2046, 277, 638
2047, 103, 624
2048, 138, 881
2049, 76, 523
2050, 438, 894
2051, 189, 729
2052, 4, 289
2053, 427, 618
2054, 612, 630
2055, 239, 813
2056, 200, 331
2057, 28, 950
2058, 502, 758
2059, 221, 545
2060, 315, 694
2061, 534, 731
2062, 656, 877
2063, 225, 793
2064, 237, 422
2065, 15, 927
2066, 809, 984
2067, 290, 358
2068, 375, 741
2069, 582, 658
2070, 504, 900
2071, 457, 517
2072, 247, 426
2073, 215, 923
2074, 107, 867
2075, 214, 826
2076, 901, 969
2077, 155, 940
2078, 70, 411
2079, 325, 880
2080, 355, 535
2081, 476, 619
2082, 260, 493
2083, 9, 997
2084, 775, 779
2085, 461, 835
2086, 589, 682
2087, 861, 990
2088, 80, 537
2089, 789, 868
2090, 519, 632
2091, 35, 573
2092, 77, 140
2093, 795, 914
2094, 147, 714
2095, 298, 382
2096, 674, 818
2097, 471, 863
2098, 64, 919
2099, 683, 860
2100, 584, 669
2101, 667, 768
2102, 417, 652
2103, 621, 771
2104, 444, 698
2105, 205, 229
2106, 1, 780
2107, 313, 941
2108, 269, 918
2109, 180, 217
2110, 421, 626
2111, 804, 988
2112, 280, 882
2113, 101, 213
2114, 198, 614
2115, 53, 199
2116, 62, 452
2117, 642, 794
2118, 332, 565
2119, 195, 303
2120, 14, 832
2121, 740, 859
2122, 184, 602
2123, 433, 774
2124, 84, 891
2125, 209, 693
2126, 154, 281
2127, 577, 726
2128, 177, 938
2129, 878, 972
2130, 3, 646
2131, 796, 903
2132, 82, 393
2133, 51, 223
2134, 282, 477
2135, 362, 594
2136, 65, 299
2137, 43, 634
2138, 593, 757
2139, 57, 720
2140, 661, 913
2141, 557, 569
2142, 132, 904
2143, 186, 446
2144, 592, 955
2145, 142, 254
2146, 516, 815
2147, 304, 522
2148, 135, 481
2149, 29, 830
2150, 637, 721
2151, 69, 212
2152, 25, 486
2153, 232, 939
2154, 397, 963
2155, 320, 822
2156, 90, 840
2157, 245, 383
2158, 67, 161
2159, 267, 874
2160, 98, 514
2161, 508, 529
2162, 130, 174
2163, 333, 862
2164, 23, 430
2165, 91, 220
2166, 412, 635
2167, 782, 836
2168, 744, 865
2169, 700, 920
2170, 89, 692
2171, 445, 885
2172, 506, 579
2173, 786, 924
2174, 294, 872
2175, 507, 759
2176, 608, 707
2177, 256, 499
2178, 192, 541
2179, 116, 718
2180, 679, 750
2181, 437, 643
2182, 352, 473
2183, 233, 601
2184, 63, 528
2185, 947, 974
2186, 288, 956
2187, 728, 738
2188, 965, 968
2189, 367, 527
2190, 12, 748
2191, 293, 628
2192, 369, 617
2193, 402, 932
2194, 598, 931
2195, 99, 416
2196, 675, 954
2197, 137, 238
2198, 264, 719
2199, 134, 858
2200, 336, 655
2201, 306, 704
2202, 102, 378
2203, 210, 892
2204, 561, 736
2205, 361, 979
2206, 66, 992
2207, 349, 555
2208, 216, 993
2209, 544, 854
2210, 853, 985
2211, 60, 917
2212, 16, 802
2213, 104, 145
2214, 345, 945
2215, 503, 756
2216, 526, 567
2217, 588, 808
2218, 185, 429
2219, 61, 146
2220, 111, 651
2221, 660, 739
2222, 827, 911
2223, 439, 820
2224, 302, 685
2225, 410, 543
2226, 415, 754
2227, 460, 554
2228, 307, 615
2229, 272, 546
2230, 785, 907
2231, 467, 696
2232, 47, 418
2233, 321, 470
2234, 72, 141
2235, 409, 846
2236, 7, 400
2237, 574, 967
2238, 291, 797
2239, 21, 266
2240, 49, 500
2241, 801, 875
2242, 751, 814
2243, 79, 323
2244, 265, 401
2245, 34, 943
2246, 833, 933
2247, 479, 829
2248, 152, 948
2249, 153, 456
2250, 119, 365
2251, 524, 936
2252, 492, 657
2253, 441, 520
2254, 71, 376
2255, 964, 976
2256, 179, 816
2257, 127, 807
2258, 193, 650
2259, 26, 606
2260, 78, 599
2261, 117, 196
2262, 73, 966
2263, 194, 951
2264, 271, 511
2265, 406, 423
2266, 86, 978
2267, 182, 841
2268, 717, 762
2269, 666, 687
2270, 203, 219
2271, 6, 88
2272, 671, 921
2273, 249, 611
2274, 338, 434
2275, 344, 623
2276, 538, 743
2277, 150, 708
2278, 172, 761
2279, 41, 995
2280, 143, 763
2281, 242, 734
2282, 139, 910
2283, 106, 491
2284, 285, 580
2285, 19, 839
2286, 636, 935
2287, 403, 701
2288, 380, 570
2289, 366, 662
2290, 420, 884
2291, 583, 987
2292, 334, 512
2293, 55, 769
2294, 295, 496
2295, 197, 586
2296, 346, 953
2297, 347, 454
2298, 379, 689
2299, 115, 790
2300, 27, 485
2301, 38, 552
2302, 348, 515
2303, 187, 596
2304, 300, 385
2305, 191, 590
2306, 296, 678
2307, 110, 284
2308, 157, 688
2309, 581, 725
2310, 787, 957
2311, 255, 549
2312, 640, 928
2313, 112, 190
2314, 723, 842
2315, 373, 991
2316, 341, 603
2317, 125, 389
2318, 556, 730
2319, 559, 613
2320, 384, 732
2321, 297, 673
2322, 50, 916
2323, 370, 672
2324, 343, 575
2325, 5, 448
2326, 87, 208
2327, 480, 871
2328, 40, 811
2329, 167, 629
2330, 85, 484
2331, 540, 798
2332, 121, 681
2333, 159, 895
2334, 960, 999
2335, 888, 896
2336, 273, 425
2337, 363, 949
2338, 97, 356
2339, 144, 866
2340, 241, 663
2341, 36, 539
2342, 46, 268
2343, 716, 981
2344, 68, 697
2345, 52, 886
2346, 398, 451
2347, 262, 952
2348, 622, 889
2349, 58, 118
2350, 464, 733
2351, 83, 530
2352, 388, 631
2353, 469, 709
2354, 114, 330
2355, 821, 824
2356, 92, 314
2357, 261, 413
2358, 788, 909
2359, 149, 647
2360, 392, 474
2361, 292, 668
2362, 550, 745
2363, 564, 571
2364, 173, 778
2365, 536, 653
2366, 531, 864
2367, 94, 251
2368, 8, 371
2369, 353, 706
2370, 633, 702
2371, 360, 994
2372, 188, 572
2373, 158, 870
2374, 342, 553
2375, 883, 930
2376, 676, 781
2377, 183, 274
2378, 449, 518
2379, 459, 595
2380, 639, 699
2381, 160, 207
2382, 131, 649
2383, 677, 848
2384, 468, 973
2385, 33, 202
2386, 428, 998
2387, 609, 844
2388, 18, 105
2389, 408, 627
2390, 310, 390
2391, 600, 843
2392, 11, 171
2393, 48, 211
2394, 648, 767
2395, 876, 899
2396, 497, 551
2397, 533, 695
2398, 665, 983
2399, 42, 405
2400, 753, 819
2401, 96, 244
2402, 354, 922
2403, 37, 495
2404, 181, 234
2405, 568, 620
2406, 270, 890
2407, 148, 715
2408, 713, 752
2409, 432, 727
2410, 466, 926
2411, 56, 359
2412, 893, 942
2413, 521, 722
2414, 335, 825
2415, 133, 605
2416, 275, 505
2417, 710, 898
2418, 169, 312
2419, 494, 783
2420, 372, 690
2421, 201, 443
2422, 22, 934
2423, 792, 817
2424, 235, 989
2425, 482, 576
2426, 75, 509
2427, 120, 263
2428, 462, 970
2429, 108, 641
2430, 431, 806
2431, 243, 980
2432, 17, 39
2433, 772, 850
2434, 455, 513
2435, 399, 498
2436, 368, 958
2437, 253, 607
2438, 616, 810
2439, 329, 447
2440, 501, 838
2441, 510, 855
2442, 309, 760
2443, 218, 404
2444, 483, 597
2445, 737, 962
2446, 224, 563
2447, 175, 982
2448, 151, 442
2449, 311, 654
2450, 317, 776
2451, 387, 812
2452, 712, 800
2453, 357, 879
2454, 24, 377
2455, 318, 791
2456, 424, 548
2457, 458, 902
2458, 711, 944
2459, 419, 578
2460, 326, 407
2461, 162, 258
2462, 54, 659
2463, 30, 490
2464, 227, 322
2465, 32, 525
2466, 230, 929
2467, 435, 475
2468, 339, 996
2469, 487, 749
2470, 176, 386
2471, 724, 905
2472, 396, 975
2473, 542, 799
2474, 156, 301
2475, 124, 856
2476, 777, 897
2477, 246, 691
2478, 287, 327
2479, 259, 857
2480, 316, 558
2481, 226, 453
2482, 488, 670
2483, 170, 222
2484, 324, 450
2485, 414, 684
2486, 240, 351
2487, 472, 735
2488, 95, 123
2489, 206, 278
2490, 250, 703
2491, 257, 547
2492, 166, 746
2493, 286, 591
2494, 604, 906
2495, 625, 834
2496, 109, 165
2497, 478, 773
2498, 81, 986
2499, 489, 852
2500, 381, 845
2501, 13, 325
2502, 519, 809
2503, 7, 102
2504, 608, 704
2505, 331, 666
2506, 90, 440
2507, 358, 894
2508, 218, 405
2509, 870, 982
2510, 236, 388
2511, 718, 842
2512, 501, 557
2513, 16, 803
2514, 59, 437
2515, 713, 801
2516, 864, 988
2517, 560, 919
2518, 403, 839
2519, 670, 731
2520, 240, 790
2521, 123, 753
2522, 198, 496
2523, 219, 960
2524, 201, 285
2525, 140, 305
2526, 329, 430
2527, 125, 791
2528, 332, 776
2529, 330, 594
2530, 115, 452
2531, 366, 952
2532, 434, 629
2533, 71, 98
2534, 157, 464
2535, 628, 775
2536, 772, 918
2537, 631, 700
2538, 570, 578
2539, 204, 278
2540, 439, 855
2541, 749, 872
2542, 234, 433
2543, 284, 805
2544, 324, 526
2545, 248, 347
2546, 88, 662
2547, 237, 898
2548, 442, 903
2549, 56, 868
2550, 807, 858
2551, 559, 796
2552, 319, 733
2553, 415, 843
2554, 845, 956
2555, 213, 459
2556, 303, 913
2557, 797, 873
2558, 280, 916
2559, 216, 320
2560, 242, 642
2561, 744, 813
2562, 483, 931
2563, 113, 763
2564, 761, 990
2565, 257, 800
2566, 105, 132
2567, 42, 575
2568, 192, 664
2569, 507, 906
2570, 80, 539
2571, 91, 833
2572, 182, 209
2573, 269, 740
2574, 167, 723
2575, 52, 875
2576, 156, 461
2577, 260, 622
2578, 732, 798
2579, 107, 421
2580, 23, 326
2581, 774, 888
2582, 69, 883
2583, 299, 586
2584, 449, 636
2585, 802, 819
2586, 150, 967
2587, 457, 696
2588, 438, 543
2589, 163, 991
2590, 456, 475
2591, 392, 617
2592, 14, 657
2593, 120, 538
2594, 57, 914
2595, 298, 390
2596, 22, 644
2597, 174, 371
2598, 152, 432
2599, 61, 258
2600, 49, 410
2601, 397, 909
2602, 287, 720
2603, 134, 709
2604, 436, 857
2605, 15, 829
2606, 486, 693
2607, 181, 736
2608, 251, 373
2609, 254, 738
2610, 711, 821
2611, 44, 997
2612, 391, 975
2613, 400, 407
2614, 164, 660
2615, 336, 901
2616, 41, 341
2617, 444, 973
2618, 214, 353
2619, 574, 606
2620, 348, 705
2621, 879, 932
2622, 889, 927
2623, 86, 950
2624, 283, 680
2625, 133, 863
2626, 60, 750
2627, 966, 978
2628, 161, 669
2629, 183, 861
2630, 92, 406
2631, 255, 384
2632, 130, 522
2633, 469, 655
2634, 129, 804
2635, 443, 482
2636, 281, 832
2637, 67, 528
2638, 448, 984
2639, 34, 505
2640, 26, 533
2641, 635, 953
2642, 127, 656
2643, 63, 197
2644, 245, 513
2645, 312, 651
2646, 179, 552
2647, 292, 912
2648, 82, 824
2649, 422, 951
2650, 178, 979
2651, 202, 488
2652, 261, 957
2653, 561, 640
2654, 385, 818
2655, 887, 923
2656, 225, 315
2657, 423, 465
2658, 337, 769
2659, 333, 462
2660, 99, 904
2661, 363, 498
2662, 84, 100
2663, 447, 626
2664, 396, 905
2665, 191, 716
2666, 47, 94
2667, 40, 479
2668, 17, 112
2669, 411, 424
2670, 487, 510
2671, 194, 820
2672, 545, 607
2673, 741, 742
2674, 647, 899
2675, 515, 934
2676, 339, 503
2677, 24, 485
2678, 97, 612
2679, 364, 788
2680, 321, 365
2681, 87, 282
2682, 334, 573
2683, 893, 896
2684, 350, 895
2685, 232, 892
2686, 58, 550
2687, 135, 799
2688, 189, 516
2689, 262, 840
2690, 64, 171
2691, 328, 345
2692, 592, 826
2693, 668, 959
2694, 223, 674
2695, 789, 814
2696, 520, 697
2697, 825, 961
2698, 816, 928
2699, 146, 602
2700, 70, 196
2701, 377, 987
2702, 466, 992
2703, 478, 948
2704, 564, 632
2705, 206, 224
2706, 450, 620
2707, 471, 885
2708, 106, 227
2709, 838, 924
2710, 308, 495
2711, 355, 926
2712, 144, 200
2713, 297, 551
2714, 39, 837
2715, 2, 836
2716, 300, 971
2717, 118, 266
2718, 499, 595
2719, 151, 638
2720, 85, 572
2721, 414, 794
2722, 45, 757
2723, 231, 846
2724, 66, 534
2725, 249, 489
2726, 605, 768
2727, 379, 446
2728, 431, 908
2729, 497, 983
2730, 404, 553
2731, 568, 598
2732, 203, 970
2733, 783, 976
2734, 856, 968
2735, 747, 815
2736, 579, 831
2737, 518, 882
2738, 5, 502
2739, 653, 688
2740, 221, 614
2741, 473, 609
2742, 72, 259
2743, 267, 500
2744, 141, 591
2745, 239, 743
2746, 229, 880
2747, 145, 195
2748, 613, 681
2749, 104, 567
2750, 565, 943
2751, 335, 684
2752, 293, 588
2753, 50, 621
2754, 165, 417
2755, 149, 511
2756, 230, 460
2757, 79, 327
2758, 73, 268
2759, 583, 603
2760, 244, 691
2761, 54, 351
2762, 707, 874
2763, 159, 728
2764, 103, 634
2765, 176, 288
2766, 596, 752
2767, 124, 773
2768, 313, 419
2769, 270, 307
2770, 55, 673
2771, 62, 540
2772, 295, 619
2773, 32, 940
2774, 81, 378
2775, 235, 360
2776, 65, 554
2777, 228, 597
2778, 12, 724
2779, 963, 964
2780, 477, 862
2781, 357, 703
2782, 527, 886
2783, 10, 122
2784, 453, 706
2785, 109, 381
2786, 180, 429
2787, 77, 581
2788, 222, 702
2789, 28, 562
2790, 3, 393
2791, 131, 418
2792, 136, 972
2793, 18, 717
2794, 779, 945
2795, 694, 719
2796, 210, 310
2797, 271, 382
2798, 677, 854
2799, 524, 758
2800, 306, 725
2801, 652, 1000
2802, 667, 941
2803, 9, 342
2804, 512, 781
2805, 199, 867
2806, 387, 600
2807, 823, 996
2808, 11, 128
2809, 317, 946
2810, 630, 977
2811, 367, 472
2812, 51, 413
2813, 563, 835
2814, 6, 275
2815, 89, 247
2816, 625, 722
2817, 492, 767
2818, 376, 780
2819, 291, 549
2820, 412, 601
2821, 395, 585
2822, 212, 467
2823, 220, 276
2824, 812, 936
2825, 891, 939
2826, 265, 841
2827, 593, 633
2828, 322, 683
2829, 428, 994
2830, 273, 420
2831, 256, 590
2832, 111, 770
2833, 754, 811
2834, 416, 544
2835, 746, 859
2836, 529, 989
2837, 172, 279
2838, 36, 493
2839, 263, 985
2840, 361, 547
2841, 458, 890
2842, 546, 726
2843, 368, 531
2844, 20, 158
2845, 402, 589
2846, 8, 947
2847, 616, 671
2848, 569, 751
2849, 580, 645
2850, 571, 806
2851, 641, 944
2852, 354, 566
2853, 250, 942
2854, 46, 604
2855, 372, 576
2856, 425, 521
2857, 296, 555
2858, 338, 778
2859, 508, 714
2860, 311, 998
2861, 672, 937
2862, 678, 766
2863, 30, 685
2864, 463, 525
2865, 162, 965
2866, 217, 675
2867, 143, 375
2868, 286, 810
2869, 910, 921
2870, 506, 745
2871, 409, 587
2872, 817, 866
2873, 535, 786
2874, 302, 445
2875, 517, 682
2876, 207, 238
2877, 599, 999
2878, 537, 785
2879, 35, 649
2880, 53, 877
2881, 233, 369
2882, 1, 584
2883, 253, 851
2884, 121, 659
2885, 309, 480
2886, 530, 689
2887, 878, 949
2888, 177, 294
2889, 93, 304
2890, 323, 374
2891, 394, 762
2892, 739, 954
2893, 344, 661
2894, 264, 408
2895, 31, 687
2896, 764, 981
2897, 541, 782
2898, 116, 920
2899, 401, 476
2900, 830, 869
2901, 108, 648
2902, 639, 708
2903, 193, 917
2904, 765, 884
2905, 715, 748
2906, 153, 340
2907, 37, 897
2908, 29, 650
2909, 252, 721
2910, 246, 777
2911, 582, 698
2912, 211, 637
2913, 643, 695
2914, 142, 900
2915, 173, 494
2916, 43, 398
2917, 33, 624
2918, 137, 729
2919, 676, 847
2920, 532, 795
2921, 190, 618
2922, 21, 737
2923, 148, 735
2924, 139, 730
2925, 577, 958
2926, 490, 690
2927, 226, 470
2928, 504, 938
2929, 426, 514
2930, 96, 962
2931, 274, 792
2932, 187, 646
2933, 38, 980
2934, 848, 955
2935, 318, 509
2936, 922, 935
2937, 468, 969
2938, 277, 915
2939, 699, 860
2940, 441, 558
2941, 241, 399
2942, 169, 755
2943, 27, 76
2944, 623, 793
2945, 654, 852
2946, 435, 929
2947, 865, 930
2948, 186, 881
2949, 556, 663
2950, 481, 986
2951, 272, 853
2952, 383, 386
2953, 208, 658
2954, 68, 925
2955, 154, 427
2956, 170, 876
2957, 185, 787
2958, 316, 784
2959, 168, 175
2960, 692, 849
2961, 665, 902
2962, 48, 314
2963, 147, 712
2964, 771, 974
2965, 25, 155
2966, 290, 352
2967, 370, 627
2968, 184, 610
2969, 611, 827
2970, 289, 455
2971, 911, 995
2972, 117, 160
2973, 205, 349
2974, 78, 548
2975, 615, 701
2976, 359, 727
2977, 4, 523
2978, 346, 933
2979, 126, 301
2980, 74, 343
2981, 686, 734
2982, 138, 828
2983, 362, 822
2984, 380, 844
2985, 491, 710
2986, 19, 114
2987, 75, 356
2988, 454, 850
2989, 119, 760
2990, 188, 993
2991, 215, 808
2992, 474, 907
2993, 243, 759
2994, 536, 679
2995, 834, 871
2996, 166, 484
2997, 101, 110
2998, 451, 542
2999, 83, 756
3000, 95, 389
3001, 26, 291
3002, 452, 543
3003, 434, 446
3004, 544, 607
3005, 782, 896
3006, 396, 498
3007, 330, 771
3008, 170, 758
3009, 680, 873
3010, 647, 686
3011, 243, 722
3012, 173, 527
3013, 64, 879
3014, 127, 655
3015, 150, 822
3016, 149, 316
3017, 153, 975
3018, 341, 692
3019, 154, 555
3020, 696, 708
3021, 702, 846
3022, 95, 986
3023, 426, 954
3024, 90, 401
3025, 779, 951
3026, 22, 223
3027, 510, 871
3028, 98, 963
3029, 288, 836
3030, 519, 653
3031, 571, 818
3032, 590, 604
3033, 719, 924
3034, 532, 619
3035, 491, 795
3036, 431, 656
3037, 541, 828
3038, 55, 404
3039, 259, 574
3040, 18, 910
3041, 393, 533
3042, 138, 865
3043, 105, 621
3044, 71, 101
3045, 388, 540
3046, 629, 661
3047, 322, 585
3048, 699, 733
3049, 285, 700
3050, 128, 230
3051, 94, 594
3052, 465, 514
3053, 169, 636
3054, 503, 1000
3055, 456, 576
3056, 126, 797
3057, 92, 513
3058, 16, 857
3059, 302, 399
3060, 377, 751
3061, 535, 611
3062, 296, 515
3063, 415, 565
3064, 168, 981
3065, 311, 870
3066, 290, 817
3067, 628, 976
3068, 208, 929
3069, 75, 774
3070, 245, 884
3071, 614, 736
3072, 81, 229
3073, 251, 883
3074, 443, 687
3075, 475, 867
3076, 539, 783
3077, 300, 706
3078, 384, 526
3079, 260, 812
3080, 152, 313
3081, 422, 649
3082, 124, 227
3083, 754, 967
3084, 424, 472
3085, 474, 837
3086, 412, 562
3087, 166, 927
3088, 254, 286
3089, 9, 244
3090, 400, 444
3091, 221, 716
3092, 577, 894
3093, 617, 775
3094, 61, 654
3095, 160, 363
3096, 320, 772
3097, 449, 923
3098, 194, 720
3099, 242, 947
3100, 121, 263
3101, 724, 745
3102, 206, 557
3103, 357, 386
3104, 319, 907
3105, 380, 973
3106, 808, 948
3107, 235, 839
3108, 376, 407
3109, 133, 395
3110, 262, 819
3111, 4, 312
3112, 845, 848
3113, 937, 944
3114, 605, 889
3115, 903, 959
3116, 240, 344
3117, 151, 662
3118, 324, 926
3119, 597, 729
3120, 761, 789
3121, 678, 958
3122, 108, 549
3123, 226, 371
3124, 103, 417
3125, 143, 861
3126, 530, 705
3127, 232, 901
3128, 487, 545
3129, 353, 778
3130, 43, 159
3131, 282, 432
3132, 409, 663
3133, 673, 810
3134, 273, 671
3135, 615, 739
3136, 21, 270
3137, 267, 679
3138, 202, 920
3139, 440, 638
3140, 156, 768
3141, 155, 895
3142, 246, 940
3143, 20, 977
3144, 469, 494
3145, 464, 734
3146, 297, 321
3147, 523, 583
3148, 35, 416
3149, 333, 613
3150, 72, 269
3151, 106, 813
3152, 564, 793
3153, 197, 974
3154, 748, 826
3155, 338, 704
3156, 760, 844
3157, 29, 561
3158, 367, 569
3159, 234, 589
3160, 257, 381
3161, 351, 997
3162, 556, 637
3163, 217, 930
3164, 96, 756
3165, 625, 830
3166, 642, 866
3167, 28, 698
3168, 303, 405
3169, 665, 991
3170, 682, 854
3171, 11, 117
3172, 348, 603
3173, 73, 726
3174, 632, 838
3175, 93, 765
3176, 747, 763
3177, 7, 934
3178, 14, 216
3179, 559, 827
3180, 572, 645
3181, 89, 534
3182, 326, 945
3183, 112, 998
3184, 56, 181
3185, 369, 823
3186, 681, 711
3187, 657, 915
3188, 413, 669
3189, 601, 852
3190, 602, 932
3191, 448, 551
3192, 142, 496
3193, 209, 433
3194, 110, 752
3195, 87, 847
3196, 114, 342
3197, 776, 777
3198, 757, 928
3199, 804, 853
3200, 502, 640
3201, 331, 461
3202, 272, 304
3203, 712, 957
3204, 62, 849
3205, 410, 479
3206, 215, 904
3207, 39, 178
3208, 203, 294
3209, 129, 939
3210, 52, 683
3211, 164, 499
3212, 339, 630
3213, 210, 677
3214, 48, 397
3215, 213, 717
3216, 961, 988
3217, 165, 578
3218, 239, 266
3219, 484, 703
3220, 599, 952
3221, 447, 794
3222, 411, 762
3223, 34, 531
3224, 913, 953
3225, 463, 785
3226, 102, 466
3227, 356, 486
3228, 790, 858
3229, 42, 366
3230, 24, 811
3231, 283, 701
3232, 382, 788
3233, 295, 648
3234, 707, 723
3235, 764, 899
3236, 325, 985
3237, 308, 459
3238, 219, 318
3239, 305, 573
3240, 766, 992
3241, 781, 931
3242, 548, 730
3243, 505, 989
3244, 507, 731
3245, 37, 355
3246, 546, 905
3247, 378, 983
3248, 241, 675
3249, 224, 481
3250, 200, 547
3251, 1, 204
3252, 408, 968
3253, 41, 398
3254, 390, 506
3255, 176, 855
3256, 735, 821
3257, 13, 796
3258, 801, 885
3259, 140, 965
3260, 608, 906
3261, 314, 882
3262, 346, 831
3263, 275, 529
3264, 773, 978
3265, 600, 874
3266, 40, 429
3267, 626, 749
3268, 247, 334
3269, 279, 299
3270, 360, 815
3271, 374, 468
3272, 58, 115
3273, 516, 684
3274, 109, 379
3275, 264, 582
3276, 214, 517
3277, 91, 850
3278, 537, 909
3279, 122, 553
3280, 480, 769
3281, 256, 430
3282, 489, 740
3283, 107, 664
3284, 509, 512
3285, 85, 825
3286, 370, 490
3287, 82, 179
3288, 918, 925
3289, 237, 588
3290, 188, 591
3291, 32, 253
3292, 622, 829
3293, 373, 697
3294, 278, 403
3295, 157, 786
3296, 476, 966
3297, 187, 198
3298, 425, 872
3299, 420, 618
3300, 46, 301
3301, 182, 483
3302, 139, 205
3303, 627, 943
3304, 721, 840
3305, 79, 402
3306, 15, 83
3307, 144, 938
3308, 427, 750
3309, 23, 441
3310, 695, 743
3311, 231, 554
3312, 84, 195
3313, 365, 568
3314, 145, 841
3315, 137, 488
3316, 171, 587
3317, 201, 477
3318, 192, 252
3319, 495, 667
3320, 592, 713
3321, 280, 725
3322, 860, 960
3323, 428, 972
3324, 50, 222
3325, 104, 971
3326, 307, 612
3327, 364, 832
3328, 581, 659
3329, 74, 916
3330, 100, 458
3331, 340, 672
3332, 315, 888
3333, 406, 987
3334, 49, 886
3335, 471, 520
3336, 336, 455
3337, 310, 552
3338, 113, 633
3339, 249, 824
3340, 744, 887
3341, 135, 956
3342, 116, 676
3343, 30, 349
3344, 317, 445
3345, 51, 323
3346, 211, 936
3347, 45, 389
3348, 538, 746
3349, 868, 946
3350, 274, 435
3351, 558, 643
3352, 158, 271
3353, 190, 714
3354, 66, 596
3355, 453, 880
3356, 347, 579
3357, 88, 372
3358, 345, 593
3359, 327, 586
3360, 287, 979
3361, 97, 238
3362, 394, 893
3363, 120, 666
3364, 281, 898
3365, 524, 993
3366, 65, 835
3367, 80, 482
3368, 68, 332
3369, 220, 268
3370, 146, 892
3371, 191, 457
3372, 6, 438
3373, 361, 674
3374, 635, 955
3375, 741, 950
3376, 306, 917
3377, 876, 877
3378, 470, 560
3379, 125, 652
3380, 660, 864
3381, 162, 284
3382, 175, 767
3383, 473, 799
3384, 738, 933
3385, 233, 639
3386, 131, 820
3387, 383, 869
3388, 492, 990
3389, 798, 970
3390, 368, 856
3391, 276, 462
3392, 670, 787
3393, 8, 800
3394, 44, 902
3395, 358, 620
3396, 31, 982
3397, 610, 859
3398, 119, 833
3399, 518, 710
3400, 183, 522
3401, 76, 335
3402, 385, 478
3403, 392, 753
3404, 174, 737
3405, 575, 834
3406, 493, 803
3407, 228, 878
3408, 536, 816
3409, 454, 759
3410, 130, 436
3411, 136, 693
3412, 54, 148
3413, 650, 969
3414, 727, 809
3415, 207, 668
3416, 359, 891
3417, 658, 807
3418, 19, 38
3419, 328, 962
3420, 17, 631
3421, 185, 770
3422, 964, 996
3423, 623, 949
3424, 47, 442
3425, 293, 863
3426, 606, 728
3427, 3, 25
3428, 189, 566
3429, 132, 881
3430, 354, 521
3431, 352, 911
3432, 5, 994
3433, 172, 196
3434, 563, 890
3435, 63, 567
3436, 329, 421
3437, 646, 980
3438, 218, 688
3439, 27, 362
3440, 36, 806
3441, 33, 999
3442, 177, 689
3443, 118, 784
3444, 248, 467
3445, 609, 780
3446, 580, 624
3447, 180, 897
3448, 350, 791
3449, 77, 439
3450, 528, 908
3451, 258, 277
3452, 193, 265
3453, 598, 651
3454, 161, 292
3455, 690, 718
3456, 86, 616
3457, 163, 634
3458, 255, 644
3459, 842, 984
3460, 511, 595
3461, 59, 843
3462, 391, 641
3463, 525, 755
3464, 10, 732
3465, 742, 792
3466, 141, 167
3467, 337, 941
3468, 199, 451
3469, 70, 995
3470, 78, 935
3471, 418, 504
3472, 691, 862
3473, 2, 900
3474, 12, 921
3475, 423, 460
3476, 69, 309
3477, 225, 236
3478, 186, 912
3479, 134, 715
3480, 212, 914
3481, 414, 875
3482, 343, 387
3483, 53, 814
3484, 111, 709
3485, 437, 802
3486, 685, 922
3487, 60, 550
3488, 570, 805
3489, 184, 942
3490, 250, 501
3491, 375, 508
3492, 500, 919
3493, 67, 497
3494, 261, 694
3495, 57, 485
3496, 123, 298
3497, 99, 419
3498, 147, 542
3499, 289, 450
3500, 584, 851
3501, 86, 641
3502, 759, 782
3503, 199, 925
3504, 204, 647
3505, 330, 646
3506, 125, 751
3507, 191, 800
3508, 447, 997
3509, 2, 995
3510, 174, 211
3511, 343, 941
3512, 378, 545
3513, 31, 465
3514, 45, 946
3515, 185, 886
3516, 160, 495
3517, 263, 938
3518, 136, 386
3519, 437, 774
3520, 285, 496
3521, 361, 769
3522, 503, 665
3523, 275, 861
3524, 820, 873
3525, 18, 510
3526, 493, 715
3527, 71, 735
3528, 304, 854
3529, 479, 937
3530, 139, 348
3531, 331, 965
3532, 951, 983
3533, 153, 940
3534, 193, 425
3535, 91, 478
3536, 284, 881
3537, 40, 864
3538, 205, 399
3539, 221, 272
3540, 712, 930
3541, 114, 513
3542, 277, 384
3543, 457, 763
3544, 461, 788
3545, 350, 676
3546, 53, 547
3547, 433, 480
3548, 7, 476
3549, 213, 696
3550, 37, 235
3551, 39, 832
3552, 536, 887
3553, 785, 794
3554, 131, 840
3555, 90, 334
3556, 57, 605
3557, 402, 406
3558, 851, 947
3559, 609, 958
3560, 508, 610
3561, 623, 799
3562, 559, 675
3563, 253, 943
3564, 219, 894
3565, 500, 694
3566, 183, 913
3567, 49, 298
3568, 232, 341
3569, 401, 880
3570, 379, 659
3571, 467, 945
3572, 466, 839
3573, 52, 111
3574, 554, 637
3575, 180, 1000
3576, 700, 752
3577, 518, 651
3578, 585, 591
3579, 237, 748
3580, 734, 889
3581, 250, 844
3582, 757, 758
3583, 717, 838
3584, 450, 922
3585, 177, 187
3586, 603, 912
3587, 230, 420
3588, 556, 916
3589, 168, 413
3590, 13, 821
3591, 234, 415
3592, 555, 778
3593, 422, 741
3594, 487, 680
3595, 292, 629
3596, 244, 290
3597, 26, 867
3598, 140, 932
3599, 355, 543
3600, 318, 789
3601, 176, 639
3602, 209, 418
3603, 48, 316
3604, 718, 953
3605, 269, 490
3606, 208, 471
3607, 660, 730
3608, 4, 264
3609, 93, 831
3610, 626, 679
3611, 51, 594
3612, 634, 823
3613, 130, 959
3614, 698, 798
3615, 362, 816
3616, 246, 731
3617, 41, 233
3618, 116, 695
3619, 24, 683
3620, 78, 988
3621, 73, 855
3622, 228, 606
3623, 523, 970
3624, 190, 897
3625, 119, 584
3626, 517, 914
3627, 167, 195
3628, 231, 780
3629, 393, 921
3630, 365, 901
3631, 560, 720
3632, 241, 924
3633, 342, 825
3634, 105, 328
3635, 5, 853
3636, 368, 549
3637, 11, 806
3638, 421, 790
3639, 76, 783
3640, 395, 614
3641, 60, 206
3642, 305, 671
3643, 75, 540
3644, 274, 973
3645, 628, 797
3646, 438, 709
3647, 835, 918
3648, 432, 808
3649, 30, 979
3650, 315, 682
3651, 68, 841
3652, 44, 906
3653, 113, 587
3654, 302, 884
3655, 458, 775
3656, 404, 499
3657, 162, 392
3658, 293, 819
3659, 43, 164
3660, 64, 509
3661, 148, 776
3662, 101, 532
3663, 453, 846
3664, 960, 998
3665, 166, 299
3666, 254, 321
3667, 83, 279
3668, 266, 289
3669, 511, 612
3670, 186, 858
3671, 396, 706
3672, 538, 725
3673, 306, 359
3674, 483, 747
3675, 36, 360
3676, 964, 985
3677, 100, 282
3678, 72, 485
3679, 428, 870
3680, 470, 681
3681, 222, 300
3682, 719, 756
3683, 265, 369
3684, 764, 784
3685, 358, 492
3686, 323, 475
3687, 175, 993
3688, 664, 827
3689, 380, 836
3690, 363, 787
3691, 217, 564
3692, 632, 975
3693, 409, 767
3694, 829, 888
3695, 127, 663
3696, 14, 755
3697, 426, 512
3698, 405, 990
3699, 434, 817
3700, 271, 865
3701, 109, 830
3702, 218, 524
3703, 203, 929
3704, 42, 110
3705, 225, 322
3706, 28, 102
3707, 455, 727
3708, 50, 245
3709, 703, 871
3710, 661, 966
3711, 531, 927
3712, 693, 994
3713, 276, 599
3714, 197, 977
3715, 448, 452
3716, 537, 768
3717, 112, 313
3718, 325, 436
3719, 288, 567
3720, 303, 736
3721, 17, 811
3722, 576, 982
3723, 732, 805
3724, 163, 762
3725, 66, 909
3726, 35, 869
3727, 283, 548
3728, 29, 904
3729, 344, 779
3730, 82, 963
3731, 602, 685
3732, 15, 370
3733, 417, 590
3734, 134, 494
3735, 137, 294
3736, 207, 974
3737, 270, 613
3738, 69, 170
3739, 46, 980
3740, 337, 905
3741, 196, 212
3742, 70, 562
3743, 570, 589
3744, 486, 615
3745, 106, 818
3746, 210, 876
3747, 88, 962
3748, 324, 501
3749, 314, 435
3750, 749, 931
3751, 640, 750
3752, 598, 668
3753, 411, 911
3754, 260, 398
3755, 900, 972
3756, 16, 878
3757, 286, 574
3758, 147, 899
3759, 440, 848
3760, 672, 987
3761, 96, 375
3762, 371, 657
3763, 607, 891
3764, 388, 728
3765, 346, 743
3766, 92, 558
3767, 317, 377
3768, 126, 955
3769, 149, 872
3770, 544, 892
3771, 353, 372
3772, 407, 616
3773, 472, 541
3774, 297, 568
3775, 416, 525
3776, 158, 942
3777, 376, 498
3778, 98, 410
3779, 189, 631
3780, 151, 320
3781, 666, 765
3782, 181, 850
3783, 502, 862
3784, 520, 793
3785, 583, 595
3786, 19, 619
3787, 224, 649
3788, 121, 677
3789, 655, 978
3790, 295, 652
3791, 474, 521
3792, 464, 643
3793, 267, 366
3794, 528, 882
3795, 156, 463
3796, 54, 795
3797, 552, 842
3798, 636, 724
3799, 456, 898
3800, 63, 571
3801, 178, 356
3802, 58, 138
3803, 516, 919
3804, 335, 968
3805, 879, 961
3806, 310, 645
3807, 198, 588
3808, 526, 935
3809, 857, 950
3810, 691, 824
3811, 309, 522
3812, 333, 786
3813, 713, 923
3814, 408, 837
3815, 133, 689
3816, 85, 624
3817, 99, 157
3818, 627, 907
3819, 79, 273
3820, 895, 920
3821, 625, 984
3822, 385, 796
3823, 258, 389
3824, 686, 875
3825, 182, 354
3826, 154, 312
3827, 22, 707
3828, 20, 761
3829, 259, 822
3830, 236, 739
3831, 687, 737
3832, 419, 766
3833, 192, 722
3834, 87, 173
3835, 431, 667
3836, 367, 403
3837, 414, 533
3838, 345, 704
3839, 108, 563
3840, 27, 534
3841, 352, 877
3842, 506, 597
3843, 326, 340
3844, 669, 723
3845, 89, 95
3846, 826, 956
3847, 262, 622
3848, 122, 251
3849, 62, 617
3850, 184, 424
3851, 726, 934
3852, 12, 593
3853, 635, 688
3854, 550, 711
3855, 9, 394
3856, 238, 573
3857, 129, 733
3858, 56, 504
3859, 115, 397
3860, 67, 996
3861, 77, 507
3862, 477, 604
3863, 23, 673
3864, 721, 976
3865, 6, 580
3866, 596, 644
3867, 268, 620
3868, 654, 670
3869, 165, 223
3870, 329, 692
3871, 575, 577
3872, 214, 307
3873, 107, 287
3874, 243, 813
3875, 80, 948
3876, 566, 708
3877, 311, 551
3878, 227, 658
3879, 38, 833
3880, 357, 519
3881, 648, 917
3882, 579, 874
3883, 220, 301
3884, 172, 944
3885, 59, 809
3886, 390, 791
3887, 25, 928
3888, 159, 893
3889, 484, 630
3890, 21, 908
3891, 429, 807
3892, 65, 202
3893, 201, 256
3894, 553, 746
3895, 155, 910
3896, 141, 582
3897, 608, 684
3898, 701, 792
3899, 557, 738
3900, 128, 319
3901, 215, 449
3902, 117, 382
3903, 349, 986
3904, 248, 430
3905, 10, 332
3906, 473, 489
3907, 150, 169
3908, 104, 638
3909, 55, 642
3910, 828, 852
3911, 194, 859
3912, 171, 801
3913, 280, 753
3914, 412, 656
3915, 146, 969
3916, 242, 347
3917, 97, 812
3918, 710, 971
3919, 442, 530
3920, 61, 633
3921, 441, 915
3922, 443, 745
3923, 247, 497
3924, 143, 373
3925, 103, 255
3926, 527, 954
3927, 278, 308
3928, 152, 387
3929, 239, 740
3930, 586, 699
3931, 459, 729
3932, 124, 491
3933, 542, 662
3934, 32, 890
3935, 423, 565
3936, 336, 849
3937, 514, 578
3938, 296, 804
3939, 145, 856
3940, 81, 161
3941, 381, 933
3942, 772, 936
3943, 374, 618
3944, 451, 581
3945, 339, 902
3946, 400, 742
3947, 847, 903
3948, 33, 952
3949, 539, 561
3950, 446, 462
3951, 240, 690
3952, 132, 546
3953, 439, 515
3954, 179, 863
3955, 714, 949
3956, 327, 989
3957, 291, 653
3958, 200, 896
3959, 482, 674
3960, 802, 939
3961, 123, 601
3962, 611, 697
3963, 135, 992
3964, 592, 999
3965, 120, 814
3966, 770, 885
3967, 454, 773
3968, 118, 144
3969, 249, 488
3970, 444, 744
3971, 257, 815
3972, 460, 705
3973, 281, 843
3974, 252, 678
3975, 427, 866
3976, 572, 600
3977, 1, 364
3978, 716, 810
3979, 535, 803
3980, 868, 991
3981, 94, 338
3982, 505, 781
3983, 569, 967
3984, 216, 981
3985, 3, 883
3986, 391, 926
3987, 760, 771
3988, 702, 845
3989, 8, 957
3990, 351, 529
3991, 777, 860
3992, 142, 188
3993, 84, 226
3994, 481, 650
3995, 445, 834
3996, 47, 469
3997, 468, 754
3998, 229, 621
3999, 34, 261
4000, 74, 383
