id, img1, img2
1, 92, 308
2, 437, 887
3, 568, 957
4, 172, 762
5, 283, 446
6, 362, 602
7, 539, 925
8, 63, 909
9, 29, 800
10, 243, 992
11, 490, 782
12, 621, 903
13, 888, 932
14, 249, 276
15, 225, 938
16, 346, 973
17, 753, 846
18, 47, 123
19, 341, 898
20, 659, 855
21, 579, 680
22, 705, 765
23, 56, 336
24, 148, 866
25, 2, 812
26, 648, 861
27, 303, 715
28, 426, 964
29, 69, 215
30, 268, 471
31, 447, 749
32, 617, 727
33, 221, 291
34, 735, 867
35, 118, 688
36, 385, 432
37, 302, 562
38, 59, 931
39, 311, 410
40, 395, 671
41, 526, 563
42, 491, 535
43, 164, 997
44, 96, 700
45, 459, 505
46, 223, 741
47, 108, 200
48, 159, 664
49, 356, 950
50, 252, 678
51, 305, 900
52, 134, 425
53, 480, 719
54, 180, 783
55, 503, 689
56, 253, 994
57, 67, 946
58, 136, 267
59, 46, 81
60, 3, 116
61, 128, 819
62, 12, 758
63, 110, 415
64, 254, 650
65, 290, 738
66, 229, 301
67, 6, 980
68, 556, 785
69, 77, 375
70, 242, 334
71, 620, 838
72, 178, 854
73, 645, 935
74, 548, 991
75, 84, 627
76, 158, 908
77, 724, 771
78, 170, 343
79, 111, 282
80, 686, 787
81, 369, 960
82, 457, 818
83, 540, 977
84, 85, 366
85, 729, 763
86, 465, 506
87, 409, 704
88, 57, 250
89, 610, 940
90, 597, 995
91, 288, 656
92, 300, 330
93, 113, 682
94, 24, 397
95, 799, 824
96, 335, 776
97, 357, 392
98, 414, 583
99, 4, 784
100, 173, 894
101, 404, 483
102, 309, 948
103, 513, 522
104, 493, 845
105, 672, 860
106, 207, 673
107, 442, 578
108, 454, 706
109, 665, 737
110, 256, 278
111, 368, 558
112, 629, 685
113, 660, 825
114, 264, 669
115, 38, 438
116, 630, 781
117, 129, 217
118, 501, 573
119, 641, 923
120, 198, 472
121, 739, 896
122, 95, 611
123, 605, 780
124, 684, 963
125, 412, 416
126, 406, 847
127, 269, 383
128, 529, 826
129, 817, 915
130, 456, 714
131, 203, 969
132, 72, 941
133, 244, 944
134, 194, 633
135, 205, 476
136, 280, 439
137, 103, 968
138, 14, 202
139, 901, 928
140, 90, 277
141, 231, 351
142, 497, 933
143, 82, 590
144, 15, 358
145, 400, 567
146, 355, 757
147, 722, 761
148, 18, 186
149, 121, 271
150, 112, 477
151, 386, 554
152, 495, 521
153, 97, 407
154, 398, 502
155, 34, 359
156, 226, 353
157, 380, 393
158, 55, 654
159, 7, 974
160, 232, 707
161, 153, 708
162, 760, 851
163, 114, 507
164, 534, 917
165, 292, 987
166, 100, 512
167, 347, 474
168, 10, 489
169, 185, 575
170, 730, 996
171, 45, 862
172, 298, 850
173, 683, 756
174, 635, 662
175, 182, 631
176, 183, 986
177, 419, 580
178, 216, 257
179, 211, 628
180, 642, 889
181, 418, 755
182, 36, 770
183, 87, 213
184, 427, 449
185, 80, 105
186, 299, 601
187, 634, 696
188, 179, 985
189, 675, 936
190, 21, 619
191, 922, 972
192, 58, 304
193, 227, 233
194, 396, 966
195, 314, 482
196, 323, 947
197, 326, 599
198, 382, 745
199, 259, 572
200, 89, 652
201, 289, 589
202, 537, 555
203, 364, 423
204, 75, 420
205, 40, 286
206, 76, 651
207, 315, 387
208, 190, 191
209, 670, 829
210, 325, 853
211, 28, 192
212, 694, 844
213, 878, 942
214, 468, 984
215, 872, 897
216, 691, 1000
217, 39, 248
218, 246, 710
219, 766, 802
220, 777, 962
221, 137, 333
222, 837, 880
223, 73, 119
224, 374, 768
225, 587, 637
226, 101, 975
227, 458, 912
228, 324, 613
229, 48, 433
230, 345, 971
231, 145, 911
232, 520, 831
233, 51, 792
234, 312, 873
235, 88, 595
236, 388, 571
237, 272, 767
238, 189, 891
239, 60, 519
240, 772, 797
241, 78, 576
242, 117, 607
243, 154, 434
244, 1, 390
245, 281, 550
246, 640, 979
247, 926, 945
248, 27, 609
249, 218, 816
250, 176, 614
251, 165, 429
252, 166, 626
253, 450, 679
254, 531, 892
255, 565, 833
256, 239, 363
257, 338, 473
258, 11, 373
259, 528, 885
260, 574, 982
261, 22, 956
262, 255, 871
263, 623, 764
264, 197, 377
265, 146, 492
266, 538, 899
267, 435, 990
268, 464, 796
269, 319, 856
270, 167, 916
271, 469, 859
272, 199, 983
273, 593, 848
274, 53, 120
275, 836, 921
276, 295, 327
277, 592, 868
278, 147, 274
279, 906, 939
280, 49, 667
281, 236, 349
282, 328, 830
283, 20, 494
284, 31, 842
285, 910, 918
286, 228, 742
287, 553, 693
288, 306, 769
289, 174, 586
290, 391, 803
291, 70, 275
292, 86, 144
293, 219, 564
294, 83, 322
295, 294, 509
296, 886, 920
297, 545, 843
298, 258, 875
299, 317, 570
300, 115, 408
301, 403, 666
302, 436, 951
303, 484, 690
304, 210, 835
305, 544, 814
306, 143, 967
307, 445, 702
308, 487, 834
309, 354, 955
310, 746, 809
311, 296, 488
312, 452, 467
313, 251, 500
314, 870, 902
315, 91, 175
316, 546, 881
317, 532, 751
318, 37, 461
319, 524, 981
320, 230, 744
321, 149, 443
322, 135, 636
323, 41, 422
324, 734, 839
325, 786, 801
326, 750, 790
327, 23, 208
328, 913, 999
329, 718, 779
330, 124, 594
331, 42, 177
332, 485, 773
333, 849, 998
334, 263, 598
335, 676, 823
336, 204, 238
337, 424, 511
338, 547, 717
339, 61, 381
340, 79, 270
341, 241, 541
342, 262, 313
343, 340, 661
344, 126, 201
345, 247, 560
346, 748, 827
347, 50, 988
348, 523, 820
349, 169, 504
350, 616, 934
351, 606, 709
352, 310, 993
353, 655, 711
354, 196, 260
355, 66, 463
356, 184, 624
357, 99, 752
358, 35, 591
359, 240, 318
360, 273, 588
361, 367, 618
362, 234, 904
363, 150, 498
364, 279, 927
365, 74, 133
366, 728, 798
367, 5, 64
368, 132, 961
369, 584, 720
370, 402, 712
371, 754, 929
372, 389, 699
373, 460, 732
374, 25, 139
375, 557, 958
376, 453, 530
377, 206, 649
378, 561, 810
379, 19, 877
380, 455, 858
381, 701, 736
382, 807, 953
383, 329, 339
384, 639, 811
385, 151, 372
386, 195, 890
387, 127, 152
388, 33, 976
389, 674, 695
390, 331, 615
391, 549, 857
392, 794, 883
393, 360, 907
394, 52, 235
395, 585, 716
396, 352, 821
397, 653, 789
398, 98, 791
399, 486, 517
400, 514, 806
401, 94, 603
402, 376, 893
403, 448, 681
404, 181, 647
405, 285, 569
406, 138, 713
407, 62, 658
408, 16, 428
409, 411, 646
410, 171, 293
411, 287, 307
412, 496, 795
413, 297, 879
414, 413, 954
415, 43, 703
416, 156, 220
417, 140, 265
418, 160, 266
419, 93, 697
420, 68, 525
421, 582, 919
422, 316, 612
423, 332, 441
424, 320, 882
425, 543, 804
426, 32, 430
427, 401, 687
428, 394, 638
429, 187, 399
430, 9, 405
431, 431, 731
432, 778, 914
433, 104, 788
434, 141, 224
435, 348, 865
436, 188, 943
437, 581, 863
438, 533, 813
439, 421, 852
440, 740, 970
441, 726, 869
442, 723, 815
443, 109, 515
444, 608, 663
445, 470, 840
446, 13, 214
447, 155, 451
448, 725, 965
449, 481, 518
450, 337, 552
451, 107, 222
452, 321, 759
453, 417, 536
454, 163, 698
455, 632, 733
456, 193, 466
457, 542, 874
458, 131, 379
459, 161, 365
460, 747, 805
461, 378, 989
462, 527, 692
463, 516, 625
464, 371, 952
465, 284, 475
466, 130, 350
467, 142, 959
468, 510, 775
469, 17, 245
470, 499, 577
471, 551, 808
472, 162, 905
473, 657, 841
474, 440, 743
475, 71, 622
476, 596, 864
477, 44, 559
478, 237, 462
479, 566, 644
480, 212, 822
481, 949, 978
482, 106, 774
483, 344, 828
484, 65, 478
485, 54, 643
486, 479, 937
487, 209, 342
488, 26, 924
489, 168, 930
490, 384, 884
491, 370, 677
492, 508, 876
493, 8, 261
494, 125, 832
495, 668, 793
496, 30, 444
497, 604, 721
498, 122, 157
499, 361, 895
500, 102, 600
501, 159, 402
502, 284, 917
503, 637, 890
504, 428, 533
505, 351, 370
506, 69, 782
507, 149, 712
508, 649, 737
509, 434, 445
510, 332, 818
511, 471, 888
512, 577, 588
513, 197, 940
514, 247, 532
515, 623, 903
516, 668, 851
517, 541, 920
518, 288, 474
519, 608, 624
520, 586, 830
521, 377, 667
522, 771, 997
523, 242, 601
524, 81, 765
525, 84, 490
526, 836, 945
527, 457, 663
528, 274, 571
529, 640, 739
530, 549, 562
531, 671, 731
532, 175, 750
533, 576, 930
534, 268, 959
535, 6, 413
536, 583, 894
537, 484, 674
538, 632, 955
539, 391, 974
540, 511, 652
541, 521, 949
542, 226, 607
543, 34, 433
544, 184, 793
545, 53, 772
546, 77, 536
547, 590, 697
548, 743, 802
549, 662, 857
550, 354, 806
551, 29, 720
552, 186, 856
553, 619, 795
554, 256, 979
555, 378, 514
556, 51, 453
557, 73, 726
558, 206, 644
559, 367, 787
560, 263, 717
561, 234, 269
562, 122, 188
563, 451, 809
564, 111, 537
565, 208, 318
566, 311, 773
567, 141, 359
568, 324, 498
569, 522, 677
570, 446, 848
571, 67, 699
572, 512, 587
573, 686, 867
574, 438, 733
575, 612, 938
576, 631, 993
577, 134, 464
578, 403, 999
579, 20, 687
580, 805, 821
581, 569, 606
582, 404, 592
583, 581, 621
584, 200, 655
585, 843, 975
586, 4, 684
587, 540, 709
588, 70, 829
589, 519, 594
590, 482, 734
591, 99, 681
592, 18, 932
593, 312, 951
594, 217, 493
595, 72, 870
596, 703, 926
597, 152, 153
598, 7, 790
599, 304, 398
600, 172, 850
601, 455, 874
602, 15, 467
603, 315, 900
604, 164, 401
605, 611, 784
606, 442, 500
607, 287, 844
608, 60, 105
609, 236, 680
610, 381, 664
611, 220, 476
612, 2, 382
613, 507, 785
614, 37, 950
615, 368, 615
616, 505, 855
617, 364, 711
618, 580, 673
619, 9, 463
620, 180, 238
621, 338, 961
622, 243, 724
623, 561, 698
624, 112, 461
625, 360, 396
626, 558, 936
627, 568, 779
628, 353, 392
629, 730, 786
630, 49, 227
631, 151, 342
632, 481, 913
633, 325, 548
634, 203, 411
635, 57, 488
636, 229, 860
637, 358, 977
638, 22, 295
639, 598, 886
640, 80, 210
641, 406, 981
642, 603, 923
643, 8, 97
644, 285, 849
645, 106, 222
646, 178, 831
647, 221, 642
648, 321, 947
649, 372, 904
650, 429, 705
651, 241, 745
652, 213, 525
653, 439, 895
654, 50, 647
655, 26, 348
656, 87, 156
657, 591, 918
658, 526, 998
659, 273, 819
660, 604, 701
661, 309, 578
662, 807, 968
663, 28, 345
664, 33, 166
665, 294, 669
666, 408, 722
667, 307, 676
668, 416, 706
669, 16, 501
670, 283, 643
671, 366, 670
672, 776, 967
673, 560, 574
674, 648, 781
675, 735, 741
676, 510, 545
677, 266, 400
678, 369, 854
679, 503, 966
680, 207, 919
681, 10, 187
682, 425, 817
683, 146, 690
684, 656, 869
685, 160, 760
686, 83, 544
687, 76, 896
688, 654, 899
689, 302, 475
690, 418, 470
691, 42, 195
692, 861, 891
693, 121, 383
694, 214, 384
695, 211, 551
696, 473, 820
697, 800, 962
698, 27, 721
699, 518, 570
700, 64, 837
701, 579, 972
702, 167, 555
703, 219, 732
704, 250, 478
705, 171, 816
706, 31, 801
707, 181, 417
708, 19, 94
709, 75, 898
710, 520, 754
711, 469, 841
712, 556, 943
713, 813, 994
714, 192, 929
715, 379, 892
716, 96, 554
717, 614, 925
718, 137, 487
719, 128, 952
720, 215, 275
721, 90, 853
722, 432, 622
723, 174, 659
724, 17, 422
725, 333, 866
726, 58, 748
727, 334, 646
728, 385, 666
729, 78, 749
730, 340, 350
731, 56, 327
732, 136, 322
733, 492, 824
734, 444, 675
735, 254, 625
736, 65, 330
737, 480, 627
738, 639, 815
739, 310, 326
740, 303, 395
741, 212, 692
742, 727, 736
743, 983, 986
744, 147, 852
745, 162, 645
746, 696, 912
747, 600, 988
748, 240, 602
749, 840, 915
750, 216, 864
751, 30, 958
752, 193, 538
753, 613, 728
754, 796, 963
755, 119, 871
756, 742, 812
757, 502, 778
758, 11, 953
759, 196, 264
760, 260, 616
761, 678, 756
762, 191, 995
763, 143, 547
764, 873, 971
765, 92, 317
766, 344, 572
767, 707, 970
768, 202, 927
769, 182, 683
770, 415, 552
771, 314, 752
772, 24, 414
773, 865, 973
774, 14, 753
775, 47, 59
776, 335, 775
777, 131, 990
778, 39, 596
779, 641, 948
780, 449, 497
781, 233, 780
782, 74, 132
783, 117, 393
784, 161, 486
785, 907, 984
786, 485, 826
787, 41, 279
788, 276, 792
789, 435, 539
790, 499, 702
791, 204, 868
792, 237, 291
793, 44, 407
794, 101, 834
795, 508, 893
796, 427, 788
797, 301, 504
798, 190, 550
799, 157, 423
800, 239, 495
801, 387, 630
802, 465, 626
803, 25, 638
804, 431, 633
805, 258, 356
806, 719, 729
807, 139, 694
808, 228, 339
809, 224, 944
810, 230, 272
811, 129, 232
812, 535, 650
813, 251, 513
814, 546, 884
815, 389, 770
816, 298, 361
817, 517, 928
818, 170, 665
819, 618, 660
820, 168, 957
821, 352, 744
822, 107, 308
823, 331, 567
824, 566, 762
825, 109, 127
826, 3, 299
827, 609, 992
828, 362, 634
829, 140, 761
830, 759, 768
831, 114, 205
832, 23, 86
833, 769, 933
834, 257, 954
835, 563, 685
836, 710, 875
837, 661, 976
838, 71, 125
839, 52, 635
840, 144, 225
841, 248, 593
842, 100, 138
843, 454, 889
844, 110, 964
845, 323, 374
846, 477, 506
847, 316, 934
848, 436, 523
849, 320, 390
850, 252, 543
851, 32, 98
852, 559, 879
853, 46, 450
854, 179, 942
855, 163, 483
856, 189, 794
857, 528, 595
858, 605, 911
859, 270, 939
860, 459, 835
861, 738, 878
862, 564, 921
863, 245, 838
864, 21, 922
865, 115, 653
866, 209, 987
867, 48, 466
868, 799, 946
869, 199, 880
870, 43, 244
871, 713, 989
872, 262, 718
873, 679, 908
874, 158, 885
875, 223, 496
876, 424, 472
877, 194, 286
878, 440, 509
879, 589, 828
880, 82, 825
881, 763, 906
882, 658, 924
883, 154, 803
884, 116, 978
885, 757, 791
886, 767, 965
887, 1, 103
888, 155, 329
889, 725, 863
890, 419, 881
891, 693, 708
892, 290, 916
893, 343, 452
894, 12, 777
895, 716, 804
896, 597, 797
897, 177, 349
898, 375, 755
899, 150, 810
900, 426, 468
901, 5, 798
902, 79, 397
903, 420, 682
904, 357, 437
905, 88, 1000
906, 565, 617
907, 657, 897
908, 198, 883
909, 249, 960
910, 89, 95
911, 336, 386
912, 629, 882
913, 534, 808
914, 441, 672
915, 460, 910
916, 296, 410
917, 271, 376
918, 740, 902
919, 524, 584
920, 253, 905
921, 399, 421
922, 104, 516
923, 235, 651
924, 935, 956
925, 585, 695
926, 515, 530
927, 783, 914
928, 553, 715
929, 373, 714
930, 292, 814
931, 443, 704
932, 811, 991
933, 201, 858
934, 281, 764
935, 458, 901
936, 723, 859
937, 557, 876
938, 363, 832
939, 289, 337
940, 259, 280
941, 176, 747
942, 55, 789
943, 102, 313
944, 123, 489
945, 38, 575
946, 341, 542
947, 185, 371
948, 165, 688
949, 130, 700
950, 148, 620
951, 430, 909
952, 133, 261
953, 85, 969
954, 297, 774
955, 169, 405
956, 347, 689
957, 447, 573
958, 246, 277
959, 582, 822
960, 823, 862
961, 173, 996
962, 93, 846
963, 66, 124
964, 142, 636
965, 282, 456
966, 145, 758
967, 183, 842
968, 63, 491
969, 766, 985
970, 346, 877
971, 54, 751
972, 937, 941
973, 218, 462
974, 118, 479
975, 255, 267
976, 91, 494
977, 135, 531
978, 68, 388
979, 691, 746
980, 36, 409
981, 319, 887
982, 40, 265
983, 61, 394
984, 13, 62
985, 328, 839
986, 300, 527
987, 448, 845
988, 380, 827
989, 113, 872
990, 599, 931
991, 305, 628
992, 126, 231
993, 412, 610
994, 365, 847
995, 35, 529
996, 45, 108
997, 293, 980
998, 120, 306
999, 833, 982
1000, 278, 355
1001, 633, 875
1002, 211, 259
1003, 303, 767
1004, 511, 980
1005, 764, 935
1006, 555, 556
1007, 199, 321
1008, 78, 427
1009, 33, 872
1010, 350, 681
1011, 21, 67
1012, 247, 684
1013, 50, 737
1014, 542, 543
1015, 273, 912
1016, 270, 314
1017, 403, 446
1018, 571, 985
1019, 921, 958
1020, 655, 944
1021, 618, 808
1022, 494, 500
1023, 473, 677
1024, 531, 899
1025, 332, 509
1026, 565, 914
1027, 208, 746
1028, 269, 949
1029, 322, 572
1030, 164, 734
1031, 449, 658
1032, 665, 923
1033, 98, 691
1034, 523, 701
1035, 116, 240
1036, 629, 817
1037, 759, 887
1038, 476, 666
1039, 700, 884
1040, 786, 993
1041, 587, 930
1042, 647, 672
1043, 53, 297
1044, 157, 311
1045, 181, 371
1046, 215, 486
1047, 429, 504
1048, 505, 516
1049, 252, 598
1050, 420, 661
1051, 557, 696
1052, 274, 619
1053, 36, 579
1054, 379, 966
1055, 117, 175
1056, 340, 853
1057, 383, 706
1058, 751, 989
1059, 375, 455
1060, 612, 811
1061, 917, 942
1062, 31, 689
1063, 685, 717
1064, 18, 283
1065, 445, 802
1066, 442, 964
1067, 410, 529
1068, 138, 363
1069, 670, 874
1070, 413, 932
1071, 134, 440
1072, 641, 662
1073, 497, 733
1074, 37, 683
1075, 60, 771
1076, 119, 343
1077, 288, 298
1078, 710, 836
1079, 698, 792
1080, 217, 714
1081, 260, 484
1082, 294, 702
1083, 581, 950
1084, 595, 623
1085, 421, 740
1086, 8, 862
1087, 422, 575
1088, 69, 335
1089, 367, 757
1090, 108, 854
1091, 64, 894
1092, 113, 768
1093, 490, 845
1094, 423, 920
1095, 271, 566
1096, 48, 622
1097, 158, 881
1098, 255, 678
1099, 535, 610
1100, 205, 278
1101, 272, 635
1102, 558, 760
1103, 510, 785
1104, 9, 561
1105, 480, 729
1106, 194, 636
1107, 87, 526
1108, 185, 307
1109, 791, 991
1110, 347, 857
1111, 187, 936
1112, 483, 976
1113, 22, 407
1114, 518, 902
1115, 426, 937
1116, 14, 963
1117, 179, 290
1118, 394, 885
1119, 359, 850
1120, 173, 456
1121, 230, 320
1122, 315, 656
1123, 159, 837
1124, 66, 889
1125, 170, 425
1126, 40, 569
1127, 103, 487
1128, 417, 520
1129, 200, 409
1130, 431, 477
1131, 515, 686
1132, 182, 464
1133, 351, 654
1134, 96, 978
1135, 489, 508
1136, 81, 388
1137, 62, 752
1138, 203, 805
1139, 925, 926
1140, 133, 833
1141, 905, 972
1142, 512, 801
1143, 675, 969
1144, 328, 919
1145, 213, 559
1146, 4, 835
1147, 149, 708
1148, 895, 904
1149, 458, 754
1150, 398, 866
1151, 6, 11
1152, 462, 809
1153, 257, 580
1154, 676, 725
1155, 264, 846
1156, 261, 824
1157, 245, 334
1158, 88, 465
1159, 206, 355
1160, 816, 940
1161, 463, 813
1162, 704, 827
1163, 726, 829
1164, 522, 774
1165, 49, 100
1166, 416, 460
1167, 54, 450
1168, 63, 663
1169, 139, 744
1170, 502, 996
1171, 246, 863
1172, 196, 614
1173, 32, 650
1174, 352, 541
1175, 47, 430
1176, 93, 922
1177, 491, 501
1178, 723, 794
1179, 13, 291
1180, 5, 519
1181, 551, 941
1182, 20, 840
1183, 146, 434
1184, 318, 819
1185, 266, 453
1186, 92, 758
1187, 79, 163
1188, 190, 659
1189, 184, 834
1190, 140, 954
1191, 1, 570
1192, 329, 765
1193, 118, 680
1194, 192, 975
1195, 131, 548
1196, 461, 507
1197, 263, 879
1198, 466, 907
1199, 513, 695
1200, 225, 852
1201, 23, 959
1202, 30, 101
1203, 841, 851
1204, 166, 237
1205, 778, 880
1206, 408, 739
1207, 777, 828
1208, 161, 226
1209, 65, 903
1210, 652, 736
1211, 553, 870
1212, 191, 243
1213, 130, 979
1214, 380, 773
1215, 327, 657
1216, 281, 472
1217, 631, 727
1218, 153, 391
1219, 377, 393
1220, 331, 419
1221, 539, 588
1222, 180, 615
1223, 76, 251
1224, 156, 961
1225, 125, 438
1226, 148, 384
1227, 601, 821
1228, 26, 901
1229, 55, 634
1230, 56, 389
1231, 376, 533
1232, 86, 931
1233, 29, 545
1234, 235, 424
1235, 620, 848
1236, 626, 776
1237, 59, 784
1238, 810, 826
1239, 354, 946
1240, 256, 924
1241, 577, 800
1242, 342, 807
1243, 144, 193
1244, 250, 649
1245, 236, 797
1246, 105, 155
1247, 267, 357
1248, 10, 745
1249, 613, 861
1250, 104, 962
1251, 28, 95
1252, 12, 107
1253, 39, 606
1254, 238, 712
1255, 506, 530
1256, 227, 589
1257, 44, 999
1258, 330, 692
1259, 176, 197
1260, 775, 892
1261, 299, 475
1262, 441, 583
1263, 71, 397
1264, 275, 435
1265, 295, 951
1266, 693, 847
1267, 573, 815
1268, 667, 960
1269, 356, 915
1270, 41, 971
1271, 325, 608
1272, 183, 783
1273, 653, 787
1274, 128, 344
1275, 254, 437
1276, 604, 988
1277, 795, 956
1278, 632, 735
1279, 177, 953
1280, 341, 563
1281, 503, 842
1282, 457, 534
1283, 120, 688
1284, 276, 317
1285, 412, 642
1286, 141, 668
1287, 934, 995
1288, 83, 753
1289, 590, 968
1290, 781, 981
1291, 232, 353
1292, 178, 749
1293, 496, 538
1294, 382, 970
1295, 90, 616
1296, 218, 789
1297, 127, 337
1298, 451, 602
1299, 111, 171
1300, 793, 955
1301, 228, 306
1302, 58, 992
1303, 34, 109
1304, 207, 361
1305, 151, 820
1306, 234, 528
1307, 324, 838
1308, 443, 568
1309, 115, 201
1310, 888, 938
1311, 594, 883
1312, 338, 957
1313, 219, 705
1314, 220, 724
1315, 186, 549
1316, 532, 743
1317, 25, 312
1318, 798, 900
1319, 552, 987
1320, 265, 395
1321, 224, 882
1322, 135, 986
1323, 150, 947
1324, 433, 873
1325, 61, 123
1326, 97, 374
1327, 106, 277
1328, 286, 536
1329, 392, 769
1330, 214, 699
1331, 495, 929
1332, 697, 730
1333, 212, 645
1334, 15, 308
1335, 112, 362
1336, 763, 910
1337, 174, 858
1338, 644, 990
1339, 126, 514
1340, 231, 609
1341, 165, 750
1342, 132, 310
1343, 488, 864
1344, 454, 492
1345, 731, 856
1346, 300, 909
1347, 584, 878
1348, 27, 414
1349, 402, 886
1350, 258, 387
1351, 189, 428
1352, 638, 860
1353, 418, 719
1354, 728, 762
1355, 302, 711
1356, 253, 721
1357, 468, 640
1358, 168, 248
1359, 233, 478
1360, 591, 822
1361, 2, 368
1362, 390, 943
1363, 796, 865
1364, 304, 843
1365, 46, 651
1366, 385, 474
1367, 527, 982
1368, 481, 617
1369, 574, 832
1370, 319, 876
1371, 859, 948
1372, 316, 628
1373, 142, 268
1374, 143, 812
1375, 370, 439
1376, 284, 411
1377, 396, 646
1378, 82, 547
1379, 761, 780
1380, 74, 674
1381, 871, 983
1382, 369, 788
1383, 244, 639
1384, 216, 868
1385, 401, 679
1386, 91, 114
1387, 38, 637
1388, 578, 997
1389, 493, 790
1390, 603, 772
1391, 366, 432
1392, 19, 748
1393, 452, 738
1394, 198, 927
1395, 42, 241
1396, 372, 911
1397, 627, 945
1398, 85, 364
1399, 124, 147
1400, 221, 782
1401, 690, 1000
1402, 399, 716
1403, 154, 713
1404, 469, 830
1405, 467, 499
1406, 160, 471
1407, 621, 756
1408, 648, 869
1409, 896, 908
1410, 687, 994
1411, 287, 599
1412, 415, 977
1413, 110, 564
1414, 709, 855
1415, 703, 799
1416, 3, 839
1417, 707, 732
1418, 35, 52
1419, 346, 611
1420, 282, 720
1421, 770, 891
1422, 72, 755
1423, 624, 890
1424, 625, 928
1425, 296, 898
1426, 664, 831
1427, 16, 448
1428, 405, 567
1429, 17, 592
1430, 162, 906
1431, 718, 893
1432, 285, 671
1433, 24, 605
1434, 172, 933
1435, 348, 660
1436, 349, 358
1437, 537, 586
1438, 75, 804
1439, 152, 323
1440, 345, 916
1441, 301, 814
1442, 669, 747
1443, 169, 965
1444, 292, 803
1445, 89, 381
1446, 45, 336
1447, 137, 741
1448, 239, 967
1449, 70, 404
1450, 167, 280
1451, 582, 825
1452, 823, 998
1453, 77, 223
1454, 229, 365
1455, 436, 544
1456, 204, 867
1457, 482, 918
1458, 80, 722
1459, 99, 309
1460, 249, 984
1461, 742, 973
1462, 122, 485
1463, 68, 585
1464, 525, 540
1465, 51, 360
1466, 102, 373
1467, 386, 550
1468, 279, 406
1469, 479, 779
1470, 94, 378
1471, 333, 339
1472, 195, 597
1473, 546, 600
1474, 209, 694
1475, 145, 593
1476, 560, 897
1477, 498, 607
1478, 517, 562
1479, 57, 766
1480, 222, 470
1481, 121, 844
1482, 136, 974
1483, 326, 806
1484, 43, 673
1485, 293, 459
1486, 129, 715
1487, 188, 939
1488, 202, 305
1489, 630, 818
1490, 400, 521
1491, 210, 554
1492, 596, 643
1493, 447, 682
1494, 444, 576
1495, 913, 952
1496, 313, 849
1497, 84, 877
1498, 242, 289
1499, 262, 524
1500, 7, 73
1501, 67, 930
1502, 275, 611
1503, 505, 510
1504, 209, 241
1505, 294, 508
1506, 8, 390
1507, 530, 652
1508, 512, 941
1509, 702, 863
1510, 276, 729
1511, 107, 977
1512, 175, 807
1513, 382, 854
1514, 137, 958
1515, 140, 844
1516, 227, 608
1517, 167, 273
1518, 174, 674
1519, 298, 959
1520, 511, 555
1521, 336, 358
1522, 112, 935
1523, 92, 116
1524, 334, 862
1525, 317, 620
1526, 42, 946
1527, 427, 747
1528, 586, 979
1529, 738, 774
1530, 345, 408
1531, 441, 470
1532, 219, 975
1533, 666, 852
1534, 556, 937
1535, 709, 978
1536, 229, 663
1537, 787, 838
1538, 575, 739
1539, 178, 777
1540, 34, 349
1541, 388, 764
1542, 853, 974
1543, 515, 909
1544, 604, 752
1545, 675, 809
1546, 541, 919
1547, 48, 151
1548, 323, 636
1549, 580, 986
1550, 420, 910
1551, 800, 889
1552, 780, 804
1553, 76, 146
1554, 343, 422
1555, 850, 928
1556, 475, 495
1557, 341, 918
1558, 680, 767
1559, 126, 379
1560, 469, 785
1561, 385, 887
1562, 44, 383
1563, 459, 506
1564, 70, 429
1565, 374, 480
1566, 9, 705
1567, 104, 299
1568, 68, 260
1569, 124, 434
1570, 12, 33
1571, 751, 828
1572, 2, 188
1573, 279, 783
1574, 288, 453
1575, 287, 938
1576, 32, 706
1577, 487, 622
1578, 28, 238
1579, 173, 277
1580, 215, 501
1581, 147, 290
1582, 45, 128
1583, 40, 118
1584, 120, 983
1585, 742, 781
1586, 53, 458
1587, 698, 760
1588, 378, 884
1589, 94, 320
1590, 452, 612
1591, 11, 396
1592, 369, 830
1593, 444, 799
1594, 669, 1000
1595, 252, 745
1596, 314, 545
1597, 578, 647
1598, 304, 626
1599, 143, 184
1600, 583, 899
1601, 684, 901
1602, 567, 907
1603, 339, 895
1604, 210, 521
1605, 269, 564
1606, 600, 970
1607, 240, 939
1608, 472, 484
1609, 445, 750
1610, 406, 825
1611, 90, 130
1612, 97, 897
1613, 670, 710
1614, 483, 656
1615, 565, 962
1616, 503, 954
1617, 234, 282
1618, 176, 831
1619, 262, 302
1620, 30, 531
1621, 133, 736
1622, 491, 772
1623, 78, 165
1624, 88, 916
1625, 428, 754
1626, 326, 462
1627, 255, 643
1628, 430, 822
1629, 239, 796
1630, 446, 606
1631, 84, 791
1632, 633, 664
1633, 205, 748
1634, 163, 373
1635, 832, 949
1636, 113, 613
1637, 293, 563
1638, 139, 409
1639, 758, 878
1640, 377, 805
1641, 102, 283
1642, 687, 727
1643, 486, 914
1644, 635, 795
1645, 91, 879
1646, 231, 984
1647, 376, 400
1648, 535, 857
1649, 965, 966
1650, 351, 598
1651, 327, 519
1652, 211, 720
1653, 142, 792
1654, 432, 714
1655, 159, 929
1656, 672, 900
1657, 63, 773
1658, 324, 389
1659, 424, 644
1660, 771, 905
1661, 401, 715
1662, 367, 650
1663, 65, 156
1664, 426, 728
1665, 576, 915
1666, 395, 942
1667, 246, 440
1668, 461, 874
1669, 286, 812
1670, 867, 999
1671, 216, 987
1672, 528, 577
1673, 659, 890
1674, 384, 468
1675, 338, 794
1676, 499, 802
1677, 15, 590
1678, 770, 784
1679, 629, 845
1680, 132, 180
1681, 393, 876
1682, 242, 682
1683, 43, 447
1684, 337, 708
1685, 833, 922
1686, 249, 295
1687, 898, 944
1688, 148, 746
1689, 3, 562
1690, 386, 516
1691, 223, 482
1692, 502, 855
1693, 185, 436
1694, 762, 980
1695, 27, 557
1696, 29, 724
1697, 69, 673
1698, 77, 870
1699, 197, 945
1700, 481, 671
1701, 716, 823
1702, 108, 851
1703, 101, 927
1704, 594, 596
1705, 18, 121
1706, 58, 179
1707, 816, 824
1708, 115, 354
1709, 81, 381
1710, 217, 642
1711, 418, 498
1712, 380, 686
1713, 416, 737
1714, 311, 313
1715, 66, 803
1716, 256, 490
1717, 488, 732
1718, 414, 840
1719, 411, 525
1720, 138, 485
1721, 492, 744
1722, 22, 756
1723, 308, 924
1724, 131, 517
1725, 365, 597
1726, 500, 711
1727, 171, 520
1728, 10, 527
1729, 344, 681
1730, 359, 627
1731, 154, 755
1732, 228, 836
1733, 54, 226
1734, 144, 694
1735, 105, 869
1736, 272, 969
1737, 539, 550
1738, 375, 524
1739, 437, 759
1740, 990, 993
1741, 315, 658
1742, 291, 391
1743, 35, 561
1744, 59, 837
1745, 827, 842
1746, 322, 703
1747, 51, 309
1748, 797, 988
1749, 71, 248
1750, 117, 150
1751, 419, 964
1752, 325, 786
1753, 534, 859
1754, 201, 904
1755, 312, 691
1756, 21, 330
1757, 23, 507
1758, 75, 460
1759, 456, 908
1760, 110, 592
1761, 265, 956
1762, 489, 763
1763, 552, 848
1764, 589, 618
1765, 542, 873
1766, 963, 982
1767, 103, 196
1768, 25, 433
1769, 237, 454
1770, 192, 372
1771, 236, 581
1772, 169, 387
1773, 296, 861
1774, 350, 961
1775, 300, 631
1776, 37, 849
1777, 707, 976
1778, 206, 841
1779, 768, 871
1780, 657, 957
1781, 417, 972
1782, 392, 891
1783, 449, 464
1784, 157, 514
1785, 303, 529
1786, 253, 280
1787, 19, 496
1788, 614, 639
1789, 213, 923
1790, 123, 902
1791, 122, 423
1792, 593, 858
1793, 743, 886
1794, 24, 699
1795, 357, 634
1796, 465, 779
1797, 274, 347
1798, 170, 297
1799, 466, 932
1800, 145, 651
1801, 366, 934
1802, 685, 839
1803, 696, 810
1804, 355, 753
1805, 340, 522
1806, 111, 364
1807, 155, 467
1808, 329, 602
1809, 62, 398
1810, 476, 765
1811, 57, 668
1812, 161, 582
1813, 208, 230
1814, 136, 933
1815, 17, 609
1816, 224, 701
1817, 93, 523
1818, 218, 835
1819, 335, 353
1820, 225, 362
1821, 119, 259
1822, 630, 775
1823, 56, 189
1824, 152, 536
1825, 457, 560
1826, 319, 704
1827, 232, 913
1828, 153, 278
1829, 559, 585
1830, 183, 843
1831, 370, 603
1832, 82, 968
1833, 164, 425
1834, 912, 917
1835, 181, 712
1836, 801, 989
1837, 96, 544
1838, 814, 952
1839, 243, 270
1840, 64, 455
1841, 250, 321
1842, 847, 940
1843, 695, 960
1844, 129, 868
1845, 149, 829
1846, 182, 471
1847, 551, 641
1848, 605, 725
1849, 261, 721
1850, 187, 893
1851, 690, 815
1852, 717, 994
1853, 266, 267
1854, 328, 880
1855, 543, 881
1856, 371, 474
1857, 363, 864
1858, 574, 637
1859, 221, 662
1860, 271, 546
1861, 4, 87
1862, 292, 925
1863, 6, 790
1864, 646, 875
1865, 160, 883
1866, 220, 667
1867, 368, 569
1868, 194, 973
1869, 198, 599
1870, 207, 616
1871, 134, 360
1872, 547, 950
1873, 306, 723
1874, 571, 722
1875, 263, 540
1876, 72, 846
1877, 202, 513
1878, 55, 819
1879, 109, 473
1880, 735, 860
1881, 74, 331
1882, 195, 412
1883, 100, 649
1884, 190, 451
1885, 301, 410
1886, 200, 558
1887, 661, 734
1888, 730, 766
1889, 80, 477
1890, 285, 439
1891, 877, 995
1892, 289, 478
1893, 397, 448
1894, 688, 811
1895, 595, 640
1896, 52, 761
1897, 212, 967
1898, 50, 438
1899, 85, 361
1900, 214, 509
1901, 479, 697
1902, 99, 402
1903, 193, 679
1904, 158, 247
1905, 537, 903
1906, 623, 947
1907, 46, 985
1908, 41, 442
1909, 204, 284
1910, 264, 741
1911, 251, 494
1912, 638, 821
1913, 245, 504
1914, 356, 573
1915, 894, 948
1916, 813, 998
1917, 166, 404
1918, 95, 731
1919, 79, 431
1920, 38, 808
1921, 89, 254
1922, 26, 106
1923, 162, 936
1924, 199, 692
1925, 654, 955
1926, 591, 625
1927, 7, 549
1928, 125, 310
1929, 532, 617
1930, 497, 619
1931, 628, 926
1932, 222, 749
1933, 587, 992
1934, 421, 856
1935, 566, 806
1936, 16, 782
1937, 346, 689
1938, 203, 407
1939, 757, 931
1940, 14, 997
1941, 820, 896
1942, 660, 882
1943, 394, 951
1944, 413, 818
1945, 186, 991
1946, 548, 677
1947, 172, 971
1948, 333, 348
1949, 86, 920
1950, 13, 168
1951, 834, 888
1952, 493, 778
1953, 49, 921
1954, 798, 943
1955, 526, 615
1956, 443, 826
1957, 135, 435
1958, 648, 892
1959, 258, 865
1960, 114, 726
1961, 621, 718
1962, 39, 307
1963, 553, 610
1964, 305, 981
1965, 332, 789
1966, 793, 953
1967, 570, 645
1968, 268, 996
1969, 554, 700
1970, 257, 665
1971, 572, 872
1972, 1, 415
1973, 463, 906
1974, 632, 788
1975, 83, 579
1976, 5, 740
1977, 141, 342
1978, 655, 769
1979, 235, 678
1980, 47, 584
1981, 538, 866
1982, 316, 719
1983, 352, 405
1984, 676, 683
1985, 607, 693
1986, 244, 518
1987, 624, 776
1988, 36, 601
1989, 177, 533
1990, 733, 911
1991, 98, 885
1992, 568, 653
1993, 31, 713
1994, 20, 281
1995, 60, 61
1996, 399, 403
1997, 127, 588
1998, 191, 233
1999, 318, 817
2000, 73, 450
2001, 646, 878
2002, 402, 441
2003, 136, 481
2004, 495, 921
2005, 519, 886
2006, 595, 847
2007, 407, 978
2008, 280, 290
2009, 730, 873
2010, 711, 828
2011, 283, 549
2012, 333, 767
2013, 287, 331
2014, 273, 573
2015, 177, 751
2016, 39, 303
2017, 172, 285
2018, 25, 647
2019, 410, 615
2020, 261, 790
2021, 439, 469
2022, 218, 715
2023, 366, 923
2024, 73, 224
2025, 215, 592
2026, 437, 745
2027, 829, 945
2028, 58, 736
2029, 55, 840
2030, 63, 785
2031, 867, 894
2032, 259, 850
2033, 33, 720
2034, 416, 819
2035, 143, 574
2036, 703, 803
2037, 48, 522
2038, 610, 641
2039, 255, 384
2040, 451, 856
2041, 244, 653
2042, 114, 158
2043, 133, 723
2044, 544, 881
2045, 65, 123
2046, 390, 710
2047, 716, 814
2048, 375, 450
2049, 466, 808
2050, 636, 763
2051, 556, 669
2052, 355, 587
2053, 786, 975
2054, 302, 565
2055, 398, 579
2056, 105, 550
2057, 760, 826
2058, 275, 787
2059, 87, 165
2060, 501, 839
2061, 80, 334
2062, 823, 836
2063, 452, 533
2064, 411, 614
2065, 342, 781
2066, 293, 714
2067, 142, 251
2068, 527, 601
2069, 306, 987
2070, 91, 317
2071, 637, 900
2072, 235, 674
2073, 755, 961
2074, 258, 626
2075, 869, 949
2076, 122, 126
2077, 462, 842
2078, 486, 529
2079, 320, 477
2080, 542, 914
2081, 630, 698
2082, 666, 784
2083, 102, 744
2084, 318, 806
2085, 211, 657
2086, 75, 665
2087, 193, 879
2088, 147, 347
2089, 106, 209
2090, 446, 928
2091, 151, 401
2092, 572, 589
2093, 152, 309
2094, 374, 535
2095, 645, 650
2096, 167, 243
2097, 86, 892
2098, 479, 944
2099, 282, 552
2100, 203, 221
2101, 639, 738
2102, 899, 997
2103, 329, 724
2104, 357, 435
2105, 605, 773
2106, 109, 159
2107, 269, 496
2108, 81, 373
2109, 54, 833
2110, 220, 324
2111, 279, 299
2112, 29, 270
2113, 76, 119
2114, 445, 511
2115, 507, 654
2116, 196, 887
2117, 508, 844
2118, 62, 958
2119, 2, 74
2120, 315, 990
2121, 598, 931
2122, 300, 977
2123, 234, 820
2124, 111, 651
2125, 734, 804
2126, 319, 528
2127, 185, 600
2128, 338, 551
2129, 21, 240
2130, 825, 843
2131, 60, 135
2132, 53, 362
2133, 327, 797
2134, 140, 337
2135, 364, 561
2136, 250, 999
2137, 554, 649
2138, 107, 584
2139, 510, 874
2140, 765, 932
2141, 69, 179
2142, 88, 676
2143, 47, 858
2144, 71, 232
2145, 59, 162
2146, 50, 890
2147, 810, 885
2148, 160, 168
2149, 23, 918
2150, 841, 963
2151, 525, 547
2152, 292, 512
2153, 226, 870
2154, 155, 464
2155, 325, 681
2156, 134, 304
2157, 740, 982
2158, 516, 768
2159, 761, 954
2160, 620, 929
2161, 356, 482
2162, 237, 667
2163, 882, 950
2164, 449, 503
2165, 12, 321
2166, 778, 986
2167, 210, 456
2168, 40, 764
2169, 757, 909
2170, 335, 361
2171, 138, 463
2172, 680, 967
2173, 403, 750
2174, 431, 854
2175, 643, 713
2176, 246, 889
2177, 460, 499
2178, 379, 644
2179, 558, 908
2180, 176, 754
2181, 131, 274
2182, 672, 911
2183, 735, 951
2184, 367, 758
2185, 35, 245
2186, 679, 707
2187, 278, 661
2188, 800, 935
2189, 1, 948
2190, 14, 228
2191, 406, 567
2192, 83, 521
2193, 46, 363
2194, 798, 957
2195, 563, 622
2196, 22, 219
2197, 186, 187
2198, 95, 505
2199, 517, 934
2200, 632, 769
2201, 68, 704
2202, 149, 938
2203, 419, 702
2204, 660, 989
2205, 664, 1000
2206, 3, 194
2207, 721, 915
2208, 863, 917
2209, 110, 837
2210, 536, 668
2211, 358, 905
2212, 368, 386
2213, 689, 866
2214, 351, 557
2215, 238, 864
2216, 7, 171
2217, 97, 686
2218, 447, 913
2219, 372, 492
2220, 455, 656
2221, 583, 691
2222, 385, 815
2223, 17, 127
2224, 756, 811
2225, 61, 257
2226, 359, 706
2227, 9, 473
2228, 90, 685
2229, 801, 883
2230, 553, 974
2231, 960, 976
2232, 789, 947
2233, 118, 871
2234, 242, 440
2235, 566, 705
2236, 264, 955
2237, 67, 962
2238, 699, 743
2239, 404, 423
2240, 64, 770
2241, 581, 746
2242, 443, 927
2243, 254, 631
2244, 154, 543
2245, 113, 877
2246, 628, 762
2247, 98, 323
2248, 198, 846
2249, 619, 688
2250, 181, 903
2251, 345, 488
2252, 82, 169
2253, 717, 973
2254, 89, 430
2255, 311, 747
2256, 212, 799
2257, 457, 678
2258, 606, 965
2259, 671, 859
2260, 157, 420
2261, 27, 849
2262, 409, 546
2263, 31, 408
2264, 20, 933
2265, 348, 930
2266, 884, 994
2267, 288, 848
2268, 380, 991
2269, 354, 518
2270, 776, 780
2271, 943, 966
2272, 493, 616
2273, 545, 596
2274, 148, 208
2275, 72, 276
2276, 49, 576
2277, 732, 906
2278, 378, 448
2279, 344, 812
2280, 204, 733
2281, 340, 865
2282, 37, 214
2283, 201, 788
2284, 313, 959
2285, 84, 992
2286, 13, 818
2287, 753, 895
2288, 18, 569
2289, 178, 188
2290, 28, 326
2291, 697, 748
2292, 146, 771
2293, 120, 749
2294, 121, 860
2295, 103, 588
2296, 256, 376
2297, 10, 44
2298, 11, 835
2299, 137, 861
2300, 263, 265
2301, 94, 433
2302, 393, 822
2303, 436, 483
2304, 199, 602
2305, 336, 901
2306, 207, 490
2307, 272, 305
2308, 611, 726
2309, 381, 597
2310, 229, 920
2311, 613, 998
2312, 34, 195
2313, 132, 192
2314, 792, 996
2315, 30, 248
2316, 85, 591
2317, 78, 981
2318, 8, 183
2319, 153, 166
2320, 432, 524
2321, 939, 942
2322, 93, 314
2323, 555, 925
2324, 422, 718
2325, 175, 294
2326, 4, 200
2327, 467, 498
2328, 582, 968
2329, 831, 862
2330, 476, 988
2331, 594, 607
2332, 286, 509
2333, 281, 369
2334, 249, 289
2335, 197, 216
2336, 222, 426
2337, 332, 485
2338, 262, 759
2339, 399, 478
2340, 802, 936
2341, 475, 791
2342, 213, 541
2343, 260, 474
2344, 206, 971
2345, 395, 675
2346, 677, 983
2347, 360, 777
2348, 312, 382
2349, 307, 612
2350, 506, 608
2351, 125, 268
2352, 687, 696
2353, 277, 910
2354, 161, 377
2355, 480, 907
2356, 271, 603
2357, 239, 880
2358, 571, 897
2359, 537, 774
2360, 453, 684
2361, 51, 454
2362, 174, 223
2363, 350, 484
2364, 156, 225
2365, 465, 725
2366, 564, 952
2367, 77, 461
2368, 559, 578
2369, 693, 970
2370, 16, 719
2371, 19, 919
2372, 139, 857
2373, 387, 985
2374, 41, 252
2375, 727, 891
2376, 36, 875
2377, 266, 852
2378, 205, 834
2379, 429, 729
2380, 428, 972
2381, 389, 779
2382, 150, 853
2383, 392, 898
2384, 625, 659
2385, 663, 851
2386, 339, 633
2387, 682, 695
2388, 180, 370
2389, 253, 322
2390, 92, 635
2391, 383, 627
2392, 712, 809
2393, 70, 442
2394, 316, 946
2395, 534, 560
2396, 298, 586
2397, 349, 737
2398, 141, 164
2399, 96, 202
2400, 515, 621
2401, 189, 980
2402, 343, 904
2403, 32, 504
2404, 655, 888
2405, 43, 924
2406, 371, 514
2407, 425, 539
2408, 459, 796
2409, 241, 694
2410, 100, 683
2411, 296, 995
2412, 795, 953
2413, 291, 964
2414, 24, 940
2415, 414, 415
2416, 42, 752
2417, 45, 530
2418, 328, 580
2419, 341, 412
2420, 173, 400
2421, 295, 487
2422, 56, 618
2423, 231, 993
2424, 652, 783
2425, 648, 922
2426, 388, 658
2427, 701, 838
2428, 513, 872
2429, 112, 642
2430, 458, 832
2431, 144, 984
2432, 532, 845
2433, 500, 807
2434, 568, 876
2435, 38, 538
2436, 670, 979
2437, 115, 434
2438, 629, 824
2439, 79, 471
2440, 15, 523
2441, 6, 634
2442, 562, 742
2443, 117, 604
2444, 352, 577
2445, 593, 941
2446, 624, 709
2447, 417, 912
2448, 308, 821
2449, 267, 739
2450, 124, 855
2451, 590, 827
2452, 227, 817
2453, 396, 700
2454, 397, 531
2455, 116, 184
2456, 623, 937
2457, 236, 969
2458, 570, 775
2459, 129, 394
2460, 26, 472
2461, 191, 489
2462, 599, 766
2463, 233, 956
2464, 163, 638
2465, 310, 868
2466, 405, 609
2467, 444, 548
2468, 794, 830
2469, 66, 662
2470, 468, 813
2471, 418, 494
2472, 585, 708
2473, 99, 793
2474, 101, 782
2475, 470, 731
2476, 52, 424
2477, 690, 728
2478, 170, 520
2479, 353, 722
2480, 130, 301
2481, 128, 391
2482, 145, 190
2483, 108, 526
2484, 247, 497
2485, 427, 916
2486, 365, 575
2487, 346, 805
2488, 741, 893
2489, 421, 540
2490, 617, 692
2491, 491, 640
2492, 413, 438
2493, 5, 182
2494, 217, 896
2495, 284, 816
2496, 502, 926
2497, 330, 902
2498, 57, 104
2499, 297, 772
2500, 230, 673
2501, 310, 735
2502, 715, 782
2503, 185, 797
2504, 140, 306
2505, 492, 661
2506, 448, 758
2507, 136, 364
2508, 179, 541
2509, 253, 331
2510, 391, 847
2511, 144, 766
2512, 155, 403
2513, 31, 40
2514, 36, 528
2515, 730, 937
2516, 152, 950
2517, 434, 906
2518, 7, 21
2519, 443, 973
2520, 35, 59
2521, 44, 562
2522, 203, 326
2523, 531, 740
2524, 465, 751
2525, 383, 851
2526, 536, 975
2527, 11, 325
2528, 217, 290
2529, 687, 836
2530, 42, 209
2531, 381, 924
2532, 551, 634
2533, 154, 357
2534, 26, 400
2535, 282, 608
2536, 484, 588
2537, 221, 930
2538, 70, 252
2539, 695, 942
2540, 475, 892
2541, 446, 822
2542, 598, 988
2543, 384, 896
2544, 182, 739
2545, 320, 670
2546, 169, 281
2547, 4, 134
2548, 396, 879
2549, 627, 854
2550, 344, 719
2551, 561, 632
2552, 191, 315
2553, 194, 956
2554, 564, 985
2555, 151, 658
2556, 119, 195
2557, 716, 798
2558, 176, 468
2559, 889, 919
2560, 890, 934
2561, 617, 960
2562, 38, 909
2563, 582, 746
2564, 432, 752
2565, 256, 618
2566, 265, 401
2567, 684, 777
2568, 370, 605
2569, 219, 223
2570, 158, 463
2571, 374, 733
2572, 121, 235
2573, 537, 917
2574, 123, 591
2575, 10, 931
2576, 258, 372
2577, 168, 718
2578, 77, 587
2579, 66, 233
2580, 829, 914
2581, 532, 764
2582, 81, 783
2583, 115, 314
2584, 341, 487
2585, 354, 784
2586, 61, 128
2587, 819, 900
2588, 560, 748
2589, 27, 498
2590, 859, 861
2591, 311, 824
2592, 841, 902
2593, 489, 616
2594, 112, 428
2595, 447, 743
2596, 460, 873
2597, 47, 300
2598, 208, 527
2599, 810, 978
2600, 667, 756
2601, 713, 912
2602, 511, 522
2603, 436, 957
2604, 215, 811
2605, 467, 781
2606, 67, 568
2607, 227, 678
2608, 130, 517
2609, 721, 762
2610, 693, 770
2611, 142, 831
2612, 351, 791
2613, 93, 842
2614, 238, 574
2615, 246, 497
2616, 418, 681
2617, 213, 630
2618, 485, 602
2619, 50, 732
2620, 188, 316
2621, 244, 765
2622, 232, 369
2623, 212, 285
2624, 558, 633
2625, 174, 936
2626, 516, 589
2627, 803, 971
2628, 601, 796
2629, 196, 907
2630, 615, 929
2631, 313, 761
2632, 72, 417
2633, 162, 643
2634, 557, 911
2635, 390, 535
2636, 5, 545
2637, 367, 420
2638, 641, 809
2639, 308, 863
2640, 220, 981
2641, 268, 365
2642, 86, 129
2643, 440, 871
2644, 251, 257
2645, 98, 795
2646, 509, 904
2647, 395, 529
2648, 34, 571
2649, 518, 891
2650, 521, 872
2651, 41, 773
2652, 638, 714
2653, 100, 793
2654, 804, 840
2655, 444, 539
2656, 105, 614
2657, 101, 470
2658, 358, 640
2659, 200, 771
2660, 30, 659
2661, 24, 650
2662, 328, 666
2663, 426, 866
2664, 439, 550
2665, 655, 947
2666, 501, 918
2667, 32, 173
2668, 205, 939
2669, 12, 763
2670, 20, 723
2671, 52, 171
2672, 249, 710
2673, 276, 697
2674, 104, 407
2675, 429, 753
2676, 161, 458
2677, 422, 750
2678, 910, 966
2679, 332, 852
2680, 283, 676
2681, 267, 742
2682, 106, 318
2683, 649, 915
2684, 376, 495
2685, 287, 818
2686, 255, 705
2687, 45, 860
2688, 503, 542
2689, 240, 552
2690, 664, 827
2691, 204, 454
2692, 340, 772
2693, 49, 102
2694, 63, 823
2695, 380, 399
2696, 225, 554
2697, 85, 197
2698, 319, 698
2699, 402, 577
2700, 513, 647
2701, 335, 702
2702, 58, 916
2703, 414, 530
2704, 274, 996
2705, 241, 323
2706, 163, 210
2707, 65, 622
2708, 459, 712
2709, 828, 954
2710, 805, 807
2711, 167, 940
2712, 790, 877
2713, 689, 887
2714, 279, 774
2715, 520, 609
2716, 157, 538
2717, 362, 961
2718, 708, 794
2719, 269, 984
2720, 43, 147
2721, 247, 997
2722, 490, 769
2723, 456, 597
2724, 224, 234
2725, 480, 980
2726, 398, 553
2727, 175, 639
2728, 91, 122
2729, 237, 534
2730, 293, 515
2731, 834, 894
2732, 363, 642
2733, 211, 952
2734, 250, 526
2735, 524, 683
2736, 74, 592
2737, 696, 882
2738, 216, 845
2739, 146, 987
2740, 631, 855
2741, 585, 941
2742, 387, 677
2743, 322, 441
2744, 139, 192
2745, 239, 425
2746, 421, 482
2747, 75, 113
2748, 186, 356
2749, 707, 979
2750, 379, 471
2751, 6, 901
2752, 324, 821
2753, 56, 701
2754, 272, 964
2755, 76, 87
2756, 54, 993
2757, 143, 437
2758, 595, 897
2759, 145, 160
2760, 51, 131
2761, 573, 691
2762, 476, 724
2763, 579, 604
2764, 296, 389
2765, 412, 569
2766, 222, 830
2767, 506, 621
2768, 473, 992
2769, 96, 611
2770, 757, 949
2771, 259, 404
2772, 110, 806
2773, 53, 846
2774, 462, 720
2775, 519, 970
2776, 109, 523
2777, 126, 413
2778, 478, 792
2779, 90, 338
2780, 423, 438
2781, 838, 1000
2782, 301, 874
2783, 355, 816
2784, 466, 709
2785, 37, 442
2786, 472, 893
2787, 600, 737
2788, 8, 570
2789, 1, 481
2790, 653, 668
2791, 273, 935
2792, 226, 933
2793, 596, 963
2794, 137, 728
2795, 645, 862
2796, 304, 704
2797, 295, 486
2798, 669, 675
2799, 812, 843
2800, 336, 397
2801, 394, 435
2802, 556, 959
2803, 156, 457
2804, 722, 801
2805, 284, 711
2806, 218, 298
2807, 504, 844
2808, 95, 342
2809, 275, 623
2810, 586, 944
2811, 368, 612
2812, 97, 729
2813, 305, 599
2814, 629, 925
2815, 734, 991
2816, 731, 953
2817, 245, 309
2818, 89, 187
2819, 507, 566
2820, 493, 580
2821, 361, 786
2822, 107, 461
2823, 312, 994
2824, 294, 899
2825, 575, 951
2826, 371, 864
2827, 741, 945
2828, 22, 717
2829, 133, 452
2830, 83, 388
2831, 581, 932
2832, 181, 967
2833, 180, 660
2834, 79, 820
2835, 555, 672
2836, 71, 547
2837, 99, 759
2838, 409, 850
2839, 767, 922
2840, 619, 884
2841, 333, 853
2842, 607, 938
2843, 488, 656
2844, 339, 690
2845, 544, 679
2846, 405, 620
2847, 286, 832
2848, 39, 494
2849, 469, 881
2850, 744, 814
2851, 706, 878
2852, 118, 628
2853, 15, 29
2854, 360, 499
2855, 201, 663
2856, 94, 543
2857, 28, 955
2858, 82, 248
2859, 549, 946
2860, 738, 869
2861, 584, 785
2862, 302, 688
2863, 408, 749
2864, 202, 229
2865, 64, 817
2866, 450, 813
2867, 271, 745
2868, 343, 548
2869, 13, 505
2870, 474, 868
2871, 159, 510
2872, 92, 572
2873, 593, 680
2874, 254, 576
2875, 754, 849
2876, 778, 958
2877, 236, 883
2878, 329, 651
2879, 242, 673
2880, 60, 431
2881, 288, 625
2882, 138, 348
2883, 875, 986
2884, 3, 826
2885, 278, 685
2886, 117, 699
2887, 903, 968
2888, 502, 533
2889, 62, 886
2890, 410, 926
2891, 189, 453
2892, 111, 170
2893, 433, 637
2894, 626, 644
2895, 2, 858
2896, 277, 652
2897, 657, 760
2898, 243, 920
2899, 411, 928
2900, 479, 648
2901, 346, 833
2902, 33, 583
2903, 297, 787
2904, 406, 496
2905, 350, 546
2906, 9, 366
2907, 84, 280
2908, 141, 445
2909, 116, 264
2910, 120, 378
2911, 307, 776
2912, 427, 646
2913, 292, 694
2914, 183, 540
2915, 382, 888
2916, 837, 867
2917, 177, 995
2918, 207, 825
2919, 514, 848
2920, 108, 779
2921, 16, 835
2922, 337, 692
2923, 23, 800
2924, 263, 671
2925, 303, 636
2926, 353, 674
2927, 114, 559
2928, 127, 150
2929, 334, 594
2930, 125, 923
2931, 415, 857
2932, 525, 895
2933, 349, 927
2934, 603, 700
2935, 166, 726
2936, 228, 962
2937, 260, 289
2938, 124, 974
2939, 73, 373
2940, 430, 455
2941, 449, 755
2942, 419, 998
2943, 905, 990
2944, 206, 870
2945, 393, 913
2946, 624, 982
2947, 563, 565
2948, 359, 500
2949, 392, 865
2950, 416, 768
2951, 18, 347
2952, 165, 291
2953, 491, 898
2954, 483, 780
2955, 135, 512
2956, 14, 46
2957, 451, 799
2958, 69, 199
2959, 231, 375
2960, 654, 976
2961, 193, 727
2962, 172, 943
2963, 25, 68
2964, 149, 198
2965, 88, 330
2966, 230, 775
2967, 262, 808
2968, 190, 977
2969, 317, 386
2970, 80, 635
2971, 682, 736
2972, 464, 477
2973, 321, 880
2974, 132, 856
2975, 57, 969
2976, 345, 815
2977, 567, 686
2978, 908, 921
2979, 613, 665
2980, 876, 885
2981, 789, 802
2982, 385, 948
2983, 48, 352
2984, 55, 261
2985, 103, 972
2986, 424, 788
2987, 164, 725
2988, 214, 606
2989, 839, 999
2990, 153, 989
2991, 78, 377
2992, 327, 965
2993, 19, 983
2994, 148, 610
2995, 17, 578
2996, 178, 270
2997, 266, 662
2998, 299, 590
2999, 508, 703
3000, 184, 747
3001, 58, 118
3002, 244, 1000
3003, 208, 419
3004, 198, 661
3005, 170, 793
3006, 223, 992
3007, 272, 450
3008, 810, 920
3009, 133, 642
3010, 88, 447
3011, 270, 458
3012, 523, 822
3013, 157, 452
3014, 782, 785
3015, 252, 449
3016, 287, 455
3017, 249, 953
3018, 626, 934
3019, 370, 771
3020, 89, 654
3021, 122, 905
3022, 209, 795
3023, 539, 921
3024, 143, 320
3025, 300, 376
3026, 78, 534
3027, 557, 573
3028, 454, 675
3029, 103, 308
3030, 773, 988
3031, 11, 972
3032, 82, 786
3033, 646, 916
3034, 222, 768
3035, 854, 876
3036, 166, 911
3037, 247, 965
3038, 402, 742
3039, 629, 880
3040, 607, 788
3041, 778, 817
3042, 180, 479
3043, 297, 635
3044, 383, 919
3045, 907, 922
3046, 128, 741
3047, 344, 542
3048, 307, 691
3049, 839, 938
3050, 120, 889
3051, 305, 689
3052, 631, 734
3053, 754, 873
3054, 124, 717
3055, 195, 714
3056, 26, 62
3057, 142, 775
3058, 325, 746
3059, 849, 861
3060, 485, 649
3061, 544, 968
3062, 196, 624
3063, 38, 501
3064, 843, 915
3065, 159, 659
3066, 68, 994
3067, 384, 537
3068, 303, 494
3069, 191, 235
3070, 71, 327
3071, 518, 946
3072, 254, 578
3073, 188, 411
3074, 42, 416
3075, 92, 338
3076, 97, 536
3077, 315, 892
3078, 533, 917
3079, 7, 160
3080, 148, 781
3081, 541, 937
3082, 808, 955
3083, 727, 845
3084, 738, 927
3085, 76, 582
3086, 115, 553
3087, 395, 474
3088, 48, 997
3089, 75, 360
3090, 61, 498
3091, 91, 145
3092, 13, 677
3093, 113, 181
3094, 107, 425
3095, 687, 762
3096, 205, 982
3097, 827, 999
3098, 190, 547
3099, 139, 940
3100, 86, 884
3101, 243, 978
3102, 127, 694
3103, 412, 749
3104, 206, 900
3105, 182, 879
3106, 357, 966
3107, 229, 693
3108, 374, 486
3109, 436, 818
3110, 90, 341
3111, 232, 524
3112, 350, 398
3113, 84, 813
3114, 462, 612
3115, 119, 381
3116, 50, 495
3117, 285, 647
3118, 490, 745
3119, 364, 964
3120, 132, 138
3121, 577, 633
3122, 420, 897
3123, 438, 864
3124, 73, 814
3125, 562, 863
3126, 442, 666
3127, 158, 625
3128, 189, 644
3129, 737, 944
3130, 563, 923
3131, 342, 842
3132, 129, 187
3133, 153, 253
3134, 464, 875
3135, 393, 639
3136, 648, 688
3137, 43, 163
3138, 261, 995
3139, 57, 79
3140, 27, 514
3141, 555, 830
3142, 241, 429
3143, 292, 488
3144, 732, 809
3145, 164, 509
3146, 622, 819
3147, 603, 614
3148, 99, 354
3149, 278, 352
3150, 70, 94
3151, 491, 730
3152, 176, 894
3153, 17, 192
3154, 23, 956
3155, 298, 777
3156, 580, 638
3157, 236, 468
3158, 173, 179
3159, 502, 597
3160, 560, 952
3161, 312, 942
3162, 367, 461
3163, 260, 581
3164, 150, 346
3165, 288, 353
3166, 386, 803
3167, 478, 585
3168, 505, 611
3169, 321, 765
3170, 314, 331
3171, 729, 787
3172, 833, 878
3173, 408, 655
3174, 24, 632
3175, 80, 566
3176, 224, 975
3177, 269, 283
3178, 394, 504
3179, 171, 371
3180, 29, 365
3181, 437, 475
3182, 403, 753
3183, 480, 743
3184, 141, 910
3185, 111, 226
3186, 238, 576
3187, 421, 444
3188, 239, 311
3189, 591, 621
3190, 220, 453
3191, 739, 970
3192, 517, 932
3193, 379, 918
3194, 548, 930
3195, 183, 772
3196, 14, 579
3197, 53, 234
3198, 56, 66
3199, 284, 705
3200, 149, 831
3201, 672, 914
3202, 680, 998
3203, 891, 941
3204, 144, 678
3205, 22, 683
3206, 175, 216
3207, 217, 265
3208, 291, 590
3209, 779, 821
3210, 841, 981
3211, 463, 825
3212, 174, 665
3213, 755, 913
3214, 826, 984
3215, 54, 405
3216, 508, 695
3217, 493, 908
3218, 513, 733
3219, 233, 337
3220, 8, 248
3221, 698, 820
3222, 372, 832
3223, 945, 950
3224, 219, 720
3225, 445, 791
3226, 302, 837
3227, 330, 857
3228, 137, 855
3229, 704, 939
3230, 156, 279
3231, 83, 227
3232, 41, 960
3233, 221, 903
3234, 33, 756
3235, 415, 428
3236, 356, 630
3237, 109, 147
3238, 481, 776
3239, 215, 531
3240, 489, 721
3241, 20, 676
3242, 669, 774
3243, 433, 928
3244, 51, 225
3245, 135, 983
3246, 114, 703
3247, 609, 853
3248, 5, 214
3249, 583, 712
3250, 802, 824
3251, 276, 904
3252, 52, 893
3253, 512, 617
3254, 289, 989
3255, 740, 874
3256, 240, 823
3257, 662, 750
3258, 349, 552
3259, 210, 959
3260, 618, 852
3261, 251, 465
3262, 10, 64
3263, 723, 836
3264, 377, 427
3265, 696, 887
3266, 713, 728
3267, 769, 925
3268, 664, 731
3269, 12, 770
3270, 484, 895
3271, 131, 761
3272, 34, 594
3273, 519, 697
3274, 250, 790
3275, 324, 634
3276, 326, 387
3277, 72, 443
3278, 63, 200
3279, 95, 700
3280, 400, 783
3281, 345, 883
3282, 110, 616
3283, 528, 870
3284, 267, 467
3285, 259, 282
3286, 430, 516
3287, 67, 281
3288, 380, 948
3289, 736, 807
3290, 589, 710
3291, 121, 974
3292, 361, 521
3293, 499, 811
3294, 146, 178
3295, 152, 592
3296, 328, 388
3297, 294, 423
3298, 168, 264
3299, 890, 936
3300, 126, 410
3301, 204, 476
3302, 679, 860
3303, 199, 947
3304, 280, 640
3305, 1, 637
3306, 47, 550
3307, 406, 432
3308, 186, 431
3309, 440, 951
3310, 335, 477
3311, 16, 116
3312, 46, 212
3313, 492, 724
3314, 336, 435
3315, 469, 800
3316, 202, 957
3317, 558, 615
3318, 101, 310
3319, 207, 656
3320, 483, 530
3321, 123, 620
3322, 343, 806
3323, 359, 670
3324, 561, 848
3325, 472, 926
3326, 77, 487
3327, 184, 797
3328, 317, 886
3329, 59, 636
3330, 758, 844
3331, 520, 924
3332, 230, 627
3333, 540, 865
3334, 134, 456
3335, 274, 482
3336, 885, 990
3337, 535, 961
3338, 522, 862
3339, 601, 963
3340, 104, 106
3341, 60, 692
3342, 413, 645
3343, 65, 711
3344, 397, 628
3345, 4, 838
3346, 262, 407
3347, 140, 977
3348, 525, 759
3349, 37, 426
3350, 193, 658
3351, 100, 801
3352, 503, 511
3353, 404, 794
3354, 275, 600
3355, 348, 933
3356, 334, 722
3357, 901, 987
3358, 392, 980
3359, 368, 409
3360, 18, 748
3361, 459, 500
3362, 81, 201
3363, 757, 898
3364, 587, 686
3365, 316, 347
3366, 671, 909
3367, 545, 967
3368, 257, 296
3369, 828, 835
3370, 719, 931
3371, 309, 856
3372, 125, 702
3373, 319, 340
3374, 266, 709
3375, 958, 991
3376, 273, 996
3377, 35, 108
3378, 36, 529
3379, 460, 867
3380, 96, 414
3381, 470, 985
3382, 9, 667
3383, 323, 986
3384, 228, 613
3385, 21, 834
3386, 804, 815
3387, 396, 451
3388, 954, 969
3389, 28, 417
3390, 322, 351
3391, 102, 605
3392, 19, 962
3393, 568, 575
3394, 39, 882
3395, 162, 641
3396, 673, 799
3397, 457, 716
3398, 155, 295
3399, 619, 979
3400, 473, 588
3401, 299, 690
3402, 510, 707
3403, 538, 660
3404, 15, 602
3405, 389, 663
3406, 242, 584
3407, 871, 973
3408, 185, 203
3409, 369, 559
3410, 213, 752
3411, 434, 674
3412, 74, 599
3413, 87, 993
3414, 373, 526
3415, 268, 653
3416, 31, 604
3417, 399, 564
3418, 161, 165
3419, 93, 446
3420, 332, 358
3421, 363, 896
3422, 169, 829
3423, 245, 313
3424, 391, 760
3425, 154, 744
3426, 211, 497
3427, 546, 708
3428, 571, 606
3429, 130, 574
3430, 418, 872
3431, 570, 767
3432, 277, 869
3433, 172, 651
3434, 763, 796
3435, 112, 246
3436, 439, 448
3437, 329, 868
3438, 177, 681
3439, 293, 496
3440, 69, 218
3441, 167, 971
3442, 25, 306
3443, 466, 586
3444, 55, 846
3445, 286, 976
3446, 355, 858
3447, 6, 798
3448, 271, 902
3449, 30, 816
3450, 105, 699
3451, 3, 263
3452, 333, 805
3453, 255, 851
3454, 45, 527
3455, 85, 569
3456, 471, 725
3457, 366, 764
3458, 375, 929
3459, 390, 747
3460, 378, 382
3461, 362, 401
3462, 151, 556
3463, 194, 652
3464, 515, 598
3465, 506, 551
3466, 751, 859
3467, 98, 906
3468, 318, 866
3469, 136, 715
3470, 532, 949
3471, 117, 888
3472, 301, 684
3473, 840, 899
3474, 668, 784
3475, 850, 912
3476, 567, 623
3477, 881, 943
3478, 237, 766
3479, 231, 935
3480, 543, 554
3481, 304, 339
3482, 441, 650
3483, 44, 847
3484, 718, 877
3485, 32, 49
3486, 596, 780
3487, 197, 424
3488, 610, 643
3489, 258, 682
3490, 40, 422
3491, 385, 572
3492, 593, 595
3493, 2, 685
3494, 549, 701
3495, 290, 507
3496, 256, 726
3497, 565, 789
3498, 706, 792
3499, 657, 735
3500, 608, 812
3501, 47, 620
3502, 145, 918
3503, 330, 488
3504, 110, 730
3505, 37, 157
3506, 92, 423
3507, 211, 341
3508, 342, 455
3509, 334, 636
3510, 238, 407
3511, 626, 684
3512, 173, 804
3513, 245, 562
3514, 309, 764
3515, 66, 792
3516, 390, 451
3517, 48, 602
3518, 838, 899
3519, 554, 749
3520, 356, 467
3521, 220, 460
3522, 65, 247
3523, 26, 239
3524, 514, 581
3525, 146, 165
3526, 266, 917
3527, 149, 928
3528, 521, 970
3529, 422, 989
3530, 756, 785
3531, 133, 774
3532, 650, 738
3533, 396, 585
3534, 89, 410
3535, 246, 632
3536, 103, 618
3537, 486, 855
3538, 404, 948
3539, 94, 321
3540, 33, 533
3541, 217, 696
3542, 625, 830
3543, 206, 711
3544, 437, 988
3545, 345, 796
3546, 14, 700
3547, 111, 299
3548, 269, 603
3549, 120, 922
3550, 114, 750
3551, 734, 909
3552, 140, 631
3553, 219, 495
3554, 171, 969
3555, 483, 507
3556, 484, 982
3557, 934, 961
3558, 351, 421
3559, 326, 413
3560, 229, 254
3561, 212, 886
3562, 282, 439
3563, 193, 877
3564, 710, 879
3565, 131, 598
3566, 670, 847
3567, 251, 608
3568, 406, 485
3569, 278, 346
3570, 476, 753
3571, 90, 259
3572, 36, 315
3573, 208, 797
3574, 811, 966
3575, 551, 679
3576, 573, 698
3577, 183, 556
3578, 198, 719
3579, 502, 771
3580, 417, 712
3581, 60, 852
3582, 288, 530
3583, 393, 949
3584, 80, 762
3585, 742, 864
3586, 681, 943
3587, 481, 634
3588, 567, 609
3589, 129, 955
3590, 324, 778
3591, 63, 688
3592, 248, 842
3593, 124, 916
3594, 39, 304
3595, 3, 832
3596, 635, 699
3597, 197, 264
3598, 277, 973
3599, 6, 733
3600, 307, 704
3601, 231, 641
3602, 379, 487
3603, 737, 927
3604, 105, 360
3605, 156, 180
3606, 583, 659
3607, 298, 352
3608, 176, 743
3609, 252, 314
3610, 475, 903
3611, 306, 427
3612, 444, 868
3613, 15, 595
3614, 606, 760
3615, 513, 623
3616, 289, 971
3617, 492, 805
3618, 386, 930
3619, 233, 751
3620, 570, 793
3621, 18, 924
3622, 195, 773
3623, 2, 816
3624, 249, 465
3625, 64, 729
3626, 887, 999
3627, 332, 337
3628, 462, 545
3629, 76, 468
3630, 353, 506
3631, 357, 510
3632, 528, 544
3633, 24, 419
3634, 25, 464
3635, 480, 815
3636, 430, 601
3637, 415, 449
3638, 256, 807
3639, 35, 380
3640, 162, 267
3641, 272, 388
3642, 370, 906
3643, 424, 858
3644, 587, 985
3645, 16, 813
3646, 21, 78
3647, 174, 368
3648, 281, 532
3649, 295, 964
3650, 147, 687
3651, 580, 907
3652, 560, 880
3653, 537, 692
3654, 28, 795
3655, 558, 627
3656, 42, 58
3657, 32, 265
3658, 258, 706
3659, 654, 685
3660, 482, 839
3661, 340, 378
3662, 224, 667
3663, 362, 629
3664, 138, 547
3665, 302, 953
3666, 189, 802
3667, 683, 854
3668, 164, 303
3669, 568, 962
3670, 98, 690
3671, 101, 152
3672, 283, 316
3673, 234, 783
3674, 494, 604
3675, 489, 646
3676, 611, 892
3677, 154, 539
3678, 20, 780
3679, 385, 644
3680, 338, 543
3681, 209, 703
3682, 450, 950
3683, 141, 897
3684, 433, 553
3685, 151, 223
3686, 123, 882
3687, 175, 371
3688, 244, 817
3689, 128, 221
3690, 153, 987
3691, 571, 836
3692, 416, 790
3693, 213, 638
3694, 27, 473
3695, 273, 885
3696, 291, 694
3697, 563, 946
3698, 478, 717
3699, 55, 857
3700, 285, 914
3701, 840, 984
3702, 82, 257
3703, 34, 177
3704, 320, 724
3705, 9, 791
3706, 188, 990
3707, 74, 776
3708, 317, 355
3709, 645, 798
3710, 496, 661
3711, 148, 757
3712, 377, 794
3713, 57, 747
3714, 86, 735
3715, 293, 994
3716, 112, 192
3717, 605, 789
3718, 88, 287
3719, 336, 633
3720, 158, 508
3721, 84, 170
3722, 41, 591
3723, 81, 452
3724, 139, 549
3725, 96, 559
3726, 522, 908
3727, 51, 292
3728, 668, 974
3729, 536, 799
3730, 241, 895
3731, 19, 463
3732, 542, 593
3733, 701, 995
3734, 179, 936
3735, 87, 106
3736, 639, 657
3737, 69, 366
3738, 376, 837
3739, 204, 702
3740, 207, 889
3741, 517, 996
3742, 143, 329
3743, 134, 529
3744, 168, 548
3745, 108, 367
3746, 325, 975
3747, 520, 613
3748, 723, 980
3749, 45, 52
3750, 13, 691
3751, 809, 823
3752, 107, 358
3753, 588, 933
3754, 290, 875
3755, 572, 844
3756, 665, 993
3757, 184, 596
3758, 597, 825
3759, 592, 744
3760, 649, 898
3761, 579, 763
3762, 284, 787
3763, 619, 891
3764, 166, 741
3765, 375, 714
3766, 589, 841
3767, 535, 940
3768, 10, 454
3769, 7, 11
3770, 187, 835
3771, 707, 708
3772, 872, 959
3773, 531, 881
3774, 50, 932
3775, 566, 786
3776, 472, 616
3777, 682, 901
3778, 56, 557
3779, 939, 947
3780, 178, 586
3781, 144, 781
3782, 466, 972
3783, 100, 435
3784, 395, 578
3785, 387, 935
3786, 391, 726
3787, 203, 937
3788, 5, 365
3789, 739, 761
3790, 818, 874
3791, 300, 890
3792, 318, 876
3793, 214, 516
3794, 642, 821
3795, 498, 676
3796, 43, 347
3797, 474, 673
3798, 448, 552
3799, 846, 926
3800, 500, 938
3801, 122, 755
3802, 71, 274
3803, 99, 446
3804, 85, 456
3805, 72, 243
3806, 137, 447
3807, 230, 297
3808, 803, 859
3809, 429, 519
3810, 614, 736
3811, 590, 754
3812, 648, 758
3813, 718, 958
3814, 201, 523
3815, 445, 912
3816, 651, 862
3817, 31, 127
3818, 389, 883
3819, 130, 740
3820, 310, 746
3821, 319, 658
3822, 210, 689
3823, 471, 893
3824, 459, 867
3825, 769, 902
3826, 612, 919
3827, 38, 237
3828, 97, 382
3829, 161, 788
3830, 4, 527
3831, 398, 851
3832, 227, 426
3833, 182, 301
3834, 261, 784
3835, 126, 910
3836, 232, 384
3837, 637, 713
3838, 116, 181
3839, 660, 888
3840, 501, 727
3841, 199, 845
3842, 119, 576
3843, 250, 369
3844, 23, 359
3845, 526, 759
3846, 617, 986
3847, 853, 941
3848, 163, 411
3849, 296, 540
3850, 951, 979
3851, 67, 348
3852, 402, 863
3853, 715, 850
3854, 770, 828
3855, 693, 873
3856, 8, 775
3857, 202, 925
3858, 312, 569
3859, 109, 945
3860, 225, 374
3861, 29, 113
3862, 191, 824
3863, 196, 373
3864, 228, 397
3865, 403, 976
3866, 458, 622
3867, 354, 512
3868, 121, 242
3869, 491, 1000
3870, 748, 905
3871, 222, 236
3872, 610, 624
3873, 479, 675
3874, 135, 270
3875, 418, 574
3876, 643, 664
3877, 73, 607
3878, 59, 276
3879, 68, 680
3880, 600, 929
3881, 343, 364
3882, 155, 577
3883, 17, 408
3884, 30, 115
3885, 44, 998
3886, 322, 461
3887, 400, 728
3888, 399, 808
3889, 414, 965
3890, 150, 942
3891, 328, 525
3892, 205, 827
3893, 555, 653
3894, 671, 981
3895, 172, 275
3896, 40, 911
3897, 441, 515
3898, 125, 991
3899, 383, 705
3900, 200, 814
3901, 564, 860
3902, 432, 686
3903, 440, 904
3904, 470, 678
3905, 866, 997
3906, 61, 323
3907, 280, 672
3908, 294, 967
3909, 271, 833
3910, 91, 235
3911, 327, 647
3912, 656, 695
3913, 226, 983
3914, 22, 810
3915, 401, 978
3916, 428, 957
3917, 493, 662
3918, 453, 524
3919, 117, 721
3920, 621, 870
3921, 185, 363
3922, 628, 915
3923, 167, 640
3924, 509, 716
3925, 349, 831
3926, 77, 412
3927, 335, 772
3928, 869, 894
3929, 674, 878
3930, 286, 900
3931, 333, 666
3932, 457, 806
3933, 255, 505
3934, 381, 767
3935, 575, 677
3936, 820, 921
3937, 372, 663
3938, 944, 952
3939, 499, 765
3940, 469, 896
3941, 104, 963
3942, 443, 849
3943, 732, 752
3944, 216, 812
3945, 669, 782
3946, 253, 497
3947, 436, 599
3948, 160, 394
3949, 102, 186
3950, 118, 731
3951, 565, 856
3952, 630, 960
3953, 434, 615
3954, 800, 871
3955, 923, 954
3956, 218, 848
3957, 240, 350
3958, 722, 745
3959, 70, 361
3960, 409, 720
3961, 546, 582
3962, 594, 956
3963, 518, 822
3964, 62, 550
3965, 159, 169
3966, 538, 834
3967, 190, 725
3968, 75, 504
3969, 425, 490
3970, 95, 503
3971, 308, 777
3972, 268, 477
3973, 54, 279
3974, 49, 766
3975, 132, 652
3976, 442, 920
3977, 313, 431
3978, 843, 913
3979, 534, 826
3980, 655, 779
3981, 1, 12
3982, 438, 541
3983, 136, 829
3984, 83, 93
3985, 142, 405
3986, 46, 931
3987, 561, 709
3988, 344, 977
3989, 584, 768
3990, 194, 263
3991, 801, 992
3992, 215, 884
3993, 697, 819
3994, 262, 392
3995, 305, 331
3996, 260, 861
3997, 79, 865
3998, 339, 511
3999, 311, 968
4000, 53, 420
