id, img1, img2
1, 854, 870
2, 898, 974
3, 403, 412
4, 204, 351
5, 866, 869
6, 586, 608
7, 459, 995
8, 427, 927
9, 233, 703
10, 93, 745
11, 638, 699
12, 42, 151
13, 623, 932
14, 695, 977
15, 137, 319
16, 70, 133
17, 324, 476
18, 201, 990
19, 110, 624
20, 26, 347
21, 809, 905
22, 651, 814
23, 174, 223
24, 416, 698
25, 86, 337
26, 352, 729
27, 409, 711
28, 24, 109
29, 112, 801
30, 663, 741
31, 310, 659
32, 502, 517
33, 424, 471
34, 17, 486
35, 79, 355
36, 632, 683
37, 78, 591
38, 312, 841
39, 443, 579
40, 628, 658
41, 547, 909
42, 553, 682
43, 335, 815
44, 590, 955
45, 691, 759
46, 417, 996
47, 253, 769
48, 231, 947
49, 358, 840
50, 374, 385
51, 696, 936
52, 118, 535
53, 188, 599
54, 108, 364
55, 367, 750
56, 80, 121
57, 135, 439
58, 230, 601
59, 97, 290
60, 196, 315
61, 308, 713
62, 394, 588
63, 341, 687
64, 128, 221
65, 336, 796
66, 168, 723
67, 14, 206
68, 90, 596
69, 191, 587
70, 91, 144
71, 177, 860
72, 507, 767
73, 432, 770
74, 38, 536
75, 746, 980
76, 522, 792
77, 785, 966
78, 95, 436
79, 390, 786
80, 88, 449
81, 404, 446
82, 36, 81
83, 236, 846
84, 463, 474
85, 146, 885
86, 541, 938
87, 368, 440
88, 94, 744
89, 605, 884
90, 35, 134
91, 402, 903
92, 258, 678
93, 7, 867
94, 60, 509
95, 643, 895
96, 41, 202
97, 488, 987
98, 331, 525
99, 239, 261
100, 251, 354
101, 304, 689
102, 489, 567
103, 250, 438
104, 630, 740
105, 228, 670
106, 398, 758
107, 31, 40
108, 423, 957
109, 353, 556
110, 25, 445
111, 143, 825
112, 576, 878
113, 145, 727
114, 307, 861
115, 592, 1000
116, 327, 929
117, 217, 887
118, 868, 879
119, 197, 819
120, 244, 619
121, 550, 566
122, 357, 911
123, 577, 775
124, 270, 694
125, 437, 849
126, 317, 607
127, 847, 890
128, 87, 249
129, 156, 333
130, 100, 967
131, 287, 578
132, 284, 329
133, 305, 773
134, 422, 940
135, 371, 709
136, 858, 973
137, 948, 950
138, 442, 716
139, 48, 853
140, 23, 862
141, 44, 164
142, 669, 851
143, 397, 708
144, 379, 407
145, 300, 984
146, 82, 915
147, 32, 483
148, 891, 962
149, 61, 611
150, 147, 899
151, 458, 469
152, 642, 795
153, 344, 478
154, 275, 519
155, 226, 804
156, 186, 848
157, 346, 665
158, 585, 946
159, 306, 880
160, 153, 667
161, 89, 241
162, 179, 552
163, 254, 621
164, 686, 701
165, 334, 730
166, 460, 997
167, 6, 96
168, 350, 693
169, 13, 381
170, 149, 972
171, 19, 666
172, 490, 748
173, 286, 574
174, 182, 285
175, 12, 176
176, 158, 749
177, 68, 631
178, 37, 183
179, 297, 712
180, 431, 640
181, 141, 827
182, 77, 178
183, 119, 612
184, 28, 707
185, 56, 205
186, 794, 971
187, 169, 268
188, 531, 676
189, 172, 639
190, 328, 454
191, 10, 470
192, 142, 959
193, 774, 901
194, 401, 893
195, 788, 949
196, 419, 456
197, 242, 863
198, 580, 956
199, 322, 464
200, 220, 516
201, 138, 387
202, 148, 810
203, 737, 789
204, 571, 983
205, 140, 766
206, 46, 679
207, 428, 622
208, 389, 964
209, 160, 680
210, 557, 798
211, 75, 823
212, 274, 348
213, 295, 468
214, 582, 943
215, 30, 978
216, 704, 836
217, 125, 130
218, 518, 900
219, 549, 755
220, 276, 724
221, 107, 754
222, 85, 425
223, 461, 845
224, 200, 208
225, 408, 506
226, 511, 594
227, 234, 415
228, 540, 872
229, 293, 906
230, 779, 790
231, 227, 738
232, 303, 702
233, 918, 960
234, 157, 871
235, 450, 635
236, 124, 330
237, 62, 370
238, 122, 734
239, 165, 173
240, 161, 548
241, 126, 213
242, 618, 662
243, 534, 717
244, 386, 573
245, 660, 926
246, 170, 252
247, 240, 886
248, 835, 930
249, 598, 831
250, 288, 857
251, 326, 812
252, 219, 420
253, 63, 968
254, 185, 492
255, 299, 818
256, 49, 373
257, 43, 864
258, 98, 477
259, 435, 466
260, 3, 514
261, 83, 908
262, 224, 735
263, 281, 340
264, 52, 970
265, 152, 595
266, 664, 882
267, 45, 944
268, 272, 722
269, 55, 564
270, 66, 641
271, 235, 429
272, 377, 761
273, 113, 528
274, 289, 462
275, 545, 808
276, 117, 920
277, 22, 589
278, 718, 799
279, 325, 764
280, 410, 681
281, 649, 733
282, 255, 731
283, 503, 726
284, 302, 671
285, 103, 393
286, 180, 349
287, 105, 216
288, 457, 654
289, 382, 532
290, 363, 482
291, 115, 705
292, 361, 710
293, 765, 907
294, 73, 280
295, 76, 850
296, 593, 752
297, 493, 538
298, 163, 167
299, 414, 928
300, 296, 609
301, 650, 894
302, 843, 979
303, 58, 198
304, 166, 999
305, 190, 498
306, 501, 515
307, 54, 238
308, 451, 739
309, 209, 876
310, 581, 824
311, 155, 215
312, 11, 391
313, 803, 833
314, 433, 991
315, 104, 714
316, 192, 897
317, 896, 989
318, 101, 781
319, 916, 986
320, 5, 982
321, 136, 855
322, 405, 411
323, 15, 756
324, 203, 510
325, 742, 952
326, 684, 958
327, 154, 834
328, 505, 747
329, 225, 318
330, 455, 467
331, 508, 945
332, 345, 762
333, 99, 530
334, 465, 992
335, 222, 668
336, 243, 400
337, 380, 925
338, 768, 921
339, 1, 606
340, 560, 575
341, 343, 426
342, 237, 266
343, 64, 875
344, 171, 434
345, 291, 719
346, 71, 283
347, 481, 494
348, 229, 546
349, 495, 551
350, 384, 732
351, 2, 816
352, 360, 975
353, 298, 441
354, 484, 753
355, 8, 159
356, 603, 648
357, 57, 837
358, 568, 902
359, 129, 260
360, 672, 688
361, 256, 637
362, 852, 914
363, 53, 615
364, 392, 777
365, 661, 728
366, 523, 922
367, 131, 475
368, 604, 647
369, 418, 524
370, 491, 725
371, 27, 826
372, 320, 937
373, 69, 626
374, 378, 570
375, 18, 106
376, 245, 537
377, 9, 271
378, 736, 757
379, 34, 369
380, 92, 763
381, 881, 969
382, 504, 821
383, 51, 910
384, 844, 961
385, 267, 614
386, 321, 323
387, 399, 563
388, 116, 395
389, 277, 933
390, 356, 396
391, 39, 780
392, 645, 646
393, 602, 617
394, 675, 963
395, 20, 50
396, 263, 877
397, 265, 388
398, 499, 782
399, 359, 655
400, 4, 533
401, 539, 985
402, 453, 856
403, 452, 555
404, 16, 292
405, 448, 653
406, 232, 332
407, 771, 942
408, 674, 838
409, 644, 941
410, 269, 912
411, 120, 889
412, 883, 998
413, 690, 751
414, 47, 793
415, 473, 692
416, 706, 904
417, 218, 934
418, 526, 888
419, 273, 776
420, 247, 954
421, 583, 829
422, 259, 311
423, 721, 892
424, 313, 951
425, 102, 625
426, 29, 817
427, 362, 791
428, 211, 561
429, 830, 839
430, 339, 807
431, 633, 784
432, 529, 988
433, 294, 559
434, 111, 919
435, 496, 802
436, 74, 935
437, 246, 873
438, 472, 584
439, 383, 697
440, 513, 627
441, 262, 562
442, 543, 620
443, 123, 800
444, 616, 953
445, 822, 976
446, 685, 981
447, 207, 743
448, 565, 859
449, 279, 521
450, 634, 913
451, 342, 657
452, 114, 772
453, 193, 787
454, 199, 700
455, 309, 656
456, 132, 720
457, 187, 444
458, 189, 212
459, 558, 613
460, 430, 994
461, 181, 479
462, 597, 924
463, 257, 520
464, 282, 527
465, 600, 797
466, 278, 931
467, 127, 210
468, 760, 965
469, 139, 372
470, 72, 811
471, 175, 184
472, 214, 806
473, 447, 874
474, 65, 375
475, 636, 832
476, 248, 778
477, 413, 480
478, 162, 993
479, 150, 865
480, 421, 542
481, 84, 376
482, 33, 406
483, 512, 677
484, 301, 500
485, 365, 842
486, 497, 544
487, 314, 939
488, 195, 485
489, 21, 629
490, 194, 805
491, 338, 715
492, 610, 923
493, 67, 820
494, 366, 652
495, 569, 673
496, 316, 487
497, 59, 783
498, 264, 813
499, 554, 917
500, 572, 828
501, 360, 806
502, 572, 937
503, 448, 617
504, 13, 652
505, 480, 620
506, 517, 795
507, 643, 885
508, 292, 447
509, 371, 407
510, 101, 798
511, 107, 832
512, 748, 786
513, 589, 952
514, 282, 949
515, 156, 869
516, 135, 289
517, 139, 243
518, 73, 811
519, 451, 498
520, 601, 834
521, 271, 758
522, 349, 822
523, 138, 363
524, 255, 546
525, 729, 913
526, 53, 440
527, 385, 726
528, 230, 794
529, 416, 458
530, 105, 953
531, 211, 658
532, 634, 732
533, 25, 958
534, 250, 900
535, 575, 754
536, 358, 763
537, 565, 638
538, 340, 666
539, 224, 948
540, 58, 127
541, 248, 298
542, 299, 893
543, 184, 675
544, 500, 917
545, 74, 677
546, 1, 22
547, 423, 899
548, 235, 660
549, 347, 563
550, 134, 793
551, 68, 642
552, 400, 554
553, 174, 764
554, 89, 491
555, 315, 859
556, 109, 272
557, 245, 627
558, 93, 987
559, 166, 928
560, 501, 920
561, 27, 364
562, 262, 693
563, 578, 599
564, 624, 865
565, 40, 586
566, 604, 653
567, 273, 394
568, 140, 906
569, 79, 978
570, 437, 625
571, 405, 908
572, 444, 882
573, 796, 833
574, 721, 947
575, 80, 697
576, 484, 680
577, 149, 425
578, 392, 773
579, 858, 939
580, 784, 905
581, 71, 200
582, 24, 767
583, 276, 633
584, 808, 965
585, 333, 434
586, 695, 974
587, 202, 861
588, 123, 711
589, 383, 430
590, 453, 857
591, 770, 996
592, 629, 730
593, 87, 981
594, 483, 825
595, 325, 897
596, 157, 934
597, 399, 631
598, 548, 919
599, 600, 982
600, 238, 443
601, 2, 918
602, 228, 765
603, 45, 99
604, 435, 873
605, 564, 761
606, 148, 314
607, 296, 778
608, 223, 530
609, 305, 417
610, 482, 896
611, 301, 327
612, 177, 179
613, 380, 868
614, 731, 779
615, 300, 699
616, 672, 890
617, 190, 229
618, 120, 641
619, 110, 587
620, 671, 940
621, 216, 419
622, 645, 829
623, 169, 718
624, 21, 281
625, 511, 950
626, 55, 201
627, 36, 222
628, 121, 728
629, 291, 318
630, 669, 884
631, 538, 665
632, 203, 651
633, 741, 871
634, 415, 762
635, 775, 979
636, 164, 168
637, 118, 984
638, 783, 959
639, 237, 700
640, 687, 907
641, 749, 790
642, 54, 541
643, 616, 847
644, 280, 454
645, 475, 668
646, 810, 826
647, 91, 856
648, 83, 381
649, 94, 355
650, 279, 851
651, 615, 780
652, 155, 853
653, 755, 966
654, 97, 756
655, 544, 777
656, 124, 142
657, 130, 924
658, 736, 750
659, 131, 843
660, 29, 516
661, 337, 520
662, 251, 342
663, 162, 452
664, 438, 569
665, 175, 552
666, 86, 849
667, 439, 881
668, 46, 523
669, 915, 927
670, 512, 801
671, 12, 464
672, 191, 411
673, 10, 815
674, 42, 206
675, 265, 534
676, 195, 553
677, 218, 830
678, 242, 478
679, 640, 644
680, 396, 874
681, 18, 708
682, 41, 104
683, 485, 951
684, 214, 321
685, 185, 628
686, 106, 477
687, 432, 895
688, 197, 370
689, 100, 424
690, 63, 646
691, 404, 676
692, 47, 997
693, 293, 515
694, 356, 772
695, 766, 813
696, 378, 504
697, 374, 457
698, 143, 876
699, 662, 898
700, 623, 807
701, 428, 594
702, 258, 372
703, 412, 648
704, 264, 968
705, 481, 923
706, 69, 170
707, 151, 176
708, 98, 701
709, 709, 855
710, 461, 703
711, 336, 926
712, 379, 583
713, 322, 456
714, 527, 706
715, 582, 941
716, 227, 757
717, 154, 505
718, 329, 514
719, 114, 735
720, 352, 689
721, 213, 588
722, 580, 838
723, 183, 681
724, 903, 943
725, 334, 954
726, 368, 799
727, 75, 433
728, 220, 962
729, 26, 189
730, 679, 839
731, 204, 909
732, 710, 1000
733, 277, 605
734, 182, 841
735, 613, 912
736, 205, 233
737, 384, 568
738, 44, 163
739, 431, 971
740, 820, 963
741, 239, 630
742, 460, 574
743, 463, 985
744, 257, 655
745, 556, 819
746, 34, 64
747, 549, 932
748, 231, 410
749, 319, 702
750, 192, 831
751, 398, 493
752, 902, 986
753, 217, 991
754, 335, 692
755, 284, 995
756, 591, 606
757, 81, 377
758, 141, 724
759, 698, 877
760, 212, 535
761, 49, 976
762, 577, 886
763, 743, 760
764, 117, 598
765, 844, 929
766, 11, 56
767, 545, 691
768, 581, 933
769, 367, 803
770, 187, 366
771, 23, 459
772, 84, 108
773, 449, 602
774, 302, 812
775, 579, 609
776, 37, 401
777, 61, 910
778, 30, 389
779, 234, 254
780, 536, 667
781, 51, 59
782, 9, 278
783, 136, 862
784, 506, 835
785, 528, 537
786, 805, 957
787, 173, 717
788, 150, 946
789, 328, 375
790, 180, 584
791, 274, 992
792, 267, 663
793, 147, 792
794, 158, 734
795, 65, 533
796, 331, 490
797, 57, 994
798, 560, 901
799, 48, 673
800, 215, 621
801, 441, 508
802, 570, 964
803, 472, 521
804, 303, 888
805, 413, 429
806, 386, 863
807, 596, 866
808, 469, 522
809, 152, 323
810, 241, 973
811, 421, 529
812, 8, 999
813, 52, 209
814, 487, 614
815, 4, 688
816, 684, 787
817, 489, 518
818, 246, 817
819, 186, 742
820, 420, 704
821, 219, 350
822, 468, 739
823, 290, 854
824, 210, 639
825, 90, 129
826, 288, 513
827, 208, 970
828, 28, 50
829, 145, 225
830, 178, 930
831, 77, 119
832, 62, 519
833, 393, 525
834, 547, 875
835, 160, 956
836, 308, 390
837, 14, 611
838, 887, 931
839, 153, 619
840, 338, 557
841, 31, 387
842, 473, 608
843, 494, 771
844, 295, 993
845, 266, 975
846, 369, 848
847, 70, 836
848, 96, 132
849, 193, 612
850, 878, 936
851, 103, 603
852, 768, 969
853, 479, 558
854, 171, 499
855, 7, 555
856, 649, 707
857, 167, 737
858, 159, 196
859, 892, 998
860, 88, 818
861, 133, 585
862, 395, 852
863, 455, 559
864, 414, 618
865, 774, 960
866, 332, 972
867, 297, 719
868, 207, 306
869, 341, 935
870, 442, 802
871, 92, 249
872, 236, 656
873, 551, 626
874, 252, 502
875, 126, 361
876, 113, 664
877, 445, 983
878, 221, 597
879, 102, 345
880, 738, 824
881, 354, 816
882, 137, 532
883, 562, 791
884, 72, 476
885, 682, 751
886, 33, 95
887, 85, 694
888, 809, 821
889, 632, 889
890, 15, 759
891, 311, 542
892, 286, 531
893, 788, 850
894, 550, 678
895, 426, 752
896, 894, 967
897, 294, 590
898, 465, 507
899, 409, 733
900, 20, 406
901, 60, 309
902, 146, 391
903, 495, 789
904, 715, 922
905, 317, 576
906, 916, 938
907, 526, 800
908, 497, 661
909, 261, 540
910, 635, 659
911, 685, 722
912, 16, 76
913, 112, 925
914, 351, 650
915, 17, 637
916, 827, 911
917, 165, 492
918, 346, 365
919, 144, 785
920, 348, 746
921, 921, 989
922, 304, 310
923, 111, 256
924, 285, 776
925, 268, 610
926, 343, 408
927, 194, 326
928, 188, 782
929, 247, 955
930, 232, 388
931, 488, 872
932, 307, 712
933, 82, 539
934, 686, 977
935, 883, 988
936, 116, 253
937, 66, 503
938, 67, 595
939, 320, 879
940, 397, 418
941, 462, 486
942, 125, 446
943, 376, 657
944, 226, 474
945, 880, 945
946, 690, 904
947, 260, 561
948, 573, 769
949, 198, 402
950, 592, 723
951, 172, 466
952, 287, 870
953, 269, 543
954, 362, 720
955, 566, 567
956, 654, 990
957, 181, 714
958, 845, 944
959, 607, 727
960, 316, 864
961, 6, 38
962, 373, 593
963, 450, 814
964, 353, 471
965, 705, 840
966, 199, 980
967, 78, 161
968, 128, 496
969, 740, 842
970, 647, 725
971, 122, 942
972, 344, 510
973, 39, 860
974, 716, 747
975, 622, 744
976, 115, 467
977, 275, 313
978, 19, 270
979, 670, 753
980, 5, 324
981, 312, 357
982, 781, 797
983, 382, 422
984, 696, 961
985, 330, 837
986, 240, 359
987, 43, 828
988, 403, 745
989, 823, 867
990, 32, 713
991, 259, 891
992, 427, 636
993, 244, 283
994, 571, 846
995, 436, 524
996, 339, 509
997, 3, 470
998, 804, 914
999, 35, 674
1000, 263, 683
1001, 241, 808
1002, 58, 723
1003, 313, 370
1004, 135, 849
1005, 145, 494
1006, 232, 763
1007, 243, 648
1008, 744, 994
1009, 532, 699
1010, 732, 947
1011, 52, 481
1012, 626, 996
1013, 5, 990
1014, 348, 459
1015, 300, 804
1016, 21, 164
1017, 233, 250
1018, 384, 724
1019, 307, 417
1020, 8, 668
1021, 709, 885
1022, 46, 267
1023, 195, 685
1024, 466, 544
1025, 12, 460
1026, 283, 657
1027, 870, 888
1028, 43, 253
1029, 187, 810
1030, 71, 309
1031, 542, 985
1032, 325, 334
1033, 422, 955
1034, 82, 735
1035, 248, 671
1036, 801, 946
1037, 180, 252
1038, 189, 314
1039, 217, 711
1040, 363, 410
1041, 567, 585
1042, 662, 730
1043, 415, 716
1044, 588, 757
1045, 479, 694
1046, 815, 854
1047, 7, 143
1048, 212, 531
1049, 464, 693
1050, 22, 200
1051, 326, 882
1052, 106, 155
1053, 490, 790
1054, 674, 855
1055, 712, 935
1056, 47, 258
1057, 400, 527
1058, 589, 988
1059, 178, 905
1060, 340, 361
1061, 288, 759
1062, 448, 728
1063, 227, 986
1064, 569, 778
1065, 420, 439
1066, 379, 442
1067, 196, 966
1068, 582, 843
1069, 353, 937
1070, 391, 786
1071, 11, 829
1072, 137, 611
1073, 94, 974
1074, 29, 116
1075, 198, 392
1076, 483, 807
1077, 525, 873
1078, 268, 613
1079, 350, 548
1080, 827, 894
1081, 359, 564
1082, 183, 835
1083, 103, 356
1084, 584, 789
1085, 166, 869
1086, 423, 910
1087, 249, 656
1088, 70, 425
1089, 555, 920
1090, 109, 911
1091, 131, 769
1092, 111, 218
1093, 549, 576
1094, 465, 506
1095, 397, 673
1096, 440, 803
1097, 273, 771
1098, 264, 620
1099, 18, 818
1100, 159, 487
1101, 27, 407
1102, 458, 809
1103, 105, 896
1104, 95, 168
1105, 236, 746
1106, 26, 360
1107, 246, 840
1108, 127, 390
1109, 138, 435
1110, 480, 791
1111, 207, 639
1112, 825, 839
1113, 149, 800
1114, 372, 562
1115, 586, 814
1116, 813, 987
1117, 378, 551
1118, 263, 802
1119, 84, 619
1120, 68, 367
1121, 323, 499
1122, 87, 898
1123, 708, 725
1124, 24, 721
1125, 714, 930
1126, 72, 157
1127, 602, 993
1128, 819, 971
1129, 2, 832
1130, 345, 365
1131, 447, 644
1132, 144, 960
1133, 23, 701
1134, 277, 664
1135, 343, 558
1136, 822, 826
1137, 126, 805
1138, 186, 324
1139, 557, 811
1140, 239, 895
1141, 386, 695
1142, 427, 640
1143, 609, 913
1144, 92, 297
1145, 530, 535
1146, 453, 900
1147, 540, 964
1148, 403, 665
1149, 473, 697
1150, 31, 228
1151, 508, 718
1152, 222, 603
1153, 568, 591
1154, 78, 831
1155, 659, 756
1156, 333, 571
1157, 362, 437
1158, 430, 660
1159, 485, 768
1160, 152, 281
1161, 39, 76
1162, 636, 904
1163, 1, 669
1164, 162, 970
1165, 710, 992
1166, 182, 720
1167, 81, 133
1168, 80, 107
1169, 96, 165
1170, 559, 751
1171, 205, 666
1172, 238, 488
1173, 185, 909
1174, 654, 745
1175, 421, 981
1176, 142, 903
1177, 424, 806
1178, 33, 265
1179, 346, 758
1180, 574, 893
1181, 438, 761
1182, 321, 968
1183, 272, 845
1184, 748, 792
1185, 457, 853
1186, 132, 615
1187, 41, 573
1188, 44, 866
1189, 160, 623
1190, 91, 328
1191, 518, 775
1192, 50, 764
1193, 286, 727
1194, 377, 632
1195, 169, 877
1196, 114, 327
1197, 148, 633
1198, 779, 942
1199, 647, 795
1200, 452, 507
1201, 237, 917
1202, 382, 514
1203, 230, 774
1204, 627, 747
1205, 35, 686
1206, 692, 938
1207, 93, 678
1208, 431, 765
1209, 75, 847
1210, 581, 731
1211, 658, 881
1212, 513, 863
1213, 90, 944
1214, 590, 702
1215, 134, 405
1216, 42, 687
1217, 108, 304
1218, 190, 736
1219, 16, 780
1220, 284, 614
1221, 828, 976
1222, 411, 618
1223, 173, 401
1224, 683, 860
1225, 146, 595
1226, 223, 741
1227, 762, 883
1228, 482, 858
1229, 282, 533
1230, 97, 225
1231, 413, 844
1232, 251, 931
1233, 51, 83
1234, 60, 320
1235, 301, 475
1236, 381, 610
1237, 53, 952
1238, 539, 890
1239, 175, 316
1240, 37, 580
1241, 565, 750
1242, 788, 914
1243, 299, 834
1244, 373, 677
1245, 394, 770
1246, 310, 684
1247, 560, 851
1248, 546, 783
1249, 637, 933
1250, 86, 681
1251, 519, 670
1252, 34, 793
1253, 181, 916
1254, 244, 433
1255, 130, 848
1256, 497, 821
1257, 30, 113
1258, 128, 738
1259, 402, 592
1260, 875, 983
1261, 357, 755
1262, 516, 596
1263, 275, 817
1264, 308, 850
1265, 495, 634
1266, 209, 408
1267, 242, 468
1268, 156, 838
1269, 296, 344
1270, 247, 830
1271, 101, 899
1272, 170, 352
1273, 492, 521
1274, 63, 999
1275, 412, 467
1276, 147, 515
1277, 136, 167
1278, 59, 395
1279, 450, 703
1280, 886, 997
1281, 202, 364
1282, 675, 957
1283, 787, 978
1284, 566, 601
1285, 112, 841
1286, 722, 979
1287, 638, 679
1288, 387, 954
1289, 123, 503
1290, 317, 891
1291, 383, 833
1292, 380, 912
1293, 456, 965
1294, 64, 604
1295, 124, 1000
1296, 335, 463
1297, 276, 642
1298, 54, 939
1299, 220, 376
1300, 255, 553
1301, 587, 680
1302, 271, 649
1303, 478, 963
1304, 259, 739
1305, 177, 470
1306, 62, 717
1307, 79, 704
1308, 812, 941
1309, 349, 688
1310, 154, 852
1311, 556, 950
1312, 120, 606
1313, 204, 867
1314, 919, 949
1315, 25, 593
1316, 161, 907
1317, 563, 676
1318, 73, 226
1319, 319, 455
1320, 472, 871
1321, 428, 536
1322, 216, 733
1323, 125, 358
1324, 375, 432
1325, 368, 652
1326, 151, 213
1327, 351, 552
1328, 208, 505
1329, 184, 520
1330, 434, 842
1331, 179, 197
1332, 306, 927
1333, 119, 371
1334, 445, 474
1335, 355, 836
1336, 17, 214
1337, 229, 713
1338, 570, 772
1339, 491, 500
1340, 28, 471
1341, 172, 441
1342, 61, 295
1343, 398, 510
1344, 3, 332
1345, 4, 462
1346, 880, 932
1347, 67, 998
1348, 385, 887
1349, 55, 962
1350, 653, 859
1351, 322, 329
1352, 928, 980
1353, 691, 961
1354, 221, 655
1355, 305, 872
1356, 889, 959
1357, 10, 312
1358, 493, 534
1359, 88, 260
1360, 476, 512
1361, 338, 958
1362, 49, 667
1363, 617, 837
1364, 56, 341
1365, 141, 612
1366, 906, 972
1367, 140, 337
1368, 388, 737
1369, 224, 934
1370, 729, 892
1371, 48, 292
1372, 14, 396
1373, 257, 918
1374, 274, 953
1375, 121, 929
1376, 399, 878
1377, 743, 752
1378, 406, 864
1379, 369, 796
1380, 616, 754
1381, 628, 631
1382, 74, 547
1383, 776, 901
1384, 211, 266
1385, 210, 541
1386, 115, 279
1387, 256, 537
1388, 20, 502
1389, 9, 940
1390, 66, 705
1391, 199, 583
1392, 579, 977
1393, 69, 201
1394, 354, 749
1395, 429, 517
1396, 451, 948
1397, 89, 174
1398, 57, 426
1399, 374, 777
1400, 318, 995
1401, 303, 651
1402, 235, 262
1403, 446, 926
1404, 231, 706
1405, 38, 760
1406, 176, 857
1407, 153, 936
1408, 608, 700
1409, 118, 598
1410, 302, 572
1411, 331, 454
1412, 409, 897
1413, 956, 984
1414, 641, 707
1415, 315, 389
1416, 85, 498
1417, 461, 861
1418, 501, 989
1419, 245, 696
1420, 100, 645
1421, 290, 823
1422, 496, 921
1423, 550, 925
1424, 13, 924
1425, 193, 311
1426, 278, 991
1427, 261, 646
1428, 6, 597
1429, 171, 799
1430, 624, 767
1431, 650, 726
1432, 77, 773
1433, 206, 824
1434, 575, 874
1435, 188, 643
1436, 734, 923
1437, 219, 336
1438, 163, 418
1439, 99, 522
1440, 444, 698
1441, 509, 715
1442, 607, 794
1443, 150, 561
1444, 330, 915
1445, 577, 865
1446, 287, 672
1447, 366, 443
1448, 689, 943
1449, 117, 784
1450, 538, 951
1451, 285, 682
1452, 158, 629
1453, 294, 524
1454, 797, 969
1455, 110, 868
1456, 543, 605
1457, 194, 449
1458, 203, 486
1459, 240, 820
1460, 254, 902
1461, 32, 846
1462, 36, 781
1463, 599, 856
1464, 526, 908
1465, 554, 973
1466, 404, 635
1467, 293, 862
1468, 270, 663
1469, 40, 393
1470, 528, 625
1471, 298, 622
1472, 191, 816
1473, 419, 740
1474, 104, 511
1475, 477, 975
1476, 102, 922
1477, 436, 484
1478, 416, 690
1479, 139, 234
1480, 65, 342
1481, 98, 753
1482, 291, 469
1483, 504, 594
1484, 347, 578
1485, 215, 289
1486, 129, 269
1487, 122, 785
1488, 719, 782
1489, 630, 884
1490, 489, 661
1491, 545, 982
1492, 529, 876
1493, 339, 742
1494, 798, 879
1495, 19, 766
1496, 192, 945
1497, 15, 414
1498, 523, 621
1499, 280, 600
1500, 45, 967
1501, 269, 767
1502, 830, 836
1503, 469, 608
1504, 331, 405
1505, 157, 316
1506, 53, 891
1507, 11, 308
1508, 326, 662
1509, 694, 748
1510, 200, 825
1511, 696, 743
1512, 329, 885
1513, 151, 740
1514, 284, 444
1515, 572, 747
1516, 293, 388
1517, 257, 387
1518, 527, 607
1519, 191, 676
1520, 454, 923
1521, 232, 404
1522, 154, 426
1523, 5, 365
1524, 14, 976
1525, 292, 659
1526, 101, 343
1527, 318, 401
1528, 349, 350
1529, 95, 96
1530, 114, 508
1531, 89, 618
1532, 692, 951
1533, 424, 560
1534, 115, 548
1535, 52, 453
1536, 280, 568
1537, 273, 780
1538, 852, 1000
1539, 695, 795
1540, 2, 893
1541, 642, 987
1542, 104, 978
1543, 162, 994
1544, 597, 776
1545, 823, 943
1546, 344, 648
1547, 41, 872
1548, 506, 900
1549, 9, 166
1550, 164, 878
1551, 131, 501
1552, 414, 824
1553, 239, 873
1554, 192, 412
1555, 493, 532
1556, 686, 822
1557, 28, 711
1558, 233, 813
1559, 330, 495
1560, 182, 536
1561, 44, 628
1562, 50, 908
1563, 358, 474
1564, 46, 422
1565, 610, 856
1566, 346, 459
1567, 552, 635
1568, 171, 679
1569, 137, 576
1570, 947, 992
1571, 277, 984
1572, 65, 920
1573, 33, 261
1574, 458, 720
1575, 103, 442
1576, 6, 867
1577, 190, 890
1578, 768, 938
1579, 439, 940
1580, 902, 919
1581, 311, 557
1582, 204, 808
1583, 29, 250
1584, 351, 714
1585, 848, 981
1586, 464, 598
1587, 333, 362
1588, 202, 309
1589, 577, 924
1590, 619, 882
1591, 111, 937
1592, 92, 428
1593, 777, 935
1594, 196, 774
1595, 849, 928
1596, 108, 794
1597, 125, 684
1598, 413, 436
1599, 727, 864
1600, 638, 933
1601, 64, 871
1602, 300, 400
1603, 24, 594
1604, 627, 687
1605, 356, 730
1606, 440, 549
1607, 62, 571
1608, 135, 170
1609, 83, 455
1610, 8, 815
1611, 271, 884
1612, 153, 545
1613, 117, 697
1614, 297, 993
1615, 327, 839
1616, 187, 922
1617, 360, 375
1618, 227, 975
1619, 303, 996
1620, 254, 702
1621, 497, 655
1622, 485, 918
1623, 179, 281
1624, 341, 982
1625, 441, 650
1626, 20, 71
1627, 854, 998
1628, 124, 337
1629, 539, 633
1630, 291, 382
1631, 601, 958
1632, 332, 963
1633, 258, 408
1634, 274, 983
1635, 735, 855
1636, 249, 324
1637, 35, 543
1638, 278, 472
1639, 246, 631
1640, 511, 807
1641, 553, 562
1642, 262, 625
1643, 678, 759
1644, 75, 504
1645, 522, 841
1646, 881, 972
1647, 556, 971
1648, 219, 897
1649, 288, 959
1650, 63, 374
1651, 72, 172
1652, 380, 529
1653, 37, 169
1654, 82, 161
1655, 407, 498
1656, 789, 941
1657, 716, 762
1658, 525, 779
1659, 637, 816
1660, 615, 658
1661, 126, 599
1662, 146, 475
1663, 60, 299
1664, 215, 589
1665, 487, 514
1666, 861, 955
1667, 87, 229
1668, 163, 193
1669, 17, 946
1670, 31, 746
1671, 450, 467
1672, 210, 643
1673, 604, 828
1674, 345, 798
1675, 468, 644
1676, 7, 216
1677, 765, 877
1678, 657, 899
1679, 471, 821
1680, 693, 829
1681, 212, 742
1682, 282, 942
1683, 481, 880
1684, 551, 616
1685, 129, 183
1686, 234, 432
1687, 364, 970
1688, 4, 911
1689, 317, 832
1690, 73, 722
1691, 769, 906
1692, 672, 784
1693, 168, 974
1694, 623, 850
1695, 247, 503
1696, 741, 997
1697, 660, 753
1698, 417, 953
1699, 32, 416
1700, 263, 484
1701, 340, 939
1702, 390, 799
1703, 16, 528
1704, 457, 496
1705, 372, 895
1706, 763, 847
1707, 509, 713
1708, 66, 680
1709, 306, 348
1710, 396, 700
1711, 159, 745
1712, 132, 988
1713, 19, 876
1714, 675, 883
1715, 106, 410
1716, 107, 731
1717, 319, 620
1718, 323, 956
1719, 585, 806
1720, 243, 579
1721, 641, 668
1722, 222, 510
1723, 15, 516
1724, 596, 691
1725, 76, 826
1726, 335, 916
1727, 526, 931
1728, 590, 611
1729, 750, 842
1730, 205, 663
1731, 84, 588
1732, 640, 966
1733, 523, 690
1734, 338, 964
1735, 12, 764
1736, 248, 418
1737, 97, 868
1738, 99, 206
1739, 252, 723
1740, 45, 502
1741, 397, 466
1742, 197, 321
1743, 218, 353
1744, 165, 862
1745, 505, 834
1746, 652, 796
1747, 119, 682
1748, 224, 479
1749, 253, 773
1750, 805, 948
1751, 298, 490
1752, 370, 419
1753, 266, 448
1754, 49, 149
1755, 78, 121
1756, 264, 837
1757, 123, 305
1758, 30, 241
1759, 664, 685
1760, 838, 973
1761, 367, 936
1762, 105, 626
1763, 23, 122
1764, 40, 889
1765, 617, 851
1766, 533, 965
1767, 336, 359
1768, 447, 456
1769, 180, 654
1770, 831, 961
1771, 732, 820
1772, 701, 886
1773, 144, 913
1774, 67, 666
1775, 446, 990
1776, 595, 949
1777, 174, 433
1778, 394, 670
1779, 201, 561
1780, 177, 705
1781, 58, 175
1782, 94, 689
1783, 489, 986
1784, 236, 980
1785, 237, 968
1786, 402, 431
1787, 81, 430
1788, 368, 559
1789, 570, 904
1790, 325, 772
1791, 737, 934
1792, 875, 915
1793, 739, 857
1794, 57, 477
1795, 127, 478
1796, 653, 860
1797, 581, 814
1798, 605, 912
1799, 307, 707
1800, 109, 260
1801, 352, 507
1802, 409, 879
1803, 43, 391
1804, 554, 930
1805, 434, 724
1806, 574, 698
1807, 710, 846
1808, 22, 141
1809, 515, 634
1810, 386, 541
1811, 531, 892
1812, 48, 734
1813, 438, 443
1814, 704, 785
1815, 647, 673
1816, 217, 242
1817, 603, 797
1818, 320, 373
1819, 728, 952
1820, 898, 926
1821, 133, 787
1822, 328, 461
1823, 754, 775
1824, 555, 778
1825, 223, 708
1826, 355, 612
1827, 624, 752
1828, 703, 782
1829, 429, 671
1830, 586, 927
1831, 228, 427
1832, 207, 537
1833, 160, 361
1834, 593, 733
1835, 36, 140
1836, 621, 957
1837, 296, 482
1838, 480, 517
1839, 363, 613
1840, 118, 999
1841, 578, 817
1842, 491, 874
1843, 294, 812
1844, 706, 833
1845, 102, 231
1846, 645, 761
1847, 863, 967
1848, 34, 270
1849, 130, 152
1850, 245, 681
1851, 74, 423
1852, 399, 573
1853, 221, 719
1854, 235, 565
1855, 302, 415
1856, 255, 840
1857, 91, 534
1858, 425, 901
1859, 18, 80
1860, 184, 538
1861, 199, 240
1862, 1, 519
1863, 465, 950
1864, 591, 866
1865, 688, 887
1866, 38, 267
1867, 90, 569
1868, 758, 800
1869, 85, 155
1870, 173, 665
1871, 150, 384
1872, 56, 357
1873, 451, 736
1874, 209, 542
1875, 203, 287
1876, 310, 395
1877, 312, 342
1878, 809, 944
1879, 268, 606
1880, 214, 718
1881, 139, 632
1882, 112, 220
1883, 858, 907
1884, 512, 729
1885, 385, 699
1886, 721, 738
1887, 68, 238
1888, 445, 592
1889, 136, 844
1890, 39, 251
1891, 25, 985
1892, 486, 819
1893, 134, 334
1894, 513, 614
1895, 437, 646
1896, 148, 802
1897, 145, 313
1898, 403, 977
1899, 406, 584
1900, 435, 989
1901, 903, 932
1902, 962, 991
1903, 186, 272
1904, 225, 803
1905, 27, 755
1906, 198, 749
1907, 609, 804
1908, 13, 376
1909, 544, 792
1910, 535, 649
1911, 629, 771
1912, 366, 818
1913, 195, 398
1914, 244, 865
1915, 110, 583
1916, 21, 113
1917, 226, 383
1918, 540, 960
1919, 265, 473
1920, 167, 726
1921, 70, 669
1922, 563, 827
1923, 392, 760
1924, 369, 575
1925, 301, 494
1926, 10, 98
1927, 674, 810
1928, 55, 905
1929, 185, 910
1930, 354, 499
1931, 582, 894
1932, 26, 421
1933, 781, 853
1934, 283, 339
1935, 476, 524
1936, 194, 869
1937, 483, 790
1938, 189, 371
1939, 100, 211
1940, 188, 979
1941, 54, 295
1942, 256, 811
1943, 683, 770
1944, 142, 420
1945, 3, 77
1946, 712, 995
1947, 580, 587
1948, 558, 717
1949, 230, 285
1950, 564, 766
1951, 530, 709
1952, 602, 845
1953, 622, 757
1954, 259, 921
1955, 61, 751
1956, 379, 835
1957, 147, 756
1958, 213, 492
1959, 452, 870
1960, 276, 347
1961, 128, 896
1962, 566, 801
1963, 47, 661
1964, 389, 520
1965, 143, 547
1966, 42, 630
1967, 275, 460
1968, 377, 518
1969, 69, 546
1970, 786, 925
1971, 744, 843
1972, 378, 463
1973, 322, 651
1974, 304, 500
1975, 178, 315
1976, 208, 289
1977, 314, 725
1978, 158, 945
1979, 567, 656
1980, 290, 600
1981, 88, 470
1982, 116, 715
1983, 93, 636
1984, 393, 791
1985, 51, 917
1986, 279, 914
1987, 120, 783
1988, 788, 793
1989, 462, 550
1990, 381, 954
1991, 176, 667
1992, 411, 909
1993, 639, 929
1994, 488, 521
1995, 86, 677
1996, 79, 286
1997, 449, 969
1998, 181, 859
1999, 156, 888
2000, 59, 138
2001, 13, 495
2002, 172, 382
2003, 114, 225
2004, 5, 438
2005, 44, 473
2006, 260, 778
2007, 227, 593
2008, 55, 538
2009, 161, 793
2010, 619, 818
2011, 516, 604
2012, 173, 413
2013, 366, 642
2014, 380, 595
2015, 94, 823
2016, 427, 808
2017, 271, 931
2018, 782, 815
2019, 243, 343
2020, 457, 819
2021, 591, 742
2022, 144, 348
2023, 449, 549
2024, 199, 635
2025, 154, 787
2026, 777, 849
2027, 335, 542
2028, 328, 765
2029, 124, 439
2030, 295, 686
2031, 350, 899
2032, 664, 857
2033, 14, 683
2034, 416, 950
2035, 38, 937
2036, 470, 975
2037, 779, 796
2038, 24, 954
2039, 412, 601
2040, 770, 991
2041, 928, 951
2042, 801, 983
2043, 355, 719
2044, 297, 921
2045, 838, 889
2046, 357, 768
2047, 309, 586
2048, 491, 526
2049, 245, 919
2050, 572, 898
2051, 706, 825
2052, 99, 131
2053, 222, 866
2054, 258, 993
2055, 479, 905
2056, 371, 718
2057, 387, 935
2058, 424, 911
2059, 39, 762
2060, 221, 432
2061, 414, 466
2062, 250, 461
2063, 18, 517
2064, 755, 811
2065, 425, 856
2066, 200, 771
2067, 848, 943
2068, 589, 702
2069, 385, 929
2070, 54, 681
2071, 270, 493
2072, 35, 843
2073, 155, 942
2074, 107, 391
2075, 677, 888
2076, 84, 443
2077, 790, 986
2078, 464, 558
2079, 98, 209
2080, 505, 979
2081, 735, 812
2082, 668, 732
2083, 530, 599
2084, 331, 584
2085, 179, 365
2086, 402, 959
2087, 758, 946
2088, 76, 324
2089, 337, 523
2090, 453, 707
2091, 396, 736
2092, 275, 566
2093, 266, 509
2094, 208, 938
2095, 123, 794
2096, 648, 865
2097, 202, 877
2098, 63, 174
2099, 188, 760
2100, 374, 395
2101, 138, 717
2102, 26, 467
2103, 40, 900
2104, 163, 839
2105, 347, 463
2106, 496, 816
2107, 699, 871
2108, 345, 515
2109, 513, 876
2110, 528, 726
2111, 70, 958
2112, 368, 532
2113, 253, 692
2114, 220, 548
2115, 673, 731
2116, 133, 906
2117, 235, 869
2118, 311, 907
2119, 426, 775
2120, 140, 156
2121, 620, 922
2122, 306, 678
2123, 465, 579
2124, 6, 997
2125, 349, 562
2126, 407, 420
2127, 128, 614
2128, 33, 961
2129, 228, 693
2130, 85, 122
2131, 720, 724
2132, 669, 949
2133, 149, 499
2134, 437, 563
2135, 246, 933
2136, 364, 893
2137, 745, 923
2138, 600, 820
2139, 50, 445
2140, 554, 985
2141, 23, 536
2142, 704, 774
2143, 87, 164
2144, 537, 637
2145, 612, 845
2146, 492, 828
2147, 488, 887
2148, 237, 767
2149, 447, 489
2150, 194, 405
2151, 148, 525
2152, 291, 596
2153, 48, 656
2154, 300, 691
2155, 80, 1000
2156, 312, 632
2157, 567, 995
2158, 157, 422
2159, 471, 485
2160, 456, 469
2161, 501, 638
2162, 15, 472
2163, 440, 628
2164, 73, 658
2165, 338, 359
2166, 218, 393
2167, 201, 751
2168, 431, 850
2169, 7, 613
2170, 103, 763
2171, 544, 851
2172, 71, 354
2173, 643, 644
2174, 487, 700
2175, 436, 594
2176, 111, 236
2177, 238, 322
2178, 358, 885
2179, 232, 522
2180, 329, 977
2181, 964, 988
2182, 190, 285
2183, 22, 578
2184, 152, 459
2185, 446, 641
2186, 592, 844
2187, 799, 936
2188, 671, 685
2189, 293, 317
2190, 636, 853
2191, 42, 924
2192, 160, 741
2193, 659, 697
2194, 3, 195
2195, 281, 383
2196, 234, 968
2197, 4, 115
2198, 373, 880
2199, 213, 696
2200, 400, 546
2201, 346, 912
2202, 226, 553
2203, 214, 340
2204, 90, 910
2205, 36, 481
2206, 301, 622
2207, 8, 91
2208, 486, 633
2209, 708, 948
2210, 657, 788
2211, 137, 861
2212, 747, 842
2213, 639, 813
2214, 769, 989
2215, 474, 519
2216, 299, 320
2217, 82, 973
2218, 153, 205
2219, 248, 475
2220, 278, 721
2221, 307, 944
2222, 360, 634
2223, 46, 740
2224, 298, 904
2225, 722, 748
2226, 926, 967
2227, 316, 444
2228, 175, 609
2229, 370, 713
2230, 261, 834
2231, 43, 468
2232, 31, 534
2233, 158, 454
2234, 65, 280
2235, 476, 689
2236, 605, 940
2237, 332, 660
2238, 247, 814
2239, 629, 803
2240, 460, 527
2241, 616, 982
2242, 112, 737
2243, 59, 957
2244, 230, 883
2245, 207, 859
2246, 180, 308
2247, 11, 630
2248, 242, 992
2249, 171, 590
2250, 182, 756
2251, 323, 581
2252, 384, 502
2253, 313, 361
2254, 319, 682
2255, 37, 625
2256, 504, 847
2257, 145, 273
2258, 539, 545
2259, 314, 500
2260, 125, 920
2261, 49, 455
2262, 86, 315
2263, 831, 884
2264, 827, 952
2265, 20, 895
2266, 264, 679
2267, 101, 269
2268, 211, 837
2269, 187, 381
2270, 56, 960
2271, 177, 398
2272, 10, 698
2273, 540, 610
2274, 576, 891
2275, 105, 162
2276, 723, 965
2277, 401, 482
2278, 428, 874
2279, 353, 607
2280, 68, 429
2281, 521, 974
2282, 575, 772
2283, 75, 150
2284, 547, 810
2285, 294, 296
2286, 267, 336
2287, 524, 835
2288, 127, 497
2289, 66, 78
2290, 229, 650
2291, 170, 484
2292, 151, 287
2293, 147, 310
2294, 655, 882
2295, 830, 966
2296, 183, 766
2297, 198, 418
2298, 342, 367
2299, 292, 676
2300, 16, 640
2301, 240, 541
2302, 83, 583
2303, 392, 776
2304, 326, 695
2305, 186, 394
2306, 104, 110
2307, 305, 672
2308, 263, 860
2309, 569, 684
2310, 117, 800
2311, 17, 821
2312, 224, 279
2313, 47, 804
2314, 375, 574
2315, 45, 797
2316, 873, 998
2317, 27, 892
2318, 729, 875
2319, 61, 510
2320, 25, 585
2321, 588, 854
2322, 325, 651
2323, 241, 411
2324, 60, 191
2325, 121, 577
2326, 448, 795
2327, 62, 932
2328, 597, 963
2329, 69, 406
2330, 409, 503
2331, 388, 483
2332, 750, 927
2333, 72, 430
2334, 239, 918
2335, 92, 327
2336, 135, 282
2337, 915, 972
2338, 216, 930
2339, 606, 901
2340, 262, 783
2341, 568, 878
2342, 417, 654
2343, 192, 754
2344, 217, 953
2345, 196, 255
2346, 390, 841
2347, 404, 490
2348, 97, 233
2349, 197, 791
2350, 159, 408
2351, 665, 710
2352, 67, 477
2353, 113, 290
2354, 129, 773
2355, 653, 714
2356, 535, 764
2357, 434, 627
2358, 451, 623
2359, 254, 580
2360, 363, 914
2361, 646, 981
2362, 132, 274
2363, 265, 836
2364, 617, 805
2365, 450, 863
2366, 551, 881
2367, 703, 855
2368, 356, 690
2369, 215, 415
2370, 53, 999
2371, 108, 351
2372, 552, 730
2373, 341, 494
2374, 303, 832
2375, 410, 945
2376, 626, 984
2377, 603, 890
2378, 100, 462
2379, 130, 573
2380, 377, 433
2381, 256, 858
2382, 106, 176
2383, 146, 631
2384, 715, 733
2385, 529, 602
2386, 193, 809
2387, 738, 980
2388, 74, 559
2389, 210, 739
2390, 19, 956
2391, 268, 680
2392, 419, 557
2393, 667, 670
2394, 95, 746
2395, 302, 864
2396, 452, 514
2397, 28, 798
2398, 9, 955
2399, 102, 687
2400, 178, 511
2401, 89, 565
2402, 277, 560
2403, 57, 167
2404, 421, 909
2405, 288, 792
2406, 734, 947
2407, 339, 458
2408, 716, 744
2409, 423, 598
2410, 564, 976
2411, 259, 379
2412, 166, 727
2413, 652, 725
2414, 203, 862
2415, 118, 994
2416, 126, 244
2417, 134, 608
2418, 276, 925
2419, 879, 970
2420, 58, 543
2421, 219, 709
2422, 615, 870
2423, 286, 389
2424, 512, 749
2425, 304, 441
2426, 757, 990
2427, 321, 971
2428, 30, 77
2429, 81, 362
2430, 376, 784
2431, 143, 807
2432, 119, 570
2433, 712, 753
2434, 752, 894
2435, 369, 886
2436, 284, 789
2437, 34, 824
2438, 21, 939
2439, 378, 806
2440, 728, 897
2441, 136, 206
2442, 442, 701
2443, 550, 761
2444, 79, 480
2445, 397, 611
2446, 759, 867
2447, 2, 518
2448, 272, 283
2449, 571, 902
2450, 386, 941
2451, 498, 506
2452, 435, 833
2453, 533, 675
2454, 165, 663
2455, 96, 934
2456, 249, 318
2457, 694, 802
2458, 688, 705
2459, 52, 826
2460, 649, 786
2461, 582, 846
2462, 403, 822
2463, 621, 661
2464, 64, 555
2465, 561, 840
2466, 120, 987
2467, 507, 913
2468, 520, 978
2469, 142, 666
2470, 852, 903
2471, 251, 352
2472, 139, 508
2473, 184, 223
2474, 478, 916
2475, 711, 872
2476, 88, 969
2477, 257, 674
2478, 817, 962
2479, 12, 785
2480, 231, 333
2481, 780, 896
2482, 169, 908
2483, 41, 141
2484, 330, 556
2485, 289, 372
2486, 116, 212
2487, 93, 781
2488, 344, 531
2489, 647, 868
2490, 51, 181
2491, 1, 624
2492, 917, 996
2493, 32, 662
2494, 168, 645
2495, 109, 587
2496, 189, 399
2497, 29, 829
2498, 252, 334
2499, 204, 618
2500, 185, 743
2501, 211, 915
2502, 384, 600
2503, 315, 456
2504, 216, 387
2505, 157, 498
2506, 368, 570
2507, 303, 515
2508, 380, 798
2509, 407, 629
2510, 477, 530
2511, 154, 460
2512, 237, 487
2513, 224, 893
2514, 312, 540
2515, 550, 642
2516, 3, 215
2517, 621, 837
2518, 159, 551
2519, 146, 674
2520, 320, 902
2521, 126, 858
2522, 824, 910
2523, 105, 223
2524, 753, 984
2525, 222, 706
2526, 189, 802
2527, 803, 825
2528, 363, 572
2529, 185, 229
2530, 130, 553
2531, 613, 944
2532, 346, 639
2533, 297, 591
2534, 178, 446
2535, 792, 846
2536, 520, 809
2537, 466, 589
2538, 531, 828
2539, 763, 942
2540, 966, 988
2541, 200, 876
2542, 208, 716
2543, 370, 410
2544, 413, 912
2545, 614, 900
2546, 95, 728
2547, 298, 776
2548, 294, 982
2549, 463, 556
2550, 856, 978
2551, 82, 734
2552, 649, 679
2553, 141, 775
2554, 424, 517
2555, 478, 936
2556, 603, 958
2557, 7, 14
2558, 51, 293
2559, 417, 794
2560, 479, 612
2561, 454, 834
2562, 31, 306
2563, 492, 889
2564, 46, 280
2565, 35, 364
2566, 655, 788
2567, 691, 767
2568, 971, 981
2569, 25, 796
2570, 60, 852
2571, 308, 948
2572, 391, 816
2573, 623, 954
2574, 345, 473
2575, 581, 979
2576, 514, 826
2577, 111, 309
2578, 168, 198
2579, 20, 148
2580, 199, 214
2581, 176, 331
2582, 142, 435
2583, 529, 599
2584, 143, 357
2585, 163, 990
2586, 356, 875
2587, 98, 194
2588, 106, 355
2589, 274, 314
2590, 337, 840
2591, 160, 382
2592, 586, 874
2593, 688, 781
2594, 138, 461
2595, 442, 885
2596, 490, 950
2597, 251, 491
2598, 77, 140
2599, 52, 920
2600, 648, 697
2601, 45, 919
2602, 136, 675
2603, 64, 359
2604, 617, 652
2605, 464, 664
2606, 57, 700
2607, 385, 926
2608, 219, 631
2609, 667, 968
2610, 715, 977
2611, 36, 713
2612, 282, 507
2613, 145, 546
2614, 59, 117
2615, 4, 755
2616, 55, 869
2617, 444, 475
2618, 266, 510
2619, 403, 777
2620, 69, 207
2621, 190, 677
2622, 361, 502
2623, 1, 817
2624, 212, 818
2625, 83, 668
2626, 322, 986
2627, 91, 332
2628, 241, 288
2629, 10, 574
2630, 101, 344
2631, 166, 678
2632, 254, 577
2633, 575, 785
2634, 305, 967
2635, 324, 462
2636, 102, 172
2637, 70, 782
2638, 862, 949
2639, 673, 937
2640, 162, 252
2641, 321, 465
2642, 79, 786
2643, 158, 694
2644, 727, 865
2645, 196, 555
2646, 471, 947
2647, 89, 300
2648, 634, 754
2649, 234, 534
2650, 41, 405
2651, 867, 927
2652, 537, 998
2653, 256, 597
2654, 233, 605
2655, 851, 993
2656, 412, 509
2657, 527, 686
2658, 408, 807
2659, 500, 641
2660, 568, 689
2661, 369, 833
2662, 5, 44
2663, 275, 390
2664, 396, 635
2665, 75, 184
2666, 746, 923
2667, 227, 398
2668, 518, 722
2669, 404, 421
2670, 264, 304
2671, 2, 607
2672, 543, 561
2673, 350, 787
2674, 449, 800
2675, 273, 638
2676, 565, 747
2677, 358, 376
2678, 81, 934
2679, 360, 940
2680, 123, 169
2681, 94, 236
2682, 329, 720
2683, 516, 887
2684, 97, 445
2685, 717, 739
2686, 22, 904
2687, 100, 761
2688, 554, 906
2689, 549, 931
2690, 307, 637
2691, 311, 742
2692, 180, 955
2693, 593, 1000
2694, 42, 99
2695, 562, 729
2696, 107, 131
2697, 183, 193
2698, 397, 886
2699, 262, 660
2700, 153, 425
2701, 68, 805
2702, 103, 661
2703, 476, 784
2704, 711, 842
2705, 175, 437
2706, 58, 659
2707, 173, 682
2708, 205, 333
2709, 76, 484
2710, 582, 769
2711, 259, 976
2712, 19, 210
2713, 625, 630
2714, 836, 972
2715, 541, 748
2716, 615, 712
2717, 80, 302
2718, 698, 855
2719, 283, 868
2720, 610, 844
2721, 523, 669
2722, 33, 267
2723, 401, 595
2724, 731, 961
2725, 137, 246
2726, 319, 861
2727, 295, 935
2728, 78, 772
2729, 170, 427
2730, 39, 618
2731, 121, 414
2732, 366, 580
2733, 155, 244
2734, 127, 705
2735, 65, 963
2736, 125, 165
2737, 108, 710
2738, 71, 726
2739, 330, 506
2740, 63, 494
2741, 257, 338
2742, 187, 409
2743, 511, 544
2744, 619, 804
2745, 419, 756
2746, 235, 482
2747, 228, 999
2748, 177, 681
2749, 88, 735
2750, 521, 558
2751, 192, 354
2752, 704, 849
2753, 367, 811
2754, 457, 628
2755, 66, 799
2756, 124, 895
2757, 395, 447
2758, 277, 760
2759, 204, 512
2760, 54, 624
2761, 32, 225
2762, 501, 690
2763, 750, 946
2764, 347, 845
2765, 206, 911
2766, 279, 400
2767, 567, 909
2768, 34, 434
2769, 348, 388
2770, 878, 884
2771, 423, 627
2772, 643, 916
2773, 640, 857
2774, 26, 736
2775, 632, 762
2776, 438, 733
2777, 24, 609
2778, 265, 402
2779, 533, 894
2780, 290, 611
2781, 56, 129
2782, 239, 838
2783, 566, 573
2784, 313, 569
2785, 242, 766
2786, 179, 538
2787, 585, 917
2788, 284, 545
2789, 27, 202
2790, 37, 663
2791, 93, 953
2792, 526, 921
2793, 725, 872
2794, 470, 901
2795, 40, 547
2796, 86, 289
2797, 23, 503
2798, 426, 853
2799, 497, 964
2800, 768, 962
2801, 759, 897
2802, 351, 430
2803, 383, 879
2804, 248, 602
2805, 112, 249
2806, 132, 483
2807, 343, 922
2808, 9, 74
2809, 699, 994
2810, 218, 365
2811, 43, 898
2812, 724, 854
2813, 416, 542
2814, 181, 985
2815, 201, 240
2816, 109, 453
2817, 50, 839
2818, 584, 719
2819, 286, 590
2820, 72, 495
2821, 213, 326
2822, 292, 657
2823, 325, 468
2824, 441, 780
2825, 823, 882
2826, 270, 806
2827, 598, 647
2828, 418, 843
2829, 317, 684
2830, 810, 866
2831, 261, 571
2832, 188, 563
2833, 253, 433
2834, 73, 90
2835, 601, 913
2836, 96, 362
2837, 285, 835
2838, 128, 707
2839, 394, 812
2840, 191, 339
2841, 432, 653
2842, 377, 695
2843, 559, 965
2844, 116, 778
2845, 167, 301
2846, 745, 752
2847, 263, 764
2848, 342, 905
2849, 646, 888
2850, 316, 983
2851, 821, 987
2852, 268, 336
2853, 250, 951
2854, 743, 820
2855, 938, 943
2856, 340, 841
2857, 891, 959
2858, 536, 877
2859, 440, 795
2860, 171, 548
2861, 488, 594
2862, 299, 973
2863, 485, 997
2864, 662, 774
2865, 474, 564
2866, 258, 980
2867, 161, 532
2868, 30, 459
2869, 6, 883
2870, 651, 996
2871, 373, 411
2872, 296, 822
2873, 486, 779
2874, 115, 399
2875, 47, 371
2876, 38, 708
2877, 552, 847
2878, 455, 616
2879, 557, 576
2880, 122, 815
2881, 119, 758
2882, 62, 420
2883, 732, 744
2884, 636, 771
2885, 152, 749
2886, 92, 217
2887, 186, 389
2888, 604, 765
2889, 291, 522
2890, 238, 352
2891, 87, 135
2892, 588, 992
2893, 903, 952
2894, 150, 692
2895, 323, 525
2896, 327, 693
2897, 685, 738
2898, 633, 644
2899, 467, 560
2900, 28, 583
2901, 723, 789
2902, 182, 683
2903, 113, 505
2904, 134, 770
2905, 232, 830
2906, 374, 415
2907, 579, 672
2908, 114, 335
2909, 17, 596
2910, 53, 813
2911, 650, 892
2912, 13, 318
2913, 209, 670
2914, 718, 757
2915, 334, 918
2916, 139, 281
2917, 436, 793
2918, 439, 814
2919, 428, 945
2920, 864, 969
2921, 353, 929
2922, 379, 850
2923, 15, 730
2924, 741, 932
2925, 393, 930
2926, 687, 970
2927, 243, 832
2928, 12, 620
2929, 197, 975
2930, 496, 995
2931, 458, 859
2932, 489, 790
2933, 386, 974
2934, 535, 890
2935, 524, 914
2936, 174, 896
2937, 341, 504
2938, 676, 829
2939, 606, 714
2940, 29, 310
2941, 8, 848
2942, 21, 269
2943, 381, 925
2944, 120, 701
2945, 147, 827
2946, 104, 203
2947, 151, 831
2948, 452, 493
2949, 622, 665
2950, 450, 751
2951, 110, 871
2952, 61, 870
2953, 740, 991
2954, 49, 508
2955, 16, 231
2956, 85, 469
2957, 941, 989
2958, 195, 924
2959, 349, 863
2960, 245, 801
2961, 528, 656
2962, 654, 680
2963, 431, 808
2964, 480, 666
2965, 392, 933
2966, 220, 939
2967, 422, 721
2968, 287, 773
2969, 791, 819
2970, 260, 372
2971, 328, 899
2972, 67, 797
2973, 118, 133
2974, 164, 881
2975, 587, 608
2976, 658, 960
2977, 149, 429
2978, 378, 451
2979, 255, 626
2980, 11, 860
2981, 230, 448
2982, 48, 443
2983, 272, 709
2984, 671, 908
2985, 513, 783
2986, 144, 472
2987, 156, 499
2988, 375, 406
2989, 539, 645
2990, 247, 873
2991, 226, 481
2992, 221, 519
2993, 703, 956
2994, 276, 907
2995, 278, 578
2996, 880, 957
2997, 696, 928
2998, 592, 702
2999, 271, 737
3000, 18, 84
3001, 501, 923
3002, 173, 292
3003, 531, 813
3004, 45, 307
3005, 341, 847
3006, 430, 558
3007, 238, 335
3008, 29, 394
3009, 526, 702
3010, 60, 363
3011, 518, 785
3012, 704, 993
3013, 511, 726
3014, 456, 883
3015, 296, 530
3016, 257, 775
3017, 253, 778
3018, 525, 635
3019, 810, 958
3020, 423, 966
3021, 463, 932
3022, 538, 812
3023, 417, 680
3024, 402, 994
3025, 466, 976
3026, 687, 859
3027, 38, 65
3028, 513, 875
3029, 581, 677
3030, 621, 622
3031, 278, 714
3032, 39, 107
3033, 28, 588
3034, 37, 320
3035, 304, 692
3036, 567, 679
3037, 44, 917
3038, 566, 794
3039, 908, 934
3040, 673, 697
3041, 703, 708
3042, 414, 554
3043, 184, 941
3044, 185, 424
3045, 578, 786
3046, 496, 748
3047, 412, 780
3048, 201, 204
3049, 418, 979
3050, 33, 790
3051, 271, 413
3052, 115, 688
3053, 93, 865
3054, 589, 928
3055, 392, 762
3056, 117, 768
3057, 559, 876
3058, 275, 523
3059, 647, 998
3060, 103, 782
3061, 147, 661
3062, 347, 795
3063, 735, 751
3064, 653, 969
3065, 8, 771
3066, 380, 727
3067, 342, 506
3068, 367, 879
3069, 761, 904
3070, 191, 368
3071, 68, 858
3072, 104, 196
3073, 149, 308
3074, 12, 370
3075, 339, 869
3076, 64, 224
3077, 804, 823
3078, 183, 671
3079, 276, 971
3080, 502, 594
3081, 725, 901
3082, 41, 739
3083, 310, 664
3084, 230, 593
3085, 281, 303
3086, 40, 885
3087, 574, 779
3088, 226, 475
3089, 591, 633
3090, 91, 579
3091, 243, 803
3092, 213, 655
3093, 157, 959
3094, 66, 425
3095, 314, 603
3096, 190, 868
3097, 446, 733
3098, 642, 741
3099, 19, 789
3100, 651, 898
3101, 683, 986
3102, 199, 974
3103, 57, 82
3104, 112, 464
3105, 309, 440
3106, 2, 745
3107, 472, 675
3108, 765, 838
3109, 404, 691
3110, 126, 577
3111, 174, 361
3112, 11, 133
3113, 805, 846
3114, 198, 988
3115, 247, 385
3116, 80, 319
3117, 26, 286
3118, 315, 715
3119, 922, 964
3120, 787, 914
3121, 124, 857
3122, 510, 982
3123, 324, 431
3124, 158, 264
3125, 853, 942
3126, 497, 529
3127, 420, 772
3128, 110, 590
3129, 90, 984
3130, 272, 657
3131, 965, 989
3132, 210, 892
3133, 193, 491
3134, 208, 273
3135, 83, 975
3136, 808, 829
3137, 225, 336
3138, 284, 403
3139, 877, 987
3140, 270, 693
3141, 17, 549
3142, 575, 985
3143, 85, 609
3144, 95, 317
3145, 18, 54
3146, 228, 485
3147, 666, 784
3148, 377, 620
3149, 398, 636
3150, 94, 105
3151, 544, 737
3152, 467, 473
3153, 359, 416
3154, 396, 631
3155, 71, 681
3156, 346, 366
3157, 503, 619
3158, 481, 910
3159, 648, 882
3160, 143, 164
3161, 70, 939
3162, 332, 536
3163, 202, 433
3164, 719, 734
3165, 350, 839
3166, 223, 384
3167, 563, 584
3168, 355, 902
3169, 140, 387
3170, 120, 150
3171, 488, 634
3172, 409, 684
3173, 250, 871
3174, 78, 186
3175, 744, 759
3176, 195, 268
3177, 46, 471
3178, 505, 819
3179, 447, 926
3180, 152, 177
3181, 75, 176
3182, 613, 881
3183, 311, 437
3184, 459, 796
3185, 551, 630
3186, 59, 537
3187, 109, 887
3188, 212, 410
3189, 462, 705
3190, 449, 826
3191, 217, 845
3192, 515, 800
3193, 860, 894
3194, 470, 652
3195, 23, 381
3196, 543, 889
3197, 221, 507
3198, 606, 841
3199, 163, 848
3200, 132, 783
3201, 9, 519
3202, 96, 776
3203, 893, 940
3204, 453, 927
3205, 81, 246
3206, 585, 797
3207, 135, 205
3208, 127, 949
3209, 667, 678
3210, 279, 522
3211, 74, 899
3212, 709, 950
3213, 478, 482
3214, 125, 1000
3215, 357, 953
3216, 144, 758
3217, 527, 674
3218, 233, 616
3219, 6, 411
3220, 171, 595
3221, 99, 235
3222, 333, 397
3223, 379, 564
3224, 833, 862
3225, 141, 389
3226, 239, 369
3227, 211, 570
3228, 445, 587
3229, 373, 532
3230, 161, 222
3231, 51, 498
3232, 352, 432
3233, 255, 991
3234, 924, 960
3235, 849, 873
3236, 438, 798
3237, 97, 835
3238, 486, 668
3239, 492, 763
3240, 3, 977
3241, 946, 997
3242, 242, 938
3243, 7, 583
3244, 181, 844
3245, 550, 738
3246, 520, 690
3247, 118, 256
3248, 441, 880
3249, 747, 822
3250, 180, 552
3251, 237, 954
3252, 72, 597
3253, 512, 743
3254, 294, 807
3255, 5, 148
3256, 756, 967
3257, 391, 640
3258, 52, 182
3259, 345, 614
3260, 480, 957
3261, 866, 913
3262, 86, 344
3263, 207, 706
3264, 15, 605
3265, 50, 280
3266, 24, 625
3267, 371, 499
3268, 192, 325
3269, 707, 878
3270, 541, 933
3271, 35, 990
3272, 61, 649
3273, 395, 750
3274, 509, 624
3275, 452, 983
3276, 123, 718
3277, 393, 713
3278, 32, 695
3279, 153, 837
3280, 209, 351
3281, 383, 955
3282, 665, 793
3283, 136, 194
3284, 116, 545
3285, 145, 435
3286, 568, 912
3287, 650, 660
3288, 100, 378
3289, 102, 980
3290, 582, 766
3291, 203, 600
3292, 364, 599
3293, 338, 937
3294, 330, 952
3295, 114, 870
3296, 89, 947
3297, 92, 948
3298, 42, 723
3299, 178, 921
3300, 48, 662
3301, 219, 434
3302, 36, 297
3303, 262, 443
3304, 166, 836
3305, 302, 694
3306, 935, 992
3307, 232, 540
3308, 689, 918
3309, 483, 608
3310, 390, 646
3311, 356, 831
3312, 76, 753
3313, 168, 731
3314, 16, 323
3315, 629, 659
3316, 676, 850
3317, 724, 943
3318, 259, 477
3319, 31, 556
3320, 240, 572
3321, 487, 534
3322, 326, 884
3323, 781, 801
3324, 252, 900
3325, 73, 214
3326, 334, 944
3327, 524, 720
3328, 260, 565
3329, 861, 909
3330, 287, 638
3331, 749, 851
3332, 573, 632
3333, 27, 852
3334, 77, 476
3335, 539, 999
3336, 313, 740
3337, 830, 929
3338, 722, 895
3339, 156, 354
3340, 160, 165
3341, 274, 888
3342, 429, 817
3343, 84, 644
3344, 406, 428
3345, 188, 218
3346, 254, 461
3347, 10, 465
3348, 362, 517
3349, 612, 897
3350, 119, 963
3351, 560, 700
3352, 353, 400
3353, 53, 542
3354, 139, 755
3355, 172, 825
3356, 261, 408
3357, 244, 494
3358, 421, 643
3359, 170, 773
3360, 490, 639
3361, 1, 269
3362, 458, 611
3363, 13, 321
3364, 231, 266
3365, 493, 767
3366, 63, 615
3367, 21, 832
3368, 122, 752
3369, 34, 79
3370, 331, 856
3371, 405, 757
3372, 142, 422
3373, 101, 712
3374, 596, 682
3375, 88, 251
3376, 626, 936
3377, 175, 811
3378, 282, 828
3379, 710, 996
3380, 197, 216
3381, 283, 562
3382, 604, 746
3383, 131, 701
3384, 30, 809
3385, 721, 769
3386, 601, 760
3387, 514, 580
3388, 686, 970
3389, 365, 728
3390, 641, 821
3391, 327, 372
3392, 248, 267
3393, 586, 919
3394, 300, 386
3395, 138, 374
3396, 407, 645
3397, 358, 628
3398, 4, 903
3399, 654, 891
3400, 236, 241
3401, 382, 521
3402, 699, 824
3403, 113, 277
3404, 571, 698
3405, 293, 316
3406, 547, 816
3407, 155, 911
3408, 533, 981
3409, 815, 820
3410, 618, 658
3411, 263, 777
3412, 22, 415
3413, 598, 791
3414, 479, 557
3415, 20, 774
3416, 47, 436
3417, 305, 951
3418, 827, 920
3419, 56, 489
3420, 663, 840
3421, 187, 906
3422, 159, 742
3423, 137, 474
3424, 444, 916
3425, 623, 770
3426, 62, 229
3427, 249, 419
3428, 291, 301
3429, 500, 842
3430, 111, 455
3431, 234, 854
3432, 290, 792
3433, 426, 814
3434, 360, 450
3435, 863, 956
3436, 162, 905
3437, 108, 121
3438, 454, 788
3439, 14, 129
3440, 189, 258
3441, 711, 806
3442, 169, 973
3443, 427, 516
3444, 349, 637
3445, 855, 978
3446, 245, 553
3447, 340, 672
3448, 535, 925
3449, 200, 696
3450, 685, 754
3451, 318, 617
3452, 289, 322
3453, 375, 872
3454, 146, 610
3455, 555, 736
3456, 343, 399
3457, 451, 945
3458, 98, 401
3459, 55, 106
3460, 265, 348
3461, 285, 886
3462, 448, 670
3463, 43, 130
3464, 134, 442
3465, 337, 799
3466, 288, 528
3467, 468, 569
3468, 151, 656
3469, 298, 729
3470, 87, 730
3471, 329, 802
3472, 376, 962
3473, 220, 508
3474, 867, 931
3475, 306, 717
3476, 154, 961
3477, 299, 439
3478, 469, 576
3479, 295, 546
3480, 49, 128
3481, 548, 968
3482, 602, 843
3483, 864, 972
3484, 69, 764
3485, 67, 457
3486, 25, 167
3487, 312, 818
3488, 215, 716
3489, 388, 995
3490, 328, 896
3491, 732, 890
3492, 504, 669
3493, 495, 627
3494, 179, 874
3495, 484, 607
3496, 592, 907
3497, 227, 561
3498, 460, 915
3499, 834, 930
3500, 58, 206
3501, 6, 182
3502, 129, 193
3503, 548, 577
3504, 451, 613
3505, 13, 329
3506, 487, 841
3507, 954, 959
3508, 255, 900
3509, 138, 707
3510, 510, 826
3511, 394, 766
3512, 106, 209
3513, 647, 840
3514, 661, 872
3515, 76, 305
3516, 714, 788
3517, 75, 435
3518, 755, 777
3519, 818, 909
3520, 393, 439
3521, 659, 865
3522, 77, 606
3523, 408, 965
3524, 90, 848
3525, 709, 846
3526, 147, 782
3527, 176, 319
3528, 713, 898
3529, 266, 692
3530, 771, 798
3531, 964, 980
3532, 103, 942
3533, 339, 421
3534, 248, 892
3535, 351, 617
3536, 806, 915
3537, 134, 910
3538, 265, 997
3539, 645, 834
3540, 332, 988
3541, 513, 729
3542, 572, 660
3543, 200, 483
3544, 400, 723
3545, 397, 969
3546, 187, 407
3547, 100, 952
3548, 174, 982
3549, 884, 923
3550, 62, 620
3551, 741, 850
3552, 30, 331
3553, 190, 953
3554, 609, 716
3555, 443, 546
3556, 678, 803
3557, 99, 831
3558, 23, 383
3559, 171, 391
3560, 623, 847
3561, 409, 454
3562, 415, 699
3563, 318, 736
3564, 500, 778
3565, 539, 951
3566, 433, 701
3567, 54, 552
3568, 271, 581
3569, 634, 906
3570, 327, 542
3571, 21, 101
3572, 111, 121
3573, 432, 934
3574, 550, 790
3575, 1, 992
3576, 326, 902
3577, 414, 812
3578, 56, 738
3579, 24, 816
3580, 64, 886
3581, 440, 695
3582, 544, 843
3583, 214, 555
3584, 125, 584
3585, 78, 217
3586, 107, 990
3587, 675, 742
3588, 404, 445
3589, 650, 704
3590, 763, 857
3591, 105, 576
3592, 224, 507
3593, 165, 725
3594, 956, 975
3595, 696, 893
3596, 137, 748
3597, 292, 375
3598, 216, 243
3599, 127, 490
3600, 450, 731
3601, 254, 259
3602, 328, 664
3603, 522, 823
3604, 150, 247
3605, 68, 398
3606, 223, 386
3607, 743, 877
3608, 47, 957
3609, 151, 912
3610, 229, 477
3611, 39, 616
3612, 334, 631
3613, 15, 484
3614, 233, 750
3615, 195, 321
3616, 369, 480
3617, 801, 937
3618, 730, 882
3619, 118, 776
3620, 113, 693
3621, 644, 786
3622, 288, 341
3623, 715, 820
3624, 495, 785
3625, 221, 359
3626, 767, 828
3627, 61, 569
3628, 34, 734
3629, 162, 371
3630, 315, 945
3631, 185, 676
3632, 227, 468
3633, 385, 800
3634, 406, 648
3635, 619, 688
3636, 643, 907
3637, 43, 481
3638, 316, 770
3639, 295, 534
3640, 197, 940
3641, 29, 222
3642, 71, 210
3643, 287, 313
3644, 655, 705
3645, 202, 504
3646, 251, 585
3647, 537, 883
3648, 144, 526
3649, 405, 845
3650, 12, 447
3651, 280, 914
3652, 8, 973
3653, 19, 294
3654, 31, 157
3655, 87, 553
3656, 357, 933
3657, 128, 498
3658, 141, 242
3659, 230, 697
3660, 140, 379
3661, 153, 556
3662, 654, 700
3663, 614, 679
3664, 22, 206
3665, 665, 994
3666, 228, 530
3667, 207, 363
3668, 115, 732
3669, 290, 599
3670, 5, 518
3671, 205, 630
3672, 337, 998
3673, 607, 876
3674, 772, 904
3675, 289, 995
3676, 252, 413
3677, 336, 838
3678, 446, 927
3679, 460, 974
3680, 170, 628
3681, 366, 515
3682, 123, 380
3683, 270, 401
3684, 636, 653
3685, 124, 596
3686, 691, 922
3687, 641, 970
3688, 533, 570
3689, 563, 702
3690, 50, 582
3691, 257, 640
3692, 91, 936
3693, 330, 601
3694, 70, 264
3695, 306, 836
3696, 434, 779
3697, 41, 624
3698, 562, 871
3699, 225, 827
3700, 579, 805
3701, 133, 284
3702, 44, 411
3703, 444, 989
3704, 373, 466
3705, 657, 744
3706, 163, 810
3707, 864, 899
3708, 7, 855
3709, 629, 817
3710, 27, 179
3711, 335, 976
3712, 143, 282
3713, 410, 708
3714, 304, 587
3715, 471, 651
3716, 112, 381
3717, 55, 851
3718, 431, 529
3719, 672, 866
3720, 448, 456
3721, 204, 602
3722, 438, 605
3723, 350, 932
3724, 437, 724
3725, 424, 520
3726, 377, 597
3727, 135, 880
3728, 418, 611
3729, 178, 246
3730, 502, 600
3731, 219, 310
3732, 172, 835
3733, 863, 897
3734, 470, 773
3735, 79, 478
3736, 839, 926
3737, 428, 955
3738, 146, 349
3739, 73, 452
3740, 516, 567
3741, 333, 889
3742, 191, 832
3743, 492, 758
3744, 538, 789
3745, 853, 968
3746, 464, 496
3747, 20, 231
3748, 67, 382
3749, 503, 760
3750, 297, 547
3751, 196, 996
3752, 722, 870
3753, 126, 253
3754, 967, 981
3755, 92, 592
3756, 148, 232
3757, 69, 94
3758, 666, 813
3759, 119, 757
3760, 260, 861
3761, 104, 312
3762, 674, 814
3763, 18, 235
3764, 493, 608
3765, 355, 683
3766, 16, 658
3767, 946, 978
3768, 239, 765
3769, 65, 325
3770, 485, 858
3771, 139, 769
3772, 844, 993
3773, 712, 717
3774, 42, 352
3775, 320, 508
3776, 275, 706
3777, 317, 637
3778, 681, 984
3779, 130, 908
3780, 83, 276
3781, 96, 921
3782, 158, 920
3783, 799, 862
3784, 131, 991
3785, 689, 783
3786, 84, 837
3787, 51, 638
3788, 268, 762
3789, 545, 943
3790, 142, 673
3791, 489, 625
3792, 754, 941
3793, 667, 966
3794, 95, 1000
3795, 627, 911
3796, 372, 983
3797, 10, 388
3798, 60, 554
3799, 181, 426
3800, 154, 476
3801, 63, 234
3802, 745, 764
3803, 417, 875
3804, 511, 595
3805, 427, 829
3806, 88, 896
3807, 376, 868
3808, 604, 944
3809, 686, 752
3810, 192, 796
3811, 574, 859
3812, 353, 879
3813, 110, 594
3814, 815, 963
3815, 25, 208
3816, 286, 950
3817, 384, 698
3818, 458, 694
3819, 671, 718
3820, 307, 560
3821, 302, 873
3822, 622, 794
3823, 28, 482
3824, 663, 833
3825, 173, 517
3826, 524, 710
3827, 86, 220
3828, 82, 535
3829, 201, 583
3830, 680, 842
3831, 416, 506
3832, 429, 532
3833, 36, 523
3834, 249, 931
3835, 169, 635
3836, 300, 354
3837, 2, 505
3838, 662, 751
3839, 211, 474
3840, 281, 621
3841, 501, 753
3842, 114, 939
3843, 49, 521
3844, 463, 668
3845, 164, 301
3846, 166, 924
3847, 226, 236
3848, 531, 646
3849, 479, 721
3850, 364, 685
3851, 322, 473
3852, 423, 888
3853, 589, 881
3854, 298, 467
3855, 652, 811
3856, 168, 184
3857, 116, 961
3858, 155, 396
3859, 971, 999
3860, 819, 890
3861, 45, 177
3862, 588, 775
3863, 159, 279
3864, 267, 787
3865, 72, 929
3866, 256, 263
3867, 347, 536
3868, 152, 457
3869, 109, 160
3870, 98, 370
3871, 540, 916
3872, 203, 296
3873, 559, 690
3874, 543, 571
3875, 117, 293
3876, 283, 987
3877, 356, 362
3878, 419, 472
3879, 420, 746
3880, 527, 791
3881, 258, 612
3882, 194, 917
3883, 35, 58
3884, 514, 930
3885, 867, 894
3886, 368, 887
3887, 66, 919
3888, 784, 797
3889, 4, 626
3890, 37, 733
3891, 441, 874
3892, 291, 962
3893, 26, 40
3894, 46, 343
3895, 149, 854
3896, 378, 849
3897, 269, 494
3898, 459, 565
3899, 180, 568
3900, 122, 442
3901, 348, 903
3902, 14, 549
3903, 250, 412
3904, 59, 374
3905, 277, 541
3906, 93, 808
3907, 108, 449
3908, 453, 918
3909, 314, 509
3910, 323, 465
3911, 9, 346
3912, 285, 852
3913, 925, 938
3914, 186, 591
3915, 935, 986
3916, 38, 774
3917, 274, 878
3918, 642, 977
3919, 213, 947
3920, 593, 618
3921, 272, 299
3922, 402, 590
3923, 303, 948
3924, 345, 913
3925, 399, 639
3926, 89, 338
3927, 669, 726
3928, 97, 395
3929, 80, 425
3930, 215, 656
3931, 551, 960
3932, 136, 578
3933, 262, 309
3934, 768, 802
3935, 212, 486
3936, 245, 519
3937, 403, 756
3938, 3, 719
3939, 891, 972
3940, 340, 792
3941, 199, 436
3942, 739, 821
3943, 586, 885
3944, 430, 488
3945, 684, 809
3946, 175, 905
3947, 48, 367
3948, 461, 740
3949, 273, 895
3950, 711, 737
3951, 189, 649
3952, 365, 901
3953, 422, 804
3954, 603, 761
3955, 244, 869
3956, 807, 830
3957, 497, 598
3958, 525, 781
3959, 237, 358
3960, 580, 615
3961, 512, 720
3962, 561, 735
3963, 573, 985
3964, 528, 928
3965, 120, 455
3966, 238, 728
3967, 218, 822
3968, 389, 795
3969, 558, 575
3970, 387, 747
3971, 183, 240
3972, 85, 167
3973, 32, 610
3974, 145, 958
3975, 261, 632
3976, 469, 759
3977, 188, 311
3978, 462, 670
3979, 52, 390
3980, 81, 825
3981, 241, 824
3982, 499, 856
3983, 491, 687
3984, 392, 677
3985, 57, 161
3986, 566, 633
3987, 360, 860
3988, 17, 156
3989, 198, 682
3990, 102, 308
3991, 475, 749
3992, 53, 979
3993, 361, 564
3994, 11, 324
3995, 727, 949
3996, 33, 780
3997, 703, 793
3998, 74, 278
3999, 132, 344
4000, 342, 557
