id, img1, img2
1, 135, 416
2, 443, 969
3, 456, 957
4, 542, 736
5, 218, 255
6, 436, 610
7, 189, 352
8, 112, 589
9, 481, 577
10, 201, 334
11, 133, 869
12, 5, 867
13, 103, 265
14, 64, 125
15, 471, 913
16, 56, 222
17, 382, 519
18, 7, 799
19, 329, 733
20, 17, 625
21, 20, 892
22, 288, 459
23, 411, 594
24, 30, 557
25, 121, 401
26, 635, 787
27, 286, 355
28, 12, 397
29, 854, 910
30, 506, 778
31, 454, 630
32, 261, 425
33, 93, 441
34, 264, 838
35, 390, 833
36, 219, 765
37, 700, 757
38, 90, 161
39, 186, 504
40, 106, 422
41, 560, 721
42, 92, 764
43, 47, 708
44, 540, 909
45, 320, 648
46, 647, 825
47, 215, 788
48, 196, 769
49, 164, 644
50, 207, 393
51, 120, 936
52, 51, 891
53, 842, 907
54, 353, 836
55, 523, 605
56, 27, 273
57, 982, 1000
58, 84, 185
59, 579, 881
60, 287, 606
61, 148, 485
62, 77, 192
63, 586, 901
64, 283, 730
65, 83, 742
66, 777, 857
67, 413, 482
68, 398, 522
69, 746, 954
70, 137, 152
71, 245, 671
72, 291, 637
73, 239, 683
74, 511, 678
75, 252, 738
76, 115, 469
77, 71, 531
78, 675, 717
79, 58, 899
80, 576, 803
81, 98, 667
82, 815, 996
83, 82, 855
84, 248, 706
85, 176, 493
86, 754, 919
87, 70, 191
88, 111, 415
89, 673, 974
90, 758, 785
91, 202, 640
92, 735, 805
93, 434, 652
94, 343, 759
95, 501, 676
96, 462, 567
97, 688, 856
98, 876, 997
99, 394, 753
100, 96, 220
101, 134, 744
102, 262, 305
103, 367, 810
104, 388, 920
105, 319, 550
106, 541, 645
107, 4, 45
108, 424, 794
109, 941, 987
110, 344, 530
111, 184, 715
112, 363, 458
113, 39, 551
114, 500, 945
115, 212, 752
116, 302, 620
117, 231, 798
118, 19, 660
119, 508, 588
120, 858, 990
121, 356, 983
122, 226, 897
123, 116, 472
124, 9, 795
125, 60, 517
126, 818, 865
127, 159, 689
128, 138, 887
129, 747, 846
130, 420, 953
131, 89, 453
132, 534, 781
133, 568, 622
134, 593, 961
135, 529, 850
136, 78, 490
137, 290, 984
138, 474, 628
139, 65, 87
140, 582, 822
141, 49, 233
142, 728, 773
143, 242, 572
144, 707, 932
145, 238, 860
146, 179, 994
147, 900, 930
148, 408, 564
149, 681, 743
150, 333, 877
151, 432, 633
152, 428, 621
153, 615, 937
154, 232, 772
155, 149, 180
156, 33, 590
157, 187, 702
158, 67, 716
159, 257, 395
160, 569, 806
161, 81, 727
162, 528, 636
163, 409, 896
164, 175, 447
165, 718, 820
166, 340, 509
167, 295, 801
168, 584, 597
169, 267, 278
170, 859, 942
171, 197, 515
172, 277, 497
173, 336, 933
174, 194, 958
175, 304, 751
176, 174, 977
177, 543, 690
178, 234, 714
179, 26, 889
180, 213, 824
181, 117, 250
182, 741, 823
183, 171, 516
184, 592, 839
185, 784, 960
186, 477, 585
187, 54, 200
188, 151, 357
189, 221, 650
190, 237, 654
191, 236, 598
192, 282, 510
193, 476, 967
194, 335, 774
195, 256, 914
196, 224, 697
197, 104, 314
198, 351, 808
199, 36, 696
200, 146, 950
201, 796, 975
202, 312, 843
203, 807, 944
204, 423, 451
205, 29, 693
206, 488, 699
207, 450, 713
208, 583, 872
209, 740, 809
210, 24, 992
211, 68, 837
212, 42, 346
213, 677, 949
214, 292, 403
215, 308, 873
216, 732, 979
217, 709, 739
218, 492, 498
219, 240, 486
220, 358, 618
221, 162, 368
222, 37, 687
223, 438, 819
224, 973, 999
225, 109, 771
226, 6, 527
227, 435, 763
228, 307, 940
229, 664, 894
230, 299, 989
231, 74, 315
232, 75, 470
233, 426, 655
234, 271, 906
235, 136, 389
236, 487, 956
237, 155, 720
238, 108, 317
239, 293, 464
240, 143, 639
241, 483, 948
242, 848, 871
243, 672, 888
244, 496, 879
245, 863, 964
246, 235, 783
247, 373, 414
248, 95, 694
249, 160, 864
250, 711, 800
251, 25, 354
252, 665, 789
253, 280, 513
254, 46, 682
255, 418, 929
256, 626, 755
257, 629, 916
258, 339, 402
259, 22, 348
260, 102, 790
261, 328, 468
262, 446, 661
263, 41, 260
264, 532, 861
265, 272, 959
266, 281, 911
267, 44, 230
268, 1, 209
269, 383, 674
270, 331, 882
271, 365, 952
272, 107, 380
273, 246, 489
274, 223, 241
275, 195, 574
276, 167, 962
277, 183, 938
278, 69, 243
279, 166, 198
280, 76, 364
281, 533, 826
282, 182, 384
283, 634, 923
284, 430, 538
285, 100, 578
286, 216, 912
287, 575, 726
288, 289, 463
289, 254, 349
290, 145, 455
291, 679, 770
292, 249, 812
293, 14, 624
294, 325, 988
295, 247, 986
296, 360, 554
297, 169, 612
298, 85, 659
299, 208, 775
300, 306, 943
301, 72, 725
302, 366, 698
303, 21, 301
304, 381, 791
305, 32, 285
306, 142, 548
307, 43, 981
308, 279, 362
309, 266, 544
310, 122, 556
311, 63, 210
312, 611, 804
313, 294, 729
314, 350, 734
315, 217, 835
316, 214, 627
317, 406, 631
318, 878, 995
319, 670, 817
320, 890, 935
321, 429, 643
322, 35, 893
323, 692, 756
324, 147, 737
325, 457, 991
326, 703, 792
327, 750, 830
328, 885, 886
329, 53, 874
330, 546, 571
331, 66, 499
332, 327, 603
333, 657, 925
334, 38, 163
335, 537, 663
336, 259, 927
337, 460, 478
338, 34, 776
339, 946, 998
340, 129, 374
341, 188, 565
342, 311, 931
343, 602, 821
344, 372, 951
345, 766, 767
346, 341, 442
347, 153, 748
348, 258, 410
349, 377, 573
350, 97, 404
351, 13, 591
352, 324, 976
353, 680, 903
354, 168, 361
355, 190, 918
356, 386, 617
357, 62, 844
358, 275, 445
359, 704, 731
360, 10, 484
361, 392, 669
362, 119, 581
363, 79, 326
364, 649, 779
365, 641, 745
366, 562, 642
367, 318, 845
368, 251, 552
369, 719, 797
370, 701, 966
371, 130, 705
372, 2, 417
373, 723, 849
374, 40, 895
375, 158, 915
376, 666, 955
377, 268, 322
378, 549, 928
379, 228, 345
380, 126, 225
381, 298, 599
382, 73, 724
383, 503, 802
384, 80, 118
385, 814, 939
386, 59, 518
387, 110, 494
388, 205, 972
389, 144, 502
390, 376, 832
391, 514, 922
392, 396, 632
393, 88, 921
394, 359, 868
395, 917, 993
396, 55, 297
397, 28, 710
398, 405, 616
399, 16, 604
400, 114, 685
401, 421, 563
402, 760, 841
403, 439, 547
404, 609, 656
405, 570, 853
406, 3, 427
407, 274, 934
408, 178, 227
409, 342, 968
410, 535, 963
411, 124, 313
412, 128, 827
413, 172, 338
414, 419, 793
415, 525, 762
416, 651, 761
417, 440, 985
418, 140, 407
419, 539, 561
420, 154, 521
421, 284, 467
422, 507, 880
423, 520, 924
424, 883, 947
425, 437, 840
426, 165, 399
427, 444, 623
428, 94, 668
429, 608, 614
430, 50, 253
431, 387, 870
432, 123, 780
433, 370, 712
434, 321, 337
435, 433, 658
436, 526, 619
437, 48, 553
438, 926, 971
439, 86, 978
440, 749, 816
441, 91, 156
442, 11, 512
443, 400, 722
444, 229, 369
445, 811, 875
446, 330, 684
447, 316, 479
448, 139, 347
449, 662, 847
450, 173, 431
451, 391, 491
452, 524, 691
453, 127, 558
454, 596, 601
455, 31, 831
456, 61, 475
457, 263, 465
458, 646, 852
459, 177, 199
460, 385, 782
461, 638, 884
462, 323, 505
463, 18, 980
464, 170, 965
465, 473, 898
466, 309, 566
467, 141, 300
468, 412, 829
469, 580, 587
470, 269, 862
471, 131, 905
472, 193, 834
473, 545, 866
474, 132, 332
475, 303, 607
476, 375, 480
477, 113, 595
478, 15, 555
479, 449, 904
480, 206, 828
481, 23, 902
482, 52, 653
483, 105, 613
484, 695, 786
485, 157, 466
486, 57, 559
487, 8, 768
488, 181, 379
489, 378, 600
490, 101, 276
491, 150, 244
492, 296, 908
493, 270, 851
494, 203, 970
495, 204, 813
496, 211, 371
497, 310, 452
498, 99, 461
499, 495, 536
500, 448, 686
501, 44, 890
502, 11, 286
503, 351, 461
504, 301, 854
505, 808, 853
506, 288, 777
507, 385, 440
508, 829, 830
509, 183, 431
510, 633, 949
511, 317, 675
512, 292, 401
513, 228, 590
514, 57, 950
515, 283, 989
516, 514, 671
517, 116, 799
518, 573, 696
519, 261, 726
520, 706, 764
521, 654, 985
522, 466, 475
523, 74, 658
524, 181, 762
525, 960, 966
526, 474, 669
527, 492, 817
528, 756, 858
529, 141, 880
530, 559, 867
531, 323, 536
532, 16, 564
533, 198, 305
534, 758, 979
535, 341, 542
536, 535, 646
537, 328, 889
538, 434, 599
539, 259, 506
540, 167, 188
541, 604, 767
542, 329, 379
543, 50, 549
544, 457, 523
545, 227, 822
546, 339, 896
547, 230, 476
548, 139, 968
549, 607, 636
550, 7, 424
551, 63, 742
552, 755, 991
553, 211, 503
554, 112, 244
555, 419, 655
556, 291, 824
557, 155, 796
558, 30, 624
559, 17, 61
560, 33, 946
561, 309, 615
562, 94, 707
563, 467, 595
564, 548, 847
565, 36, 97
566, 163, 362
567, 275, 373
568, 915, 1000
569, 914, 940
570, 10, 581
571, 566, 647
572, 161, 451
573, 122, 740
574, 209, 575
575, 132, 552
576, 626, 832
577, 108, 784
578, 83, 201
579, 236, 473
580, 223, 313
581, 603, 870
582, 200, 632
583, 436, 922
584, 319, 997
585, 681, 935
586, 403, 694
587, 23, 106
588, 66, 397
589, 605, 771
590, 131, 438
591, 104, 825
592, 710, 849
593, 364, 677
594, 31, 265
595, 360, 745
596, 2, 859
597, 334, 992
598, 318, 750
599, 162, 769
600, 672, 789
601, 477, 821
602, 420, 782
603, 327, 908
604, 448, 556
605, 446, 786
606, 13, 873
607, 260, 423
608, 805, 901
609, 91, 263
610, 39, 941
611, 68, 803
612, 332, 465
613, 702, 827
614, 208, 468
615, 785, 973
616, 154, 442
617, 565, 574
618, 538, 763
619, 361, 485
620, 103, 152
621, 51, 69
622, 111, 580
623, 426, 527
624, 87, 613
625, 114, 294
626, 34, 768
627, 869, 975
628, 537, 814
629, 235, 787
630, 455, 953
631, 366, 778
632, 560, 897
633, 349, 794
634, 210, 229
635, 660, 698
636, 855, 971
637, 582, 920
638, 516, 690
639, 178, 255
640, 172, 691
641, 557, 712
642, 153, 307
643, 204, 730
644, 386, 801
645, 297, 731
646, 5, 863
647, 335, 826
648, 289, 819
649, 459, 835
650, 657, 664
651, 109, 267
652, 175, 388
653, 101, 437
654, 75, 137
655, 810, 903
656, 99, 310
657, 278, 479
658, 308, 416
659, 439, 545
660, 284, 861
661, 233, 413
662, 134, 524
663, 177, 673
664, 240, 862
665, 568, 893
666, 149, 617
667, 358, 804
668, 195, 820
669, 693, 892
670, 447, 593
671, 221, 525
672, 214, 277
673, 1, 394
674, 185, 913
675, 505, 695
676, 28, 721
677, 40, 454
678, 606, 934
679, 174, 592
680, 497, 765
681, 264, 591
682, 250, 930
683, 90, 338
684, 47, 326
685, 746, 932
686, 368, 464
687, 382, 639
688, 430, 780
689, 187, 700
690, 371, 815
691, 20, 49
692, 146, 531
693, 529, 840
694, 262, 864
695, 494, 868
696, 354, 851
697, 601, 807
698, 458, 728
699, 248, 570
700, 299, 876
701, 376, 661
702, 135, 583
703, 217, 708
704, 287, 722
705, 540, 761
706, 118, 180
707, 513, 802
708, 521, 866
709, 597, 625
710, 86, 563
711, 128, 272
712, 105, 166
713, 555, 734
714, 24, 158
715, 383, 425
716, 78, 269
717, 594, 951
718, 256, 630
719, 196, 978
720, 541, 628
721, 510, 652
722, 145, 218
723, 266, 962
724, 150, 393
725, 64, 931
726, 193, 300
727, 445, 621
728, 441, 775
729, 65, 952
730, 32, 469
731, 839, 904
732, 585, 999
733, 232, 500
734, 3, 703
735, 274, 907
736, 53, 356
737, 478, 614
738, 735, 766
739, 472, 480
740, 179, 800
741, 567, 759
742, 170, 773
743, 176, 547
744, 399, 576
745, 518, 711
746, 432, 792
747, 481, 885
748, 384, 460
749, 52, 546
750, 427, 684
751, 226, 850
752, 285, 496
753, 410, 685
754, 642, 976
755, 359, 995
756, 79, 422
757, 29, 686
758, 387, 598
759, 579, 872
760, 202, 515
761, 89, 772
762, 129, 689
763, 58, 532
764, 55, 381
765, 151, 247
766, 363, 586
767, 588, 622
768, 562, 620
769, 257, 396
770, 282, 779
771, 42, 974
772, 43, 994
773, 312, 380
774, 411, 678
775, 92, 917
776, 276, 629
777, 357, 945
778, 781, 983
779, 237, 902
780, 6, 499
781, 251, 321
782, 342, 925
783, 25, 82
784, 314, 704
785, 350, 392
786, 290, 554
787, 333, 463
788, 26, 117
789, 714, 751
790, 76, 428
791, 242, 662
792, 470, 641
793, 71, 910
794, 450, 791
795, 306, 928
796, 667, 733
797, 142, 502
798, 62, 88
799, 674, 965
800, 56, 899
801, 812, 958
802, 102, 353
803, 522, 687
804, 212, 453
805, 190, 270
806, 650, 798
807, 140, 589
808, 498, 610
809, 572, 627
810, 612, 909
811, 336, 462
812, 271, 877
813, 148, 489
814, 70, 790
815, 688, 969
816, 27, 609
817, 743, 954
818, 752, 894
819, 245, 400
820, 77, 713
821, 578, 682
822, 398, 676
823, 192, 879
824, 561, 938
825, 374, 895
826, 243, 273
827, 550, 884
828, 409, 596
829, 429, 948
830, 41, 697
831, 15, 760
832, 293, 732
833, 133, 169
834, 171, 279
835, 370, 553
836, 315, 882
837, 906, 937
838, 365, 663
839, 551, 886
840, 519, 809
841, 408, 577
842, 182, 883
843, 8, 955
844, 533, 813
845, 46, 369
846, 22, 645
847, 249, 490
848, 501, 846
849, 191, 377
850, 635, 640
851, 84, 346
852, 345, 391
853, 160, 186
854, 184, 298
855, 405, 725
856, 85, 874
857, 59, 206
858, 433, 637
859, 126, 964
860, 159, 189
861, 495, 618
862, 110, 981
863, 203, 709
864, 125, 806
865, 331, 923
866, 444, 482
867, 231, 878
868, 127, 838
869, 12, 124
870, 119, 197
871, 35, 487
872, 296, 539
873, 322, 912
874, 680, 956
875, 80, 147
876, 619, 699
877, 100, 841
878, 611, 834
879, 222, 348
880, 402, 795
881, 395, 921
882, 219, 739
883, 234, 281
884, 508, 571
885, 253, 705
886, 157, 875
887, 842, 918
888, 729, 749
889, 4, 860
890, 120, 666
891, 493, 656
892, 936, 984
893, 168, 483
894, 415, 716
895, 123, 165
896, 600, 653
897, 569, 833
898, 891, 944
899, 347, 544
900, 45, 587
901, 757, 856
902, 355, 947
903, 744, 816
904, 138, 865
905, 520, 939
906, 295, 970
907, 926, 943
908, 748, 836
909, 14, 720
910, 38, 406
911, 390, 651
912, 900, 990
913, 623, 724
914, 631, 942
915, 216, 452
916, 316, 993
917, 213, 837
918, 723, 845
919, 241, 320
920, 844, 887
921, 638, 852
922, 414, 977
923, 324, 649
924, 378, 530
925, 115, 511
926, 252, 818
927, 330, 967
928, 73, 831
929, 616, 986
930, 144, 911
931, 19, 121
932, 107, 811
933, 220, 634
934, 435, 793
935, 715, 961
936, 927, 988
937, 268, 302
938, 898, 996
939, 747, 828
940, 54, 412
941, 199, 963
942, 584, 776
943, 456, 701
944, 280, 528
945, 648, 959
946, 340, 526
947, 718, 905
948, 239, 727
949, 783, 788
950, 215, 404
951, 509, 972
952, 644, 679
953, 848, 998
954, 692, 881
955, 443, 929
956, 225, 303
957, 421, 558
958, 156, 258
959, 449, 753
960, 507, 797
961, 60, 736
962, 173, 484
963, 407, 933
964, 48, 643
965, 81, 659
966, 668, 919
967, 343, 916
968, 207, 389
969, 67, 488
970, 143, 337
971, 93, 164
972, 72, 608
973, 717, 738
974, 417, 888
975, 512, 670
976, 194, 246
977, 471, 517
978, 367, 534
979, 737, 857
980, 9, 375
981, 95, 823
982, 136, 491
983, 37, 957
984, 96, 205
985, 602, 987
986, 21, 372
987, 130, 238
988, 719, 871
989, 504, 843
990, 224, 665
991, 113, 352
992, 98, 770
993, 418, 980
994, 683, 982
995, 486, 543
996, 254, 774
997, 304, 754
998, 325, 741
999, 311, 344
1000, 18, 924
1001, 173, 757
1002, 126, 810
1003, 102, 244
1004, 552, 649
1005, 220, 627
1006, 366, 385
1007, 224, 486
1008, 672, 751
1009, 141, 386
1010, 270, 582
1011, 538, 850
1012, 719, 964
1013, 528, 784
1014, 140, 537
1015, 3, 106
1016, 192, 936
1017, 195, 866
1018, 264, 565
1019, 564, 716
1020, 36, 635
1021, 283, 659
1022, 189, 617
1023, 65, 970
1024, 158, 571
1025, 620, 741
1026, 74, 470
1027, 17, 549
1028, 196, 405
1029, 19, 309
1030, 138, 376
1031, 44, 908
1032, 66, 605
1033, 121, 252
1034, 657, 831
1035, 228, 712
1036, 895, 941
1037, 331, 407
1038, 284, 315
1039, 739, 798
1040, 55, 388
1041, 312, 398
1042, 430, 601
1043, 276, 994
1044, 268, 663
1045, 479, 864
1046, 225, 239
1047, 7, 68
1048, 353, 423
1049, 574, 761
1050, 118, 519
1051, 772, 919
1052, 329, 862
1053, 308, 592
1054, 814, 960
1055, 184, 553
1056, 136, 348
1057, 2, 631
1058, 502, 576
1059, 898, 907
1060, 490, 887
1061, 53, 298
1062, 22, 577
1063, 431, 812
1064, 233, 368
1065, 212, 805
1066, 313, 985
1067, 349, 691
1068, 20, 372
1069, 37, 933
1070, 9, 250
1071, 45, 503
1072, 367, 822
1073, 787, 974
1074, 207, 956
1075, 24, 615
1076, 360, 685
1077, 391, 557
1078, 588, 912
1079, 182, 219
1080, 280, 971
1081, 737, 869
1082, 701, 826
1083, 656, 825
1084, 145, 513
1085, 648, 899
1086, 420, 665
1087, 323, 482
1088, 63, 481
1089, 445, 735
1090, 394, 406
1091, 454, 623
1092, 116, 343
1093, 12, 198
1094, 485, 827
1095, 277, 495
1096, 613, 697
1097, 11, 832
1098, 677, 722
1099, 468, 531
1100, 730, 744
1101, 493, 854
1102, 653, 678
1103, 28, 374
1104, 78, 658
1105, 491, 568
1106, 335, 488
1107, 356, 609
1108, 589, 713
1109, 54, 877
1110, 934, 982
1111, 411, 562
1112, 98, 103
1113, 5, 319
1114, 46, 669
1115, 183, 262
1116, 682, 915
1117, 641, 886
1118, 229, 324
1119, 178, 506
1120, 415, 990
1121, 154, 673
1122, 201, 452
1123, 706, 952
1124, 52, 123
1125, 42, 86
1126, 26, 702
1127, 534, 721
1128, 504, 529
1129, 365, 913
1130, 614, 782
1131, 408, 849
1132, 789, 845
1133, 321, 844
1134, 619, 636
1135, 767, 779
1136, 21, 707
1137, 51, 287
1138, 30, 724
1139, 79, 393
1140, 341, 865
1141, 532, 871
1142, 194, 441
1143, 222, 487
1144, 165, 174
1145, 611, 786
1146, 253, 320
1147, 543, 906
1148, 302, 526
1149, 429, 835
1150, 717, 834
1151, 399, 606
1152, 637, 666
1153, 740, 921
1154, 241, 718
1155, 169, 883
1156, 508, 873
1157, 150, 902
1158, 777, 875
1159, 288, 681
1160, 350, 389
1161, 128, 159
1162, 425, 771
1163, 124, 437
1164, 852, 879
1165, 13, 147
1166, 402, 860
1167, 380, 765
1168, 92, 882
1169, 296, 813
1170, 181, 447
1171, 149, 333
1172, 203, 522
1173, 135, 382
1174, 180, 745
1175, 497, 992
1176, 75, 243
1177, 64, 791
1178, 355, 725
1179, 839, 973
1180, 395, 743
1181, 209, 909
1182, 211, 469
1183, 760, 946
1184, 443, 612
1185, 87, 163
1186, 245, 664
1187, 444, 689
1188, 49, 332
1189, 435, 828
1190, 227, 607
1191, 185, 191
1192, 763, 781
1193, 618, 954
1194, 494, 808
1195, 541, 624
1196, 105, 476
1197, 6, 261
1198, 80, 704
1199, 257, 459
1200, 477, 972
1201, 286, 400
1202, 82, 536
1203, 357, 981
1204, 208, 235
1205, 161, 202
1206, 115, 217
1207, 387, 520
1208, 23, 255
1209, 125, 314
1210, 409, 608
1211, 47, 340
1212, 232, 878
1213, 179, 604
1214, 661, 896
1215, 749, 858
1216, 823, 867
1217, 177, 455
1218, 345, 630
1219, 110, 686
1220, 840, 975
1221, 83, 176
1222, 758, 775
1223, 560, 567
1224, 32, 62
1225, 527, 587
1226, 89, 803
1227, 352, 671
1228, 830, 892
1229, 33, 926
1230, 279, 598
1231, 369, 569
1232, 738, 752
1233, 510, 610
1234, 249, 622
1235, 438, 904
1236, 230, 966
1237, 498, 806
1238, 295, 548
1239, 122, 748
1240, 281, 773
1241, 234, 723
1242, 342, 922
1243, 556, 676
1244, 795, 932
1245, 111, 836
1246, 633, 947
1247, 231, 337
1248, 40, 256
1249, 558, 747
1250, 300, 991
1251, 127, 153
1252, 291, 483
1253, 267, 404
1254, 285, 546
1255, 289, 293
1256, 471, 731
1257, 273, 900
1258, 525, 667
1259, 129, 687
1260, 16, 384
1261, 91, 829
1262, 732, 940
1263, 518, 692
1264, 311, 383
1265, 164, 210
1266, 104, 616
1267, 418, 1000
1268, 117, 336
1269, 215, 347
1270, 359, 797
1271, 448, 726
1272, 15, 853
1273, 282, 680
1274, 223, 897
1275, 742, 927
1276, 403, 650
1277, 25, 928
1278, 638, 851
1279, 59, 625
1280, 462, 842
1281, 90, 800
1282, 99, 843
1283, 60, 593
1284, 516, 890
1285, 492, 950
1286, 326, 846
1287, 419, 509
1288, 56, 872
1289, 148, 523
1290, 306, 451
1291, 373, 563
1292, 290, 945
1293, 436, 684
1294, 392, 545
1295, 774, 910
1296, 93, 824
1297, 654, 881
1298, 188, 728
1299, 97, 307
1300, 199, 804
1301, 305, 754
1302, 152, 969
1303, 259, 788
1304, 168, 530
1305, 489, 944
1306, 931, 959
1307, 570, 794
1308, 935, 995
1309, 38, 833
1310, 626, 863
1311, 238, 512
1312, 414, 554
1313, 197, 251
1314, 903, 987
1315, 143, 507
1316, 422, 642
1317, 807, 920
1318, 555, 785
1319, 924, 979
1320, 50, 379
1321, 581, 683
1322, 39, 674
1323, 130, 645
1324, 10, 596
1325, 539, 542
1326, 876, 880
1327, 292, 998
1328, 137, 156
1329, 299, 821
1330, 401, 432
1331, 278, 988
1332, 766, 802
1333, 417, 705
1334, 467, 711
1335, 274, 868
1336, 428, 679
1337, 561, 796
1338, 265, 948
1339, 119, 412
1340, 799, 837
1341, 533, 855
1342, 819, 841
1343, 272, 647
1344, 131, 214
1345, 1, 316
1346, 72, 144
1347, 96, 496
1348, 377, 439
1349, 456, 670
1350, 756, 925
1351, 893, 953
1352, 260, 566
1353, 720, 978
1354, 167, 976
1355, 310, 699
1356, 473, 977
1357, 221, 511
1358, 461, 889
1359, 815, 885
1360, 410, 894
1361, 114, 938
1362, 327, 575
1363, 171, 580
1364, 888, 963
1365, 453, 790
1366, 734, 923
1367, 943, 962
1368, 584, 778
1369, 602, 967
1370, 433, 762
1371, 113, 246
1372, 193, 269
1373, 427, 466
1374, 84, 328
1375, 120, 151
1376, 524, 874
1377, 254, 696
1378, 346, 955
1379, 634, 750
1380, 501, 629
1381, 237, 818
1382, 275, 591
1383, 344, 474
1384, 424, 628
1385, 170, 371
1386, 271, 378
1387, 29, 240
1388, 416, 801
1389, 73, 643
1390, 381, 583
1391, 318, 700
1392, 186, 594
1393, 57, 95
1394, 698, 937
1395, 58, 965
1396, 8, 139
1397, 325, 632
1398, 339, 535
1399, 35, 464
1400, 157, 294
1401, 597, 736
1402, 708, 714
1403, 621, 729
1404, 660, 997
1405, 213, 362
1406, 107, 547
1407, 61, 304
1408, 358, 375
1409, 297, 390
1410, 463, 600
1411, 891, 989
1412, 590, 755
1413, 644, 848
1414, 521, 856
1415, 572, 770
1416, 81, 688
1417, 517, 838
1418, 655, 753
1419, 449, 918
1420, 242, 301
1421, 690, 703
1422, 303, 338
1423, 363, 961
1424, 94, 780
1425, 421, 460
1426, 759, 911
1427, 77, 709
1428, 190, 351
1429, 599, 930
1430, 34, 475
1431, 746, 986
1432, 100, 187
1433, 364, 550
1434, 578, 733
1435, 204, 505
1436, 515, 710
1437, 446, 993
1438, 817, 870
1439, 218, 651
1440, 206, 544
1441, 764, 951
1442, 361, 917
1443, 18, 160
1444, 70, 793
1445, 41, 458
1446, 465, 783
1447, 816, 968
1448, 69, 396
1449, 370, 914
1450, 776, 809
1451, 983, 996
1452, 426, 727
1453, 155, 984
1454, 14, 236
1455, 76, 929
1456, 101, 652
1457, 112, 134
1458, 162, 472
1459, 263, 949
1460, 48, 266
1461, 247, 573
1462, 579, 999
1463, 205, 586
1464, 4, 769
1465, 71, 905
1466, 354, 640
1467, 108, 768
1468, 639, 715
1469, 330, 585
1470, 603, 980
1471, 646, 859
1472, 226, 861
1473, 397, 675
1474, 175, 694
1475, 258, 595
1476, 146, 820
1477, 442, 916
1478, 132, 440
1479, 662, 958
1480, 434, 484
1481, 248, 957
1482, 514, 811
1483, 216, 884
1484, 133, 166
1485, 413, 540
1486, 450, 693
1487, 88, 200
1488, 27, 317
1489, 695, 857
1490, 67, 901
1491, 559, 942
1492, 480, 939
1493, 500, 668
1494, 31, 142
1495, 478, 792
1496, 43, 172
1497, 109, 499
1498, 322, 334
1499, 457, 551
1500, 85, 847
1501, 937, 994
1502, 557, 589
1503, 549, 891
1504, 162, 240
1505, 228, 584
1506, 256, 859
1507, 348, 725
1508, 215, 617
1509, 166, 600
1510, 123, 942
1511, 264, 399
1512, 186, 511
1513, 29, 914
1514, 122, 701
1515, 286, 882
1516, 80, 785
1517, 374, 696
1518, 81, 963
1519, 28, 633
1520, 775, 898
1521, 337, 409
1522, 817, 983
1523, 749, 767
1524, 36, 544
1525, 320, 998
1526, 108, 169
1527, 284, 738
1528, 460, 552
1529, 380, 432
1530, 856, 974
1531, 752, 760
1532, 944, 978
1533, 30, 448
1534, 579, 710
1535, 699, 953
1536, 464, 939
1537, 85, 287
1538, 503, 773
1539, 486, 610
1540, 529, 986
1541, 200, 433
1542, 484, 769
1543, 367, 973
1544, 310, 686
1545, 559, 957
1546, 577, 649
1547, 22, 650
1548, 660, 880
1549, 504, 832
1550, 18, 292
1551, 397, 684
1552, 197, 400
1553, 75, 873
1554, 475, 588
1555, 248, 346
1556, 272, 341
1557, 121, 932
1558, 31, 714
1559, 119, 476
1560, 276, 858
1561, 40, 764
1562, 98, 157
1563, 693, 731
1564, 148, 668
1565, 274, 851
1566, 338, 943
1567, 53, 82
1568, 590, 895
1569, 64, 251
1570, 60, 205
1571, 199, 297
1572, 316, 343
1573, 742, 877
1574, 105, 520
1575, 61, 441
1576, 565, 909
1577, 518, 532
1578, 849, 967
1579, 477, 655
1580, 158, 467
1581, 7, 359
1582, 223, 247
1583, 49, 445
1584, 46, 692
1585, 1, 211
1586, 364, 489
1587, 217, 488
1588, 242, 495
1589, 267, 335
1590, 392, 958
1591, 356, 854
1592, 743, 744
1593, 136, 436
1594, 326, 893
1595, 115, 132
1596, 102, 167
1597, 878, 917
1598, 461, 513
1599, 390, 439
1600, 288, 311
1601, 496, 675
1602, 427, 580
1603, 221, 875
1604, 195, 401
1605, 658, 724
1606, 643, 653
1607, 261, 801
1608, 260, 485
1609, 143, 906
1610, 193, 570
1611, 254, 933
1612, 73, 802
1613, 294, 823
1614, 314, 763
1615, 688, 989
1616, 62, 594
1617, 323, 896
1618, 506, 665
1619, 42, 855
1620, 818, 852
1621, 77, 819
1622, 296, 938
1623, 676, 977
1624, 34, 88
1625, 208, 280
1626, 23, 451
1627, 641, 728
1628, 735, 814
1629, 194, 626
1630, 4, 336
1631, 185, 239
1632, 74, 516
1633, 154, 666
1634, 530, 768
1635, 794, 861
1636, 134, 566
1637, 145, 255
1638, 118, 386
1639, 708, 833
1640, 285, 970
1641, 601, 739
1642, 411, 747
1643, 299, 349
1644, 130, 237
1645, 388, 999
1646, 450, 822
1647, 87, 840
1648, 293, 536
1649, 69, 501
1650, 27, 141
1651, 159, 525
1652, 907, 975
1653, 37, 112
1654, 250, 360
1655, 103, 612
1656, 609, 630
1657, 538, 644
1658, 309, 567
1659, 56, 605
1660, 421, 663
1661, 219, 636
1662, 226, 695
1663, 282, 334
1664, 180, 798
1665, 472, 919
1666, 614, 905
1667, 224, 920
1668, 21, 263
1669, 376, 490
1670, 657, 838
1671, 172, 291
1672, 407, 515
1673, 150, 414
1674, 732, 871
1675, 114, 980
1676, 514, 631
1677, 452, 848
1678, 615, 741
1679, 66, 351
1680, 183, 556
1681, 249, 716
1682, 481, 534
1683, 607, 672
1684, 591, 632
1685, 117, 843
1686, 726, 754
1687, 866, 883
1688, 325, 554
1689, 76, 613
1690, 628, 715
1691, 210, 683
1692, 860, 897
1693, 661, 961
1694, 890, 950
1695, 218, 457
1696, 361, 948
1697, 429, 713
1698, 466, 598
1699, 137, 358
1700, 93, 395
1701, 604, 929
1702, 303, 593
1703, 913, 945
1704, 941, 976
1705, 482, 494
1706, 48, 398
1707, 526, 546
1708, 129, 345
1709, 57, 705
1710, 227, 965
1711, 149, 664
1712, 258, 522
1713, 761, 863
1714, 853, 870
1715, 96, 259
1716, 512, 922
1717, 192, 396
1718, 329, 487
1719, 509, 740
1720, 175, 597
1721, 491, 829
1722, 270, 502
1723, 13, 116
1724, 949, 951
1725, 365, 835
1726, 230, 583
1727, 547, 959
1728, 428, 670
1729, 244, 712
1730, 26, 135
1731, 415, 1000
1732, 592, 780
1733, 188, 434
1734, 378, 746
1735, 611, 645
1736, 47, 618
1737, 35, 187
1738, 652, 876
1739, 241, 420
1740, 109, 234
1741, 385, 845
1742, 478, 627
1743, 16, 304
1744, 681, 824
1745, 758, 874
1746, 324, 624
1747, 470, 842
1748, 820, 956
1749, 355, 533
1750, 245, 921
1751, 89, 581
1752, 682, 790
1753, 113, 690
1754, 821, 894
1755, 15, 703
1756, 539, 718
1757, 483, 498
1758, 33, 206
1759, 78, 144
1760, 24, 885
1761, 8, 637
1762, 278, 720
1763, 500, 679
1764, 903, 910
1765, 246, 995
1766, 124, 879
1767, 45, 465
1768, 437, 867
1769, 100, 751
1770, 9, 621
1771, 623, 997
1772, 201, 947
1773, 232, 982
1774, 182, 332
1775, 168, 841
1776, 638, 836
1777, 408, 616
1778, 774, 908
1779, 435, 811
1780, 659, 934
1781, 160, 493
1782, 389, 902
1783, 537, 766
1784, 422, 468
1785, 101, 164
1786, 156, 373
1787, 366, 889
1788, 216, 625
1789, 300, 805
1790, 43, 755
1791, 140, 783
1792, 362, 438
1793, 97, 574
1794, 298, 654
1795, 79, 469
1796, 3, 354
1797, 759, 981
1798, 455, 558
1799, 238, 828
1800, 648, 709
1801, 50, 954
1802, 505, 586
1803, 126, 212
1804, 419, 711
1805, 393, 405
1806, 269, 553
1807, 353, 517
1808, 369, 599
1809, 569, 830
1810, 283, 642
1811, 44, 327
1812, 535, 884
1813, 736, 916
1814, 453, 781
1815, 564, 656
1816, 179, 797
1817, 328, 850
1818, 572, 992
1819, 120, 585
1820, 220, 347
1821, 68, 573
1822, 214, 543
1823, 350, 446
1824, 59, 846
1825, 266, 548
1826, 133, 837
1827, 131, 629
1828, 444, 596
1829, 560, 888
1830, 551, 936
1831, 72, 762
1832, 371, 745
1833, 39, 561
1834, 312, 377
1835, 776, 834
1836, 620, 808
1837, 139, 279
1838, 128, 619
1839, 20, 252
1840, 687, 789
1841, 265, 273
1842, 555, 966
1843, 99, 795
1844, 104, 497
1845, 697, 987
1846, 315, 700
1847, 268, 900
1848, 499, 962
1849, 651, 734
1850, 340, 694
1851, 402, 471
1852, 383, 571
1853, 233, 370
1854, 110, 924
1855, 480, 839
1856, 91, 647
1857, 756, 800
1858, 479, 971
1859, 730, 979
1860, 563, 635
1861, 575, 765
1862, 32, 178
1863, 207, 524
1864, 231, 403
1865, 190, 236
1866, 41, 796
1867, 147, 372
1868, 262, 602
1869, 507, 622
1870, 70, 463
1871, 181, 988
1872, 384, 952
1873, 225, 342
1874, 196, 474
1875, 416, 779
1876, 209, 792
1877, 25, 923
1878, 38, 184
1879, 339, 862
1880, 125, 382
1881, 869, 972
1882, 440, 940
1883, 582, 784
1884, 14, 674
1885, 391, 918
1886, 202, 243
1887, 793, 826
1888, 51, 737
1889, 595, 689
1890, 424, 955
1891, 281, 413
1892, 177, 815
1893, 58, 915
1894, 138, 926
1895, 63, 717
1896, 576, 707
1897, 2, 996
1898, 146, 753
1899, 406, 968
1900, 540, 640
1901, 203, 702
1902, 777, 928
1903, 447, 704
1904, 95, 678
1905, 677, 930
1906, 782, 925
1907, 94, 603
1908, 83, 331
1909, 92, 733
1910, 84, 964
1911, 165, 317
1912, 459, 788
1913, 804, 993
1914, 189, 308
1915, 542, 857
1916, 67, 107
1917, 52, 634
1918, 111, 960
1919, 368, 473
1920, 394, 816
1921, 306, 318
1922, 381, 545
1923, 363, 606
1924, 307, 991
1925, 671, 831
1926, 425, 757
1927, 54, 344
1928, 352, 527
1929, 456, 722
1930, 290, 691
1931, 277, 723
1932, 106, 892
1933, 5, 912
1934, 90, 379
1935, 330, 886
1936, 458, 772
1937, 257, 387
1938, 142, 322
1939, 417, 550
1940, 375, 404
1941, 271, 528
1942, 19, 827
1943, 685, 864
1944, 673, 803
1945, 275, 881
1946, 191, 562
1947, 667, 984
1948, 229, 698
1949, 680, 868
1950, 86, 523
1951, 305, 887
1952, 706, 935
1953, 313, 510
1954, 492, 646
1955, 55, 969
1956, 152, 787
1957, 578, 721
1958, 153, 418
1959, 301, 521
1960, 163, 865
1961, 443, 729
1962, 333, 568
1963, 213, 519
1964, 410, 791
1965, 10, 662
1966, 170, 904
1967, 430, 541
1968, 289, 911
1969, 253, 771
1970, 319, 748
1971, 423, 449
1972, 65, 176
1973, 608, 927
1974, 813, 901
1975, 807, 825
1976, 71, 462
1977, 412, 810
1978, 302, 946
1979, 171, 750
1980, 508, 990
1981, 799, 806
1982, 6, 235
1983, 173, 587
1984, 639, 847
1985, 12, 899
1986, 531, 872
1987, 778, 985
1988, 426, 844
1989, 321, 812
1990, 204, 719
1991, 151, 786
1992, 161, 174
1993, 11, 931
1994, 222, 669
1995, 198, 454
1996, 357, 442
1997, 17, 431
1998, 295, 809
1999, 727, 770
2000, 127, 155
2001, 290, 452
2002, 472, 635
2003, 769, 999
2004, 553, 626
2005, 109, 599
2006, 265, 995
2007, 163, 527
2008, 190, 204
2009, 504, 876
2010, 27, 728
2011, 670, 758
2012, 297, 992
2013, 13, 506
2014, 757, 931
2015, 383, 631
2016, 338, 496
2017, 211, 422
2018, 725, 881
2019, 467, 912
2020, 459, 961
2021, 192, 468
2022, 319, 416
2023, 9, 533
2024, 18, 790
2025, 373, 508
2026, 589, 754
2027, 400, 612
2028, 114, 884
2029, 578, 902
2030, 518, 568
2031, 105, 546
2032, 131, 713
2033, 462, 986
2034, 376, 925
2035, 2, 48
2036, 465, 822
2037, 316, 869
2038, 150, 636
2039, 147, 170
2040, 116, 741
2041, 516, 752
2042, 340, 719
2043, 456, 974
2044, 168, 655
2045, 571, 967
2046, 90, 998
2047, 514, 886
2048, 582, 614
2049, 705, 989
2050, 56, 419
2051, 685, 692
2052, 124, 171
2053, 735, 917
2054, 16, 490
2055, 5, 289
2056, 151, 219
2057, 88, 310
2058, 314, 805
2059, 193, 628
2060, 847, 929
2061, 8, 897
2062, 836, 948
2063, 361, 621
2064, 530, 686
2065, 407, 498
2066, 271, 810
2067, 223, 424
2068, 384, 764
2069, 658, 783
2070, 183, 206
2071, 625, 681
2072, 325, 432
2073, 324, 513
2074, 483, 944
2075, 590, 997
2076, 247, 359
2077, 466, 663
2078, 160, 230
2079, 485, 549
2080, 20, 447
2081, 619, 875
2082, 942, 993
2083, 607, 696
2084, 75, 832
2085, 592, 927
2086, 850, 952
2087, 159, 727
2088, 327, 890
2089, 95, 778
2090, 60, 584
2091, 500, 682
2092, 222, 259
2093, 198, 433
2094, 375, 609
2095, 926, 945
2096, 210, 868
2097, 181, 573
2098, 610, 717
2099, 378, 843
2100, 26, 583
2101, 146, 785
2102, 372, 970
2103, 126, 969
2104, 616, 819
2105, 239, 792
2106, 311, 624
2107, 797, 871
2108, 417, 561
2109, 856, 907
2110, 34, 45
2111, 77, 201
2112, 293, 818
2113, 415, 901
2114, 119, 391
2115, 301, 910
2116, 232, 946
2117, 848, 916
2118, 484, 918
2119, 577, 782
2120, 321, 580
2121, 356, 892
2122, 445, 959
2123, 355, 565
2124, 738, 882
2125, 199, 242
2126, 367, 802
2127, 303, 937
2128, 133, 846
2129, 275, 470
2130, 381, 559
2131, 235, 519
2132, 32, 776
2133, 44, 510
2134, 267, 563
2135, 718, 845
2136, 266, 579
2137, 442, 729
2138, 368, 377
2139, 191, 646
2140, 135, 951
2141, 148, 736
2142, 286, 387
2143, 598, 687
2144, 240, 795
2145, 19, 821
2146, 28, 79
2147, 457, 666
2148, 318, 554
2149, 494, 860
2150, 156, 768
2151, 620, 809
2152, 93, 541
2153, 176, 499
2154, 136, 732
2155, 398, 949
2156, 441, 664
2157, 742, 958
2158, 566, 639
2159, 11, 313
2160, 51, 371
2161, 443, 564
2162, 299, 476
2163, 539, 977
2164, 58, 300
2165, 25, 172
2166, 59, 68
2167, 217, 643
2168, 65, 560
2169, 437, 721
2170, 38, 61
2171, 102, 994
2172, 17, 562
2173, 220, 588
2174, 434, 474
2175, 6, 365
2176, 37, 331
2177, 175, 855
2178, 14, 272
2179, 449, 708
2180, 934, 972
2181, 264, 524
2182, 402, 632
2183, 186, 950
2184, 354, 903
2185, 906, 968
2186, 7, 852
2187, 253, 525
2188, 294, 987
2189, 537, 555
2190, 282, 746
2191, 23, 393
2192, 770, 831
2193, 558, 744
2194, 469, 988
2195, 385, 947
2196, 22, 458
2197, 733, 885
2198, 820, 853
2199, 161, 786
2200, 517, 677
2201, 661, 799
2202, 547, 650
2203, 121, 872
2204, 363, 801
2205, 84, 440
2206, 464, 889
2207, 21, 788
2208, 481, 767
2209, 115, 479
2210, 94, 343
2211, 42, 145
2212, 225, 364
2213, 581, 921
2214, 430, 649
2215, 55, 83
2216, 322, 410
2217, 152, 870
2218, 278, 706
2219, 288, 684
2220, 262, 898
2221, 64, 680
2222, 218, 674
2223, 292, 323
2224, 740, 747
2225, 529, 760
2226, 248, 954
2227, 46, 975
2228, 396, 413
2229, 69, 835
2230, 454, 515
2231, 436, 710
2232, 113, 460
2233, 642, 956
2234, 669, 722
2235, 791, 955
2236, 404, 406
2237, 62, 660
2238, 586, 781
2239, 1, 10
2240, 397, 877
2241, 4, 118
2242, 816, 939
2243, 231, 633
2244, 471, 739
2245, 49, 984
2246, 40, 806
2247, 420, 667
2248, 189, 344
2249, 453, 569
2250, 167, 923
2251, 358, 463
2252, 111, 233
2253, 274, 426
2254, 320, 979
2255, 157, 606
2256, 587, 637
2257, 337, 759
2258, 127, 336
2259, 403, 423
2260, 212, 862
2261, 388, 715
2262, 905, 935
2263, 283, 389
2264, 106, 648
2265, 81, 888
2266, 24, 672
2267, 224, 662
2268, 401, 552
2269, 656, 867
2270, 673, 983
2271, 236, 250
2272, 39, 556
2273, 665, 683
2274, 540, 668
2275, 351, 755
2276, 613, 899
2277, 203, 439
2278, 382, 963
2279, 431, 550
2280, 196, 428
2281, 707, 765
2282, 101, 911
2283, 57, 492
2284, 652, 874
2285, 308, 489
2286, 107, 841
2287, 287, 930
2288, 617, 891
2289, 129, 208
2290, 153, 473
2291, 177, 298
2292, 173, 421
2293, 246, 829
2294, 342, 866
2295, 761, 763
2296, 366, 597
2297, 112, 825
2298, 611, 842
2299, 645, 750
2300, 716, 864
2301, 229, 593
2302, 503, 521
2303, 128, 207
2304, 814, 887
2305, 213, 226
2306, 280, 545
2307, 98, 273
2308, 194, 329
2309, 92, 475
2310, 29, 772
2311, 501, 699
2312, 228, 608
2313, 238, 978
2314, 698, 811
2315, 833, 878
2316, 700, 953
2317, 309, 880
2318, 305, 317
2319, 408, 962
2320, 774, 844
2321, 726, 748
2322, 30, 43
2323, 601, 743
2324, 87, 981
2325, 478, 849
2326, 108, 134
2327, 104, 720
2328, 480, 873
2329, 185, 794
2330, 507, 671
2331, 477, 690
2332, 197, 509
2333, 572, 793
2334, 139, 854
2335, 82, 834
2336, 255, 409
2337, 352, 495
2338, 688, 957
2339, 76, 328
2340, 227, 896
2341, 535, 651
2342, 312, 943
2343, 100, 861
2344, 302, 390
2345, 174, 629
2346, 166, 526
2347, 89, 694
2348, 346, 784
2349, 86, 574
2350, 158, 335
2351, 412, 964
2352, 775, 985
2353, 120, 179
2354, 641, 908
2355, 130, 270
2356, 370, 511
2357, 543, 594
2358, 798, 938
2359, 50, 826
2360, 80, 188
2361, 241, 505
2362, 187, 815
2363, 125, 840
2364, 260, 779
2365, 52, 202
2366, 12, 703
2367, 164, 773
2368, 493, 497
2369, 487, 980
2370, 142, 865
2371, 257, 762
2372, 448, 812
2373, 411, 425
2374, 345, 709
2375, 640, 909
2376, 103, 787
2377, 99, 697
2378, 73, 756
2379, 249, 966
2380, 883, 971
2381, 676, 737
2382, 162, 532
2383, 269, 482
2384, 766, 804
2385, 623, 879
2386, 348, 932
2387, 491, 604
2388, 149, 254
2389, 414, 712
2390, 237, 813
2391, 263, 753
2392, 91, 418
2393, 904, 976
2394, 252, 679
2395, 277, 605
2396, 47, 630
2397, 132, 334
2398, 285, 807
2399, 215, 570
2400, 339, 538
2401, 596, 863
2402, 138, 399
2403, 72, 602
2404, 155, 789
2405, 216, 341
2406, 851, 941
2407, 512, 731
2408, 110, 751
2409, 31, 933
2410, 41, 895
2411, 245, 531
2412, 701, 714
2413, 306, 357
2414, 141, 990
2415, 251, 730
2416, 803, 858
2417, 53, 675
2418, 291, 777
2419, 839, 965
2420, 137, 548
2421, 66, 915
2422, 534, 973
2423, 830, 838
2424, 638, 936
2425, 353, 446
2426, 326, 900
2427, 256, 486
2428, 63, 536
2429, 36, 520
2430, 644, 922
2431, 488, 689
2432, 429, 634
2433, 427, 659
2434, 178, 982
2435, 117, 996
2436, 360, 615
2437, 261, 350
2438, 143, 919
2439, 386, 653
2440, 567, 600
2441, 394, 749
2442, 347, 595
2443, 96, 444
2444, 678, 702
2445, 349, 557
2446, 268, 542
2447, 165, 307
2448, 379, 724
2449, 195, 205
2450, 78, 808
2451, 745, 780
2452, 15, 522
2453, 502, 924
2454, 258, 823
2455, 295, 461
2456, 405, 438
2457, 523, 585
2458, 279, 928
2459, 154, 704
2460, 771, 893
2461, 244, 859
2462, 243, 711
2463, 33, 824
2464, 67, 800
2465, 304, 837
2466, 544, 551
2467, 3, 200
2468, 140, 857
2469, 796, 827
2470, 603, 691
2471, 182, 828
2472, 296, 940
2473, 70, 654
2474, 122, 330
2475, 71, 369
2476, 54, 392
2477, 169, 913
2478, 575, 1000
2479, 234, 695
2480, 180, 455
2481, 333, 395
2482, 276, 284
2483, 332, 528
2484, 450, 960
2485, 723, 894
2486, 374, 591
2487, 74, 435
2488, 627, 693
2489, 362, 380
2490, 144, 281
2491, 451, 817
2492, 622, 647
2493, 221, 991
2494, 123, 576
2495, 209, 315
2496, 35, 734
2497, 97, 184
2498, 85, 214
2499, 618, 914
2500, 657, 920
2501, 175, 783
2502, 29, 695
2503, 39, 72
2504, 22, 499
2505, 302, 590
2506, 14, 443
2507, 141, 663
2508, 130, 234
2509, 227, 959
2510, 300, 740
2511, 181, 982
2512, 280, 692
2513, 585, 905
2514, 482, 809
2515, 263, 284
2516, 895, 917
2517, 117, 146
2518, 168, 406
2519, 150, 943
2520, 244, 770
2521, 540, 904
2522, 724, 808
2523, 289, 800
2524, 350, 689
2525, 118, 776
2526, 339, 735
2527, 192, 733
2528, 767, 969
2529, 240, 816
2530, 388, 777
2531, 449, 990
2532, 508, 983
2533, 179, 517
2534, 16, 703
2535, 713, 918
2536, 249, 786
2537, 242, 891
2538, 698, 821
2539, 680, 850
2540, 92, 842
2541, 116, 404
2542, 320, 940
2543, 96, 563
2544, 187, 496
2545, 494, 993
2546, 208, 597
2547, 454, 579
2548, 173, 902
2549, 159, 251
2550, 164, 460
2551, 584, 935
2552, 152, 980
2553, 94, 485
2554, 62, 398
2555, 44, 938
2556, 818, 833
2557, 382, 782
2558, 878, 971
2559, 158, 549
2560, 167, 668
2561, 529, 945
2562, 566, 968
2563, 275, 814
2564, 390, 542
2565, 87, 646
2566, 326, 370
2567, 203, 883
2568, 124, 647
2569, 66, 810
2570, 455, 591
2571, 559, 690
2572, 272, 856
2573, 218, 872
2574, 415, 586
2575, 357, 829
2576, 403, 551
2577, 525, 528
2578, 344, 887
2579, 392, 497
2580, 594, 909
2581, 12, 109
2582, 266, 812
2583, 492, 771
2584, 311, 545
2585, 710, 773
2586, 544, 598
2587, 133, 866
2588, 885, 960
2589, 442, 901
2590, 128, 342
2591, 618, 629
2592, 425, 997
2593, 169, 427
2594, 331, 543
2595, 20, 640
2596, 919, 944
2597, 348, 434
2598, 296, 523
2599, 384, 681
2600, 578, 691
2601, 142, 453
2602, 299, 626
2603, 493, 631
2604, 436, 481
2605, 309, 736
2606, 201, 873
2607, 23, 440
2608, 176, 582
2609, 622, 976
2610, 343, 441
2611, 257, 607
2612, 558, 693
2613, 287, 534
2614, 151, 958
2615, 245, 835
2616, 35, 288
2617, 418, 801
2618, 60, 386
2619, 50, 865
2620, 228, 792
2621, 207, 507
2622, 371, 859
2623, 166, 610
2624, 74, 518
2625, 154, 908
2626, 923, 974
2627, 247, 772
2628, 259, 393
2629, 264, 998
2630, 335, 685
2631, 489, 561
2632, 651, 661
2633, 318, 853
2634, 444, 925
2635, 315, 319
2636, 452, 778
2637, 19, 324
2638, 281, 356
2639, 611, 855
2640, 431, 830
2641, 547, 987
2642, 381, 858
2643, 530, 819
2644, 156, 353
2645, 283, 514
2646, 129, 657
2647, 183, 951
2648, 48, 950
2649, 47, 573
2650, 502, 516
2651, 373, 759
2652, 148, 726
2653, 71, 220
2654, 226, 666
2655, 837, 867
2656, 286, 701
2657, 513, 662
2658, 233, 304
2659, 120, 408
2660, 68, 906
2661, 185, 426
2662, 560, 797
2663, 428, 445
2664, 8, 352
2665, 271, 619
2666, 520, 979
2667, 391, 664
2668, 17, 825
2669, 498, 754
2670, 144, 202
2671, 450, 984
2672, 937, 972
2673, 99, 447
2674, 188, 684
2675, 469, 836
2676, 143, 963
2677, 95, 992
2678, 312, 438
2679, 637, 791
2680, 832, 846
2681, 235, 627
2682, 511, 949
2683, 258, 330
2684, 160, 753
2685, 429, 743
2686, 212, 817
2687, 135, 744
2688, 108, 165
2689, 341, 526
2690, 270, 337
2691, 147, 916
2692, 268, 290
2693, 37, 672
2694, 25, 38
2695, 612, 660
2696, 64, 86
2697, 186, 282
2698, 847, 942
2699, 798, 854
2700, 617, 688
2701, 673, 728
2702, 114, 470
2703, 83, 478
2704, 123, 274
2705, 121, 254
2706, 624, 656
2707, 211, 803
2708, 112, 253
2709, 231, 655
2710, 115, 652
2711, 303, 347
2712, 163, 397
2713, 178, 362
2714, 314, 506
2715, 32, 93
2716, 229, 615
2717, 59, 248
2718, 457, 802
2719, 57, 424
2720, 338, 707
2721, 26, 474
2722, 539, 869
2723, 7, 888
2724, 6, 936
2725, 2, 774
2726, 89, 700
2727, 458, 714
2728, 697, 795
2729, 678, 742
2730, 67, 483
2731, 61, 480
2732, 718, 879
2733, 583, 760
2734, 468, 577
2735, 246, 553
2736, 789, 948
2737, 784, 813
2738, 153, 177
2739, 412, 649
2740, 15, 600
2741, 198, 749
2742, 193, 874
2743, 18, 991
2744, 751, 794
2745, 462, 843
2746, 554, 605
2747, 11, 491
2748, 588, 989
2749, 81, 787
2750, 209, 667
2751, 308, 645
2752, 30, 433
2753, 236, 273
2754, 10, 955
2755, 40, 745
2756, 360, 970
2757, 671, 823
2758, 33, 295
2759, 285, 565
2760, 232, 790
2761, 555, 676
2762, 45, 269
2763, 82, 768
2764, 345, 613
2765, 97, 807
2766, 75, 537
2767, 213, 632
2768, 552, 871
2769, 265, 981
2770, 307, 400
2771, 477, 675
2772, 294, 574
2773, 78, 241
2774, 182, 625
2775, 603, 863
2776, 368, 986
2777, 105, 956
2778, 912, 994
2779, 131, 892
2780, 841, 884
2781, 358, 576
2782, 225, 459
2783, 430, 881
2784, 755, 781
2785, 222, 988
2786, 262, 793
2787, 644, 946
2788, 69, 732
2789, 421, 845
2790, 102, 512
2791, 104, 199
2792, 375, 915
2793, 28, 486
2794, 395, 475
2795, 354, 465
2796, 413, 501
2797, 472, 930
2798, 952, 995
2799, 361, 731
2800, 103, 775
2801, 806, 977
2802, 696, 699
2803, 372, 926
2804, 221, 495
2805, 367, 903
2806, 898, 967
2807, 505, 748
2808, 383, 897
2809, 910, 928
2810, 53, 609
2811, 239, 702
2812, 204, 978
2813, 414, 587
2814, 13, 101
2815, 548, 727
2816, 355, 738
2817, 122, 488
2818, 132, 195
2819, 162, 670
2820, 380, 599
2821, 56, 575
2822, 679, 890
2823, 134, 137
2824, 297, 639
2825, 21, 206
2826, 140, 737
2827, 510, 717
2828, 439, 446
2829, 363, 907
2830, 570, 924
2831, 405, 828
2832, 596, 864
2833, 364, 634
2834, 298, 848
2835, 407, 564
2836, 196, 796
2837, 377, 882
2838, 1, 402
2839, 535, 894
2840, 568, 709
2841, 136, 161
2842, 100, 423
2843, 852, 921
2844, 550, 839
2845, 250, 920
2846, 379, 922
2847, 900, 973
2848, 306, 653
2849, 333, 889
2850, 606, 616
2851, 763, 893
2852, 669, 746
2853, 346, 860
2854, 126, 929
2855, 349, 658
2856, 868, 932
2857, 473, 580
2858, 519, 857
2859, 327, 401
2860, 410, 665
2861, 531, 757
2862, 293, 954
2863, 46, 456
2864, 73, 712
2865, 77, 310
2866, 328, 844
2867, 145, 604
2868, 125, 479
2869, 500, 720
2870, 49, 448
2871, 711, 723
2872, 205, 824
2873, 276, 708
2874, 110, 741
2875, 184, 996
2876, 546, 557
2877, 139, 880
2878, 3, 238
2879, 106, 260
2880, 385, 541
2881, 838, 840
2882, 54, 953
2883, 170, 396
2884, 91, 716
2885, 194, 487
2886, 210, 834
2887, 515, 522
2888, 704, 876
2889, 85, 638
2890, 215, 219
2891, 572, 851
2892, 27, 279
2893, 155, 376
2894, 252, 758
2895, 5, 804
2896, 216, 277
2897, 88, 870
2898, 79, 171
2899, 504, 927
2900, 36, 764
2901, 51, 256
2902, 694, 947
2903, 451, 875
2904, 419, 896
2905, 200, 411
2906, 43, 484
2907, 461, 985
2908, 394, 931
2909, 223, 608
2910, 52, 602
2911, 467, 805
2912, 197, 365
2913, 686, 719
2914, 509, 914
2915, 317, 623
2916, 24, 964
2917, 316, 683
2918, 437, 715
2919, 58, 237
2920, 503, 650
2921, 706, 779
2922, 149, 420
2923, 42, 174
2924, 562, 822
2925, 9, 351
2926, 962, 966
2927, 111, 965
2928, 305, 466
2929, 90, 399
2930, 98, 765
2931, 325, 761
2932, 416, 721
2933, 785, 811
2934, 756, 826
2935, 628, 687
2936, 138, 648
2937, 366, 654
2938, 189, 659
2939, 301, 387
2940, 729, 934
2941, 4, 463
2942, 214, 313
2943, 389, 674
2944, 70, 620
2945, 55, 641
2946, 601, 820
2947, 267, 322
2948, 422, 957
2949, 321, 815
2950, 230, 831
2951, 722, 725
2952, 217, 533
2953, 332, 569
2954, 113, 941
2955, 409, 417
2956, 435, 524
2957, 65, 527
2958, 762, 913
2959, 432, 750
2960, 119, 292
2961, 635, 739
2962, 127, 682
2963, 41, 157
2964, 614, 899
2965, 643, 1000
2966, 471, 799
2967, 261, 877
2968, 521, 571
2969, 369, 374
2970, 34, 766
2971, 255, 734
2972, 243, 536
2973, 827, 861
2974, 630, 633
2975, 593, 975
2976, 567, 705
2977, 291, 621
2978, 31, 172
2979, 191, 592
2980, 329, 476
2981, 190, 939
2982, 538, 752
2983, 107, 323
2984, 769, 886
2985, 532, 636
2986, 359, 730
2987, 556, 581
2988, 80, 595
2989, 464, 961
2990, 180, 862
2991, 224, 336
2992, 63, 642
2993, 378, 788
2994, 76, 490
2995, 278, 747
2996, 340, 849
2997, 334, 780
2998, 84, 999
2999, 589, 911
3000, 677, 933
3001, 762, 818
3002, 369, 382
3003, 105, 480
3004, 21, 239
3005, 77, 904
3006, 356, 397
3007, 411, 732
3008, 203, 999
3009, 253, 730
3010, 233, 602
3011, 405, 647
3012, 215, 432
3013, 408, 421
3014, 377, 466
3015, 174, 771
3016, 42, 319
3017, 361, 851
3018, 100, 541
3019, 323, 632
3020, 826, 871
3021, 665, 702
3022, 286, 930
3023, 441, 929
3024, 419, 803
3025, 143, 633
3026, 184, 513
3027, 743, 751
3028, 370, 482
3029, 581, 669
3030, 3, 734
3031, 154, 191
3032, 777, 916
3033, 238, 470
3034, 16, 562
3035, 556, 608
3036, 70, 442
3037, 701, 989
3038, 699, 737
3039, 255, 733
3040, 854, 878
3041, 8, 654
3042, 461, 572
3043, 725, 901
3044, 295, 316
3045, 622, 968
3046, 230, 773
3047, 94, 280
3048, 256, 535
3049, 129, 846
3050, 44, 417
3051, 7, 282
3052, 304, 637
3053, 889, 973
3054, 288, 804
3055, 800, 932
3056, 456, 496
3057, 187, 577
3058, 72, 905
3059, 237, 550
3060, 113, 667
3061, 888, 970
3062, 153, 736
3063, 612, 789
3064, 229, 756
3065, 498, 857
3066, 677, 829
3067, 131, 240
3068, 170, 813
3069, 438, 764
3070, 161, 320
3071, 330, 982
3072, 477, 875
3073, 26, 394
3074, 426, 902
3075, 234, 950
3076, 212, 225
3077, 686, 831
3078, 489, 884
3079, 139, 765
3080, 273, 407
3081, 80, 185
3082, 459, 855
3083, 148, 367
3084, 783, 891
3085, 290, 462
3086, 531, 772
3087, 308, 534
3088, 446, 715
3089, 287, 712
3090, 155, 914
3091, 11, 88
3092, 437, 613
3093, 807, 841
3094, 30, 840
3095, 117, 825
3096, 250, 478
3097, 51, 427
3098, 223, 805
3099, 120, 324
3100, 522, 551
3101, 275, 998
3102, 580, 809
3103, 31, 600
3104, 719, 961
3105, 285, 484
3106, 64, 491
3107, 314, 731
3108, 90, 882
3109, 318, 844
3110, 372, 747
3111, 205, 708
3112, 278, 951
3113, 339, 700
3114, 227, 604
3115, 166, 536
3116, 610, 640
3117, 54, 609
3118, 162, 694
3119, 84, 341
3120, 48, 274
3121, 649, 985
3122, 270, 353
3123, 326, 543
3124, 514, 597
3125, 220, 327
3126, 296, 436
3127, 201, 537
3128, 565, 938
3129, 380, 819
3130, 358, 363
3131, 511, 705
3132, 40, 856
3133, 213, 763
3134, 81, 815
3135, 738, 759
3136, 447, 506
3137, 838, 880
3138, 124, 847
3139, 283, 921
3140, 173, 481
3141, 119, 198
3142, 638, 671
3143, 57, 689
3144, 33, 444
3145, 206, 281
3146, 347, 860
3147, 342, 693
3148, 415, 947
3149, 661, 664
3150, 590, 625
3151, 50, 85
3152, 86, 487
3153, 603, 887
3154, 384, 406
3155, 147, 658
3156, 244, 364
3157, 336, 429
3158, 571, 791
3159, 140, 862
3160, 359, 848
3161, 268, 837
3162, 389, 468
3163, 35, 606
3164, 523, 864
3165, 194, 518
3166, 60, 564
3167, 400, 785
3168, 519, 713
3169, 116, 944
3170, 258, 335
3171, 508, 900
3172, 655, 988
3173, 167, 735
3174, 740, 753
3175, 587, 957
3176, 445, 935
3177, 188, 349
3178, 183, 746
3179, 643, 954
3180, 648, 681
3181, 672, 824
3182, 362, 993
3183, 794, 886
3184, 390, 626
3185, 82, 348
3186, 636, 897
3187, 469, 539
3188, 61, 865
3189, 67, 464
3190, 653, 955
3191, 109, 269
3192, 357, 371
3193, 439, 601
3194, 146, 650
3195, 673, 953
3196, 24, 346
3197, 573, 1000
3198, 190, 922
3199, 149, 907
3200, 598, 744
3201, 141, 679
3202, 169, 355
3203, 103, 863
3204, 4, 566
3205, 452, 494
3206, 144, 793
3207, 360, 517
3208, 39, 704
3209, 151, 828
3210, 471, 675
3211, 515, 619
3212, 560, 923
3213, 193, 391
3214, 211, 678
3215, 500, 796
3216, 716, 760
3217, 321, 607
3218, 525, 969
3219, 259, 293
3220, 555, 631
3221, 219, 422
3222, 624, 684
3223, 46, 927
3224, 111, 943
3225, 158, 180
3226, 344, 983
3227, 277, 392
3228, 106, 222
3229, 542, 660
3230, 136, 379
3231, 521, 861
3232, 114, 128
3233, 156, 381
3234, 874, 960
3235, 10, 722
3236, 214, 261
3237, 284, 383
3238, 351, 424
3239, 698, 994
3240, 236, 272
3241, 586, 615
3242, 192, 352
3243, 108, 474
3244, 662, 859
3245, 41, 450
3246, 92, 430
3247, 246, 997
3248, 524, 724
3249, 25, 868
3250, 145, 563
3251, 265, 620
3252, 894, 976
3253, 228, 919
3254, 289, 695
3255, 130, 195
3256, 307, 656
3257, 552, 588
3258, 641, 987
3259, 739, 934
3260, 365, 852
3261, 553, 956
3262, 306, 709
3263, 757, 776
3264, 299, 853
3265, 209, 842
3266, 303, 420
3267, 210, 533
3268, 235, 723
3269, 63, 883
3270, 168, 451
3271, 483, 779
3272, 376, 849
3273, 490, 504
3274, 300, 839
3275, 138, 159
3276, 98, 691
3277, 403, 644
3278, 66, 770
3279, 104, 218
3280, 559, 965
3281, 492, 729
3282, 302, 457
3283, 488, 627
3284, 186, 425
3285, 73, 467
3286, 97, 806
3287, 150, 836
3288, 65, 226
3289, 182, 448
3290, 711, 766
3291, 15, 977
3292, 27, 127
3293, 47, 221
3294, 486, 881
3295, 501, 980
3296, 133, 978
3297, 262, 529
3298, 414, 903
3299, 121, 768
3300, 507, 639
3301, 208, 616
3302, 245, 412
3303, 91, 963
3304, 263, 605
3305, 260, 726
3306, 418, 554
3307, 252, 454
3308, 527, 720
3309, 404, 802
3310, 217, 714
3311, 28, 981
3312, 83, 530
3313, 22, 455
3314, 621, 911
3315, 112, 142
3316, 413, 835
3317, 697, 817
3318, 292, 510
3319, 328, 516
3320, 434, 502
3321, 618, 810
3322, 752, 858
3323, 75, 755
3324, 79, 696
3325, 758, 823
3326, 512, 628
3327, 449, 505
3328, 322, 614
3329, 428, 784
3330, 443, 582
3331, 76, 375
3332, 659, 707
3333, 207, 801
3334, 298, 912
3335, 475, 995
3336, 19, 668
3337, 495, 931
3338, 959, 974
3339, 59, 972
3340, 163, 946
3341, 333, 338
3342, 761, 788
3343, 611, 984
3344, 13, 814
3345, 197, 247
3346, 55, 778
3347, 313, 767
3348, 34, 345
3349, 386, 774
3350, 528, 979
3351, 310, 315
3352, 646, 745
3353, 135, 570
3354, 595, 866
3355, 325, 798
3356, 118, 458
3357, 6, 178
3358, 592, 652
3359, 540, 986
3360, 423, 561
3361, 110, 160
3362, 243, 549
3363, 683, 909
3364, 343, 975
3365, 558, 589
3366, 366, 569
3367, 317, 567
3368, 241, 373
3369, 780, 799
3370, 87, 164
3371, 717, 920
3372, 301, 850
3373, 231, 967
3374, 385, 591
3375, 45, 387
3376, 125, 248
3377, 476, 585
3378, 23, 948
3379, 37, 926
3380, 526, 578
3381, 78, 843
3382, 232, 267
3383, 297, 748
3384, 718, 952
3385, 122, 645
3386, 509, 635
3387, 71, 548
3388, 179, 833
3389, 204, 651
3390, 499, 786
3391, 892, 899
3392, 257, 663
3393, 99, 797
3394, 74, 942
3395, 520, 703
3396, 36, 996
3397, 18, 332
3398, 885, 906
3399, 181, 741
3400, 617, 945
3401, 544, 949
3402, 12, 493
3403, 710, 928
3404, 398, 971
3405, 9, 134
3406, 102, 688
3407, 465, 682
3408, 546, 630
3409, 189, 311
3410, 557, 811
3411, 175, 202
3412, 399, 879
3413, 157, 440
3414, 251, 279
3415, 706, 769
3416, 666, 896
3417, 200, 401
3418, 29, 750
3419, 368, 545
3420, 538, 775
3421, 49, 830
3422, 583, 869
3423, 101, 721
3424, 177, 924
3425, 354, 634
3426, 254, 728
3427, 410, 917
3428, 126, 532
3429, 657, 870
3430, 827, 958
3431, 594, 795
3432, 374, 593
3433, 165, 378
3434, 575, 623
3435, 350, 834
3436, 291, 431
3437, 43, 872
3438, 395, 576
3439, 433, 816
3440, 172, 908
3441, 242, 305
3442, 115, 915
3443, 123, 497
3444, 62, 409
3445, 93, 876
3446, 393, 479
3447, 152, 913
3448, 687, 690
3449, 820, 991
3450, 276, 331
3451, 176, 936
3452, 171, 685
3453, 329, 596
3454, 312, 821
3455, 503, 674
3456, 96, 249
3457, 132, 940
3458, 781, 890
3459, 32, 95
3460, 599, 792
3461, 309, 340
3462, 1, 790
3463, 89, 568
3464, 224, 832
3465, 199, 264
3466, 692, 990
3467, 271, 782
3468, 396, 547
3469, 58, 196
3470, 56, 895
3471, 808, 867
3472, 52, 463
3473, 742, 933
3474, 416, 584
3475, 5, 925
3476, 579, 937
3477, 68, 939
3478, 877, 941
3479, 294, 962
3480, 17, 629
3481, 727, 749
3482, 642, 918
3483, 216, 754
3484, 38, 574
3485, 20, 992
3486, 2, 873
3487, 69, 137
3488, 107, 472
3489, 845, 898
3490, 266, 435
3491, 402, 680
3492, 473, 893
3493, 334, 910
3494, 485, 787
3495, 14, 453
3496, 337, 964
3497, 670, 812
3498, 388, 822
3499, 460, 676
3500, 53, 966
3501, 6, 541
3502, 669, 981
3503, 423, 428
3504, 329, 915
3505, 122, 841
3506, 224, 410
3507, 662, 775
3508, 265, 740
3509, 88, 510
3510, 213, 880
3511, 55, 87
3512, 71, 307
3513, 692, 852
3514, 179, 963
3515, 39, 589
3516, 489, 847
3517, 201, 313
3518, 719, 1000
3519, 80, 941
3520, 145, 408
3521, 484, 947
3522, 507, 958
3523, 222, 475
3524, 63, 246
3525, 403, 711
3526, 525, 736
3527, 439, 901
3528, 153, 194
3529, 855, 953
3530, 661, 872
3531, 435, 539
3532, 296, 993
3533, 468, 812
3534, 923, 924
3535, 444, 998
3536, 82, 359
3537, 98, 686
3538, 571, 658
3539, 463, 807
3540, 286, 884
3541, 861, 994
3542, 474, 919
3543, 544, 588
3544, 603, 836
3545, 347, 753
3546, 457, 526
3547, 928, 962
3548, 56, 200
3549, 334, 556
3550, 281, 967
3551, 344, 912
3552, 109, 634
3553, 158, 169
3554, 221, 992
3555, 376, 405
3556, 102, 352
3557, 93, 183
3558, 354, 771
3559, 519, 677
3560, 837, 986
3561, 203, 610
3562, 115, 446
3563, 360, 987
3564, 643, 701
3565, 5, 946
3566, 407, 471
3567, 549, 617
3568, 41, 305
3569, 381, 681
3570, 143, 612
3571, 285, 735
3572, 76, 786
3573, 53, 482
3574, 797, 800
3575, 388, 606
3576, 78, 84
3577, 263, 396
3578, 79, 167
3579, 126, 905
3580, 217, 979
3581, 151, 371
3582, 104, 767
3583, 389, 768
3584, 364, 511
3585, 414, 886
3586, 393, 615
3587, 529, 935
3588, 369, 499
3589, 3, 984
3590, 642, 863
3591, 14, 778
3592, 69, 504
3593, 101, 229
3594, 270, 730
3595, 390, 718
3596, 419, 756
3597, 533, 871
3598, 178, 204
3599, 241, 514
3600, 192, 743
3601, 469, 859
3602, 618, 851
3603, 23, 906
3604, 83, 190
3605, 449, 576
3606, 137, 911
3607, 636, 829
3608, 48, 842
3609, 135, 777
3610, 165, 659
3611, 32, 242
3612, 68, 397
3613, 744, 826
3614, 335, 420
3615, 195, 821
3616, 100, 383
3617, 562, 830
3618, 590, 839
3619, 95, 731
3620, 323, 491
3621, 512, 706
3622, 1, 707
3623, 867, 951
3624, 244, 424
3625, 43, 528
3626, 601, 624
3627, 698, 976
3628, 177, 188
3629, 67, 827
3630, 749, 844
3631, 426, 925
3632, 33, 92
3633, 691, 727
3634, 124, 260
3635, 531, 858
3636, 353, 516
3637, 261, 917
3638, 907, 996
3639, 58, 367
3640, 441, 639
3641, 766, 803
3642, 591, 741
3643, 267, 828
3644, 34, 860
3645, 810, 922
3646, 327, 904
3647, 300, 509
3648, 127, 505
3649, 9, 573
3650, 304, 989
3651, 164, 227
3652, 73, 357
3653, 543, 882
3654, 216, 879
3655, 30, 934
3656, 738, 823
3657, 251, 687
3658, 301, 545
3659, 170, 326
3660, 280, 887
3661, 199, 755
3662, 688, 714
3663, 683, 977
3664, 155, 365
3665, 21, 527
3666, 638, 954
3667, 57, 666
3668, 114, 273
3669, 271, 625
3670, 763, 900
3671, 20, 649
3672, 218, 700
3673, 496, 739
3674, 214, 574
3675, 132, 570
3676, 392, 758
3677, 472, 966
3678, 318, 980
3679, 287, 430
3680, 28, 331
3681, 125, 599
3682, 308, 473
3683, 644, 999
3684, 205, 710
3685, 310, 497
3686, 133, 596
3687, 920, 940
3688, 565, 695
3689, 107, 586
3690, 111, 264
3691, 120, 174
3692, 421, 546
3693, 462, 646
3694, 815, 914
3695, 641, 957
3696, 250, 674
3697, 870, 903
3698, 362, 968
3699, 74, 319
3700, 258, 384
3701, 66, 971
3702, 212, 239
3703, 395, 808
3704, 513, 997
3705, 166, 458
3706, 26, 759
3707, 269, 563
3708, 524, 723
3709, 309, 824
3710, 660, 757
3711, 348, 480
3712, 2, 31
3713, 146, 503
3714, 464, 974
3715, 209, 385
3716, 440, 620
3717, 793, 819
3718, 676, 975
3719, 436, 990
3720, 561, 881
3721, 77, 99
3722, 89, 635
3723, 452, 712
3724, 437, 585
3725, 422, 814
3726, 72, 411
3727, 387, 732
3728, 306, 415
3729, 46, 113
3730, 346, 600
3731, 8, 448
3732, 52, 584
3733, 578, 956
3734, 228, 772
3735, 253, 910
3736, 17, 729
3737, 293, 908
3738, 312, 328
3739, 110, 226
3740, 105, 206
3741, 515, 921
3742, 49, 321
3743, 487, 938
3744, 466, 522
3745, 291, 780
3746, 567, 820
3747, 818, 845
3748, 193, 702
3749, 370, 580
3750, 582, 645
3751, 106, 231
3752, 289, 575
3753, 548, 782
3754, 197, 413
3755, 184, 431
3756, 379, 595
3757, 240, 401
3758, 42, 750
3759, 60, 278
3760, 19, 373
3761, 22, 230
3762, 409, 891
3763, 817, 949
3764, 325, 665
3765, 875, 909
3766, 18, 342
3767, 598, 952
3768, 75, 340
3769, 27, 564
3770, 363, 748
3771, 631, 705
3772, 168, 608
3773, 536, 569
3774, 62, 298
3775, 765, 866
3776, 139, 791
3777, 24, 234
3778, 550, 716
3779, 85, 134
3780, 398, 948
3781, 247, 399
3782, 243, 454
3783, 485, 944
3784, 279, 888
3785, 355, 633
3786, 295, 594
3787, 734, 799
3788, 292, 789
3789, 843, 955
3790, 442, 779
3791, 316, 577
3792, 147, 523
3793, 302, 400
3794, 833, 850
3795, 488, 542
3796, 358, 970
3797, 219, 351
3798, 15, 303
3799, 29, 627
3800, 249, 372
3801, 324, 341
3802, 128, 769
3803, 171, 942
3804, 59, 776
3805, 94, 257
3806, 656, 902
3807, 283, 648
3808, 406, 427
3809, 477, 796
3810, 616, 680
3811, 191, 479
3812, 156, 630
3813, 663, 876
3814, 284, 299
3815, 336, 498
3816, 11, 988
3817, 189, 252
3818, 555, 746
3819, 447, 651
3820, 10, 248
3821, 117, 535
3822, 717, 965
3823, 893, 945
3824, 144, 456
3825, 332, 685
3826, 377, 747
3827, 416, 770
3828, 4, 506
3829, 670, 696
3830, 96, 553
3831, 232, 690
3832, 50, 138
3833, 119, 675
3834, 181, 798
3835, 418, 864
3836, 697, 856
3837, 566, 611
3838, 237, 713
3839, 547, 704
3840, 288, 637
3841, 172, 492
3842, 760, 894
3843, 890, 916
3844, 337, 455
3845, 274, 311
3846, 161, 892
3847, 176, 672
3848, 65, 579
3849, 268, 434
3850, 493, 679
3851, 317, 927
3852, 380, 878
3853, 215, 490
3854, 90, 628
3855, 534, 982
3856, 450, 451
3857, 333, 969
3858, 647, 985
3859, 44, 294
3860, 131, 926
3861, 12, 374
3862, 554, 602
3863, 322, 790
3864, 162, 180
3865, 745, 877
3866, 494, 613
3867, 185, 809
3868, 931, 983
3869, 614, 684
3870, 508, 781
3871, 459, 933
3872, 481, 583
3873, 233, 622
3874, 163, 521
3875, 275, 715
3876, 112, 773
3877, 36, 964
3878, 121, 831
3879, 801, 943
3880, 152, 520
3881, 64, 425
3882, 54, 245
3883, 277, 840
3884, 605, 632
3885, 118, 737
3886, 186, 593
3887, 783, 913
3888, 254, 936
3889, 13, 709
3890, 81, 623
3891, 236, 438
3892, 47, 804
3893, 116, 518
3894, 262, 668
3895, 108, 587
3896, 537, 764
3897, 35, 225
3898, 540, 835
3899, 378, 939
3900, 592, 667
3901, 654, 897
3902, 220, 551
3903, 202, 960
3904, 699, 792
3905, 149, 673
3906, 560, 621
3907, 784, 896
3908, 382, 664
3909, 276, 671
3910, 37, 609
3911, 629, 825
3912, 272, 366
3913, 432, 607
3914, 391, 838
3915, 453, 794
3916, 314, 787
3917, 604, 832
3918, 386, 849
3919, 182, 404
3920, 417, 733
3921, 394, 889
3922, 813, 834
3923, 123, 210
3924, 478, 805
3925, 330, 460
3926, 136, 187
3927, 211, 501
3928, 402, 655
3929, 175, 343
3930, 689, 937
3931, 854, 869
3932, 141, 375
3933, 40, 235
3934, 530, 720
3935, 461, 557
3936, 581, 930
3937, 356, 682
3938, 140, 207
3939, 626, 973
3940, 885, 895
3941, 223, 238
3942, 412, 811
3943, 495, 822
3944, 619, 721
3945, 196, 650
3946, 173, 266
3947, 160, 433
3948, 708, 806
3949, 208, 640
3950, 157, 559
3951, 320, 898
3952, 361, 754
3953, 597, 991
3954, 86, 368
3955, 429, 950
3956, 91, 159
3957, 315, 467
3958, 476, 868
3959, 25, 572
3960, 7, 154
3961, 16, 130
3962, 443, 653
3963, 568, 918
3964, 465, 470
3965, 290, 726
3966, 103, 703
3967, 45, 761
3968, 350, 502
3969, 445, 816
3970, 538, 802
3971, 297, 678
3972, 51, 724
3973, 857, 961
3974, 762, 774
3975, 865, 959
3976, 532, 693
3977, 259, 874
3978, 38, 995
3979, 483, 652
3980, 500, 883
3981, 846, 862
3982, 517, 751
3983, 97, 198
3984, 558, 972
3985, 129, 142
3986, 255, 932
3987, 788, 873
3988, 742, 785
3989, 657, 853
3990, 728, 795
3991, 752, 978
3992, 70, 694
3993, 349, 722
3994, 150, 486
3995, 148, 339
3996, 282, 899
3997, 61, 345
3998, 552, 848
3999, 725, 929
4000, 256, 338
