id, img1, img2
1, 326, 1000
2, 544, 612
3, 248, 901
4, 8, 190
5, 125, 859
6, 301, 336
7, 139, 825
8, 522, 618
9, 430, 554
10, 573, 734
11, 152, 564
12, 194, 695
13, 360, 431
14, 581, 805
15, 217, 574
16, 83, 359
17, 370, 927
18, 383, 818
19, 66, 419
20, 520, 639
21, 298, 342
22, 508, 608
23, 372, 426
24, 484, 932
25, 211, 638
26, 46, 835
27, 43, 869
28, 63, 146
29, 189, 327
30, 716, 940
31, 90, 828
32, 810, 919
33, 496, 754
34, 843, 875
35, 82, 148
36, 204, 809
37, 339, 974
38, 428, 999
39, 513, 690
40, 503, 720
41, 97, 296
42, 597, 710
43, 541, 793
44, 116, 928
45, 879, 961
46, 442, 987
47, 131, 606
48, 234, 693
49, 47, 134
50, 283, 333
51, 458, 689
52, 363, 970
53, 151, 833
54, 534, 899
55, 412, 840
56, 304, 849
57, 673, 885
58, 111, 124
59, 595, 979
60, 328, 830
61, 792, 921
62, 287, 468
63, 500, 529
64, 164, 548
65, 325, 983
66, 16, 967
67, 133, 857
68, 147, 918
69, 456, 766
70, 93, 745
71, 332, 877
72, 293, 768
73, 656, 713
74, 3, 56
75, 186, 898
76, 334, 802
77, 98, 485
78, 106, 839
79, 728, 959
80, 7, 424
81, 21, 783
82, 491, 982
83, 740, 965
84, 17, 260
85, 621, 838
86, 222, 256
87, 169, 613
88, 199, 876
89, 30, 52
90, 433, 954
91, 568, 966
92, 521, 589
93, 472, 796
94, 198, 988
95, 172, 968
96, 528, 605
97, 80, 380
98, 307, 748
99, 804, 920
100, 354, 440
101, 209, 320
102, 242, 674
103, 170, 858
104, 40, 782
105, 187, 643
106, 118, 894
107, 660, 762
108, 96, 392
109, 438, 997
110, 94, 365
111, 555, 655
112, 645, 697
113, 166, 623
114, 478, 627
115, 221, 415
116, 510, 964
117, 91, 495
118, 110, 908
119, 504, 515
120, 452, 998
121, 585, 929
122, 155, 861
123, 233, 950
124, 188, 481
125, 177, 799
126, 38, 117
127, 136, 448
128, 329, 366
129, 282, 900
130, 386, 651
131, 399, 864
132, 345, 382
133, 501, 764
134, 26, 819
135, 130, 679
136, 368, 907
137, 18, 183
138, 238, 688
139, 57, 61
140, 22, 44
141, 29, 942
142, 826, 986
143, 702, 992
144, 524, 759
145, 330, 980
146, 337, 832
147, 1, 264
148, 206, 518
149, 323, 897
150, 355, 498
151, 257, 884
152, 350, 493
153, 75, 786
154, 714, 993
155, 251, 699
156, 112, 482
157, 862, 874
158, 225, 666
159, 785, 880
160, 619, 902
161, 126, 483
162, 58, 289
163, 35, 602
164, 9, 836
165, 465, 658
166, 154, 340
167, 192, 373
168, 51, 375
169, 670, 946
170, 245, 692
171, 418, 719
172, 338, 755
173, 376, 499
174, 586, 648
175, 19, 672
176, 462, 935
177, 34, 868
178, 208, 922
179, 229, 393
180, 467, 592
181, 489, 668
182, 32, 249
183, 160, 779
184, 636, 723
185, 174, 611
186, 446, 784
187, 135, 480
188, 114, 978
189, 516, 837
190, 308, 313
191, 401, 408
192, 196, 335
193, 205, 933
194, 682, 686
195, 277, 511
196, 414, 569
197, 519, 769
198, 159, 737
199, 25, 387
200, 73, 475
201, 92, 634
202, 215, 530
203, 300, 632
204, 441, 630
205, 706, 914
206, 388, 872
207, 616, 848
208, 290, 763
209, 711, 972
210, 322, 552
211, 434, 550
212, 271, 539
213, 158, 210
214, 279, 288
215, 176, 216
216, 72, 739
217, 33, 141
218, 153, 746
219, 223, 620
220, 587, 853
221, 667, 995
222, 379, 566
223, 60, 105
224, 68, 507
225, 912, 962
226, 464, 742
227, 286, 543
228, 546, 617
229, 405, 675
230, 28, 814
231, 122, 905
232, 353, 994
233, 218, 680
234, 603, 863
235, 13, 367
236, 212, 459
237, 55, 582
238, 235, 377
239, 42, 890
240, 533, 772
241, 165, 593
242, 654, 685
243, 70, 873
244, 214, 267
245, 671, 850
246, 115, 743
247, 584, 842
248, 450, 883
249, 538, 731
250, 314, 700
251, 243, 535
252, 341, 827
253, 665, 915
254, 626, 845
255, 411, 909
256, 641, 976
257, 580, 847
258, 77, 788
259, 276, 578
260, 791, 949
261, 306, 824
262, 179, 955
263, 219, 659
264, 213, 492
265, 244, 801
266, 532, 635
267, 180, 609
268, 473, 525
269, 669, 776
270, 202, 494
271, 291, 316
272, 331, 813
273, 6, 576
274, 439, 738
275, 20, 678
276, 67, 549
277, 394, 610
278, 12, 410
279, 27, 756
280, 402, 911
281, 129, 930
282, 629, 798
283, 150, 351
284, 259, 957
285, 268, 318
286, 727, 790
287, 709, 951
288, 789, 865
289, 806, 815
290, 563, 989
291, 444, 590
292, 128, 181
293, 889, 925
294, 272, 614
295, 182, 497
296, 378, 808
297, 45, 84
298, 371, 956
299, 102, 435
300, 866, 906
301, 109, 167
302, 203, 975
303, 269, 502
304, 284, 429
305, 855, 937
306, 195, 747
307, 561, 758
308, 771, 778
309, 224, 575
310, 120, 390
311, 346, 958
312, 594, 936
313, 5, 65
314, 132, 820
315, 454, 969
316, 163, 787
317, 531, 730
318, 663, 718
319, 309, 536
320, 514, 757
321, 357, 560
322, 407, 646
323, 228, 725
324, 677, 797
325, 161, 517
326, 240, 556
327, 303, 523
328, 119, 425
329, 193, 374
330, 157, 236
331, 252, 821
332, 50, 773
333, 400, 509
334, 71, 653
335, 891, 926
336, 274, 305
337, 262, 664
338, 64, 422
339, 99, 107
340, 127, 822
341, 416, 803
342, 463, 471
343, 775, 945
344, 750, 751
345, 445, 944
346, 774, 916
347, 292, 344
348, 144, 977
349, 352, 488
350, 652, 923
351, 171, 913
352, 220, 227
353, 527, 761
354, 427, 570
355, 69, 948
356, 36, 867
357, 191, 241
358, 140, 455
359, 579, 817
360, 178, 545
361, 41, 201
362, 479, 886
363, 398, 662
364, 474, 924
365, 74, 947
366, 423, 841
367, 162, 807
368, 275, 887
369, 721, 765
370, 95, 781
371, 138, 770
372, 175, 780
373, 89, 971
374, 553, 963
375, 302, 537
376, 358, 649
377, 696, 707
378, 701, 943
379, 317, 816
380, 79, 870
381, 273, 767
382, 81, 622
383, 100, 973
384, 263, 628
385, 437, 829
386, 572, 871
387, 53, 490
388, 101, 896
389, 295, 795
390, 794, 990
391, 4, 403
392, 86, 752
393, 391, 469
394, 389, 451
395, 266, 960
396, 226, 749
397, 197, 270
398, 312, 443
399, 460, 985
400, 278, 457
401, 315, 607
402, 571, 625
403, 265, 547
404, 343, 558
405, 37, 588
406, 258, 319
407, 361, 421
408, 413, 705
409, 683, 981
410, 294, 381
411, 200, 591
412, 149, 261
413, 299, 694
414, 487, 704
415, 644, 952
416, 254, 436
417, 231, 834
418, 168, 642
419, 542, 953
420, 356, 895
421, 396, 888
422, 703, 851
423, 62, 137
424, 640, 741
425, 49, 145
426, 87, 253
427, 384, 800
428, 661, 860
429, 583, 996
430, 108, 687
431, 369, 777
432, 23, 250
433, 347, 733
434, 39, 78
435, 280, 681
436, 420, 486
437, 633, 735
438, 31, 297
439, 732, 881
440, 432, 878
441, 10, 624
442, 2, 142
443, 449, 505
444, 54, 562
445, 85, 934
446, 185, 237
447, 684, 910
448, 470, 598
449, 364, 453
450, 540, 600
451, 232, 717
452, 281, 601
453, 637, 931
454, 121, 512
455, 676, 724
456, 207, 708
457, 143, 526
458, 104, 846
459, 230, 565
460, 24, 854
461, 726, 753
462, 321, 461
463, 362, 991
464, 88, 811
465, 447, 577
466, 417, 904
467, 559, 650
468, 715, 729
469, 173, 831
470, 657, 882
471, 247, 941
472, 466, 551
473, 615, 647
474, 285, 348
475, 239, 395
476, 59, 404
477, 246, 823
478, 476, 903
479, 14, 156
480, 311, 698
481, 631, 760
482, 11, 15
483, 385, 477
484, 397, 409
485, 406, 599
486, 324, 604
487, 184, 892
488, 691, 712
489, 123, 917
490, 506, 852
491, 349, 736
492, 48, 557
493, 812, 856
494, 310, 722
495, 938, 984
496, 76, 893
497, 567, 844
498, 103, 939
499, 113, 255
500, 596, 744
501, 19, 279
502, 7, 680
503, 101, 879
504, 405, 887
505, 309, 475
506, 99, 967
507, 449, 850
508, 310, 617
509, 437, 467
510, 324, 420
511, 68, 929
512, 55, 181
513, 319, 486
514, 303, 973
515, 399, 759
516, 144, 928
517, 316, 760
518, 33, 636
519, 93, 375
520, 141, 933
521, 2, 465
522, 503, 831
523, 111, 691
524, 267, 696
525, 197, 949
526, 106, 538
527, 521, 586
528, 373, 727
529, 228, 663
530, 211, 627
531, 382, 504
532, 62, 875
533, 119, 652
534, 114, 468
535, 148, 780
536, 133, 934
537, 23, 314
538, 104, 407
539, 227, 469
540, 59, 214
541, 447, 620
542, 457, 794
543, 259, 927
544, 623, 687
545, 834, 911
546, 179, 765
547, 733, 871
548, 300, 935
549, 298, 380
550, 708, 930
551, 8, 575
552, 493, 796
553, 248, 806
554, 58, 970
555, 200, 682
556, 291, 441
557, 4, 433
558, 841, 848
559, 381, 724
560, 536, 782
561, 3, 585
562, 22, 408
563, 40, 685
564, 285, 491
565, 763, 940
566, 238, 524
567, 337, 472
568, 116, 428
569, 847, 851
570, 209, 844
571, 218, 520
572, 742, 880
573, 27, 975
574, 367, 781
575, 481, 714
576, 71, 574
577, 188, 389
578, 641, 741
579, 89, 170
580, 117, 276
581, 163, 551
582, 160, 261
583, 368, 578
584, 498, 872
585, 102, 122
586, 358, 385
587, 130, 460
588, 422, 546
589, 362, 508
590, 526, 535
591, 340, 749
592, 39, 820
593, 580, 961
594, 424, 525
595, 63, 562
596, 810, 993
597, 416, 495
598, 95, 220
599, 172, 174
600, 436, 547
601, 590, 995
602, 83, 113
603, 596, 774
604, 517, 994
605, 695, 702
606, 443, 479
607, 963, 992
608, 496, 675
609, 182, 284
610, 138, 942
611, 12, 922
612, 143, 146
613, 17, 964
614, 363, 364
615, 224, 905
616, 88, 184
617, 268, 730
618, 57, 669
619, 626, 842
620, 341, 704
621, 679, 924
622, 36, 171
623, 654, 920
624, 244, 818
625, 522, 540
626, 552, 815
627, 612, 906
628, 697, 756
629, 519, 886
630, 497, 974
631, 306, 894
632, 10, 183
633, 723, 826
634, 278, 968
635, 82, 769
636, 809, 876
637, 24, 175
638, 664, 938
639, 74, 397
640, 333, 376
641, 587, 722
642, 151, 881
643, 456, 849
644, 734, 896
645, 162, 534
646, 204, 326
647, 531, 688
648, 167, 565
649, 54, 216
650, 67, 557
651, 127, 394
652, 109, 649
653, 527, 758
654, 396, 634
655, 229, 286
656, 266, 870
657, 516, 655
658, 435, 553
659, 350, 616
660, 158, 506
661, 619, 915
662, 662, 706
663, 56, 115
664, 332, 614
665, 473, 513
666, 819, 947
667, 108, 799
668, 76, 863
669, 712, 773
670, 235, 255
671, 124, 418
672, 43, 591
673, 86, 648
674, 26, 348
675, 72, 336
676, 379, 414
677, 155, 725
678, 354, 477
679, 79, 705
680, 246, 785
681, 483, 686
682, 178, 470
683, 313, 939
684, 743, 789
685, 193, 991
686, 861, 996
687, 384, 897
688, 66, 629
689, 295, 845
690, 637, 684
691, 670, 676
692, 226, 853
693, 607, 777
694, 42, 564
695, 903, 957
696, 448, 594
697, 490, 602
698, 48, 387
699, 85, 660
700, 217, 563
701, 360, 608
702, 41, 334
703, 528, 579
704, 604, 621
705, 187, 206
706, 150, 560
707, 530, 775
708, 390, 548
709, 322, 805
710, 16, 945
711, 666, 892
712, 296, 703
713, 159, 678
714, 550, 808
715, 494, 862
716, 53, 431
717, 297, 320
718, 791, 857
719, 90, 606
720, 434, 631
721, 344, 597
722, 558, 650
723, 545, 719
724, 764, 825
725, 18, 867
726, 196, 241
727, 282, 656
728, 661, 840
729, 667, 752
730, 283, 339
731, 638, 779
732, 247, 926
733, 142, 707
734, 14, 717
735, 611, 944
736, 482, 952
737, 32, 645
738, 366, 943
739, 509, 824
740, 304, 624
741, 404, 561
742, 544, 657
743, 713, 728
744, 207, 250
745, 212, 823
746, 412, 795
747, 694, 746
748, 205, 370
749, 49, 986
750, 168, 371
751, 15, 744
752, 505, 878
753, 225, 913
754, 20, 343
755, 112, 485
756, 439, 453
757, 25, 128
758, 64, 972
759, 419, 998
760, 393, 956
761, 693, 854
762, 761, 983
763, 537, 768
764, 123, 355
765, 152, 293
766, 451, 750
767, 208, 856
768, 96, 646
769, 833, 954
770, 429, 873
771, 73, 161
772, 613, 877
773, 75, 149
774, 598, 633
775, 583, 635
776, 125, 748
777, 625, 960
778, 223, 946
779, 659, 692
780, 790, 988
781, 630, 735
782, 29, 156
783, 137, 556
784, 31, 541
785, 328, 532
786, 677, 976
787, 215, 452
788, 423, 480
789, 720, 890
790, 169, 400
791, 273, 731
792, 797, 891
793, 13, 219
794, 478, 549
795, 510, 577
796, 365, 542
797, 745, 923
798, 87, 977
799, 292, 787
800, 584, 754
801, 458, 593
802, 69, 889
803, 359, 978
804, 500, 568
805, 177, 221
806, 164, 793
807, 361, 377
808, 318, 852
809, 30, 700
810, 401, 514
811, 338, 729
812, 165, 573
813, 60, 386
814, 192, 346
815, 559, 784
816, 154, 199
817, 398, 855
818, 257, 953
819, 610, 958
820, 751, 788
821, 271, 910
822, 432, 846
823, 821, 865
824, 827, 866
825, 466, 798
826, 430, 965
827, 409, 639
828, 121, 622
829, 120, 902
830, 256, 438
831, 131, 1000
832, 37, 317
833, 462, 502
834, 28, 194
835, 105, 643
836, 173, 737
837, 245, 264
838, 288, 914
839, 308, 335
840, 47, 859
841, 331, 860
842, 511, 618
843, 258, 464
844, 330, 571
845, 262, 931
846, 817, 895
847, 189, 529
848, 185, 792
849, 145, 463
850, 5, 936
851, 191, 672
852, 294, 981
853, 709, 783
854, 329, 804
855, 476, 803
856, 103, 908
857, 501, 566
858, 287, 312
859, 281, 822
860, 6, 230
861, 644, 941
862, 195, 567
863, 81, 484
864, 518, 555
865, 699, 835
866, 260, 683
867, 134, 674
868, 80, 671
869, 118, 378
870, 222, 351
871, 252, 726
872, 78, 129
873, 673, 801
874, 813, 858
875, 52, 263
876, 864, 921
877, 233, 275
878, 893, 948
879, 302, 843
880, 301, 966
881, 126, 651
882, 539, 984
883, 357, 884
884, 269, 421
885, 830, 836
886, 34, 918
887, 356, 885
888, 9, 778
889, 395, 739
890, 499, 512
891, 474, 600
892, 198, 839
893, 609, 832
894, 94, 701
895, 132, 632
896, 153, 615
897, 97, 140
898, 345, 374
899, 213, 406
900, 347, 757
901, 201, 415
902, 327, 869
903, 711, 925
904, 243, 736
905, 289, 588
906, 251, 299
907, 1, 270
908, 65, 738
909, 139, 715
910, 321, 932
911, 231, 912
912, 305, 909
913, 605, 904
914, 372, 640
915, 352, 487
916, 417, 489
917, 202, 383
918, 232, 816
919, 35, 874
920, 971, 982
921, 426, 762
922, 987, 999
923, 533, 599
924, 515, 772
925, 50, 771
926, 342, 569
927, 445, 868
928, 136, 802
929, 190, 990
930, 107, 311
931, 681, 980
932, 576, 601
933, 442, 444
934, 582, 829
935, 84, 147
936, 240, 979
937, 11, 937
938, 392, 572
939, 402, 959
940, 315, 668
941, 410, 740
942, 45, 919
943, 237, 955
944, 388, 814
945, 242, 265
946, 455, 901
947, 92, 471
948, 135, 210
949, 272, 459
950, 176, 236
951, 767, 776
952, 21, 98
953, 888, 900
954, 38, 51
955, 403, 488
956, 46, 589
957, 323, 653
958, 985, 989
959, 274, 916
960, 595, 642
961, 425, 755
962, 110, 898
963, 732, 766
964, 592, 747
965, 523, 950
966, 61, 307
967, 721, 807
968, 353, 628
969, 100, 828
970, 454, 492
971, 277, 716
972, 249, 440
973, 411, 907
974, 44, 647
975, 70, 570
976, 290, 507
977, 543, 690
978, 349, 450
979, 413, 461
980, 446, 581
981, 77, 811
982, 239, 838
983, 157, 689
984, 812, 899
985, 186, 603
986, 665, 698
987, 837, 969
988, 325, 753
989, 180, 234
990, 280, 770
991, 91, 427
992, 710, 951
993, 883, 962
994, 369, 882
995, 203, 658
996, 253, 718
997, 391, 800
998, 554, 917
999, 166, 997
1000, 254, 786
1001, 742, 806
1002, 551, 843
1003, 468, 708
1004, 425, 718
1005, 1, 301
1006, 201, 528
1007, 326, 422
1008, 145, 224
1009, 29, 116
1010, 694, 703
1011, 264, 424
1012, 348, 379
1013, 443, 500
1014, 106, 584
1015, 31, 980
1016, 98, 190
1017, 221, 597
1018, 311, 967
1019, 280, 690
1020, 42, 365
1021, 96, 909
1022, 164, 451
1023, 534, 796
1024, 276, 812
1025, 514, 833
1026, 142, 288
1027, 515, 792
1028, 167, 890
1029, 403, 856
1030, 327, 696
1031, 94, 409
1032, 18, 362
1033, 332, 605
1034, 870, 989
1035, 30, 804
1036, 778, 994
1037, 339, 439
1038, 441, 783
1039, 100, 940
1040, 321, 354
1041, 572, 988
1042, 369, 886
1043, 101, 837
1044, 602, 817
1045, 154, 976
1046, 262, 861
1047, 66, 211
1048, 292, 824
1049, 402, 953
1050, 196, 763
1051, 485, 617
1052, 458, 826
1053, 239, 807
1054, 56, 463
1055, 192, 601
1056, 12, 923
1057, 15, 233
1058, 58, 464
1059, 349, 593
1060, 625, 858
1061, 357, 766
1062, 157, 768
1063, 472, 558
1064, 138, 141
1065, 213, 305
1066, 442, 477
1067, 319, 640
1068, 546, 855
1069, 637, 919
1070, 484, 492
1071, 27, 283
1072, 57, 661
1073, 361, 519
1074, 582, 630
1075, 161, 204
1076, 474, 665
1077, 344, 430
1078, 340, 898
1079, 279, 317
1080, 608, 670
1081, 102, 726
1082, 419, 565
1083, 273, 577
1084, 219, 756
1085, 459, 626
1086, 455, 830
1087, 579, 957
1088, 35, 47
1089, 382, 746
1090, 356, 683
1091, 194, 405
1092, 606, 924
1093, 516, 676
1094, 744, 930
1095, 129, 797
1096, 488, 715
1097, 124, 773
1098, 263, 639
1099, 24, 622
1100, 185, 324
1101, 787, 970
1102, 290, 682
1103, 776, 902
1104, 522, 859
1105, 9, 590
1106, 885, 901
1107, 612, 729
1108, 294, 440
1109, 143, 801
1110, 712, 929
1111, 407, 427
1112, 230, 466
1113, 462, 557
1114, 139, 568
1115, 377, 610
1116, 316, 649
1117, 131, 220
1118, 769, 941
1119, 4, 552
1120, 767, 893
1121, 378, 866
1122, 495, 576
1123, 140, 993
1124, 80, 341
1125, 170, 701
1126, 258, 328
1127, 569, 730
1128, 242, 864
1129, 897, 995
1130, 456, 684
1131, 68, 133
1132, 506, 668
1133, 64, 642
1134, 438, 672
1135, 65, 603
1136, 588, 613
1137, 631, 790
1138, 457, 478
1139, 494, 785
1140, 533, 892
1141, 44, 380
1142, 187, 823
1143, 175, 206
1144, 60, 699
1145, 854, 871
1146, 52, 298
1147, 755, 963
1148, 152, 982
1149, 555, 822
1150, 149, 968
1151, 267, 281
1152, 55, 578
1153, 762, 896
1154, 487, 921
1155, 706, 872
1156, 364, 865
1157, 87, 335
1158, 217, 496
1159, 435, 680
1160, 171, 355
1161, 679, 961
1162, 10, 518
1163, 237, 795
1164, 26, 299
1165, 293, 545
1166, 735, 939
1167, 123, 222
1168, 428, 788
1169, 529, 810
1170, 716, 906
1171, 173, 958
1172, 604, 764
1173, 315, 531
1174, 54, 734
1175, 43, 751
1176, 782, 905
1177, 329, 737
1178, 51, 521
1179, 547, 616
1180, 434, 867
1181, 126, 165
1182, 512, 838
1183, 655, 692
1184, 39, 198
1185, 112, 180
1186, 648, 975
1187, 13, 207
1188, 93, 223
1189, 7, 573
1190, 421, 965
1191, 111, 387
1192, 110, 414
1193, 203, 791
1194, 226, 954
1195, 658, 877
1196, 374, 794
1197, 99, 371
1198, 19, 158
1199, 33, 104
1200, 214, 530
1201, 480, 710
1202, 20, 743
1203, 347, 527
1204, 78, 693
1205, 241, 389
1206, 450, 570
1207, 183, 835
1208, 511, 550
1209, 3, 614
1210, 118, 179
1211, 117, 307
1212, 308, 979
1213, 148, 437
1214, 229, 798
1215, 502, 719
1216, 664, 908
1217, 401, 946
1218, 79, 884
1219, 97, 431
1220, 589, 952
1221, 250, 452
1222, 760, 813
1223, 353, 390
1224, 215, 595
1225, 88, 384
1226, 238, 920
1227, 72, 322
1228, 156, 367
1229, 61, 691
1230, 709, 834
1231, 772, 836
1232, 210, 949
1233, 342, 977
1234, 359, 366
1235, 216, 271
1236, 83, 669
1237, 633, 915
1238, 352, 563
1239, 147, 420
1240, 125, 736
1241, 95, 789
1242, 523, 562
1243, 49, 304
1244, 199, 624
1245, 255, 479
1246, 636, 779
1247, 460, 750
1248, 174, 717
1249, 46, 660
1250, 209, 235
1251, 67, 964
1252, 653, 713
1253, 513, 984
1254, 667, 944
1255, 370, 937
1256, 774, 934
1257, 650, 799
1258, 90, 482
1259, 144, 829
1260, 918, 951
1261, 849, 948
1262, 337, 561
1263, 274, 497
1264, 155, 645
1265, 925, 945
1266, 244, 738
1267, 338, 543
1268, 647, 868
1269, 243, 757
1270, 618, 720
1271, 36, 851
1272, 758, 846
1273, 501, 900
1274, 2, 63
1275, 847, 992
1276, 309, 780
1277, 300, 594
1278, 75, 825
1279, 575, 745
1280, 520, 544
1281, 260, 363
1282, 644, 873
1283, 162, 666
1284, 120, 287
1285, 77, 869
1286, 23, 245
1287, 225, 927
1288, 697, 828
1289, 182, 621
1290, 272, 517
1291, 284, 385
1292, 6, 314
1293, 469, 761
1294, 759, 983
1295, 265, 874
1296, 426, 876
1297, 411, 585
1298, 25, 678
1299, 483, 922
1300, 240, 600
1301, 172, 177
1302, 218, 969
1303, 70, 400
1304, 336, 429
1305, 59, 748
1306, 50, 202
1307, 48, 784
1308, 808, 844
1309, 114, 127
1310, 619, 815
1311, 21, 814
1312, 5, 857
1313, 700, 819
1314, 504, 524
1315, 278, 615
1316, 397, 454
1317, 107, 252
1318, 453, 461
1319, 549, 587
1320, 17, 432
1321, 295, 406
1322, 373, 651
1323, 184, 928
1324, 291, 950
1325, 227, 733
1326, 53, 809
1327, 130, 449
1328, 732, 741
1329, 803, 875
1330, 105, 470
1331, 246, 947
1332, 486, 881
1333, 259, 827
1334, 14, 752
1335, 448, 574
1336, 598, 914
1337, 285, 465
1338, 28, 45
1339, 820, 974
1340, 32, 910
1341, 186, 985
1342, 375, 878
1343, 687, 966
1344, 150, 433
1345, 197, 358
1346, 34, 689
1347, 535, 540
1348, 269, 831
1349, 345, 996
1350, 163, 891
1351, 261, 673
1352, 911, 917
1353, 270, 853
1354, 423, 475
1355, 108, 646
1356, 526, 848
1357, 350, 559
1358, 303, 936
1359, 657, 955
1360, 695, 840
1361, 685, 753
1362, 620, 675
1363, 81, 331
1364, 398, 880
1365, 74, 323
1366, 22, 320
1367, 208, 268
1368, 346, 351
1369, 542, 592
1370, 234, 581
1371, 395, 862
1372, 109, 257
1373, 82, 770
1374, 169, 728
1375, 490, 634
1376, 91, 376
1377, 248, 509
1378, 599, 971
1379, 89, 674
1380, 481, 503
1381, 688, 987
1382, 662, 786
1383, 195, 883
1384, 611, 932
1385, 372, 731
1386, 471, 556
1387, 686, 863
1388, 181, 972
1389, 580, 894
1390, 135, 705
1391, 548, 681
1392, 16, 765
1393, 236, 899
1394, 596, 942
1395, 146, 916
1396, 253, 981
1397, 168, 312
1398, 607, 912
1399, 445, 671
1400, 121, 991
1401, 37, 499
1402, 330, 845
1403, 444, 476
1404, 711, 926
1405, 306, 931
1406, 8, 638
1407, 277, 508
1408, 489, 537
1409, 128, 739
1410, 232, 887
1411, 41, 510
1412, 191, 313
1413, 122, 623
1414, 632, 698
1415, 571, 654
1416, 137, 754
1417, 134, 249
1418, 159, 416
1419, 818, 986
1420, 11, 396
1421, 151, 412
1422, 564, 566
1423, 436, 1000
1424, 628, 990
1425, 62, 160
1426, 325, 652
1427, 641, 793
1428, 725, 800
1429, 119, 386
1430, 467, 943
1431, 802, 889
1432, 212, 805
1433, 447, 775
1434, 228, 404
1435, 38, 368
1436, 879, 913
1437, 153, 997
1438, 656, 816
1439, 609, 978
1440, 334, 882
1441, 473, 959
1442, 392, 935
1443, 388, 659
1444, 176, 399
1445, 505, 938
1446, 86, 962
1447, 381, 841
1448, 781, 904
1449, 178, 973
1450, 205, 310
1451, 231, 417
1452, 73, 860
1453, 84, 266
1454, 539, 998
1455, 85, 193
1456, 635, 999
1457, 166, 852
1458, 536, 777
1459, 393, 895
1460, 702, 724
1461, 69, 771
1462, 297, 415
1463, 286, 821
1464, 525, 586
1465, 247, 723
1466, 418, 839
1467, 136, 251
1468, 275, 541
1469, 583, 677
1470, 189, 907
1471, 560, 933
1472, 493, 553
1473, 302, 538
1474, 727, 903
1475, 289, 842
1476, 627, 850
1477, 394, 832
1478, 360, 413
1479, 408, 554
1480, 567, 747
1481, 200, 256
1482, 254, 391
1483, 722, 888
1484, 704, 740
1485, 343, 960
1486, 318, 383
1487, 188, 446
1488, 113, 333
1489, 491, 714
1490, 40, 103
1491, 76, 507
1492, 629, 643
1493, 92, 707
1494, 663, 811
1495, 71, 115
1496, 410, 591
1497, 532, 749
1498, 132, 498
1499, 282, 721
1500, 296, 956
1501, 47, 461
1502, 56, 755
1503, 55, 119
1504, 212, 713
1505, 264, 842
1506, 74, 848
1507, 543, 722
1508, 601, 680
1509, 568, 935
1510, 542, 583
1511, 782, 999
1512, 236, 446
1513, 536, 778
1514, 413, 613
1515, 40, 682
1516, 201, 995
1517, 196, 836
1518, 336, 721
1519, 139, 368
1520, 612, 715
1521, 261, 286
1522, 928, 993
1523, 377, 426
1524, 94, 462
1525, 83, 635
1526, 350, 560
1527, 356, 383
1528, 60, 914
1529, 31, 686
1530, 512, 807
1531, 209, 775
1532, 554, 689
1533, 140, 324
1534, 346, 538
1535, 366, 822
1536, 445, 619
1537, 493, 634
1538, 423, 879
1539, 387, 899
1540, 194, 217
1541, 385, 823
1542, 397, 997
1543, 214, 860
1544, 268, 323
1545, 11, 929
1546, 670, 1000
1547, 627, 706
1548, 77, 343
1549, 70, 529
1550, 299, 732
1551, 44, 626
1552, 186, 645
1553, 434, 752
1554, 535, 947
1555, 63, 758
1556, 163, 318
1557, 506, 926
1558, 405, 657
1559, 641, 798
1560, 339, 693
1561, 22, 308
1562, 814, 918
1563, 790, 984
1564, 192, 845
1565, 415, 868
1566, 114, 398
1567, 224, 458
1568, 226, 298
1569, 815, 856
1570, 152, 834
1571, 285, 738
1572, 882, 978
1573, 528, 793
1574, 483, 921
1575, 633, 901
1576, 278, 745
1577, 137, 213
1578, 274, 841
1579, 656, 805
1580, 172, 666
1581, 631, 966
1582, 288, 562
1583, 147, 338
1584, 53, 659
1585, 537, 694
1586, 181, 373
1587, 608, 876
1588, 37, 578
1589, 329, 517
1590, 873, 925
1591, 165, 480
1592, 301, 881
1593, 280, 401
1594, 36, 364
1595, 98, 312
1596, 615, 927
1597, 664, 717
1598, 474, 591
1599, 750, 902
1600, 168, 894
1601, 421, 490
1602, 118, 326
1603, 516, 675
1604, 45, 667
1605, 2, 597
1606, 1, 877
1607, 485, 746
1608, 151, 720
1609, 297, 546
1610, 203, 958
1611, 65, 949
1612, 197, 272
1613, 503, 789
1614, 431, 959
1615, 651, 996
1616, 120, 681
1617, 12, 795
1618, 126, 438
1619, 250, 586
1620, 392, 808
1621, 273, 282
1622, 658, 989
1623, 35, 171
1624, 15, 466
1625, 121, 788
1626, 210, 281
1627, 825, 957
1628, 92, 464
1629, 362, 501
1630, 271, 644
1631, 48, 138
1632, 322, 580
1633, 444, 643
1634, 10, 488
1635, 237, 756
1636, 62, 786
1637, 607, 711
1638, 18, 843
1639, 614, 991
1640, 766, 917
1641, 122, 731
1642, 887, 965
1643, 64, 502
1644, 228, 390
1645, 161, 907
1646, 582, 779
1647, 108, 302
1648, 187, 678
1649, 697, 945
1650, 376, 749
1651, 202, 581
1652, 650, 980
1653, 903, 938
1654, 888, 973
1655, 363, 811
1656, 6, 440
1657, 632, 765
1658, 295, 531
1659, 97, 723
1660, 198, 414
1661, 352, 909
1662, 447, 585
1663, 8, 69
1664, 293, 893
1665, 443, 623
1666, 430, 939
1667, 112, 563
1668, 85, 523
1669, 235, 427
1670, 406, 937
1671, 294, 654
1672, 180, 284
1673, 776, 866
1674, 277, 296
1675, 174, 534
1676, 507, 540
1677, 23, 115
1678, 335, 609
1679, 378, 819
1680, 471, 826
1681, 532, 912
1682, 690, 792
1683, 247, 981
1684, 78, 729
1685, 878, 941
1686, 325, 976
1687, 246, 699
1688, 66, 830
1689, 43, 146
1690, 572, 589
1691, 763, 869
1692, 547, 850
1693, 419, 437
1694, 504, 780
1695, 550, 759
1696, 95, 258
1697, 618, 994
1698, 320, 806
1699, 712, 741
1700, 185, 527
1701, 3, 519
1702, 184, 951
1703, 753, 884
1704, 29, 742
1705, 319, 557
1706, 144, 691
1707, 428, 968
1708, 389, 970
1709, 555, 962
1710, 225, 900
1711, 484, 772
1712, 316, 986
1713, 79, 702
1714, 41, 839
1715, 134, 491
1716, 733, 803
1717, 128, 178
1718, 267, 964
1719, 81, 475
1720, 216, 855
1721, 391, 954
1722, 448, 653
1723, 30, 992
1724, 341, 853
1725, 465, 727
1726, 770, 781
1727, 439, 740
1728, 410, 705
1729, 32, 113
1730, 243, 953
1731, 116, 307
1732, 487, 636
1733, 86, 309
1734, 71, 456
1735, 292, 411
1736, 321, 886
1737, 57, 943
1738, 526, 916
1739, 232, 327
1740, 353, 736
1741, 616, 700
1742, 266, 695
1743, 306, 924
1744, 640, 940
1745, 25, 170
1746, 175, 726
1747, 573, 829
1748, 21, 784
1749, 117, 963
1750, 102, 577
1751, 5, 191
1752, 162, 558
1753, 584, 904
1754, 533, 630
1755, 156, 985
1756, 638, 730
1757, 453, 787
1758, 238, 256
1759, 205, 498
1760, 794, 835
1761, 455, 895
1762, 72, 133
1763, 206, 864
1764, 313, 622
1765, 575, 688
1766, 84, 442
1767, 620, 875
1768, 492, 987
1769, 275, 692
1770, 424, 559
1771, 497, 922
1772, 360, 974
1773, 105, 797
1774, 14, 611
1775, 371, 809
1776, 153, 942
1777, 283, 708
1778, 311, 629
1779, 567, 865
1780, 433, 932
1781, 9, 451
1782, 349, 768
1783, 655, 707
1784, 107, 553
1785, 96, 400
1786, 525, 774
1787, 649, 956
1788, 347, 556
1789, 182, 408
1790, 42, 892
1791, 429, 470
1792, 441, 847
1793, 403, 931
1794, 24, 685
1795, 703, 923
1796, 75, 594
1797, 379, 762
1798, 617, 883
1799, 241, 852
1800, 671, 817
1801, 310, 467
1802, 751, 812
1803, 220, 425
1804, 68, 624
1805, 99, 975
1806, 372, 610
1807, 276, 761
1808, 417, 698
1809, 520, 783
1810, 39, 375
1811, 549, 574
1812, 142, 331
1813, 661, 863
1814, 211, 394
1815, 80, 435
1816, 76, 173
1817, 252, 709
1818, 46, 143
1819, 478, 796
1820, 125, 735
1821, 416, 769
1822, 477, 625
1823, 103, 409
1824, 34, 167
1825, 160, 495
1826, 199, 200
1827, 854, 889
1828, 571, 696
1829, 179, 245
1830, 100, 106
1831, 28, 229
1832, 159, 872
1833, 342, 449
1834, 569, 944
1835, 739, 837
1836, 111, 564
1837, 91, 123
1838, 88, 513
1839, 223, 777
1840, 255, 337
1841, 254, 496
1842, 58, 73
1843, 189, 672
1844, 26, 906
1845, 359, 679
1846, 714, 838
1847, 304, 785
1848, 38, 399
1849, 263, 858
1850, 345, 521
1851, 257, 330
1852, 221, 646
1853, 289, 300
1854, 407, 606
1855, 315, 530
1856, 412, 605
1857, 132, 231
1858, 370, 915
1859, 354, 710
1860, 596, 754
1861, 20, 972
1862, 215, 334
1863, 827, 905
1864, 802, 821
1865, 861, 880
1866, 249, 510
1867, 169, 595
1868, 130, 844
1869, 177, 253
1870, 270, 862
1871, 239, 463
1872, 7, 896
1873, 728, 748
1874, 265, 279
1875, 150, 176
1876, 494, 579
1877, 190, 230
1878, 269, 849
1879, 355, 642
1880, 457, 950
1881, 599, 801
1882, 127, 773
1883, 154, 652
1884, 129, 676
1885, 242, 244
1886, 317, 604
1887, 208, 565
1888, 164, 561
1889, 314, 552
1890, 358, 382
1891, 885, 961
1892, 920, 955
1893, 195, 988
1894, 396, 545
1895, 459, 832
1896, 489, 982
1897, 157, 897
1898, 124, 432
1899, 155, 499
1900, 204, 990
1901, 673, 813
1902, 402, 587
1903, 452, 871
1904, 218, 384
1905, 4, 628
1906, 393, 674
1907, 183, 663
1908, 260, 828
1909, 131, 227
1910, 764, 933
1911, 524, 971
1912, 51, 87
1913, 27, 910
1914, 188, 222
1915, 476, 500
1916, 93, 660
1917, 109, 969
1918, 135, 983
1919, 52, 482
1920, 541, 913
1921, 544, 908
1922, 840, 890
1923, 588, 725
1924, 259, 539
1925, 818, 977
1926, 404, 791
1927, 566, 669
1928, 19, 332
1929, 380, 395
1930, 505, 810
1931, 287, 603
1932, 333, 684
1933, 148, 149
1934, 509, 760
1935, 234, 898
1936, 67, 637
1937, 486, 719
1938, 724, 930
1939, 576, 799
1940, 290, 867
1941, 598, 757
1942, 374, 668
1943, 54, 248
1944, 82, 291
1945, 515, 600
1946, 348, 833
1947, 90, 422
1948, 145, 804
1949, 647, 648
1950, 469, 946
1951, 381, 870
1952, 859, 911
1953, 233, 851
1954, 136, 472
1955, 357, 570
1956, 344, 979
1957, 816, 857
1958, 518, 665
1959, 193, 737
1960, 351, 522
1961, 59, 687
1962, 716, 936
1963, 747, 831
1964, 219, 891
1965, 340, 388
1966, 101, 386
1967, 365, 919
1968, 207, 305
1969, 473, 824
1970, 141, 468
1971, 481, 621
1972, 361, 718
1973, 303, 934
1974, 602, 998
1975, 590, 767
1976, 49, 800
1977, 548, 948
1978, 420, 508
1979, 17, 50
1980, 454, 639
1981, 61, 104
1982, 262, 952
1983, 13, 166
1984, 240, 450
1985, 110, 734
1986, 418, 744
1987, 33, 158
1988, 551, 967
1989, 16, 683
1990, 479, 771
1991, 514, 960
1992, 701, 820
1993, 328, 662
1994, 511, 704
1995, 436, 460
1996, 369, 874
1997, 593, 743
1998, 89, 677
1999, 367, 846
2000, 251, 592
2001, 64, 957
2002, 306, 989
2003, 496, 861
2004, 246, 382
2005, 471, 807
2006, 40, 545
2007, 101, 803
2008, 702, 814
2009, 275, 857
2010, 7, 94
2011, 501, 553
2012, 299, 311
2013, 519, 736
2014, 153, 335
2015, 423, 902
2016, 19, 124
2017, 415, 825
2018, 100, 723
2019, 187, 527
2020, 37, 797
2021, 278, 852
2022, 42, 166
2023, 820, 923
2024, 451, 571
2025, 385, 543
2026, 457, 510
2027, 454, 521
2028, 127, 222
2029, 163, 198
2030, 9, 254
2031, 13, 966
2032, 117, 859
2033, 740, 806
2034, 427, 918
2035, 297, 743
2036, 760, 941
2037, 197, 944
2038, 559, 835
2039, 666, 739
2040, 336, 625
2041, 30, 68
2042, 22, 262
2043, 412, 421
2044, 428, 890
2045, 83, 931
2046, 267, 361
2047, 323, 974
2048, 215, 481
2049, 27, 192
2050, 170, 350
2051, 223, 312
2052, 715, 895
2053, 191, 779
2054, 137, 416
2055, 136, 199
2056, 46, 345
2057, 472, 548
2058, 708, 801
2059, 270, 719
2060, 217, 353
2061, 16, 701
2062, 785, 987
2063, 391, 600
2064, 176, 975
2065, 662, 750
2066, 503, 945
2067, 812, 883
2068, 11, 620
2069, 283, 928
2070, 118, 626
2071, 135, 151
2072, 343, 951
2073, 146, 338
2074, 10, 477
2075, 154, 582
2076, 284, 906
2077, 54, 378
2078, 49, 65
2079, 253, 967
2080, 74, 340
2081, 546, 661
2082, 122, 940
2083, 34, 991
2084, 77, 520
2085, 717, 979
2086, 396, 754
2087, 66, 842
2088, 641, 672
2089, 398, 460
2090, 25, 177
2091, 128, 248
2092, 88, 640
2093, 97, 495
2094, 73, 334
2095, 184, 228
2096, 802, 983
2097, 407, 532
2098, 160, 529
2099, 420, 836
2100, 86, 872
2101, 48, 486
2102, 178, 512
2103, 139, 596
2104, 623, 868
2105, 3, 894
2106, 341, 978
2107, 226, 424
2108, 208, 886
2109, 52, 929
2110, 255, 403
2111, 621, 870
2112, 227, 566
2113, 616, 970
2114, 414, 663
2115, 60, 705
2116, 502, 591
2117, 115, 909
2118, 914, 920
2119, 56, 729
2120, 688, 819
2121, 669, 805
2122, 148, 291
2123, 33, 71
2124, 57, 506
2125, 35, 924
2126, 123, 549
2127, 152, 392
2128, 813, 985
2129, 6, 948
2130, 758, 997
2131, 332, 862
2132, 397, 614
2133, 305, 587
2134, 120, 462
2135, 342, 468
2136, 710, 782
2137, 12, 632
2138, 505, 524
2139, 608, 712
2140, 8, 358
2141, 349, 351
2142, 383, 687
2143, 314, 713
2144, 667, 775
2145, 831, 879
2146, 576, 905
2147, 5, 209
2148, 82, 542
2149, 1, 437
2150, 379, 832
2151, 401, 765
2152, 458, 863
2153, 219, 858
2154, 249, 939
2155, 206, 492
2156, 371, 595
2157, 286, 899
2158, 638, 681
2159, 131, 174
2160, 110, 365
2161, 389, 580
2162, 816, 898
2163, 324, 649
2164, 61, 300
2165, 742, 938
2166, 467, 579
2167, 93, 787
2168, 658, 980
2169, 4, 757
2170, 274, 984
2171, 260, 277
2172, 514, 837
2173, 41, 761
2174, 203, 657
2175, 67, 436
2176, 156, 776
2177, 790, 994
2178, 684, 878
2179, 258, 716
2180, 164, 560
2181, 373, 577
2182, 188, 443
2183, 194, 301
2184, 547, 830
2185, 18, 732
2186, 692, 771
2187, 660, 800
2188, 242, 289
2189, 869, 964
2190, 103, 326
2191, 169, 465
2192, 683, 747
2193, 330, 972
2194, 411, 498
2195, 38, 619
2196, 530, 792
2197, 200, 265
2198, 374, 764
2199, 749, 973
2200, 555, 874
2201, 840, 921
2202, 489, 793
2203, 624, 639
2204, 369, 442
2205, 238, 798
2206, 285, 643
2207, 75, 821
2208, 256, 294
2209, 381, 952
2210, 221, 448
2211, 53, 149
2212, 138, 636
2213, 298, 589
2214, 189, 605
2215, 232, 610
2216, 679, 926
2217, 51, 900
2218, 670, 727
2219, 817, 828
2220, 575, 977
2221, 72, 473
2222, 308, 925
2223, 459, 694
2224, 675, 699
2225, 276, 375
2226, 45, 475
2227, 777, 839
2228, 130, 867
2229, 70, 981
2230, 762, 946
2231, 28, 155
2232, 89, 585
2233, 295, 567
2234, 91, 287
2235, 517, 599
2236, 483, 526
2237, 561, 656
2238, 173, 479
2239, 207, 259
2240, 893, 927
2241, 402, 659
2242, 111, 767
2243, 247, 344
2244, 59, 328
2245, 129, 558
2246, 485, 791
2247, 309, 851
2248, 463, 522
2249, 216, 866
2250, 165, 673
2251, 714, 884
2252, 406, 426
2253, 167, 508
2254, 370, 954
2255, 202, 602
2256, 440, 735
2257, 604, 943
2258, 584, 646
2259, 500, 570
2260, 104, 359
2261, 213, 930
2262, 476, 849
2263, 264, 887
2264, 81, 204
2265, 380, 613
2266, 429, 720
2267, 410, 637
2268, 354, 933
2269, 141, 252
2270, 161, 450
2271, 772, 781
2272, 487, 937
2273, 405, 730
2274, 390, 907
2275, 671, 756
2276, 794, 804
2277, 601, 811
2278, 565, 988
2279, 304, 325
2280, 237, 263
2281, 90, 733
2282, 266, 850
2283, 388, 540
2284, 464, 789
2285, 218, 583
2286, 430, 525
2287, 271, 908
2288, 186, 272
2289, 783, 847
2290, 413, 745
2291, 31, 922
2292, 257, 726
2293, 92, 594
2294, 126, 453
2295, 677, 810
2296, 408, 744
2297, 704, 815
2298, 531, 993
2299, 214, 706
2300, 84, 976
2301, 695, 901
2302, 43, 455
2303, 282, 971
2304, 182, 784
2305, 386, 881
2306, 313, 773
2307, 279, 303
2308, 556, 843
2309, 367, 668
2310, 144, 590
2311, 523, 919
2312, 107, 348
2313, 112, 568
2314, 196, 833
2315, 629, 889
2316, 634, 864
2317, 618, 653
2318, 24, 711
2319, 171, 181
2320, 331, 700
2321, 229, 654
2322, 352, 612
2323, 572, 936
2324, 132, 960
2325, 635, 917
2326, 116, 826
2327, 449, 986
2328, 269, 998
2329, 17, 172
2330, 235, 724
2331, 158, 474
2332, 433, 509
2333, 515, 759
2334, 50, 432
2335, 400, 956
2336, 87, 108
2337, 768, 796
2338, 134, 642
2339, 185, 507
2340, 102, 875
2341, 36, 220
2342, 225, 755
2343, 281, 347
2344, 79, 778
2345, 409, 665
2346, 563, 892
2347, 62, 770
2348, 478, 876
2349, 333, 1000
2350, 143, 685
2351, 606, 885
2352, 14, 586
2353, 180, 728
2354, 318, 431
2355, 47, 327
2356, 552, 822
2357, 142, 680
2358, 159, 544
2359, 808, 947
2360, 516, 734
2361, 211, 564
2362, 212, 435
2363, 145, 611
2364, 682, 888
2365, 244, 387
2366, 230, 718
2367, 224, 592
2368, 69, 444
2369, 655, 962
2370, 534, 741
2371, 15, 848
2372, 441, 569
2373, 319, 425
2374, 302, 445
2375, 210, 574
2376, 251, 992
2377, 393, 845
2378, 99, 877
2379, 504, 891
2380, 296, 871
2381, 538, 799
2382, 205, 236
2383, 480, 691
2384, 438, 823
2385, 195, 910
2386, 168, 499
2387, 753, 841
2388, 394, 627
2389, 362, 528
2390, 511, 630
2391, 20, 337
2392, 551, 603
2393, 310, 696
2394, 243, 913
2395, 78, 633
2396, 150, 322
2397, 121, 648
2398, 466, 737
2399, 674, 999
2400, 317, 609
2401, 239, 261
2402, 377, 484
2403, 882, 982
2404, 697, 990
2405, 32, 357
2406, 366, 597
2407, 321, 788
2408, 829, 915
2409, 320, 995
2410, 644, 904
2411, 356, 593
2412, 434, 809
2413, 417, 748
2414, 288, 873
2415, 175, 958
2416, 307, 588
2417, 469, 628
2418, 183, 404
2419, 2, 339
2420, 147, 418
2421, 293, 360
2422, 329, 598
2423, 709, 860
2424, 162, 651
2425, 140, 774
2426, 752, 969
2427, 315, 533
2428, 846, 903
2429, 29, 96
2430, 44, 686
2431, 245, 780
2432, 95, 493
2433, 241, 384
2434, 231, 786
2435, 157, 838
2436, 98, 280
2437, 399, 731
2438, 290, 615
2439, 63, 201
2440, 536, 916
2441, 490, 795
2442, 422, 963
2443, 494, 935
2444, 105, 721
2445, 26, 738
2446, 368, 678
2447, 106, 513
2448, 456, 650
2449, 518, 953
2450, 250, 578
2451, 824, 942
2452, 470, 818
2453, 58, 763
2454, 581, 934
2455, 482, 959
2456, 461, 607
2457, 491, 766
2458, 109, 690
2459, 346, 746
2460, 125, 617
2461, 23, 664
2462, 85, 689
2463, 316, 372
2464, 488, 557
2465, 76, 676
2466, 452, 550
2467, 880, 897
2468, 539, 865
2469, 447, 722
2470, 268, 439
2471, 541, 856
2472, 292, 537
2473, 844, 912
2474, 965, 968
2475, 363, 645
2476, 113, 376
2477, 562, 647
2478, 854, 932
2479, 573, 961
2480, 853, 955
2481, 80, 535
2482, 240, 769
2483, 39, 554
2484, 179, 446
2485, 827, 911
2486, 273, 497
2487, 21, 395
2488, 114, 703
2489, 190, 193
2490, 233, 234
2491, 707, 996
2492, 364, 949
2493, 622, 652
2494, 55, 725
2495, 631, 698
2496, 355, 896
2497, 751, 950
2498, 419, 834
2499, 119, 855
2500, 133, 693
2501, 289, 781
2502, 408, 497
2503, 502, 969
2504, 366, 939
2505, 899, 923
2506, 616, 984
2507, 642, 838
2508, 72, 391
2509, 165, 510
2510, 322, 569
2511, 589, 673
2512, 665, 770
2513, 422, 711
2514, 512, 823
2515, 195, 347
2516, 345, 651
2517, 428, 982
2518, 240, 530
2519, 841, 853
2520, 37, 44
2521, 38, 606
2522, 724, 964
2523, 376, 441
2524, 335, 492
2525, 712, 986
2526, 431, 471
2527, 119, 575
2528, 558, 579
2529, 489, 847
2530, 172, 301
2531, 438, 958
2532, 120, 582
2533, 194, 869
2534, 683, 741
2535, 169, 318
2536, 113, 447
2537, 637, 808
2538, 193, 747
2539, 302, 907
2540, 426, 896
2541, 413, 945
2542, 62, 704
2543, 2, 674
2544, 148, 402
2545, 10, 949
2546, 179, 319
2547, 55, 310
2548, 727, 928
2549, 225, 653
2550, 892, 930
2551, 527, 528
2552, 27, 238
2553, 257, 364
2554, 646, 811
2555, 883, 904
2556, 186, 468
2557, 385, 498
2558, 255, 400
2559, 48, 932
2560, 501, 793
2561, 274, 513
2562, 239, 418
2563, 330, 411
2564, 232, 888
2565, 415, 647
2566, 78, 189
2567, 715, 788
2568, 304, 508
2569, 178, 854
2570, 549, 702
2571, 467, 824
2572, 15, 813
2573, 346, 867
2574, 82, 229
2575, 649, 990
2576, 434, 466
2577, 588, 926
2578, 543, 829
2579, 437, 729
2580, 614, 750
2581, 125, 365
2582, 217, 638
2583, 117, 416
2584, 442, 544
2585, 297, 620
2586, 740, 760
2587, 679, 929
2588, 597, 641
2589, 61, 957
2590, 266, 650
2591, 272, 487
2592, 40, 885
2593, 153, 948
2594, 64, 536
2595, 379, 542
2596, 574, 753
2597, 108, 757
2598, 486, 835
2599, 403, 934
2600, 111, 275
2601, 279, 455
2602, 477, 897
2603, 298, 337
2604, 252, 951
2605, 485, 601
2606, 126, 216
2607, 260, 894
2608, 22, 585
2609, 8, 207
2610, 605, 924
2611, 317, 789
2612, 533, 828
2613, 454, 668
2614, 244, 640
2615, 756, 810
2616, 370, 666
2617, 517, 759
2618, 192, 879
2619, 212, 931
2620, 93, 456
2621, 161, 737
2622, 321, 515
2623, 393, 971
2624, 294, 481
2625, 397, 967
2626, 231, 451
2627, 198, 937
2628, 457, 511
2629, 522, 769
2630, 412, 997
2631, 75, 725
2632, 91, 368
2633, 858, 935
2634, 816, 850
2635, 331, 453
2636, 20, 587
2637, 154, 488
2638, 608, 968
2639, 281, 794
2640, 443, 814
2641, 98, 219
2642, 280, 723
2643, 476, 622
2644, 95, 780
2645, 137, 805
2646, 382, 432
2647, 380, 873
2648, 118, 273
2649, 743, 944
2650, 419, 833
2651, 267, 343
2652, 861, 864
2653, 127, 913
2654, 398, 749
2655, 147, 462
2656, 357, 661
2657, 261, 369
2658, 306, 475
2659, 190, 312
2660, 1, 714
2661, 116, 404
2662, 293, 538
2663, 524, 686
2664, 554, 910
2665, 36, 504
2666, 96, 104
2667, 290, 340
2668, 188, 716
2669, 491, 941
2670, 218, 278
2671, 350, 676
2672, 263, 698
2673, 184, 797
2674, 480, 699
2675, 136, 843
2676, 175, 837
2677, 296, 890
2678, 339, 516
2679, 629, 845
2680, 92, 329
2681, 819, 886
2682, 584, 772
2683, 99, 308
2684, 134, 479
2685, 205, 253
2686, 423, 857
2687, 354, 525
2688, 80, 493
2689, 215, 974
2690, 392, 848
2691, 39, 307
2692, 159, 256
2693, 211, 900
2694, 168, 859
2695, 891, 972
2696, 383, 596
2697, 183, 920
2698, 561, 865
2699, 209, 315
2700, 555, 831
2701, 474, 970
2702, 150, 221
2703, 636, 906
2704, 112, 174
2705, 248, 804
2706, 181, 341
2707, 540, 748
2708, 65, 262
2709, 173, 774
2710, 130, 265
2711, 299, 470
2712, 73, 852
2713, 287, 531
2714, 761, 787
2715, 384, 708
2716, 97, 635
2717, 324, 351
2718, 633, 687
2719, 882, 898
2720, 469, 612
2721, 16, 458
2722, 32, 685
2723, 832, 979
2724, 744, 936
2725, 258, 436
2726, 639, 722
2727, 224, 710
2728, 539, 734
2729, 157, 333
2730, 509, 856
2731, 424, 529
2732, 77, 478
2733, 779, 998
2734, 41, 140
2735, 100, 227
2736, 182, 349
2737, 268, 947
2738, 374, 909
2739, 101, 615
2740, 31, 300
2741, 602, 742
2742, 483, 631
2743, 170, 777
2744, 625, 790
2745, 552, 763
2746, 484, 534
2747, 86, 1000
2748, 627, 938
2749, 551, 903
2750, 309, 440
2751, 921, 975
2752, 726, 839
2753, 435, 977
2754, 286, 594
2755, 144, 572
2756, 372, 593
2757, 142, 634
2758, 562, 577
2759, 83, 284
2760, 735, 834
2761, 152, 758
2762, 655, 849
2763, 4, 632
2764, 378, 895
2765, 162, 164
2766, 801, 908
2767, 133, 323
2768, 448, 905
2769, 59, 496
2770, 158, 223
2771, 251, 746
2772, 681, 782
2773, 206, 954
2774, 35, 106
2775, 332, 344
2776, 600, 718
2777, 399, 826
2778, 52, 645
2779, 326, 461
2780, 236, 545
2781, 29, 822
2782, 745, 985
2783, 9, 390
2784, 795, 901
2785, 67, 784
2786, 603, 965
2787, 220, 697
2788, 17, 505
2789, 42, 180
2790, 276, 571
2791, 43, 396
2792, 81, 395
2793, 139, 983
2794, 553, 599
2795, 237, 881
2796, 613, 778
2797, 526, 800
2798, 19, 872
2799, 138, 222
2800, 765, 917
2801, 654, 688
2802, 675, 705
2803, 247, 586
2804, 518, 773
2805, 90, 325
2806, 776, 950
2807, 21, 541
2808, 623, 628
2809, 74, 270
2810, 45, 866
2811, 7, 523
2812, 450, 918
2813, 707, 846
2814, 234, 877
2815, 663, 812
2816, 336, 842
2817, 295, 643
2818, 568, 860
2819, 105, 618
2820, 135, 609
2821, 567, 662
2822, 249, 827
2823, 578, 703
2824, 868, 988
2825, 85, 107
2826, 228, 394
2827, 13, 102
2828, 506, 652
2829, 121, 389
2830, 87, 547
2831, 619, 830
2832, 706, 966
2833, 94, 648
2834, 656, 995
2835, 269, 580
2836, 500, 981
2837, 550, 621
2838, 327, 499
2839, 51, 754
2840, 199, 235
2841, 381, 874
2842, 482, 802
2843, 429, 709
2844, 110, 925
2845, 690, 991
2846, 114, 720
2847, 556, 607
2848, 6, 933
2849, 124, 328
2850, 425, 825
2851, 439, 595
2852, 84, 598
2853, 30, 672
2854, 682, 961
2855, 241, 371
2856, 644, 792
2857, 254, 695
2858, 213, 303
2859, 282, 976
2860, 844, 962
2861, 342, 713
2862, 876, 963
2863, 288, 786
2864, 669, 751
2865, 576, 987
2866, 427, 564
2867, 463, 604
2868, 311, 955
2869, 375, 473
2870, 719, 817
2871, 46, 973
2872, 191, 532
2873, 414, 752
2874, 305, 377
2875, 359, 798
2876, 449, 978
2877, 472, 809
2878, 200, 203
2879, 446, 916
2880, 196, 671
2881, 56, 911
2882, 88, 417
2883, 33, 560
2884, 352, 862
2885, 996, 999
2886, 28, 163
2887, 657, 762
2888, 204, 940
2889, 58, 696
2890, 34, 495
2891, 875, 880
2892, 243, 728
2893, 871, 993
2894, 25, 490
2895, 660, 768
2896, 362, 691
2897, 143, 994
2898, 353, 915
2899, 803, 980
2900, 176, 316
2901, 53, 855
2902, 23, 680
2903, 731, 851
2904, 146, 355
2905, 464, 566
2906, 167, 460
2907, 521, 884
2908, 149, 893
2909, 494, 670
2910, 314, 581
2911, 171, 405
2912, 233, 914
2913, 445, 799
2914, 123, 658
2915, 291, 348
2916, 406, 410
2917, 132, 386
2918, 401, 420
2919, 407, 960
2920, 66, 956
2921, 208, 791
2922, 694, 783
2923, 141, 277
2924, 3, 187
2925, 821, 952
2926, 131, 733
2927, 818, 840
2928, 271, 942
2929, 185, 313
2930, 201, 573
2931, 738, 889
2932, 145, 736
2933, 684, 863
2934, 89, 943
2935, 210, 292
2936, 732, 755
2937, 507, 570
2938, 409, 767
2939, 367, 815
2940, 721, 946
2941, 659, 820
2942, 226, 992
2943, 12, 630
2944, 535, 764
2945, 583, 667
2946, 11, 285
2947, 739, 887
2948, 361, 664
2949, 63, 151
2950, 47, 717
2951, 18, 214
2952, 103, 775
2953, 122, 264
2954, 465, 563
2955, 591, 692
2956, 155, 283
2957, 796, 870
2958, 610, 626
2959, 514, 807
2960, 433, 624
2961, 373, 565
2962, 14, 678
2963, 230, 611
2964, 68, 246
2965, 70, 519
2966, 128, 546
2967, 71, 557
2968, 245, 785
2969, 115, 590
2970, 69, 878
2971, 250, 503
2972, 109, 520
2973, 338, 701
2974, 129, 548
2975, 54, 388
2976, 334, 356
2977, 79, 806
2978, 537, 730
2979, 592, 836
2980, 60, 922
2981, 57, 459
2982, 160, 363
2983, 5, 49
2984, 166, 766
2985, 76, 559
2986, 771, 912
2987, 259, 689
2988, 177, 927
2989, 421, 430
2990, 677, 959
2991, 24, 156
2992, 50, 360
2993, 202, 617
2994, 387, 902
2995, 26, 700
2996, 444, 919
2997, 242, 989
2998, 452, 693
2999, 197, 320
3000, 358, 953
3001, 610, 911
3002, 182, 765
3003, 444, 811
3004, 270, 743
3005, 208, 783
3006, 281, 675
3007, 411, 878
3008, 136, 215
3009, 640, 980
3010, 60, 945
3011, 780, 844
3012, 44, 577
3013, 103, 143
3014, 407, 622
3015, 429, 534
3016, 159, 895
3017, 489, 963
3018, 272, 733
3019, 289, 576
3020, 341, 772
3021, 36, 448
3022, 183, 434
3023, 778, 988
3024, 196, 486
3025, 462, 695
3026, 11, 454
3027, 815, 902
3028, 324, 969
3029, 333, 532
3030, 574, 621
3031, 315, 744
3032, 267, 791
3033, 300, 914
3034, 306, 539
3035, 27, 365
3036, 179, 890
3037, 284, 536
3038, 450, 884
3039, 217, 252
3040, 567, 693
3041, 445, 747
3042, 447, 651
3043, 237, 933
3044, 216, 828
3045, 939, 975
3046, 200, 944
3047, 350, 668
3048, 550, 600
3049, 461, 690
3050, 110, 698
3051, 707, 727
3052, 157, 641
3053, 90, 715
3054, 353, 386
3055, 85, 841
3056, 198, 232
3057, 224, 431
3058, 549, 685
3059, 154, 337
3060, 262, 990
3061, 225, 476
3062, 9, 256
3063, 405, 406
3064, 308, 746
3065, 561, 591
3066, 799, 843
3067, 170, 187
3068, 683, 794
3069, 380, 659
3070, 754, 994
3071, 897, 931
3072, 370, 558
3073, 494, 824
3074, 384, 694
3075, 67, 335
3076, 354, 687
3077, 126, 211
3078, 663, 749
3079, 31, 104
3080, 475, 592
3081, 78, 307
3082, 366, 495
3083, 426, 648
3084, 240, 362
3085, 548, 713
3086, 535, 679
3087, 83, 987
3088, 202, 803
3089, 106, 393
3090, 404, 875
3091, 75, 628
3092, 226, 376
3093, 239, 579
3094, 416, 976
3095, 172, 377
3096, 428, 467
3097, 421, 593
3098, 282, 871
3099, 156, 249
3100, 516, 568
3101, 400, 500
3102, 296, 351
3103, 656, 660
3104, 647, 909
3105, 633, 761
3106, 37, 55
3107, 311, 531
3108, 96, 594
3109, 41, 588
3110, 222, 504
3111, 371, 1000
3112, 99, 789
3113, 432, 823
3114, 22, 383
3115, 364, 402
3116, 329, 661
3117, 389, 688
3118, 231, 248
3119, 57, 603
3120, 691, 818
3121, 730, 995
3122, 788, 892
3123, 100, 967
3124, 488, 512
3125, 360, 662
3126, 716, 725
3127, 113, 565
3128, 102, 287
3129, 271, 395
3130, 137, 800
3131, 201, 806
3132, 111, 731
3133, 338, 527
3134, 155, 583
3135, 33, 596
3136, 162, 280
3137, 255, 983
3138, 639, 880
3139, 212, 670
3140, 885, 979
3141, 314, 710
3142, 348, 356
3143, 135, 449
3144, 418, 957
3145, 158, 845
3146, 667, 934
3147, 496, 547
3148, 572, 836
3149, 160, 491
3150, 77, 852
3151, 26, 768
3152, 750, 790
3153, 409, 646
3154, 391, 996
3155, 573, 831
3156, 228, 455
3157, 373, 524
3158, 145, 763
3159, 305, 382
3160, 883, 889
3161, 186, 837
3162, 16, 606
3163, 71, 259
3164, 84, 244
3165, 442, 782
3166, 408, 602
3167, 114, 276
3168, 325, 423
3169, 38, 189
3170, 173, 882
3171, 714, 920
3172, 264, 399
3173, 523, 925
3174, 540, 652
3175, 12, 949
3176, 503, 723
3177, 299, 970
3178, 460, 529
3179, 499, 798
3180, 193, 973
3181, 297, 437
3182, 465, 958
3183, 326, 598
3184, 414, 717
3185, 205, 901
3186, 719, 826
3187, 833, 848
3188, 381, 559
3189, 254, 643
3190, 5, 403
3191, 616, 937
3192, 91, 176
3193, 210, 546
3194, 112, 757
3195, 13, 955
3196, 95, 986
3197, 166, 439
3198, 277, 519
3199, 464, 802
3200, 247, 332
3201, 74, 422
3202, 480, 677
3203, 729, 874
3204, 214, 999
3205, 7, 702
3206, 664, 923
3207, 419, 809
3208, 774, 905
3209, 39, 368
3210, 86, 771
3211, 120, 375
3212, 146, 689
3213, 69, 471
3214, 566, 839
3215, 192, 903
3216, 294, 502
3217, 151, 814
3218, 243, 587
3219, 129, 966
3220, 521, 832
3221, 89, 180
3222, 515, 612
3223, 223, 816
3224, 105, 748
3225, 438, 458
3226, 394, 915
3227, 234, 775
3228, 781, 907
3229, 557, 819
3230, 35, 358
3231, 149, 492
3232, 397, 805
3233, 34, 396
3234, 63, 948
3235, 339, 984
3236, 64, 590
3237, 107, 624
3238, 134, 876
3239, 58, 779
3240, 470, 873
3241, 507, 753
3242, 604, 924
3243, 316, 617
3244, 47, 742
3245, 482, 908
3246, 853, 951
3247, 505, 946
3248, 472, 762
3249, 304, 865
3250, 342, 950
3251, 168, 346
3252, 101, 343
3253, 302, 457
3254, 769, 947
3255, 631, 822
3256, 466, 921
3257, 1, 595
3258, 310, 340
3259, 152, 221
3260, 219, 320
3261, 321, 760
3262, 53, 619
3263, 493, 916
3264, 398, 965
3265, 45, 665
3266, 194, 554
3267, 474, 686
3268, 580, 712
3269, 736, 927
3270, 59, 543
3271, 699, 797
3272, 506, 611
3273, 278, 378
3274, 483, 894
3275, 974, 978
3276, 581, 866
3277, 387, 626
3278, 138, 751
3279, 263, 269
3280, 357, 433
3281, 728, 913
3282, 185, 261
3283, 130, 163
3284, 207, 807
3285, 522, 830
3286, 520, 796
3287, 541, 784
3288, 585, 732
3289, 625, 722
3290, 363, 655
3291, 436, 940
3292, 528, 943
3293, 456, 671
3294, 150, 785
3295, 14, 654
3296, 511, 739
3297, 139, 253
3298, 257, 283
3299, 328, 971
3300, 517, 623
3301, 740, 821
3302, 553, 735
3303, 28, 498
3304, 390, 544
3305, 220, 998
3306, 274, 379
3307, 361, 704
3308, 518, 650
3309, 230, 801
3310, 514, 724
3311, 417, 773
3312, 862, 989
3313, 98, 560
3314, 858, 910
3315, 463, 879
3316, 275, 615
3317, 776, 838
3318, 21, 820
3319, 881, 904
3320, 148, 629
3321, 68, 872
3322, 513, 964
3323, 42, 854
3324, 309, 613
3325, 738, 887
3326, 169, 804
3327, 737, 877
3328, 298, 672
3329, 479, 718
3330, 97, 485
3331, 30, 571
3332, 861, 888
3333, 25, 860
3334, 181, 468
3335, 109, 425
3336, 318, 327
3337, 209, 331
3338, 575, 666
3339, 238, 953
3340, 43, 477
3341, 510, 676
3342, 266, 435
3343, 589, 758
3344, 288, 658
3345, 121, 856
3346, 80, 935
3347, 258, 295
3348, 204, 636
3349, 94, 140
3350, 115, 330
3351, 609, 657
3352, 142, 842
3353, 123, 941
3354, 178, 849
3355, 290, 993
3356, 18, 810
3357, 203, 250
3358, 56, 645
3359, 206, 601
3360, 322, 533
3361, 66, 153
3362, 385, 919
3363, 313, 392
3364, 40, 171
3365, 54, 122
3366, 2, 817
3367, 344, 961
3368, 711, 859
3369, 65, 906
3370, 359, 977
3371, 76, 542
3372, 372, 669
3373, 161, 706
3374, 32, 199
3375, 241, 752
3376, 70, 526
3377, 586, 981
3378, 50, 962
3379, 770, 922
3380, 190, 451
3381, 167, 813
3382, 3, 855
3383, 49, 649
3384, 251, 481
3385, 20, 88
3386, 191, 413
3387, 119, 440
3388, 213, 441
3389, 501, 525
3390, 4, 930
3391, 835, 991
3392, 755, 786
3393, 599, 997
3394, 19, 834
3395, 268, 497
3396, 637, 678
3397, 87, 777
3398, 235, 942
3399, 446, 608
3400, 72, 720
3401, 286, 928
3402, 453, 673
3403, 246, 538
3404, 605, 840
3405, 184, 829
3406, 459, 886
3407, 508, 721
3408, 478, 562
3409, 891, 898
3410, 24, 564
3411, 759, 972
3412, 700, 900
3413, 227, 680
3414, 17, 696
3415, 117, 607
3416, 10, 825
3417, 634, 701
3418, 108, 570
3419, 132, 644
3420, 79, 484
3421, 229, 273
3422, 427, 684
3423, 291, 424
3424, 555, 850
3425, 236, 929
3426, 260, 864
3427, 756, 766
3428, 23, 926
3429, 82, 141
3430, 787, 893
3431, 127, 175
3432, 388, 563
3433, 767, 917
3434, 125, 734
3435, 164, 618
3436, 415, 936
3437, 279, 578
3438, 303, 681
3439, 197, 430
3440, 863, 985
3441, 144, 323
3442, 410, 793
3443, 312, 452
3444, 93, 632
3445, 188, 233
3446, 349, 896
3447, 242, 285
3448, 597, 912
3449, 245, 708
3450, 614, 709
3451, 8, 868
3452, 336, 551
3453, 552, 630
3454, 569, 857
3455, 846, 959
3456, 367, 938
3457, 52, 867
3458, 46, 92
3459, 165, 697
3460, 347, 792
3461, 352, 827
3462, 48, 808
3463, 627, 954
3464, 218, 638
3465, 317, 635
3466, 545, 847
3467, 81, 443
3468, 334, 490
3469, 293, 851
3470, 124, 968
3471, 29, 960
3472, 62, 932
3473, 584, 982
3474, 682, 870
3475, 128, 301
3476, 355, 509
3477, 133, 692
3478, 319, 345
3479, 582, 745
3480, 401, 703
3481, 174, 469
3482, 674, 992
3483, 412, 653
3484, 369, 899
3485, 420, 741
3486, 530, 869
3487, 15, 556
3488, 812, 918
3489, 265, 642
3490, 118, 537
3491, 61, 177
3492, 6, 116
3493, 764, 956
3494, 131, 726
3495, 705, 952
3496, 195, 292
3497, 51, 795
3498, 374, 620
3499, 73, 487
3500, 147, 473
3501, 648, 796
3502, 44, 983
3503, 96, 297
3504, 182, 745
3505, 57, 936
3506, 759, 954
3507, 314, 999
3508, 756, 819
3509, 637, 682
3510, 290, 963
3511, 793, 979
3512, 467, 871
3513, 203, 835
3514, 28, 747
3515, 47, 865
3516, 383, 515
3517, 377, 991
3518, 147, 723
3519, 248, 841
3520, 81, 93
3521, 401, 448
3522, 447, 678
3523, 321, 708
3524, 143, 812
3525, 489, 875
3526, 209, 534
3527, 214, 551
3528, 14, 732
3529, 373, 629
3530, 245, 257
3531, 59, 734
3532, 387, 441
3533, 519, 832
3534, 379, 926
3535, 477, 527
3536, 246, 465
3537, 42, 240
3538, 652, 660
3539, 706, 737
3540, 850, 940
3541, 174, 561
3542, 424, 535
3543, 452, 667
3544, 18, 780
3545, 173, 640
3546, 753, 790
3547, 146, 853
3548, 169, 443
3549, 659, 707
3550, 289, 349
3551, 645, 795
3552, 490, 713
3553, 584, 743
3554, 318, 542
3555, 392, 958
3556, 623, 830
3557, 359, 797
3558, 353, 718
3559, 597, 877
3560, 67, 356
3561, 239, 604
3562, 60, 480
3563, 64, 588
3564, 608, 697
3565, 221, 449
3566, 23, 508
3567, 278, 589
3568, 115, 755
3569, 582, 806
3570, 34, 909
3571, 334, 457
3572, 117, 445
3573, 733, 995
3574, 166, 602
3575, 142, 724
3576, 76, 618
3577, 891, 960
3578, 442, 565
3579, 89, 632
3580, 184, 363
3581, 133, 284
3582, 219, 593
3583, 123, 497
3584, 633, 900
3585, 539, 715
3586, 495, 840
3587, 316, 681
3588, 619, 709
3589, 15, 312
3590, 306, 414
3591, 235, 767
3592, 74, 288
3593, 394, 591
3594, 31, 880
3595, 281, 870
3596, 120, 216
3597, 627, 774
3598, 315, 878
3599, 929, 953
3600, 569, 704
3601, 73, 912
3602, 134, 230
3603, 104, 781
3604, 162, 470
3605, 129, 376
3606, 361, 899
3607, 352, 784
3608, 158, 683
3609, 411, 554
3610, 783, 961
3611, 437, 937
3612, 340, 486
3613, 159, 238
3614, 325, 717
3615, 512, 825
3616, 510, 553
3617, 341, 687
3618, 46, 461
3619, 139, 587
3620, 226, 295
3621, 72, 180
3622, 204, 579
3623, 605, 845
3624, 175, 557
3625, 40, 928
3626, 472, 785
3627, 537, 567
3628, 183, 889
3629, 26, 826
3630, 45, 416
3631, 22, 600
3632, 299, 603
3633, 398, 436
3634, 168, 242
3635, 378, 839
3636, 596, 962
3637, 56, 918
3638, 544, 691
3639, 727, 883
3640, 595, 907
3641, 304, 372
3642, 491, 888
3643, 177, 583
3644, 36, 119
3645, 856, 976
3646, 393, 654
3647, 55, 908
3648, 92, 455
3649, 3, 213
3650, 444, 742
3651, 122, 874
3652, 532, 921
3653, 113, 193
3654, 355, 975
3655, 488, 621
3656, 25, 807
3657, 171, 533
3658, 311, 728
3659, 32, 381
3660, 541, 893
3661, 109, 694
3662, 215, 876
3663, 262, 702
3664, 149, 202
3665, 61, 332
3666, 13, 187
3667, 558, 601
3668, 571, 971
3669, 410, 656
3670, 421, 779
3671, 476, 585
3672, 613, 821
3673, 125, 499
3674, 110, 882
3675, 140, 313
3676, 494, 607
3677, 94, 164
3678, 722, 967
3679, 668, 994
3680, 265, 578
3681, 524, 932
3682, 103, 761
3683, 178, 626
3684, 105, 665
3685, 294, 446
3686, 301, 547
3687, 631, 897
3688, 106, 657
3689, 254, 427
3690, 636, 655
3691, 616, 925
3692, 145, 192
3693, 167, 725
3694, 185, 705
3695, 274, 468
3696, 38, 760
3697, 225, 847
3698, 152, 195
3699, 150, 800
3700, 82, 894
3701, 223, 692
3702, 35, 287
3703, 118, 628
3704, 396, 884
3705, 463, 956
3706, 658, 974
3707, 5, 782
3708, 817, 927
3709, 98, 564
3710, 17, 555
3711, 326, 549
3712, 810, 827
3713, 68, 200
3714, 610, 669
3715, 417, 635
3716, 451, 751
3717, 7, 809
3718, 8, 429
3719, 292, 895
3720, 16, 879
3721, 191, 721
3722, 124, 778
3723, 62, 609
3724, 362, 892
3725, 367, 454
3726, 438, 836
3727, 371, 647
3728, 331, 594
3729, 327, 813
3730, 116, 475
3731, 329, 500
3732, 502, 919
3733, 258, 887
3734, 802, 911
3735, 205, 986
3736, 400, 916
3737, 277, 323
3738, 592, 998
3739, 566, 985
3740, 135, 422
3741, 99, 151
3742, 163, 264
3743, 365, 522
3744, 663, 944
3745, 375, 568
3746, 818, 829
3747, 190, 369
3748, 247, 824
3749, 525, 913
3750, 37, 507
3751, 141, 910
3752, 777, 858
3753, 309, 838
3754, 266, 714
3755, 521, 902
3756, 685, 867
3757, 816, 942
3758, 20, 984
3759, 339, 386
3760, 548, 575
3761, 404, 630
3762, 641, 735
3763, 846, 957
3764, 505, 689
3765, 345, 726
3766, 849, 904
3767, 556, 719
3768, 101, 464
3769, 303, 699
3770, 138, 428
3771, 828, 833
3772, 559, 808
3773, 770, 862
3774, 823, 993
3775, 112, 462
3776, 153, 275
3777, 649, 688
3778, 144, 493
3779, 172, 409
3780, 91, 366
3781, 935, 948
3782, 269, 434
3783, 324, 625
3784, 86, 905
3785, 10, 680
3786, 121, 276
3787, 518, 950
3788, 296, 545
3789, 170, 711
3790, 19, 868
3791, 570, 981
3792, 78, 599
3793, 41, 639
3794, 199, 764
3795, 729, 987
3796, 165, 923
3797, 390, 700
3798, 484, 509
3799, 456, 917
3800, 580, 789
3801, 482, 528
3802, 319, 731
3803, 227, 959
3804, 881, 972
3805, 293, 423
3806, 87, 955
3807, 413, 885
3808, 27, 481
3809, 431, 791
3810, 100, 977
3811, 302, 347
3812, 520, 903
3813, 577, 788
3814, 255, 869
3815, 771, 941
3816, 229, 233
3817, 79, 624
3818, 384, 646
3819, 188, 478
3820, 388, 765
3821, 127, 432
3822, 469, 492
3823, 69, 843
3824, 77, 834
3825, 736, 739
3826, 283, 322
3827, 271, 863
3828, 320, 517
3829, 552, 992
3830, 256, 973
3831, 360, 487
3832, 690, 969
3833, 228, 282
3834, 208, 576
3835, 66, 740
3836, 211, 272
3837, 232, 730
3838, 364, 854
3839, 161, 943
3840, 898, 990
3841, 65, 370
3842, 408, 560
3843, 439, 872
3844, 220, 814
3845, 30, 670
3846, 526, 930
3847, 80, 536
3848, 380, 573
3849, 196, 391
3850, 210, 270
3851, 346, 716
3852, 244, 574
3853, 267, 279
3854, 611, 758
3855, 435, 763
3856, 236, 368
3857, 160, 335
3858, 43, 504
3859, 674, 703
3860, 406, 920
3861, 50, 562
3862, 498, 643
3863, 249, 298
3864, 317, 805
3865, 412, 924
3866, 415, 684
3867, 350, 799
3868, 671, 951
3869, 934, 964
3870, 253, 622
3871, 273, 308
3872, 864, 866
3873, 399, 407
3874, 207, 741
3875, 389, 804
3876, 71, 466
3877, 873, 952
3878, 397, 965
3879, 83, 857
3880, 189, 612
3881, 197, 458
3882, 748, 772
3883, 286, 939
3884, 357, 773
3885, 179, 459
3886, 693, 996
3887, 157, 762
3888, 224, 620
3889, 136, 749
3890, 263, 676
3891, 837, 946
3892, 51, 155
3893, 550, 617
3894, 310, 572
3895, 440, 848
3896, 844, 855
3897, 243, 750
3898, 95, 794
3899, 63, 268
3900, 720, 787
3901, 206, 634
3902, 922, 947
3903, 915, 970
3904, 738, 831
3905, 148, 989
3906, 523, 896
3907, 222, 300
3908, 84, 798
3909, 24, 97
3910, 530, 914
3911, 563, 666
3912, 131, 212
3913, 128, 460
3914, 615, 712
3915, 351, 769
3916, 132, 614
3917, 217, 980
3918, 382, 514
3919, 280, 471
3920, 307, 433
3921, 419, 540
3922, 11, 803
3923, 786, 906
3924, 479, 531
3925, 418, 581
3926, 344, 801
3927, 126, 933
3928, 70, 988
3929, 1, 90
3930, 2, 337
3931, 343, 664
3932, 662, 766
3933, 695, 859
3934, 336, 529
3935, 385, 860
3936, 328, 402
3937, 176, 342
3938, 130, 231
3939, 49, 107
3940, 237, 251
3941, 661, 949
3942, 330, 701
3943, 154, 598
3944, 181, 861
3945, 358, 842
3946, 6, 12
3947, 453, 590
3948, 21, 259
3949, 53, 88
3950, 511, 606
3951, 102, 775
3952, 194, 820
3953, 29, 291
3954, 638, 672
3955, 543, 901
3956, 686, 768
3957, 698, 776
3958, 33, 815
3959, 305, 501
3960, 39, 792
3961, 4, 752
3962, 58, 886
3963, 746, 757
3964, 675, 890
3965, 483, 978
3966, 85, 234
3967, 156, 348
3968, 250, 852
3969, 696, 822
3970, 338, 485
3971, 395, 851
3972, 260, 1000
3973, 54, 744
3974, 426, 982
3975, 430, 811
3976, 710, 931
3977, 241, 513
3978, 644, 677
3979, 473, 516
3980, 450, 650
3981, 403, 945
3982, 261, 425
3983, 586, 673
3984, 137, 285
3985, 405, 938
3986, 52, 679
3987, 75, 496
3988, 506, 966
3989, 111, 538
3990, 474, 642
3991, 546, 653
3992, 186, 252
3993, 108, 354
3994, 374, 968
3995, 420, 997
3996, 651, 754
3997, 114, 198
3998, 9, 48
3999, 201, 503
4000, 218, 333
