id, img1, img2
1, 31, 54
2, 348, 997
3, 842, 926
4, 98, 455
5, 171, 735
6, 26, 983
7, 371, 639
8, 568, 888
9, 93, 159
10, 35, 685
11, 642, 769
12, 469, 573
13, 1, 312
14, 942, 958
15, 521, 605
16, 520, 737
17, 304, 845
18, 59, 541
19, 420, 882
20, 632, 853
21, 143, 294
22, 355, 833
23, 592, 724
24, 351, 703
25, 350, 694
26, 478, 745
27, 16, 347
28, 519, 527
29, 438, 531
30, 883, 900
31, 364, 386
32, 560, 954
33, 210, 419
34, 177, 543
35, 264, 984
36, 622, 686
37, 635, 725
38, 83, 754
39, 151, 953
40, 231, 522
41, 266, 292
42, 310, 957
43, 683, 838
44, 380, 663
45, 539, 595
46, 146, 528
47, 68, 687
48, 336, 982
49, 67, 363
50, 66, 792
51, 425, 468
52, 75, 620
53, 616, 800
54, 62, 490
55, 740, 761
56, 44, 496
57, 56, 437
58, 160, 784
59, 152, 785
60, 41, 223
61, 498, 549
62, 429, 614
63, 220, 240
64, 173, 411
65, 131, 276
66, 290, 848
67, 637, 945
68, 936, 988
69, 100, 630
70, 517, 575
71, 252, 856
72, 291, 352
73, 676, 739
74, 299, 493
75, 267, 412
76, 320, 708
77, 243, 902
78, 341, 638
79, 298, 447
80, 206, 914
81, 693, 991
82, 260, 793
83, 391, 992
84, 13, 580
85, 395, 673
86, 353, 933
87, 834, 865
88, 6, 462
89, 733, 734
90, 647, 868
91, 113, 644
92, 106, 479
93, 344, 713
94, 205, 476
95, 742, 887
96, 47, 489
97, 80, 641
98, 526, 861
99, 743, 859
100, 464, 934
101, 189, 966
102, 230, 730
103, 621, 959
104, 366, 985
105, 24, 167
106, 349, 636
107, 11, 964
108, 317, 397
109, 316, 657
110, 72, 359
111, 84, 213
112, 21, 753
113, 232, 377
114, 126, 582
115, 334, 775
116, 176, 901
117, 394, 590
118, 207, 286
119, 443, 652
120, 746, 921
121, 390, 578
122, 221, 423
123, 65, 343
124, 110, 516
125, 309, 607
126, 296, 508
127, 684, 802
128, 831, 939
129, 46, 466
130, 322, 588
131, 372, 777
132, 108, 581
133, 165, 748
134, 251, 424
135, 202, 920
136, 105, 894
137, 2, 975
138, 603, 606
139, 749, 960
140, 481, 584
141, 45, 194
142, 483, 787
143, 297, 664
144, 216, 795
145, 238, 586
146, 166, 935
147, 192, 368
148, 375, 899
149, 282, 333
150, 99, 471
151, 654, 828
152, 157, 626
153, 38, 331
154, 342, 548
155, 295, 327
156, 153, 414
157, 877, 944
158, 307, 315
159, 185, 237
160, 387, 646
161, 388, 671
162, 118, 850
163, 101, 773
164, 195, 633
165, 459, 473
166, 249, 470
167, 579, 691
168, 340, 822
169, 398, 892
170, 497, 891
171, 477, 1000
172, 367, 756
173, 269, 951
174, 772, 780
175, 81, 972
176, 653, 809
177, 4, 955
178, 873, 998
179, 279, 376
180, 49, 700
181, 88, 198
182, 61, 680
183, 720, 919
184, 154, 931
185, 119, 300
186, 8, 854
187, 615, 907
188, 235, 287
189, 457, 779
190, 356, 648
191, 64, 127
192, 589, 618
193, 751, 976
194, 554, 862
195, 217, 729
196, 39, 864
197, 358, 884
198, 117, 801
199, 825, 893
200, 946, 981
201, 660, 768
202, 52, 896
203, 182, 246
204, 374, 763
205, 577, 967
206, 158, 895
207, 790, 813
208, 32, 63
209, 78, 634
210, 509, 817
211, 668, 925
212, 722, 915
213, 441, 973
214, 5, 57
215, 927, 989
216, 17, 670
217, 270, 610
218, 413, 837
219, 234, 839
220, 475, 908
221, 332, 704
222, 869, 886
223, 191, 755
224, 871, 928
225, 18, 810
226, 770, 798
227, 354, 450
228, 591, 911
229, 840, 943
230, 564, 695
231, 203, 553
232, 115, 679
233, 858, 971
234, 867, 890
235, 43, 624
236, 148, 849
237, 82, 930
238, 384, 952
239, 268, 492
240, 303, 788
241, 55, 392
242, 141, 885
243, 416, 774
244, 832, 969
245, 222, 491
246, 403, 879
247, 538, 665
248, 547, 847
249, 89, 731
250, 22, 631
251, 247, 321
252, 134, 218
253, 219, 369
254, 762, 918
255, 675, 702
256, 174, 433
257, 278, 330
258, 546, 922
259, 463, 827
260, 328, 710
261, 211, 803
262, 550, 658
263, 208, 306
264, 85, 947
265, 138, 672
266, 335, 655
267, 190, 558
268, 876, 978
269, 199, 970
270, 574, 759
271, 128, 728
272, 155, 645
273, 281, 418
274, 484, 504
275, 150, 545
276, 133, 611
277, 96, 709
278, 293, 736
279, 163, 410
280, 308, 819
281, 142, 863
282, 196, 421
283, 402, 692
284, 204, 889
285, 601, 757
286, 87, 399
287, 79, 365
288, 137, 661
289, 623, 766
290, 444, 716
291, 706, 917
292, 688, 880
293, 255, 436
294, 696, 698
295, 406, 823
296, 273, 389
297, 53, 236
298, 50, 485
299, 73, 667
300, 12, 758
301, 20, 111
302, 323, 807
303, 576, 797
304, 313, 600
305, 451, 764
306, 124, 209
307, 184, 857
308, 905, 986
309, 58, 239
310, 408, 866
311, 738, 767
312, 430, 677
313, 585, 929
314, 145, 361
315, 86, 570
316, 180, 794
317, 90, 851
318, 843, 881
319, 563, 765
320, 791, 906
321, 941, 962
322, 649, 808
323, 650, 872
324, 812, 912
325, 248, 980
326, 494, 826
327, 94, 263
328, 95, 602
329, 625, 990
330, 132, 257
331, 149, 662
332, 280, 714
333, 370, 507
334, 305, 923
335, 445, 474
336, 656, 681
337, 183, 501
338, 92, 717
339, 434, 852
340, 51, 727
341, 120, 122
342, 121, 285
343, 7, 995
344, 524, 841
345, 181, 721
346, 283, 937
347, 197, 699
348, 40, 805
349, 36, 996
350, 515, 666
351, 162, 782
352, 109, 338
353, 250, 875
354, 29, 599
355, 271, 878
356, 815, 903
357, 536, 987
358, 505, 697
359, 442, 502
360, 212, 534
361, 288, 500
362, 259, 360
363, 175, 750
364, 311, 587
365, 48, 796
366, 188, 446
367, 226, 544
368, 91, 718
369, 404, 948
370, 711, 994
371, 187, 629
372, 241, 262
373, 439, 968
374, 608, 898
375, 533, 783
376, 458, 904
377, 381, 723
378, 643, 806
379, 454, 513
380, 760, 821
381, 136, 193
382, 228, 440
383, 781, 824
384, 701, 999
385, 14, 172
386, 325, 525
387, 744, 913
388, 37, 628
389, 448, 715
390, 324, 482
391, 60, 289
392, 689, 965
393, 10, 186
394, 362, 465
395, 339, 383
396, 116, 346
397, 42, 112
398, 596, 818
399, 33, 752
400, 25, 569
401, 3, 556
402, 318, 537
403, 747, 940
404, 495, 506
405, 301, 382
406, 415, 846
407, 487, 540
408, 139, 640
409, 488, 594
410, 200, 961
411, 69, 393
412, 337, 561
413, 15, 396
414, 551, 835
415, 619, 816
416, 34, 678
417, 572, 604
418, 224, 897
419, 161, 789
420, 427, 467
421, 97, 674
422, 373, 593
423, 130, 480
424, 613, 909
425, 741, 830
426, 107, 726
427, 329, 597
428, 407, 432
429, 168, 950
430, 523, 956
431, 169, 499
432, 456, 814
433, 510, 542
434, 30, 229
435, 712, 916
436, 23, 571
437, 583, 651
438, 114, 511
439, 409, 503
440, 144, 461
441, 156, 275
442, 609, 963
443, 19, 557
444, 552, 719
445, 732, 836
446, 74, 799
447, 378, 512
448, 555, 932
449, 77, 245
450, 562, 910
451, 277, 345
452, 225, 254
453, 179, 705
454, 147, 518
455, 170, 804
456, 379, 829
457, 302, 874
458, 261, 435
459, 76, 460
460, 319, 870
461, 417, 567
462, 820, 974
463, 135, 682
464, 452, 811
465, 233, 532
466, 565, 566
467, 357, 924
468, 103, 265
469, 422, 659
470, 215, 242
471, 274, 977
472, 514, 690
473, 535, 844
474, 486, 559
475, 164, 617
476, 123, 860
477, 530, 778
478, 104, 529
479, 27, 938
480, 431, 949
481, 125, 426
482, 256, 405
483, 28, 449
484, 227, 771
485, 253, 707
486, 472, 776
487, 129, 627
488, 71, 140
489, 400, 401
490, 70, 612
491, 453, 786
492, 314, 428
493, 178, 326
494, 669, 979
495, 102, 993
496, 244, 272
497, 284, 855
498, 9, 598
499, 201, 214
500, 258, 385
501, 745, 820
502, 127, 466
503, 102, 408
504, 620, 671
505, 453, 975
506, 853, 997
507, 443, 574
508, 577, 983
509, 134, 137
510, 251, 934
511, 295, 781
512, 329, 792
513, 188, 559
514, 283, 769
515, 53, 454
516, 499, 916
517, 155, 549
518, 305, 870
519, 235, 777
520, 199, 818
521, 292, 368
522, 547, 988
523, 28, 281
524, 664, 972
525, 182, 330
526, 88, 880
527, 436, 498
528, 45, 152
529, 336, 356
530, 370, 909
531, 377, 863
532, 833, 935
533, 759, 805
534, 226, 813
535, 309, 638
536, 406, 809
537, 341, 868
538, 99, 351
539, 14, 244
540, 845, 943
541, 115, 910
542, 328, 484
543, 583, 698
544, 541, 569
545, 70, 285
546, 361, 475
547, 616, 635
548, 908, 964
549, 18, 942
550, 42, 290
551, 711, 798
552, 151, 665
553, 703, 859
554, 511, 734
555, 726, 776
556, 29, 476
557, 442, 937
558, 362, 905
559, 682, 731
560, 74, 558
561, 90, 186
562, 273, 506
563, 19, 903
564, 884, 955
565, 338, 987
566, 27, 605
567, 333, 996
568, 407, 614
569, 581, 649
570, 66, 970
571, 67, 352
572, 176, 501
573, 478, 956
574, 699, 721
575, 218, 971
576, 31, 778
577, 842, 881
578, 739, 817
579, 185, 625
580, 941, 947
581, 761, 917
582, 280, 697
583, 604, 814
584, 76, 807
585, 56, 216
586, 409, 546
587, 561, 794
588, 288, 653
589, 238, 446
590, 54, 130
591, 657, 765
592, 258, 662
593, 417, 743
594, 276, 672
595, 423, 831
596, 658, 877
597, 837, 939
598, 191, 275
599, 136, 256
600, 422, 768
601, 321, 323
602, 548, 580
603, 240, 883
604, 467, 533
605, 762, 974
606, 62, 456
607, 98, 337
608, 266, 471
609, 25, 228
610, 485, 918
611, 140, 247
612, 494, 948
613, 237, 560
614, 79, 311
615, 412, 856
616, 568, 639
617, 200, 912
618, 393, 846
619, 609, 688
620, 64, 772
621, 20, 938
622, 169, 630
623, 209, 234
624, 35, 425
625, 319, 357
626, 177, 464
627, 452, 724
628, 225, 959
629, 298, 438
630, 44, 848
631, 77, 887
632, 448, 783
633, 529, 749
634, 835, 978
635, 307, 627
636, 33, 146
637, 381, 710
638, 61, 468
639, 531, 879
640, 565, 951
641, 7, 69
642, 39, 563
643, 219, 683
644, 149, 215
645, 80, 441
646, 411, 659
647, 678, 746
648, 129, 160
649, 447, 799
650, 789, 952
651, 2, 968
652, 142, 346
653, 553, 606
654, 301, 812
655, 455, 924
656, 270, 523
657, 284, 675
658, 587, 999
659, 194, 205
660, 775, 796
661, 294, 395
662, 303, 507
663, 159, 642
664, 16, 704
665, 320, 966
666, 158, 371
667, 889, 926
668, 150, 958
669, 128, 532
670, 865, 914
671, 21, 204
672, 461, 725
673, 345, 373
674, 400, 836
675, 729, 858
676, 156, 434
677, 646, 967
678, 419, 470
679, 193, 626
680, 195, 643
681, 174, 457
682, 51, 527
683, 823, 977
684, 223, 757
685, 217, 766
686, 206, 516
687, 392, 538
688, 3, 374
689, 274, 510
690, 246, 401
691, 399, 632
692, 521, 840
693, 60, 92
694, 637, 923
695, 222, 730
696, 314, 681
697, 91, 107
698, 108, 480
699, 227, 522
700, 232, 265
701, 788, 822
702, 179, 767
703, 103, 430
704, 86, 679
705, 8, 138
706, 120, 424
707, 65, 855
708, 148, 557
709, 32, 85
710, 229, 673
711, 123, 413
712, 41, 339
713, 629, 906
714, 537, 871
715, 171, 945
716, 190, 601
717, 525, 598
718, 267, 293
719, 469, 894
720, 145, 343
721, 6, 631
722, 652, 925
723, 68, 706
724, 458, 803
725, 866, 885
726, 397, 714
727, 17, 617
728, 843, 962
729, 383, 684
730, 96, 208
731, 210, 782
732, 253, 621
733, 12, 786
734, 360, 685
735, 509, 709
736, 504, 544
737, 483, 861
738, 302, 922
739, 388, 933
740, 192, 403
741, 168, 615
742, 105, 268
743, 81, 895
744, 596, 719
745, 245, 696
746, 764, 852
747, 252, 687
748, 693, 954
749, 599, 663
750, 815, 876
751, 677, 872
752, 517, 867
753, 340, 795
754, 326, 957
755, 135, 263
756, 126, 844
757, 15, 83
758, 680, 874
759, 592, 920
760, 661, 744
761, 286, 573
762, 613, 825
763, 23, 524
764, 435, 756
765, 34, 950
766, 221, 427
767, 350, 676
768, 444, 618
769, 248, 503
770, 84, 114
771, 75, 353
772, 505, 896
773, 545, 622
774, 463, 902
775, 78, 784
776, 594, 773
777, 628, 940
778, 26, 318
779, 315, 961
780, 37, 132
781, 262, 860
782, 224, 534
783, 654, 976
784, 95, 402
785, 555, 897
786, 717, 980
787, 358, 512
788, 752, 995
789, 355, 668
790, 112, 502
791, 1, 862
792, 644, 849
793, 4, 753
794, 312, 589
795, 394, 869
796, 10, 808
797, 932, 993
798, 404, 491
799, 143, 365
800, 898, 991
801, 167, 189
802, 787, 847
803, 230, 674
804, 93, 736
805, 579, 882
806, 55, 391
807, 236, 607
808, 732, 758
809, 144, 269
810, 570, 740
811, 367, 575
812, 196, 316
813, 172, 694
814, 376, 921
815, 342, 451
816, 264, 838
817, 184, 660
818, 147, 528
819, 157, 586
820, 197, 239
821, 214, 508
822, 110, 175
823, 72, 111
824, 163, 610
825, 742, 989
826, 47, 272
827, 9, 495
828, 113, 779
829, 94, 106
830, 819, 830
831, 426, 963
832, 821, 927
833, 165, 259
834, 793, 851
835, 578, 623
836, 220, 712
837, 100, 119
838, 389, 450
839, 198, 666
840, 899, 944
841, 296, 655
842, 260, 359
843, 379, 439
844, 372, 907
845, 97, 801
846, 771, 800
847, 608, 931
848, 87, 363
849, 433, 797
850, 71, 648
851, 317, 518
852, 839, 953
853, 5, 299
854, 366, 790
855, 166, 913
856, 474, 593
857, 255, 564
858, 40, 477
859, 348, 582
860, 536, 691
861, 187, 472
862, 591, 727
863, 567, 888
864, 611, 715
865, 519, 720
866, 656, 841
867, 48, 755
868, 804, 834
869, 30, 384
870, 539, 636
871, 297, 994
872, 289, 669
873, 479, 892
874, 300, 650
875, 231, 701
876, 178, 287
877, 118, 741
878, 59, 873
879, 154, 571
880, 364, 418
881, 497, 700
882, 723, 990
883, 486, 985
884, 46, 183
885, 180, 603
886, 857, 1000
887, 233, 928
888, 347, 633
889, 556, 904
890, 386, 750
891, 526, 949
892, 375, 705
893, 369, 738
894, 327, 802
895, 562, 864
896, 131, 624
897, 43, 576
898, 585, 722
899, 58, 946
900, 396, 965
901, 109, 378
902, 354, 854
903, 49, 619
904, 279, 702
905, 459, 716
906, 515, 992
907, 125, 487
908, 153, 810
909, 212, 572
910, 551, 960
911, 489, 651
912, 173, 211
913, 104, 832
914, 170, 708
915, 36, 542
916, 202, 670
917, 398, 584
918, 754, 919
919, 410, 640
920, 181, 667
921, 242, 243
922, 162, 827
923, 488, 692
924, 213, 930
925, 38, 462
926, 254, 415
927, 432, 645
928, 385, 429
929, 540, 590
930, 588, 760
931, 543, 998
932, 308, 349
933, 278, 492
934, 382, 780
935, 241, 437
936, 490, 774
937, 121, 595
938, 124, 763
939, 101, 915
940, 554, 600
941, 63, 520
942, 445, 886
943, 414, 791
944, 334, 344
945, 332, 891
946, 481, 979
947, 277, 737
948, 829, 986
949, 261, 482
950, 117, 324
951, 201, 207
952, 449, 602
953, 535, 785
954, 313, 936
955, 566, 893
956, 387, 440
957, 122, 465
958, 50, 695
959, 747, 816
960, 73, 291
961, 306, 428
962, 22, 304
963, 11, 850
964, 647, 735
965, 460, 493
966, 634, 973
967, 141, 203
968, 513, 770
969, 500, 826
970, 271, 713
971, 57, 380
972, 431, 748
973, 310, 552
974, 24, 751
975, 322, 981
976, 164, 421
977, 390, 929
978, 420, 969
979, 728, 824
980, 707, 828
981, 249, 514
982, 473, 900
983, 416, 984
984, 331, 911
985, 116, 161
986, 89, 875
987, 133, 689
988, 257, 325
989, 335, 806
990, 52, 597
991, 139, 405
992, 82, 811
993, 13, 690
994, 878, 982
995, 550, 733
996, 530, 641
997, 250, 686
998, 282, 890
999, 612, 901
1000, 496, 718
1001, 673, 748
1002, 402, 646
1003, 160, 954
1004, 98, 370
1005, 262, 645
1006, 57, 235
1007, 231, 821
1008, 608, 667
1009, 347, 906
1010, 66, 854
1011, 523, 700
1012, 44, 254
1013, 26, 684
1014, 188, 441
1015, 302, 834
1016, 605, 989
1017, 717, 864
1018, 114, 589
1019, 320, 386
1020, 72, 422
1021, 141, 293
1022, 10, 596
1023, 505, 650
1024, 436, 452
1025, 632, 638
1026, 408, 828
1027, 630, 738
1028, 375, 496
1029, 224, 707
1030, 421, 997
1031, 448, 898
1032, 309, 488
1033, 651, 873
1034, 276, 378
1035, 894, 914
1036, 387, 763
1037, 686, 870
1038, 467, 543
1039, 837, 891
1040, 83, 824
1041, 741, 769
1042, 35, 742
1043, 365, 366
1044, 62, 431
1045, 374, 886
1046, 292, 712
1047, 196, 731
1048, 538, 696
1049, 11, 660
1050, 331, 487
1051, 294, 905
1052, 152, 470
1053, 33, 604
1054, 127, 189
1055, 156, 295
1056, 255, 811
1057, 540, 941
1058, 747, 965
1059, 1, 107
1060, 527, 872
1061, 418, 903
1062, 178, 468
1063, 185, 545
1064, 105, 142
1065, 321, 483
1066, 383, 535
1067, 180, 495
1068, 569, 622
1069, 222, 310
1070, 406, 614
1071, 138, 344
1072, 20, 555
1073, 497, 529
1074, 182, 771
1075, 69, 640
1076, 655, 874
1077, 475, 637
1078, 108, 244
1079, 247, 661
1080, 28, 159
1081, 181, 794
1082, 429, 537
1083, 248, 817
1084, 86, 373
1085, 881, 994
1086, 223, 582
1087, 500, 838
1088, 176, 419
1089, 530, 689
1090, 124, 618
1091, 484, 726
1092, 737, 990
1093, 389, 665
1094, 843, 910
1095, 218, 767
1096, 31, 260
1097, 3, 480
1098, 6, 713
1099, 612, 850
1100, 78, 506
1101, 148, 932
1102, 659, 688
1103, 183, 209
1104, 268, 471
1105, 34, 549
1106, 60, 552
1107, 633, 699
1108, 706, 993
1109, 282, 340
1110, 305, 808
1111, 118, 353
1112, 539, 758
1113, 427, 592
1114, 150, 450
1115, 634, 776
1116, 802, 998
1117, 778, 845
1118, 443, 720
1119, 704, 981
1120, 278, 782
1121, 411, 664
1122, 412, 823
1123, 126, 992
1124, 234, 718
1125, 243, 939
1126, 84, 504
1127, 239, 797
1128, 220, 607
1129, 961, 982
1130, 351, 566
1131, 478, 522
1132, 15, 764
1133, 245, 407
1134, 167, 289
1135, 48, 979
1136, 88, 991
1137, 221, 238
1138, 54, 442
1139, 532, 732
1140, 775, 795
1141, 251, 783
1142, 140, 345
1143, 812, 844
1144, 133, 928
1145, 213, 978
1146, 169, 232
1147, 553, 964
1148, 266, 491
1149, 658, 698
1150, 109, 635
1151, 463, 628
1152, 23, 515
1153, 723, 822
1154, 414, 729
1155, 749, 807
1156, 576, 697
1157, 672, 948
1158, 154, 636
1159, 250, 927
1160, 494, 809
1161, 498, 743
1162, 391, 396
1163, 780, 847
1164, 56, 417
1165, 437, 641
1166, 29, 958
1167, 280, 858
1168, 226, 489
1169, 511, 799
1170, 36, 561
1171, 324, 662
1172, 95, 395
1173, 117, 922
1174, 55, 692
1175, 265, 364
1176, 236, 512
1177, 733, 890
1178, 603, 833
1179, 447, 451
1180, 297, 591
1181, 479, 551
1182, 674, 774
1183, 16, 999
1184, 97, 394
1185, 392, 945
1186, 676, 907
1187, 25, 104
1188, 93, 382
1189, 693, 816
1190, 367, 933
1191, 557, 901
1192, 76, 835
1193, 562, 831
1194, 296, 469
1195, 163, 789
1196, 271, 921
1197, 541, 935
1198, 445, 461
1199, 237, 788
1200, 18, 595
1201, 476, 842
1202, 68, 269
1203, 91, 892
1204, 335, 695
1205, 94, 753
1206, 19, 567
1207, 472, 590
1208, 815, 888
1209, 21, 714
1210, 24, 100
1211, 9, 691
1212, 277, 841
1213, 405, 879
1214, 584, 670
1215, 267, 916
1216, 252, 404
1217, 318, 915
1218, 454, 556
1219, 190, 272
1220, 685, 777
1221, 904, 984
1222, 131, 173
1223, 225, 401
1224, 581, 679
1225, 161, 219
1226, 199, 615
1227, 327, 861
1228, 849, 913
1229, 285, 930
1230, 47, 616
1231, 139, 455
1232, 38, 122
1233, 521, 996
1234, 548, 558
1235, 130, 705
1236, 316, 983
1237, 121, 947
1238, 359, 547
1239, 573, 967
1240, 311, 585
1241, 50, 464
1242, 583, 806
1243, 258, 885
1244, 96, 400
1245, 572, 594
1246, 520, 602
1247, 724, 940
1248, 198, 308
1249, 298, 931
1250, 580, 820
1251, 301, 977
1252, 73, 950
1253, 14, 519
1254, 770, 976
1255, 666, 772
1256, 424, 578
1257, 832, 975
1258, 119, 216
1259, 600, 625
1260, 125, 995
1261, 355, 889
1262, 502, 943
1263, 801, 895
1264, 136, 513
1265, 204, 420
1266, 281, 819
1267, 270, 912
1268, 643, 787
1269, 90, 509
1270, 49, 317
1271, 380, 564
1272, 158, 735
1273, 339, 507
1274, 328, 610
1275, 303, 657
1276, 81, 647
1277, 253, 865
1278, 134, 902
1279, 773, 936
1280, 493, 750
1281, 354, 473
1282, 593, 880
1283, 7, 715
1284, 876, 887
1285, 79, 779
1286, 786, 804
1287, 361, 900
1288, 115, 918
1289, 273, 279
1290, 970, 972
1291, 37, 587
1292, 27, 433
1293, 785, 966
1294, 240, 687
1295, 560, 690
1296, 416, 570
1297, 274, 597
1298, 730, 826
1299, 377, 919
1300, 409, 980
1301, 210, 299
1302, 75, 623
1303, 120, 974
1304, 725, 848
1305, 349, 694
1306, 307, 856
1307, 399, 533
1308, 323, 426
1309, 197, 499
1310, 435, 899
1311, 207, 973
1312, 652, 710
1313, 99, 486
1314, 393, 644
1315, 332, 438
1316, 145, 917
1317, 135, 166
1318, 381, 518
1319, 4, 432
1320, 111, 599
1321, 203, 938
1322, 474, 867
1323, 22, 155
1324, 162, 261
1325, 42, 827
1326, 314, 525
1327, 192, 869
1328, 528, 971
1329, 759, 792
1330, 508, 586
1331, 322, 336
1332, 102, 703
1333, 326, 923
1334, 71, 153
1335, 810, 862
1336, 814, 951
1337, 263, 341
1338, 264, 544
1339, 151, 878
1340, 106, 554
1341, 2, 859
1342, 524, 756
1343, 172, 257
1344, 334, 428
1345, 58, 536
1346, 191, 959
1347, 453, 575
1348, 89, 800
1349, 103, 988
1350, 675, 761
1351, 390, 752
1352, 619, 857
1353, 410, 439
1354, 85, 883
1355, 868, 952
1356, 113, 855
1357, 283, 813
1358, 617, 653
1359, 338, 456
1360, 63, 517
1361, 477, 678
1362, 671, 871
1363, 457, 897
1364, 157, 613
1365, 146, 598
1366, 110, 425
1367, 65, 626
1368, 147, 944
1369, 92, 368
1370, 839, 908
1371, 116, 866
1372, 187, 829
1373, 550, 985
1374, 627, 929
1375, 143, 884
1376, 132, 620
1377, 286, 949
1378, 129, 333
1379, 241, 343
1380, 649, 962
1381, 719, 986
1382, 175, 534
1383, 202, 926
1384, 242, 781
1385, 46, 348
1386, 149, 186
1387, 123, 492
1388, 330, 722
1389, 179, 734
1390, 313, 656
1391, 413, 766
1392, 67, 482
1393, 59, 925
1394, 171, 516
1395, 287, 559
1396, 53, 164
1397, 896, 987
1398, 606, 639
1399, 288, 790
1400, 325, 757
1401, 462, 818
1402, 290, 963
1403, 206, 768
1404, 41, 846
1405, 13, 214
1406, 80, 312
1407, 371, 765
1408, 205, 860
1409, 194, 937
1410, 259, 882
1411, 727, 863
1412, 227, 740
1413, 5, 669
1414, 82, 230
1415, 358, 708
1416, 217, 229
1417, 304, 911
1418, 369, 956
1419, 64, 579
1420, 681, 955
1421, 728, 840
1422, 256, 825
1423, 360, 805
1424, 195, 784
1425, 701, 830
1426, 588, 957
1427, 430, 893
1428, 87, 969
1429, 208, 362
1430, 291, 379
1431, 485, 751
1432, 40, 211
1433, 398, 853
1434, 444, 852
1435, 212, 397
1436, 490, 791
1437, 101, 174
1438, 43, 803
1439, 112, 934
1440, 434, 642
1441, 503, 609
1442, 384, 631
1443, 449, 510
1444, 12, 465
1445, 440, 574
1446, 352, 942
1447, 542, 629
1448, 531, 563
1449, 201, 668
1450, 17, 565
1451, 45, 755
1452, 446, 711
1453, 193, 385
1454, 165, 526
1455, 39, 683
1456, 376, 716
1457, 346, 621
1458, 356, 762
1459, 319, 481
1460, 137, 793
1461, 459, 877
1462, 648, 745
1463, 184, 233
1464, 77, 721
1465, 423, 682
1466, 337, 403
1467, 144, 177
1468, 168, 677
1469, 568, 744
1470, 663, 960
1471, 514, 601
1472, 909, 1000
1473, 51, 415
1474, 128, 836
1475, 74, 170
1476, 275, 702
1477, 215, 875
1478, 357, 363
1479, 61, 70
1480, 709, 953
1481, 228, 350
1482, 624, 851
1483, 577, 611
1484, 342, 924
1485, 246, 466
1486, 32, 315
1487, 388, 501
1488, 546, 736
1489, 300, 796
1490, 8, 654
1491, 30, 458
1492, 306, 968
1493, 460, 571
1494, 746, 760
1495, 680, 798
1496, 249, 946
1497, 200, 372
1498, 739, 920
1499, 52, 329
1500, 284, 754
1501, 123, 768
1502, 314, 821
1503, 500, 966
1504, 267, 519
1505, 862, 888
1506, 669, 926
1507, 731, 931
1508, 626, 915
1509, 57, 341
1510, 670, 929
1511, 456, 538
1512, 924, 948
1513, 458, 517
1514, 75, 582
1515, 19, 527
1516, 39, 142
1517, 261, 833
1518, 160, 522
1519, 167, 330
1520, 564, 590
1521, 317, 472
1522, 87, 608
1523, 2, 30
1524, 609, 979
1525, 459, 910
1526, 681, 830
1527, 759, 965
1528, 1, 672
1529, 140, 512
1530, 165, 954
1531, 675, 707
1532, 558, 797
1533, 88, 660
1534, 306, 947
1535, 21, 701
1536, 503, 583
1537, 563, 696
1538, 795, 828
1539, 283, 959
1540, 363, 901
1541, 335, 911
1542, 318, 876
1543, 177, 312
1544, 774, 796
1545, 787, 983
1546, 298, 605
1547, 85, 939
1548, 539, 945
1549, 246, 378
1550, 327, 944
1551, 475, 984
1552, 202, 227
1553, 290, 603
1554, 138, 712
1555, 257, 695
1556, 235, 867
1557, 258, 849
1558, 214, 968
1559, 224, 903
1560, 131, 612
1561, 196, 729
1562, 630, 807
1563, 553, 827
1564, 629, 767
1565, 507, 559
1566, 124, 200
1567, 628, 904
1568, 59, 299
1569, 760, 893
1570, 238, 342
1571, 316, 477
1572, 143, 591
1573, 631, 687
1574, 397, 427
1575, 433, 813
1576, 740, 762
1577, 365, 922
1578, 255, 466
1579, 295, 513
1580, 133, 502
1581, 205, 319
1582, 84, 545
1583, 520, 577
1584, 64, 457
1585, 117, 242
1586, 478, 736
1587, 422, 820
1588, 484, 595
1589, 644, 918
1590, 163, 940
1591, 173, 688
1592, 598, 788
1593, 95, 347
1594, 307, 803
1595, 40, 549
1596, 236, 337
1597, 509, 597
1598, 180, 990
1599, 118, 333
1600, 284, 998
1601, 47, 706
1602, 393, 977
1603, 280, 720
1604, 370, 913
1605, 116, 185
1606, 667, 928
1607, 424, 674
1608, 668, 837
1609, 373, 741
1610, 343, 728
1611, 67, 659
1612, 240, 880
1613, 750, 982
1614, 383, 875
1615, 727, 896
1616, 91, 293
1617, 55, 949
1618, 34, 325
1619, 869, 973
1620, 79, 178
1621, 326, 420
1622, 506, 566
1623, 63, 744
1624, 600, 677
1625, 313, 716
1626, 244, 989
1627, 421, 780
1628, 804, 887
1629, 29, 170
1630, 359, 646
1631, 78, 971
1632, 413, 511
1633, 135, 396
1634, 275, 426
1635, 43, 225
1636, 374, 470
1637, 392, 637
1638, 83, 808
1639, 32, 464
1640, 44, 691
1641, 678, 865
1642, 73, 908
1643, 704, 773
1644, 270, 416
1645, 35, 428
1646, 273, 782
1647, 230, 791
1648, 546, 848
1649, 106, 565
1650, 407, 602
1651, 567, 899
1652, 146, 748
1653, 213, 589
1654, 440, 623
1655, 360, 408
1656, 287, 656
1657, 110, 905
1658, 184, 877
1659, 77, 752
1660, 114, 219
1661, 552, 666
1662, 188, 234
1663, 8, 789
1664, 89, 684
1665, 493, 578
1666, 215, 400
1667, 494, 801
1668, 53, 329
1669, 368, 878
1670, 245, 523
1671, 826, 845
1672, 56, 241
1673, 454, 479
1674, 530, 574
1675, 228, 382
1676, 802, 952
1677, 410, 463
1678, 351, 355
1679, 139, 537
1680, 137, 850
1681, 395, 405
1682, 51, 624
1683, 581, 749
1684, 634, 806
1685, 191, 268
1686, 164, 771
1687, 451, 496
1688, 445, 655
1689, 446, 473
1690, 579, 934
1691, 289, 302
1692, 276, 303
1693, 541, 868
1694, 162, 584
1695, 489, 781
1696, 793, 969
1697, 622, 975
1698, 252, 361
1699, 450, 874
1700, 364, 465
1701, 430, 941
1702, 764, 838
1703, 182, 917
1704, 195, 999
1705, 711, 943
1706, 783, 923
1707, 625, 997
1708, 491, 812
1709, 425, 663
1710, 737, 738
1711, 17, 723
1712, 159, 991
1713, 739, 839
1714, 248, 356
1715, 155, 619
1716, 490, 641
1717, 819, 897
1718, 350, 679
1719, 25, 777
1720, 70, 889
1721, 197, 700
1722, 272, 970
1723, 190, 633
1724, 48, 97
1725, 237, 986
1726, 518, 724
1727, 785, 814
1728, 86, 536
1729, 569, 953
1730, 24, 414
1731, 987, 1000
1732, 31, 920
1733, 497, 824
1734, 860, 916
1735, 104, 286
1736, 662, 834
1737, 532, 832
1738, 492, 786
1739, 376, 525
1740, 616, 642
1741, 72, 153
1742, 183, 204
1743, 404, 521
1744, 439, 985
1745, 150, 444
1746, 122, 895
1747, 614, 856
1748, 310, 638
1749, 6, 403
1750, 36, 515
1751, 232, 611
1752, 198, 279
1753, 499, 847
1754, 37, 790
1755, 703, 851
1756, 269, 844
1757, 166, 212
1758, 66, 323
1759, 415, 914
1760, 755, 831
1761, 620, 754
1762, 734, 855
1763, 435, 673
1764, 45, 921
1765, 68, 129
1766, 194, 402
1767, 524, 961
1768, 906, 912
1769, 308, 557
1770, 33, 487
1771, 488, 747
1772, 346, 937
1773, 46, 730
1774, 222, 709
1775, 542, 714
1776, 606, 682
1777, 266, 601
1778, 169, 690
1779, 253, 685
1780, 586, 884
1781, 779, 859
1782, 902, 964
1783, 632, 661
1784, 753, 843
1785, 281, 958
1786, 126, 309
1787, 201, 461
1788, 576, 676
1789, 540, 570
1790, 14, 699
1791, 7, 842
1792, 76, 713
1793, 481, 613
1794, 152, 391
1795, 718, 726
1796, 187, 872
1797, 28, 189
1798, 158, 648
1799, 115, 171
1800, 113, 653
1801, 384, 852
1802, 22, 841
1803, 437, 891
1804, 20, 296
1805, 256, 338
1806, 192, 217
1807, 262, 398
1808, 379, 993
1809, 627, 784
1810, 145, 585
1811, 233, 271
1812, 294, 409
1813, 412, 861
1814, 300, 671
1815, 483, 809
1816, 617, 721
1817, 548, 658
1818, 243, 639
1819, 315, 580
1820, 141, 840
1821, 216, 794
1822, 151, 907
1823, 103, 645
1824, 199, 705
1825, 127, 763
1826, 406, 474
1827, 74, 775
1828, 344, 469
1829, 71, 229
1830, 388, 657
1831, 514, 702
1832, 172, 635
1833, 226, 354
1834, 387, 697
1835, 528, 854
1836, 69, 976
1837, 498, 925
1838, 455, 846
1839, 436, 722
1840, 442, 485
1841, 468, 962
1842, 345, 898
1843, 174, 431
1844, 181, 829
1845, 835, 967
1846, 411, 981
1847, 328, 770
1848, 571, 996
1849, 208, 919
1850, 381, 460
1851, 362, 935
1852, 352, 573
1853, 745, 978
1854, 10, 864
1855, 26, 758
1856, 621, 994
1857, 531, 776
1858, 274, 857
1859, 358, 651
1860, 50, 449
1861, 504, 535
1862, 11, 206
1863, 618, 885
1864, 209, 432
1865, 265, 322
1866, 547, 594
1867, 251, 772
1868, 282, 560
1869, 119, 353
1870, 65, 732
1871, 297, 587
1872, 121, 761
1873, 247, 799
1874, 207, 715
1875, 305, 751
1876, 863, 988
1877, 239, 501
1878, 211, 818
1879, 100, 972
1880, 418, 823
1881, 453, 871
1882, 96, 765
1883, 336, 778
1884, 717, 883
1885, 254, 301
1886, 277, 394
1887, 156, 575
1888, 551, 938
1889, 533, 692
1890, 441, 471
1891, 259, 879
1892, 52, 175
1893, 111, 894
1894, 372, 401
1895, 3, 377
1896, 588, 710
1897, 434, 543
1898, 555, 665
1899, 429, 550
1900, 13, 568
1901, 596, 654
1902, 38, 399
1903, 16, 375
1904, 12, 390
1905, 136, 385
1906, 101, 930
1907, 689, 800
1908, 572, 650
1909, 946, 950
1910, 291, 447
1911, 554, 960
1912, 161, 933
1913, 62, 250
1914, 853, 963
1915, 98, 340
1916, 815, 927
1917, 339, 380
1918, 80, 766
1919, 144, 951
1920, 816, 836
1921, 792, 805
1922, 480, 534
1923, 210, 683
1924, 9, 757
1925, 105, 112
1926, 5, 349
1927, 157, 320
1928, 334, 544
1929, 371, 643
1930, 4, 909
1931, 593, 866
1932, 93, 149
1933, 102, 476
1934, 54, 176
1935, 357, 467
1936, 698, 974
1937, 348, 482
1938, 81, 193
1939, 128, 743
1940, 495, 562
1941, 708, 870
1942, 179, 693
1943, 321, 508
1944, 82, 249
1945, 94, 798
1946, 218, 756
1947, 607, 686
1948, 15, 60
1949, 733, 936
1950, 120, 719
1951, 599, 858
1952, 592, 811
1953, 186, 769
1954, 285, 366
1955, 529, 886
1956, 649, 694
1957, 125, 932
1958, 386, 825
1959, 18, 324
1960, 664, 873
1961, 556, 995
1962, 23, 900
1963, 41, 980
1964, 92, 108
1965, 27, 130
1966, 109, 615
1967, 292, 742
1968, 561, 822
1969, 510, 526
1970, 264, 486
1971, 417, 610
1972, 263, 882
1973, 288, 462
1974, 58, 992
1975, 810, 881
1976, 942, 956
1977, 448, 735
1978, 680, 817
1979, 221, 955
1980, 107, 438
1981, 223, 332
1982, 636, 957
1983, 231, 725
1984, 367, 604
1985, 168, 278
1986, 49, 304
1987, 311, 369
1988, 148, 389
1989, 443, 640
1990, 90, 220
1991, 154, 203
1992, 147, 505
1993, 260, 892
1994, 42, 647
1995, 423, 452
1996, 99, 331
1997, 132, 419
1998, 516, 890
1999, 61, 652
2000, 134, 746
2001, 701, 770
2002, 146, 568
2003, 51, 953
2004, 196, 314
2005, 565, 709
2006, 239, 652
2007, 318, 667
2008, 103, 870
2009, 785, 902
2010, 121, 741
2011, 241, 809
2012, 217, 720
2013, 573, 936
2014, 464, 831
2015, 279, 415
2016, 254, 845
2017, 566, 968
2018, 409, 745
2019, 882, 994
2020, 449, 641
2021, 176, 684
2022, 744, 799
2023, 708, 774
2024, 37, 308
2025, 266, 490
2026, 214, 705
2027, 63, 801
2028, 339, 671
2029, 814, 920
2030, 4, 482
2031, 299, 453
2032, 12, 235
2033, 394, 775
2034, 268, 510
2035, 306, 768
2036, 185, 811
2037, 25, 44
2038, 228, 823
2039, 731, 856
2040, 1, 656
2041, 446, 903
2042, 426, 478
2043, 240, 421
2044, 538, 1000
2045, 457, 857
2046, 137, 918
2047, 162, 779
2048, 267, 651
2049, 303, 326
2050, 257, 748
2051, 546, 661
2052, 579, 758
2053, 285, 942
2054, 333, 782
2055, 39, 606
2056, 227, 816
2057, 792, 925
2058, 539, 647
2059, 302, 583
2060, 86, 959
2061, 64, 763
2062, 808, 938
2063, 578, 630
2064, 379, 921
2065, 324, 325
2066, 156, 543
2067, 166, 337
2068, 700, 780
2069, 91, 804
2070, 31, 273
2071, 512, 934
2072, 489, 736
2073, 32, 327
2074, 252, 625
2075, 422, 466
2076, 548, 844
2077, 462, 966
2078, 85, 949
2079, 209, 344
2080, 30, 829
2081, 366, 451
2082, 335, 629
2083, 323, 621
2084, 330, 388
2085, 403, 869
2086, 819, 873
2087, 59, 281
2088, 558, 874
2089, 189, 555
2090, 27, 158
2091, 167, 673
2092, 87, 599
2093, 527, 675
2094, 100, 191
2095, 260, 628
2096, 375, 653
2097, 14, 423
2098, 786, 913
2099, 61, 732
2100, 678, 789
2101, 96, 956
2102, 119, 754
2103, 406, 640
2104, 67, 520
2105, 132, 706
2106, 116, 688
2107, 345, 849
2108, 391, 393
2109, 410, 642
2110, 338, 924
2111, 681, 891
2112, 574, 837
2113, 82, 430
2114, 168, 536
2115, 315, 781
2116, 11, 699
2117, 569, 990
2118, 384, 456
2119, 417, 876
2120, 83, 901
2121, 118, 620
2122, 262, 293
2123, 160, 826
2124, 475, 600
2125, 755, 983
2126, 386, 898
2127, 201, 650
2128, 771, 892
2129, 33, 506
2130, 617, 896
2131, 420, 739
2132, 638, 909
2133, 224, 588
2134, 123, 608
2135, 153, 933
2136, 184, 507
2137, 783, 946
2138, 722, 822
2139, 110, 177
2140, 397, 471
2141, 145, 950
2142, 396, 713
2143, 163, 664
2144, 676, 825
2145, 492, 840
2146, 256, 995
2147, 714, 955
2148, 270, 271
2149, 107, 940
2150, 94, 190
2151, 447, 698
2152, 148, 340
2153, 479, 872
2154, 399, 635
2155, 131, 866
2156, 452, 609
2157, 385, 690
2158, 89, 726
2159, 524, 624
2160, 79, 662
2161, 291, 670
2162, 289, 343
2163, 130, 370
2164, 497, 518
2165, 439, 798
2166, 350, 545
2167, 102, 996
2168, 226, 740
2169, 282, 702
2170, 237, 383
2171, 216, 765
2172, 45, 179
2173, 614, 880
2174, 818, 821
2175, 559, 743
2176, 595, 666
2177, 400, 665
2178, 517, 654
2179, 346, 703
2180, 236, 376
2181, 864, 999
2182, 170, 841
2183, 202, 593
2184, 232, 737
2185, 151, 905
2186, 875, 960
2187, 336, 948
2188, 917, 952
2189, 513, 812
2190, 188, 493
2191, 601, 610
2192, 418, 468
2193, 572, 753
2194, 887, 895
2195, 106, 108
2196, 762, 791
2197, 101, 284
2198, 169, 199
2199, 233, 404
2200, 556, 797
2201, 211, 761
2202, 362, 444
2203, 591, 888
2204, 328, 877
2205, 229, 969
2206, 80, 981
2207, 519, 680
2208, 159, 587
2209, 411, 551
2210, 56, 947
2211, 649, 660
2212, 120, 368
2213, 357, 683
2214, 718, 906
2215, 78, 632
2216, 24, 919
2217, 402, 883
2218, 17, 504
2219, 459, 832
2220, 729, 977
2221, 577, 735
2222, 171, 173
2223, 49, 114
2224, 126, 455
2225, 320, 494
2226, 643, 943
2227, 26, 515
2228, 157, 590
2229, 142, 210
2230, 834, 912
2231, 95, 843
2232, 40, 342
2233, 746, 973
2234, 192, 322
2235, 372, 848
2236, 476, 916
2237, 978, 987
2238, 931, 958
2239, 77, 970
2240, 174, 197
2241, 180, 414
2242, 247, 618
2243, 554, 984
2244, 141, 750
2245, 730, 988
2246, 508, 715
2247, 382, 852
2248, 361, 603
2249, 2, 71
2250, 427, 644
2251, 112, 725
2252, 450, 495
2253, 552, 686
2254, 18, 929
2255, 105, 172
2256, 470, 734
2257, 295, 890
2258, 769, 790
2259, 213, 424
2260, 220, 752
2261, 248, 378
2262, 461, 669
2263, 365, 945
2264, 13, 639
2265, 194, 238
2266, 833, 928
2267, 16, 46
2268, 582, 645
2269, 296, 716
2270, 50, 92
2271, 65, 759
2272, 93, 263
2273, 719, 806
2274, 310, 571
2275, 348, 433
2276, 542, 885
2277, 69, 250
2278, 133, 668
2279, 187, 859
2280, 663, 991
2281, 395, 570
2282, 261, 605
2283, 47, 957
2284, 436, 560
2285, 313, 598
2286, 9, 778
2287, 696, 851
2288, 692, 935
2289, 448, 672
2290, 60, 592
2291, 206, 534
2292, 596, 657
2293, 161, 674
2294, 304, 679
2295, 200, 264
2296, 99, 550
2297, 392, 850
2298, 182, 954
2299, 724, 756
2300, 244, 561
2301, 57, 854
2302, 147, 463
2303, 143, 358
2304, 412, 842
2305, 109, 986
2306, 488, 997
2307, 576, 757
2308, 432, 807
2309, 349, 562
2310, 526, 803
2311, 405, 407
2312, 205, 711
2313, 52, 544
2314, 104, 332
2315, 425, 498
2316, 165, 251
2317, 292, 398
2318, 115, 941
2319, 219, 458
2320, 777, 884
2321, 280, 441
2322, 431, 473
2323, 904, 967
2324, 309, 626
2325, 246, 549
2326, 136, 897
2327, 509, 627
2328, 354, 438
2329, 193, 212
2330, 356, 486
2331, 66, 723
2332, 195, 540
2333, 525, 824
2334, 484, 604
2335, 838, 962
2336, 689, 728
2337, 766, 993
2338, 886, 889
2339, 334, 597
2340, 155, 976
2341, 245, 682
2342, 97, 860
2343, 125, 352
2344, 54, 881
2345, 127, 677
2346, 144, 355
2347, 437, 717
2348, 19, 477
2349, 712, 810
2350, 62, 428
2351, 278, 655
2352, 563, 951
2353, 221, 347
2354, 401, 835
2355, 122, 483
2356, 480, 861
2357, 164, 499
2358, 154, 317
2359, 413, 648
2360, 15, 135
2361, 5, 846
2362, 73, 225
2363, 390, 505
2364, 20, 81
2365, 472, 521
2366, 500, 915
2367, 474, 481
2368, 733, 975
2369, 584, 971
2370, 34, 359
2371, 329, 707
2372, 8, 893
2373, 528, 594
2374, 704, 980
2375, 377, 511
2376, 41, 111
2377, 616, 927
2378, 140, 351
2379, 487, 491
2380, 434, 747
2381, 231, 760
2382, 691, 742
2383, 817, 862
2384, 784, 979
2385, 290, 815
2386, 74, 277
2387, 611, 695
2388, 813, 878
2389, 72, 992
2390, 6, 853
2391, 311, 710
2392, 529, 939
2393, 274, 865
2394, 128, 900
2395, 3, 580
2396, 152, 636
2397, 134, 839
2398, 29, 615
2399, 659, 879
2400, 10, 149
2401, 117, 685
2402, 223, 965
2403, 183, 442
2404, 301, 930
2405, 537, 633
2406, 22, 998
2407, 88, 622
2408, 371, 467
2409, 631, 911
2410, 84, 243
2411, 7, 38
2412, 275, 974
2413, 298, 776
2414, 788, 972
2415, 53, 389
2416, 501, 693
2417, 533, 602
2418, 363, 989
2419, 531, 564
2420, 276, 443
2421, 21, 305
2422, 58, 255
2423, 408, 910
2424, 381, 908
2425, 139, 454
2426, 55, 307
2427, 567, 985
2428, 181, 961
2429, 585, 793
2430, 76, 175
2431, 23, 440
2432, 836, 871
2433, 341, 575
2434, 286, 360
2435, 75, 687
2436, 242, 855
2437, 553, 926
2438, 828, 907
2439, 894, 964
2440, 288, 772
2441, 207, 899
2442, 283, 294
2443, 43, 287
2444, 42, 129
2445, 369, 445
2446, 373, 612
2447, 589, 787
2448, 503, 557
2449, 68, 465
2450, 90, 802
2451, 516, 827
2452, 858, 923
2453, 178, 751
2454, 138, 331
2455, 259, 272
2456, 218, 982
2457, 203, 637
2458, 523, 796
2459, 321, 374
2460, 387, 541
2461, 485, 767
2462, 530, 868
2463, 312, 353
2464, 258, 867
2465, 186, 249
2466, 820, 932
2467, 380, 619
2468, 364, 773
2469, 35, 253
2470, 36, 316
2471, 319, 496
2472, 613, 727
2473, 300, 607
2474, 794, 830
2475, 70, 764
2476, 749, 847
2477, 28, 98
2478, 198, 297
2479, 694, 944
2480, 208, 367
2481, 795, 963
2482, 234, 937
2483, 124, 435
2484, 634, 800
2485, 460, 697
2486, 113, 222
2487, 230, 469
2488, 522, 586
2489, 429, 914
2490, 646, 922
2491, 514, 581
2492, 150, 805
2493, 416, 532
2494, 419, 547
2495, 265, 863
2496, 48, 738
2497, 269, 623
2498, 535, 721
2499, 502, 658
2500, 204, 215
2501, 192, 975
2502, 62, 598
2503, 169, 409
2504, 431, 728
2505, 267, 425
2506, 436, 733
2507, 455, 725
2508, 83, 363
2509, 228, 320
2510, 480, 502
2511, 56, 391
2512, 26, 270
2513, 443, 871
2514, 290, 902
2515, 81, 787
2516, 3, 632
2517, 149, 465
2518, 108, 854
2519, 506, 713
2520, 54, 660
2521, 94, 867
2522, 680, 988
2523, 226, 337
2524, 420, 865
2525, 389, 758
2526, 209, 928
2527, 244, 634
2528, 177, 905
2529, 20, 859
2530, 283, 343
2531, 21, 563
2532, 453, 572
2533, 252, 351
2534, 372, 525
2535, 610, 684
2536, 221, 486
2537, 313, 399
2538, 762, 978
2539, 571, 916
2540, 178, 880
2541, 588, 803
2542, 439, 717
2543, 78, 766
2544, 243, 279
2545, 210, 930
2546, 456, 827
2547, 113, 393
2548, 415, 953
2549, 137, 628
2550, 712, 739
2551, 441, 907
2552, 278, 430
2553, 499, 852
2554, 332, 744
2555, 95, 180
2556, 359, 944
2557, 579, 786
2558, 284, 778
2559, 272, 965
2560, 411, 998
2561, 691, 959
2562, 514, 552
2563, 5, 789
2564, 698, 918
2565, 385, 808
2566, 176, 463
2567, 259, 942
2568, 479, 844
2569, 594, 952
2570, 123, 567
2571, 490, 524
2572, 264, 299
2573, 767, 913
2574, 131, 931
2575, 667, 901
2576, 136, 645
2577, 184, 324
2578, 537, 640
2579, 51, 538
2580, 124, 764
2581, 373, 806
2582, 211, 644
2583, 85, 734
2584, 80, 562
2585, 462, 519
2586, 115, 234
2587, 77, 801
2588, 268, 970
2589, 2, 851
2590, 826, 849
2591, 142, 675
2592, 460, 783
2593, 100, 159
2594, 106, 390
2595, 154, 599
2596, 129, 847
2597, 249, 322
2598, 858, 947
2599, 241, 788
2600, 160, 331
2601, 412, 710
2602, 473, 894
2603, 361, 549
2604, 592, 672
2605, 474, 596
2606, 148, 325
2607, 583, 771
2608, 445, 794
2609, 164, 419
2610, 219, 595
2611, 175, 559
2612, 107, 648
2613, 25, 354
2614, 676, 895
2615, 365, 812
2616, 223, 860
2617, 533, 873
2618, 151, 513
2619, 266, 437
2620, 9, 531
2621, 67, 526
2622, 659, 972
2623, 101, 306
2624, 63, 206
2625, 171, 679
2626, 650, 862
2627, 162, 218
2628, 726, 856
2629, 356, 553
2630, 120, 360
2631, 612, 932
2632, 220, 636
2633, 298, 611
2634, 182, 747
2635, 340, 647
2636, 153, 954
2637, 305, 590
2638, 174, 574
2639, 551, 779
2640, 487, 822
2641, 893, 993
2642, 76, 662
2643, 458, 721
2644, 661, 926
2645, 402, 714
2646, 614, 941
2647, 652, 776
2648, 65, 603
2649, 257, 940
2650, 353, 401
2651, 4, 75
2652, 33, 364
2653, 14, 755
2654, 189, 697
2655, 74, 212
2656, 166, 846
2657, 319, 719
2658, 102, 338
2659, 157, 828
2660, 114, 330
2661, 50, 929
2662, 309, 384
2663, 294, 732
2664, 280, 576
2665, 242, 700
2666, 470, 555
2667, 685, 887
2668, 323, 898
2669, 93, 919
2670, 387, 689
2671, 105, 497
2672, 345, 814
2673, 408, 756
2674, 875, 956
2675, 578, 934
2676, 730, 968
2677, 833, 958
2678, 434, 686
2679, 235, 429
2680, 125, 134
2681, 289, 536
2682, 250, 334
2683, 11, 406
2684, 276, 731
2685, 336, 541
2686, 528, 840
2687, 421, 484
2688, 304, 745
2689, 135, 615
2690, 641, 879
2691, 478, 716
2692, 109, 620
2693, 168, 481
2694, 144, 471
2695, 258, 948
2696, 238, 260
2697, 297, 608
2698, 214, 560
2699, 346, 774
2700, 104, 400
2701, 350, 678
2702, 882, 990
2703, 261, 475
2704, 22, 225
2705, 70, 150
2706, 617, 861
2707, 450, 682
2708, 42, 653
2709, 179, 839
2710, 275, 793
2711, 222, 631
2712, 152, 761
2713, 66, 216
2714, 694, 957
2715, 570, 868
2716, 231, 924
2717, 205, 809
2718, 49, 128
2719, 269, 983
2720, 316, 841
2721, 23, 565
2722, 341, 963
2723, 328, 749
2724, 291, 597
2725, 428, 831
2726, 722, 802
2727, 311, 619
2728, 194, 848
2729, 116, 884
2730, 504, 669
2731, 654, 836
2732, 800, 982
2733, 237, 352
2734, 15, 296
2735, 90, 923
2736, 233, 561
2737, 318, 557
2738, 600, 770
2739, 449, 613
2740, 624, 715
2741, 43, 245
2742, 146, 824
2743, 335, 991
2744, 410, 548
2745, 103, 706
2746, 183, 966
2747, 45, 870
2748, 378, 791
2749, 44, 967
2750, 349, 444
2751, 84, 899
2752, 529, 692
2753, 60, 627
2754, 422, 937
2755, 375, 746
2756, 263, 517
2757, 781, 897
2758, 147, 511
2759, 86, 542
2760, 198, 467
2761, 170, 488
2762, 232, 448
2763, 31, 741
2764, 145, 837
2765, 308, 382
2766, 545, 955
2767, 246, 251
2768, 339, 668
2769, 477, 752
2770, 117, 161
2771, 118, 130
2772, 173, 274
2773, 544, 626
2774, 195, 857
2775, 414, 656
2776, 72, 188
2777, 196, 485
2778, 738, 775
2779, 30, 792
2780, 199, 495
2781, 39, 912
2782, 202, 469
2783, 317, 753
2784, 240, 515
2785, 657, 969
2786, 616, 701
2787, 156, 623
2788, 302, 464
2789, 29, 355
2790, 256, 772
2791, 888, 980
2792, 293, 999
2793, 451, 751
2794, 388, 505
2795, 602, 618
2796, 18, 53
2797, 292, 586
2798, 558, 820
2799, 604, 890
2800, 509, 707
2801, 395, 866
2802, 587, 976
2803, 454, 989
2804, 79, 577
2805, 24, 797
2806, 57, 703
2807, 98, 690
2808, 139, 307
2809, 383, 403
2810, 52, 203
2811, 585, 992
2812, 348, 740
2813, 277, 601
2814, 48, 442
2815, 271, 699
2816, 172, 798
2817, 37, 254
2818, 671, 674
2819, 193, 938
2820, 709, 784
2821, 819, 889
2822, 112, 423
2823, 329, 760
2824, 190, 312
2825, 99, 790
2826, 229, 705
2827, 677, 845
2828, 693, 835
2829, 224, 855
2830, 41, 397
2831, 92, 996
2832, 492, 805
2833, 512, 785
2834, 440, 768
2835, 527, 651
2836, 945, 946
2837, 286, 977
2838, 208, 821
2839, 68, 655
2840, 71, 910
2841, 582, 832
2842, 167, 569
2843, 711, 915
2844, 6, 140
2845, 58, 720
2846, 573, 723
2847, 534, 900
2848, 468, 547
2849, 1, 881
2850, 370, 973
2851, 36, 357
2852, 248, 981
2853, 185, 769
2854, 482, 818
2855, 247, 864
2856, 418, 830
2857, 69, 281
2858, 344, 510
2859, 523, 987
2860, 8, 472
2861, 580, 777
2862, 518, 737
2863, 622, 914
2864, 315, 568
2865, 133, 979
2866, 295, 438
2867, 546, 810
2868, 550, 850
2869, 265, 757
2870, 496, 566
2871, 47, 186
2872, 413, 446
2873, 200, 670
2874, 110, 925
2875, 61, 702
2876, 381, 874
2877, 584, 804
2878, 40, 807
2879, 119, 708
2880, 405, 906
2881, 197, 564
2882, 143, 217
2883, 687, 796
2884, 404, 426
2885, 310, 664
2886, 91, 609
2887, 683, 799
2888, 503, 540
2889, 642, 643
2890, 633, 961
2891, 285, 621
2892, 82, 876
2893, 396, 750
2894, 380, 500
2895, 417, 813
2896, 704, 872
2897, 35, 300
2898, 891, 903
2899, 581, 853
2900, 88, 736
2901, 207, 817
2902, 12, 743
2903, 138, 520
2904, 369, 971
2905, 13, 432
2906, 909, 994
2907, 34, 997
2908, 73, 165
2909, 649, 896
2910, 32, 314
2911, 230, 637
2912, 288, 782
2913, 17, 122
2914, 554, 869
2915, 96, 593
2916, 377, 834
2917, 773, 951
2918, 416, 630
2919, 273, 920
2920, 735, 911
2921, 38, 815
2922, 181, 371
2923, 141, 825
2924, 483, 695
2925, 501, 535
2926, 521, 718
2927, 424, 606
2928, 842, 843
2929, 158, 379
2930, 605, 885
2931, 427, 435
2932, 27, 494
2933, 215, 282
2934, 607, 908
2935, 433, 892
2936, 55, 489
2937, 681, 883
2938, 886, 974
2939, 591, 639
2940, 392, 878
2941, 459, 673
2942, 132, 452
2943, 111, 927
2944, 201, 366
2945, 326, 476
2946, 407, 759
2947, 398, 589
2948, 635, 985
2949, 763, 765
2950, 727, 754
2951, 163, 748
2952, 539, 1000
2953, 7, 87
2954, 303, 362
2955, 491, 939
2956, 121, 838
2957, 89, 321
2958, 386, 666
2959, 16, 950
2960, 394, 447
2961, 46, 516
2962, 236, 995
2963, 64, 262
2964, 368, 665
2965, 253, 823
2966, 508, 530
2967, 457, 780
2968, 204, 629
2969, 10, 658
2970, 507, 921
2971, 342, 816
2972, 466, 742
2973, 97, 374
2974, 19, 59
2975, 327, 933
2976, 493, 646
2977, 877, 984
2978, 347, 829
2979, 532, 986
2980, 155, 358
2981, 28, 729
2982, 191, 376
2983, 127, 625
2984, 213, 917
2985, 287, 543
2986, 367, 962
2987, 187, 239
2988, 943, 960
2989, 227, 936
2990, 663, 922
2991, 255, 724
2992, 461, 904
2993, 522, 688
2994, 301, 949
2995, 333, 811
2996, 556, 575
2997, 498, 935
2998, 638, 863
2999, 696, 795
3000, 126, 964
3001, 556, 623
3002, 55, 333
3003, 208, 653
3004, 186, 551
3005, 87, 109
3006, 155, 188
3007, 493, 895
3008, 438, 503
3009, 428, 782
3010, 62, 1000
3011, 389, 662
3012, 294, 676
3013, 133, 284
3014, 635, 901
3015, 101, 404
3016, 140, 259
3017, 71, 767
3018, 420, 831
3019, 300, 952
3020, 706, 933
3021, 324, 873
3022, 158, 526
3023, 327, 828
3024, 270, 411
3025, 690, 958
3026, 245, 964
3027, 41, 269
3028, 264, 592
3029, 611, 950
3030, 60, 808
3031, 232, 692
3032, 153, 773
3033, 504, 644
3034, 465, 719
3035, 306, 318
3036, 152, 743
3037, 436, 805
3038, 124, 339
3039, 159, 407
3040, 261, 479
3041, 415, 903
3042, 21, 979
3043, 514, 751
3044, 53, 959
3045, 167, 560
3046, 497, 696
3047, 350, 399
3048, 669, 990
3049, 405, 451
3050, 672, 819
3051, 582, 992
3052, 260, 658
3053, 289, 346
3054, 175, 414
3055, 221, 496
3056, 22, 906
3057, 17, 609
3058, 398, 481
3059, 721, 848
3060, 242, 698
3061, 386, 647
3062, 99, 189
3063, 304, 531
3064, 884, 930
3065, 77, 980
3066, 467, 664
3067, 321, 688
3068, 520, 921
3069, 742, 834
3070, 539, 811
3071, 145, 823
3072, 820, 898
3073, 584, 860
3074, 535, 853
3075, 642, 665
3076, 3, 121
3077, 69, 410
3078, 35, 960
3079, 394, 569
3080, 104, 417
3081, 754, 996
3082, 469, 587
3083, 661, 949
3084, 256, 267
3085, 845, 857
3086, 185, 714
3087, 156, 322
3088, 485, 540
3089, 171, 861
3090, 491, 691
3091, 846, 927
3092, 727, 942
3093, 446, 852
3094, 164, 234
3095, 468, 499
3096, 11, 492
3097, 843, 961
3098, 209, 705
3099, 316, 490
3100, 425, 643
3101, 187, 997
3102, 237, 344
3103, 478, 925
3104, 506, 615
3105, 272, 872
3106, 138, 303
3107, 474, 735
3108, 68, 75
3109, 563, 844
3110, 297, 383
3111, 505, 851
3112, 954, 967
3113, 371, 729
3114, 215, 433
3115, 129, 559
3116, 43, 271
3117, 150, 928
3118, 462, 537
3119, 588, 881
3120, 797, 941
3121, 509, 982
3122, 636, 715
3123, 637, 659
3124, 385, 856
3125, 67, 287
3126, 427, 771
3127, 732, 817
3128, 19, 388
3129, 30, 985
3130, 673, 966
3131, 224, 800
3132, 9, 483
3133, 141, 277
3134, 740, 988
3135, 116, 148
3136, 34, 157
3137, 288, 722
3138, 191, 564
3139, 776, 945
3140, 803, 991
3141, 178, 285
3142, 473, 986
3143, 370, 704
3144, 137, 904
3145, 432, 724
3146, 639, 755
3147, 47, 702
3148, 46, 681
3149, 456, 816
3150, 429, 630
3151, 323, 770
3152, 160, 351
3153, 568, 684
3154, 340, 553
3155, 527, 824
3156, 105, 247
3157, 667, 963
3158, 627, 871
3159, 225, 879
3160, 331, 855
3161, 44, 935
3162, 85, 741
3163, 61, 646
3164, 674, 784
3165, 548, 680
3166, 51, 423
3167, 263, 675
3168, 487, 827
3169, 440, 916
3170, 217, 275
3171, 57, 914
3172, 146, 161
3173, 756, 924
3174, 629, 781
3175, 739, 802
3176, 119, 302
3177, 365, 412
3178, 283, 572
3179, 252, 384
3180, 59, 114
3181, 49, 73
3182, 334, 445
3183, 95, 833
3184, 2, 500
3185, 525, 605
3186, 291, 978
3187, 325, 832
3188, 273, 908
3189, 230, 391
3190, 396, 821
3191, 361, 616
3192, 266, 822
3193, 409, 633
3194, 255, 455
3195, 32, 353
3196, 147, 454
3197, 196, 699
3198, 181, 571
3199, 33, 517
3200, 274, 780
3201, 204, 528
3202, 552, 748
3203, 515, 718
3204, 354, 937
3205, 89, 993
3206, 102, 570
3207, 416, 995
3208, 580, 792
3209, 337, 810
3210, 750, 752
3211, 195, 766
3212, 621, 677
3213, 7, 948
3214, 671, 682
3215, 313, 689
3216, 244, 842
3217, 534, 785
3218, 299, 946
3219, 143, 889
3220, 100, 343
3221, 76, 650
3222, 88, 695
3223, 347, 576
3224, 804, 893
3225, 359, 660
3226, 720, 793
3227, 117, 779
3228, 640, 666
3229, 309, 419
3230, 453, 466
3231, 198, 229
3232, 213, 249
3233, 262, 298
3234, 447, 577
3235, 317, 352
3236, 360, 625
3237, 18, 108
3238, 902, 994
3239, 50, 840
3240, 80, 977
3241, 882, 973
3242, 203, 312
3243, 38, 918
3244, 607, 984
3245, 422, 532
3246, 115, 418
3247, 31, 227
3248, 254, 910
3249, 529, 919
3250, 1, 211
3251, 349, 599
3252, 533, 731
3253, 402, 614
3254, 223, 762
3255, 597, 865
3256, 14, 295
3257, 711, 733
3258, 192, 670
3259, 250, 765
3260, 173, 452
3261, 23, 29
3262, 362, 679
3263, 168, 197
3264, 356, 944
3265, 96, 913
3266, 81, 864
3267, 165, 498
3268, 16, 25
3269, 549, 557
3270, 868, 877
3271, 367, 374
3272, 128, 166
3273, 400, 787
3274, 132, 470
3275, 184, 652
3276, 201, 654
3277, 897, 922
3278, 251, 717
3279, 235, 511
3280, 54, 522
3281, 65, 216
3282, 122, 725
3283, 64, 91
3284, 604, 815
3285, 125, 956
3286, 342, 757
3287, 135, 970
3288, 74, 989
3289, 745, 905
3290, 72, 180
3291, 37, 233
3292, 56, 222
3293, 645, 969
3294, 296, 683
3295, 305, 814
3296, 210, 421
3297, 358, 826
3298, 590, 830
3299, 92, 763
3300, 162, 668
3301, 314, 747
3302, 13, 878
3303, 426, 870
3304, 430, 583
3305, 555, 694
3306, 703, 975
3307, 200, 867
3308, 70, 228
3309, 182, 746
3310, 329, 726
3311, 507, 998
3312, 883, 951
3313, 366, 972
3314, 219, 518
3315, 28, 253
3316, 656, 849
3317, 172, 472
3318, 899, 929
3319, 205, 562
3320, 202, 896
3321, 193, 524
3322, 4, 243
3323, 413, 489
3324, 39, 932
3325, 786, 957
3326, 66, 790
3327, 179, 463
3328, 24, 712
3329, 276, 512
3330, 655, 716
3331, 127, 538
3332, 106, 602
3333, 212, 488
3334, 142, 981
3335, 206, 687
3336, 437, 917
3337, 112, 976
3338, 591, 837
3339, 126, 513
3340, 372, 971
3341, 618, 736
3342, 163, 449
3343, 377, 523
3344, 335, 434
3345, 619, 947
3346, 697, 911
3347, 281, 854
3348, 174, 710
3349, 586, 749
3350, 651, 753
3351, 574, 806
3352, 90, 835
3353, 547, 838
3354, 12, 380
3355, 268, 357
3356, 93, 364
3357, 58, 581
3358, 392, 595
3359, 42, 862
3360, 139, 199
3361, 443, 663
3362, 608, 874
3363, 218, 257
3364, 382, 622
3365, 239, 638
3366, 847, 875
3367, 79, 431
3368, 448, 723
3369, 603, 657
3370, 397, 484
3371, 170, 424
3372, 348, 886
3373, 594, 894
3374, 27, 858
3375, 701, 940
3376, 151, 311
3377, 86, 345
3378, 177, 579
3379, 123, 813
3380, 136, 769
3381, 596, 859
3382, 214, 530
3383, 10, 628
3384, 84, 378
3385, 458, 501
3386, 536, 812
3387, 45, 290
3388, 542, 759
3389, 761, 885
3390, 544, 869
3391, 83, 376
3392, 82, 395
3393, 118, 934
3394, 308, 778
3395, 516, 648
3396, 442, 634
3397, 310, 863
3398, 98, 282
3399, 459, 955
3400, 612, 912
3401, 236, 610
3402, 708, 936
3403, 368, 892
3404, 626, 888
3405, 387, 850
3406, 8, 280
3407, 326, 613
3408, 363, 818
3409, 144, 495
3410, 130, 829
3411, 406, 866
3412, 624, 987
3413, 480, 825
3414, 585, 601
3415, 36, 764
3416, 461, 686
3417, 15, 693
3418, 279, 796
3419, 606, 891
3420, 20, 52
3421, 240, 307
3422, 207, 476
3423, 320, 561
3424, 183, 620
3425, 471, 550
3426, 521, 841
3427, 678, 983
3428, 373, 600
3429, 795, 999
3430, 241, 502
3431, 401, 464
3432, 460, 510
3433, 48, 890
3434, 190, 915
3435, 783, 907
3436, 519, 839
3437, 107, 900
3438, 131, 631
3439, 457, 734
3440, 258, 943
3441, 543, 738
3442, 641, 728
3443, 301, 774
3444, 338, 809
3445, 332, 355
3446, 573, 578
3447, 482, 801
3448, 220, 558
3449, 566, 789
3450, 772, 887
3451, 700, 788
3452, 336, 381
3453, 709, 760
3454, 113, 554
3455, 246, 589
3456, 5, 293
3457, 328, 876
3458, 441, 685
3459, 379, 909
3460, 226, 315
3461, 541, 567
3462, 278, 953
3463, 111, 149
3464, 103, 713
3465, 341, 938
3466, 286, 974
3467, 120, 369
3468, 265, 494
3469, 194, 248
3470, 575, 807
3471, 154, 730
3472, 319, 737
3473, 63, 923
3474, 375, 403
3475, 439, 593
3476, 78, 330
3477, 435, 777
3478, 94, 794
3479, 176, 450
3480, 475, 836
3481, 40, 545
3482, 97, 758
3483, 926, 939
3484, 598, 649
3485, 931, 968
3486, 775, 799
3487, 707, 880
3488, 238, 508
3489, 26, 744
3490, 6, 408
3491, 444, 632
3492, 393, 477
3493, 565, 920
3494, 292, 768
3495, 169, 486
3496, 231, 546
3497, 791, 962
3498, 110, 617
3499, 134, 798
3500, 390, 965
3501, 189, 417
3502, 492, 736
3503, 703, 915
3504, 627, 868
3505, 61, 683
3506, 252, 375
3507, 391, 801
3508, 437, 572
3509, 481, 640
3510, 377, 978
3511, 534, 889
3512, 406, 427
3513, 307, 820
3514, 27, 413
3515, 707, 811
3516, 411, 761
3517, 53, 605
3518, 436, 672
3519, 59, 468
3520, 496, 898
3521, 586, 840
3522, 91, 240
3523, 41, 943
3524, 114, 795
3525, 469, 555
3526, 218, 697
3527, 598, 817
3528, 678, 739
3529, 15, 569
3530, 39, 500
3531, 85, 156
3532, 157, 441
3533, 455, 821
3534, 530, 702
3535, 370, 766
3536, 122, 581
3537, 631, 643
3538, 106, 352
3539, 236, 288
3540, 151, 579
3541, 493, 997
3542, 71, 342
3543, 395, 649
3544, 290, 419
3545, 392, 619
3546, 284, 650
3547, 276, 383
3548, 98, 671
3549, 447, 767
3550, 180, 466
3551, 359, 467
3552, 83, 126
3553, 107, 800
3554, 652, 786
3555, 836, 989
3556, 374, 727
3557, 3, 45
3558, 89, 622
3559, 526, 558
3560, 62, 679
3561, 282, 846
3562, 233, 738
3563, 247, 680
3564, 118, 864
3565, 353, 440
3566, 235, 435
3567, 843, 849
3568, 557, 740
3569, 454, 732
3570, 657, 871
3571, 42, 958
3572, 55, 574
3573, 99, 323
3574, 246, 308
3575, 529, 987
3576, 232, 507
3577, 167, 793
3578, 155, 716
3579, 207, 638
3580, 254, 880
3581, 599, 788
3582, 363, 824
3583, 239, 369
3584, 144, 750
3585, 327, 423
3586, 173, 319
3587, 278, 906
3588, 100, 317
3589, 626, 934
3590, 65, 573
3591, 722, 907
3592, 20, 70
3593, 231, 999
3594, 895, 960
3595, 471, 908
3596, 482, 946
3597, 325, 401
3598, 190, 275
3599, 600, 780
3600, 518, 758
3601, 486, 630
3602, 166, 499
3603, 343, 646
3604, 256, 448
3605, 535, 825
3606, 228, 805
3607, 136, 458
3608, 48, 570
3609, 490, 929
3610, 562, 932
3611, 87, 514
3612, 577, 602
3613, 511, 845
3614, 591, 938
3615, 913, 970
3616, 127, 664
3617, 281, 560
3618, 109, 777
3619, 229, 942
3620, 768, 835
3621, 556, 655
3622, 5, 277
3623, 143, 590
3624, 420, 912
3625, 131, 146
3626, 429, 839
3627, 497, 863
3628, 545, 674
3629, 168, 293
3630, 358, 428
3631, 422, 473
3632, 120, 533
3633, 206, 387
3634, 43, 550
3635, 517, 669
3636, 283, 885
3637, 362, 537
3638, 267, 711
3639, 79, 955
3640, 637, 847
3641, 2, 911
3642, 776, 867
3643, 17, 632
3644, 116, 882
3645, 498, 653
3646, 47, 784
3647, 312, 941
3648, 209, 715
3649, 202, 489
3650, 604, 781
3651, 583, 994
3652, 379, 536
3653, 68, 285
3654, 554, 564
3655, 624, 708
3656, 197, 439
3657, 745, 841
3658, 382, 830
3659, 331, 431
3660, 771, 858
3661, 532, 844
3662, 787, 952
3663, 46, 965
3664, 378, 425
3665, 119, 145
3666, 687, 905
3667, 361, 887
3668, 67, 816
3669, 521, 977
3670, 334, 951
3671, 405, 566
3672, 355, 585
3673, 4, 693
3674, 86, 714
3675, 450, 992
3676, 95, 390
3677, 666, 828
3678, 765, 996
3679, 751, 862
3680, 191, 264
3681, 366, 729
3682, 286, 460
3683, 668, 891
3684, 667, 705
3685, 13, 121
3686, 90, 575
3687, 654, 748
3688, 244, 443
3689, 446, 561
3690, 104, 108
3691, 660, 823
3692, 398, 621
3693, 601, 983
3694, 459, 648
3695, 799, 967
3696, 8, 306
3697, 341, 609
3698, 161, 310
3699, 832, 852
3700, 465, 859
3701, 316, 451
3702, 388, 568
3703, 80, 110
3704, 77, 910
3705, 470, 546
3706, 163, 265
3707, 237, 988
3708, 453, 769
3709, 128, 257
3710, 523, 782
3711, 815, 872
3712, 204, 502
3713, 12, 345
3714, 21, 947
3715, 153, 884
3716, 675, 979
3717, 222, 410
3718, 338, 596
3719, 130, 920
3720, 364, 691
3721, 673, 995
3722, 376, 945
3723, 88, 464
3724, 117, 346
3725, 296, 300
3726, 159, 981
3727, 313, 510
3728, 339, 548
3729, 594, 796
3730, 295, 371
3731, 142, 939
3732, 385, 483
3733, 139, 215
3734, 294, 735
3735, 269, 812
3736, 152, 677
3737, 935, 963
3738, 472, 879
3739, 432, 559
3740, 135, 993
3741, 81, 659
3742, 30, 709
3743, 194, 373
3744, 528, 774
3745, 409, 764
3746, 304, 690
3747, 314, 684
3748, 760, 808
3749, 105, 193
3750, 274, 755
3751, 177, 381
3752, 414, 694
3753, 52, 399
3754, 51, 888
3755, 33, 819
3756, 263, 855
3757, 778, 797
3758, 513, 718
3759, 219, 919
3760, 928, 959
3761, 484, 541
3762, 268, 615
3763, 238, 909
3764, 31, 730
3765, 337, 628
3766, 138, 321
3767, 508, 826
3768, 273, 360
3769, 208, 893
3770, 169, 253
3771, 75, 896
3772, 93, 567
3773, 258, 833
3774, 354, 728
3775, 50, 315
3776, 681, 897
3777, 66, 625
3778, 509, 881
3779, 297, 356
3780, 78, 403
3781, 538, 901
3782, 195, 890
3783, 610, 972
3784, 149, 772
3785, 221, 430
3786, 82, 976
3787, 124, 696
3788, 512, 866
3789, 132, 368
3790, 329, 415
3791, 336, 506
3792, 123, 662
3793, 606, 763
3794, 174, 984
3795, 103, 442
3796, 347, 794
3797, 527, 783
3798, 305, 651
3799, 183, 753
3800, 328, 1000
3801, 164, 613
3802, 803, 968
3803, 175, 491
3804, 515, 899
3805, 593, 980
3806, 225, 975
3807, 213, 712
3808, 150, 717
3809, 162, 494
3810, 181, 865
3811, 35, 809
3812, 188, 775
3813, 112, 216
3814, 176, 182
3815, 9, 623
3816, 203, 248
3817, 60, 966
3818, 759, 773
3819, 171, 734
3820, 792, 969
3821, 270, 743
3822, 198, 779
3823, 69, 289
3824, 133, 272
3825, 616, 904
3826, 19, 894
3827, 40, 320
3828, 531, 926
3829, 72, 476
3830, 365, 725
3831, 914, 922
3832, 74, 474
3833, 211, 744
3834, 475, 542
3835, 11, 597
3836, 24, 723
3837, 14, 102
3838, 113, 656
3839, 28, 141
3840, 261, 543
3841, 733, 853
3842, 384, 916
3843, 271, 438
3844, 291, 634
3845, 309, 478
3846, 389, 434
3847, 954, 973
3848, 551, 874
3849, 903, 985
3850, 186, 851
3851, 7, 861
3852, 350, 918
3853, 34, 937
3854, 426, 552
3855, 544, 917
3856, 29, 223
3857, 129, 876
3858, 424, 807
3859, 214, 576
3860, 178, 974
3861, 372, 565
3862, 412, 700
3863, 393, 791
3864, 158, 386
3865, 614, 933
3866, 357, 663
3867, 251, 790
3868, 250, 762
3869, 449, 731
3870, 540, 834
3871, 279, 737
3872, 344, 488
3873, 38, 318
3874, 92, 165
3875, 245, 950
3876, 227, 991
3877, 407, 921
3878, 456, 462
3879, 170, 949
3880, 676, 741
3881, 212, 746
3882, 22, 134
3883, 588, 617
3884, 37, 641
3885, 553, 936
3886, 234, 930
3887, 461, 944
3888, 16, 444
3889, 298, 644
3890, 210, 802
3891, 520, 686
3892, 749, 813
3893, 612, 685
3894, 647, 870
3895, 172, 857
3896, 303, 752
3897, 224, 699
3898, 582, 636
3899, 196, 757
3900, 445, 875
3901, 260, 931
3902, 241, 953
3903, 199, 964
3904, 661, 689
3905, 349, 940
3906, 73, 549
3907, 49, 242
3908, 101, 713
3909, 516, 603
3910, 111, 956
3911, 698, 719
3912, 924, 982
3913, 380, 418
3914, 32, 96
3915, 137, 789
3916, 584, 658
3917, 56, 485
3918, 400, 900
3919, 670, 971
3920, 721, 742
3921, 335, 837
3922, 408, 822
3923, 184, 838
3924, 154, 292
3925, 704, 869
3926, 25, 754
3927, 814, 923
3928, 480, 962
3929, 185, 519
3930, 6, 64
3931, 1, 539
3932, 479, 990
3933, 140, 452
3934, 633, 642
3935, 340, 645
3936, 571, 925
3937, 695, 850
3938, 326, 883
3939, 504, 902
3940, 266, 302
3941, 125, 578
3942, 200, 827
3943, 495, 756
3944, 36, 877
3945, 311, 798
3946, 524, 639
3947, 179, 886
3948, 58, 301
3949, 367, 595
3950, 457, 710
3951, 187, 394
3952, 63, 416
3953, 255, 607
3954, 505, 611
3955, 503, 831
3956, 629, 878
3957, 147, 397
3958, 522, 587
3959, 94, 226
3960, 192, 810
3961, 44, 324
3962, 280, 330
3963, 262, 589
3964, 525, 692
3965, 84, 848
3966, 18, 856
3967, 635, 785
3968, 76, 854
3969, 402, 957
3970, 608, 720
3971, 23, 688
3972, 205, 547
3973, 620, 804
3974, 818, 961
3975, 287, 501
3976, 396, 421
3977, 57, 487
3978, 10, 842
3979, 351, 477
3980, 243, 404
3981, 829, 998
3982, 259, 948
3983, 160, 322
3984, 115, 148
3985, 618, 806
3986, 563, 726
3987, 299, 873
3988, 230, 580
3989, 592, 701
3990, 433, 682
3991, 217, 706
3992, 249, 332
3993, 348, 927
3994, 665, 986
3995, 201, 220
3996, 724, 860
3997, 54, 463
3998, 333, 770
3999, 97, 892
4000, 26, 747
