id, img1, img2
1, 96, 880
2, 392, 976
3, 275, 574
4, 207, 519
5, 496, 605
6, 326, 995
7, 295, 779
8, 734, 989
9, 277, 905
10, 48, 957
11, 709, 791
12, 360, 952
13, 640, 836
14, 740, 935
15, 212, 313
16, 120, 763
17, 751, 964
18, 203, 366
19, 639, 981
20, 477, 615
21, 365, 696
22, 106, 693
23, 30, 367
24, 16, 937
25, 297, 961
26, 585, 831
27, 182, 854
28, 739, 996
29, 123, 846
30, 401, 971
31, 291, 754
32, 238, 785
33, 195, 311
34, 462, 606
35, 234, 801
36, 290, 301
37, 229, 936
38, 259, 899
39, 797, 901
40, 167, 545
41, 219, 534
42, 789, 933
43, 504, 604
44, 583, 823
45, 7, 26
46, 44, 721
47, 41, 452
48, 56, 873
49, 69, 728
50, 199, 738
51, 236, 582
52, 403, 546
53, 126, 331
54, 156, 767
55, 90, 408
56, 775, 987
57, 465, 985
58, 15, 208
59, 457, 670
60, 327, 638
61, 335, 384
62, 309, 912
63, 189, 680
64, 310, 888
65, 142, 346
66, 448, 798
67, 8, 458
68, 51, 939
69, 260, 941
70, 486, 555
71, 841, 900
72, 456, 711
73, 25, 968
74, 91, 595
75, 379, 992
76, 113, 710
77, 134, 166
78, 50, 304
79, 322, 540
80, 159, 495
81, 750, 970
82, 247, 429
83, 148, 590
84, 887, 978
85, 264, 954
86, 176, 780
87, 316, 523
88, 278, 449
89, 49, 67
90, 361, 656
91, 707, 749
92, 52, 835
93, 283, 793
94, 223, 676
95, 149, 524
96, 177, 814
97, 371, 929
98, 12, 685
99, 99, 774
100, 434, 438
101, 241, 786
102, 341, 529
103, 22, 915
104, 332, 886
105, 270, 792
106, 217, 453
107, 349, 818
108, 190, 603
109, 125, 385
110, 470, 918
111, 820, 923
112, 146, 663
113, 274, 559
114, 689, 856
115, 752, 815
116, 947, 969
117, 40, 45
118, 348, 507
119, 586, 951
120, 374, 977
121, 425, 911
122, 563, 782
123, 432, 636
124, 251, 397
125, 298, 675
126, 63, 972
127, 115, 812
128, 411, 986
129, 766, 894
130, 722, 882
131, 368, 949
132, 315, 323
133, 244, 455
134, 17, 682
135, 141, 904
136, 623, 892
137, 333, 466
138, 133, 589
139, 205, 557
140, 170, 222
141, 184, 509
142, 273, 380
143, 139, 339
144, 282, 396
145, 576, 997
146, 140, 185
147, 243, 321
148, 307, 547
149, 164, 859
150, 484, 811
151, 257, 618
152, 501, 564
153, 4, 648
154, 497, 694
155, 82, 647
156, 24, 858
157, 407, 664
158, 79, 143
159, 572, 679
160, 294, 621
161, 188, 389
162, 5, 688
163, 637, 715
164, 35, 677
165, 224, 556
166, 622, 691
167, 32, 984
168, 387, 701
169, 255, 802
170, 162, 593
171, 840, 943
172, 433, 567
173, 252, 565
174, 808, 813
175, 413, 613
176, 62, 963
177, 443, 573
178, 460, 474
179, 440, 476
180, 415, 454
181, 130, 561
182, 464, 661
183, 194, 706
184, 228, 537
185, 19, 171
186, 482, 653
187, 74, 527
188, 390, 503
189, 330, 616
190, 292, 610
191, 562, 617
192, 683, 730
193, 357, 512
194, 112, 364
195, 196, 261
196, 206, 762
197, 103, 612
198, 314, 441
199, 643, 975
200, 539, 665
201, 54, 211
202, 288, 692
203, 902, 982
204, 14, 299
205, 158, 552
206, 655, 991
207, 320, 575
208, 93, 528
209, 285, 406
210, 293, 629
211, 29, 826
212, 66, 703
213, 53, 137
214, 198, 891
215, 481, 649
216, 163, 542
217, 169, 352
218, 242, 650
219, 104, 864
220, 37, 514
221, 73, 620
222, 319, 940
223, 20, 654
224, 135, 262
225, 31, 697
226, 147, 726
227, 446, 635
228, 634, 660
229, 87, 549
230, 201, 553
231, 230, 906
232, 27, 116
233, 483, 608
234, 804, 942
235, 232, 718
236, 550, 626
237, 599, 724
238, 571, 704
239, 153, 913
240, 681, 860
241, 266, 444
242, 810, 965
243, 350, 516
244, 329, 999
245, 959, 979
246, 85, 157
247, 88, 669
248, 375, 646
249, 128, 742
250, 105, 667
251, 324, 926
252, 213, 386
253, 43, 122
254, 168, 587
255, 33, 451
256, 265, 962
257, 362, 600
258, 59, 517
259, 369, 627
260, 871, 973
261, 235, 498
262, 289, 666
263, 848, 998
264, 58, 877
265, 83, 807
266, 60, 551
267, 250, 404
268, 431, 878
269, 351, 777
270, 210, 245
271, 57, 800
272, 359, 659
273, 642, 819
274, 714, 803
275, 286, 417
276, 138, 723
277, 287, 631
278, 121, 609
279, 678, 922
280, 580, 863
281, 101, 372
282, 398, 955
283, 944, 983
284, 318, 383
285, 2, 173
286, 305, 633
287, 280, 597
288, 200, 226
289, 581, 925
290, 436, 850
291, 755, 839
292, 77, 764
293, 748, 761
294, 100, 197
295, 684, 934
296, 842, 908
297, 209, 731
298, 699, 853
299, 410, 472
300, 61, 172
301, 187, 338
302, 437, 554
303, 532, 805
304, 391, 423
305, 843, 857
306, 76, 215
307, 342, 776
308, 108, 505
309, 382, 578
310, 588, 611
311, 347, 990
312, 720, 851
313, 641, 729
314, 619, 849
315, 179, 508
316, 796, 874
317, 161, 596
318, 72, 118
319, 303, 419
320, 445, 787
321, 535, 872
322, 538, 799
323, 328, 727
324, 487, 920
325, 733, 924
326, 34, 960
327, 175, 735
328, 353, 671
329, 876, 945
330, 778, 919
331, 525, 652
332, 447, 746
333, 416, 459
334, 435, 702
335, 399, 625
336, 23, 478
337, 109, 628
338, 110, 708
339, 373, 513
340, 343, 852
341, 531, 845
342, 231, 439
343, 601, 747
344, 192, 602
345, 10, 86
346, 560, 630
347, 598, 833
348, 381, 651
349, 412, 548
350, 180, 772
351, 216, 657
352, 68, 402
353, 632, 725
354, 344, 584
355, 409, 817
356, 55, 518
357, 317, 744
358, 337, 526
359, 732, 930
360, 821, 967
361, 473, 917
362, 450, 771
363, 181, 485
364, 154, 869
365, 6, 988
366, 102, 418
367, 421, 493
368, 268, 281
369, 422, 827
370, 11, 806
371, 370, 544
372, 183, 948
373, 760, 879
374, 98, 325
375, 3, 38
376, 296, 816
377, 533, 927
378, 687, 756
379, 312, 974
380, 114, 520
381, 263, 543
382, 193, 334
383, 890, 910
384, 426, 768
385, 119, 129
386, 442, 862
387, 838, 909
388, 132, 358
389, 430, 844
390, 97, 895
391, 39, 834
392, 494, 765
393, 145, 253
394, 150, 673
395, 144, 506
396, 502, 717
397, 355, 931
398, 395, 515
399, 377, 758
400, 662, 829
401, 308, 897
402, 363, 883
403, 13, 271
404, 788, 946
405, 376, 569
406, 690, 921
407, 672, 783
408, 160, 279
409, 340, 658
410, 591, 966
411, 267, 668
412, 594, 1000
413, 151, 713
414, 18, 124
415, 276, 737
416, 510, 824
417, 522, 736
418, 388, 511
419, 469, 830
420, 745, 865
421, 248, 254
422, 490, 541
423, 269, 916
424, 420, 568
425, 479, 993
426, 227, 246
427, 463, 492
428, 42, 214
429, 174, 345
430, 356, 467
431, 1, 300
432, 256, 424
433, 614, 809
434, 65, 499
435, 428, 898
436, 28, 837
437, 414, 579
438, 233, 471
439, 475, 866
440, 46, 889
441, 89, 753
442, 284, 881
443, 427, 719
444, 71, 870
445, 202, 488
446, 394, 461
447, 249, 306
448, 577, 953
449, 741, 980
450, 92, 117
451, 47, 566
452, 220, 530
453, 336, 769
454, 536, 956
455, 107, 794
456, 705, 958
457, 84, 896
458, 784, 855
459, 624, 743
460, 521, 932
461, 884, 907
462, 36, 914
463, 773, 828
464, 500, 825
465, 686, 695
466, 468, 893
467, 832, 994
468, 186, 354
469, 868, 875
470, 822, 867
471, 491, 700
472, 75, 928
473, 378, 393
474, 80, 757
475, 111, 558
476, 218, 770
477, 70, 152
478, 131, 847
479, 674, 698
480, 136, 480
481, 191, 221
482, 9, 94
483, 302, 644
484, 95, 759
485, 64, 225
486, 489, 903
487, 607, 938
488, 405, 950
489, 155, 400
490, 78, 712
491, 781, 861
492, 790, 795
493, 237, 240
494, 204, 592
495, 127, 178
496, 165, 885
497, 258, 716
498, 21, 272
499, 239, 645
500, 81, 570
501, 133, 324
502, 282, 699
503, 327, 607
504, 654, 827
505, 809, 995
506, 54, 623
507, 642, 645
508, 451, 951
509, 367, 930
510, 450, 557
511, 479, 678
512, 71, 350
513, 694, 806
514, 106, 774
515, 402, 546
516, 260, 724
517, 168, 252
518, 155, 663
519, 92, 940
520, 637, 948
521, 494, 715
522, 363, 768
523, 722, 808
524, 310, 799
525, 154, 243
526, 383, 987
527, 107, 574
528, 306, 907
529, 608, 877
530, 1, 52
531, 114, 190
532, 64, 581
533, 903, 978
534, 221, 373
535, 307, 984
536, 481, 781
537, 215, 219
538, 349, 950
539, 429, 747
540, 172, 841
541, 335, 590
542, 26, 245
543, 242, 817
544, 369, 697
545, 684, 944
546, 362, 897
547, 37, 836
548, 191, 976
549, 101, 565
550, 685, 828
551, 182, 299
552, 50, 389
553, 31, 723
554, 576, 904
555, 277, 922
556, 62, 76
557, 156, 411
558, 985, 990
559, 197, 508
560, 276, 354
561, 97, 686
562, 400, 582
563, 226, 819
564, 338, 439
565, 603, 653
566, 60, 844
567, 421, 555
568, 120, 851
569, 592, 881
570, 459, 580
571, 123, 996
572, 662, 702
573, 548, 878
574, 39, 630
575, 514, 728
576, 810, 847
577, 78, 311
578, 309, 679
579, 13, 194
580, 384, 921
581, 501, 778
582, 744, 901
583, 342, 850
584, 72, 209
585, 177, 769
586, 75, 733
587, 162, 953
588, 27, 714
589, 469, 540
590, 84, 272
591, 83, 842
592, 65, 493
593, 264, 284
594, 210, 347
595, 610, 700
596, 553, 767
597, 315, 521
598, 233, 428
599, 109, 432
600, 41, 538
601, 504, 691
602, 36, 526
603, 820, 886
604, 748, 790
605, 644, 750
606, 544, 638
607, 871, 931
608, 225, 615
609, 248, 868
610, 442, 915
611, 117, 784
612, 943, 945
613, 236, 882
614, 25, 102
615, 708, 726
616, 255, 420
617, 99, 788
618, 616, 879
619, 298, 524
620, 515, 602
621, 424, 889
622, 171, 980
623, 48, 566
624, 587, 854
625, 170, 437
626, 23, 713
627, 839, 973
628, 146, 757
629, 68, 230
630, 766, 869
631, 174, 855
632, 70, 165
633, 184, 372
634, 21, 547
635, 61, 860
636, 811, 859
637, 323, 560
638, 3, 807
639, 216, 244
640, 337, 863
641, 665, 982
642, 669, 742
643, 251, 853
644, 419, 673
645, 591, 704
646, 175, 292
647, 42, 103
648, 160, 478
649, 626, 655
650, 954, 972
651, 505, 561
652, 534, 825
653, 445, 618
654, 275, 441
655, 134, 206
656, 423, 670
657, 477, 597
658, 425, 551
659, 682, 999
660, 522, 595
661, 231, 770
662, 73, 456
663, 183, 786
664, 218, 624
665, 466, 594
666, 140, 837
667, 141, 675
668, 17, 531
669, 254, 727
670, 51, 840
671, 395, 418
672, 379, 510
673, 126, 593
674, 283, 918
675, 110, 449
676, 55, 361
677, 520, 572
678, 676, 822
679, 336, 989
680, 461, 824
681, 185, 739
682, 455, 460
683, 471, 874
684, 932, 997
685, 758, 947
686, 353, 386
687, 497, 636
688, 28, 153
689, 894, 911
690, 711, 848
691, 657, 862
692, 5, 639
693, 359, 453
694, 40, 223
695, 56, 345
696, 381, 696
697, 813, 826
698, 2, 143
699, 303, 480
700, 413, 692
701, 666, 937
702, 301, 537
703, 433, 952
704, 320, 754
705, 302, 390
706, 228, 689
707, 503, 707
708, 792, 914
709, 237, 321
710, 718, 815
711, 319, 660
712, 81, 293
713, 181, 772
714, 151, 196
715, 496, 568
716, 86, 992
717, 79, 873
718, 24, 611
719, 180, 599
720, 787, 942
721, 680, 861
722, 668, 935
723, 613, 659
724, 6, 527
725, 246, 756
726, 202, 267
727, 755, 958
728, 577, 998
729, 492, 832
730, 16, 263
731, 440, 910
732, 543, 835
733, 394, 486
734, 317, 343
735, 632, 875
736, 59, 895
737, 545, 740
738, 465, 605
739, 376, 898
740, 380, 634
741, 116, 876
742, 640, 759
743, 145, 205
744, 274, 961
745, 93, 926
746, 132, 729
747, 398, 409
748, 329, 396
749, 35, 214
750, 730, 798
751, 856, 936
752, 213, 426
753, 179, 518
754, 741, 957
755, 541, 661
756, 399, 913
757, 436, 902
758, 334, 656
759, 427, 941
760, 604, 849
761, 240, 719
762, 633, 959
763, 550, 801
764, 410, 833
765, 137, 803
766, 800, 917
767, 300, 736
768, 892, 900
769, 152, 348
770, 405, 968
771, 487, 563
772, 127, 485
773, 749, 955
774, 743, 843
775, 238, 622
776, 289, 919
777, 266, 472
778, 118, 516
779, 203, 818
780, 316, 340
781, 519, 823
782, 273, 511
783, 4, 169
784, 18, 974
785, 11, 404
786, 291, 677
787, 385, 447
788, 535, 816
789, 96, 831
790, 142, 416
791, 82, 201
792, 188, 506
793, 438, 1000
794, 370, 838
795, 356, 482
796, 224, 893
797, 305, 360
798, 716, 967
799, 187, 397
800, 773, 867
801, 7, 884
802, 69, 916
803, 322, 621
804, 584, 864
805, 227, 470
806, 45, 567
807, 212, 525
808, 763, 934
809, 796, 965
810, 586, 775
811, 34, 247
812, 124, 129
813, 278, 600
814, 193, 195
815, 290, 539
816, 417, 649
817, 371, 938
818, 74, 90
819, 476, 782
820, 147, 288
821, 159, 333
822, 355, 646
823, 578, 845
824, 332, 929
825, 596, 614
826, 58, 222
827, 681, 761
828, 211, 507
829, 112, 192
830, 286, 687
831, 495, 923
832, 435, 870
833, 57, 960
834, 382, 408
835, 513, 780
836, 9, 857
837, 458, 734
838, 88, 688
839, 164, 908
840, 391, 500
841, 44, 905
842, 148, 558
843, 77, 797
844, 32, 444
845, 717, 794
846, 802, 812
847, 149, 776
848, 80, 157
849, 554, 933
850, 63, 725
851, 235, 983
852, 352, 701
853, 138, 760
854, 415, 562
855, 198, 344
856, 250, 745
857, 10, 364
858, 108, 721
859, 98, 991
860, 122, 257
861, 366, 928
862, 268, 280
863, 325, 488
864, 346, 377
865, 468, 490
866, 220, 601
867, 15, 368
868, 542, 964
869, 136, 872
870, 20, 672
871, 446, 683
872, 259, 977
873, 285, 528
874, 279, 571
875, 491, 589
876, 648, 674
877, 753, 885
878, 627, 720
879, 87, 536
880, 200, 318
881, 789, 888
882, 326, 569
883, 287, 556
884, 956, 970
885, 422, 737
886, 199, 617
887, 296, 963
888, 552, 625
889, 189, 906
890, 705, 925
891, 128, 328
892, 339, 731
893, 378, 588
894, 570, 647
895, 374, 462
896, 269, 331
897, 271, 598
898, 144, 357
899, 30, 909
900, 105, 765
901, 483, 609
902, 253, 732
903, 53, 738
904, 43, 887
905, 229, 804
906, 100, 241
907, 22, 706
908, 173, 783
909, 652, 866
910, 509, 583
911, 281, 751
912, 434, 585
913, 651, 712
914, 764, 865
915, 208, 375
916, 258, 693
917, 564, 988
918, 104, 412
919, 579, 830
920, 49, 176
921, 821, 971
922, 297, 791
923, 94, 261
924, 532, 899
925, 265, 846
926, 365, 387
927, 351, 939
928, 204, 388
929, 762, 924
930, 559, 695
931, 502, 912
932, 256, 628
933, 131, 489
934, 150, 777
935, 91, 631
936, 330, 735
937, 443, 969
938, 33, 620
939, 517, 896
940, 629, 710
941, 403, 457
942, 270, 779
943, 158, 473
944, 166, 805
945, 67, 795
946, 12, 14
947, 658, 709
948, 498, 949
949, 46, 612
950, 454, 467
951, 19, 667
952, 512, 529
953, 125, 249
954, 119, 484
955, 430, 475
956, 814, 829
957, 530, 771
958, 130, 341
959, 401, 890
960, 852, 979
961, 533, 575
962, 262, 703
963, 115, 752
964, 448, 573
965, 308, 464
966, 406, 641
967, 161, 966
968, 474, 793
969, 523, 549
970, 698, 891
971, 85, 452
972, 38, 167
973, 664, 785
974, 392, 499
975, 207, 313
976, 217, 834
977, 232, 858
978, 139, 393
979, 746, 962
980, 29, 619
981, 407, 880
982, 111, 314
983, 66, 994
984, 135, 312
985, 606, 650
986, 643, 927
987, 95, 414
988, 431, 883
989, 981, 986
990, 294, 671
991, 234, 304
992, 178, 920
993, 295, 635
994, 121, 975
995, 690, 946
996, 8, 163
997, 239, 463
998, 113, 993
999, 89, 358
1000, 47, 186
1001, 759, 927
1002, 204, 280
1003, 274, 852
1004, 178, 585
1005, 120, 182
1006, 51, 218
1007, 194, 393
1008, 9, 552
1009, 433, 575
1010, 445, 883
1011, 593, 726
1012, 479, 535
1013, 367, 646
1014, 143, 758
1015, 327, 929
1016, 604, 931
1017, 284, 940
1018, 446, 835
1019, 240, 833
1020, 362, 735
1021, 262, 698
1022, 691, 947
1023, 430, 695
1024, 212, 399
1025, 481, 544
1026, 571, 968
1027, 322, 681
1028, 377, 705
1029, 621, 637
1030, 478, 587
1031, 64, 662
1032, 198, 766
1033, 94, 611
1034, 260, 828
1035, 543, 913
1036, 29, 364
1037, 42, 515
1038, 283, 524
1039, 497, 658
1040, 35, 376
1041, 287, 898
1042, 54, 648
1043, 583, 863
1044, 230, 807
1045, 62, 379
1046, 666, 738
1047, 296, 678
1048, 837, 891
1049, 434, 808
1050, 565, 803
1051, 179, 432
1052, 973, 994
1053, 566, 989
1054, 770, 777
1055, 354, 988
1056, 528, 633
1057, 219, 942
1058, 370, 755
1059, 612, 829
1060, 411, 996
1061, 682, 934
1062, 161, 632
1063, 857, 914
1064, 82, 594
1065, 675, 718
1066, 201, 747
1067, 415, 676
1068, 440, 453
1069, 693, 871
1070, 154, 708
1071, 360, 804
1072, 468, 873
1073, 506, 933
1074, 427, 707
1075, 448, 492
1076, 16, 877
1077, 498, 799
1078, 532, 736
1079, 231, 358
1080, 57, 671
1081, 357, 937
1082, 369, 424
1083, 119, 305
1084, 145, 563
1085, 176, 902
1086, 615, 616
1087, 326, 954
1088, 245, 854
1089, 98, 885
1090, 246, 628
1091, 43, 782
1092, 26, 918
1093, 118, 332
1094, 255, 339
1095, 809, 841
1096, 200, 998
1097, 375, 887
1098, 355, 388
1099, 484, 919
1100, 816, 952
1101, 236, 320
1102, 217, 892
1103, 418, 864
1104, 568, 700
1105, 107, 626
1106, 401, 643
1107, 572, 910
1108, 460, 471
1109, 403, 441
1110, 477, 908
1111, 630, 745
1112, 36, 921
1113, 170, 396
1114, 366, 384
1115, 4, 993
1116, 19, 235
1117, 518, 727
1118, 232, 347
1119, 76, 668
1120, 38, 793
1121, 786, 971
1122, 63, 640
1123, 324, 884
1124, 275, 501
1125, 117, 860
1126, 34, 266
1127, 199, 984
1128, 536, 805
1129, 187, 254
1130, 493, 669
1131, 683, 802
1132, 329, 974
1133, 20, 839
1134, 349, 684
1135, 270, 315
1136, 787, 870
1137, 580, 912
1138, 104, 859
1139, 576, 926
1140, 359, 751
1141, 381, 868
1142, 378, 409
1143, 127, 716
1144, 450, 538
1145, 45, 896
1146, 400, 930
1147, 337, 686
1148, 132, 175
1149, 102, 574
1150, 512, 624
1151, 208, 614
1152, 128, 920
1153, 317, 607
1154, 298, 845
1155, 496, 667
1156, 112, 734
1157, 95, 308
1158, 763, 772
1159, 74, 86
1160, 421, 467
1161, 227, 848
1162, 292, 990
1163, 588, 712
1164, 40, 534
1165, 44, 901
1166, 53, 706
1167, 163, 503
1168, 166, 696
1169, 443, 657
1170, 488, 495
1171, 299, 595
1172, 73, 775
1173, 263, 897
1174, 688, 773
1175, 111, 811
1176, 15, 596
1177, 318, 911
1178, 32, 972
1179, 253, 562
1180, 297, 499
1181, 599, 659
1182, 439, 530
1183, 113, 824
1184, 11, 649
1185, 459, 564
1186, 222, 619
1187, 560, 780
1188, 391, 455
1189, 85, 689
1190, 221, 834
1191, 56, 59
1192, 66, 822
1193, 785, 800
1194, 694, 981
1195, 24, 423
1196, 760, 866
1197, 603, 826
1198, 449, 625
1199, 158, 672
1200, 613, 821
1201, 131, 197
1202, 397, 963
1203, 14, 336
1204, 69, 715
1205, 39, 880
1206, 394, 867
1207, 248, 310
1208, 181, 489
1209, 491, 936
1210, 215, 223
1211, 549, 890
1212, 168, 428
1213, 84, 511
1214, 52, 335
1215, 28, 334
1216, 923, 950
1217, 677, 904
1218, 251, 618
1219, 371, 986
1220, 37, 548
1221, 521, 769
1222, 99, 555
1223, 50, 58
1224, 363, 416
1225, 55, 410
1226, 525, 589
1227, 18, 49
1228, 150, 547
1229, 96, 352
1230, 23, 417
1231, 602, 813
1232, 202, 975
1233, 174, 656
1234, 31, 517
1235, 185, 475
1236, 5, 722
1237, 144, 356
1238, 243, 420
1239, 392, 406
1240, 146, 452
1241, 584, 752
1242, 101, 748
1243, 634, 907
1244, 636, 876
1245, 172, 623
1246, 601, 737
1247, 592, 779
1248, 407, 741
1249, 247, 321
1250, 190, 895
1251, 874, 899
1252, 239, 545
1253, 138, 795
1254, 464, 647
1255, 130, 193
1256, 207, 723
1257, 244, 465
1258, 744, 961
1259, 1, 605
1260, 13, 699
1261, 382, 461
1262, 173, 209
1263, 579, 642
1264, 61, 652
1265, 311, 953
1266, 25, 159
1267, 115, 872
1268, 522, 932
1269, 342, 380
1270, 653, 796
1271, 8, 313
1272, 728, 957
1273, 554, 862
1274, 368, 719
1275, 229, 462
1276, 513, 889
1277, 167, 935
1278, 271, 938
1279, 220, 733
1280, 374, 875
1281, 600, 827
1282, 474, 553
1283, 67, 122
1284, 21, 812
1285, 405, 581
1286, 404, 701
1287, 389, 641
1288, 75, 767
1289, 97, 888
1290, 351, 557
1291, 60, 483
1292, 92, 756
1293, 153, 302
1294, 278, 293
1295, 341, 386
1296, 622, 838
1297, 328, 948
1298, 346, 991
1299, 789, 881
1300, 520, 869
1301, 129, 408
1302, 183, 790
1303, 147, 160
1304, 490, 559
1305, 385, 959
1306, 210, 928
1307, 216, 856
1308, 783, 886
1309, 108, 609
1310, 294, 570
1311, 141, 679
1312, 79, 542
1313, 527, 1000
1314, 519, 842
1315, 713, 830
1316, 237, 390
1317, 472, 740
1318, 456, 702
1319, 687, 977
1320, 844, 906
1321, 140, 711
1322, 442, 692
1323, 7, 893
1324, 412, 915
1325, 832, 941
1326, 233, 729
1327, 134, 905
1328, 225, 710
1329, 258, 749
1330, 186, 249
1331, 343, 469
1332, 697, 956
1333, 121, 124
1334, 523, 943
1335, 90, 214
1336, 238, 815
1337, 91, 958
1338, 89, 500
1339, 72, 155
1340, 269, 431
1341, 853, 946
1342, 569, 635
1343, 109, 561
1344, 114, 304
1345, 539, 680
1346, 100, 717
1347, 577, 742
1348, 340, 814
1349, 133, 180
1350, 282, 774
1351, 556, 882
1352, 922, 983
1353, 149, 316
1354, 71, 156
1355, 586, 964
1356, 303, 878
1357, 10, 781
1358, 211, 714
1359, 704, 916
1360, 925, 978
1361, 444, 663
1362, 413, 762
1363, 152, 778
1364, 962, 967
1365, 466, 526
1366, 295, 664
1367, 344, 438
1368, 70, 505
1369, 93, 426
1370, 273, 419
1371, 849, 858
1372, 398, 985
1373, 81, 164
1374, 192, 372
1375, 463, 825
1376, 110, 982
1377, 746, 792
1378, 123, 487
1379, 819, 850
1380, 806, 960
1381, 148, 851
1382, 105, 261
1383, 685, 709
1384, 2, 771
1385, 306, 502
1386, 537, 725
1387, 847, 945
1388, 88, 286
1389, 531, 865
1390, 12, 195
1391, 764, 817
1392, 279, 997
1393, 228, 361
1394, 184, 546
1395, 224, 939
1396, 731, 820
1397, 136, 703
1398, 162, 665
1399, 331, 761
1400, 196, 338
1401, 47, 794
1402, 540, 551
1403, 290, 451
1404, 46, 690
1405, 203, 670
1406, 242, 976
1407, 333, 606
1408, 754, 784
1409, 87, 103
1410, 435, 992
1411, 323, 482
1412, 485, 673
1413, 590, 750
1414, 578, 674
1415, 3, 165
1416, 425, 617
1417, 188, 300
1418, 22, 651
1419, 458, 660
1420, 205, 987
1421, 27, 661
1422, 125, 265
1423, 257, 402
1424, 259, 387
1425, 272, 846
1426, 507, 721
1427, 277, 855
1428, 591, 620
1429, 169, 281
1430, 213, 314
1431, 33, 177
1432, 309, 979
1433, 533, 840
1434, 429, 541
1435, 171, 823
1436, 250, 644
1437, 17, 900
1438, 573, 903
1439, 631, 831
1440, 30, 753
1441, 291, 514
1442, 77, 917
1443, 861, 924
1444, 157, 582
1445, 241, 650
1446, 288, 436
1447, 319, 447
1448, 350, 476
1449, 139, 608
1450, 510, 610
1451, 83, 256
1452, 301, 944
1453, 724, 788
1454, 504, 797
1455, 645, 654
1456, 289, 966
1457, 6, 383
1458, 757, 965
1459, 189, 969
1460, 191, 285
1461, 509, 768
1462, 151, 980
1463, 529, 791
1464, 41, 353
1465, 414, 909
1466, 264, 325
1467, 395, 732
1468, 80, 307
1469, 486, 765
1470, 629, 798
1471, 226, 951
1472, 48, 470
1473, 494, 730
1474, 639, 655
1475, 345, 365
1476, 106, 970
1477, 234, 312
1478, 78, 276
1479, 638, 999
1480, 843, 955
1481, 457, 879
1482, 598, 949
1483, 473, 627
1484, 508, 894
1485, 126, 516
1486, 137, 480
1487, 206, 720
1488, 142, 739
1489, 68, 597
1490, 65, 330
1491, 348, 567
1492, 437, 776
1493, 135, 422
1494, 267, 558
1495, 252, 550
1496, 818, 836
1497, 373, 995
1498, 454, 801
1499, 116, 743
1500, 268, 810
1501, 577, 844
1502, 419, 600
1503, 349, 581
1504, 226, 809
1505, 445, 522
1506, 210, 646
1507, 697, 803
1508, 243, 995
1509, 564, 597
1510, 102, 262
1511, 542, 715
1512, 599, 742
1513, 424, 907
1514, 156, 208
1515, 438, 485
1516, 733, 796
1517, 138, 393
1518, 466, 582
1519, 655, 741
1520, 347, 757
1521, 149, 441
1522, 355, 471
1523, 508, 723
1524, 268, 865
1525, 322, 339
1526, 568, 666
1527, 843, 930
1528, 290, 420
1529, 468, 473
1530, 513, 808
1531, 232, 319
1532, 460, 578
1533, 60, 853
1534, 108, 498
1535, 5, 64
1536, 673, 827
1537, 384, 657
1538, 33, 186
1539, 20, 502
1540, 659, 979
1541, 129, 637
1542, 3, 19
1543, 736, 869
1544, 222, 896
1545, 139, 904
1546, 968, 975
1547, 452, 793
1548, 51, 762
1549, 704, 837
1550, 53, 449
1551, 649, 713
1552, 15, 305
1553, 318, 412
1554, 743, 980
1555, 572, 929
1556, 265, 674
1557, 609, 813
1558, 130, 334
1559, 543, 660
1560, 78, 569
1561, 246, 692
1562, 688, 836
1563, 67, 209
1564, 105, 832
1565, 205, 717
1566, 220, 952
1567, 252, 454
1568, 425, 747
1569, 194, 480
1570, 7, 435
1571, 281, 716
1572, 346, 759
1573, 402, 476
1574, 16, 422
1575, 229, 820
1576, 161, 906
1577, 41, 444
1578, 101, 500
1579, 255, 806
1580, 203, 276
1581, 374, 662
1582, 234, 705
1583, 391, 540
1584, 417, 871
1585, 748, 854
1586, 585, 867
1587, 181, 531
1588, 136, 696
1589, 482, 874
1590, 434, 955
1591, 211, 515
1592, 13, 216
1593, 87, 376
1594, 91, 987
1595, 897, 923
1596, 191, 810
1597, 253, 584
1598, 125, 764
1599, 132, 629
1600, 890, 921
1601, 144, 814
1602, 603, 944
1603, 2, 295
1604, 147, 828
1605, 469, 880
1606, 29, 215
1607, 465, 642
1608, 361, 815
1609, 200, 228
1610, 218, 511
1611, 317, 571
1612, 92, 920
1613, 99, 884
1614, 292, 970
1615, 504, 631
1616, 558, 847
1617, 887, 937
1618, 4, 623
1619, 533, 947
1620, 353, 538
1621, 63, 354
1622, 786, 852
1623, 636, 706
1624, 224, 708
1625, 478, 940
1626, 475, 620
1627, 628, 768
1628, 385, 428
1629, 766, 956
1630, 426, 914
1631, 612, 669
1632, 917, 992
1633, 8, 134
1634, 529, 864
1635, 389, 470
1636, 71, 150
1637, 32, 325
1638, 912, 934
1639, 493, 788
1640, 330, 368
1641, 36, 46
1642, 160, 910
1643, 14, 163
1644, 288, 546
1645, 670, 761
1646, 756, 829
1647, 116, 795
1648, 951, 997
1649, 280, 614
1650, 154, 811
1651, 615, 866
1652, 464, 831
1653, 413, 487
1654, 217, 497
1655, 223, 826
1656, 107, 988
1657, 227, 889
1658, 158, 783
1659, 437, 850
1660, 382, 763
1661, 630, 787
1662, 1, 846
1663, 157, 492
1664, 113, 876
1665, 190, 664
1666, 549, 961
1667, 126, 714
1668, 734, 931
1669, 719, 842
1670, 712, 925
1671, 610, 800
1672, 195, 834
1673, 684, 933
1674, 671, 924
1675, 174, 849
1676, 179, 481
1677, 251, 315
1678, 379, 387
1679, 429, 744
1680, 562, 804
1681, 240, 964
1682, 638, 840
1683, 213, 954
1684, 117, 362
1685, 491, 972
1686, 86, 845
1687, 48, 494
1688, 324, 348
1689, 496, 751
1690, 47, 172
1691, 128, 586
1692, 277, 284
1693, 474, 698
1694, 639, 872
1695, 352, 993
1696, 182, 994
1697, 197, 950
1698, 821, 857
1699, 263, 918
1700, 427, 870
1701, 270, 621
1702, 34, 137
1703, 84, 990
1704, 198, 819
1705, 141, 677
1706, 167, 976
1707, 653, 738
1708, 31, 663
1709, 30, 868
1710, 499, 563
1711, 25, 792
1712, 85, 709
1713, 212, 544
1714, 185, 613
1715, 286, 722
1716, 17, 899
1717, 68, 602
1718, 59, 458
1719, 73, 974
1720, 731, 882
1721, 118, 745
1722, 56, 583
1723, 377, 463
1724, 381, 507
1725, 650, 922
1726, 364, 928
1727, 433, 902
1728, 93, 982
1729, 326, 440
1730, 221, 316
1731, 233, 323
1732, 97, 356
1733, 310, 338
1734, 81, 726
1735, 552, 555
1736, 430, 557
1737, 12, 780
1738, 142, 683
1739, 309, 737
1740, 648, 943
1741, 328, 772
1742, 521, 839
1743, 536, 892
1744, 264, 685
1745, 627, 645
1746, 115, 386
1747, 151, 611
1748, 545, 682
1749, 45, 357
1750, 369, 375
1751, 436, 794
1752, 69, 700
1753, 283, 909
1754, 40, 651
1755, 517, 981
1756, 6, 589
1757, 411, 654
1758, 23, 519
1759, 165, 341
1760, 400, 617
1761, 336, 342
1762, 418, 730
1763, 390, 442
1764, 777, 915
1765, 196, 863
1766, 366, 782
1767, 293, 908
1768, 168, 769
1769, 676, 963
1770, 261, 689
1771, 505, 619
1772, 622, 939
1773, 152, 178
1774, 894, 946
1775, 472, 883
1776, 37, 739
1777, 570, 926
1778, 296, 797
1779, 404, 514
1780, 135, 448
1781, 90, 550
1782, 43, 859
1783, 110, 503
1784, 306, 526
1785, 547, 601
1786, 122, 302
1787, 82, 860
1788, 114, 123
1789, 100, 818
1790, 516, 665
1791, 486, 729
1792, 332, 875
1793, 591, 701
1794, 913, 945
1795, 668, 978
1796, 72, 358
1797, 177, 239
1798, 539, 977
1799, 54, 938
1800, 52, 359
1801, 373, 607
1802, 371, 409
1803, 625, 879
1804, 541, 878
1805, 143, 634
1806, 162, 272
1807, 237, 343
1808, 112, 703
1809, 337, 450
1810, 423, 592
1811, 26, 641
1812, 62, 781
1813, 241, 835
1814, 183, 274
1815, 556, 775
1816, 560, 958
1817, 415, 693
1818, 509, 593
1819, 598, 932
1820, 235, 725
1821, 537, 707
1822, 80, 699
1823, 133, 140
1824, 702, 765
1825, 344, 365
1826, 258, 604
1827, 173, 675
1828, 320, 999
1829, 461, 891
1830, 432, 830
1831, 439, 680
1832, 691, 789
1833, 70, 799
1834, 520, 805
1835, 202, 394
1836, 966, 986
1837, 124, 311
1838, 551, 774
1839, 193, 595
1840, 307, 969
1841, 271, 301
1842, 291, 370
1843, 103, 822
1844, 39, 530
1845, 95, 679
1846, 467, 758
1847, 672, 740
1848, 74, 303
1849, 588, 998
1850, 406, 957
1851, 576, 667
1852, 88, 249
1853, 518, 616
1854, 640, 686
1855, 98, 490
1856, 184, 248
1857, 282, 351
1858, 119, 548
1859, 22, 919
1860, 153, 335
1861, 285, 861
1862, 801, 911
1863, 58, 561
1864, 111, 267
1865, 575, 989
1866, 484, 873
1867, 76, 678
1868, 596, 851
1869, 532, 790
1870, 304, 881
1871, 401, 447
1872, 266, 752
1873, 61, 79
1874, 106, 523
1875, 83, 329
1876, 877, 898
1877, 710, 746
1878, 862, 903
1879, 632, 773
1880, 720, 767
1881, 109, 380
1882, 658, 812
1883, 27, 479
1884, 778, 948
1885, 554, 825
1886, 260, 858
1887, 257, 776
1888, 188, 294
1889, 44, 996
1890, 350, 553
1891, 55, 727
1892, 313, 838
1893, 416, 833
1894, 298, 397
1895, 254, 721
1896, 21, 633
1897, 524, 580
1898, 66, 916
1899, 75, 242
1900, 225, 245
1901, 885, 941
1902, 204, 817
1903, 148, 695
1904, 159, 312
1905, 38, 388
1906, 207, 626
1907, 201, 754
1908, 127, 408
1909, 192, 256
1910, 755, 949
1911, 495, 785
1912, 35, 579
1913, 189, 750
1914, 644, 807
1915, 314, 942
1916, 219, 960
1917, 718, 901
1918, 421, 534
1919, 275, 991
1920, 65, 895
1921, 175, 363
1922, 771, 936
1923, 587, 732
1924, 236, 1000
1925, 848, 983
1926, 18, 652
1927, 96, 443
1928, 145, 643
1929, 299, 321
1930, 565, 608
1931, 340, 694
1932, 42, 300
1933, 327, 841
1934, 121, 170
1935, 278, 823
1936, 855, 985
1937, 367, 483
1938, 244, 567
1939, 187, 962
1940, 510, 724
1941, 269, 451
1942, 753, 959
1943, 378, 573
1944, 396, 574
1945, 333, 488
1946, 214, 967
1947, 399, 618
1948, 166, 770
1949, 501, 973
1950, 453, 856
1951, 9, 606
1952, 104, 247
1953, 594, 953
1954, 10, 927
1955, 131, 250
1956, 459, 527
1957, 273, 893
1958, 525, 971
1959, 462, 816
1960, 905, 935
1961, 403, 647
1962, 407, 965
1963, 155, 798
1964, 455, 728
1965, 711, 749
1966, 287, 457
1967, 395, 446
1968, 360, 506
1969, 456, 661
1970, 57, 405
1971, 11, 94
1972, 308, 760
1973, 414, 512
1974, 230, 410
1975, 24, 169
1976, 199, 681
1977, 398, 477
1978, 238, 802
1979, 49, 180
1980, 289, 984
1981, 176, 259
1982, 372, 559
1983, 656, 791
1984, 28, 279
1985, 164, 624
1986, 89, 489
1987, 735, 779
1988, 171, 824
1989, 77, 886
1990, 231, 392
1991, 120, 605
1992, 206, 635
1993, 50, 900
1994, 345, 566
1995, 590, 687
1996, 431, 535
1997, 383, 690
1998, 146, 888
1999, 297, 784
2000, 331, 528
2001, 223, 291
2002, 407, 529
2003, 257, 330
2004, 839, 903
2005, 600, 914
2006, 568, 602
2007, 686, 930
2008, 253, 857
2009, 184, 736
2010, 461, 654
2011, 837, 987
2012, 266, 647
2013, 205, 342
2014, 739, 833
2015, 117, 433
2016, 250, 775
2017, 479, 703
2018, 482, 678
2019, 176, 331
2020, 397, 439
2021, 382, 959
2022, 207, 287
2023, 360, 888
2024, 242, 437
2025, 503, 957
2026, 68, 575
2027, 10, 673
2028, 699, 838
2029, 18, 916
2030, 243, 972
2031, 47, 925
2032, 281, 332
2033, 77, 440
2034, 504, 591
2035, 871, 949
2036, 254, 829
2037, 58, 984
2038, 785, 845
2039, 271, 358
2040, 23, 714
2041, 599, 749
2042, 579, 973
2043, 533, 641
2044, 410, 715
2045, 378, 899
2046, 705, 805
2047, 708, 956
2048, 338, 965
2049, 236, 610
2050, 169, 492
2051, 41, 362
2052, 179, 404
2053, 687, 872
2054, 344, 960
2055, 43, 218
2056, 133, 220
2057, 571, 623
2058, 464, 938
2059, 541, 729
2060, 786, 933
2061, 73, 92
2062, 577, 848
2063, 445, 842
2064, 160, 737
2065, 188, 758
2066, 431, 469
2067, 586, 859
2068, 44, 640
2069, 148, 666
2070, 115, 858
2071, 55, 149
2072, 454, 893
2073, 83, 274
2074, 908, 947
2075, 38, 329
2076, 731, 744
2077, 210, 396
2078, 426, 880
2079, 725, 924
2080, 273, 918
2081, 50, 711
2082, 723, 821
2083, 677, 860
2084, 172, 477
2085, 261, 581
2086, 37, 608
2087, 519, 890
2088, 227, 875
2089, 327, 487
2090, 97, 733
2091, 123, 285
2092, 572, 820
2093, 95, 856
2094, 844, 884
2095, 226, 518
2096, 665, 698
2097, 86, 648
2098, 161, 551
2099, 630, 659
2100, 509, 886
2101, 312, 584
2102, 367, 409
2103, 33, 822
2104, 219, 354
2105, 217, 525
2106, 272, 554
2107, 263, 675
2108, 36, 202
2109, 742, 752
2110, 206, 606
2111, 265, 413
2112, 414, 812
2113, 652, 873
2114, 622, 747
2115, 490, 500
2116, 633, 761
2117, 852, 936
2118, 555, 745
2119, 447, 592
2120, 53, 724
2121, 576, 732
2122, 180, 359
2123, 455, 941
2124, 366, 979
2125, 221, 267
2126, 294, 697
2127, 672, 722
2128, 269, 317
2129, 145, 383
2130, 628, 826
2131, 279, 598
2132, 593, 945
2133, 240, 589
2134, 62, 301
2135, 834, 923
2136, 142, 768
2137, 562, 682
2138, 237, 245
2139, 316, 521
2140, 24, 91
2141, 49, 807
2142, 293, 651
2143, 419, 468
2144, 712, 784
2145, 140, 527
2146, 373, 484
2147, 131, 990
2148, 197, 967
2149, 150, 694
2150, 773, 882
2151, 32, 905
2152, 681, 876
2153, 110, 800
2154, 90, 881
2155, 183, 621
2156, 203, 671
2157, 186, 401
2158, 211, 481
2159, 619, 912
2160, 470, 915
2161, 391, 570
2162, 900, 999
2163, 538, 846
2164, 348, 573
2165, 238, 680
2166, 292, 313
2167, 143, 198
2168, 951, 971
2169, 642, 874
2170, 12, 564
2171, 7, 767
2172, 779, 867
2173, 336, 582
2174, 171, 483
2175, 52, 906
2176, 716, 897
2177, 118, 808
2178, 309, 522
2179, 765, 772
2180, 345, 474
2181, 276, 868
2182, 233, 836
2183, 493, 764
2184, 209, 346
2185, 3, 854
2186, 370, 532
2187, 151, 597
2188, 177, 340
2189, 40, 75
2190, 249, 506
2191, 406, 797
2192, 356, 644
2193, 87, 182
2194, 497, 970
2195, 763, 818
2196, 549, 625
2197, 124, 862
2198, 475, 550
2199, 191, 229
2200, 297, 913
2201, 166, 825
2202, 334, 609
2203, 126, 159
2204, 361, 505
2205, 849, 921
2206, 13, 661
2207, 498, 743
2208, 653, 753
2209, 799, 964
2210, 208, 420
2211, 436, 817
2212, 235, 318
2213, 146, 796
2214, 595, 830
2215, 11, 225
2216, 139, 892
2217, 449, 495
2218, 215, 847
2219, 61, 459
2220, 537, 704
2221, 540, 669
2222, 134, 815
2223, 458, 603
2224, 692, 824
2225, 668, 781
2226, 536, 831
2227, 601, 910
2228, 657, 746
2229, 8, 78
2230, 189, 547
2231, 127, 674
2232, 29, 119
2233, 320, 480
2234, 369, 377
2235, 517, 526
2236, 153, 246
2237, 244, 386
2238, 141, 982
2239, 355, 762
2240, 278, 485
2241, 702, 948
2242, 122, 300
2243, 696, 726
2244, 21, 558
2245, 465, 887
2246, 72, 193
2247, 48, 100
2248, 165, 456
2249, 34, 774
2250, 467, 974
2251, 85, 756
2252, 494, 557
2253, 212, 968
2254, 814, 850
2255, 806, 932
2256, 136, 969
2257, 268, 390
2258, 89, 451
2259, 94, 190
2260, 54, 811
2261, 335, 995
2262, 93, 585
2263, 399, 713
2264, 611, 929
2265, 51, 247
2266, 689, 792
2267, 381, 823
2268, 307, 983
2269, 63, 64
2270, 560, 760
2271, 109, 809
2272, 658, 685
2273, 282, 489
2274, 594, 878
2275, 82, 462
2276, 341, 402
2277, 108, 380
2278, 46, 544
2279, 17, 156
2280, 660, 920
2281, 372, 991
2282, 174, 328
2283, 638, 866
2284, 363, 740
2285, 14, 885
2286, 69, 162
2287, 684, 922
2288, 155, 667
2289, 4, 392
2290, 425, 780
2291, 323, 393
2292, 175, 902
2293, 750, 777
2294, 496, 580
2295, 587, 953
2296, 275, 695
2297, 534, 980
2298, 19, 664
2299, 286, 466
2300, 776, 895
2301, 299, 994
2302, 26, 107
2303, 239, 416
2304, 706, 927
2305, 74, 473
2306, 368, 683
2307, 574, 889
2308, 284, 379
2309, 258, 869
2310, 167, 403
2311, 79, 453
2312, 896, 901
2313, 241, 646
2314, 105, 926
2315, 446, 727
2316, 389, 996
2317, 613, 643
2318, 375, 405
2319, 147, 194
2320, 277, 794
2321, 352, 387
2322, 400, 676
2323, 463, 565
2324, 5, 357
2325, 311, 803
2326, 84, 204
2327, 288, 961
2328, 67, 81
2329, 112, 319
2330, 535, 632
2331, 545, 634
2332, 418, 476
2333, 59, 502
2334, 39, 569
2335, 394, 442
2336, 804, 828
2337, 260, 385
2338, 121, 757
2339, 138, 615
2340, 618, 851
2341, 728, 793
2342, 96, 612
2343, 181, 351
2344, 861, 985
2345, 629, 909
2346, 88, 975
2347, 759, 766
2348, 102, 232
2349, 879, 937
2350, 256, 423
2351, 755, 778
2352, 717, 735
2353, 56, 350
2354, 374, 917
2355, 701, 707
2356, 349, 931
2357, 230, 942
2358, 20, 883
2359, 443, 656
2360, 934, 989
2361, 326, 339
2362, 798, 894
2363, 514, 567
2364, 187, 988
2365, 408, 789
2366, 843, 864
2367, 295, 904
2368, 486, 907
2369, 542, 841
2370, 25, 129
2371, 152, 441
2372, 66, 364
2373, 178, 928
2374, 228, 314
2375, 231, 690
2376, 157, 614
2377, 552, 637
2378, 9, 719
2379, 80, 252
2380, 428, 639
2381, 113, 365
2382, 460, 520
2383, 132, 816
2384, 751, 992
2385, 192, 700
2386, 103, 865
2387, 325, 877
2388, 596, 813
2389, 170, 730
2390, 417, 840
2391, 438, 981
2392, 1, 898
2393, 213, 693
2394, 801, 853
2395, 802, 810
2396, 450, 782
2397, 76, 679
2398, 617, 998
2399, 224, 384
2400, 471, 499
2401, 168, 771
2402, 164, 636
2403, 280, 819
2404, 70, 283
2405, 561, 943
2406, 790, 986
2407, 321, 512
2408, 298, 911
2409, 296, 376
2410, 398, 721
2411, 57, 422
2412, 6, 604
2413, 516, 963
2414, 720, 769
2415, 663, 962
2416, 289, 783
2417, 795, 935
2418, 556, 688
2419, 270, 412
2420, 472, 754
2421, 770, 870
2422, 199, 427
2423, 264, 919
2424, 216, 248
2425, 302, 950
2426, 106, 185
2427, 65, 104
2428, 135, 891
2429, 788, 1000
2430, 195, 734
2431, 322, 787
2432, 200, 432
2433, 71, 452
2434, 101, 966
2435, 262, 709
2436, 154, 741
2437, 488, 546
2438, 559, 863
2439, 430, 662
2440, 28, 222
2441, 120, 251
2442, 670, 832
2443, 395, 511
2444, 627, 946
2445, 98, 620
2446, 308, 353
2447, 173, 528
2448, 315, 691
2449, 539, 645
2450, 421, 624
2451, 333, 958
2452, 337, 855
2453, 45, 507
2454, 457, 501
2455, 125, 616
2456, 15, 303
2457, 16, 306
2458, 578, 944
2459, 31, 940
2460, 631, 952
2461, 116, 993
2462, 60, 444
2463, 111, 543
2464, 144, 214
2465, 531, 605
2466, 388, 997
2467, 448, 524
2468, 434, 626
2469, 22, 305
2470, 371, 590
2471, 563, 977
2472, 738, 955
2473, 530, 566
2474, 158, 347
2475, 259, 791
2476, 99, 491
2477, 234, 310
2478, 304, 588
2479, 27, 435
2480, 827, 976
2481, 411, 583
2482, 710, 954
2483, 424, 718
2484, 2, 513
2485, 30, 324
2486, 35, 978
2487, 128, 201
2488, 137, 196
2489, 635, 649
2490, 42, 835
2491, 343, 515
2492, 290, 510
2493, 429, 548
2494, 607, 748
2495, 553, 650
2496, 508, 939
2497, 130, 655
2498, 415, 478
2499, 255, 523
2500, 114, 163
2501, 207, 615
2502, 479, 583
2503, 74, 552
2504, 844, 911
2505, 1, 655
2506, 397, 581
2507, 659, 865
2508, 70, 224
2509, 215, 580
2510, 582, 700
2511, 222, 636
2512, 423, 477
2513, 6, 180
2514, 94, 983
2515, 199, 622
2516, 40, 208
2517, 777, 939
2518, 427, 831
2519, 61, 244
2520, 252, 496
2521, 14, 146
2522, 280, 880
2523, 682, 775
2524, 218, 273
2525, 95, 270
2526, 43, 495
2527, 223, 656
2528, 21, 37
2529, 475, 557
2530, 451, 936
2531, 398, 514
2532, 289, 347
2533, 923, 946
2534, 29, 982
2535, 13, 250
2536, 196, 271
2537, 50, 747
2538, 161, 408
2539, 71, 633
2540, 528, 756
2541, 186, 845
2542, 53, 192
2543, 473, 598
2544, 369, 432
2545, 163, 349
2546, 88, 466
2547, 103, 295
2548, 232, 658
2549, 483, 744
2550, 555, 668
2551, 240, 885
2552, 65, 391
2553, 605, 680
2554, 155, 784
2555, 45, 778
2556, 238, 721
2557, 727, 973
2558, 100, 294
2559, 59, 246
2560, 11, 505
2561, 352, 916
2562, 210, 594
2563, 874, 988
2564, 278, 520
2565, 728, 750
2566, 404, 638
2567, 183, 442
2568, 422, 906
2569, 439, 723
2570, 228, 690
2571, 361, 840
2572, 463, 895
2573, 689, 961
2574, 330, 839
2575, 437, 539
2576, 516, 652
2577, 828, 937
2578, 346, 603
2579, 497, 951
2580, 90, 529
2581, 374, 537
2582, 291, 866
2583, 302, 635
2584, 621, 745
2585, 399, 726
2586, 27, 928
2587, 242, 619
2588, 106, 501
2589, 847, 992
2590, 754, 908
2591, 579, 759
2592, 675, 832
2593, 288, 711
2594, 531, 981
2595, 170, 197
2596, 382, 808
2597, 407, 813
2598, 384, 543
2599, 462, 823
2600, 311, 694
2601, 57, 58
2602, 203, 820
2603, 114, 419
2604, 559, 996
2605, 901, 977
2606, 148, 331
2607, 262, 859
2608, 324, 332
2609, 426, 550
2610, 769, 935
2611, 121, 368
2612, 285, 752
2613, 62, 63
2614, 173, 948
2615, 325, 802
2616, 51, 676
2617, 142, 379
2618, 274, 547
2619, 533, 900
2620, 108, 833
2621, 145, 490
2622, 101, 850
2623, 206, 663
2624, 60, 595
2625, 229, 661
2626, 47, 918
2627, 616, 825
2628, 748, 898
2629, 316, 972
2630, 177, 714
2631, 522, 966
2632, 3, 245
2633, 25, 604
2634, 716, 815
2635, 267, 402
2636, 35, 783
2637, 356, 949
2638, 157, 227
2639, 363, 481
2640, 380, 950
2641, 730, 835
2642, 144, 282
2643, 126, 639
2644, 31, 962
2645, 504, 562
2646, 156, 174
2647, 107, 153
2648, 68, 944
2649, 757, 818
2650, 137, 837
2651, 696, 749
2652, 546, 851
2653, 299, 785
2654, 225, 780
2655, 239, 688
2656, 154, 172
2657, 414, 829
2658, 525, 969
2659, 22, 931
2660, 355, 599
2661, 241, 296
2662, 105, 164
2663, 122, 913
2664, 259, 646
2665, 343, 425
2666, 193, 405
2667, 395, 925
2668, 318, 679
2669, 486, 964
2670, 134, 958
2671, 33, 596
2672, 211, 976
2673, 357, 448
2674, 732, 940
2675, 304, 591
2676, 305, 873
2677, 317, 893
2678, 611, 691
2679, 42, 341
2680, 521, 527
2681, 310, 627
2682, 169, 971
2683, 558, 980
2684, 235, 736
2685, 461, 995
2686, 511, 869
2687, 202, 338
2688, 565, 717
2689, 102, 500
2690, 409, 536
2691, 2, 556
2692, 567, 897
2693, 312, 618
2694, 515, 724
2695, 538, 561
2696, 799, 960
2697, 400, 796
2698, 185, 1000
2699, 327, 697
2700, 216, 608
2701, 910, 989
2702, 373, 712
2703, 219, 602
2704, 205, 963
2705, 644, 984
2706, 41, 888
2707, 115, 290
2708, 151, 467
2709, 150, 763
2710, 742, 797
2711, 440, 662
2712, 230, 678
2713, 669, 881
2714, 471, 922
2715, 165, 549
2716, 319, 782
2717, 217, 703
2718, 12, 96
2719, 138, 309
2720, 75, 226
2721, 85, 417
2722, 82, 364
2723, 19, 441
2724, 620, 706
2725, 7, 307
2726, 314, 812
2727, 734, 738
2728, 532, 667
2729, 345, 436
2730, 493, 609
2731, 388, 947
2732, 28, 623
2733, 410, 907
2734, 139, 909
2735, 237, 524
2736, 503, 554
2737, 590, 892
2738, 111, 824
2739, 36, 761
2740, 793, 970
2741, 934, 957
2742, 234, 392
2743, 260, 446
2744, 411, 670
2745, 429, 677
2746, 478, 585
2747, 109, 986
2748, 401, 843
2749, 281, 886
2750, 166, 715
2751, 24, 286
2752, 189, 741
2753, 468, 640
2754, 44, 191
2755, 737, 882
2756, 684, 760
2757, 269, 987
2758, 507, 647
2759, 79, 403
2760, 506, 751
2761, 120, 921
2762, 454, 863
2763, 350, 494
2764, 624, 665
2765, 17, 323
2766, 190, 841
2767, 98, 685
2768, 517, 625
2769, 321, 578
2770, 502, 954
2771, 710, 998
2772, 149, 695
2773, 201, 789
2774, 453, 842
2775, 89, 117
2776, 456, 614
2777, 613, 848
2778, 464, 566
2779, 76, 176
2780, 195, 243
2781, 534, 674
2782, 266, 513
2783, 385, 629
2784, 650, 800
2785, 512, 704
2786, 69, 416
2787, 588, 804
2788, 470, 933
2789, 127, 612
2790, 817, 912
2791, 631, 876
2792, 160, 686
2793, 167, 722
2794, 64, 66
2795, 292, 371
2796, 175, 884
2797, 370, 770
2798, 589, 795
2799, 394, 975
2800, 313, 692
2801, 771, 904
2802, 551, 574
2803, 10, 809
2804, 179, 601
2805, 38, 393
2806, 746, 879
2807, 73, 827
2808, 492, 509
2809, 786, 854
2810, 386, 396
2811, 610, 743
2812, 128, 838
2813, 444, 584
2814, 653, 959
2815, 306, 985
2816, 433, 903
2817, 544, 806
2818, 792, 915
2819, 856, 870
2820, 263, 641
2821, 171, 572
2822, 548, 953
2823, 702, 814
2824, 699, 709
2825, 52, 301
2826, 198, 952
2827, 617, 872
2828, 586, 764
2829, 72, 905
2830, 457, 587
2831, 272, 542
2832, 130, 277
2833, 293, 298
2834, 858, 993
2835, 387, 642
2836, 231, 377
2837, 200, 443
2838, 77, 979
2839, 707, 765
2840, 256, 927
2841, 378, 902
2842, 48, 560
2843, 366, 974
2844, 571, 718
2845, 334, 447
2846, 449, 530
2847, 34, 158
2848, 563, 889
2849, 683, 810
2850, 279, 849
2851, 247, 871
2852, 143, 768
2853, 18, 337
2854, 194, 254
2855, 287, 540
2856, 421, 430
2857, 469, 664
2858, 458, 772
2859, 482, 739
2860, 220, 510
2861, 484, 498
2862, 455, 519
2863, 91, 774
2864, 92, 570
2865, 465, 919
2866, 181, 693
2867, 322, 340
2868, 354, 637
2869, 236, 779
2870, 418, 632
2871, 855, 968
2872, 687, 740
2873, 359, 834
2874, 626, 883
2875, 104, 178
2876, 308, 941
2877, 159, 788
2878, 209, 460
2879, 87, 450
2880, 258, 781
2881, 365, 535
2882, 564, 930
2883, 326, 713
2884, 452, 593
2885, 4, 118
2886, 81, 184
2887, 248, 821
2888, 125, 428
2889, 255, 733
2890, 358, 445
2891, 265, 830
2892, 508, 762
2893, 162, 553
2894, 344, 459
2895, 30, 376
2896, 112, 648
2897, 23, 375
2898, 698, 867
2899, 360, 628
2900, 920, 938
2901, 212, 320
2902, 54, 575
2903, 660, 729
2904, 645, 791
2905, 488, 816
2906, 20, 86
2907, 80, 339
2908, 182, 526
2909, 860, 894
2910, 415, 836
2911, 39, 46
2912, 132, 389
2913, 413, 924
2914, 803, 997
2915, 8, 93
2916, 607, 720
2917, 136, 362
2918, 857, 875
2919, 67, 926
2920, 666, 681
2921, 147, 758
2922, 233, 351
2923, 9, 188
2924, 16, 994
2925, 801, 864
2926, 49, 251
2927, 671, 725
2928, 124, 434
2929, 887, 967
2930, 78, 807
2931, 55, 261
2932, 705, 890
2933, 32, 284
2934, 328, 929
2935, 168, 753
2936, 116, 956
2937, 335, 943
2938, 787, 805
2939, 367, 955
2940, 303, 877
2941, 438, 592
2942, 315, 755
2943, 110, 978
2944, 811, 826
2945, 97, 133
2946, 708, 731
2947, 5, 476
2948, 214, 336
2949, 135, 187
2950, 568, 868
2951, 822, 932
2952, 257, 965
2953, 480, 600
2954, 472, 489
2955, 84, 798
2956, 83, 123
2957, 794, 861
2958, 523, 649
2959, 672, 773
2960, 643, 766
2961, 268, 435
2962, 499, 767
2963, 372, 878
2964, 329, 383
2965, 474, 914
2966, 264, 606
2967, 487, 891
2968, 140, 573
2969, 420, 999
2970, 253, 275
2971, 119, 899
2972, 283, 431
2973, 276, 406
2974, 26, 213
2975, 333, 353
2976, 819, 852
2977, 577, 942
2978, 15, 424
2979, 152, 991
2980, 569, 862
2981, 129, 634
2982, 131, 204
2983, 56, 300
2984, 141, 381
2985, 673, 790
2986, 651, 735
2987, 630, 853
2988, 221, 990
2989, 342, 545
2990, 597, 945
2991, 412, 719
2992, 99, 576
2993, 390, 896
2994, 518, 776
2995, 491, 657
2996, 485, 701
2997, 654, 846
2998, 249, 348
2999, 113, 541
3000, 297, 917
3001, 322, 855
3002, 100, 986
3003, 384, 983
3004, 54, 202
3005, 807, 998
3006, 490, 864
3007, 349, 920
3008, 535, 982
3009, 335, 450
3010, 141, 976
3011, 81, 467
3012, 446, 478
3013, 400, 730
3014, 5, 405
3015, 74, 134
3016, 568, 934
3017, 704, 932
3018, 23, 989
3019, 471, 530
3020, 223, 876
3021, 443, 902
3022, 214, 544
3023, 210, 894
3024, 445, 697
3025, 615, 721
3026, 158, 272
3027, 236, 662
3028, 168, 758
3029, 243, 812
3030, 20, 759
3031, 352, 430
3032, 129, 862
3033, 96, 749
3034, 142, 235
3035, 40, 472
3036, 277, 975
3037, 7, 874
3038, 303, 504
3039, 391, 626
3040, 238, 495
3041, 325, 680
3042, 734, 769
3043, 755, 914
3044, 324, 702
3045, 32, 542
3046, 275, 562
3047, 9, 89
3048, 221, 350
3049, 434, 968
3050, 63, 541
3051, 395, 637
3052, 682, 880
3053, 122, 943
3054, 150, 681
3055, 82, 300
3056, 705, 751
3057, 264, 287
3058, 371, 840
3059, 361, 494
3060, 531, 752
3061, 166, 538
3062, 861, 879
3063, 16, 885
3064, 83, 578
3065, 169, 208
3066, 731, 739
3067, 77, 369
3068, 218, 257
3069, 108, 974
3070, 411, 834
3071, 298, 367
3072, 462, 524
3073, 8, 718
3074, 186, 205
3075, 707, 897
3076, 85, 908
3077, 209, 513
3078, 78, 821
3079, 863, 970
3080, 105, 818
3081, 826, 942
3082, 590, 720
3083, 207, 448
3084, 164, 770
3085, 29, 576
3086, 385, 569
3087, 659, 805
3088, 353, 357
3089, 608, 747
3090, 449, 773
3091, 722, 997
3092, 109, 845
3093, 433, 529
3094, 438, 546
3095, 155, 398
3096, 332, 432
3097, 563, 571
3098, 830, 869
3099, 111, 822
3100, 788, 944
3101, 71, 585
3102, 468, 603
3103, 157, 520
3104, 439, 567
3105, 309, 684
3106, 401, 514
3107, 733, 798
3108, 104, 638
3109, 66, 481
3110, 447, 954
3111, 170, 511
3112, 451, 964
3113, 507, 797
3114, 454, 837
3115, 37, 545
3116, 269, 809
3117, 288, 794
3118, 57, 765
3119, 36, 95
3120, 51, 232
3121, 34, 787
3122, 211, 402
3123, 162, 333
3124, 195, 224
3125, 3, 691
3126, 120, 313
3127, 52, 677
3128, 870, 984
3129, 760, 927
3130, 67, 701
3131, 196, 455
3132, 187, 381
3133, 117, 622
3134, 548, 630
3135, 72, 610
3136, 493, 865
3137, 18, 686
3138, 198, 673
3139, 436, 695
3140, 595, 620
3141, 370, 498
3142, 259, 315
3143, 485, 937
3144, 463, 708
3145, 304, 694
3146, 600, 922
3147, 905, 916
3148, 312, 933
3149, 772, 789
3150, 474, 628
3151, 244, 757
3152, 17, 634
3153, 282, 412
3154, 76, 328
3155, 138, 648
3156, 159, 706
3157, 151, 266
3158, 249, 311
3159, 92, 853
3160, 656, 846
3161, 792, 802
3162, 107, 980
3163, 713, 912
3164, 784, 988
3165, 125, 726
3166, 103, 317
3167, 145, 547
3168, 49, 891
3169, 13, 240
3170, 48, 803
3171, 852, 903
3172, 558, 566
3173, 177, 910
3174, 178, 625
3175, 396, 829
3176, 785, 993
3177, 360, 612
3178, 714, 924
3179, 114, 895
3180, 559, 841
3181, 441, 570
3182, 124, 994
3183, 306, 390
3184, 62, 256
3185, 21, 305
3186, 552, 592
3187, 265, 795
3188, 715, 987
3189, 41, 456
3190, 366, 641
3191, 284, 978
3192, 245, 521
3193, 185, 248
3194, 239, 738
3195, 655, 667
3196, 156, 947
3197, 418, 646
3198, 688, 793
3199, 128, 176
3200, 38, 711
3201, 334, 345
3202, 804, 890
3203, 179, 867
3204, 717, 843
3205, 347, 836
3206, 296, 854
3207, 383, 617
3208, 53, 336
3209, 286, 392
3210, 27, 753
3211, 73, 824
3212, 859, 904
3213, 377, 424
3214, 565, 652
3215, 119, 254
3216, 152, 939
3217, 886, 921
3218, 75, 913
3219, 110, 929
3220, 274, 365
3221, 457, 856
3222, 56, 148
3223, 87, 458
3224, 171, 977
3225, 183, 184
3226, 28, 643
3227, 653, 672
3228, 97, 577
3229, 670, 967
3230, 189, 501
3231, 200, 951
3232, 299, 518
3233, 307, 957
3234, 231, 900
3235, 247, 408
3236, 858, 991
3237, 373, 572
3238, 329, 778
3239, 523, 801
3240, 431, 995
3241, 808, 985
3242, 745, 949
3243, 522, 839
3244, 58, 884
3245, 180, 699
3246, 666, 764
3247, 584, 741
3248, 671, 831
3249, 153, 543
3250, 131, 817
3251, 31, 972
3252, 44, 428
3253, 413, 649
3254, 35, 533
3255, 549, 791
3256, 766, 935
3257, 379, 435
3258, 517, 959
3259, 294, 877
3260, 213, 748
3261, 497, 907
3262, 219, 233
3263, 225, 604
3264, 971, 973
3265, 24, 251
3266, 289, 419
3267, 215, 710
3268, 30, 414
3269, 310, 892
3270, 516, 866
3271, 118, 999
3272, 101, 756
3273, 173, 423
3274, 469, 639
3275, 19, 906
3276, 645, 813
3277, 39, 127
3278, 260, 635
3279, 123, 420
3280, 86, 106
3281, 692, 740
3282, 203, 763
3283, 93, 147
3284, 25, 689
3285, 679, 732
3286, 88, 461
3287, 627, 664
3288, 161, 486
3289, 488, 950
3290, 404, 719
3291, 143, 737
3292, 160, 743
3293, 609, 750
3294, 399, 487
3295, 50, 318
3296, 136, 437
3297, 888, 945
3298, 14, 368
3299, 112, 146
3300, 261, 389
3301, 55, 135
3302, 528, 815
3303, 440, 442
3304, 618, 946
3305, 246, 460
3306, 11, 776
3307, 330, 573
3308, 121, 675
3309, 508, 575
3310, 386, 427
3311, 557, 919
3312, 320, 849
3313, 193, 583
3314, 47, 354
3315, 10, 872
3316, 598, 725
3317, 685, 899
3318, 421, 503
3319, 597, 799
3320, 297, 940
3321, 796, 889
3322, 850, 917
3323, 827, 952
3324, 452, 786
3325, 537, 761
3326, 12, 931
3327, 167, 767
3328, 941, 948
3329, 137, 735
3330, 149, 676
3331, 15, 216
3332, 222, 512
3333, 276, 560
3334, 250, 851
3335, 344, 875
3336, 113, 343
3337, 192, 923
3338, 314, 397
3339, 375, 466
3340, 355, 616
3341, 382, 930
3342, 633, 768
3343, 126, 596
3344, 194, 536
3345, 668, 698
3346, 403, 515
3347, 556, 650
3348, 206, 873
3349, 363, 394
3350, 61, 444
3351, 878, 953
3352, 588, 896
3353, 589, 963
3354, 619, 727
3355, 409, 422
3356, 139, 938
3357, 359, 823
3358, 267, 550
3359, 59, 1000
3360, 540, 762
3361, 491, 716
3362, 346, 642
3363, 416, 838
3364, 496, 961
3365, 372, 657
3366, 780, 926
3367, 102, 893
3368, 327, 459
3369, 613, 781
3370, 263, 928
3371, 241, 607
3372, 90, 133
3373, 190, 599
3374, 253, 574
3375, 116, 582
3376, 736, 969
3377, 555, 777
3378, 291, 426
3379, 844, 925
3380, 624, 857
3381, 594, 660
3382, 64, 828
3383, 70, 502
3384, 228, 835
3385, 292, 484
3386, 605, 742
3387, 476, 847
3388, 79, 470
3389, 326, 611
3390, 204, 602
3391, 887, 992
3392, 587, 606
3393, 621, 882
3394, 339, 965
3395, 489, 687
3396, 80, 308
3397, 280, 510
3398, 579, 898
3399, 744, 819
3400, 316, 665
3401, 270, 532
3402, 407, 417
3403, 631, 724
3404, 674, 958
3405, 217, 696
3406, 60, 115
3407, 295, 323
3408, 527, 636
3409, 539, 564
3410, 172, 293
3411, 729, 881
3412, 285, 337
3413, 581, 860
3414, 281, 678
3415, 693, 783
3416, 199, 338
3417, 43, 188
3418, 165, 342
3419, 669, 911
3420, 640, 647
3421, 84, 683
3422, 227, 790
3423, 380, 956
3424, 473, 746
3425, 4, 242
3426, 130, 525
3427, 811, 966
3428, 388, 728
3429, 212, 234
3430, 526, 593
3431, 174, 723
3432, 68, 661
3433, 690, 832
3434, 6, 771
3435, 505, 644
3436, 614, 833
3437, 42, 500
3438, 321, 774
3439, 425, 429
3440, 376, 623
3441, 915, 990
3442, 252, 482
3443, 33, 351
3444, 69, 302
3445, 46, 258
3446, 22, 629
3447, 477, 658
3448, 230, 553
3449, 1, 519
3450, 191, 703
3451, 132, 273
3452, 175, 816
3453, 2, 144
3454, 181, 883
3455, 356, 453
3456, 479, 499
3457, 340, 806
3458, 98, 301
3459, 26, 319
3460, 65, 364
3461, 154, 290
3462, 197, 979
3463, 283, 551
3464, 220, 775
3465, 271, 393
3466, 406, 654
3467, 279, 901
3468, 237, 580
3469, 348, 871
3470, 868, 960
3471, 410, 465
3472, 94, 848
3473, 278, 506
3474, 483, 936
3475, 534, 955
3476, 99, 842
3477, 182, 782
3478, 561, 996
3479, 341, 374
3480, 464, 591
3481, 378, 509
3482, 140, 918
3483, 163, 268
3484, 800, 814
3485, 480, 651
3486, 226, 810
3487, 229, 601
3488, 331, 632
3489, 255, 586
3490, 262, 475
3491, 820, 909
3492, 387, 962
3493, 415, 712
3494, 362, 709
3495, 358, 700
3496, 91, 825
3497, 45, 663
3498, 201, 779
3499, 492, 981
3500, 554, 754
3501, 550, 945
3502, 240, 501
3503, 384, 703
3504, 377, 769
3505, 45, 107
3506, 245, 671
3507, 803, 978
3508, 329, 731
3509, 80, 918
3510, 271, 456
3511, 325, 773
3512, 562, 850
3513, 545, 594
3514, 120, 640
3515, 79, 642
3516, 623, 768
3517, 117, 726
3518, 707, 878
3519, 414, 454
3520, 295, 506
3521, 643, 814
3522, 452, 819
3523, 576, 791
3524, 13, 438
3525, 247, 555
3526, 91, 394
3527, 672, 743
3528, 300, 393
3529, 492, 652
3530, 158, 457
3531, 539, 752
3532, 827, 934
3533, 823, 1000
3534, 29, 402
3535, 405, 872
3536, 490, 847
3537, 24, 469
3538, 130, 985
3539, 471, 558
3540, 233, 478
3541, 232, 481
3542, 549, 645
3543, 256, 467
3544, 313, 395
3545, 187, 779
3546, 244, 561
3547, 748, 983
3548, 201, 510
3549, 922, 973
3550, 162, 542
3551, 136, 736
3552, 183, 982
3553, 98, 804
3554, 419, 958
3555, 474, 677
3556, 114, 667
3557, 306, 435
3558, 972, 989
3559, 647, 665
3560, 738, 979
3561, 365, 411
3562, 101, 563
3563, 1, 475
3564, 802, 866
3565, 90, 655
3566, 407, 751
3567, 141, 209
3568, 105, 770
3569, 568, 659
3570, 479, 798
3571, 96, 876
3572, 465, 557
3573, 448, 598
3574, 180, 735
3575, 312, 749
3576, 547, 933
3577, 504, 829
3578, 566, 756
3579, 390, 732
3580, 50, 690
3581, 118, 436
3582, 68, 242
3583, 582, 739
3584, 229, 900
3585, 53, 860
3586, 264, 336
3587, 152, 888
3588, 315, 496
3589, 56, 338
3590, 364, 896
3591, 581, 877
3592, 115, 885
3593, 42, 166
3594, 102, 192
3595, 185, 533
3596, 139, 380
3597, 554, 895
3598, 18, 161
3599, 865, 936
3600, 70, 763
3601, 58, 169
3602, 32, 270
3603, 488, 679
3604, 587, 729
3605, 595, 602
3606, 355, 637
3607, 348, 381
3608, 39, 889
3609, 403, 584
3610, 140, 833
3611, 35, 383
3612, 376, 571
3613, 420, 498
3614, 947, 998
3615, 112, 923
3616, 287, 622
3617, 543, 548
3618, 421, 919
3619, 14, 111
3620, 43, 212
3621, 303, 794
3622, 159, 917
3623, 59, 216
3624, 190, 600
3625, 182, 713
3626, 8, 288
3627, 360, 686
3628, 507, 567
3629, 526, 887
3630, 22, 578
3631, 199, 443
3632, 265, 880
3633, 434, 931
3634, 99, 191
3635, 757, 970
3636, 167, 445
3637, 210, 323
3638, 249, 430
3639, 505, 605
3640, 358, 391
3641, 64, 722
3642, 483, 990
3643, 193, 616
3644, 76, 700
3645, 28, 767
3646, 106, 368
3647, 774, 961
3648, 541, 741
3649, 269, 572
3650, 259, 737
3651, 328, 725
3652, 519, 520
3653, 678, 706
3654, 638, 771
3655, 69, 224
3656, 826, 975
3657, 721, 852
3658, 476, 653
3659, 326, 681
3660, 9, 799
3661, 113, 705
3662, 409, 790
3663, 4, 938
3664, 314, 710
3665, 228, 255
3666, 189, 754
3667, 367, 585
3668, 148, 816
3669, 55, 720
3670, 943, 949
3671, 268, 538
3672, 324, 708
3673, 428, 784
3674, 273, 330
3675, 389, 759
3676, 165, 491
3677, 57, 603
3678, 85, 988
3679, 778, 928
3680, 27, 625
3681, 583, 675
3682, 460, 551
3683, 499, 997
3684, 463, 959
3685, 831, 954
3686, 322, 834
3687, 82, 882
3688, 186, 503
3689, 7, 109
3690, 680, 883
3691, 125, 398
3692, 238, 702
3693, 455, 473
3694, 531, 892
3695, 100, 311
3696, 280, 651
3697, 16, 697
3698, 387, 617
3699, 61, 810
3700, 5, 701
3701, 137, 941
3702, 785, 805
3703, 188, 691
3704, 17, 966
3705, 897, 942
3706, 248, 449
3707, 200, 908
3708, 340, 446
3709, 214, 392
3710, 293, 375
3711, 362, 534
3712, 37, 868
3713, 730, 893
3714, 225, 569
3715, 156, 203
3716, 173, 416
3717, 88, 494
3718, 23, 660
3719, 62, 685
3720, 433, 999
3721, 252, 418
3722, 575, 789
3723, 734, 766
3724, 404, 891
3725, 282, 614
3726, 333, 378
3727, 511, 644
3728, 388, 648
3729, 272, 278
3730, 198, 632
3731, 257, 299
3732, 263, 913
3733, 396, 864
3734, 742, 822
3735, 63, 762
3736, 508, 514
3737, 284, 981
3738, 124, 422
3739, 95, 163
3740, 480, 612
3741, 869, 984
3742, 477, 948
3743, 544, 851
3744, 81, 319
3745, 177, 502
3746, 676, 857
3747, 279, 656
3748, 406, 843
3749, 809, 863
3750, 848, 974
3751, 838, 867
3752, 342, 669
3753, 66, 862
3754, 254, 824
3755, 274, 611
3756, 207, 758
3757, 123, 410
3758, 540, 777
3759, 468, 613
3760, 174, 327
3761, 251, 960
3762, 129, 590
3763, 151, 535
3764, 609, 629
3765, 291, 950
3766, 73, 87
3767, 197, 881
3768, 143, 987
3769, 195, 335
3770, 206, 399
3771, 51, 286
3772, 160, 400
3773, 121, 439
3774, 628, 940
3775, 94, 796
3776, 716, 832
3777, 907, 964
3778, 497, 812
3779, 48, 71
3780, 424, 761
3781, 305, 952
3782, 30, 261
3783, 310, 658
3784, 65, 122
3785, 19, 67
3786, 512, 693
3787, 401, 800
3788, 31, 696
3789, 147, 844
3790, 178, 301
3791, 218, 654
3792, 537, 589
3793, 6, 366
3794, 592, 807
3795, 529, 793
3796, 11, 688
3797, 38, 635
3798, 15, 874
3799, 221, 901
3800, 382, 904
3801, 486, 657
3802, 103, 727
3803, 92, 374
3804, 181, 308
3805, 462, 840
3806, 36, 334
3807, 146, 170
3808, 604, 621
3809, 72, 253
3810, 205, 353
3811, 83, 349
3812, 179, 321
3813, 86, 525
3814, 202, 341
3815, 559, 813
3816, 307, 836
3817, 417, 884
3818, 429, 615
3819, 10, 153
3820, 20, 993
3821, 787, 846
3822, 715, 717
3823, 219, 521
3824, 26, 580
3825, 636, 837
3826, 47, 709
3827, 236, 297
3828, 359, 835
3829, 472, 618
3830, 924, 929
3831, 352, 639
3832, 292, 332
3833, 119, 150
3834, 369, 412
3835, 596, 939
3836, 217, 965
3837, 317, 745
3838, 40, 131
3839, 54, 453
3840, 337, 408
3841, 127, 431
3842, 283, 620
3843, 33, 425
3844, 110, 275
3845, 157, 565
3846, 350, 780
3847, 828, 916
3848, 74, 432
3849, 630, 858
3850, 304, 856
3851, 361, 423
3852, 593, 932
3853, 281, 926
3854, 459, 509
3855, 357, 599
3856, 351, 937
3857, 208, 346
3858, 354, 995
3859, 21, 276
3860, 385, 886
3861, 516, 591
3862, 266, 560
3863, 171, 296
3864, 733, 921
3865, 145, 372
3866, 128, 442
3867, 194, 755
3868, 133, 530
3869, 164, 914
3870, 339, 451
3871, 149, 750
3872, 75, 764
3873, 379, 894
3874, 517, 841
3875, 740, 782
3876, 356, 915
3877, 331, 991
3878, 371, 489
3879, 230, 661
3880, 484, 718
3881, 184, 776
3882, 220, 222
3883, 801, 930
3884, 786, 811
3885, 320, 903
3886, 397, 719
3887, 574, 673
3888, 723, 944
3889, 925, 957
3890, 772, 861
3891, 556, 666
3892, 818, 980
3893, 528, 775
3894, 250, 650
3895, 290, 682
3896, 699, 962
3897, 97, 513
3898, 588, 781
3899, 25, 144
3900, 77, 552
3901, 447, 524
3902, 747, 906
3903, 564, 849
3904, 687, 692
3905, 196, 597
3906, 532, 870
3907, 546, 899
3908, 610, 976
3909, 155, 386
3910, 223, 441
3911, 132, 626
3912, 318, 695
3913, 211, 289
3914, 168, 470
3915, 60, 633
3916, 577, 783
3917, 485, 553
3918, 227, 285
3919, 302, 627
3920, 93, 464
3921, 134, 309
3922, 607, 820
3923, 49, 704
3924, 668, 875
3925, 437, 601
3926, 373, 971
3927, 765, 968
3928, 142, 890
3929, 262, 911
3930, 444, 515
3931, 237, 260
3932, 466, 927
3933, 345, 649
3934, 370, 670
3935, 215, 440
3936, 175, 724
3937, 78, 873
3938, 683, 956
3939, 267, 992
3940, 570, 728
3941, 500, 806
3942, 527, 608
3943, 662, 788
3944, 641, 879
3945, 461, 853
3946, 231, 996
3947, 298, 902
3948, 44, 912
3949, 606, 694
3950, 343, 619
3951, 482, 712
3952, 89, 495
3953, 663, 898
3954, 426, 746
3955, 815, 825
3956, 258, 450
3957, 294, 674
3958, 126, 631
3959, 427, 951
3960, 347, 953
3961, 235, 316
3962, 243, 689
3963, 12, 518
3964, 760, 854
3965, 154, 830
3966, 413, 792
3967, 573, 586
3968, 2, 458
3969, 116, 646
3970, 871, 969
3971, 821, 994
3972, 52, 624
3973, 34, 493
3974, 744, 909
3975, 172, 226
3976, 234, 536
3977, 523, 935
3978, 239, 277
3979, 213, 977
3980, 84, 487
3981, 344, 753
3982, 135, 138
3983, 104, 808
3984, 522, 684
3985, 46, 859
3986, 698, 714
3987, 3, 845
3988, 634, 946
3989, 795, 855
3990, 41, 415
3991, 204, 797
3992, 920, 967
3993, 579, 711
3994, 176, 905
3995, 246, 664
3996, 241, 955
3997, 108, 910
3998, 817, 842
3999, 363, 986
4000, 839, 963
