id, img1, img2
1, 131, 530
2, 88, 192
3, 123, 310
4, 307, 436
5, 320, 543
6, 14, 352
7, 429, 600
8, 282, 688
9, 202, 711
10, 565, 763
11, 2, 777
12, 533, 779
13, 291, 858
14, 255, 386
15, 285, 411
16, 235, 722
17, 372, 476
18, 371, 381
19, 799, 882
20, 415, 833
21, 90, 723
22, 959, 989
23, 473, 506
24, 849, 941
25, 176, 345
26, 161, 387
27, 631, 645
28, 554, 732
29, 384, 589
30, 441, 971
31, 755, 766
32, 273, 751
33, 241, 477
34, 136, 874
35, 48, 363
36, 259, 609
37, 217, 669
38, 264, 551
39, 100, 740
40, 148, 839
41, 79, 844
42, 231, 826
43, 34, 945
44, 87, 420
45, 165, 580
46, 379, 583
47, 493, 885
48, 360, 617
49, 475, 949
50, 675, 706
51, 770, 940
52, 272, 843
53, 800, 930
54, 820, 911
55, 298, 878
56, 421, 952
57, 362, 404
58, 106, 869
59, 679, 929
60, 632, 794
61, 391, 505
62, 197, 646
63, 257, 889
64, 149, 747
65, 78, 768
66, 212, 398
67, 578, 767
68, 226, 271
69, 424, 908
70, 116, 683
71, 124, 792
72, 121, 814
73, 72, 501
74, 103, 947
75, 74, 347
76, 512, 925
77, 369, 831
78, 182, 918
79, 440, 886
80, 357, 470
81, 405, 614
82, 118, 539
83, 385, 742
84, 120, 594
85, 167, 628
86, 784, 933
87, 41, 196
88, 150, 978
89, 80, 916
90, 283, 810
91, 322, 898
92, 194, 697
93, 113, 334
94, 83, 895
95, 435, 682
96, 489, 509
97, 245, 582
98, 318, 921
99, 482, 809
100, 96, 604
101, 455, 531
102, 25, 673
103, 519, 562
104, 62, 662
105, 590, 734
106, 333, 845
107, 33, 260
108, 432, 872
109, 710, 939
110, 478, 1000
111, 367, 456
112, 166, 191
113, 59, 348
114, 147, 566
115, 856, 862
116, 37, 373
117, 342, 521
118, 13, 950
119, 265, 825
120, 629, 984
121, 39, 220
122, 308, 996
123, 596, 607
124, 53, 224
125, 159, 812
126, 680, 758
127, 46, 401
128, 350, 797
129, 685, 957
130, 158, 888
131, 179, 764
132, 86, 965
133, 461, 474
134, 422, 993
135, 26, 671
136, 331, 691
137, 75, 829
138, 24, 418
139, 47, 514
140, 185, 502
141, 336, 552
142, 199, 748
143, 846, 854
144, 328, 341
145, 69, 344
146, 588, 955
147, 239, 584
148, 756, 762
149, 250, 903
150, 370, 393
151, 773, 991
152, 677, 999
153, 488, 848
154, 467, 811
155, 45, 986
156, 439, 515
157, 738, 968
158, 390, 659
159, 76, 213
160, 838, 901
161, 804, 891
162, 302, 902
163, 193, 276
164, 141, 538
165, 857, 871
166, 316, 670
167, 164, 571
168, 295, 746
169, 561, 656
170, 204, 719
171, 725, 730
172, 151, 397
173, 480, 861
174, 437, 667
175, 243, 866
176, 227, 932
177, 731, 887
178, 223, 664
179, 238, 572
180, 524, 652
181, 258, 294
182, 292, 395
183, 105, 612
184, 6, 203
185, 11, 622
186, 201, 303
187, 29, 633
188, 65, 465
189, 382, 708
190, 718, 769
191, 532, 893
192, 624, 944
193, 50, 643
194, 752, 907
195, 444, 513
196, 403, 832
197, 912, 946
198, 125, 132
199, 252, 982
200, 180, 425
201, 216, 549
202, 700, 776
203, 649, 863
204, 234, 528
205, 68, 735
206, 469, 676
207, 526, 954
208, 270, 361
209, 207, 412
210, 206, 464
211, 288, 850
212, 358, 736
213, 483, 610
214, 222, 301
215, 51, 771
216, 183, 508
217, 377, 557
218, 541, 836
219, 563, 956
220, 510, 781
221, 458, 665
222, 281, 286
223, 82, 627
224, 961, 973
225, 174, 876
226, 426, 818
227, 637, 935
228, 330, 608
229, 821, 953
230, 314, 892
231, 89, 928
232, 657, 803
233, 496, 715
234, 534, 694
235, 56, 787
236, 364, 915
237, 127, 686
238, 99, 875
239, 30, 195
240, 181, 801
241, 36, 576
242, 198, 279
243, 101, 630
244, 171, 511
245, 214, 828
246, 516, 780
247, 139, 448
248, 64, 687
249, 813, 827
250, 806, 934
251, 262, 661
252, 450, 976
253, 66, 721
254, 517, 550
255, 111, 666
256, 10, 160
257, 248, 457
258, 94, 337
259, 16, 428
260, 208, 970
261, 290, 910
262, 392, 877
263, 162, 727
264, 840, 943
265, 460, 951
266, 144, 236
267, 523, 920
268, 340, 980
269, 156, 376
270, 805, 867
271, 406, 739
272, 280, 796
273, 172, 900
274, 635, 816
275, 57, 520
276, 579, 909
277, 98, 355
278, 27, 852
279, 603, 639
280, 107, 359
281, 12, 546
282, 442, 564
283, 146, 175
284, 641, 948
285, 500, 817
286, 407, 964
287, 115, 128
288, 205, 503
289, 140, 689
290, 431, 860
291, 184, 244
292, 443, 559
293, 153, 570
294, 93, 275
295, 145, 625
296, 430, 823
297, 20, 492
298, 529, 737
299, 807, 899
300, 296, 864
301, 232, 447
302, 92, 842
303, 35, 788
304, 168, 268
305, 495, 636
306, 326, 684
307, 289, 621
308, 522, 890
309, 122, 880
310, 15, 713
311, 73, 881
312, 399, 819
313, 454, 468
314, 351, 717
315, 375, 924
316, 188, 237
317, 445, 975
318, 293, 702
319, 897, 923
320, 209, 229
321, 40, 154
322, 647, 653
323, 356, 703
324, 383, 602
325, 18, 847
326, 60, 681
327, 28, 228
328, 38, 545
329, 287, 741
330, 491, 726
331, 750, 894
332, 380, 815
333, 497, 859
334, 325, 339
335, 32, 834
336, 142, 210
337, 323, 824
338, 555, 640
339, 84, 261
340, 177, 759
341, 8, 919
342, 63, 605
343, 394, 988
344, 61, 400
345, 536, 904
346, 22, 587
347, 525, 556
348, 484, 613
349, 760, 884
350, 266, 994
351, 215, 332
352, 785, 883
353, 299, 573
354, 21, 527
355, 942, 995
356, 427, 537
357, 274, 423
358, 712, 753
359, 108, 378
360, 338, 481
361, 472, 931
362, 110, 927
363, 591, 783
364, 313, 499
365, 343, 772
366, 240, 618
367, 654, 868
368, 542, 835
369, 396, 830
370, 126, 221
371, 23, 104
372, 558, 716
373, 95, 696
374, 315, 616
375, 152, 585
376, 319, 707
377, 267, 651
378, 186, 586
379, 130, 452
380, 249, 598
381, 790, 958
382, 52, 693
383, 119, 540
384, 117, 451
385, 606, 620
386, 189, 668
387, 247, 678
388, 494, 774
389, 544, 795
390, 91, 789
391, 365, 650
392, 187, 300
393, 638, 922
394, 658, 870
395, 200, 419
396, 567, 966
397, 312, 462
398, 269, 692
399, 102, 914
400, 173, 277
401, 329, 346
402, 446, 595
403, 137, 317
404, 134, 230
405, 304, 967
406, 253, 786
407, 170, 485
408, 560, 761
409, 487, 998
410, 416, 433
411, 601, 720
412, 855, 865
413, 634, 724
414, 593, 626
415, 366, 798
416, 190, 754
417, 43, 822
418, 7, 972
419, 55, 979
420, 178, 997
421, 1, 306
422, 71, 757
423, 256, 778
424, 709, 963
425, 714, 974
426, 97, 938
427, 374, 987
428, 54, 744
429, 417, 672
430, 309, 324
431, 3, 793
432, 553, 937
433, 388, 568
434, 49, 837
435, 504, 663
436, 19, 577
437, 135, 321
438, 749, 917
439, 77, 402
440, 278, 518
441, 31, 985
442, 218, 569
443, 225, 913
444, 471, 660
445, 449, 992
446, 619, 981
447, 507, 623
448, 143, 962
449, 297, 548
450, 251, 743
451, 642, 644
452, 490, 896
453, 547, 729
454, 9, 733
455, 690, 782
456, 581, 701
457, 327, 575
458, 368, 574
459, 155, 655
460, 233, 705
461, 648, 873
462, 133, 936
463, 17, 960
464, 615, 841
465, 114, 354
466, 70, 695
467, 305, 353
468, 389, 535
469, 112, 453
470, 81, 85
471, 413, 808
472, 67, 728
473, 42, 219
474, 109, 349
475, 4, 157
476, 463, 905
477, 5, 408
478, 791, 879
479, 479, 851
480, 969, 977
481, 311, 599
482, 263, 674
483, 466, 592
484, 438, 698
485, 335, 498
486, 163, 704
487, 58, 410
488, 254, 745
489, 44, 765
490, 459, 983
491, 246, 486
492, 242, 775
493, 129, 434
494, 169, 211
495, 414, 853
496, 802, 906
497, 611, 990
498, 597, 926
499, 138, 699
500, 284, 409
501, 423, 526
502, 316, 576
503, 628, 975
504, 564, 860
505, 127, 862
506, 444, 849
507, 543, 837
508, 801, 968
509, 468, 589
510, 137, 769
511, 536, 747
512, 368, 901
513, 301, 665
514, 575, 980
515, 625, 998
516, 946, 966
517, 91, 204
518, 80, 976
519, 264, 446
520, 464, 602
521, 144, 528
522, 305, 789
523, 836, 940
524, 728, 907
525, 6, 593
526, 1, 884
527, 58, 135
528, 2, 354
529, 294, 456
530, 586, 749
531, 87, 436
532, 483, 992
533, 172, 352
534, 672, 806
535, 35, 61
536, 378, 724
537, 422, 697
538, 503, 634
539, 751, 993
540, 345, 500
541, 617, 984
542, 630, 654
543, 33, 725
544, 299, 682
545, 286, 898
546, 74, 522
547, 65, 553
548, 752, 802
549, 807, 885
550, 188, 876
551, 90, 225
552, 546, 600
553, 187, 953
554, 145, 729
555, 151, 386
556, 117, 512
557, 424, 719
558, 485, 853
559, 222, 972
560, 18, 808
561, 262, 756
562, 510, 800
563, 623, 854
564, 580, 766
565, 362, 931
566, 290, 529
567, 185, 687
568, 147, 799
569, 241, 337
570, 442, 772
571, 141, 961
572, 67, 886
573, 220, 385
574, 795, 809
575, 236, 775
576, 166, 298
577, 192, 539
578, 158, 515
579, 48, 211
580, 217, 246
581, 15, 813
582, 37, 104
583, 551, 734
584, 481, 631
585, 495, 930
586, 320, 325
587, 426, 942
588, 534, 963
589, 5, 348
590, 506, 650
591, 532, 555
592, 647, 845
593, 53, 937
594, 226, 459
595, 235, 914
596, 639, 977
597, 843, 896
598, 408, 662
599, 370, 736
600, 55, 778
601, 193, 375
602, 431, 514
603, 705, 741
604, 54, 131
605, 153, 350
606, 62, 567
607, 138, 308
608, 253, 389
609, 758, 762
610, 346, 356
611, 170, 563
612, 396, 674
613, 17, 658
614, 72, 148
615, 103, 163
616, 429, 771
617, 547, 879
618, 460, 603
619, 260, 271
620, 338, 832
621, 383, 544
622, 92, 892
623, 835, 952
624, 291, 313
625, 359, 594
626, 68, 490
627, 451, 455
628, 406, 478
629, 601, 699
630, 347, 834
631, 421, 708
632, 454, 700
633, 945, 959
634, 208, 670
635, 200, 991
636, 371, 838
637, 376, 788
638, 85, 101
639, 433, 651
640, 22, 721
641, 669, 934
642, 787, 967
643, 701, 883
644, 159, 737
645, 274, 989
646, 626, 851
647, 221, 540
648, 232, 920
649, 504, 842
650, 417, 420
651, 218, 259
652, 178, 678
653, 827, 962
654, 595, 912
655, 566, 660
656, 143, 675
657, 69, 608
658, 105, 440
659, 679, 688
660, 655, 908
661, 186, 302
662, 248, 673
663, 39, 251
664, 533, 745
665, 430, 447
666, 391, 783
667, 469, 645
668, 904, 926
669, 160, 947
670, 81, 909
671, 552, 621
672, 315, 627
673, 329, 395
674, 537, 573
675, 754, 915
676, 333, 542
677, 128, 360
678, 49, 924
679, 83, 948
680, 40, 182
681, 154, 867
682, 450, 797
683, 157, 659
684, 75, 677
685, 257, 473
686, 307, 622
687, 407, 744
688, 336, 881
689, 30, 786
690, 384, 502
691, 641, 656
692, 642, 951
693, 304, 680
694, 402, 457
695, 480, 585
696, 401, 640
697, 34, 550
698, 118, 216
699, 184, 462
700, 224, 690
701, 254, 394
702, 328, 636
703, 50, 684
704, 277, 988
705, 692, 740
706, 110, 694
707, 47, 599
708, 861, 880
709, 109, 300
710, 361, 763
711, 324, 619
712, 249, 535
713, 704, 814
714, 107, 425
715, 434, 781
716, 331, 579
717, 465, 768
718, 340, 355
719, 523, 616
720, 261, 557
721, 780, 964
722, 209, 393
723, 194, 748
724, 438, 776
725, 252, 950
726, 177, 410
727, 604, 985
728, 238, 609
729, 713, 716
730, 471, 882
731, 281, 311
732, 113, 917
733, 45, 445
734, 317, 499
735, 161, 250
736, 489, 812
737, 96, 590
738, 830, 897
739, 330, 466
740, 491, 831
741, 198, 518
742, 26, 568
743, 167, 921
744, 334, 902
745, 168, 475
746, 696, 798
747, 691, 723
748, 449, 486
749, 562, 956
750, 38, 711
751, 501, 927
752, 237, 841
753, 326, 531
754, 413, 498
755, 653, 839
756, 24, 709
757, 176, 929
758, 43, 527
759, 9, 695
760, 197, 995
761, 357, 676
762, 397, 949
763, 13, 671
764, 761, 859
765, 323, 870
766, 561, 583
767, 84, 916
768, 493, 829
769, 398, 857
770, 207, 353
771, 668, 981
772, 125, 712
773, 180, 509
774, 497, 894
775, 56, 939
776, 720, 738
777, 106, 243
778, 380, 922
779, 156, 210
780, 273, 978
781, 318, 448
782, 620, 796
783, 121, 928
784, 10, 223
785, 612, 760
786, 572, 759
787, 339, 610
788, 142, 470
789, 212, 815
790, 78, 974
791, 16, 846
792, 516, 986
793, 175, 710
794, 722, 822
795, 852, 994
796, 25, 519
797, 228, 443
798, 494, 810
799, 275, 541
800, 31, 173
801, 310, 597
802, 79, 818
803, 155, 889
804, 231, 649
805, 63, 891
806, 108, 584
807, 89, 574
808, 146, 487
809, 646, 935
810, 467, 970
811, 492, 570
812, 169, 404
813, 165, 242
814, 409, 683
815, 140, 782
816, 419, 965
817, 46, 606
818, 258, 548
819, 205, 739
820, 32, 134
821, 76, 520
822, 164, 790
823, 265, 828
824, 954, 997
825, 229, 327
826, 14, 569
827, 295, 587
828, 427, 792
829, 613, 746
830, 266, 785
831, 666, 730
832, 661, 840
833, 392, 521
834, 23, 505
835, 29, 877
836, 41, 592
837, 369, 899
838, 239, 479
839, 276, 341
840, 36, 219
841, 582, 648
842, 727, 819
843, 132, 390
844, 51, 234
845, 124, 358
846, 864, 906
847, 174, 689
848, 415, 702
849, 452, 844
850, 191, 463
851, 267, 969
852, 811, 875
853, 12, 93
854, 201, 458
855, 133, 388
856, 321, 717
857, 94, 960
858, 382, 941
859, 545, 764
860, 59, 957
861, 363, 365
862, 206, 874
863, 120, 560
864, 405, 596
865, 306, 732
866, 82, 284
867, 428, 858
868, 607, 910
869, 635, 878
870, 139, 863
871, 136, 588
872, 312, 577
873, 115, 578
874, 183, 374
875, 279, 280
876, 44, 123
877, 624, 913
878, 743, 1000
879, 351, 850
880, 773, 868
881, 8, 270
882, 496, 791
883, 130, 753
884, 784, 895
885, 272, 905
886, 11, 319
887, 152, 289
888, 731, 890
889, 86, 817
890, 973, 982
891, 377, 439
892, 581, 887
893, 268, 938
894, 343, 698
895, 195, 400
896, 64, 629
897, 171, 983
898, 283, 803
899, 381, 824
900, 215, 605
901, 213, 403
902, 364, 925
903, 227, 293
904, 476, 869
905, 538, 804
906, 233, 418
907, 57, 559
908, 95, 757
909, 903, 918
910, 598, 971
911, 214, 726
912, 303, 855
913, 482, 943
914, 565, 693
915, 3, 923
916, 240, 933
917, 27, 102
918, 19, 823
919, 322, 900
920, 556, 871
921, 116, 332
922, 373, 944
923, 335, 366
924, 256, 820
925, 707, 821
926, 664, 681
927, 4, 767
928, 618, 932
929, 21, 833
930, 297, 412
931, 70, 196
932, 100, 129
933, 517, 558
934, 112, 825
935, 591, 979
936, 255, 477
937, 644, 765
938, 416, 856
939, 638, 816
940, 66, 149
941, 637, 873
942, 111, 955
943, 20, 911
944, 263, 657
945, 372, 435
946, 245, 987
947, 288, 344
948, 643, 999
949, 60, 742
950, 88, 770
951, 282, 387
952, 126, 508
953, 244, 733
954, 888, 919
955, 278, 652
956, 511, 706
957, 750, 793
958, 663, 685
959, 524, 615
960, 667, 735
961, 98, 866
962, 611, 865
963, 52, 474
964, 7, 872
965, 150, 633
966, 461, 826
967, 703, 936
968, 190, 525
969, 632, 990
970, 453, 996
971, 122, 614
972, 314, 805
973, 349, 414
974, 203, 774
975, 488, 715
976, 269, 441
977, 179, 285
978, 755, 958
979, 292, 893
980, 28, 437
981, 71, 554
982, 230, 379
983, 399, 530
984, 507, 779
985, 77, 181
986, 189, 794
987, 202, 367
988, 97, 309
989, 99, 119
990, 42, 714
991, 484, 777
992, 73, 571
993, 199, 472
994, 162, 342
995, 411, 686
996, 287, 549
997, 114, 513
998, 847, 848
999, 296, 718
1000, 247, 432
1001, 380, 523
1002, 89, 959
1003, 118, 714
1004, 313, 411
1005, 62, 408
1006, 414, 510
1007, 204, 639
1008, 240, 513
1009, 933, 962
1010, 46, 776
1011, 171, 907
1012, 160, 719
1013, 140, 942
1014, 336, 584
1015, 880, 917
1016, 189, 709
1017, 324, 956
1018, 626, 928
1019, 169, 498
1020, 307, 418
1021, 322, 843
1022, 237, 309
1023, 583, 634
1024, 359, 820
1025, 514, 842
1026, 27, 200
1027, 3, 590
1028, 296, 364
1029, 476, 683
1030, 624, 631
1031, 235, 507
1032, 182, 627
1033, 527, 786
1034, 214, 729
1035, 369, 537
1036, 84, 365
1037, 363, 440
1038, 123, 718
1039, 417, 615
1040, 404, 840
1041, 107, 658
1042, 609, 621
1043, 117, 764
1044, 593, 672
1045, 186, 306
1046, 622, 984
1047, 493, 516
1048, 276, 600
1049, 66, 991
1050, 96, 398
1051, 231, 429
1052, 474, 479
1053, 14, 134
1054, 266, 439
1055, 93, 632
1056, 790, 914
1057, 75, 378
1058, 617, 705
1059, 468, 847
1060, 838, 906
1061, 40, 130
1062, 441, 952
1063, 64, 1000
1064, 706, 743
1065, 612, 698
1066, 22, 39
1067, 556, 908
1068, 270, 938
1069, 805, 940
1070, 268, 473
1071, 589, 657
1072, 370, 451
1073, 821, 895
1074, 768, 946
1075, 410, 525
1076, 88, 272
1077, 69, 835
1078, 654, 960
1079, 545, 881
1080, 406, 594
1081, 442, 948
1082, 165, 857
1083, 547, 597
1084, 651, 887
1085, 152, 375
1086, 342, 888
1087, 223, 452
1088, 522, 682
1089, 739, 878
1090, 337, 868
1091, 78, 630
1092, 47, 692
1093, 388, 579
1094, 139, 717
1095, 334, 352
1096, 105, 285
1097, 180, 221
1098, 625, 695
1099, 35, 542
1100, 38, 319
1101, 360, 403
1102, 521, 988
1103, 856, 999
1104, 505, 528
1105, 206, 899
1106, 781, 900
1107, 544, 752
1108, 628, 941
1109, 350, 670
1110, 297, 846
1111, 17, 648
1112, 424, 602
1113, 207, 568
1114, 137, 684
1115, 254, 660
1116, 423, 770
1117, 368, 436
1118, 608, 733
1119, 197, 807
1120, 228, 869
1121, 54, 133
1122, 346, 570
1123, 813, 974
1124, 458, 926
1125, 756, 815
1126, 308, 354
1127, 711, 930
1128, 290, 850
1129, 177, 666
1130, 329, 341
1131, 136, 184
1132, 407, 533
1133, 114, 665
1134, 420, 763
1135, 827, 970
1136, 269, 529
1137, 92, 484
1138, 399, 884
1139, 213, 707
1140, 300, 845
1141, 127, 397
1142, 26, 519
1143, 103, 250
1144, 153, 837
1145, 911, 968
1146, 571, 831
1147, 731, 841
1148, 246, 434
1149, 806, 916
1150, 784, 982
1151, 755, 980
1152, 722, 973
1153, 680, 762
1154, 110, 283
1155, 179, 448
1156, 391, 969
1157, 109, 870
1158, 355, 449
1159, 224, 587
1160, 351, 688
1161, 164, 287
1162, 886, 983
1163, 876, 939
1164, 409, 811
1165, 500, 954
1166, 335, 861
1167, 401, 724
1168, 86, 444
1169, 263, 560
1170, 219, 446
1171, 328, 395
1172, 70, 367
1173, 358, 614
1174, 604, 947
1175, 63, 819
1176, 315, 975
1177, 255, 859
1178, 478, 563
1179, 82, 872
1180, 226, 323
1181, 138, 932
1182, 607, 778
1183, 502, 829
1184, 697, 818
1185, 450, 508
1186, 4, 810
1187, 485, 732
1188, 60, 927
1189, 667, 964
1190, 774, 996
1191, 779, 981
1192, 379, 572
1193, 555, 580
1194, 655, 923
1195, 371, 647
1196, 459, 797
1197, 181, 345
1198, 245, 445
1199, 636, 925
1200, 573, 649
1201, 73, 242
1202, 377, 532
1203, 131, 943
1204, 128, 894
1205, 142, 389
1206, 243, 766
1207, 890, 951
1208, 141, 777
1209, 298, 348
1210, 758, 812
1211, 646, 785
1212, 879, 898
1213, 511, 623
1214, 278, 471
1215, 154, 173
1216, 45, 794
1217, 76, 635
1218, 677, 910
1219, 155, 753
1220, 659, 691
1221, 205, 553
1222, 472, 789
1223, 538, 936
1224, 385, 746
1225, 28, 457
1226, 361, 541
1227, 265, 524
1228, 5, 486
1229, 427, 616
1230, 55, 220
1231, 284, 989
1232, 151, 217
1233, 227, 836
1234, 381, 687
1235, 20, 902
1236, 492, 539
1237, 480, 603
1238, 694, 921
1239, 331, 854
1240, 72, 520
1241, 546, 613
1242, 499, 874
1243, 80, 431
1244, 126, 477
1245, 558, 971
1246, 466, 536
1247, 554, 848
1248, 483, 736
1249, 557, 834
1250, 526, 569
1251, 327, 344
1252, 249, 650
1253, 1, 661
1254, 174, 330
1255, 412, 534
1256, 233, 772
1257, 725, 839
1258, 453, 922
1259, 198, 761
1260, 759, 822
1261, 31, 833
1262, 256, 402
1263, 25, 788
1264, 422, 465
1265, 18, 535
1266, 353, 775
1267, 104, 885
1268, 742, 877
1269, 645, 652
1270, 432, 696
1271, 909, 929
1272, 115, 464
1273, 394, 803
1274, 34, 271
1275, 581, 913
1276, 430, 701
1277, 91, 601
1278, 702, 832
1279, 211, 577
1280, 578, 849
1281, 124, 897
1282, 260, 299
1283, 549, 896
1284, 58, 238
1285, 170, 918
1286, 293, 710
1287, 90, 356
1288, 494, 750
1289, 33, 715
1290, 61, 447
1291, 349, 686
1292, 247, 503
1293, 816, 934
1294, 212, 979
1295, 864, 998
1296, 48, 986
1297, 230, 490
1298, 119, 229
1299, 65, 668
1300, 81, 858
1301, 37, 495
1302, 455, 867
1303, 257, 366
1304, 749, 901
1305, 162, 644
1306, 463, 596
1307, 506, 548
1308, 108, 737
1309, 102, 325
1310, 145, 919
1311, 248, 314
1312, 208, 808
1313, 606, 748
1314, 517, 995
1315, 261, 873
1316, 112, 467
1317, 111, 215
1318, 396, 518
1319, 125, 393
1320, 32, 642
1321, 196, 339
1322, 68, 809
1323, 11, 905
1324, 633, 676
1325, 216, 920
1326, 530, 792
1327, 98, 405
1328, 9, 116
1329, 10, 713
1330, 619, 738
1331, 42, 202
1332, 279, 653
1333, 192, 704
1334, 618, 798
1335, 304, 435
1336, 178, 935
1337, 19, 183
1338, 148, 783
1339, 712, 826
1340, 264, 575
1341, 656, 852
1342, 59, 469
1343, 437, 945
1344, 29, 57
1345, 132, 853
1346, 253, 693
1347, 552, 699
1348, 175, 515
1349, 51, 723
1350, 924, 953
1351, 767, 801
1352, 241, 267
1353, 374, 551
1354, 760, 769
1355, 135, 828
1356, 12, 629
1357, 95, 802
1358, 678, 990
1359, 121, 782
1360, 765, 791
1361, 244, 482
1362, 456, 889
1363, 21, 161
1364, 291, 904
1365, 311, 675
1366, 99, 978
1367, 79, 582
1368, 159, 860
1369, 728, 757
1370, 15, 972
1371, 203, 730
1372, 620, 771
1373, 428, 773
1374, 201, 259
1375, 262, 844
1376, 566, 830
1377, 236, 443
1378, 106, 740
1379, 13, 303
1380, 50, 413
1381, 199, 316
1382, 7, 598
1383, 24, 312
1384, 286, 912
1385, 292, 421
1386, 251, 592
1387, 470, 997
1388, 210, 426
1389, 44, 585
1390, 187, 289
1391, 2, 700
1392, 716, 814
1393, 195, 318
1394, 321, 433
1395, 16, 745
1396, 52, 172
1397, 143, 903
1398, 382, 497
1399, 372, 855
1400, 113, 799
1401, 317, 491
1402, 343, 681
1403, 67, 576
1404, 638, 721
1405, 83, 383
1406, 71, 567
1407, 475, 703
1408, 97, 190
1409, 274, 674
1410, 340, 931
1411, 720, 865
1412, 302, 992
1413, 787, 957
1414, 689, 727
1415, 386, 824
1416, 512, 882
1417, 209, 373
1418, 191, 599
1419, 295, 958
1420, 387, 871
1421, 671, 976
1422, 36, 222
1423, 390, 817
1424, 30, 825
1425, 392, 823
1426, 320, 985
1427, 734, 866
1428, 338, 994
1429, 176, 862
1430, 754, 950
1431, 488, 915
1432, 157, 804
1433, 6, 288
1434, 53, 641
1435, 415, 891
1436, 193, 937
1437, 462, 892
1438, 146, 332
1439, 150, 185
1440, 168, 793
1441, 273, 347
1442, 637, 893
1443, 362, 504
1444, 156, 690
1445, 588, 663
1446, 94, 611
1447, 258, 543
1448, 147, 586
1449, 167, 662
1450, 225, 679
1451, 282, 883
1452, 419, 438
1453, 673, 751
1454, 149, 460
1455, 166, 780
1456, 425, 993
1457, 144, 481
1458, 100, 487
1459, 875, 961
1460, 333, 610
1461, 640, 747
1462, 74, 564
1463, 23, 384
1464, 301, 540
1465, 49, 955
1466, 531, 851
1467, 281, 664
1468, 967, 987
1469, 310, 863
1470, 744, 965
1471, 122, 669
1472, 252, 376
1473, 87, 275
1474, 85, 562
1475, 305, 565
1476, 77, 977
1477, 561, 944
1478, 550, 708
1479, 280, 294
1480, 194, 277
1481, 234, 795
1482, 163, 800
1483, 509, 963
1484, 416, 574
1485, 400, 489
1486, 357, 591
1487, 232, 735
1488, 56, 796
1489, 43, 218
1490, 461, 685
1491, 158, 559
1492, 726, 741
1493, 501, 966
1494, 454, 643
1495, 326, 949
1496, 101, 595
1497, 41, 496
1498, 8, 605
1499, 188, 239
1500, 120, 129
1501, 166, 985
1502, 591, 608
1503, 340, 434
1504, 822, 890
1505, 108, 652
1506, 276, 930
1507, 221, 955
1508, 196, 659
1509, 99, 796
1510, 62, 474
1511, 484, 805
1512, 243, 661
1513, 142, 950
1514, 58, 548
1515, 329, 777
1516, 647, 976
1517, 679, 975
1518, 369, 509
1519, 581, 713
1520, 333, 388
1521, 164, 723
1522, 71, 234
1523, 373, 798
1524, 526, 878
1525, 660, 979
1526, 706, 746
1527, 51, 547
1528, 528, 859
1529, 597, 957
1530, 476, 610
1531, 152, 523
1532, 267, 377
1533, 513, 999
1534, 127, 251
1535, 431, 704
1536, 672, 750
1537, 160, 492
1538, 185, 884
1539, 487, 856
1540, 7, 800
1541, 391, 924
1542, 32, 782
1543, 510, 941
1544, 327, 748
1545, 420, 893
1546, 439, 669
1547, 250, 495
1548, 66, 147
1549, 440, 964
1550, 830, 892
1551, 364, 699
1552, 281, 493
1553, 442, 522
1554, 29, 299
1555, 632, 818
1556, 629, 983
1557, 295, 488
1558, 120, 637
1559, 585, 995
1560, 217, 461
1561, 831, 843
1562, 415, 549
1563, 266, 938
1564, 305, 689
1565, 480, 942
1566, 154, 182
1567, 140, 852
1568, 612, 707
1569, 249, 541
1570, 159, 989
1571, 404, 501
1572, 579, 803
1573, 137, 905
1574, 286, 772
1575, 325, 847
1576, 424, 529
1577, 685, 749
1578, 269, 613
1579, 811, 980
1580, 106, 208
1581, 722, 901
1582, 307, 539
1583, 849, 997
1584, 213, 521
1585, 153, 280
1586, 371, 551
1587, 328, 666
1588, 60, 86
1589, 25, 408
1590, 245, 505
1591, 113, 646
1592, 575, 576
1593, 698, 969
1594, 215, 799
1595, 172, 596
1596, 330, 919
1597, 516, 891
1598, 317, 879
1599, 367, 774
1600, 262, 518
1601, 400, 745
1602, 135, 821
1603, 601, 611
1604, 397, 422
1605, 912, 923
1606, 470, 996
1607, 55, 728
1608, 351, 967
1609, 10, 992
1610, 593, 962
1611, 638, 641
1612, 544, 904
1613, 312, 469
1614, 497, 895
1615, 14, 462
1616, 244, 293
1617, 436, 533
1618, 53, 376
1619, 430, 795
1620, 183, 880
1621, 240, 631
1622, 561, 947
1623, 441, 837
1624, 189, 207
1625, 205, 366
1626, 751, 753
1627, 2, 752
1628, 27, 790
1629, 648, 921
1630, 150, 248
1631, 421, 627
1632, 36, 308
1633, 578, 586
1634, 691, 709
1635, 70, 271
1636, 708, 840
1637, 5, 155
1638, 326, 1000
1639, 467, 694
1640, 809, 993
1641, 170, 306
1642, 292, 319
1643, 232, 494
1644, 125, 680
1645, 355, 883
1646, 95, 769
1647, 84, 279
1648, 332, 499
1649, 360, 507
1650, 65, 258
1651, 237, 595
1652, 49, 678
1653, 50, 806
1654, 13, 626
1655, 47, 986
1656, 285, 949
1657, 356, 946
1658, 187, 869
1659, 339, 594
1660, 401, 954
1661, 104, 867
1662, 323, 514
1663, 121, 823
1664, 958, 959
1665, 515, 671
1666, 156, 771
1667, 343, 682
1668, 863, 988
1669, 382, 604
1670, 16, 757
1671, 3, 103
1672, 214, 662
1673, 59, 994
1674, 168, 472
1675, 87, 173
1676, 26, 517
1677, 390, 396
1678, 559, 881
1679, 19, 697
1680, 617, 846
1681, 756, 857
1682, 448, 744
1683, 175, 254
1684, 242, 738
1685, 116, 676
1686, 824, 887
1687, 335, 336
1688, 143, 491
1689, 770, 873
1690, 97, 802
1691, 538, 908
1692, 571, 788
1693, 238, 263
1694, 731, 956
1695, 347, 392
1696, 320, 688
1697, 100, 658
1698, 609, 718
1699, 190, 542
1700, 290, 311
1701, 76, 653
1702, 303, 562
1703, 4, 614
1704, 94, 398
1705, 44, 486
1706, 939, 960
1707, 381, 719
1708, 112, 452
1709, 789, 825
1710, 98, 224
1711, 393, 553
1712, 134, 344
1713, 235, 642
1714, 270, 703
1715, 540, 793
1716, 536, 675
1717, 534, 605
1718, 102, 911
1719, 210, 456
1720, 433, 815
1721, 531, 664
1722, 171, 936
1723, 117, 972
1724, 532, 902
1725, 475, 720
1726, 24, 389
1727, 40, 145
1728, 148, 779
1729, 82, 274
1730, 35, 322
1731, 75, 395
1732, 132, 466
1733, 409, 768
1734, 74, 687
1735, 419, 428
1736, 12, 43
1737, 33, 259
1738, 334, 453
1739, 11, 862
1740, 146, 188
1741, 278, 963
1742, 665, 677
1743, 363, 804
1744, 39, 655
1745, 136, 264
1746, 233, 302
1747, 139, 345
1748, 651, 816
1749, 927, 961
1750, 546, 686
1751, 61, 348
1752, 52, 681
1753, 558, 599
1754, 119, 483
1755, 732, 913
1756, 93, 900
1757, 272, 287
1758, 445, 615
1759, 354, 853
1760, 427, 478
1761, 241, 953
1762, 298, 503
1763, 167, 724
1764, 275, 935
1765, 179, 314
1766, 498, 866
1767, 717, 758
1768, 640, 865
1769, 83, 684
1770, 8, 163
1771, 432, 839
1772, 573, 943
1773, 21, 176
1774, 485, 582
1775, 416, 556
1776, 284, 854
1777, 301, 740
1778, 413, 566
1779, 141, 841
1780, 247, 479
1781, 535, 670
1782, 34, 92
1783, 200, 784
1784, 178, 378
1785, 122, 394
1786, 473, 754
1787, 654, 729
1788, 403, 914
1789, 158, 253
1790, 1, 454
1791, 446, 570
1792, 607, 673
1793, 67, 504
1794, 246, 701
1795, 359, 711
1796, 402, 663
1797, 734, 991
1798, 759, 826
1799, 177, 380
1800, 48, 449
1801, 225, 730
1802, 519, 767
1803, 850, 886
1804, 577, 633
1805, 429, 623
1806, 20, 872
1807, 842, 966
1808, 81, 602
1809, 180, 294
1810, 64, 928
1811, 149, 511
1812, 399, 858
1813, 260, 907
1814, 871, 888
1815, 742, 917
1816, 138, 735
1817, 588, 657
1818, 313, 868
1819, 297, 374
1820, 598, 741
1821, 85, 223
1822, 37, 46
1823, 41, 564
1824, 639, 934
1825, 169, 780
1826, 15, 692
1827, 89, 903
1828, 107, 368
1829, 407, 931
1830, 101, 261
1831, 331, 464
1832, 766, 998
1833, 797, 982
1834, 590, 978
1835, 239, 981
1836, 114, 574
1837, 151, 836
1838, 337, 463
1839, 128, 543
1840, 9, 725
1841, 69, 761
1842, 358, 864
1843, 791, 932
1844, 195, 696
1845, 361, 916
1846, 56, 90
1847, 165, 929
1848, 197, 835
1849, 296, 786
1850, 273, 423
1851, 78, 211
1852, 184, 349
1853, 444, 906
1854, 30, 417
1855, 256, 426
1856, 565, 974
1857, 554, 819
1858, 618, 812
1859, 131, 458
1860, 628, 925
1861, 357, 733
1862, 191, 508
1863, 352, 894
1864, 88, 123
1865, 520, 537
1866, 45, 370
1867, 714, 787
1868, 194, 990
1869, 316, 970
1870, 341, 776
1871, 63, 72
1872, 885, 952
1873, 346, 674
1874, 636, 656
1875, 219, 282
1876, 124, 289
1877, 174, 206
1878, 288, 619
1879, 118, 362
1880, 126, 545
1881, 79, 384
1882, 814, 948
1883, 226, 496
1884, 739, 844
1885, 443, 743
1886, 300, 635
1887, 110, 951
1888, 324, 727
1889, 77, 624
1890, 203, 621
1891, 910, 937
1892, 218, 572
1893, 525, 801
1894, 17, 385
1895, 527, 650
1896, 716, 726
1897, 227, 455
1898, 550, 645
1899, 209, 353
1900, 80, 834
1901, 265, 304
1902, 877, 918
1903, 28, 567
1904, 291, 350
1905, 342, 502
1906, 447, 899
1907, 644, 755
1908, 372, 500
1909, 721, 861
1910, 201, 828
1911, 38, 634
1912, 252, 781
1913, 412, 926
1914, 115, 690
1915, 477, 555
1916, 568, 764
1917, 898, 920
1918, 506, 940
1919, 73, 383
1920, 695, 736
1921, 202, 909
1922, 257, 365
1923, 231, 763
1924, 157, 321
1925, 222, 712
1926, 630, 794
1927, 603, 792
1928, 181, 310
1929, 18, 375
1930, 471, 667
1931, 489, 778
1932, 848, 977
1933, 616, 915
1934, 410, 762
1935, 783, 968
1936, 133, 668
1937, 111, 229
1938, 457, 512
1939, 212, 702
1940, 96, 693
1941, 31, 807
1942, 450, 851
1943, 468, 971
1944, 606, 715
1945, 186, 437
1946, 216, 945
1947, 435, 785
1948, 161, 283
1949, 338, 870
1950, 91, 425
1951, 199, 587
1952, 379, 530
1953, 643, 710
1954, 438, 580
1955, 236, 810
1956, 827, 965
1957, 405, 922
1958, 315, 620
1959, 600, 625
1960, 68, 747
1961, 465, 845
1962, 192, 230
1963, 220, 820
1964, 833, 973
1965, 482, 569
1966, 552, 589
1967, 198, 875
1968, 22, 563
1969, 933, 944
1970, 838, 874
1971, 6, 386
1972, 592, 649
1973, 584, 700
1974, 460, 896
1975, 193, 760
1976, 105, 813
1977, 109, 583
1978, 255, 832
1979, 418, 560
1980, 54, 451
1981, 773, 860
1982, 23, 162
1983, 204, 889
1984, 481, 817
1985, 277, 705
1986, 876, 987
1987, 309, 459
1988, 129, 557
1989, 318, 406
1990, 42, 411
1991, 897, 984
1992, 268, 622
1993, 524, 775
1994, 57, 490
1995, 130, 808
1996, 414, 882
1997, 737, 855
1998, 144, 683
1999, 228, 765
2000, 387, 829
2001, 66, 294
2002, 445, 719
2003, 230, 877
2004, 658, 831
2005, 21, 234
2006, 39, 751
2007, 355, 986
2008, 28, 301
2009, 171, 371
2010, 358, 757
2011, 834, 852
2012, 144, 880
2013, 8, 332
2014, 480, 508
2015, 383, 772
2016, 58, 240
2017, 530, 887
2018, 112, 246
2019, 145, 754
2020, 347, 611
2021, 625, 790
2022, 178, 349
2023, 262, 778
2024, 269, 488
2025, 776, 827
2026, 279, 609
2027, 551, 822
2028, 156, 324
2029, 236, 739
2030, 12, 169
2031, 717, 897
2032, 525, 861
2033, 72, 896
2034, 354, 364
2035, 465, 491
2036, 417, 555
2037, 140, 860
2038, 106, 232
2039, 118, 247
2040, 5, 906
2041, 407, 813
2042, 183, 892
2043, 541, 924
2044, 549, 682
2045, 116, 557
2046, 712, 839
2047, 657, 863
2048, 36, 928
2049, 304, 874
2050, 845, 929
2051, 546, 937
2052, 319, 577
2053, 521, 538
2054, 779, 808
2055, 166, 424
2056, 434, 614
2057, 380, 500
2058, 504, 675
2059, 306, 320
2060, 205, 484
2061, 167, 959
2062, 684, 985
2063, 71, 255
2064, 60, 780
2065, 361, 485
2066, 83, 689
2067, 479, 879
2068, 35, 908
2069, 494, 662
2070, 507, 515
2071, 502, 590
2072, 27, 436
2073, 370, 565
2074, 645, 736
2075, 24, 164
2076, 797, 882
2077, 120, 716
2078, 281, 907
2079, 930, 975
2080, 781, 857
2081, 940, 948
2082, 357, 363
2083, 313, 350
2084, 109, 624
2085, 141, 579
2086, 341, 495
2087, 158, 201
2088, 286, 481
2089, 76, 328
2090, 271, 272
2091, 79, 867
2092, 714, 946
2093, 251, 408
2094, 104, 816
2095, 351, 470
2096, 539, 792
2097, 90, 175
2098, 435, 638
2099, 593, 824
2100, 604, 700
2101, 54, 647
2102, 51, 315
2103, 518, 934
2104, 705, 829
2105, 540, 723
2106, 121, 605
2107, 130, 996
2108, 102, 552
2109, 747, 992
2110, 209, 516
2111, 9, 94
2112, 53, 420
2113, 474, 618
2114, 266, 762
2115, 147, 745
2116, 31, 591
2117, 50, 756
2118, 176, 321
2119, 93, 599
2120, 365, 721
2121, 113, 293
2122, 554, 680
2123, 61, 755
2124, 48, 999
2125, 597, 693
2126, 449, 523
2127, 382, 613
2128, 42, 162
2129, 207, 416
2130, 334, 840
2131, 799, 886
2132, 105, 768
2133, 395, 493
2134, 46, 179
2135, 399, 674
2136, 199, 912
2137, 466, 612
2138, 545, 832
2139, 421, 634
2140, 95, 587
2141, 517, 972
2142, 785, 828
2143, 339, 460
2144, 91, 346
2145, 505, 868
2146, 724, 830
2147, 573, 889
2148, 206, 644
2149, 603, 910
2150, 227, 916
2151, 122, 381
2152, 437, 941
2153, 88, 394
2154, 529, 648
2155, 77, 165
2156, 214, 277
2157, 152, 387
2158, 249, 728
2159, 146, 378
2160, 149, 741
2161, 535, 947
2162, 257, 373
2163, 369, 453
2164, 583, 1000
2165, 220, 819
2166, 154, 218
2167, 81, 952
2168, 527, 731
2169, 586, 925
2170, 267, 750
2171, 441, 979
2172, 163, 202
2173, 444, 696
2174, 196, 560
2175, 78, 944
2176, 216, 329
2177, 327, 478
2178, 222, 630
2179, 67, 709
2180, 285, 961
2181, 446, 501
2182, 431, 725
2183, 44, 393
2184, 108, 619
2185, 264, 509
2186, 397, 406
2187, 473, 639
2188, 18, 615
2189, 6, 10
2190, 29, 687
2191, 256, 955
2192, 522, 795
2193, 759, 969
2194, 68, 110
2195, 4, 519
2196, 336, 900
2197, 188, 224
2198, 292, 296
2199, 43, 622
2200, 137, 191
2201, 124, 853
2202, 374, 932
2203, 631, 789
2204, 452, 884
2205, 858, 991
2206, 422, 773
2207, 132, 161
2208, 430, 663
2209, 87, 964
2210, 193, 637
2211, 192, 550
2212, 200, 594
2213, 337, 457
2214, 174, 401
2215, 307, 918
2216, 231, 814
2217, 688, 847
2218, 65, 698
2219, 74, 915
2220, 128, 300
2221, 117, 574
2222, 26, 862
2223, 177, 905
2224, 11, 129
2225, 570, 607
2226, 398, 632
2227, 276, 782
2228, 368, 425
2229, 134, 253
2230, 34, 99
2231, 627, 978
2232, 125, 685
2233, 308, 461
2234, 229, 833
2235, 283, 967
2236, 963, 980
2237, 97, 997
2238, 512, 697
2239, 708, 761
2240, 333, 578
2241, 561, 966
2242, 497, 890
2243, 469, 990
2244, 666, 783
2245, 20, 506
2246, 766, 984
2247, 617, 821
2248, 62, 263
2249, 458, 699
2250, 98, 901
2251, 57, 801
2252, 825, 904
2253, 386, 486
2254, 650, 807
2255, 742, 957
2256, 284, 542
2257, 204, 548
2258, 208, 244
2259, 103, 490
2260, 633, 758
2261, 49, 649
2262, 135, 823
2263, 213, 871
2264, 360, 462
2265, 100, 489
2266, 598, 842
2267, 217, 971
2268, 82, 734
2269, 298, 775
2270, 664, 898
2271, 410, 793
2272, 56, 330
2273, 295, 400
2274, 760, 837
2275, 157, 278
2276, 601, 606
2277, 621, 976
2278, 800, 974
2279, 75, 844
2280, 55, 429
2281, 189, 600
2282, 182, 888
2283, 127, 543
2284, 30, 836
2285, 89, 510
2286, 730, 875
2287, 275, 348
2288, 47, 713
2289, 69, 623
2290, 260, 305
2291, 143, 150
2292, 203, 651
2293, 345, 409
2294, 185, 531
2295, 740, 920
2296, 872, 962
2297, 2, 998
2298, 366, 692
2299, 258, 537
2300, 413, 496
2301, 641, 661
2302, 170, 581
2303, 226, 403
2304, 391, 968
2305, 288, 640
2306, 567, 945
2307, 274, 866
2308, 290, 720
2309, 582, 982
2310, 805, 893
2311, 37, 390
2312, 482, 993
2313, 667, 878
2314, 238, 660
2315, 379, 423
2316, 254, 311
2317, 107, 384
2318, 442, 804
2319, 359, 922
2320, 456, 553
2321, 73, 903
2322, 815, 848
2323, 677, 855
2324, 850, 987
2325, 17, 749
2326, 86, 439
2327, 302, 654
2328, 142, 323
2329, 477, 746
2330, 377, 835
2331, 455, 475
2332, 186, 265
2333, 572, 777
2334, 19, 636
2335, 139, 902
2336, 243, 917
2337, 707, 859
2338, 733, 960
2339, 752, 950
2340, 212, 372
2341, 356, 620
2342, 418, 528
2343, 899, 927
2344, 242, 703
2345, 585, 672
2346, 608, 909
2347, 245, 923
2348, 314, 498
2349, 80, 726
2350, 913, 965
2351, 427, 671
2352, 41, 223
2353, 802, 958
2354, 643, 951
2355, 635, 771
2356, 404, 468
2357, 933, 983
2358, 211, 938
2359, 219, 737
2360, 571, 706
2361, 168, 774
2362, 250, 691
2363, 172, 472
2364, 153, 210
2365, 96, 695
2366, 331, 794
2367, 318, 876
2368, 753, 943
2369, 343, 764
2370, 566, 921
2371, 195, 942
2372, 7, 317
2373, 524, 683
2374, 451, 690
2375, 646, 919
2376, 448, 710
2377, 770, 864
2378, 340, 428
2379, 344, 935
2380, 511, 588
2381, 388, 870
2382, 123, 809
2383, 322, 715
2384, 438, 467
2385, 471, 576
2386, 459, 846
2387, 376, 464
2388, 101, 248
2389, 580, 711
2390, 126, 796
2391, 3, 310
2392, 513, 820
2393, 767, 988
2394, 665, 786
2395, 181, 569
2396, 148, 155
2397, 476, 492
2398, 415, 788
2399, 221, 414
2400, 239, 533
2401, 352, 440
2402, 187, 610
2403, 392, 812
2404, 270, 433
2405, 252, 851
2406, 564, 954
2407, 138, 367
2408, 159, 556
2409, 335, 673
2410, 160, 385
2411, 463, 547
2412, 280, 744
2413, 16, 669
2414, 287, 936
2415, 197, 558
2416, 136, 668
2417, 133, 694
2418, 1, 765
2419, 396, 865
2420, 131, 312
2421, 289, 914
2422, 325, 926
2423, 655, 681
2424, 803, 881
2425, 119, 443
2426, 151, 375
2427, 447, 718
2428, 33, 63
2429, 115, 228
2430, 483, 818
2431, 215, 389
2432, 596, 891
2433, 70, 180
2434, 52, 970
2435, 184, 995
2436, 729, 931
2437, 64, 426
2438, 653, 994
2439, 40, 589
2440, 735, 787
2441, 722, 953
2442, 575, 981
2443, 233, 563
2444, 282, 732
2445, 291, 642
2446, 450, 949
2447, 297, 911
2448, 194, 989
2449, 273, 838
2450, 679, 873
2451, 532, 956
2452, 22, 454
2453, 432, 738
2454, 595, 748
2455, 299, 676
2456, 536, 626
2457, 656, 784
2458, 309, 704
2459, 241, 602
2460, 59, 584
2461, 237, 362
2462, 316, 854
2463, 678, 769
2464, 190, 849
2465, 419, 629
2466, 520, 843
2467, 702, 973
2468, 568, 826
2469, 559, 701
2470, 85, 628
2471, 616, 894
2472, 225, 534
2473, 173, 562
2474, 25, 670
2475, 32, 514
2476, 353, 526
2477, 92, 412
2478, 198, 411
2479, 235, 259
2480, 23, 806
2481, 326, 763
2482, 268, 544
2483, 743, 798
2484, 114, 810
2485, 652, 895
2486, 338, 977
2487, 791, 811
2488, 13, 38
2489, 503, 592
2490, 14, 869
2491, 303, 727
2492, 856, 885
2493, 686, 841
2494, 342, 659
2495, 45, 84
2496, 15, 111
2497, 499, 883
2498, 402, 817
2499, 405, 939
2500, 261, 487
2501, 214, 514
2502, 643, 849
2503, 728, 925
2504, 93, 946
2505, 605, 690
2506, 332, 717
2507, 62, 785
2508, 529, 721
2509, 285, 423
2510, 312, 929
2511, 86, 431
2512, 495, 671
2513, 340, 487
2514, 127, 320
2515, 869, 916
2516, 502, 997
2517, 447, 779
2518, 414, 615
2519, 511, 778
2520, 341, 730
2521, 73, 895
2522, 311, 758
2523, 198, 962
2524, 369, 375
2525, 649, 749
2526, 231, 700
2527, 454, 577
2528, 310, 516
2529, 281, 930
2530, 352, 682
2531, 96, 178
2532, 388, 571
2533, 159, 587
2534, 582, 635
2535, 404, 694
2536, 16, 471
2537, 469, 870
2538, 33, 470
2539, 115, 629
2540, 596, 753
2541, 161, 540
2542, 739, 834
2543, 143, 855
2544, 466, 829
2545, 343, 891
2546, 532, 674
2547, 774, 954
2548, 556, 796
2549, 662, 852
2550, 20, 180
2551, 658, 838
2552, 477, 904
2553, 403, 632
2554, 148, 618
2555, 12, 282
2556, 1, 405
2557, 367, 461
2558, 204, 258
2559, 269, 881
2560, 488, 970
2561, 91, 420
2562, 602, 697
2563, 176, 723
2564, 87, 559
2565, 836, 1000
2566, 29, 422
2567, 301, 837
2568, 60, 288
2569, 126, 877
2570, 298, 598
2571, 174, 277
2572, 292, 736
2573, 11, 933
2574, 267, 400
2575, 780, 884
2576, 934, 988
2577, 253, 660
2578, 574, 821
2579, 743, 866
2580, 617, 687
2581, 232, 484
2582, 308, 569
2583, 846, 992
2584, 201, 969
2585, 689, 802
2586, 130, 755
2587, 37, 217
2588, 827, 973
2589, 390, 553
2590, 84, 361
2591, 235, 882
2592, 294, 957
2593, 473, 744
2594, 203, 748
2595, 703, 984
2596, 155, 411
2597, 299, 305
2598, 438, 738
2599, 35, 421
2600, 314, 594
2601, 427, 641
2602, 331, 902
2603, 651, 765
2604, 348, 567
2605, 833, 910
2606, 82, 351
2607, 287, 465
2608, 188, 250
2609, 737, 880
2610, 36, 864
2611, 168, 809
2612, 347, 812
2613, 907, 993
2614, 41, 704
2615, 575, 696
2616, 768, 776
2617, 187, 784
2618, 843, 844
2619, 386, 937
2620, 156, 496
2621, 104, 521
2622, 481, 543
2623, 65, 978
2624, 558, 746
2625, 224, 911
2626, 623, 686
2627, 588, 633
2628, 316, 358
2629, 819, 938
2630, 56, 467
2631, 25, 28
2632, 192, 579
2633, 39, 889
2634, 722, 766
2635, 604, 945
2636, 103, 450
2637, 711, 848
2638, 92, 510
2639, 793, 857
2640, 13, 928
2641, 51, 986
2642, 541, 856
2643, 289, 606
2644, 219, 415
2645, 493, 583
2646, 229, 326
2647, 770, 918
2648, 822, 966
2649, 211, 349
2650, 621, 726
2651, 77, 956
2652, 5, 948
2653, 509, 756
2654, 334, 354
2655, 121, 182
2656, 72, 409
2657, 158, 181
2658, 191, 652
2659, 319, 783
2660, 17, 407
2661, 685, 741
2662, 797, 968
2663, 259, 572
2664, 133, 212
2665, 399, 638
2666, 117, 205
2667, 144, 202
2668, 476, 560
2669, 140, 935
2670, 61, 149
2671, 499, 816
2672, 257, 370
2673, 446, 564
2674, 9, 607
2675, 441, 646
2676, 536, 896
2677, 167, 987
2678, 40, 897
2679, 112, 460
2680, 537, 724
2681, 57, 94
2682, 21, 88
2683, 665, 899
2684, 373, 667
2685, 379, 478
2686, 498, 566
2687, 15, 355
2688, 715, 974
2689, 216, 940
2690, 34, 908
2691, 535, 676
2692, 153, 329
2693, 247, 820
2694, 876, 885
2695, 7, 419
2696, 538, 613
2697, 108, 228
2698, 23, 410
2699, 24, 512
2700, 48, 248
2701, 412, 840
2702, 123, 631
2703, 868, 960
2704, 413, 485
2705, 304, 608
2706, 645, 949
2707, 851, 915
2708, 47, 426
2709, 389, 813
2710, 274, 302
2711, 655, 893
2712, 593, 620
2713, 162, 762
2714, 599, 650
2715, 303, 826
2716, 842, 963
2717, 398, 530
2718, 14, 245
2719, 718, 927
2720, 610, 751
2721, 464, 573
2722, 59, 233
2723, 45, 207
2724, 220, 975
2725, 443, 628
2726, 385, 932
2727, 462, 991
2728, 548, 865
2729, 31, 551
2730, 468, 905
2731, 237, 437
2732, 672, 941
2733, 350, 817
2734, 275, 805
2735, 95, 673
2736, 860, 953
2737, 206, 270
2738, 44, 189
2739, 713, 734
2740, 508, 858
2741, 260, 872
2742, 125, 922
2743, 151, 839
2744, 43, 449
2745, 165, 482
2746, 244, 943
2747, 616, 754
2748, 263, 942
2749, 552, 795
2750, 145, 619
2751, 315, 486
2752, 75, 451
2753, 215, 786
2754, 807, 947
2755, 26, 698
2756, 458, 771
2757, 479, 557
2758, 164, 589
2759, 428, 684
2760, 474, 679
2761, 55, 307
2762, 18, 345
2763, 177, 871
2764, 324, 491
2765, 97, 663
2766, 52, 747
2767, 254, 961
2768, 808, 965
2769, 225, 863
2770, 757, 926
2771, 578, 695
2772, 100, 752
2773, 366, 714
2774, 506, 823
2775, 878, 892
2776, 328, 505
2777, 147, 875
2778, 691, 818
2779, 847, 994
2780, 78, 527
2781, 134, 798
2782, 585, 909
2783, 163, 693
2784, 293, 708
2785, 568, 675
2786, 173, 648
2787, 570, 867
2788, 800, 810
2789, 175, 781
2790, 120, 959
2791, 363, 626
2792, 242, 455
2793, 550, 825
2794, 523, 769
2795, 154, 630
2796, 152, 402
2797, 357, 497
2798, 492, 845
2799, 106, 710
2800, 444, 609
2801, 265, 814
2802, 227, 526
2803, 186, 790
2804, 166, 430
2805, 239, 339
2806, 256, 791
2807, 222, 283
2808, 85, 657
2809, 185, 595
2810, 306, 920
2811, 124, 702
2812, 101, 931
2813, 439, 581
2814, 89, 584
2815, 418, 859
2816, 886, 898
2817, 699, 777
2818, 445, 750
2819, 230, 336
2820, 200, 513
2821, 146, 883
2822, 384, 490
2823, 27, 709
2824, 79, 792
2825, 342, 824
2826, 634, 835
2827, 209, 580
2828, 683, 951
2829, 110, 964
2830, 80, 452
2831, 22, 360
2832, 268, 767
2833, 653, 727
2834, 611, 637
2835, 90, 705
2836, 525, 678
2837, 668, 742
2838, 273, 733
2839, 565, 692
2840, 264, 782
2841, 346, 393
2842, 321, 387
2843, 364, 772
2844, 554, 627
2845, 19, 701
2846, 327, 459
2847, 284, 549
2848, 406, 504
2849, 118, 296
2850, 280, 601
2851, 368, 517
2852, 457, 950
2853, 63, 416
2854, 391, 456
2855, 362, 998
2856, 135, 382
2857, 597, 894
2858, 278, 503
2859, 2, 463
2860, 128, 322
2861, 291, 546
2862, 38, 520
2863, 76, 119
2864, 141, 325
2865, 272, 996
2866, 376, 944
2867, 371, 440
2868, 131, 199
2869, 105, 642
2870, 8, 226
2871, 670, 921
2872, 576, 716
2873, 522, 862
2874, 408, 914
2875, 196, 939
2876, 433, 952
2877, 169, 218
2878, 193, 547
2879, 600, 972
2880, 712, 841
2881, 318, 586
2882, 989, 995
2883, 210, 982
2884, 624, 735
2885, 563, 971
2886, 49, 923
2887, 160, 976
2888, 179, 983
2889, 424, 625
2890, 67, 102
2891, 114, 831
2892, 494, 640
2893, 279, 906
2894, 873, 890
2895, 66, 489
2896, 6, 137
2897, 30, 338
2898, 591, 707
2899, 70, 383
2900, 251, 309
2901, 664, 919
2902, 32, 815
2903, 3, 887
2904, 223, 249
2905, 195, 534
2906, 113, 528
2907, 763, 830
2908, 246, 255
2909, 138, 555
2910, 434, 999
2911, 501, 761
2912, 654, 787
2913, 42, 157
2914, 614, 666
2915, 10, 518
2916, 190, 544
2917, 240, 828
2918, 122, 184
2919, 335, 903
2920, 592, 879
2921, 425, 729
2922, 453, 720
2923, 213, 725
2924, 194, 913
2925, 789, 981
2926, 432, 680
2927, 171, 804
2928, 290, 472
2929, 480, 542
2930, 129, 436
2931, 69, 590
2932, 58, 958
2933, 252, 377
2934, 295, 731
2935, 900, 979
2936, 531, 745
2937, 150, 832
2938, 561, 888
2939, 396, 647
2940, 380, 764
2941, 740, 901
2942, 353, 955
2943, 732, 861
2944, 365, 775
2945, 374, 435
2946, 234, 344
2947, 243, 562
2948, 381, 395
2949, 337, 773
2950, 50, 99
2951, 107, 317
2952, 109, 977
2953, 669, 811
2954, 401, 507
2955, 475, 500
2956, 81, 644
2957, 394, 759
2958, 71, 912
2959, 356, 980
2960, 68, 677
2961, 139, 142
2962, 533, 639
2963, 183, 330
2964, 236, 936
2965, 545, 806
2966, 524, 917
2967, 208, 854
2968, 241, 681
2969, 392, 985
2970, 98, 659
2971, 262, 967
2972, 266, 850
2973, 261, 603
2974, 794, 853
2975, 136, 378
2976, 116, 788
2977, 323, 333
2978, 359, 803
2979, 64, 519
2980, 46, 74
2981, 661, 924
2982, 172, 448
2983, 53, 719
2984, 515, 539
2985, 636, 801
2986, 397, 990
2987, 271, 372
2988, 238, 706
2989, 276, 688
2990, 132, 197
2991, 286, 622
2992, 300, 612
2993, 54, 313
2994, 297, 429
2995, 4, 83
2996, 483, 656
2997, 170, 221
2998, 417, 442
2999, 111, 874
3000, 760, 799
3001, 632, 710
3002, 524, 738
3003, 138, 467
3004, 289, 824
3005, 114, 997
3006, 81, 129
3007, 181, 796
3008, 156, 696
3009, 770, 981
3010, 399, 645
3011, 535, 624
3012, 75, 508
3013, 264, 600
3014, 646, 802
3015, 446, 863
3016, 387, 765
3017, 359, 680
3018, 14, 293
3019, 103, 889
3020, 137, 985
3021, 146, 533
3022, 355, 845
3023, 230, 323
3024, 571, 885
3025, 273, 512
3026, 233, 681
3027, 65, 989
3028, 332, 523
3029, 325, 996
3030, 307, 350
3031, 106, 814
3032, 320, 860
3033, 17, 726
3034, 347, 593
3035, 698, 940
3036, 735, 910
3037, 18, 656
3038, 295, 703
3039, 865, 918
3040, 101, 659
3041, 615, 962
3042, 57, 733
3043, 182, 630
3044, 162, 357
3045, 133, 456
3046, 187, 723
3047, 449, 519
3048, 731, 825
3049, 592, 758
3050, 149, 953
3051, 102, 421
3052, 383, 441
3053, 443, 928
3054, 517, 861
3055, 69, 322
3056, 174, 266
3057, 176, 879
3058, 95, 761
3059, 179, 702
3060, 199, 778
3061, 177, 925
3062, 217, 766
3063, 271, 604
3064, 550, 660
3065, 260, 852
3066, 141, 564
3067, 328, 815
3068, 835, 1000
3069, 290, 833
3070, 481, 926
3071, 522, 826
3072, 180, 795
3073, 62, 417
3074, 617, 969
3075, 304, 872
3076, 618, 797
3077, 200, 854
3078, 16, 510
3079, 687, 840
3080, 275, 312
3081, 408, 475
3082, 755, 869
3083, 453, 961
3084, 79, 157
3085, 193, 764
3086, 314, 810
3087, 392, 585
3088, 270, 827
3089, 8, 856
3090, 228, 648
3091, 341, 614
3092, 385, 444
3093, 100, 175
3094, 866, 973
3095, 256, 901
3096, 80, 691
3097, 286, 831
3098, 763, 785
3099, 91, 393
3100, 72, 344
3101, 152, 167
3102, 279, 538
3103, 153, 569
3104, 210, 896
3105, 66, 105
3106, 209, 424
3107, 306, 978
3108, 699, 873
3109, 331, 596
3110, 455, 476
3111, 225, 354
3112, 927, 980
3113, 49, 194
3114, 63, 857
3115, 598, 882
3116, 151, 780
3117, 251, 922
3118, 450, 468
3119, 315, 937
3120, 67, 242
3121, 348, 859
3122, 159, 232
3123, 128, 484
3124, 620, 636
3125, 653, 712
3126, 358, 958
3127, 806, 960
3128, 119, 168
3129, 56, 496
3130, 36, 900
3131, 602, 976
3132, 31, 459
3133, 768, 853
3134, 164, 365
3135, 388, 611
3136, 98, 120
3137, 213, 440
3138, 112, 351
3139, 88, 591
3140, 775, 949
3141, 60, 494
3142, 27, 912
3143, 169, 189
3144, 282, 946
3145, 458, 478
3146, 38, 694
3147, 250, 599
3148, 576, 851
3149, 334, 924
3150, 711, 959
3151, 435, 895
3152, 32, 849
3153, 352, 909
3154, 433, 547
3155, 121, 244
3156, 754, 868
3157, 608, 956
3158, 534, 821
3159, 89, 155
3160, 671, 884
3161, 337, 369
3162, 73, 303
3163, 651, 769
3164, 661, 982
3165, 298, 688
3166, 546, 988
3167, 214, 970
3168, 40, 718
3169, 786, 880
3170, 21, 364
3171, 305, 916
3172, 528, 939
3173, 427, 907
3174, 144, 583
3175, 254, 784
3176, 362, 447
3177, 486, 489
3178, 394, 500
3179, 638, 714
3180, 567, 675
3181, 580, 657
3182, 338, 963
3183, 117, 495
3184, 126, 208
3185, 317, 832
3186, 419, 800
3187, 725, 917
3188, 425, 838
3189, 5, 566
3190, 429, 474
3191, 318, 497
3192, 706, 870
3193, 300, 562
3194, 674, 886
3195, 605, 746
3196, 485, 757
3197, 265, 411
3198, 560, 740
3199, 488, 683
3200, 428, 934
3201, 850, 894
3202, 24, 171
3203, 173, 643
3204, 83, 258
3205, 216, 847
3206, 215, 951
3207, 460, 479
3208, 717, 995
3209, 262, 491
3210, 502, 695
3211, 410, 808
3212, 23, 931
3213, 545, 626
3214, 223, 844
3215, 239, 276
3216, 139, 422
3217, 356, 793
3218, 360, 771
3219, 186, 438
3220, 28, 923
3221, 110, 536
3222, 43, 465
3223, 292, 791
3224, 628, 816
3225, 184, 819
3226, 375, 612
3227, 166, 381
3228, 219, 406
3229, 47, 957
3230, 288, 707
3231, 268, 858
3232, 621, 682
3233, 115, 677
3234, 99, 515
3235, 90, 727
3236, 96, 220
3237, 461, 719
3238, 291, 506
3239, 44, 644
3240, 405, 741
3241, 577, 654
3242, 693, 734
3243, 297, 557
3244, 390, 732
3245, 185, 493
3246, 801, 971
3247, 125, 574
3248, 150, 578
3249, 881, 892
3250, 97, 587
3251, 109, 966
3252, 492, 537
3253, 257, 729
3254, 236, 389
3255, 247, 790
3256, 361, 413
3257, 30, 310
3258, 423, 499
3259, 972, 999
3260, 4, 436
3261, 78, 556
3262, 749, 752
3263, 498, 805
3264, 296, 505
3265, 553, 640
3266, 87, 610
3267, 86, 992
3268, 747, 794
3269, 202, 226
3270, 938, 987
3271, 377, 779
3272, 131, 163
3273, 905, 990
3274, 335, 633
3275, 530, 904
3276, 165, 346
3277, 272, 713
3278, 466, 945
3279, 59, 579
3280, 324, 625
3281, 451, 507
3282, 116, 678
3283, 407, 834
3284, 61, 487
3285, 240, 952
3286, 616, 792
3287, 64, 285
3288, 123, 255
3289, 238, 555
3290, 871, 929
3291, 19, 544
3292, 529, 893
3293, 37, 218
3294, 245, 665
3295, 526, 641
3296, 252, 542
3297, 932, 968
3298, 11, 737
3299, 402, 891
3300, 6, 231
3301, 454, 650
3302, 277, 655
3303, 842, 954
3304, 172, 799
3305, 697, 930
3306, 142, 269
3307, 532, 977
3308, 190, 205
3309, 647, 663
3310, 143, 629
3311, 161, 439
3312, 689, 897
3313, 811, 967
3314, 15, 573
3315, 353, 418
3316, 890, 943
3317, 92, 382
3318, 431, 983
3319, 669, 803
3320, 26, 278
3321, 46, 559
3322, 201, 878
3323, 70, 639
3324, 309, 622
3325, 212, 864
3326, 308, 715
3327, 531, 700
3328, 294, 788
3329, 374, 606
3330, 692, 902
3331, 140, 874
3332, 122, 127
3333, 432, 483
3334, 196, 807
3335, 720, 984
3336, 93, 302
3337, 908, 914
3338, 158, 442
3339, 197, 235
3340, 301, 582
3341, 192, 321
3342, 376, 690
3343, 2, 118
3344, 704, 742
3345, 29, 837
3346, 58, 267
3347, 134, 836
3348, 224, 283
3349, 570, 744
3350, 543, 944
3351, 237, 762
3352, 7, 782
3353, 452, 561
3354, 1, 148
3355, 85, 445
3356, 111, 327
3357, 221, 568
3358, 135, 572
3359, 397, 420
3360, 898, 993
3361, 979, 994
3362, 319, 430
3363, 511, 773
3364, 227, 716
3365, 84, 136
3366, 34, 619
3367, 188, 906
3368, 373, 575
3369, 514, 974
3370, 594, 676
3371, 53, 601
3372, 589, 875
3373, 471, 789
3374, 33, 48
3375, 74, 783
3376, 246, 634
3377, 372, 516
3378, 416, 809
3379, 94, 274
3380, 637, 750
3381, 434, 817
3382, 386, 613
3383, 147, 609
3384, 378, 899
3385, 541, 666
3386, 248, 948
3387, 401, 781
3388, 55, 658
3389, 705, 823
3390, 229, 287
3391, 113, 950
3392, 333, 767
3393, 170, 482
3394, 261, 728
3395, 76, 743
3396, 77, 903
3397, 339, 477
3398, 42, 581
3399, 846, 877
3400, 635, 991
3401, 370, 911
3402, 756, 812
3403, 35, 480
3404, 349, 490
3405, 45, 52
3406, 330, 730
3407, 776, 915
3408, 51, 207
3409, 673, 829
3410, 82, 130
3411, 739, 883
3412, 20, 623
3413, 329, 603
3414, 145, 384
3415, 284, 540
3416, 50, 326
3417, 22, 888
3418, 721, 941
3419, 222, 525
3420, 588, 667
3421, 243, 607
3422, 178, 753
3423, 463, 513
3424, 798, 998
3425, 584, 964
3426, 412, 843
3427, 839, 965
3428, 558, 684
3429, 867, 955
3430, 391, 520
3431, 198, 627
3432, 204, 813
3433, 25, 426
3434, 234, 409
3435, 10, 552
3436, 368, 398
3437, 686, 942
3438, 280, 414
3439, 469, 841
3440, 345, 539
3441, 551, 751
3442, 124, 597
3443, 379, 820
3444, 504, 936
3445, 760, 777
3446, 71, 855
3447, 299, 685
3448, 724, 822
3449, 668, 722
3450, 400, 935
3451, 919, 933
3452, 68, 462
3453, 565, 662
3454, 206, 316
3455, 191, 518
3456, 9, 437
3457, 3, 380
3458, 54, 947
3459, 448, 828
3460, 39, 363
3461, 241, 876
3462, 154, 395
3463, 679, 772
3464, 457, 464
3465, 104, 253
3466, 313, 709
3467, 13, 340
3468, 41, 472
3469, 595, 631
3470, 396, 509
3471, 107, 652
3472, 521, 672
3473, 12, 642
3474, 336, 527
3475, 263, 818
3476, 759, 774
3477, 183, 404
3478, 342, 343
3479, 366, 563
3480, 311, 649
3481, 745, 887
3482, 211, 367
3483, 501, 554
3484, 203, 371
3485, 281, 708
3486, 586, 748
3487, 132, 921
3488, 549, 830
3489, 736, 986
3490, 160, 701
3491, 548, 787
3492, 403, 590
3493, 920, 975
3494, 108, 664
3495, 249, 913
3496, 259, 415
3497, 473, 862
3498, 195, 670
3499, 503, 848
3500, 470, 804
3501, 169, 937
3502, 684, 813
3503, 131, 932
3504, 603, 730
3505, 30, 909
3506, 26, 678
3507, 418, 997
3508, 400, 580
3509, 160, 683
3510, 21, 67
3511, 92, 370
3512, 422, 787
3513, 94, 969
3514, 227, 392
3515, 395, 494
3516, 228, 389
3517, 251, 413
3518, 121, 485
3519, 721, 782
3520, 261, 612
3521, 230, 596
3522, 91, 817
3523, 473, 577
3524, 236, 271
3525, 366, 903
3526, 5, 292
3527, 297, 962
3528, 412, 662
3529, 532, 993
3530, 245, 380
3531, 239, 575
3532, 278, 382
3533, 613, 897
3534, 851, 975
3535, 70, 403
3536, 322, 870
3537, 446, 952
3538, 347, 497
3539, 514, 628
3540, 222, 606
3541, 749, 840
3542, 125, 772
3543, 122, 891
3544, 54, 460
3545, 20, 234
3546, 250, 915
3547, 199, 340
3548, 158, 844
3549, 154, 209
3550, 629, 979
3551, 268, 591
3552, 542, 545
3553, 172, 252
3554, 313, 972
3555, 576, 839
3556, 112, 298
3557, 151, 977
3558, 433, 562
3559, 181, 529
3560, 202, 822
3561, 273, 718
3562, 167, 694
3563, 49, 978
3564, 492, 762
3565, 598, 698
3566, 733, 769
3567, 448, 925
3568, 218, 538
3569, 66, 748
3570, 247, 444
3571, 481, 931
3572, 226, 837
3573, 98, 859
3574, 330, 983
3575, 47, 130
3576, 1, 170
3577, 253, 355
3578, 159, 594
3579, 243, 679
3580, 10, 902
3581, 135, 582
3582, 179, 926
3583, 573, 964
3584, 333, 441
3585, 106, 277
3586, 203, 750
3587, 336, 798
3588, 689, 999
3589, 280, 647
3590, 144, 353
3591, 543, 634
3592, 213, 539
3593, 948, 973
3594, 646, 783
3595, 184, 589
3596, 305, 799
3597, 129, 332
3598, 41, 168
3599, 362, 906
3600, 174, 727
3601, 753, 918
3602, 142, 674
3603, 126, 600
3604, 325, 434
3605, 27, 257
3606, 726, 930
3607, 702, 869
3608, 609, 951
3609, 665, 754
3610, 79, 351
3611, 658, 850
3612, 507, 882
3613, 295, 832
3614, 742, 791
3615, 109, 625
3616, 394, 740
3617, 673, 802
3618, 396, 654
3619, 291, 708
3620, 120, 967
3621, 279, 873
3622, 614, 768
3623, 24, 104
3624, 363, 886
3625, 442, 831
3626, 153, 970
3627, 476, 857
3628, 118, 462
3629, 50, 985
3630, 471, 495
3631, 175, 567
3632, 110, 189
3633, 309, 630
3634, 166, 302
3635, 364, 528
3636, 601, 672
3637, 484, 889
3638, 571, 836
3639, 438, 621
3640, 214, 264
3641, 143, 707
3642, 588, 794
3643, 286, 510
3644, 586, 711
3645, 40, 862
3646, 724, 784
3647, 132, 156
3648, 46, 89
3649, 31, 206
3650, 39, 878
3651, 483, 581
3652, 165, 246
3653, 254, 428
3654, 157, 276
3655, 408, 425
3656, 8, 335
3657, 338, 369
3658, 387, 863
3659, 200, 229
3660, 88, 503
3661, 85, 238
3662, 240, 458
3663, 73, 655
3664, 522, 916
3665, 622, 845
3666, 688, 820
3667, 371, 452
3668, 220, 593
3669, 210, 834
3670, 424, 533
3671, 28, 879
3672, 735, 881
3673, 385, 781
3674, 482, 757
3675, 420, 511
3676, 51, 515
3677, 327, 501
3678, 6, 193
3679, 101, 651
3680, 196, 638
3681, 195, 354
3682, 312, 548
3683, 84, 743
3684, 192, 716
3685, 17, 806
3686, 113, 459
3687, 62, 489
3688, 687, 981
3689, 500, 764
3690, 35, 379
3691, 635, 971
3692, 256, 950
3693, 610, 956
3694, 55, 262
3695, 773, 835
3696, 337, 431
3697, 357, 546
3698, 618, 842
3699, 190, 467
3700, 734, 868
3701, 453, 566
3702, 83, 530
3703, 755, 892
3704, 45, 980
3705, 201, 935
3706, 359, 808
3707, 666, 990
3708, 506, 885
3709, 823, 946
3710, 186, 648
3711, 531, 553
3712, 829, 899
3713, 178, 738
3714, 16, 649
3715, 13, 585
3716, 301, 720
3717, 176, 304
3718, 274, 477
3719, 426, 865
3720, 856, 858
3721, 242, 855
3722, 63, 710
3723, 846, 871
3724, 64, 146
3725, 559, 900
3726, 263, 670
3727, 611, 922
3728, 3, 944
3729, 722, 739
3730, 650, 955
3731, 328, 682
3732, 315, 908
3733, 604, 656
3734, 76, 652
3735, 37, 488
3736, 463, 737
3737, 346, 569
3738, 123, 393
3739, 208, 461
3740, 464, 685
3741, 23, 907
3742, 87, 187
3743, 816, 920
3744, 341, 751
3745, 356, 677
3746, 134, 714
3747, 133, 376
3748, 496, 508
3749, 249, 350
3750, 451, 936
3751, 36, 468
3752, 445, 725
3753, 715, 934
3754, 281, 752
3755, 244, 401
3756, 668, 904
3757, 137, 524
3758, 498, 761
3759, 310, 911
3760, 72, 373
3761, 140, 633
3762, 177, 968
3763, 182, 513
3764, 849, 917
3765, 259, 938
3766, 74, 779
3767, 319, 957
3768, 974, 982
3769, 440, 624
3770, 436, 943
3771, 763, 901
3772, 116, 778
3773, 910, 923
3774, 314, 590
3775, 19, 435
3776, 409, 960
3777, 344, 579
3778, 56, 929
3779, 232, 640
3780, 699, 940
3781, 215, 693
3782, 509, 827
3783, 294, 989
3784, 299, 627
3785, 486, 695
3786, 43, 377
3787, 211, 803
3788, 561, 595
3789, 32, 771
3790, 602, 949
3791, 427, 696
3792, 597, 746
3793, 457, 523
3794, 367, 777
3795, 296, 765
3796, 456, 945
3797, 300, 690
3798, 469, 861
3799, 69, 405
3800, 388, 991
3801, 691, 825
3802, 53, 162
3803, 82, 860
3804, 147, 824
3805, 59, 544
3806, 454, 680
3807, 77, 965
3808, 284, 838
3809, 517, 905
3810, 516, 847
3811, 547, 632
3812, 81, 349
3813, 148, 564
3814, 792, 987
3815, 141, 173
3816, 391, 416
3817, 139, 316
3818, 267, 947
3819, 386, 826
3820, 68, 465
3821, 231, 439
3822, 641, 793
3823, 360, 874
3824, 124, 415
3825, 258, 928
3826, 38, 895
3827, 235, 788
3828, 58, 526
3829, 115, 659
3830, 475, 745
3831, 639, 814
3832, 44, 736
3833, 308, 661
3834, 797, 961
3835, 399, 705
3836, 65, 407
3837, 114, 534
3838, 34, 578
3839, 100, 986
3840, 557, 848
3841, 171, 795
3842, 437, 491
3843, 25, 807
3844, 248, 786
3845, 99, 372
3846, 397, 572
3847, 145, 149
3848, 180, 790
3849, 378, 958
3850, 265, 890
3851, 93, 919
3852, 830, 941
3853, 80, 570
3854, 540, 667
3855, 105, 927
3856, 221, 519
3857, 18, 411
3858, 7, 1000
3859, 303, 653
3860, 334, 843
3861, 381, 479
3862, 318, 877
3863, 204, 293
3864, 86, 776
3865, 4, 760
3866, 502, 636
3867, 14, 194
3868, 317, 732
3869, 266, 894
3870, 549, 642
3871, 219, 574
3872, 326, 664
3873, 565, 747
3874, 127, 329
3875, 421, 913
3876, 138, 365
3877, 119, 785
3878, 2, 942
3879, 155, 558
3880, 505, 966
3881, 48, 709
3882, 323, 550
3883, 637, 774
3884, 723, 887
3885, 161, 384
3886, 185, 198
3887, 97, 811
3888, 348, 493
3889, 339, 592
3890, 414, 828
3891, 306, 976
3892, 207, 320
3893, 275, 631
3894, 361, 921
3895, 429, 643
3896, 499, 568
3897, 686, 866
3898, 914, 994
3899, 796, 933
3900, 225, 767
3901, 241, 864
3902, 61, 756
3903, 12, 307
3904, 212, 671
3905, 269, 706
3906, 283, 616
3907, 390, 872
3908, 644, 676
3909, 282, 527
3910, 675, 963
3911, 608, 853
3912, 223, 759
3913, 102, 455
3914, 512, 898
3915, 374, 804
3916, 419, 939
3917, 474, 605
3918, 217, 224
3919, 11, 287
3920, 9, 555
3921, 117, 697
3922, 183, 775
3923, 233, 551
3924, 821, 854
3925, 216, 875
3926, 560, 841
3927, 285, 331
3928, 111, 700
3929, 78, 852
3930, 52, 669
3931, 410, 758
3932, 136, 867
3933, 311, 701
3934, 449, 893
3935, 470, 731
3936, 525, 876
3937, 819, 884
3938, 324, 342
3939, 108, 383
3940, 681, 729
3941, 90, 704
3942, 107, 924
3943, 33, 995
3944, 163, 801
3945, 537, 717
3946, 42, 728
3947, 536, 541
3948, 272, 780
3949, 75, 95
3950, 128, 447
3951, 255, 402
3952, 270, 988
3953, 368, 556
3954, 164, 800
3955, 487, 818
3956, 290, 358
3957, 504, 789
3958, 450, 770
3959, 587, 607
3960, 29, 430
3961, 657, 833
3962, 615, 912
3963, 103, 152
3964, 71, 719
3965, 288, 959
3966, 552, 563
3967, 352, 692
3968, 205, 712
3969, 554, 599
3970, 150, 617
3971, 741, 888
3972, 478, 880
3973, 466, 583
3974, 472, 996
3975, 406, 805
3976, 432, 626
3977, 197, 998
3978, 812, 953
3979, 480, 518
3980, 404, 810
3981, 620, 766
3982, 521, 623
3983, 423, 809
3984, 60, 96
3985, 15, 22
3986, 260, 744
3987, 535, 713
3988, 191, 520
3989, 815, 954
3990, 443, 663
3991, 345, 645
3992, 321, 619
3993, 188, 660
3994, 237, 375
3995, 490, 584
3996, 289, 992
3997, 398, 896
3998, 417, 984
3999, 57, 343
4000, 703, 883
