id, img1, img2
1, 237, 921
2, 219, 444
3, 432, 929
4, 601, 729
5, 506, 841
6, 5, 666
7, 317, 868
8, 138, 277
9, 258, 307
10, 394, 595
11, 179, 623
12, 875, 933
13, 12, 925
14, 145, 763
15, 30, 113
16, 525, 795
17, 393, 522
18, 208, 887
19, 310, 802
20, 236, 339
21, 98, 655
22, 247, 287
23, 301, 986
24, 139, 891
25, 586, 829
26, 427, 826
27, 708, 842
28, 874, 947
29, 450, 956
30, 610, 649
31, 190, 815
32, 82, 149
33, 83, 989
34, 202, 582
35, 223, 889
36, 371, 658
37, 57, 507
38, 233, 886
39, 362, 695
40, 90, 354
41, 38, 881
42, 551, 704
43, 387, 877
44, 395, 724
45, 381, 435
46, 259, 674
47, 637, 707
48, 43, 807
49, 58, 187
50, 281, 348
51, 167, 722
52, 780, 946
53, 108, 116
54, 581, 890
55, 793, 866
56, 654, 902
57, 329, 967
58, 731, 990
59, 200, 549
60, 439, 664
61, 638, 916
62, 217, 822
63, 62, 705
64, 147, 521
65, 171, 871
66, 231, 629
67, 22, 589
68, 28, 940
69, 93, 442
70, 252, 892
71, 228, 535
72, 347, 965
73, 216, 870
74, 130, 490
75, 896, 935
76, 21, 865
77, 513, 726
78, 104, 514
79, 346, 931
80, 417, 429
81, 569, 985
82, 18, 938
83, 285, 342
84, 645, 971
85, 607, 768
86, 193, 479
87, 392, 861
88, 96, 583
89, 72, 504
90, 146, 944
91, 378, 720
92, 215, 276
93, 270, 846
94, 319, 774
95, 373, 961
96, 105, 998
97, 51, 539
98, 345, 516
99, 412, 483
100, 635, 955
101, 210, 405
102, 660, 785
103, 204, 980
104, 749, 856
105, 94, 323
106, 794, 963
107, 20, 166
108, 268, 284
109, 598, 789
110, 275, 419
111, 403, 950
112, 107, 376
113, 819, 888
114, 55, 650
115, 341, 867
116, 45, 421
117, 67, 681
118, 318, 433
119, 701, 849
120, 709, 840
121, 254, 930
122, 475, 893
123, 133, 488
124, 201, 905
125, 183, 778
126, 180, 924
127, 723, 939
128, 271, 805
129, 430, 465
130, 137, 272
131, 538, 620
132, 289, 873
133, 68, 243
134, 199, 528
135, 385, 640
136, 79, 503
137, 486, 684
138, 351, 541
139, 111, 692
140, 42, 434
141, 315, 437
142, 39, 562
143, 244, 667
144, 224, 719
145, 87, 192
146, 557, 799
147, 474, 693
148, 529, 983
149, 631, 759
150, 325, 480
151, 264, 984
152, 300, 532
153, 241, 976
154, 112, 309
155, 386, 560
156, 206, 316
157, 198, 907
158, 661, 895
159, 352, 391
160, 359, 766
161, 690, 972
162, 471, 996
163, 353, 534
164, 153, 585
165, 121, 821
166, 330, 596
167, 76, 814
168, 592, 835
169, 415, 745
170, 753, 787
171, 188, 320
172, 7, 15
173, 246, 250
174, 77, 332
175, 84, 630
176, 129, 519
177, 360, 408
178, 688, 725
179, 92, 634
180, 168, 436
181, 423, 622
182, 279, 556
183, 37, 498
184, 127, 970
185, 4, 207
186, 36, 524
187, 943, 953
188, 918, 975
189, 446, 554
190, 382, 837
191, 142, 636
192, 625, 627
193, 240, 283
194, 850, 910
195, 27, 665
196, 131, 467
197, 209, 992
198, 1, 969
199, 280, 800
200, 440, 633
201, 788, 900
202, 547, 954
203, 742, 978
204, 26, 733
205, 644, 948
206, 53, 195
207, 124, 869
208, 282, 377
209, 344, 786
210, 186, 697
211, 278, 811
212, 740, 743
213, 102, 229
214, 909, 968
215, 545, 836
216, 448, 643
217, 141, 732
218, 322, 614
219, 59, 526
220, 239, 402
221, 64, 349
222, 862, 991
223, 406, 407
224, 56, 912
225, 515, 847
226, 698, 718
227, 175, 982
228, 784, 831
229, 590, 730
230, 396, 508
231, 150, 606
232, 73, 494
233, 266, 290
234, 619, 839
235, 478, 852
236, 17, 563
237, 457, 662
238, 136, 213
239, 311, 313
240, 493, 964
241, 52, 711
242, 157, 838
243, 212, 572
244, 647, 834
245, 63, 599
246, 293, 735
247, 564, 898
248, 60, 308
249, 14, 859
250, 265, 297
251, 443, 937
252, 542, 809
253, 388, 813
254, 226, 399
255, 71, 453
256, 75, 452
257, 100, 369
258, 546, 628
259, 134, 464
260, 409, 906
261, 441, 854
262, 114, 460
263, 425, 851
264, 197, 449
265, 31, 951
266, 135, 242
267, 306, 469
268, 292, 461
269, 155, 375
270, 222, 602
271, 125, 174
272, 34, 46
273, 144, 806
274, 10, 181
275, 782, 927
276, 54, 917
277, 238, 958
278, 505, 611
279, 400, 533
280, 305, 682
281, 302, 485
282, 86, 194
283, 33, 454
284, 527, 653
285, 296, 714
286, 361, 804
287, 570, 973
288, 126, 227
289, 251, 706
290, 398, 897
291, 517, 552
292, 230, 298
293, 41, 566
294, 609, 792
295, 358, 798
296, 23, 626
297, 523, 608
298, 844, 848
299, 261, 424
300, 140, 845
301, 85, 648
302, 304, 824
303, 299, 489
304, 253, 677
305, 291, 884
306, 326, 748
307, 97, 234
308, 220, 338
309, 810, 857
310, 255, 717
311, 88, 876
312, 182, 651
313, 691, 942
314, 120, 754
315, 597, 713
316, 413, 959
317, 331, 414
318, 9, 561
319, 621, 669
320, 8, 531
321, 721, 894
322, 74, 328
323, 156, 757
324, 269, 685
325, 659, 675
326, 350, 949
327, 249, 512
328, 232, 364
329, 694, 767
330, 44, 257
331, 196, 710
332, 49, 303
333, 95, 274
334, 294, 770
335, 99, 922
336, 550, 830
337, 565, 941
338, 703, 960
339, 211, 737
340, 652, 923
341, 314, 491
342, 29, 758
343, 185, 356
344, 410, 468
345, 151, 502
346, 178, 676
347, 700, 832
348, 646, 825
349, 796, 817
350, 263, 267
351, 803, 974
352, 801, 808
353, 312, 833
354, 123, 321
355, 89, 858
356, 438, 860
357, 458, 603
358, 25, 558
359, 530, 855
360, 568, 605
361, 466, 751
362, 48, 678
363, 588, 772
364, 773, 1000
365, 101, 977
366, 495, 771
367, 496, 843
368, 169, 913
369, 509, 584
370, 109, 752
371, 11, 642
372, 580, 728
373, 340, 511
374, 148, 764
375, 462, 812
376, 3, 966
377, 472, 741
378, 455, 911
379, 132, 172
380, 482, 594
381, 337, 816
382, 500, 687
383, 106, 367
384, 686, 775
385, 579, 663
386, 618, 783
387, 615, 776
388, 683, 993
389, 370, 372
390, 205, 761
391, 128, 160
392, 520, 668
393, 50, 327
394, 61, 203
395, 671, 981
396, 117, 632
397, 143, 366
398, 47, 397
399, 103, 994
400, 672, 679
401, 379, 853
402, 335, 747
403, 324, 431
404, 286, 411
405, 445, 540
406, 716, 739
407, 451, 699
408, 66, 823
409, 548, 880
410, 384, 765
411, 245, 343
412, 426, 957
413, 80, 81
414, 273, 456
415, 374, 738
416, 40, 487
417, 336, 497
418, 115, 447
419, 872, 979
420, 820, 863
421, 154, 357
422, 221, 901
423, 35, 333
424, 262, 600
425, 389, 404
426, 555, 777
427, 91, 899
428, 16, 159
429, 673, 744
430, 225, 492
431, 510, 680
432, 184, 999
433, 501, 639
434, 355, 926
435, 122, 936
436, 295, 617
437, 2, 484
438, 574, 995
439, 158, 191
440, 163, 170
441, 791, 879
442, 459, 567
443, 78, 559
444, 689, 755
445, 470, 612
446, 712, 727
447, 176, 904
448, 368, 537
449, 165, 575
450, 553, 987
451, 248, 422
452, 24, 499
453, 428, 934
454, 70, 928
455, 118, 235
456, 401, 746
457, 544, 702
458, 885, 997
459, 365, 762
460, 162, 779
461, 481, 518
462, 164, 543
463, 657, 919
464, 177, 380
465, 260, 363
466, 756, 932
467, 19, 641
468, 390, 591
469, 476, 573
470, 463, 920
471, 864, 945
472, 420, 769
473, 152, 218
474, 576, 734
475, 736, 883
476, 288, 952
477, 119, 760
478, 781, 797
479, 32, 334
480, 69, 613
481, 750, 882
482, 383, 536
483, 418, 715
484, 604, 818
485, 670, 827
486, 571, 587
487, 214, 915
488, 878, 903
489, 696, 908
490, 13, 477
491, 189, 962
492, 6, 624
493, 173, 828
494, 416, 790
495, 577, 593
496, 616, 656
497, 578, 914
498, 110, 473
499, 161, 988
500, 65, 256
501, 115, 734
502, 156, 709
503, 29, 196
504, 232, 575
505, 77, 693
506, 613, 704
507, 533, 752
508, 515, 523
509, 223, 245
510, 94, 280
511, 962, 994
512, 61, 98
513, 309, 851
514, 403, 844
515, 352, 984
516, 43, 733
517, 123, 785
518, 407, 708
519, 198, 856
520, 90, 602
521, 125, 932
522, 473, 900
523, 547, 999
524, 536, 742
525, 169, 768
526, 355, 444
527, 795, 836
528, 320, 436
529, 387, 983
530, 175, 316
531, 665, 912
532, 266, 936
533, 427, 884
534, 54, 911
535, 367, 776
536, 514, 945
537, 240, 414
538, 146, 256
539, 178, 631
540, 102, 363
541, 220, 603
542, 241, 995
543, 158, 687
544, 75, 986
545, 39, 735
546, 313, 338
547, 691, 696
548, 318, 847
549, 342, 920
550, 686, 888
551, 5, 660
552, 80, 952
553, 97, 538
554, 132, 152
555, 379, 511
556, 778, 830
557, 60, 72
558, 109, 777
559, 238, 727
560, 796, 929
561, 134, 494
562, 194, 640
563, 517, 871
564, 275, 512
565, 334, 760
566, 910, 954
567, 373, 958
568, 228, 340
569, 299, 605
570, 380, 650
571, 259, 725
572, 761, 924
573, 18, 99
574, 364, 953
575, 845, 957
576, 11, 657
577, 148, 831
578, 40, 565
579, 376, 522
580, 311, 424
581, 314, 426
582, 685, 738
583, 63, 670
584, 510, 549
585, 327, 878
586, 30, 423
587, 361, 868
588, 526, 622
589, 67, 862
590, 505, 861
591, 69, 120
592, 149, 820
593, 184, 377
594, 142, 177
595, 101, 215
596, 208, 905
597, 654, 726
598, 159, 534
599, 385, 537
600, 128, 368
601, 81, 601
602, 286, 923
603, 312, 584
604, 279, 300
605, 662, 769
606, 35, 545
607, 317, 509
608, 32, 977
609, 513, 877
610, 285, 557
611, 698, 784
612, 491, 812
613, 454, 951
614, 108, 944
615, 679, 926
616, 743, 824
617, 461, 658
618, 378, 487
619, 497, 797
620, 498, 762
621, 3, 852
622, 157, 799
623, 808, 915
624, 218, 356
625, 641, 689
626, 633, 869
627, 76, 872
628, 248, 600
629, 68, 667
630, 197, 443
631, 301, 917
632, 38, 477
633, 26, 182
634, 366, 634
635, 258, 604
636, 464, 713
637, 227, 750
638, 124, 539
639, 638, 940
640, 136, 749
641, 701, 997
642, 652, 783
643, 33, 774
644, 596, 758
645, 432, 779
646, 20, 229
647, 179, 906
648, 413, 626
649, 85, 500
650, 579, 672
651, 571, 931
652, 9, 775
653, 635, 902
654, 53, 798
655, 519, 663
656, 400, 732
657, 637, 651
658, 365, 610
659, 838, 916
660, 57, 390
661, 70, 411
662, 272, 437
663, 343, 943
664, 746, 837
665, 593, 714
666, 772, 882
667, 354, 460
668, 284, 305
669, 328, 767
670, 277, 870
671, 729, 998
672, 10, 249
673, 31, 801
674, 83, 611
675, 574, 860
676, 433, 993
677, 331, 502
678, 170, 966
679, 341, 805
680, 415, 859
681, 252, 422
682, 302, 617
683, 186, 969
684, 233, 467
685, 195, 216
686, 176, 203
687, 406, 996
688, 308, 960
689, 239, 683
690, 789, 875
691, 17, 718
692, 598, 627
693, 162, 483
694, 209, 857
695, 608, 982
696, 290, 794
697, 86, 254
698, 751, 754
699, 49, 981
700, 395, 722
701, 401, 724
702, 59, 447
703, 45, 250
704, 889, 990
705, 628, 865
706, 166, 935
707, 121, 700
708, 242, 243
709, 230, 597
710, 129, 979
711, 111, 336
712, 674, 867
713, 307, 770
714, 788, 989
715, 79, 636
716, 1, 7
717, 450, 707
718, 445, 532
719, 353, 988
720, 744, 946
721, 84, 453
722, 171, 490
723, 28, 62
724, 22, 288
725, 24, 518
726, 165, 489
727, 371, 967
728, 448, 896
729, 321, 893
730, 359, 621
731, 541, 625
732, 122, 653
733, 88, 753
734, 570, 580
735, 656, 811
736, 82, 351
737, 325, 823
738, 151, 451
739, 268, 528
740, 516, 855
741, 507, 832
742, 529, 780
743, 217, 835
744, 466, 619
745, 56, 747
746, 91, 821
747, 34, 840
748, 126, 848
749, 410, 493
750, 404, 599
751, 207, 922
752, 234, 817
753, 383, 846
754, 586, 964
755, 659, 903
756, 92, 112
757, 246, 559
758, 350, 959
759, 552, 815
760, 51, 839
761, 873, 898
762, 624, 677
763, 21, 710
764, 581, 818
765, 15, 172
766, 41, 332
767, 100, 885
768, 492, 577
769, 326, 465
770, 310, 842
771, 469, 615
772, 563, 942
773, 143, 963
774, 66, 697
775, 283, 645
776, 190, 293
777, 525, 550
778, 370, 431
779, 339, 496
780, 543, 771
781, 93, 204
782, 476, 895
783, 168, 566
784, 646, 909
785, 153, 271
786, 219, 544
787, 236, 928
788, 119, 357
789, 6, 876
790, 417, 446
791, 449, 894
792, 255, 938
793, 202, 224
794, 103, 470
795, 113, 913
796, 73, 231
797, 58, 740
798, 736, 918
799, 412, 737
800, 333, 607
801, 763, 849
802, 329, 482
803, 346, 542
804, 295, 970
805, 191, 695
806, 174, 561
807, 527, 591
808, 553, 609
809, 13, 782
810, 23, 933
811, 322, 562
812, 281, 535
813, 330, 372
814, 180, 546
815, 478, 719
816, 632, 939
817, 802, 891
818, 71, 282
819, 381, 881
820, 304, 792
821, 139, 439
822, 87, 664
823, 594, 850
824, 298, 883
825, 110, 791
826, 430, 666
827, 614, 720
828, 25, 369
829, 138, 398
830, 472, 551
831, 167, 247
832, 104, 399
833, 117, 212
834, 759, 937
835, 161, 887
836, 555, 864
837, 106, 274
838, 435, 438
839, 189, 418
840, 520, 647
841, 386, 501
842, 74, 442
843, 564, 806
844, 133, 270
845, 27, 644
846, 819, 897
847, 394, 540
848, 335, 813
849, 291, 816
850, 42, 471
851, 360, 495
852, 164, 649
853, 213, 362
854, 699, 874
855, 642, 764
856, 260, 841
857, 137, 319
858, 201, 914
859, 263, 468
860, 455, 560
861, 703, 787
862, 130, 675
863, 150, 556
864, 639, 843
865, 866, 949
866, 827, 955
867, 114, 755
868, 457, 728
869, 127, 807
870, 441, 474
871, 95, 145
872, 567, 901
873, 623, 974
874, 273, 358
875, 14, 375
876, 569, 588
877, 78, 480
878, 251, 572
879, 731, 919
880, 141, 717
881, 374, 781
882, 337, 907
883, 16, 504
884, 47, 810
885, 276, 578
886, 531, 853
887, 257, 587
888, 105, 661
889, 590, 822
890, 499, 828
891, 163, 757
892, 648, 673
893, 676, 825
894, 116, 694
895, 206, 688
896, 192, 459
897, 397, 800
898, 347, 892
899, 324, 766
900, 419, 948
901, 682, 692
902, 479, 786
903, 210, 420
904, 193, 481
905, 37, 64
906, 235, 741
907, 46, 306
908, 118, 188
909, 278, 582
910, 521, 583
911, 303, 475
912, 384, 950
913, 554, 595
914, 36, 392
915, 506, 612
916, 294, 715
917, 4, 160
918, 976, 992
919, 630, 904
920, 154, 706
921, 486, 573
922, 393, 606
923, 382, 508
924, 344, 668
925, 253, 705
926, 589, 863
927, 181, 669
928, 723, 793
929, 205, 978
930, 55, 396
931, 107, 269
932, 440, 972
933, 790, 814
934, 680, 880
935, 773, 985
936, 349, 739
937, 140, 296
938, 264, 681
939, 267, 452
940, 408, 730
941, 185, 315
942, 425, 987
943, 50, 548
944, 834, 925
945, 12, 429
946, 530, 702
947, 620, 826
948, 19, 458
949, 183, 947
950, 48, 941
951, 155, 222
952, 187, 908
953, 463, 485
954, 89, 144
955, 211, 643
956, 968, 1000
957, 416, 618
958, 655, 716
959, 237, 391
960, 879, 890
961, 462, 756
962, 684, 745
963, 226, 629
964, 44, 930
965, 199, 690
966, 2, 833
967, 214, 323
968, 8, 348
969, 388, 803
970, 568, 678
971, 287, 721
972, 524, 854
973, 405, 927
974, 135, 765
975, 965, 980
976, 488, 712
977, 131, 456
978, 409, 921
979, 484, 804
980, 402, 934
981, 265, 389
982, 576, 592
983, 345, 961
984, 147, 858
985, 96, 711
986, 52, 200
987, 671, 971
988, 292, 558
989, 297, 434
990, 829, 975
991, 65, 289
992, 262, 886
993, 261, 991
994, 173, 809
995, 225, 421
996, 748, 899
997, 221, 585
998, 244, 503
999, 616, 956
1000, 428, 973
1001, 236, 299
1002, 625, 681
1003, 408, 523
1004, 592, 760
1005, 522, 694
1006, 285, 925
1007, 202, 797
1008, 782, 990
1009, 734, 778
1010, 630, 817
1011, 511, 895
1012, 19, 217
1013, 72, 732
1014, 564, 946
1015, 37, 267
1016, 397, 784
1017, 129, 512
1018, 157, 233
1019, 353, 390
1020, 3, 934
1021, 298, 888
1022, 447, 594
1023, 247, 819
1024, 947, 951
1025, 379, 849
1026, 496, 576
1027, 316, 678
1028, 27, 250
1029, 737, 899
1030, 220, 273
1031, 540, 770
1032, 188, 386
1033, 346, 865
1034, 200, 271
1035, 22, 900
1036, 212, 884
1037, 517, 786
1038, 104, 145
1039, 363, 425
1040, 474, 701
1041, 572, 747
1042, 210, 478
1043, 152, 943
1044, 743, 805
1045, 222, 300
1046, 277, 781
1047, 28, 711
1048, 400, 641
1049, 289, 827
1050, 71, 855
1051, 449, 936
1052, 266, 740
1053, 87, 746
1054, 29, 997
1055, 258, 502
1056, 456, 659
1057, 295, 314
1058, 368, 1000
1059, 600, 957
1060, 409, 707
1061, 894, 987
1062, 281, 901
1063, 336, 720
1064, 207, 924
1065, 663, 779
1066, 577, 620
1067, 240, 446
1068, 467, 509
1069, 347, 756
1070, 204, 702
1071, 579, 589
1072, 227, 429
1073, 268, 615
1074, 361, 921
1075, 20, 130
1076, 96, 838
1077, 291, 530
1078, 153, 948
1079, 826, 907
1080, 536, 933
1081, 83, 228
1082, 92, 442
1083, 89, 90
1084, 118, 178
1085, 16, 862
1086, 137, 296
1087, 131, 773
1088, 352, 479
1089, 391, 919
1090, 224, 573
1091, 738, 752
1092, 164, 360
1093, 350, 637
1094, 776, 882
1095, 206, 880
1096, 243, 411
1097, 533, 590
1098, 858, 970
1099, 47, 430
1100, 418, 755
1101, 124, 766
1102, 40, 133
1103, 14, 213
1104, 138, 685
1105, 161, 387
1106, 312, 984
1107, 205, 674
1108, 902, 971
1109, 413, 633
1110, 208, 965
1111, 555, 994
1112, 497, 811
1113, 190, 331
1114, 34, 434
1115, 57, 875
1116, 610, 873
1117, 383, 722
1118, 503, 909
1119, 597, 640
1120, 17, 396
1121, 51, 926
1122, 180, 644
1123, 432, 939
1124, 116, 377
1125, 282, 991
1126, 795, 887
1127, 837, 857
1128, 623, 842
1129, 194, 988
1130, 376, 562
1131, 457, 998
1132, 458, 953
1133, 196, 531
1134, 399, 688
1135, 691, 995
1136, 113, 726
1137, 122, 792
1138, 221, 645
1139, 50, 520
1140, 619, 671
1141, 234, 470
1142, 169, 466
1143, 70, 461
1144, 440, 772
1145, 182, 275
1146, 320, 918
1147, 565, 593
1148, 306, 892
1149, 301, 690
1150, 45, 647
1151, 495, 580
1152, 35, 235
1153, 686, 820
1154, 679, 980
1155, 459, 529
1156, 12, 388
1157, 166, 785
1158, 490, 767
1159, 198, 616
1160, 117, 801
1161, 231, 287
1162, 356, 532
1163, 780, 802
1164, 569, 665
1165, 98, 800
1166, 265, 326
1167, 605, 727
1168, 728, 961
1169, 86, 636
1170, 115, 864
1171, 655, 762
1172, 297, 489
1173, 417, 606
1174, 102, 660
1175, 883, 886
1176, 304, 854
1177, 557, 709
1178, 327, 500
1179, 627, 648
1180, 550, 881
1181, 88, 646
1182, 76, 601
1183, 319, 833
1184, 123, 541
1185, 237, 385
1186, 445, 493
1187, 110, 367
1188, 450, 595
1189, 452, 551
1190, 150, 830
1191, 507, 714
1192, 448, 730
1193, 67, 544
1194, 341, 542
1195, 718, 861
1196, 751, 940
1197, 638, 698
1198, 132, 290
1199, 706, 910
1200, 81, 330
1201, 410, 983
1202, 148, 866
1203, 414, 879
1204, 99, 343
1205, 68, 292
1206, 715, 739
1207, 335, 574
1208, 82, 264
1209, 280, 868
1210, 582, 598
1211, 126, 962
1212, 119, 558
1213, 853, 978
1214, 570, 958
1215, 527, 649
1216, 216, 371
1217, 483, 561
1218, 253, 424
1219, 245, 519
1220, 506, 763
1221, 43, 658
1222, 111, 775
1223, 841, 878
1224, 263, 749
1225, 937, 976
1226, 546, 735
1227, 705, 768
1228, 481, 719
1229, 10, 973
1230, 548, 846
1231, 127, 201
1232, 568, 977
1233, 251, 774
1234, 675, 825
1235, 710, 835
1236, 810, 932
1237, 85, 173
1238, 108, 757
1239, 120, 986
1240, 174, 433
1241, 106, 419
1242, 25, 581
1243, 7, 192
1244, 248, 538
1245, 587, 889
1246, 274, 394
1247, 97, 156
1248, 4, 804
1249, 469, 477
1250, 578, 673
1251, 381, 840
1252, 302, 618
1253, 30, 46
1254, 168, 472
1255, 438, 929
1256, 498, 982
1257, 334, 981
1258, 559, 960
1259, 154, 345
1260, 49, 930
1261, 172, 339
1262, 177, 252
1263, 159, 473
1264, 380, 905
1265, 141, 239
1266, 158, 927
1267, 788, 808
1268, 114, 254
1269, 80, 612
1270, 809, 818
1271, 687, 975
1272, 545, 911
1273, 262, 494
1274, 338, 588
1275, 332, 871
1276, 286, 357
1277, 426, 504
1278, 59, 197
1279, 226, 528
1280, 323, 462
1281, 349, 443
1282, 303, 465
1283, 53, 985
1284, 676, 824
1285, 64, 322
1286, 488, 534
1287, 744, 874
1288, 713, 777
1289, 184, 839
1290, 549, 642
1291, 149, 163
1292, 278, 628
1293, 441, 643
1294, 112, 903
1295, 143, 260
1296, 215, 794
1297, 614, 923
1298, 370, 793
1299, 807, 898
1300, 382, 967
1301, 309, 867
1302, 515, 829
1303, 682, 945
1304, 904, 992
1305, 662, 999
1306, 219, 972
1307, 269, 955
1308, 1, 700
1309, 329, 754
1310, 486, 798
1311, 321, 885
1312, 283, 745
1313, 48, 468
1314, 39, 521
1315, 317, 834
1316, 32, 342
1317, 44, 510
1318, 328, 771
1319, 41, 365
1320, 185, 831
1321, 79, 974
1322, 191, 851
1323, 125, 453
1324, 105, 876
1325, 344, 602
1326, 42, 716
1327, 717, 944
1328, 366, 843
1329, 816, 954
1330, 677, 844
1331, 6, 230
1332, 313, 661
1333, 8, 311
1334, 155, 436
1335, 225, 471
1336, 94, 480
1337, 652, 860
1338, 721, 789
1339, 284, 723
1340, 160, 307
1341, 232, 431
1342, 259, 513
1343, 525, 556
1344, 629, 656
1345, 622, 828
1346, 65, 255
1347, 272, 499
1348, 412, 916
1349, 697, 993
1350, 375, 764
1351, 121, 609
1352, 246, 384
1353, 167, 276
1354, 257, 996
1355, 358, 378
1356, 175, 591
1357, 407, 806
1358, 337, 567
1359, 451, 742
1360, 211, 315
1361, 554, 856
1362, 651, 669
1363, 13, 666
1364, 435, 699
1365, 487, 959
1366, 2, 21
1367, 369, 501
1368, 741, 964
1369, 634, 635
1370, 398, 914
1371, 703, 850
1372, 492, 750
1373, 672, 870
1374, 181, 293
1375, 146, 324
1376, 23, 692
1377, 415, 928
1378, 491, 604
1379, 56, 695
1380, 171, 308
1381, 179, 553
1382, 689, 968
1383, 9, 405
1384, 100, 389
1385, 915, 917
1386, 135, 729
1387, 373, 799
1388, 505, 896
1389, 62, 439
1390, 33, 537
1391, 73, 596
1392, 84, 624
1393, 585, 680
1394, 77, 142
1395, 189, 621
1396, 24, 869
1397, 395, 836
1398, 454, 626
1399, 238, 704
1400, 103, 401
1401, 162, 187
1402, 560, 632
1403, 199, 288
1404, 318, 667
1405, 78, 193
1406, 249, 845
1407, 832, 941
1408, 526, 952
1409, 128, 518
1410, 563, 922
1411, 186, 821
1412, 195, 403
1413, 294, 956
1414, 101, 693
1415, 790, 908
1416, 485, 847
1417, 340, 372
1418, 242, 684
1419, 183, 359
1420, 139, 209
1421, 420, 566
1422, 26, 654
1423, 355, 427
1424, 52, 362
1425, 583, 935
1426, 423, 607
1427, 310, 460
1428, 890, 893
1429, 109, 603
1430, 444, 949
1431, 31, 608
1432, 516, 814
1433, 796, 920
1434, 63, 422
1435, 270, 664
1436, 748, 897
1437, 406, 787
1438, 508, 931
1439, 348, 906
1440, 229, 859
1441, 5, 140
1442, 708, 761
1443, 351, 670
1444, 261, 464
1445, 165, 571
1446, 18, 421
1447, 38, 872
1448, 244, 279
1449, 463, 963
1450, 393, 813
1451, 803, 877
1452, 736, 759
1453, 650, 913
1454, 66, 176
1455, 547, 611
1456, 136, 428
1457, 524, 712
1458, 657, 848
1459, 482, 552
1460, 455, 942
1461, 241, 912
1462, 170, 586
1463, 61, 404
1464, 74, 93
1465, 203, 822
1466, 639, 966
1467, 134, 668
1468, 969, 989
1469, 214, 724
1470, 69, 305
1471, 54, 374
1472, 475, 783
1473, 144, 151
1474, 333, 543
1475, 731, 758
1476, 95, 484
1477, 60, 575
1478, 15, 891
1479, 733, 765
1480, 325, 416
1481, 354, 364
1482, 476, 753
1483, 437, 769
1484, 256, 653
1485, 55, 791
1486, 402, 938
1487, 58, 535
1488, 613, 823
1489, 631, 852
1490, 223, 514
1491, 392, 683
1492, 584, 950
1493, 617, 863
1494, 11, 815
1495, 218, 539
1496, 599, 812
1497, 107, 147
1498, 36, 91
1499, 696, 725
1500, 75, 979
1501, 494, 506
1502, 430, 739
1503, 76, 136
1504, 317, 956
1505, 861, 950
1506, 648, 786
1507, 119, 538
1508, 269, 757
1509, 331, 928
1510, 107, 492
1511, 221, 422
1512, 824, 988
1513, 286, 719
1514, 253, 637
1515, 315, 717
1516, 176, 797
1517, 328, 952
1518, 279, 469
1519, 310, 481
1520, 173, 505
1521, 444, 690
1522, 484, 733
1523, 572, 900
1524, 4, 570
1525, 680, 991
1526, 369, 933
1527, 188, 377
1528, 239, 455
1529, 17, 697
1530, 127, 335
1531, 462, 634
1532, 289, 389
1533, 114, 394
1534, 81, 344
1535, 439, 486
1536, 125, 446
1537, 135, 342
1538, 218, 614
1539, 96, 865
1540, 363, 808
1541, 940, 984
1542, 456, 834
1543, 398, 811
1544, 32, 524
1545, 39, 582
1546, 258, 354
1547, 497, 623
1548, 667, 996
1549, 292, 783
1550, 812, 854
1551, 123, 316
1552, 192, 234
1553, 346, 461
1554, 161, 231
1555, 45, 504
1556, 256, 962
1557, 490, 564
1558, 300, 832
1559, 213, 547
1560, 374, 611
1561, 499, 807
1562, 12, 533
1563, 166, 640
1564, 72, 408
1565, 223, 332
1566, 393, 541
1567, 249, 819
1568, 720, 989
1569, 318, 399
1570, 129, 168
1571, 251, 595
1572, 33, 73
1573, 364, 963
1574, 659, 829
1575, 215, 586
1576, 138, 774
1577, 46, 684
1578, 84, 352
1579, 194, 618
1580, 133, 493
1581, 304, 887
1582, 750, 888
1583, 590, 716
1584, 431, 589
1585, 441, 788
1586, 64, 205
1587, 412, 772
1588, 285, 420
1589, 450, 777
1590, 565, 798
1591, 121, 230
1592, 115, 867
1593, 47, 721
1594, 3, 958
1595, 158, 877
1596, 673, 685
1597, 502, 930
1598, 475, 491
1599, 314, 973
1600, 58, 163
1601, 599, 682
1602, 260, 764
1603, 567, 823
1604, 520, 766
1605, 202, 281
1606, 169, 884
1607, 698, 809
1608, 479, 749
1609, 153, 440
1610, 320, 403
1611, 330, 771
1612, 159, 776
1613, 13, 516
1614, 401, 517
1615, 488, 620
1616, 303, 895
1617, 149, 478
1618, 434, 838
1619, 376, 899
1620, 528, 960
1621, 237, 348
1622, 23, 311
1623, 126, 573
1624, 214, 970
1625, 345, 862
1626, 349, 358
1627, 385, 924
1628, 894, 975
1629, 38, 384
1630, 124, 910
1631, 51, 232
1632, 323, 489
1633, 353, 498
1634, 600, 787
1635, 458, 909
1636, 99, 615
1637, 90, 148
1638, 55, 844
1639, 552, 796
1640, 193, 563
1641, 165, 885
1642, 19, 448
1643, 175, 338
1644, 454, 557
1645, 110, 649
1646, 679, 866
1647, 814, 879
1648, 63, 945
1649, 416, 840
1650, 841, 850
1651, 410, 566
1652, 6, 714
1653, 273, 839
1654, 85, 157
1655, 373, 551
1656, 495, 584
1657, 7, 515
1658, 229, 624
1659, 190, 949
1660, 22, 912
1661, 94, 927
1662, 671, 904
1663, 501, 740
1664, 319, 559
1665, 62, 134
1666, 144, 702
1667, 199, 219
1668, 57, 558
1669, 196, 576
1670, 681, 820
1671, 674, 983
1672, 154, 413
1673, 509, 765
1674, 56, 913
1675, 189, 355
1676, 710, 853
1677, 597, 604
1678, 80, 117
1679, 15, 822
1680, 298, 676
1681, 678, 935
1682, 598, 653
1683, 562, 627
1684, 388, 638
1685, 241, 815
1686, 519, 622
1687, 642, 803
1688, 407, 511
1689, 540, 655
1690, 769, 964
1691, 83, 306
1692, 816, 980
1693, 82, 617
1694, 54, 191
1695, 167, 942
1696, 395, 745
1697, 546, 700
1698, 187, 588
1699, 50, 603
1700, 375, 437
1701, 278, 312
1702, 40, 602
1703, 526, 706
1704, 160, 675
1705, 252, 383
1706, 443, 751
1707, 419, 664
1708, 172, 433
1709, 735, 848
1710, 665, 712
1711, 259, 703
1712, 69, 177
1713, 351, 707
1714, 276, 999
1715, 830, 858
1716, 105, 457
1717, 836, 863
1718, 25, 52
1719, 428, 954
1720, 186, 280
1721, 669, 946
1722, 734, 753
1723, 243, 591
1724, 782, 922
1725, 242, 977
1726, 277, 477
1727, 268, 878
1728, 264, 696
1729, 261, 580
1730, 337, 537
1731, 411, 911
1732, 228, 939
1733, 178, 652
1734, 66, 857
1735, 661, 908
1736, 88, 852
1737, 333, 729
1738, 211, 421
1739, 322, 468
1740, 245, 612
1741, 18, 849
1742, 16, 780
1743, 254, 916
1744, 709, 957
1745, 142, 587
1746, 98, 746
1747, 29, 821
1748, 503, 693
1749, 248, 727
1750, 668, 810
1751, 212, 549
1752, 610, 656
1753, 28, 579
1754, 151, 465
1755, 113, 981
1756, 459, 722
1757, 427, 483
1758, 282, 961
1759, 137, 781
1760, 48, 701
1761, 198, 539
1762, 705, 875
1763, 361, 842
1764, 571, 718
1765, 340, 901
1766, 272, 979
1767, 246, 336
1768, 301, 382
1769, 724, 976
1770, 250, 294
1771, 512, 695
1772, 367, 923
1773, 68, 181
1774, 609, 725
1775, 768, 965
1776, 201, 831
1777, 296, 871
1778, 802, 986
1779, 688, 881
1780, 594, 990
1781, 120, 891
1782, 447, 639
1783, 467, 918
1784, 26, 510
1785, 607, 651
1786, 464, 487
1787, 530, 898
1788, 116, 474
1789, 74, 379
1790, 89, 216
1791, 209, 544
1792, 79, 185
1793, 621, 699
1794, 184, 860
1795, 122, 968
1796, 270, 645
1797, 238, 805
1798, 104, 619
1799, 518, 906
1800, 704, 864
1801, 174, 263
1802, 691, 767
1803, 49, 257
1804, 929, 978
1805, 711, 892
1806, 156, 646
1807, 561, 870
1808, 220, 967
1809, 417, 793
1810, 356, 856
1811, 164, 896
1812, 625, 792
1813, 9, 944
1814, 471, 987
1815, 93, 644
1816, 2, 574
1817, 445, 859
1818, 70, 150
1819, 726, 756
1820, 100, 406
1821, 108, 222
1822, 295, 608
1823, 103, 629
1824, 86, 825
1825, 482, 583
1826, 366, 368
1827, 402, 687
1828, 514, 883
1829, 71, 386
1830, 35, 643
1831, 43, 995
1832, 663, 723
1833, 575, 626
1834, 14, 917
1835, 525, 593
1836, 109, 1000
1837, 87, 244
1838, 284, 833
1839, 329, 893
1840, 762, 921
1841, 581, 754
1842, 299, 880
1843, 97, 773
1844, 78, 485
1845, 24, 359
1846, 334, 378
1847, 654, 971
1848, 324, 835
1849, 91, 290
1850, 543, 847
1851, 554, 938
1852, 139, 473
1853, 801, 941
1854, 20, 183
1855, 480, 953
1856, 313, 426
1857, 65, 775
1858, 466, 536
1859, 210, 233
1860, 307, 905
1861, 262, 919
1862, 628, 937
1863, 508, 936
1864, 585, 800
1865, 397, 713
1866, 550, 686
1867, 53, 606
1868, 635, 778
1869, 666, 873
1870, 152, 951
1871, 372, 817
1872, 789, 872
1873, 513, 732
1874, 405, 828
1875, 470, 925
1876, 207, 391
1877, 752, 874
1878, 542, 763
1879, 288, 931
1880, 195, 287
1881, 371, 926
1882, 42, 730
1883, 60, 360
1884, 111, 630
1885, 409, 804
1886, 5, 414
1887, 283, 806
1888, 10, 845
1889, 532, 577
1890, 438, 784
1891, 162, 747
1892, 302, 453
1893, 341, 400
1894, 30, 297
1895, 435, 972
1896, 521, 535
1897, 34, 308
1898, 390, 596
1899, 112, 472
1900, 95, 425
1901, 217, 507
1902, 432, 998
1903, 200, 265
1904, 132, 203
1905, 180, 736
1906, 8, 128
1907, 305, 827
1908, 61, 731
1909, 601, 616
1910, 67, 657
1911, 647, 947
1912, 247, 476
1913, 760, 969
1914, 36, 985
1915, 404, 897
1916, 293, 914
1917, 613, 886
1918, 442, 650
1919, 102, 236
1920, 143, 387
1921, 106, 267
1922, 208, 948
1923, 636, 889
1924, 578, 851
1925, 140, 436
1926, 534, 545
1927, 347, 463
1928, 27, 794
1929, 357, 748
1930, 548, 758
1931, 339, 742
1932, 555, 672
1933, 799, 992
1934, 632, 692
1935, 529, 790
1936, 204, 932
1937, 523, 966
1938, 146, 171
1939, 44, 633
1940, 759, 994
1941, 424, 500
1942, 429, 982
1943, 737, 903
1944, 226, 868
1945, 31, 997
1946, 41, 496
1947, 326, 993
1948, 396, 959
1949, 381, 531
1950, 522, 568
1951, 423, 920
1952, 826, 843
1953, 77, 170
1954, 689, 728
1955, 350, 943
1956, 556, 743
1957, 677, 779
1958, 452, 553
1959, 197, 741
1960, 240, 641
1961, 1, 227
1962, 141, 818
1963, 182, 770
1964, 255, 869
1965, 449, 934
1966, 418, 785
1967, 321, 791
1968, 21, 683
1969, 145, 325
1970, 224, 365
1971, 837, 882
1972, 130, 370
1973, 225, 631
1974, 155, 274
1975, 75, 451
1976, 275, 605
1977, 660, 955
1978, 380, 715
1979, 291, 755
1980, 131, 415
1981, 708, 974
1982, 890, 915
1983, 309, 744
1984, 59, 795
1985, 343, 592
1986, 206, 392
1987, 271, 658
1988, 327, 460
1989, 92, 813
1990, 846, 855
1991, 37, 907
1992, 118, 179
1993, 569, 670
1994, 11, 738
1995, 147, 527
1996, 362, 902
1997, 560, 694
1998, 662, 876
1999, 235, 266
2000, 101, 761
2001, 448, 668
2002, 512, 839
2003, 817, 886
2004, 247, 859
2005, 558, 654
2006, 300, 676
2007, 451, 751
2008, 550, 659
2009, 866, 987
2010, 294, 484
2011, 125, 400
2012, 408, 580
2013, 121, 390
2014, 220, 289
2015, 555, 809
2016, 180, 206
2017, 438, 582
2018, 402, 920
2019, 141, 663
2020, 244, 912
2021, 414, 777
2022, 40, 404
2023, 18, 725
2024, 68, 915
2025, 161, 961
2026, 107, 120
2027, 264, 933
2028, 426, 842
2029, 54, 531
2030, 319, 631
2031, 55, 103
2032, 3, 382
2033, 205, 979
2034, 263, 919
2035, 379, 821
2036, 989, 995
2037, 79, 981
2038, 194, 553
2039, 722, 770
2040, 547, 603
2041, 29, 277
2042, 466, 635
2043, 133, 699
2044, 524, 858
2045, 443, 760
2046, 123, 253
2047, 188, 396
2048, 363, 861
2049, 727, 849
2050, 49, 623
2051, 327, 670
2052, 97, 878
2053, 252, 320
2054, 552, 923
2055, 291, 718
2056, 191, 916
2057, 100, 968
2058, 140, 542
2059, 301, 944
2060, 285, 862
2061, 509, 823
2062, 481, 887
2063, 372, 766
2064, 26, 546
2065, 897, 900
2066, 804, 894
2067, 148, 430
2068, 479, 991
2069, 554, 639
2070, 715, 918
2071, 442, 867
2072, 808, 963
2073, 170, 970
2074, 310, 836
2075, 336, 956
2076, 47, 195
2077, 682, 812
2078, 208, 953
2079, 281, 565
2080, 304, 893
2081, 600, 723
2082, 274, 677
2083, 576, 738
2084, 233, 827
2085, 52, 487
2086, 305, 459
2087, 185, 222
2088, 445, 694
2089, 175, 716
2090, 85, 655
2091, 818, 926
2092, 230, 695
2093, 159, 688
2094, 771, 943
2095, 74, 131
2096, 667, 813
2097, 219, 691
2098, 703, 720
2099, 407, 560
2100, 613, 864
2101, 666, 913
2102, 356, 498
2103, 6, 311
2104, 371, 704
2105, 106, 173
2106, 711, 854
2107, 35, 160
2108, 411, 427
2109, 355, 646
2110, 619, 673
2111, 62, 952
2112, 501, 674
2113, 246, 398
2114, 280, 620
2115, 515, 679
2116, 51, 705
2117, 299, 980
2118, 57, 607
2119, 192, 507
2120, 687, 752
2121, 144, 221
2122, 405, 557
2123, 181, 480
2124, 702, 830
2125, 437, 473
2126, 23, 990
2127, 744, 772
2128, 303, 376
2129, 34, 329
2130, 84, 906
2131, 1, 467
2132, 242, 323
2133, 139, 896
2134, 341, 391
2135, 132, 215
2136, 5, 36
2137, 168, 368
2138, 60, 105
2139, 258, 672
2140, 717, 734
2141, 661, 967
2142, 317, 929
2143, 232, 935
2144, 245, 669
2145, 338, 761
2146, 634, 741
2147, 573, 832
2148, 101, 874
2149, 630, 757
2150, 167, 829
2151, 938, 949
2152, 163, 596
2153, 322, 786
2154, 171, 504
2155, 45, 835
2156, 340, 523
2157, 321, 985
2158, 113, 318
2159, 488, 595
2160, 563, 567
2161, 118, 183
2162, 369, 870
2163, 210, 387
2164, 66, 977
2165, 324, 399
2166, 423, 561
2167, 127, 587
2168, 413, 728
2169, 713, 844
2170, 38, 196
2171, 207, 965
2172, 664, 875
2173, 788, 882
2174, 80, 641
2175, 227, 714
2176, 549, 815
2177, 265, 932
2178, 410, 562
2179, 282, 469
2180, 570, 625
2181, 856, 947
2182, 269, 315
2183, 147, 373
2184, 351, 505
2185, 726, 885
2186, 46, 898
2187, 73, 848
2188, 214, 353
2189, 31, 791
2190, 737, 775
2191, 15, 936
2192, 380, 796
2193, 56, 388
2194, 295, 403
2195, 628, 820
2196, 409, 729
2197, 450, 633
2198, 117, 795
2199, 326, 343
2200, 138, 764
2201, 810, 816
2202, 513, 765
2203, 272, 624
2204, 99, 238
2205, 225, 828
2206, 114, 143
2207, 462, 601
2208, 308, 845
2209, 112, 747
2210, 30, 594
2211, 78, 526
2212, 779, 950
2213, 290, 974
2214, 743, 872
2215, 151, 248
2216, 182, 708
2217, 330, 937
2218, 768, 927
2219, 283, 637
2220, 599, 732
2221, 615, 826
2222, 543, 750
2223, 10, 417
2224, 401, 719
2225, 177, 608
2226, 377, 801
2227, 216, 508
2228, 128, 922
2229, 186, 767
2230, 692, 982
2231, 802, 957
2232, 268, 846
2233, 640, 650
2234, 198, 945
2235, 792, 921
2236, 365, 840
2237, 240, 822
2238, 337, 653
2239, 64, 857
2240, 16, 934
2241, 378, 917
2242, 618, 746
2243, 19, 969
2244, 189, 384
2245, 4, 81
2246, 250, 500
2247, 540, 724
2248, 671, 852
2249, 433, 800
2250, 243, 740
2251, 489, 511
2252, 152, 606
2253, 76, 436
2254, 9, 477
2255, 129, 251
2256, 8, 491
2257, 298, 697
2258, 516, 903
2259, 44, 425
2260, 95, 819
2261, 211, 709
2262, 762, 946
2263, 412, 735
2264, 789, 962
2265, 316, 787
2266, 525, 707
2267, 733, 763
2268, 306, 794
2269, 287, 453
2270, 499, 597
2271, 314, 357
2272, 385, 424
2273, 429, 583
2274, 271, 847
2275, 389, 834
2276, 347, 559
2277, 449, 472
2278, 614, 993
2279, 428, 860
2280, 328, 383
2281, 32, 231
2282, 53, 942
2283, 235, 806
2284, 805, 997
2285, 93, 485
2286, 146, 360
2287, 65, 572
2288, 213, 292
2289, 658, 895
2290, 342, 638
2291, 745, 758
2292, 13, 460
2293, 142, 755
2294, 276, 783
2295, 381, 790
2296, 92, 890
2297, 77, 162
2298, 566, 710
2299, 136, 627
2300, 602, 986
2301, 42, 262
2302, 643, 736
2303, 158, 928
2304, 59, 184
2305, 476, 575
2306, 588, 996
2307, 130, 598
2308, 166, 496
2309, 199, 297
2310, 680, 884
2311, 212, 774
2312, 150, 435
2313, 200, 517
2314, 455, 914
2315, 397, 605
2316, 279, 648
2317, 108, 873
2318, 94, 331
2319, 96, 807
2320, 495, 773
2321, 510, 518
2322, 254, 891
2323, 617, 721
2324, 348, 354
2325, 256, 374
2326, 63, 533
2327, 257, 879
2328, 416, 475
2329, 647, 998
2330, 61, 71
2331, 350, 447
2332, 592, 871
2333, 463, 958
2334, 468, 888
2335, 493, 798
2336, 535, 948
2337, 288, 742
2338, 309, 593
2339, 2, 793
2340, 201, 636
2341, 626, 690
2342, 418, 759
2343, 519, 966
2344, 20, 386
2345, 187, 753
2346, 169, 610
2347, 444, 988
2348, 332, 406
2349, 24, 850
2350, 33, 228
2351, 939, 972
2352, 678, 811
2353, 273, 833
2354, 629, 778
2355, 632, 999
2356, 422, 604
2357, 25, 863
2358, 446, 799
2359, 190, 395
2360, 452, 797
2361, 104, 609
2362, 39, 293
2363, 223, 536
2364, 581, 904
2365, 420, 701
2366, 344, 394
2367, 456, 497
2368, 831, 869
2369, 266, 892
2370, 261, 665
2371, 239, 754
2372, 86, 415
2373, 172, 616
2374, 803, 838
2375, 88, 339
2376, 91, 978
2377, 48, 644
2378, 22, 530
2379, 622, 700
2380, 226, 855
2381, 193, 841
2382, 590, 684
2383, 534, 548
2384, 90, 591
2385, 14, 179
2386, 486, 541
2387, 528, 851
2388, 275, 346
2389, 651, 983
2390, 115, 197
2391, 464, 908
2392, 286, 889
2393, 37, 706
2394, 174, 578
2395, 514, 564
2396, 781, 910
2397, 119, 361
2398, 393, 877
2399, 134, 589
2400, 149, 335
2401, 110, 124
2402, 234, 325
2403, 145, 1000
2404, 574, 579
2405, 366, 730
2406, 11, 364
2407, 70, 307
2408, 698, 925
2409, 154, 538
2410, 69, 621
2411, 236, 471
2412, 502, 954
2413, 392, 483
2414, 611, 780
2415, 522, 973
2416, 284, 296
2417, 375, 470
2418, 571, 940
2419, 911, 984
2420, 28, 951
2421, 17, 825
2422, 122, 237
2423, 865, 883
2424, 116, 876
2425, 358, 584
2426, 434, 474
2427, 21, 586
2428, 98, 686
2429, 278, 520
2430, 440, 769
2431, 176, 370
2432, 157, 490
2433, 457, 478
2434, 155, 689
2435, 270, 899
2436, 334, 352
2437, 362, 924
2438, 249, 784
2439, 359, 656
2440, 853, 907
2441, 313, 421
2442, 441, 545
2443, 657, 683
2444, 58, 901
2445, 109, 153
2446, 137, 229
2447, 419, 439
2448, 458, 662
2449, 267, 302
2450, 312, 649
2451, 569, 693
2452, 482, 960
2453, 506, 992
2454, 432, 660
2455, 67, 685
2456, 83, 971
2457, 539, 976
2458, 165, 333
2459, 731, 756
2460, 544, 568
2461, 7, 43
2462, 89, 102
2463, 111, 241
2464, 521, 537
2465, 164, 675
2466, 126, 527
2467, 612, 645
2468, 681, 776
2469, 218, 814
2470, 748, 964
2471, 87, 494
2472, 41, 975
2473, 75, 652
2474, 465, 880
2475, 843, 868
2476, 72, 696
2477, 260, 739
2478, 532, 837
2479, 178, 941
2480, 204, 431
2481, 577, 931
2482, 461, 959
2483, 12, 349
2484, 492, 642
2485, 785, 955
2486, 551, 556
2487, 712, 881
2488, 749, 782
2489, 135, 529
2490, 202, 902
2491, 909, 930
2492, 82, 217
2493, 50, 905
2494, 454, 824
2495, 255, 994
2496, 27, 203
2497, 224, 585
2498, 156, 209
2499, 367, 503
2500, 259, 345
2501, 70, 179
2502, 459, 987
2503, 724, 853
2504, 134, 616
2505, 13, 684
2506, 71, 380
2507, 102, 197
2508, 476, 600
2509, 661, 845
2510, 215, 602
2511, 365, 399
2512, 81, 708
2513, 149, 890
2514, 191, 337
2515, 126, 294
2516, 89, 849
2517, 420, 696
2518, 902, 951
2519, 16, 996
2520, 848, 932
2521, 363, 742
2522, 471, 572
2523, 686, 769
2524, 278, 385
2525, 412, 831
2526, 138, 580
2527, 234, 576
2528, 478, 718
2529, 455, 606
2530, 596, 894
2531, 886, 938
2532, 502, 532
2533, 707, 814
2534, 839, 937
2535, 552, 986
2536, 79, 753
2537, 475, 975
2538, 308, 406
2539, 482, 775
2540, 551, 869
2541, 119, 599
2542, 74, 521
2543, 72, 777
2544, 481, 548
2545, 713, 930
2546, 85, 187
2547, 199, 503
2548, 240, 591
2549, 57, 259
2550, 489, 968
2551, 7, 948
2552, 132, 597
2553, 252, 630
2554, 546, 646
2555, 175, 368
2556, 172, 577
2557, 31, 499
2558, 279, 776
2559, 140, 804
2560, 313, 579
2561, 513, 734
2562, 567, 859
2563, 68, 226
2564, 195, 847
2565, 426, 434
2566, 296, 790
2567, 424, 491
2568, 341, 940
2569, 530, 666
2570, 451, 977
2571, 676, 786
2572, 349, 823
2573, 731, 913
2574, 239, 395
2575, 186, 819
2576, 638, 677
2577, 598, 855
2578, 63, 300
2579, 669, 952
2580, 101, 205
2581, 911, 974
2582, 944, 959
2583, 168, 874
2584, 324, 866
2585, 302, 737
2586, 584, 657
2587, 222, 692
2588, 834, 971
2589, 30, 143
2590, 429, 730
2591, 515, 610
2592, 258, 261
2593, 190, 326
2594, 594, 835
2595, 454, 922
2596, 182, 539
2597, 130, 928
2598, 17, 375
2599, 262, 789
2600, 653, 749
2601, 83, 703
2602, 884, 899
2603, 391, 983
2604, 254, 665
2605, 355, 477
2606, 36, 585
2607, 428, 861
2608, 53, 139
2609, 23, 373
2610, 125, 509
2611, 164, 556
2612, 303, 732
2613, 516, 582
2614, 67, 403
2615, 248, 369
2616, 865, 901
2617, 425, 656
2618, 216, 722
2619, 673, 949
2620, 224, 608
2621, 29, 721
2622, 315, 758
2623, 347, 784
2624, 162, 636
2625, 105, 169
2626, 148, 283
2627, 94, 967
2628, 348, 512
2629, 91, 137
2630, 209, 408
2631, 545, 586
2632, 170, 601
2633, 184, 846
2634, 456, 716
2635, 524, 750
2636, 245, 919
2637, 431, 519
2638, 264, 291
2639, 505, 633
2640, 112, 351
2641, 295, 864
2642, 359, 593
2643, 5, 764
2644, 159, 560
2645, 469, 534
2646, 120, 868
2647, 249, 250
2648, 230, 671
2649, 147, 970
2650, 817, 984
2651, 49, 990
2652, 852, 895
2653, 244, 379
2654, 447, 466
2655, 22, 381
2656, 867, 942
2657, 433, 445
2658, 561, 888
2659, 153, 328
2660, 770, 979
2661, 80, 274
2662, 10, 982
2663, 531, 838
2664, 498, 649
2665, 35, 473
2666, 298, 738
2667, 25, 42
2668, 794, 872
2669, 180, 842
2670, 59, 145
2671, 353, 407
2672, 103, 397
2673, 553, 806
2674, 569, 622
2675, 287, 624
2676, 284, 763
2677, 358, 501
2678, 458, 795
2679, 282, 517
2680, 435, 525
2681, 417, 457
2682, 104, 378
2683, 98, 805
2684, 344, 674
2685, 640, 779
2686, 350, 528
2687, 549, 651
2688, 75, 136
2689, 272, 910
2690, 354, 508
2691, 202, 233
2692, 654, 658
2693, 504, 933
2694, 45, 77
2695, 414, 797
2696, 208, 554
2697, 679, 981
2698, 87, 934
2699, 151, 364
2700, 62, 146
2701, 668, 700
2702, 342, 807
2703, 297, 479
2704, 562, 717
2705, 321, 962
2706, 372, 788
2707, 178, 879
2708, 127, 964
2709, 3, 305
2710, 281, 444
2711, 69, 694
2712, 490, 604
2713, 374, 883
2714, 34, 1000
2715, 228, 485
2716, 453, 682
2717, 142, 998
2718, 95, 825
2719, 510, 691
2720, 211, 810
2721, 506, 743
2722, 642, 796
2723, 632, 824
2724, 411, 564
2725, 82, 840
2726, 335, 587
2727, 592, 785
2728, 286, 415
2729, 542, 891
2730, 904, 918
2731, 114, 571
2732, 47, 623
2733, 212, 384
2734, 293, 903
2735, 237, 818
2736, 88, 206
2737, 1, 60
2738, 802, 880
2739, 410, 924
2740, 755, 782
2741, 204, 225
2742, 242, 352
2743, 54, 157
2744, 362, 486
2745, 99, 873
2746, 266, 446
2747, 783, 999
2748, 836, 945
2749, 611, 857
2750, 652, 833
2751, 390, 778
2752, 11, 889
2753, 37, 905
2754, 409, 714
2755, 193, 523
2756, 227, 535
2757, 607, 808
2758, 123, 621
2759, 269, 915
2760, 698, 994
2761, 113, 720
2762, 726, 759
2763, 400, 813
2764, 301, 583
2765, 55, 995
2766, 156, 166
2767, 229, 442
2768, 277, 988
2769, 6, 14
2770, 419, 916
2771, 107, 207
2772, 340, 343
2773, 871, 993
2774, 194, 926
2775, 288, 629
2776, 97, 897
2777, 396, 900
2778, 90, 223
2779, 856, 992
2780, 736, 925
2781, 27, 241
2782, 15, 84
2783, 307, 402
2784, 413, 565
2785, 522, 639
2786, 318, 985
2787, 875, 920
2788, 196, 541
2789, 589, 754
2790, 745, 780
2791, 543, 706
2792, 65, 176
2793, 440, 821
2794, 219, 401
2795, 647, 989
2796, 243, 887
2797, 210, 544
2798, 377, 709
2799, 200, 483
2800, 33, 659
2801, 238, 756
2802, 619, 844
2803, 774, 850
2804, 108, 555
2805, 12, 52
2806, 41, 43
2807, 111, 792
2808, 496, 830
2809, 306, 841
2810, 766, 997
2811, 563, 976
2812, 247, 812
2813, 533, 741
2814, 220, 547
2815, 356, 480
2816, 312, 712
2817, 388, 702
2818, 432, 573
2819, 529, 793
2820, 557, 787
2821, 128, 253
2822, 163, 627
2823, 73, 832
2824, 422, 688
2825, 467, 747
2826, 198, 648
2827, 268, 761
2828, 912, 957
2829, 650, 662
2830, 438, 704
2831, 150, 628
2832, 767, 978
2833, 675, 860
2834, 319, 936
2835, 310, 927
2836, 214, 292
2837, 437, 762
2838, 664, 727
2839, 246, 771
2840, 275, 768
2841, 19, 361
2842, 231, 316
2843, 360, 739
2844, 161, 641
2845, 280, 765
2846, 323, 484
2847, 174, 436
2848, 2, 188
2849, 330, 423
2850, 152, 748
2851, 500, 892
2852, 339, 950
2853, 110, 931
2854, 921, 953
2855, 154, 908
2856, 527, 540
2857, 48, 236
2858, 122, 568
2859, 167, 870
2860, 40, 165
2861, 116, 526
2862, 4, 907
2863, 815, 917
2864, 366, 961
2865, 387, 705
2866, 64, 881
2867, 263, 746
2868, 38, 418
2869, 251, 290
2870, 158, 386
2871, 811, 909
2872, 331, 574
2873, 183, 430
2874, 382, 394
2875, 78, 943
2876, 131, 376
2877, 448, 955
2878, 954, 963
2879, 117, 882
2880, 474, 609
2881, 492, 570
2882, 86, 672
2883, 507, 972
2884, 701, 723
2885, 371, 697
2886, 670, 828
2887, 118, 336
2888, 273, 637
2889, 213, 643
2890, 50, 129
2891, 257, 617
2892, 595, 935
2893, 171, 416
2894, 660, 906
2895, 276, 822
2896, 635, 667
2897, 66, 221
2898, 329, 969
2899, 620, 965
2900, 468, 956
2901, 256, 958
2902, 76, 189
2903, 465, 735
2904, 271, 421
2905, 96, 511
2906, 518, 827
2907, 923, 973
2908, 20, 843
2909, 299, 460
2910, 472, 809
2911, 333, 575
2912, 495, 760
2913, 185, 939
2914, 427, 678
2915, 115, 493
2916, 173, 801
2917, 681, 854
2918, 404, 715
2919, 21, 357
2920, 615, 820
2921, 232, 494
2922, 265, 383
2923, 876, 991
2924, 461, 893
2925, 370, 966
2926, 613, 695
2927, 631, 898
2928, 203, 803
2929, 93, 744
2930, 32, 947
2931, 320, 578
2932, 285, 980
2933, 106, 728
2934, 464, 693
2935, 181, 462
2936, 449, 863
2937, 614, 725
2938, 590, 687
2939, 367, 536
2940, 133, 398
2941, 135, 946
2942, 773, 960
2943, 325, 332
2944, 24, 851
2945, 109, 634
2946, 124, 914
2947, 439, 690
2948, 393, 537
2949, 51, 314
2950, 270, 487
2951, 550, 896
2952, 61, 798
2953, 304, 626
2954, 558, 885
2955, 488, 559
2956, 392, 941
2957, 334, 829
2958, 663, 733
2959, 566, 699
2960, 389, 470
2961, 497, 740
2962, 121, 800
2963, 155, 625
2964, 235, 644
2965, 322, 781
2966, 160, 645
2967, 8, 338
2968, 141, 816
2969, 826, 878
2970, 685, 710
2971, 92, 192
2972, 46, 683
2973, 346, 877
2974, 538, 680
2975, 9, 218
2976, 39, 862
2977, 260, 618
2978, 56, 405
2979, 441, 799
2980, 327, 858
2981, 443, 929
2982, 289, 655
2983, 217, 612
2984, 18, 58
2985, 452, 588
2986, 201, 752
2987, 603, 837
2988, 44, 520
2989, 177, 791
2990, 689, 751
2991, 255, 729
2992, 309, 711
2993, 28, 317
2994, 267, 772
2995, 514, 757
2996, 144, 581
2997, 100, 605
2998, 345, 463
2999, 311, 450
3000, 26, 719
3001, 37, 391
3002, 277, 321
3003, 267, 898
3004, 342, 373
3005, 375, 538
3006, 331, 525
3007, 436, 698
3008, 177, 238
3009, 89, 897
3010, 172, 606
3011, 828, 914
3012, 243, 975
3013, 426, 579
3014, 318, 469
3015, 449, 511
3016, 351, 720
3017, 312, 663
3018, 62, 432
3019, 23, 324
3020, 130, 745
3021, 11, 154
3022, 433, 773
3023, 131, 460
3024, 291, 757
3025, 240, 348
3026, 274, 803
3027, 540, 937
3028, 214, 908
3029, 443, 871
3030, 492, 851
3031, 80, 562
3032, 527, 748
3033, 473, 723
3034, 79, 755
3035, 482, 577
3036, 313, 508
3037, 226, 626
3038, 699, 965
3039, 485, 823
3040, 442, 813
3041, 503, 834
3042, 355, 568
3043, 6, 1000
3044, 339, 927
3045, 9, 139
3046, 54, 268
3047, 98, 806
3048, 170, 522
3049, 703, 901
3050, 209, 384
3051, 44, 805
3052, 285, 450
3053, 609, 683
3054, 150, 638
3055, 345, 783
3056, 533, 776
3057, 314, 912
3058, 233, 366
3059, 156, 310
3060, 163, 688
3061, 265, 977
3062, 46, 476
3063, 573, 607
3064, 316, 835
3065, 49, 402
3066, 368, 741
3067, 429, 862
3068, 770, 790
3069, 3, 760
3070, 341, 520
3071, 86, 950
3072, 75, 218
3073, 386, 967
3074, 255, 650
3075, 306, 505
3076, 252, 438
3077, 42, 158
3078, 220, 737
3079, 292, 405
3080, 360, 913
3081, 35, 886
3082, 4, 981
3083, 583, 724
3084, 53, 739
3085, 621, 807
3086, 13, 842
3087, 904, 905
3088, 14, 211
3089, 122, 408
3090, 60, 132
3091, 84, 999
3092, 69, 786
3093, 498, 836
3094, 26, 691
3095, 253, 891
3096, 830, 955
3097, 717, 874
3098, 93, 816
3099, 397, 657
3100, 67, 956
3101, 183, 715
3102, 494, 596
3103, 311, 978
3104, 479, 729
3105, 387, 710
3106, 467, 640
3107, 362, 727
3108, 340, 641
3109, 317, 788
3110, 225, 500
3111, 174, 349
3112, 48, 241
3113, 361, 493
3114, 502, 787
3115, 451, 809
3116, 308, 752
3117, 164, 590
3118, 290, 736
3119, 326, 779
3120, 611, 959
3121, 679, 855
3122, 364, 756
3123, 245, 524
3124, 374, 951
3125, 111, 481
3126, 293, 396
3127, 861, 985
3128, 802, 915
3129, 242, 272
3130, 700, 877
3131, 20, 849
3132, 39, 490
3133, 205, 812
3134, 833, 846
3135, 303, 587
3136, 117, 576
3137, 811, 881
3138, 162, 259
3139, 76, 514
3140, 18, 329
3141, 602, 714
3142, 867, 986
3143, 56, 853
3144, 530, 677
3145, 103, 620
3146, 223, 463
3147, 707, 716
3148, 453, 456
3149, 302, 733
3150, 228, 343
3151, 477, 916
3152, 41, 706
3153, 180, 186
3154, 142, 171
3155, 766, 801
3156, 554, 668
3157, 191, 903
3158, 398, 639
3159, 92, 129
3160, 447, 628
3161, 388, 692
3162, 237, 350
3163, 632, 879
3164, 551, 906
3165, 850, 987
3166, 765, 973
3167, 181, 883
3168, 895, 998
3169, 430, 534
3170, 307, 410
3171, 257, 279
3172, 91, 427
3173, 248, 295
3174, 70, 472
3175, 778, 785
3176, 219, 822
3177, 47, 418
3178, 30, 943
3179, 394, 666
3180, 541, 954
3181, 325, 847
3182, 625, 894
3183, 531, 633
3184, 309, 471
3185, 99, 200
3186, 234, 933
3187, 859, 889
3188, 363, 555
3189, 57, 378
3190, 210, 647
3191, 90, 829
3192, 74, 371
3193, 753, 968
3194, 102, 615
3195, 2, 120
3196, 144, 322
3197, 235, 411
3198, 604, 675
3199, 854, 997
3200, 263, 565
3201, 198, 719
3202, 335, 652
3203, 276, 591
3204, 381, 619
3205, 589, 857
3206, 273, 461
3207, 924, 980
3208, 1, 415
3209, 459, 491
3210, 27, 440
3211, 454, 876
3212, 428, 622
3213, 346, 817
3214, 497, 852
3215, 557, 832
3216, 87, 725
3217, 407, 412
3218, 693, 784
3219, 146, 424
3220, 722, 966
3221, 510, 759
3222, 282, 403
3223, 584, 928
3224, 88, 820
3225, 124, 694
3226, 187, 702
3227, 744, 994
3228, 143, 176
3229, 796, 858
3230, 7, 612
3231, 50, 58
3232, 546, 746
3233, 708, 738
3234, 159, 826
3235, 328, 921
3236, 319, 920
3237, 217, 940
3238, 216, 818
3239, 521, 718
3240, 547, 804
3241, 140, 281
3242, 232, 971
3243, 670, 672
3244, 151, 982
3245, 769, 863
3246, 909, 944
3247, 648, 742
3248, 665, 922
3249, 153, 558
3250, 560, 843
3251, 15, 121
3252, 192, 659
3253, 133, 229
3254, 545, 743
3255, 157, 917
3256, 526, 946
3257, 141, 721
3258, 496, 544
3259, 840, 918
3260, 213, 695
3261, 118, 487
3262, 409, 887
3263, 519, 941
3264, 516, 979
3265, 896, 970
3266, 899, 972
3267, 38, 942
3268, 458, 690
3269, 45, 772
3270, 457, 732
3271, 95, 651
3272, 605, 952
3273, 247, 645
3274, 152, 464
3275, 304, 930
3276, 435, 984
3277, 258, 288
3278, 630, 848
3279, 563, 837
3280, 271, 762
3281, 730, 799
3282, 280, 416
3283, 513, 740
3284, 697, 711
3285, 400, 926
3286, 227, 532
3287, 43, 882
3288, 199, 549
3289, 385, 395
3290, 352, 961
3291, 127, 134
3292, 73, 382
3293, 31, 800
3294, 354, 441
3295, 40, 880
3296, 249, 953
3297, 77, 161
3298, 380, 875
3299, 425, 815
3300, 390, 705
3301, 570, 976
3302, 165, 336
3303, 709, 911
3304, 634, 767
3305, 126, 446
3306, 484, 963
3307, 536, 653
3308, 105, 667
3309, 642, 731
3310, 523, 845
3311, 24, 193
3312, 298, 865
3313, 100, 114
3314, 155, 347
3315, 246, 798
3316, 68, 376
3317, 413, 983
3318, 250, 610
3319, 552, 824
3320, 197, 437
3321, 735, 781
3322, 221, 593
3323, 792, 884
3324, 260, 774
3325, 78, 582
3326, 19, 188
3327, 539, 598
3328, 251, 938
3329, 578, 681
3330, 417, 696
3331, 64, 929
3332, 517, 618
3333, 389, 900
3334, 379, 601
3335, 669, 686
3336, 488, 529
3337, 504, 935
3338, 72, 512
3339, 595, 674
3340, 195, 256
3341, 585, 789
3342, 907, 948
3343, 559, 624
3344, 775, 893
3345, 97, 108
3346, 66, 112
3347, 301, 962
3348, 278, 330
3349, 509, 528
3350, 571, 713
3351, 489, 664
3352, 25, 839
3353, 455, 771
3354, 580, 751
3355, 85, 575
3356, 104, 190
3357, 101, 872
3358, 82, 109
3359, 110, 603
3360, 358, 537
3361, 119, 866
3362, 147, 287
3363, 452, 518
3364, 406, 925
3365, 52, 637
3366, 264, 780
3367, 289, 844
3368, 613, 689
3369, 320, 646
3370, 169, 550
3371, 173, 475
3372, 29, 222
3373, 462, 958
3374, 83, 768
3375, 793, 947
3376, 885, 923
3377, 431, 682
3378, 332, 673
3379, 203, 841
3380, 96, 592
3381, 357, 991
3382, 680, 960
3383, 315, 957
3384, 244, 831
3385, 483, 949
3386, 65, 728
3387, 22, 515
3388, 286, 934
3389, 597, 989
3390, 175, 501
3391, 344, 439
3392, 125, 356
3393, 28, 649
3394, 106, 945
3395, 643, 726
3396, 474, 543
3397, 254, 936
3398, 166, 167
3399, 116, 370
3400, 8, 208
3401, 506, 627
3402, 138, 564
3403, 107, 466
3404, 149, 404
3405, 478, 763
3406, 420, 995
3407, 123, 701
3408, 184, 369
3409, 12, 182
3410, 230, 269
3411, 687, 974
3412, 333, 864
3413, 671, 860
3414, 480, 574
3415, 5, 236
3416, 55, 572
3417, 270, 655
3418, 178, 215
3419, 194, 856
3420, 359, 401
3421, 294, 586
3422, 231, 566
3423, 148, 678
3424, 71, 616
3425, 353, 969
3426, 168, 393
3427, 32, 758
3428, 617, 797
3429, 337, 600
3430, 196, 377
3431, 17, 284
3432, 212, 448
3433, 16, 392
3434, 135, 206
3435, 239, 992
3436, 556, 660
3437, 33, 145
3438, 372, 486
3439, 644, 892
3440, 34, 594
3441, 204, 764
3442, 61, 305
3443, 262, 542
3444, 808, 919
3445, 635, 654
3446, 750, 827
3447, 59, 300
3448, 422, 507
3449, 113, 561
3450, 51, 868
3451, 656, 964
3452, 128, 327
3453, 63, 996
3454, 283, 988
3455, 338, 661
3456, 202, 777
3457, 160, 189
3458, 323, 821
3459, 383, 629
3460, 444, 445
3461, 791, 869
3462, 614, 794
3463, 334, 747
3464, 94, 782
3465, 599, 676
3466, 684, 932
3467, 296, 623
3468, 421, 567
3469, 81, 878
3470, 434, 754
3471, 297, 662
3472, 553, 608
3473, 419, 888
3474, 712, 810
3475, 365, 890
3476, 535, 902
3477, 115, 990
3478, 569, 658
3479, 685, 795
3480, 207, 224
3481, 179, 581
3482, 470, 838
3483, 185, 910
3484, 465, 499
3485, 21, 734
3486, 495, 761
3487, 136, 266
3488, 414, 468
3489, 548, 939
3490, 275, 299
3491, 367, 423
3492, 36, 704
3493, 10, 399
3494, 588, 873
3495, 631, 931
3496, 636, 814
3497, 201, 261
3498, 819, 825
3499, 870, 993
3500, 137, 749
3501, 203, 350
3502, 357, 730
3503, 639, 989
3504, 45, 152
3505, 12, 208
3506, 325, 873
3507, 347, 537
3508, 755, 797
3509, 193, 971
3510, 335, 583
3511, 58, 681
3512, 418, 999
3513, 522, 924
3514, 64, 188
3515, 107, 245
3516, 104, 569
3517, 679, 702
3518, 262, 454
3519, 63, 743
3520, 323, 538
3521, 43, 954
3522, 4, 884
3523, 498, 914
3524, 305, 671
3525, 387, 878
3526, 237, 728
3527, 672, 935
3528, 680, 775
3529, 490, 608
3530, 33, 264
3531, 499, 993
3532, 906, 949
3533, 291, 395
3534, 37, 849
3535, 42, 261
3536, 226, 260
3537, 511, 576
3538, 109, 623
3539, 23, 181
3540, 429, 662
3541, 332, 651
3542, 67, 525
3543, 479, 813
3544, 456, 940
3545, 180, 771
3546, 300, 542
3547, 517, 996
3548, 678, 735
3549, 272, 727
3550, 207, 739
3551, 232, 386
3552, 462, 973
3553, 40, 640
3554, 172, 815
3555, 69, 991
3556, 716, 966
3557, 609, 758
3558, 144, 962
3559, 553, 958
3560, 136, 222
3561, 113, 241
3562, 607, 703
3563, 108, 233
3564, 375, 604
3565, 578, 621
3566, 400, 410
3567, 15, 306
3568, 297, 560
3569, 340, 754
3570, 945, 950
3571, 267, 985
3572, 647, 725
3573, 192, 411
3574, 216, 868
3575, 761, 964
3576, 399, 500
3577, 277, 656
3578, 18, 244
3579, 433, 921
3580, 369, 687
3581, 468, 652
3582, 374, 777
3583, 299, 795
3584, 563, 835
3585, 403, 406
3586, 219, 696
3587, 380, 970
3588, 259, 636
3589, 253, 683
3590, 718, 979
3591, 667, 781
3592, 444, 929
3593, 175, 957
3594, 324, 650
3595, 287, 333
3596, 361, 798
3597, 770, 990
3598, 397, 470
3599, 73, 665
3600, 382, 896
3601, 307, 349
3602, 3, 670
3603, 39, 641
3604, 116, 862
3605, 171, 460
3606, 47, 567
3607, 128, 186
3608, 634, 750
3609, 458, 631
3610, 328, 436
3611, 376, 611
3612, 170, 602
3613, 196, 425
3614, 408, 712
3615, 326, 907
3616, 187, 731
3617, 77, 336
3618, 204, 247
3619, 521, 897
3620, 49, 173
3621, 473, 877
3622, 466, 818
3623, 34, 301
3624, 903, 978
3625, 617, 885
3626, 773, 834
3627, 14, 283
3628, 453, 559
3629, 424, 955
3630, 863, 946
3631, 550, 742
3632, 431, 783
3633, 273, 919
3634, 16, 443
3635, 231, 715
3636, 56, 486
3637, 635, 980
3638, 526, 912
3639, 95, 685
3640, 539, 710
3641, 164, 812
3642, 158, 504
3643, 62, 666
3644, 708, 857
3645, 348, 396
3646, 692, 707
3647, 75, 891
3648, 289, 759
3649, 122, 723
3650, 44, 155
3651, 900, 904
3652, 71, 988
3653, 60, 285
3654, 540, 810
3655, 658, 782
3656, 353, 888
3657, 163, 645
3658, 377, 448
3659, 151, 625
3660, 478, 931
3661, 120, 657
3662, 508, 893
3663, 19, 570
3664, 59, 97
3665, 321, 769
3666, 213, 836
3667, 449, 976
3668, 117, 613
3669, 265, 423
3670, 38, 545
3671, 229, 505
3672, 804, 995
3673, 93, 330
3674, 102, 555
3675, 146, 238
3676, 111, 475
3677, 13, 902
3678, 135, 263
3679, 220, 599
3680, 541, 746
3681, 362, 942
3682, 507, 573
3683, 415, 749
3684, 200, 437
3685, 432, 614
3686, 463, 709
3687, 442, 547
3688, 70, 197
3689, 249, 697
3690, 732, 790
3691, 31, 345
3692, 61, 972
3693, 85, 887
3694, 984, 998
3695, 780, 967
3696, 21, 791
3697, 121, 565
3698, 589, 595
3699, 412, 905
3700, 176, 938
3701, 363, 420
3702, 501, 748
3703, 54, 825
3704, 632, 778
3705, 288, 690
3706, 230, 792
3707, 509, 752
3708, 428, 523
3709, 528, 562
3710, 124, 529
3711, 740, 845
3712, 724, 963
3713, 660, 819
3714, 535, 733
3715, 205, 872
3716, 464, 975
3717, 137, 807
3718, 404, 922
3719, 125, 346
3720, 271, 757
3721, 178, 251
3722, 5, 20
3723, 86, 472
3724, 201, 774
3725, 590, 854
3726, 138, 664
3727, 673, 850
3728, 624, 747
3729, 228, 480
3730, 294, 677
3731, 74, 84
3732, 53, 628
3733, 316, 334
3734, 821, 853
3735, 133, 355
3736, 89, 705
3737, 394, 875
3738, 79, 534
3739, 385, 838
3740, 895, 960
3741, 52, 239
3742, 127, 612
3743, 643, 890
3744, 36, 698
3745, 302, 633
3746, 218, 564
3747, 269, 930
3748, 867, 969
3749, 183, 871
3750, 96, 401
3751, 296, 520
3752, 268, 619
3753, 393, 491
3754, 786, 915
3755, 675, 847
3756, 115, 829
3757, 154, 451
3758, 654, 674
3759, 235, 459
3760, 461, 952
3761, 275, 495
3762, 398, 556
3763, 483, 788
3764, 407, 764
3765, 704, 994
3766, 41, 928
3767, 94, 776
3768, 101, 281
3769, 852, 953
3770, 25, 584
3771, 250, 983
3772, 616, 864
3773, 87, 446
3774, 100, 210
3775, 455, 668
3776, 841, 848
3777, 422, 606
3778, 482, 763
3779, 28, 129
3780, 700, 827
3781, 254, 413
3782, 225, 933
3783, 29, 805
3784, 571, 856
3785, 26, 114
3786, 182, 997
3787, 217, 549
3788, 157, 722
3789, 190, 701
3790, 17, 372
3791, 55, 524
3792, 427, 899
3793, 284, 982
3794, 883, 889
3795, 531, 934
3796, 168, 199
3797, 802, 830
3798, 484, 894
3799, 577, 579
3800, 298, 806
3801, 234, 684
3802, 494, 581
3803, 642, 823
3804, 9, 270
3805, 439, 908
3806, 279, 916
3807, 502, 514
3808, 224, 543
3809, 303, 653
3810, 223, 876
3811, 688, 793
3812, 214, 817
3813, 153, 572
3814, 189, 977
3815, 48, 88
3816, 30, 489
3817, 343, 832
3818, 554, 870
3819, 242, 961
3820, 414, 441
3821, 582, 694
3822, 816, 909
3823, 450, 649
3824, 57, 373
3825, 356, 530
3826, 162, 574
3827, 160, 315
3828, 445, 860
3829, 8, 240
3830, 131, 561
3831, 936, 944
3832, 548, 734
3833, 319, 713
3834, 156, 941
3835, 278, 337
3836, 141, 317
3837, 209, 465
3838, 879, 981
3839, 130, 440
3840, 766, 855
3841, 167, 822
3842, 2, 143
3843, 246, 655
3844, 327, 799
3845, 536, 800
3846, 318, 837
3847, 736, 956
3848, 159, 721
3849, 809, 828
3850, 510, 751
3851, 184, 927
3852, 65, 826
3853, 134, 744
3854, 140, 202
3855, 145, 161
3856, 243, 803
3857, 46, 920
3858, 627, 676
3859, 132, 211
3860, 112, 600
3861, 103, 304
3862, 99, 594
3863, 467, 874
3864, 366, 986
3865, 90, 926
3866, 603, 859
3867, 682, 699
3868, 68, 421
3869, 518, 858
3870, 266, 392
3871, 206, 258
3872, 693, 987
3873, 252, 768
3874, 344, 695
3875, 580, 638
3876, 615, 622
3877, 139, 185
3878, 558, 898
3879, 126, 341
3880, 194, 485
3881, 256, 886
3882, 309, 390
3883, 352, 575
3884, 76, 882
3885, 360, 648
3886, 1, 212
3887, 174, 745
3888, 416, 714
3889, 177, 313
3890, 488, 851
3891, 166, 457
3892, 402, 557
3893, 544, 801
3894, 492, 497
3895, 426, 831
3896, 105, 119
3897, 98, 148
3898, 50, 737
3899, 585, 811
3900, 198, 516
3901, 417, 880
3902, 83, 142
3903, 106, 992
3904, 255, 726
3905, 221, 365
3906, 447, 861
3907, 320, 618
3908, 314, 772
3909, 293, 311
3910, 381, 846
3911, 7, 808
3912, 598, 610
3913, 370, 765
3914, 644, 951
3915, 552, 620
3916, 290, 669
3917, 149, 591
3918, 81, 147
3919, 794, 923
3920, 322, 592
3921, 762, 824
3922, 842, 965
3923, 354, 438
3924, 729, 974
3925, 78, 720
3926, 481, 866
3927, 601, 932
3928, 779, 787
3929, 51, 364
3930, 24, 358
3931, 10, 477
3932, 310, 597
3933, 753, 865
3934, 719, 925
3935, 452, 568
3936, 405, 593
3937, 814, 968
3938, 276, 943
3939, 519, 646
3940, 435, 629
3941, 27, 527
3942, 339, 586
3943, 35, 351
3944, 110, 286
3945, 274, 892
3946, 419, 512
3947, 469, 910
3948, 503, 784
3949, 91, 359
3950, 11, 32
3951, 150, 331
3952, 80, 918
3953, 338, 789
3954, 717, 959
3955, 312, 686
3956, 384, 434
3957, 738, 948
3958, 379, 843
3959, 663, 937
3960, 66, 588
3961, 72, 118
3962, 22, 487
3963, 368, 820
3964, 92, 342
3965, 566, 796
3966, 496, 506
3967, 82, 513
3968, 515, 913
3969, 661, 691
3970, 391, 917
3971, 195, 947
3972, 292, 881
3973, 383, 767
3974, 236, 476
3975, 533, 785
3976, 282, 430
3977, 165, 844
3978, 169, 839
3979, 179, 409
3980, 227, 257
3981, 689, 939
3982, 191, 741
3983, 123, 551
3984, 378, 901
3985, 280, 367
3986, 532, 869
3987, 471, 1000
3988, 630, 706
3989, 659, 711
3990, 215, 248
3991, 626, 637
3992, 596, 756
3993, 308, 388
3994, 371, 605
3995, 295, 760
3996, 6, 474
3997, 329, 911
3998, 389, 587
3999, 833, 840
4000, 493, 546
