id, img1, img2
1, 167, 703
2, 76, 486
3, 469, 803
4, 139, 506
5, 365, 471
6, 131, 306
7, 100, 819
8, 492, 624
9, 1, 860
10, 501, 623
11, 570, 592
12, 670, 955
13, 124, 733
14, 208, 520
15, 418, 859
16, 265, 572
17, 58, 174
18, 35, 689
19, 74, 168
20, 319, 402
21, 787, 951
22, 446, 662
23, 93, 569
24, 54, 384
25, 61, 71
26, 175, 597
27, 273, 556
28, 105, 310
29, 275, 697
30, 901, 993
31, 293, 511
32, 272, 829
33, 340, 367
34, 356, 982
35, 57, 290
36, 188, 642
37, 244, 394
38, 8, 303
39, 943, 996
40, 633, 881
41, 33, 451
42, 36, 675
43, 613, 712
44, 542, 961
45, 118, 920
46, 129, 842
47, 823, 908
48, 806, 834
49, 27, 763
50, 135, 897
51, 323, 536
52, 431, 813
53, 153, 878
54, 126, 305
55, 650, 671
56, 457, 770
57, 219, 490
58, 69, 771
59, 377, 475
60, 73, 170
61, 312, 535
62, 730, 1000
63, 360, 551
64, 387, 889
65, 561, 716
66, 130, 647
67, 385, 397
68, 357, 827
69, 30, 68
70, 432, 693
71, 38, 876
72, 729, 741
73, 507, 795
74, 443, 891
75, 237, 412
76, 85, 498
77, 289, 296
78, 351, 489
79, 196, 628
80, 77, 802
81, 277, 766
82, 16, 102
83, 634, 861
84, 155, 785
85, 215, 392
86, 193, 769
87, 152, 314
88, 256, 888
89, 791, 833
90, 62, 361
91, 107, 756
92, 358, 510
93, 245, 725
94, 632, 947
95, 10, 333
96, 554, 583
97, 930, 974
98, 345, 923
99, 258, 928
100, 252, 890
101, 90, 435
102, 547, 588
103, 64, 885
104, 81, 969
105, 445, 499
106, 892, 898
107, 5, 376
108, 39, 672
109, 503, 637
110, 549, 607
111, 700, 732
112, 548, 552
113, 331, 759
114, 567, 673
115, 304, 793
116, 43, 772
117, 444, 622
118, 234, 318
119, 458, 564
120, 817, 869
121, 195, 981
122, 42, 406
123, 742, 915
124, 379, 788
125, 291, 462
126, 620, 919
127, 500, 550
128, 743, 995
129, 238, 423
130, 253, 661
131, 316, 368
132, 393, 765
133, 13, 686
134, 326, 477
135, 453, 698
136, 609, 846
137, 657, 887
138, 169, 452
139, 40, 419
140, 313, 796
141, 504, 910
142, 207, 460
143, 145, 409
144, 439, 701
145, 825, 836
146, 636, 924
147, 226, 777
148, 138, 190
149, 4, 886
150, 144, 557
151, 162, 220
152, 18, 957
153, 97, 627
154, 649, 935
155, 112, 694
156, 442, 692
157, 198, 311
158, 259, 403
159, 350, 605
160, 684, 783
161, 764, 964
162, 123, 604
163, 596, 610
164, 176, 737
165, 354, 738
166, 173, 745
167, 411, 726
168, 113, 894
169, 430, 780
170, 494, 841
171, 654, 843
172, 56, 566
173, 485, 512
174, 214, 483
175, 758, 899
176, 160, 352
177, 338, 968
178, 704, 753
179, 579, 789
180, 391, 537
181, 44, 87
182, 651, 838
183, 37, 952
184, 450, 523
185, 336, 790
186, 254, 696
187, 328, 594
188, 266, 621
189, 300, 315
190, 185, 224
191, 544, 954
192, 937, 979
193, 156, 660
194, 531, 699
195, 707, 960
196, 3, 538
197, 459, 664
198, 211, 786
199, 115, 904
200, 70, 454
201, 821, 853
202, 251, 545
203, 612, 734
204, 309, 986
205, 449, 714
206, 792, 820
207, 359, 371
208, 682, 768
209, 448, 587
210, 646, 750
211, 186, 640
212, 225, 269
213, 308, 433
214, 298, 600
215, 242, 424
216, 744, 916
217, 55, 731
218, 264, 467
219, 274, 568
220, 179, 509
221, 641, 723
222, 487, 980
223, 204, 543
224, 117, 505
225, 539, 688
226, 24, 405
227, 101, 515
228, 422, 465
229, 125, 997
230, 629, 858
231, 541, 618
232, 527, 625
233, 65, 408
234, 466, 533
235, 608, 907
236, 593, 956
237, 205, 378
238, 182, 518
239, 395, 775
240, 119, 644
241, 721, 938
242, 480, 782
243, 559, 638
244, 136, 719
245, 141, 260
246, 617, 934
247, 369, 914
248, 666, 931
249, 213, 413
250, 363, 966
251, 187, 388
252, 429, 949
253, 20, 828
254, 163, 335
255, 243, 374
256, 110, 683
257, 279, 705
258, 257, 680
259, 606, 747
260, 31, 553
261, 582, 781
262, 497, 963
263, 180, 562
264, 45, 615
265, 417, 975
266, 91, 973
267, 614, 932
268, 217, 366
269, 652, 946
270, 83, 437
271, 159, 339
272, 84, 330
273, 667, 900
274, 438, 913
275, 903, 976
276, 321, 645
277, 48, 63
278, 663, 710
279, 227, 867
280, 75, 519
281, 223, 276
282, 177, 530
283, 79, 132
284, 59, 740
285, 88, 355
286, 86, 301
287, 727, 812
288, 149, 221
289, 142, 560
290, 49, 347
291, 147, 194
292, 398, 591
293, 386, 585
294, 183, 206
295, 268, 447
296, 133, 875
297, 157, 925
298, 165, 581
299, 482, 778
300, 235, 250
301, 233, 866
302, 524, 839
303, 122, 590
304, 337, 514
305, 99, 271
306, 346, 972
307, 342, 849
308, 212, 410
309, 691, 905
310, 847, 994
311, 150, 329
312, 267, 872
313, 720, 940
314, 60, 989
315, 66, 78
316, 880, 992
317, 15, 181
318, 19, 184
319, 164, 491
320, 104, 911
321, 46, 722
322, 82, 228
323, 598, 864
324, 508, 805
325, 9, 263
326, 488, 983
327, 370, 762
328, 631, 831
329, 295, 343
330, 120, 529
331, 261, 797
332, 248, 816
333, 140, 516
334, 34, 760
335, 11, 584
336, 249, 917
337, 108, 965
338, 95, 852
339, 270, 665
340, 602, 855
341, 307, 708
342, 728, 902
343, 381, 815
344, 863, 942
345, 327, 611
346, 146, 706
347, 801, 970
348, 286, 977
349, 380, 601
350, 92, 546
351, 127, 988
352, 239, 463
353, 883, 948
354, 111, 573
355, 23, 474
356, 80, 616
357, 191, 464
358, 718, 959
359, 282, 807
360, 389, 603
361, 434, 749
362, 288, 735
363, 375, 669
364, 128, 967
365, 334, 754
366, 879, 895
367, 416, 746
368, 574, 599
369, 681, 985
370, 96, 619
371, 832, 845
372, 22, 421
373, 231, 702
374, 72, 752
375, 353, 751
376, 12, 818
377, 134, 232
378, 171, 558
379, 283, 517
380, 717, 837
381, 814, 856
382, 229, 655
383, 415, 868
384, 216, 484
385, 116, 933
386, 595, 653
387, 840, 984
388, 41, 563
389, 440, 798
390, 161, 201
391, 51, 476
392, 427, 799
393, 455, 794
394, 94, 284
395, 349, 534
396, 713, 774
397, 364, 711
398, 525, 921
399, 926, 958
400, 166, 344
401, 401, 472
402, 685, 896
403, 656, 929
404, 32, 571
405, 341, 565
406, 528, 822
407, 202, 658
408, 294, 939
409, 209, 502
410, 436, 695
411, 383, 396
412, 281, 577
413, 218, 808
414, 586, 736
415, 428, 877
416, 106, 648
417, 320, 630
418, 25, 767
419, 287, 978
420, 709, 715
421, 302, 857
422, 362, 426
423, 589, 739
424, 200, 824
425, 317, 635
426, 52, 103
427, 109, 404
428, 222, 456
429, 441, 850
430, 468, 677
431, 676, 779
432, 399, 496
433, 2, 47
434, 189, 473
435, 247, 844
436, 348, 912
437, 114, 390
438, 28, 953
439, 495, 668
440, 255, 773
441, 172, 470
442, 262, 848
443, 26, 210
444, 158, 478
445, 580, 851
446, 236, 659
447, 285, 521
448, 555, 784
449, 98, 407
450, 804, 810
451, 382, 865
452, 199, 576
453, 678, 950
454, 830, 944
455, 575, 835
456, 21, 679
457, 178, 626
458, 755, 927
459, 513, 724
460, 674, 906
461, 420, 941
462, 299, 991
463, 230, 826
464, 761, 999
465, 481, 540
466, 246, 909
467, 479, 522
468, 148, 639
469, 325, 414
470, 241, 990
471, 29, 121
472, 143, 578
473, 332, 372
474, 526, 871
475, 67, 971
476, 50, 809
477, 53, 748
478, 14, 998
479, 137, 893
480, 17, 936
481, 203, 280
482, 6, 987
483, 373, 854
484, 297, 532
485, 197, 862
486, 192, 425
487, 461, 962
488, 690, 811
489, 322, 776
490, 151, 882
491, 324, 873
492, 687, 918
493, 278, 870
494, 493, 757
495, 874, 884
496, 400, 945
497, 154, 240
498, 89, 800
499, 7, 922
500, 292, 643
501, 117, 492
502, 26, 58
503, 552, 766
504, 352, 777
505, 11, 990
506, 69, 865
507, 113, 708
508, 705, 845
509, 46, 927
510, 602, 640
511, 436, 559
512, 554, 994
513, 601, 934
514, 39, 193
515, 319, 989
516, 672, 684
517, 74, 491
518, 770, 785
519, 12, 850
520, 417, 712
521, 91, 694
522, 871, 937
523, 456, 810
524, 49, 111
525, 217, 457
526, 25, 181
527, 65, 363
528, 372, 402
529, 325, 702
530, 620, 820
531, 159, 623
532, 27, 390
533, 56, 792
534, 680, 866
535, 732, 740
536, 238, 764
537, 514, 548
538, 460, 987
539, 671, 706
540, 611, 660
541, 707, 914
542, 62, 110
543, 141, 842
544, 509, 946
545, 149, 745
546, 94, 664
547, 697, 844
548, 630, 822
549, 104, 565
550, 18, 276
551, 137, 747
552, 367, 369
553, 243, 537
554, 603, 654
555, 284, 674
556, 318, 424
557, 260, 625
558, 400, 596
559, 51, 151
560, 263, 661
561, 163, 814
562, 234, 454
563, 7, 93
564, 691, 826
565, 366, 397
566, 638, 858
567, 373, 817
568, 717, 912
569, 595, 647
570, 772, 818
571, 399, 627
572, 527, 812
573, 212, 748
574, 292, 534
575, 662, 718
576, 125, 751
577, 475, 830
578, 484, 710
579, 412, 730
580, 513, 961
581, 8, 309
582, 35, 948
583, 295, 307
584, 202, 889
585, 129, 957
586, 692, 862
587, 140, 962
588, 584, 704
589, 453, 933
590, 259, 371
591, 861, 952
592, 426, 575
593, 796, 840
594, 376, 506
595, 573, 698
596, 410, 860
597, 655, 986
598, 815, 985
599, 800, 911
600, 53, 59
601, 413, 446
602, 227, 669
603, 429, 833
604, 178, 797
605, 494, 519
606, 271, 843
607, 368, 538
608, 255, 673
609, 128, 988
610, 124, 683
611, 176, 944
612, 582, 928
613, 503, 825
614, 499, 574
615, 206, 828
616, 590, 940
617, 799, 863
618, 105, 409
619, 520, 564
620, 713, 821
621, 401, 568
622, 36, 330
623, 214, 701
624, 100, 522
625, 173, 468
626, 160, 187
627, 218, 955
628, 236, 323
629, 172, 312
630, 444, 971
631, 97, 116
632, 166, 855
633, 157, 776
634, 396, 834
635, 195, 786
636, 274, 465
637, 787, 992
638, 617, 885
639, 186, 266
640, 333, 791
641, 133, 142
642, 153, 774
643, 586, 769
644, 447, 450
645, 588, 687
646, 87, 286
647, 571, 594
648, 81, 437
649, 384, 832
650, 344, 420
651, 332, 455
652, 28, 428
653, 646, 898
654, 370, 501
655, 604, 969
656, 300, 651
657, 115, 359
658, 404, 624
659, 389, 597
660, 278, 907
661, 328, 870
662, 201, 511
663, 158, 915
664, 645, 887
665, 220, 498
666, 545, 659
667, 269, 720
668, 44, 788
669, 171, 868
670, 190, 888
671, 502, 652
672, 118, 150
673, 122, 379
674, 542, 904
675, 313, 693
676, 577, 600
677, 469, 472
678, 782, 913
679, 281, 555
680, 83, 406
681, 114, 482
682, 383, 715
683, 471, 755
684, 974, 978
685, 38, 433
686, 744, 938
687, 493, 553
688, 237, 856
689, 98, 358
690, 827, 972
691, 334, 342
692, 806, 896
693, 277, 510
694, 95, 320
695, 273, 275
696, 120, 441
697, 84, 155
698, 244, 529
699, 180, 425
700, 279, 589
701, 532, 943
702, 24, 653
703, 500, 891
704, 71, 874
705, 1, 606
706, 759, 807
707, 198, 610
708, 248, 677
709, 336, 495
710, 750, 953
711, 348, 951
712, 853, 947
713, 223, 892
714, 211, 639
715, 508, 881
716, 614, 883
717, 70, 551
718, 52, 331
719, 72, 716
720, 34, 241
721, 85, 546
722, 73, 882
723, 66, 813
724, 380, 859
725, 215, 801
726, 54, 794
727, 459, 798
728, 130, 997
729, 253, 427
730, 175, 995
731, 443, 609
732, 86, 789
733, 452, 667
734, 106, 629
735, 351, 464
736, 3, 733
737, 338, 675
738, 593, 993
739, 765, 835
740, 239, 416
741, 132, 228
742, 298, 893
743, 438, 518
744, 152, 480
745, 162, 676
746, 291, 423
747, 252, 364
748, 760, 763
749, 496, 739
750, 395, 650
751, 229, 634
752, 233, 305
753, 757, 964
754, 31, 432
755, 6, 970
756, 296, 982
757, 304, 340
758, 585, 894
759, 185, 230
760, 462, 524
761, 75, 539
762, 778, 819
763, 316, 635
764, 188, 343
765, 37, 148
766, 487, 939
767, 583, 752
768, 29, 965
769, 102, 337
770, 489, 875
771, 649, 902
772, 64, 221
773, 177, 381
774, 598, 599
775, 169, 448
776, 179, 930
777, 22, 355
778, 557, 746
779, 272, 386
780, 731, 758
781, 182, 421
782, 55, 768
783, 612, 753
784, 78, 966
785, 449, 451
786, 216, 736
787, 287, 878
788, 656, 700
789, 258, 326
790, 96, 205
791, 77, 224
792, 816, 877
793, 587, 728
794, 345, 570
795, 192, 485
796, 108, 781
797, 528, 831
798, 170, 775
799, 226, 903
800, 280, 977
801, 306, 315
802, 378, 967
803, 14, 463
804, 225, 476
805, 481, 824
806, 516, 872
807, 90, 909
808, 690, 837
809, 466, 567
810, 375, 536
811, 714, 921
812, 549, 784
813, 632, 923
814, 811, 849
815, 360, 512
816, 139, 302
817, 405, 605
818, 301, 442
819, 167, 767
820, 621, 918
821, 232, 335
822, 4, 685
823, 144, 208
824, 209, 569
825, 382, 657
826, 261, 531
827, 41, 57
828, 440, 884
829, 196, 648
830, 16, 435
831, 143, 823
832, 101, 742
833, 204, 544
834, 123, 138
835, 30, 591
836, 703, 805
837, 362, 682
838, 474, 505
839, 265, 737
840, 666, 761
841, 10, 422
842, 741, 901
843, 67, 773
844, 40, 377
845, 264, 780
846, 288, 936
847, 61, 200
848, 408, 541
849, 156, 562
850, 942, 950
851, 250, 920
852, 580, 681
853, 145, 294
854, 2, 910
855, 613, 869
856, 9, 89
857, 566, 622
858, 146, 189
859, 668, 981
860, 222, 857
861, 231, 418
862, 92, 983
863, 490, 991
864, 488, 968
865, 321, 322
866, 47, 779
867, 354, 879
868, 762, 917
869, 262, 477
870, 154, 709
871, 607, 619
872, 60, 197
873, 203, 419
874, 793, 973
875, 240, 809
876, 388, 900
877, 361, 385
878, 23, 686
879, 68, 719
880, 247, 576
881, 127, 803
882, 636, 960
883, 329, 341
884, 88, 393
885, 50, 161
886, 194, 235
887, 270, 391
888, 848, 925
889, 17, 924
890, 339, 743
891, 578, 783
892, 184, 303
893, 314, 608
894, 109, 134
895, 414, 467
896, 45, 929
897, 403, 644
898, 726, 867
899, 20, 958
900, 119, 899
901, 526, 945
902, 873, 922
903, 299, 415
904, 353, 795
905, 103, 547
906, 394, 956
907, 530, 734
908, 365, 890
909, 257, 895
910, 164, 556
911, 479, 905
912, 135, 642
913, 431, 458
914, 350, 839
915, 33, 356
916, 285, 908
917, 310, 852
918, 771, 841
919, 219, 308
920, 43, 242
921, 82, 756
922, 147, 854
923, 445, 722
924, 63, 906
925, 558, 880
926, 131, 430
927, 689, 984
928, 324, 533
929, 507, 838
930, 126, 207
931, 112, 724
932, 579, 846
933, 327, 504
934, 525, 618
935, 483, 749
936, 21, 470
937, 699, 829
938, 251, 658
939, 949, 980
940, 790, 851
941, 670, 926
942, 349, 802
943, 540, 572
944, 107, 374
945, 497, 836
946, 254, 297
947, 615, 932
948, 581, 976
949, 347, 754
950, 311, 535
951, 32, 886
952, 517, 738
953, 473, 725
954, 99, 678
955, 267, 847
956, 434, 478
957, 643, 696
958, 289, 392
959, 523, 688
960, 42, 919
961, 282, 407
962, 268, 293
963, 136, 711
964, 357, 941
965, 560, 663
966, 735, 979
967, 5, 808
968, 626, 723
969, 245, 996
970, 290, 954
971, 183, 628
972, 550, 561
973, 48, 486
974, 199, 729
975, 283, 959
976, 864, 975
977, 76, 398
978, 210, 665
979, 461, 897
980, 13, 521
981, 168, 439
982, 592, 695
983, 80, 387
984, 679, 916
985, 616, 963
986, 931, 998
987, 563, 633
988, 317, 935
989, 515, 641
990, 256, 411
991, 246, 721
992, 543, 876
993, 346, 637
994, 79, 165
995, 191, 213
996, 249, 804
997, 121, 631
998, 15, 19
999, 174, 727
1000, 999, 1000
1001, 213, 364
1002, 351, 897
1003, 124, 555
1004, 463, 920
1005, 390, 639
1006, 330, 786
1007, 264, 911
1008, 502, 690
1009, 209, 854
1010, 203, 380
1011, 232, 238
1012, 501, 667
1013, 3, 947
1014, 180, 381
1015, 851, 898
1016, 202, 704
1017, 72, 457
1018, 891, 964
1019, 250, 300
1020, 387, 717
1021, 225, 353
1022, 89, 906
1023, 103, 675
1024, 627, 974
1025, 98, 605
1026, 59, 973
1027, 31, 922
1028, 570, 859
1029, 375, 701
1030, 367, 434
1031, 153, 541
1032, 6, 791
1033, 331, 437
1034, 440, 635
1035, 363, 982
1036, 296, 601
1037, 757, 863
1038, 385, 821
1039, 343, 848
1040, 189, 324
1041, 46, 986
1042, 39, 458
1043, 266, 702
1044, 620, 698
1045, 350, 794
1046, 169, 373
1047, 145, 337
1048, 115, 276
1049, 465, 569
1050, 673, 948
1051, 354, 543
1052, 414, 613
1053, 711, 754
1054, 444, 638
1055, 462, 926
1056, 55, 837
1057, 864, 894
1058, 49, 348
1059, 78, 469
1060, 603, 965
1061, 108, 557
1062, 862, 959
1063, 210, 252
1064, 421, 599
1065, 27, 655
1066, 334, 873
1067, 514, 833
1068, 461, 547
1069, 609, 996
1070, 368, 909
1071, 665, 856
1072, 69, 406
1073, 327, 905
1074, 322, 510
1075, 649, 669
1076, 43, 270
1077, 88, 508
1078, 158, 693
1079, 231, 274
1080, 577, 876
1081, 164, 650
1082, 392, 788
1083, 166, 314
1084, 208, 326
1085, 882, 883
1086, 504, 656
1087, 329, 830
1088, 677, 780
1089, 123, 566
1090, 86, 349
1091, 500, 513
1092, 58, 475
1093, 20, 565
1094, 846, 932
1095, 5, 75
1096, 142, 825
1097, 155, 550
1098, 766, 778
1099, 522, 777
1100, 829, 865
1101, 895, 995
1102, 681, 945
1103, 610, 692
1104, 578, 663
1105, 985, 987
1106, 150, 480
1107, 540, 887
1108, 568, 600
1109, 472, 478
1110, 214, 892
1111, 84, 843
1112, 489, 993
1113, 346, 751
1114, 183, 801
1115, 91, 917
1116, 95, 546
1117, 7, 749
1118, 65, 493
1119, 36, 112
1120, 73, 994
1121, 11, 226
1122, 413, 632
1123, 242, 875
1124, 80, 774
1125, 554, 879
1126, 119, 328
1127, 347, 671
1128, 901, 929
1129, 117, 382
1130, 607, 878
1131, 315, 746
1132, 342, 861
1133, 564, 769
1134, 534, 741
1135, 237, 636
1136, 902, 956
1137, 244, 286
1138, 87, 109
1139, 23, 734
1140, 407, 526
1141, 151, 697
1142, 111, 1000
1143, 442, 728
1144, 168, 420
1145, 105, 802
1146, 312, 694
1147, 258, 840
1148, 484, 640
1149, 706, 991
1150, 664, 805
1151, 549, 845
1152, 628, 685
1153, 280, 992
1154, 254, 259
1155, 422, 752
1156, 396, 998
1157, 606, 969
1158, 571, 868
1159, 449, 989
1160, 94, 744
1161, 301, 344
1162, 44, 400
1163, 842, 913
1164, 427, 937
1165, 335, 928
1166, 309, 699
1167, 415, 668
1168, 96, 812
1169, 83, 483
1170, 933, 979
1171, 121, 790
1172, 495, 611
1173, 695, 860
1174, 521, 775
1175, 781, 976
1176, 255, 494
1177, 374, 844
1178, 156, 925
1179, 474, 576
1180, 558, 852
1181, 13, 57
1182, 24, 678
1183, 273, 383
1184, 279, 320
1185, 402, 731
1186, 590, 651
1187, 319, 629
1188, 389, 612
1189, 369, 943
1190, 137, 904
1191, 100, 740
1192, 70, 787
1193, 10, 923
1194, 217, 765
1195, 33, 366
1196, 409, 999
1197, 834, 907
1198, 64, 880
1199, 207, 583
1200, 122, 548
1201, 626, 958
1202, 666, 919
1203, 298, 918
1204, 93, 506
1205, 725, 841
1206, 127, 492
1207, 533, 839
1208, 672, 869
1209, 418, 736
1210, 216, 291
1211, 308, 723
1212, 683, 890
1213, 477, 800
1214, 287, 447
1215, 147, 398
1216, 743, 747
1217, 188, 384
1218, 518, 647
1219, 172, 399
1220, 56, 642
1221, 303, 490
1222, 204, 621
1223, 807, 931
1224, 893, 908
1225, 152, 776
1226, 40, 199
1227, 481, 759
1228, 61, 946
1229, 233, 768
1230, 14, 536
1231, 582, 827
1232, 733, 927
1233, 529, 784
1234, 935, 975
1235, 311, 617
1236, 410, 625
1237, 885, 903
1238, 173, 899
1239, 51, 798
1240, 185, 263
1241, 148, 950
1242, 195, 721
1243, 159, 580
1244, 37, 575
1245, 360, 963
1246, 336, 466
1247, 403, 952
1248, 417, 951
1249, 537, 818
1250, 275, 285
1251, 345, 770
1252, 170, 365
1253, 591, 938
1254, 648, 858
1255, 691, 936
1256, 76, 133
1257, 295, 703
1258, 4, 866
1259, 92, 896
1260, 505, 877
1261, 443, 528
1262, 471, 815
1263, 118, 634
1264, 358, 779
1265, 200, 709
1266, 182, 831
1267, 657, 972
1268, 535, 955
1269, 359, 954
1270, 446, 772
1271, 191, 589
1272, 357, 507
1273, 379, 430
1274, 246, 271
1275, 561, 971
1276, 597, 835
1277, 101, 325
1278, 313, 785
1279, 302, 761
1280, 281, 482
1281, 753, 857
1282, 519, 809
1283, 470, 682
1284, 184, 624
1285, 42, 306
1286, 141, 836
1287, 686, 960
1288, 532, 953
1289, 539, 594
1290, 288, 939
1291, 419, 949
1292, 54, 527
1293, 9, 116
1294, 138, 318
1295, 817, 870
1296, 574, 679
1297, 585, 997
1298, 149, 278
1299, 531, 980
1300, 321, 512
1301, 261, 425
1302, 688, 832
1303, 178, 884
1304, 404, 432
1305, 8, 429
1306, 85, 637
1307, 874, 886
1308, 41, 113
1309, 28, 988
1310, 2, 215
1311, 129, 584
1312, 284, 924
1313, 206, 881
1314, 838, 962
1315, 125, 376
1316, 267, 737
1317, 227, 813
1318, 79, 467
1319, 428, 745
1320, 34, 240
1321, 789, 966
1322, 66, 588
1323, 970, 981
1324, 190, 684
1325, 290, 735
1326, 356, 826
1327, 256, 689
1328, 391, 977
1329, 146, 241
1330, 157, 485
1331, 310, 453
1332, 503, 722
1333, 247, 755
1334, 143, 803
1335, 67, 819
1336, 304, 712
1337, 644, 707
1338, 424, 719
1339, 797, 944
1340, 120, 602
1341, 193, 616
1342, 670, 718
1343, 517, 633
1344, 700, 763
1345, 450, 525
1346, 305, 608
1347, 107, 760
1348, 134, 810
1349, 520, 563
1350, 604, 739
1351, 491, 756
1352, 160, 847
1353, 260, 307
1354, 652, 888
1355, 97, 957
1356, 17, 292
1357, 401, 968
1358, 154, 234
1359, 21, 544
1360, 220, 764
1361, 496, 850
1362, 435, 509
1363, 176, 804
1364, 162, 889
1365, 257, 748
1366, 317, 990
1367, 219, 377
1368, 622, 726
1369, 104, 715
1370, 553, 716
1371, 19, 362
1372, 872, 961
1373, 820, 984
1374, 63, 658
1375, 372, 388
1376, 30, 593
1377, 253, 631
1378, 451, 592
1379, 595, 799
1380, 283, 294
1381, 165, 221
1382, 473, 587
1383, 167, 714
1384, 212, 456
1385, 99, 338
1386, 205, 560
1387, 196, 230
1388, 249, 468
1389, 35, 930
1390, 272, 676
1391, 710, 767
1392, 140, 186
1393, 50, 542
1394, 423, 914
1395, 251, 742
1396, 174, 211
1397, 412, 916
1398, 448, 814
1399, 71, 762
1400, 452, 696
1401, 316, 323
1402, 545, 758
1403, 62, 197
1404, 394, 497
1405, 573, 596
1406, 454, 552
1407, 135, 855
1408, 114, 524
1409, 192, 222
1410, 26, 900
1411, 29, 198
1412, 110, 235
1413, 488, 567
1414, 293, 431
1415, 499, 653
1416, 262, 921
1417, 32, 441
1418, 614, 967
1419, 77, 793
1420, 175, 630
1421, 333, 783
1422, 201, 724
1423, 16, 738
1424, 411, 498
1425, 18, 352
1426, 299, 397
1427, 1, 194
1428, 128, 228
1429, 25, 68
1430, 378, 796
1431, 713, 828
1432, 90, 551
1433, 661, 942
1434, 445, 915
1435, 598, 708
1436, 486, 687
1437, 479, 615
1438, 426, 660
1439, 511, 680
1440, 289, 464
1441, 81, 674
1442, 265, 641
1443, 395, 556
1444, 408, 871
1445, 47, 136
1446, 750, 940
1447, 386, 436
1448, 131, 371
1449, 52, 218
1450, 171, 562
1451, 416, 559
1452, 223, 248
1453, 795, 822
1454, 229, 729
1455, 106, 530
1456, 15, 618
1457, 476, 581
1458, 277, 355
1459, 139, 269
1460, 332, 646
1461, 224, 405
1462, 181, 806
1463, 645, 853
1464, 455, 910
1465, 132, 823
1466, 74, 623
1467, 22, 586
1468, 487, 523
1469, 245, 297
1470, 179, 849
1471, 341, 771
1472, 268, 824
1473, 130, 161
1474, 12, 643
1475, 515, 773
1476, 82, 460
1477, 438, 867
1478, 730, 811
1479, 53, 579
1480, 187, 393
1481, 439, 516
1482, 102, 236
1483, 38, 792
1484, 732, 808
1485, 45, 654
1486, 361, 912
1487, 48, 243
1488, 60, 983
1489, 126, 934
1490, 538, 659
1491, 459, 782
1492, 144, 978
1493, 662, 720
1494, 282, 340
1495, 177, 239
1496, 619, 816
1497, 163, 727
1498, 572, 941
1499, 339, 705
1500, 370, 433
1501, 893, 927
1502, 151, 741
1503, 393, 405
1504, 672, 904
1505, 147, 978
1506, 491, 947
1507, 747, 941
1508, 398, 776
1509, 830, 855
1510, 218, 818
1511, 161, 356
1512, 587, 953
1513, 216, 690
1514, 413, 781
1515, 190, 379
1516, 707, 939
1517, 696, 850
1518, 66, 135
1519, 213, 294
1520, 224, 686
1521, 341, 987
1522, 698, 968
1523, 52, 424
1524, 594, 814
1525, 486, 532
1526, 63, 92
1527, 59, 423
1528, 173, 659
1529, 88, 301
1530, 186, 910
1531, 136, 878
1532, 118, 876
1533, 25, 523
1534, 410, 920
1535, 223, 998
1536, 344, 760
1537, 938, 946
1538, 48, 869
1539, 390, 595
1540, 15, 843
1541, 419, 621
1542, 324, 722
1543, 420, 471
1544, 618, 731
1545, 106, 943
1546, 141, 883
1547, 635, 683
1548, 452, 812
1549, 123, 613
1550, 69, 198
1551, 77, 800
1552, 139, 856
1553, 72, 408
1554, 462, 600
1555, 73, 644
1556, 666, 899
1557, 674, 857
1558, 119, 767
1559, 640, 875
1560, 27, 837
1561, 146, 604
1562, 257, 761
1563, 221, 507
1564, 263, 554
1565, 122, 446
1566, 383, 542
1567, 275, 372
1568, 94, 572
1569, 425, 715
1570, 877, 951
1571, 184, 930
1572, 312, 778
1573, 833, 862
1574, 403, 801
1575, 879, 912
1576, 788, 804
1577, 166, 429
1578, 142, 756
1579, 389, 934
1580, 439, 479
1581, 319, 441
1582, 343, 637
1583, 815, 970
1584, 780, 906
1585, 575, 797
1586, 137, 758
1587, 503, 963
1588, 783, 915
1589, 371, 568
1590, 28, 357
1591, 384, 779
1592, 337, 656
1593, 550, 982
1594, 191, 366
1595, 157, 381
1596, 327, 562
1597, 255, 305
1598, 584, 823
1599, 165, 786
1600, 617, 810
1601, 482, 949
1602, 251, 770
1603, 799, 859
1604, 534, 882
1605, 55, 179
1606, 567, 913
1607, 718, 848
1608, 853, 997
1609, 478, 560
1610, 222, 483
1611, 293, 308
1612, 78, 685
1613, 247, 331
1614, 509, 928
1615, 154, 464
1616, 45, 721
1617, 220, 854
1618, 459, 589
1619, 32, 546
1620, 551, 821
1621, 320, 932
1622, 132, 908
1623, 74, 465
1624, 325, 556
1625, 65, 816
1626, 79, 516
1627, 168, 782
1628, 90, 276
1629, 713, 750
1630, 124, 759
1631, 234, 871
1632, 237, 404
1633, 676, 948
1634, 427, 573
1635, 204, 378
1636, 99, 603
1637, 834, 909
1638, 290, 958
1639, 62, 769
1640, 547, 684
1641, 434, 900
1642, 544, 642
1643, 641, 755
1644, 189, 530
1645, 199, 720
1646, 303, 984
1647, 95, 270
1648, 211, 749
1649, 126, 454
1650, 30, 306
1651, 417, 586
1652, 71, 109
1653, 467, 606
1654, 245, 261
1655, 130, 851
1656, 470, 936
1657, 50, 414
1658, 435, 580
1659, 93, 500
1660, 309, 738
1661, 521, 902
1662, 365, 655
1663, 96, 475
1664, 461, 540
1665, 447, 714
1666, 169, 702
1667, 149, 574
1668, 400, 860
1669, 53, 732
1670, 17, 849
1671, 295, 790
1672, 273, 935
1673, 39, 229
1674, 582, 675
1675, 632, 699
1676, 177, 493
1677, 46, 369
1678, 163, 349
1679, 33, 345
1680, 116, 631
1681, 121, 945
1682, 131, 658
1683, 527, 693
1684, 364, 484
1685, 97, 508
1686, 268, 428
1687, 370, 687
1688, 16, 480
1689, 5, 350
1690, 634, 959
1691, 307, 922
1692, 599, 926
1693, 382, 681
1694, 250, 773
1695, 296, 748
1696, 668, 884
1697, 208, 321
1698, 215, 630
1699, 174, 627
1700, 51, 514
1701, 282, 794
1702, 158, 262
1703, 636, 784
1704, 624, 763
1705, 524, 986
1706, 180, 200
1707, 391, 972
1708, 315, 340
1709, 430, 456
1710, 581, 777
1711, 436, 772
1712, 449, 612
1713, 219, 402
1714, 289, 960
1715, 217, 569
1716, 280, 438
1717, 228, 377
1718, 12, 140
1719, 596, 868
1720, 619, 716
1721, 238, 895
1722, 102, 648
1723, 896, 924
1724, 61, 246
1725, 433, 519
1726, 501, 601
1727, 64, 824
1728, 549, 864
1729, 242, 885
1730, 645, 734
1731, 83, 615
1732, 7, 967
1733, 374, 399
1734, 103, 277
1735, 150, 663
1736, 89, 973
1737, 317, 703
1738, 394, 726
1739, 188, 577
1740, 171, 892
1741, 691, 846
1742, 352, 563
1743, 22, 765
1744, 75, 388
1745, 114, 570
1746, 492, 831
1747, 225, 950
1748, 37, 813
1749, 652, 989
1750, 254, 407
1751, 330, 566
1752, 212, 838
1753, 751, 979
1754, 334, 396
1755, 86, 988
1756, 87, 156
1757, 561, 955
1758, 68, 133
1759, 535, 576
1760, 258, 358
1761, 473, 541
1762, 196, 819
1763, 907, 923
1764, 298, 460
1765, 202, 740
1766, 283, 313
1767, 426, 828
1768, 111, 971
1769, 889, 914
1770, 695, 937
1771, 47, 622
1772, 917, 952
1773, 193, 387
1774, 100, 162
1775, 243, 629
1776, 10, 762
1777, 287, 489
1778, 590, 901
1779, 557, 921
1780, 172, 545
1781, 360, 533
1782, 555, 625
1783, 870, 898
1784, 241, 432
1785, 376, 385
1786, 127, 284
1787, 2, 160
1788, 107, 735
1789, 342, 353
1790, 11, 38
1791, 214, 264
1792, 18, 361
1793, 49, 422
1794, 44, 85
1795, 326, 579
1796, 205, 694
1797, 745, 845
1798, 322, 840
1799, 355, 653
1800, 8, 886
1801, 143, 481
1802, 692, 891
1803, 525, 785
1804, 919, 931
1805, 175, 863
1806, 498, 832
1807, 178, 496
1808, 272, 363
1809, 397, 466
1810, 125, 194
1811, 517, 766
1812, 226, 638
1813, 248, 739
1814, 176, 628
1815, 201, 278
1816, 667, 918
1817, 43, 448
1818, 643, 873
1819, 671, 980
1820, 117, 145
1821, 468, 817
1822, 531, 888
1823, 232, 881
1824, 152, 504
1825, 598, 742
1826, 753, 996
1827, 14, 602
1828, 737, 793
1829, 457, 829
1830, 182, 688
1831, 192, 874
1832, 35, 852
1833, 487, 592
1834, 195, 286
1835, 485, 725
1836, 67, 977
1837, 395, 488
1838, 256, 736
1839, 752, 764
1840, 607, 803
1841, 108, 664
1842, 431, 626
1843, 259, 302
1844, 29, 836
1845, 231, 916
1846, 723, 964
1847, 678, 709
1848, 4, 300
1849, 155, 647
1850, 811, 965
1851, 57, 60
1852, 472, 654
1853, 84, 113
1854, 559, 608
1855, 511, 842
1856, 805, 1000
1857, 505, 798
1858, 164, 657
1859, 292, 437
1860, 605, 981
1861, 440, 724
1862, 279, 639
1863, 335, 940
1864, 23, 894
1865, 207, 730
1866, 623, 847
1867, 148, 392
1868, 412, 670
1869, 611, 717
1870, 267, 822
1871, 552, 792
1872, 297, 729
1873, 274, 469
1874, 120, 774
1875, 170, 240
1876, 91, 791
1877, 129, 415
1878, 571, 966
1879, 21, 929
1880, 34, 311
1881, 512, 610
1882, 477, 705
1883, 144, 233
1884, 56, 578
1885, 285, 476
1886, 197, 351
1887, 336, 962
1888, 443, 669
1889, 104, 513
1890, 314, 620
1891, 281, 689
1892, 367, 537
1893, 701, 711
1894, 807, 990
1895, 409, 538
1896, 609, 795
1897, 375, 704
1898, 565, 839
1899, 269, 518
1900, 380, 806
1901, 1, 338
1902, 418, 680
1903, 112, 451
1904, 825, 954
1905, 26, 775
1906, 203, 421
1907, 210, 442
1908, 19, 897
1909, 187, 310
1910, 463, 746
1911, 316, 841
1912, 682, 744
1913, 346, 660
1914, 110, 359
1915, 167, 354
1916, 36, 458
1917, 98, 789
1918, 115, 903
1919, 401, 411
1920, 633, 754
1921, 82, 933
1922, 558, 593
1923, 244, 323
1924, 101, 522
1925, 249, 564
1926, 588, 942
1927, 665, 809
1928, 348, 455
1929, 227, 444
1930, 304, 710
1931, 536, 992
1932, 265, 616
1933, 416, 708
1934, 70, 757
1935, 260, 543
1936, 209, 866
1937, 490, 961
1938, 76, 999
1939, 553, 991
1940, 138, 445
1941, 450, 983
1942, 679, 956
1943, 474, 661
1944, 495, 835
1945, 81, 861
1946, 266, 706
1947, 333, 494
1948, 677, 890
1949, 3, 787
1950, 128, 591
1951, 159, 253
1952, 844, 985
1953, 911, 944
1954, 6, 510
1955, 646, 872
1956, 528, 733
1957, 548, 994
1958, 539, 975
1959, 181, 230
1960, 332, 386
1961, 453, 880
1962, 252, 976
1963, 54, 585
1964, 236, 867
1965, 153, 697
1966, 808, 925
1967, 796, 957
1968, 662, 700
1969, 185, 502
1970, 271, 969
1971, 9, 347
1972, 40, 887
1973, 497, 768
1974, 826, 858
1975, 291, 506
1976, 368, 650
1977, 339, 373
1978, 406, 905
1979, 802, 995
1980, 80, 520
1981, 239, 827
1982, 183, 328
1983, 499, 771
1984, 105, 583
1985, 288, 974
1986, 728, 743
1987, 206, 993
1988, 614, 727
1989, 42, 515
1990, 134, 719
1991, 318, 649
1992, 712, 865
1993, 58, 597
1994, 235, 651
1995, 13, 299
1996, 31, 673
1997, 24, 526
1998, 362, 820
1999, 20, 41
2000, 329, 529
2001, 634, 830
2002, 187, 707
2003, 10, 727
2004, 4, 254
2005, 384, 474
2006, 84, 176
2007, 622, 897
2008, 517, 592
2009, 452, 970
2010, 27, 964
2011, 460, 828
2012, 111, 909
2013, 290, 912
2014, 456, 457
2015, 189, 407
2016, 204, 580
2017, 247, 392
2018, 90, 602
2019, 627, 996
2020, 334, 801
2021, 863, 915
2022, 78, 453
2023, 465, 967
2024, 21, 434
2025, 769, 985
2026, 20, 299
2027, 386, 483
2028, 704, 978
2029, 68, 619
2030, 96, 405
2031, 741, 993
2032, 65, 632
2033, 635, 895
2034, 64, 656
2035, 357, 625
2036, 256, 455
2037, 494, 678
2038, 838, 971
2039, 572, 858
2040, 633, 937
2041, 41, 515
2042, 675, 989
2043, 92, 962
2044, 239, 922
2045, 134, 562
2046, 22, 758
2047, 253, 640
2048, 543, 614
2049, 172, 651
2050, 332, 618
2051, 44, 749
2052, 236, 382
2053, 196, 941
2054, 223, 507
2055, 150, 597
2056, 181, 879
2057, 318, 725
2058, 277, 975
2059, 238, 690
2060, 220, 506
2061, 406, 695
2062, 162, 312
2063, 410, 752
2064, 444, 972
2065, 120, 917
2066, 731, 809
2067, 490, 653
2068, 308, 803
2069, 49, 439
2070, 549, 553
2071, 273, 349
2072, 149, 688
2073, 352, 840
2074, 512, 565
2075, 160, 464
2076, 245, 889
2077, 212, 785
2078, 55, 590
2079, 360, 596
2080, 574, 610
2081, 58, 669
2082, 201, 383
2083, 417, 718
2084, 589, 821
2085, 177, 757
2086, 461, 477
2087, 137, 744
2088, 48, 898
2089, 171, 874
2090, 768, 923
2091, 671, 942
2092, 125, 611
2093, 168, 616
2094, 340, 583
2095, 37, 716
2096, 19, 516
2097, 873, 893
2098, 116, 659
2099, 231, 325
2100, 330, 556
2101, 720, 953
2102, 216, 394
2103, 101, 388
2104, 24, 213
2105, 786, 904
2106, 341, 425
2107, 61, 523
2108, 28, 722
2109, 361, 531
2110, 82, 135
2111, 372, 853
2112, 644, 666
2113, 376, 745
2114, 886, 902
2115, 399, 888
2116, 180, 773
2117, 548, 573
2118, 26, 860
2119, 674, 856
2120, 373, 784
2121, 59, 102
2122, 153, 703
2123, 87, 682
2124, 242, 900
2125, 538, 641
2126, 626, 681
2127, 303, 664
2128, 510, 901
2129, 72, 708
2130, 513, 691
2131, 50, 929
2132, 70, 628
2133, 159, 742
2134, 413, 735
2135, 259, 569
2136, 621, 829
2137, 404, 723
2138, 314, 715
2139, 251, 747
2140, 296, 595
2141, 630, 774
2142, 222, 980
2143, 450, 882
2144, 702, 775
2145, 157, 555
2146, 186, 920
2147, 18, 77
2148, 355, 872
2149, 286, 672
2150, 365, 476
2151, 219, 485
2152, 60, 567
2153, 478, 796
2154, 305, 561
2155, 521, 870
2156, 287, 385
2157, 402, 581
2158, 243, 486
2159, 411, 761
2160, 38, 797
2161, 123, 756
2162, 45, 183
2163, 343, 724
2164, 712, 851
2165, 115, 861
2166, 228, 304
2167, 109, 891
2168, 291, 475
2169, 205, 530
2170, 152, 736
2171, 294, 345
2172, 8, 285
2173, 335, 789
2174, 114, 608
2175, 519, 950
2176, 529, 791
2177, 431, 751
2178, 564, 734
2179, 449, 994
2180, 319, 766
2181, 390, 903
2182, 397, 566
2183, 91, 865
2184, 283, 571
2185, 235, 542
2186, 282, 370
2187, 127, 921
2188, 867, 943
2189, 777, 911
2190, 175, 990
2191, 532, 936
2192, 39, 416
2193, 778, 952
2194, 480, 501
2195, 71, 496
2196, 83, 547
2197, 337, 378
2198, 185, 686
2199, 673, 701
2200, 156, 877
2201, 714, 947
2202, 347, 938
2203, 95, 140
2204, 427, 999
2205, 636, 762
2206, 336, 577
2207, 35, 94
2208, 408, 560
2209, 300, 356
2210, 719, 924
2211, 693, 819
2212, 279, 826
2213, 54, 876
2214, 518, 973
2215, 658, 689
2216, 234, 887
2217, 206, 955
2218, 420, 554
2219, 292, 607
2220, 32, 468
2221, 274, 322
2222, 525, 969
2223, 155, 584
2224, 489, 737
2225, 767, 817
2226, 62, 169
2227, 364, 732
2228, 442, 743
2229, 375, 582
2230, 141, 713
2231, 730, 739
2232, 348, 792
2233, 526, 940
2234, 170, 841
2235, 31, 281
2236, 267, 310
2237, 497, 570
2238, 179, 740
2239, 306, 587
2240, 650, 833
2241, 800, 998
2242, 260, 473
2243, 53, 328
2244, 448, 755
2245, 585, 639
2246, 609, 848
2247, 599, 738
2248, 350, 820
2249, 309, 918
2250, 46, 128
2251, 699, 910
2252, 193, 946
2253, 931, 954
2254, 132, 844
2255, 178, 338
2256, 85, 97
2257, 197, 868
2258, 233, 594
2259, 551, 726
2260, 1, 249
2261, 748, 896
2262, 317, 883
2263, 88, 807
2264, 563, 623
2265, 208, 576
2266, 250, 451
2267, 491, 534
2268, 195, 813
2269, 16, 814
2270, 248, 845
2271, 795, 799
2272, 481, 965
2273, 533, 770
2274, 225, 908
2275, 52, 280
2276, 326, 981
2277, 359, 575
2278, 34, 763
2279, 400, 822
2280, 321, 403
2281, 75, 366
2282, 74, 629
2283, 289, 381
2284, 144, 540
2285, 446, 982
2286, 67, 832
2287, 387, 698
2288, 142, 536
2289, 339, 958
2290, 422, 746
2291, 892, 933
2292, 414, 670
2293, 391, 930
2294, 218, 885
2295, 379, 779
2296, 396, 765
2297, 329, 806
2298, 275, 638
2299, 441, 974
2300, 424, 925
2301, 266, 823
2302, 164, 881
2303, 753, 802
2304, 131, 539
2305, 15, 368
2306, 679, 687
2307, 200, 320
2308, 255, 545
2309, 657, 662
2310, 117, 558
2311, 793, 959
2312, 426, 812
2313, 655, 932
2314, 100, 729
2315, 47, 949
2316, 311, 914
2317, 409, 805
2318, 694, 709
2319, 395, 458
2320, 606, 676
2321, 647, 866
2322, 418, 956
2323, 12, 121
2324, 13, 527
2325, 174, 333
2326, 99, 991
2327, 913, 986
2328, 11, 705
2329, 358, 961
2330, 136, 934
2331, 229, 593
2332, 429, 916
2333, 430, 825
2334, 107, 660
2335, 466, 520
2336, 721, 847
2337, 146, 811
2338, 57, 462
2339, 73, 612
2340, 711, 824
2341, 522, 859
2342, 301, 613
2343, 482, 568
2344, 631, 905
2345, 166, 646
2346, 948, 977
2347, 110, 284
2348, 323, 835
2349, 226, 514
2350, 66, 696
2351, 683, 919
2352, 363, 535
2353, 524, 831
2354, 432, 850
2355, 717, 852
2356, 433, 546
2357, 298, 511
2358, 161, 202
2359, 316, 398
2360, 3, 493
2361, 472, 624
2362, 353, 754
2363, 780, 899
2364, 415, 816
2365, 25, 203
2366, 98, 837
2367, 42, 377
2368, 148, 154
2369, 130, 776
2370, 579, 710
2371, 29, 344
2372, 661, 880
2373, 505, 839
2374, 269, 869
2375, 79, 504
2376, 278, 437
2377, 143, 818
2378, 907, 944
2379, 467, 890
2380, 9, 684
2381, 354, 939
2382, 7, 81
2383, 484, 668
2384, 435, 843
2385, 129, 327
2386, 230, 697
2387, 443, 498
2388, 17, 957
2389, 23, 855
2390, 188, 808
2391, 119, 276
2392, 374, 790
2393, 393, 788
2394, 401, 862
2395, 182, 232
2396, 103, 617
2397, 2, 133
2398, 145, 604
2399, 815, 827
2400, 798, 884
2401, 324, 528
2402, 810, 846
2403, 246, 440
2404, 30, 509
2405, 241, 261
2406, 215, 479
2407, 217, 351
2408, 6, 36
2409, 33, 207
2410, 307, 499
2411, 652, 906
2412, 331, 960
2413, 537, 945
2414, 211, 591
2415, 224, 342
2416, 113, 502
2417, 86, 997
2418, 293, 643
2419, 106, 605
2420, 264, 680
2421, 93, 759
2422, 367, 445
2423, 227, 463
2424, 700, 878
2425, 559, 578
2426, 191, 421
2427, 76, 782
2428, 105, 728
2429, 56, 834
2430, 244, 412
2431, 221, 781
2432, 268, 438
2433, 104, 469
2434, 192, 864
2435, 165, 665
2436, 108, 288
2437, 362, 380
2438, 252, 794
2439, 706, 787
2440, 69, 987
2441, 346, 649
2442, 124, 151
2443, 764, 804
2444, 389, 503
2445, 240, 471
2446, 5, 454
2447, 419, 500
2448, 645, 983
2449, 663, 772
2450, 43, 112
2451, 603, 992
2452, 122, 637
2453, 508, 951
2454, 80, 147
2455, 158, 677
2456, 550, 783
2457, 875, 984
2458, 423, 842
2459, 258, 598
2460, 184, 237
2461, 928, 935
2462, 447, 995
2463, 51, 557
2464, 615, 871
2465, 552, 692
2466, 139, 927
2467, 138, 313
2468, 265, 836
2469, 209, 926
2470, 167, 541
2471, 588, 857
2472, 601, 988
2473, 487, 600
2474, 214, 488
2475, 63, 126
2476, 297, 620
2477, 194, 270
2478, 428, 654
2479, 459, 979
2480, 40, 495
2481, 642, 685
2482, 190, 262
2483, 544, 760
2484, 436, 492
2485, 271, 733
2486, 648, 976
2487, 199, 302
2488, 173, 295
2489, 369, 371
2490, 89, 163
2491, 257, 470
2492, 118, 198
2493, 667, 849
2494, 894, 1000
2495, 14, 272
2496, 315, 963
2497, 771, 854
2498, 210, 750
2499, 263, 586
2500, 966, 968
2501, 16, 706
2502, 339, 381
2503, 515, 697
2504, 394, 875
2505, 209, 994
2506, 824, 908
2507, 496, 890
2508, 402, 616
2509, 179, 879
2510, 441, 983
2511, 510, 513
2512, 232, 812
2513, 420, 605
2514, 383, 995
2515, 577, 910
2516, 53, 661
2517, 763, 799
2518, 252, 541
2519, 497, 707
2520, 158, 421
2521, 580, 716
2522, 482, 710
2523, 936, 977
2524, 613, 811
2525, 83, 148
2526, 514, 982
2527, 281, 508
2528, 163, 686
2529, 172, 304
2530, 431, 931
2531, 372, 410
2532, 96, 428
2533, 536, 675
2534, 380, 682
2535, 388, 391
2536, 236, 238
2537, 359, 621
2538, 696, 825
2539, 25, 530
2540, 243, 681
2541, 519, 909
2542, 234, 495
2543, 171, 958
2544, 629, 793
2545, 925, 959
2546, 549, 978
2547, 715, 951
2548, 725, 749
2549, 382, 827
2550, 820, 880
2551, 360, 731
2552, 619, 712
2553, 871, 998
2554, 456, 946
2555, 239, 571
2556, 30, 596
2557, 263, 612
2558, 187, 913
2559, 754, 947
2560, 21, 64
2561, 468, 642
2562, 451, 632
2563, 452, 626
2564, 35, 758
2565, 165, 210
2566, 194, 949
2567, 317, 333
2568, 418, 834
2569, 86, 752
2570, 41, 469
2571, 403, 917
2572, 55, 518
2573, 91, 445
2574, 646, 922
2575, 740, 988
2576, 385, 869
2577, 745, 836
2578, 791, 816
2579, 116, 265
2580, 71, 341
2581, 120, 637
2582, 343, 563
2583, 63, 149
2584, 435, 733
2585, 54, 185
2586, 310, 943
2587, 156, 639
2588, 202, 928
2589, 392, 521
2590, 174, 529
2591, 594, 643
2592, 131, 644
2593, 49, 631
2594, 145, 364
2595, 87, 971
2596, 967, 970
2597, 246, 899
2598, 713, 753
2599, 449, 739
2600, 100, 954
2601, 544, 930
2602, 397, 659
2603, 688, 837
2604, 75, 534
2605, 99, 266
2606, 351, 939
2607, 774, 779
2608, 11, 857
2609, 207, 604
2610, 312, 856
2611, 276, 635
2612, 738, 772
2613, 606, 881
2614, 744, 884
2615, 729, 957
2616, 113, 507
2617, 132, 792
2618, 40, 262
2619, 338, 353
2620, 7, 137
2621, 474, 645
2622, 68, 709
2623, 155, 973
2624, 166, 701
2625, 133, 841
2626, 213, 423
2627, 614, 974
2628, 297, 615
2629, 241, 593
2630, 191, 217
2631, 29, 36
2632, 181, 617
2633, 50, 81
2634, 43, 520
2635, 494, 810
2636, 535, 569
2637, 292, 624
2638, 695, 732
2639, 524, 653
2640, 833, 933
2641, 203, 996
2642, 722, 765
2643, 603, 846
2644, 188, 860
2645, 757, 823
2646, 5, 886
2647, 39, 785
2648, 648, 877
2649, 47, 375
2650, 153, 186
2651, 422, 532
2652, 539, 914
2653, 95, 654
2654, 389, 679
2655, 466, 961
2656, 162, 299
2657, 70, 741
2658, 537, 979
2659, 101, 491
2660, 161, 802
2661, 684, 797
2662, 73, 666
2663, 178, 607
2664, 566, 610
2665, 256, 543
2666, 533, 878
2667, 173, 517
2668, 65, 450
2669, 277, 743
2670, 298, 751
2671, 340, 505
2672, 525, 575
2673, 652, 911
2674, 550, 719
2675, 247, 274
2676, 93, 275
2677, 764, 976
2678, 455, 504
2679, 300, 870
2680, 37, 657
2681, 74, 527
2682, 152, 669
2683, 129, 255
2684, 401, 409
2685, 85, 465
2686, 88, 117
2687, 102, 822
2688, 175, 193
2689, 46, 945
2690, 492, 906
2691, 122, 546
2692, 84, 531
2693, 104, 325
2694, 416, 989
2695, 280, 378
2696, 31, 222
2697, 66, 108
2698, 483, 892
2699, 2, 987
2700, 599, 854
2701, 454, 611
2702, 18, 426
2703, 89, 651
2704, 147, 345
2705, 407, 424
2706, 459, 981
2707, 127, 404
2708, 558, 723
2709, 208, 999
2710, 379, 439
2711, 516, 630
2712, 182, 667
2713, 44, 883
2714, 198, 703
2715, 361, 460
2716, 489, 490
2717, 115, 589
2718, 795, 853
2719, 843, 916
2720, 848, 874
2721, 251, 839
2722, 196, 318
2723, 369, 578
2724, 26, 59
2725, 405, 817
2726, 4, 342
2727, 270, 862
2728, 72, 803
2729, 264, 887
2730, 135, 320
2731, 51, 838
2732, 356, 942
2733, 859, 921
2734, 220, 747
2735, 157, 447
2736, 78, 873
2737, 625, 948
2738, 718, 938
2739, 42, 664
2740, 472, 766
2741, 487, 894
2742, 119, 692
2743, 413, 704
2744, 282, 308
2745, 154, 727
2746, 406, 867
2747, 136, 438
2748, 655, 831
2749, 199, 813
2750, 92, 699
2751, 500, 656
2752, 279, 374
2753, 694, 708
2754, 45, 832
2755, 164, 777
2756, 467, 735
2757, 574, 676
2758, 650, 865
2759, 160, 400
2760, 319, 835
2761, 542, 555
2762, 106, 303
2763, 321, 453
2764, 200, 866
2765, 608, 903
2766, 502, 905
2767, 58, 432
2768, 390, 591
2769, 121, 130
2770, 223, 901
2771, 228, 347
2772, 419, 564
2773, 27, 855
2774, 329, 826
2775, 434, 680
2776, 32, 590
2777, 584, 636
2778, 479, 863
2779, 76, 499
2780, 271, 366
2781, 168, 354
2782, 231, 730
2783, 140, 399
2784, 807, 997
2785, 463, 595
2786, 842, 956
2787, 237, 687
2788, 286, 984
2789, 287, 313
2790, 350, 440
2791, 230, 315
2792, 690, 915
2793, 352, 509
2794, 581, 975
2795, 138, 448
2796, 545, 788
2797, 22, 638
2798, 258, 912
2799, 473, 801
2800, 311, 926
2801, 349, 683
2802, 20, 775
2803, 288, 808
2804, 227, 384
2805, 8, 328
2806, 457, 478
2807, 443, 737
2808, 334, 677
2809, 330, 767
2810, 94, 326
2811, 105, 289
2812, 1, 755
2813, 850, 895
2814, 110, 398
2815, 183, 414
2816, 197, 587
2817, 226, 771
2818, 776, 918
2819, 17, 111
2820, 143, 932
2821, 128, 952
2822, 278, 950
2823, 218, 700
2824, 623, 923
2825, 622, 872
2826, 336, 748
2827, 169, 768
2828, 57, 159
2829, 377, 969
2830, 568, 964
2831, 272, 600
2832, 845, 904
2833, 346, 724
2834, 770, 830
2835, 151, 240
2836, 204, 821
2837, 481, 920
2838, 844, 963
2839, 673, 778
2840, 212, 992
2841, 285, 588
2842, 523, 829
2843, 253, 348
2844, 674, 972
2845, 60, 553
2846, 436, 750
2847, 24, 796
2848, 167, 324
2849, 176, 357
2850, 221, 294
2851, 395, 798
2852, 134, 804
2853, 114, 658
2854, 192, 362
2855, 267, 960
2856, 109, 944
2857, 953, 955
2858, 461, 501
2859, 528, 538
2860, 736, 746
2861, 3, 693
2862, 579, 965
2863, 249, 573
2864, 561, 702
2865, 38, 415
2866, 323, 337
2867, 250, 583
2868, 98, 900
2869, 663, 934
2870, 363, 464
2871, 124, 358
2872, 365, 551
2873, 301, 672
2874, 433, 597
2875, 302, 885
2876, 245, 560
2877, 819, 861
2878, 376, 876
2879, 371, 670
2880, 139, 427
2881, 322, 761
2882, 291, 592
2883, 260, 628
2884, 567, 864
2885, 512, 849
2886, 28, 387
2887, 503, 985
2888, 314, 370
2889, 170, 660
2890, 368, 897
2891, 559, 896
2892, 205, 990
2893, 284, 986
2894, 344, 442
2895, 283, 787
2896, 290, 756
2897, 306, 711
2898, 146, 627
2899, 598, 993
2900, 485, 662
2901, 219, 980
2902, 540, 773
2903, 12, 462
2904, 150, 556
2905, 552, 962
2906, 61, 206
2907, 184, 547
2908, 97, 446
2909, 6, 668
2910, 602, 760
2911, 640, 941
2912, 125, 966
2913, 177, 488
2914, 429, 783
2915, 235, 562
2916, 229, 698
2917, 293, 685
2918, 408, 430
2919, 48, 211
2920, 233, 572
2921, 647, 919
2922, 296, 335
2923, 678, 781
2924, 565, 898
2925, 23, 471
2926, 386, 780
2927, 56, 882
2928, 123, 868
2929, 852, 1000
2930, 13, 828
2931, 273, 800
2932, 475, 557
2933, 9, 486
2934, 62, 254
2935, 476, 586
2936, 726, 929
2937, 809, 889
2938, 112, 714
2939, 69, 840
2940, 444, 847
2941, 437, 815
2942, 671, 891
2943, 10, 511
2944, 225, 759
2945, 19, 705
2946, 794, 991
2947, 126, 814
2948, 142, 935
2949, 34, 649
2950, 103, 305
2951, 548, 790
2952, 15, 585
2953, 268, 717
2954, 691, 888
2955, 82, 506
2956, 118, 493
2957, 769, 858
2958, 79, 458
2959, 331, 968
2960, 307, 634
2961, 80, 851
2962, 52, 411
2963, 141, 417
2964, 248, 570
2965, 316, 355
2966, 393, 784
2967, 14, 214
2968, 90, 295
2969, 269, 734
2970, 309, 609
2971, 477, 522
2972, 107, 618
2973, 480, 789
2974, 216, 721
2975, 498, 601
2976, 762, 782
2977, 742, 893
2978, 201, 641
2979, 244, 806
2980, 180, 484
2981, 215, 526
2982, 470, 633
2983, 576, 720
2984, 77, 195
2985, 689, 728
2986, 786, 937
2987, 261, 554
2988, 805, 940
2989, 190, 327
2990, 144, 927
2991, 396, 620
2992, 189, 582
2993, 818, 907
2994, 257, 902
2995, 67, 259
2996, 242, 373
2997, 33, 224
2998, 332, 665
2999, 425, 924
3000, 367, 412
3001, 168, 584
3002, 184, 235
3003, 527, 915
3004, 442, 828
3005, 573, 919
3006, 513, 668
3007, 95, 465
3008, 361, 649
3009, 763, 874
3010, 49, 759
3011, 778, 837
3012, 313, 520
3013, 270, 433
3014, 256, 791
3015, 610, 928
3016, 412, 809
3017, 817, 880
3018, 73, 706
3019, 462, 724
3020, 153, 867
3021, 10, 975
3022, 134, 826
3023, 448, 1000
3024, 599, 686
3025, 588, 807
3026, 45, 745
3027, 301, 484
3028, 44, 843
3029, 133, 888
3030, 205, 939
3031, 211, 356
3032, 623, 780
3033, 694, 811
3034, 572, 875
3035, 672, 832
3036, 373, 740
3037, 96, 993
3038, 565, 926
3039, 154, 499
3040, 83, 846
3041, 320, 914
3042, 1, 908
3043, 181, 989
3044, 558, 842
3045, 416, 886
3046, 56, 764
3047, 250, 813
3048, 34, 821
3049, 42, 868
3050, 245, 323
3051, 52, 920
3052, 311, 779
3053, 945, 958
3054, 38, 967
3055, 306, 546
3056, 248, 840
3057, 348, 854
3058, 838, 988
3059, 440, 839
3060, 718, 801
3061, 174, 845
3062, 309, 743
3063, 472, 526
3064, 421, 704
3065, 147, 956
3066, 429, 512
3067, 823, 897
3068, 354, 910
3069, 161, 397
3070, 185, 624
3071, 787, 852
3072, 247, 903
3073, 396, 900
3074, 237, 887
3075, 130, 338
3076, 80, 456
3077, 695, 814
3078, 608, 689
3079, 288, 890
3080, 265, 937
3081, 419, 441
3082, 8, 426
3083, 217, 627
3084, 786, 905
3085, 402, 974
3086, 90, 548
3087, 522, 963
3088, 594, 851
3089, 496, 767
3090, 682, 942
3091, 141, 844
3092, 268, 525
3093, 271, 451
3094, 947, 959
3095, 841, 955
3096, 492, 644
3097, 26, 126
3098, 114, 713
3099, 427, 715
3100, 200, 381
3101, 24, 391
3102, 423, 665
3103, 81, 784
3104, 124, 619
3105, 191, 295
3106, 20, 921
3107, 219, 866
3108, 221, 869
3109, 293, 657
3110, 47, 981
3111, 91, 578
3112, 454, 907
3113, 180, 583
3114, 276, 742
3115, 65, 775
3116, 577, 652
3117, 732, 896
3118, 29, 257
3119, 255, 585
3120, 352, 674
3121, 71, 825
3122, 99, 692
3123, 294, 382
3124, 93, 666
3125, 15, 889
3126, 410, 753
3127, 878, 881
3128, 616, 892
3129, 536, 949
3130, 31, 562
3131, 66, 162
3132, 571, 709
3133, 514, 944
3134, 40, 121
3135, 186, 639
3136, 112, 570
3137, 296, 414
3138, 68, 106
3139, 325, 943
3140, 438, 498
3141, 116, 690
3142, 198, 856
3143, 757, 781
3144, 78, 458
3145, 242, 992
3146, 177, 916
3147, 528, 681
3148, 222, 595
3149, 132, 209
3150, 189, 827
3151, 754, 912
3152, 123, 983
3153, 324, 964
3154, 425, 708
3155, 158, 486
3156, 553, 831
3157, 220, 902
3158, 298, 656
3159, 933, 946
3160, 776, 913
3161, 489, 812
3162, 75, 806
3163, 201, 968
3164, 244, 941
3165, 2, 847
3166, 326, 824
3167, 307, 471
3168, 457, 691
3169, 305, 358
3170, 118, 626
3171, 107, 976
3172, 59, 673
3173, 500, 789
3174, 341, 551
3175, 77, 388
3176, 76, 994
3177, 417, 978
3178, 770, 815
3179, 156, 524
3180, 54, 353
3181, 231, 873
3182, 157, 252
3183, 655, 834
3184, 640, 808
3185, 473, 637
3186, 67, 515
3187, 350, 653
3188, 684, 738
3189, 337, 799
3190, 138, 858
3191, 122, 569
3192, 333, 343
3193, 290, 925
3194, 385, 727
3195, 622, 747
3196, 716, 932
3197, 172, 435
3198, 628, 773
3199, 28, 367
3200, 39, 935
3201, 332, 387
3202, 286, 752
3203, 104, 401
3204, 529, 792
3205, 439, 503
3206, 190, 931
3207, 129, 566
3208, 13, 166
3209, 364, 590
3210, 422, 490
3211, 204, 604
3212, 160, 291
3213, 365, 795
3214, 194, 206
3215, 178, 533
3216, 545, 731
3217, 110, 960
3218, 446, 802
3219, 447, 609
3220, 228, 765
3221, 281, 614
3222, 9, 554
3223, 277, 722
3224, 23, 519
3225, 756, 777
3226, 539, 929
3227, 82, 561
3228, 368, 833
3229, 625, 746
3230, 468, 488
3231, 279, 999
3232, 274, 758
3233, 629, 702
3234, 128, 390
3235, 523, 634
3236, 432, 509
3237, 783, 804
3238, 394, 934
3239, 415, 894
3240, 264, 647
3241, 33, 774
3242, 175, 923
3243, 444, 951
3244, 72, 574
3245, 735, 797
3246, 61, 547
3247, 289, 699
3248, 424, 966
3249, 208, 502
3250, 119, 587
3251, 136, 938
3252, 399, 521
3253, 218, 318
3254, 772, 848
3255, 469, 760
3256, 140, 292
3257, 549, 766
3258, 568, 984
3259, 785, 898
3260, 477, 557
3261, 125, 216
3262, 393, 748
3263, 430, 633
3264, 164, 505
3265, 253, 857
3266, 685, 733
3267, 260, 893
3268, 483, 972
3269, 58, 487
3270, 86, 800
3271, 638, 822
3272, 151, 662
3273, 108, 467
3274, 304, 556
3275, 261, 359
3276, 87, 636
3277, 239, 479
3278, 69, 251
3279, 504, 532
3280, 22, 971
3281, 229, 342
3282, 314, 327
3283, 482, 965
3284, 461, 470
3285, 50, 210
3286, 48, 371
3287, 603, 642
3288, 466, 667
3289, 552, 751
3290, 357, 678
3291, 173, 643
3292, 493, 884
3293, 660, 794
3294, 464, 654
3295, 115, 485
3296, 378, 991
3297, 658, 850
3298, 384, 855
3299, 322, 460
3300, 142, 677
3301, 575, 864
3302, 853, 899
3303, 618, 862
3304, 449, 906
3305, 344, 478
3306, 64, 737
3307, 876, 990
3308, 92, 701
3309, 339, 564
3310, 340, 818
3311, 143, 885
3312, 74, 152
3313, 35, 146
3314, 395, 641
3315, 580, 721
3316, 148, 982
3317, 369, 895
3318, 213, 463
3319, 202, 431
3320, 474, 544
3321, 51, 230
3322, 149, 849
3323, 227, 930
3324, 27, 214
3325, 407, 518
3326, 494, 805
3327, 266, 879
3328, 241, 475
3329, 182, 700
3330, 30, 911
3331, 234, 705
3332, 43, 406
3333, 347, 613
3334, 197, 541
3335, 183, 979
3336, 409, 820
3337, 798, 917
3338, 771, 977
3339, 581, 987
3340, 278, 829
3341, 187, 563
3342, 193, 651
3343, 605, 954
3344, 196, 615
3345, 131, 267
3346, 287, 612
3347, 139, 882
3348, 17, 434
3349, 714, 962
3350, 370, 436
3351, 282, 703
3352, 345, 480
3353, 621, 790
3354, 366, 957
3355, 169, 263
3356, 661, 782
3357, 167, 203
3358, 355, 420
3359, 312, 970
3360, 597, 863
3361, 303, 635
3362, 7, 598
3363, 491, 560
3364, 120, 909
3365, 192, 671
3366, 299, 346
3367, 283, 602
3368, 6, 328
3369, 455, 744
3370, 310, 788
3371, 411, 728
3372, 109, 950
3373, 5, 861
3374, 32, 567
3375, 37, 698
3376, 596, 697
3377, 246, 600
3378, 511, 720
3379, 238, 793
3380, 380, 404
3381, 559, 836
3382, 25, 243
3383, 481, 996
3384, 207, 555
3385, 101, 316
3386, 516, 859
3387, 319, 375
3388, 269, 676
3389, 450, 734
3390, 195, 593
3391, 321, 687
3392, 501, 961
3393, 232, 729
3394, 452, 540
3395, 497, 688
3396, 712, 973
3397, 297, 648
3398, 55, 717
3399, 870, 948
3400, 620, 819
3401, 392, 606
3402, 579, 924
3403, 611, 835
3404, 21, 300
3405, 62, 538
3406, 4, 372
3407, 750, 904
3408, 127, 225
3409, 803, 877
3410, 249, 630
3411, 11, 675
3412, 543, 592
3413, 617, 860
3414, 336, 683
3415, 408, 576
3416, 188, 985
3417, 223, 330
3418, 159, 535
3419, 768, 816
3420, 437, 736
3421, 510, 670
3422, 418, 997
3423, 398, 761
3424, 400, 550
3425, 3, 403
3426, 872, 986
3427, 351, 719
3428, 329, 762
3429, 650, 995
3430, 63, 170
3431, 386, 918
3432, 302, 413
3433, 19, 601
3434, 105, 144
3435, 165, 711
3436, 262, 952
3437, 212, 530
3438, 16, 98
3439, 284, 927
3440, 171, 607
3441, 46, 679
3442, 272, 362
3443, 749, 922
3444, 537, 631
3445, 89, 883
3446, 102, 659
3447, 145, 980
3448, 117, 796
3449, 135, 317
3450, 508, 871
3451, 669, 810
3452, 459, 726
3453, 155, 589
3454, 137, 285
3455, 233, 259
3456, 254, 405
3457, 707, 998
3458, 534, 710
3459, 374, 755
3460, 215, 725
3461, 79, 542
3462, 60, 507
3463, 377, 891
3464, 335, 376
3465, 389, 953
3466, 14, 383
3467, 582, 645
3468, 150, 865
3469, 308, 591
3470, 41, 349
3471, 18, 236
3472, 113, 693
3473, 57, 163
3474, 226, 680
3475, 85, 517
3476, 100, 495
3477, 586, 969
3478, 97, 199
3479, 331, 739
3480, 428, 443
3481, 334, 936
3482, 84, 111
3483, 88, 240
3484, 379, 664
3485, 273, 741
3486, 224, 315
3487, 70, 730
3488, 506, 901
3489, 12, 36
3490, 696, 830
3491, 445, 476
3492, 275, 646
3493, 531, 769
3494, 53, 723
3495, 258, 940
3496, 176, 632
3497, 103, 280
3498, 179, 363
3499, 94, 360
3500, 453, 663
3501, 224, 423
3502, 420, 886
3503, 560, 609
3504, 150, 211
3505, 739, 808
3506, 326, 948
3507, 825, 988
3508, 377, 446
3509, 381, 839
3510, 62, 793
3511, 170, 285
3512, 260, 283
3513, 158, 181
3514, 313, 386
3515, 311, 525
3516, 491, 891
3517, 30, 728
3518, 97, 919
3519, 233, 878
3520, 85, 129
3521, 694, 861
3522, 617, 707
3523, 6, 117
3524, 289, 637
3525, 563, 996
3526, 78, 851
3527, 720, 931
3528, 148, 400
3529, 226, 448
3530, 173, 336
3531, 264, 537
3532, 584, 904
3533, 2, 298
3534, 99, 734
3535, 556, 979
3536, 76, 443
3537, 436, 614
3538, 440, 784
3539, 964, 998
3540, 270, 872
3541, 673, 936
3542, 72, 798
3543, 536, 608
3544, 93, 589
3545, 79, 631
3546, 801, 906
3547, 477, 561
3548, 278, 773
3549, 758, 805
3550, 8, 960
3551, 512, 952
3552, 602, 674
3553, 396, 858
3554, 51, 900
3555, 60, 940
3556, 80, 665
3557, 42, 47
3558, 167, 984
3559, 464, 729
3560, 155, 778
3561, 572, 818
3562, 511, 943
3563, 445, 620
3564, 629, 795
3565, 656, 783
3566, 275, 945
3567, 604, 792
3568, 132, 730
3569, 34, 939
3570, 776, 868
3571, 59, 559
3572, 163, 459
3573, 263, 366
3574, 35, 166
3575, 760, 824
3576, 133, 610
3577, 845, 972
3578, 410, 743
3579, 240, 574
3580, 300, 933
3581, 183, 428
3582, 195, 969
3583, 120, 779
3584, 280, 965
3585, 186, 335
3586, 43, 586
3587, 426, 823
3588, 524, 678
3589, 77, 328
3590, 454, 852
3591, 13, 476
3592, 419, 571
3593, 179, 928
3594, 374, 517
3595, 427, 601
3596, 435, 999
3597, 340, 930
3598, 82, 553
3599, 107, 942
3600, 245, 860
3601, 385, 836
3602, 109, 830
3603, 492, 903
3604, 390, 570
3605, 21, 118
3606, 297, 993
3607, 108, 149
3608, 49, 500
3609, 639, 941
3610, 160, 408
3611, 64, 696
3612, 557, 616
3613, 566, 876
3614, 403, 486
3615, 383, 713
3616, 237, 261
3617, 238, 398
3618, 727, 822
3619, 684, 957
3620, 236, 331
3621, 101, 424
3622, 100, 894
3623, 20, 333
3624, 152, 462
3625, 687, 815
3626, 157, 180
3627, 391, 659
3628, 68, 466
3629, 367, 767
3630, 187, 946
3631, 252, 657
3632, 52, 968
3633, 253, 863
3634, 201, 344
3635, 162, 706
3636, 168, 371
3637, 482, 741
3638, 137, 392
3639, 54, 603
3640, 569, 774
3641, 293, 607
3642, 555, 833
3643, 230, 660
3644, 550, 682
3645, 36, 359
3646, 592, 869
3647, 562, 746
3648, 573, 653
3649, 244, 651
3650, 324, 689
3651, 316, 738
3652, 164, 175
3653, 352, 527
3654, 611, 757
3655, 481, 817
3656, 781, 865
3657, 7, 576
3658, 110, 911
3659, 521, 986
3660, 494, 496
3661, 220, 846
3662, 318, 909
3663, 692, 775
3664, 463, 664
3665, 254, 723
3666, 542, 596
3667, 88, 635
3668, 413, 971
3669, 721, 877
3670, 91, 772
3671, 683, 875
3672, 697, 990
3673, 151, 548
3674, 880, 885
3675, 25, 325
3676, 119, 258
3677, 23, 991
3678, 765, 902
3679, 223, 688
3680, 291, 935
3681, 451, 835
3682, 250, 568
3683, 575, 737
3684, 346, 716
3685, 695, 832
3686, 315, 630
3687, 351, 908
3688, 712, 777
3689, 338, 719
3690, 702, 747
3691, 306, 319
3692, 69, 621
3693, 455, 826
3694, 378, 577
3695, 317, 588
3696, 130, 405
3697, 652, 816
3698, 495, 703
3699, 347, 897
3700, 606, 742
3701, 701, 769
3702, 50, 810
3703, 510, 809
3704, 676, 700
3705, 194, 927
3706, 115, 131
3707, 360, 654
3708, 646, 744
3709, 802, 901
3710, 369, 749
3711, 46, 632
3712, 198, 748
3713, 143, 806
3714, 389, 483
3715, 241, 590
3716, 465, 490
3717, 565, 951
3718, 182, 257
3719, 711, 890
3720, 248, 947
3721, 437, 514
3722, 32, 202
3723, 33, 669
3724, 212, 853
3725, 189, 892
3726, 266, 859
3727, 647, 768
3728, 81, 786
3729, 48, 978
3730, 206, 754
3731, 282, 404
3732, 96, 622
3733, 458, 544
3734, 327, 916
3735, 564, 893
3736, 513, 541
3737, 528, 828
3738, 65, 475
3739, 552, 618
3740, 479, 587
3741, 585, 681
3742, 67, 634
3743, 4, 61
3744, 122, 353
3745, 3, 470
3746, 871, 921
3747, 497, 870
3748, 442, 912
3749, 453, 710
3750, 539, 740
3751, 595, 934
3752, 531, 992
3753, 39, 949
3754, 638, 914
3755, 56, 171
3756, 114, 994
3757, 225, 679
3758, 14, 28
3759, 112, 380
3760, 249, 471
3761, 83, 267
3762, 228, 580
3763, 759, 814
3764, 19, 103
3765, 407, 785
3766, 98, 722
3767, 642, 843
3768, 309, 857
3769, 752, 821
3770, 441, 797
3771, 415, 717
3772, 485, 800
3773, 104, 271
3774, 503, 613
3775, 414, 650
3776, 468, 932
3777, 339, 983
3778, 417, 594
3779, 276, 982
3780, 127, 196
3781, 139, 579
3782, 234, 751
3783, 229, 232
3784, 74, 672
3785, 184, 705
3786, 251, 302
3787, 799, 974
3788, 393, 977
3789, 89, 709
3790, 348, 811
3791, 26, 71
3792, 533, 668
3793, 406, 523
3794, 15, 780
3795, 418, 645
3796, 755, 796
3797, 86, 685
3798, 363, 508
3799, 94, 215
3800, 45, 532
3801, 321, 372
3802, 431, 625
3803, 954, 955
3804, 70, 834
3805, 121, 394
3806, 199, 989
3807, 401, 686
3808, 411, 873
3809, 95, 788
3810, 116, 981
3811, 210, 375
3812, 146, 473
3813, 126, 598
3814, 161, 910
3815, 40, 44
3816, 169, 724
3817, 567, 756
3818, 736, 889
3819, 373, 967
3820, 907, 950
3821, 5, 304
3822, 342, 540
3823, 136, 789
3824, 357, 461
3825, 837, 923
3826, 450, 472
3827, 172, 279
3828, 259, 820
3829, 134, 135
3830, 18, 350
3831, 312, 498
3832, 140, 850
3833, 159, 322
3834, 305, 509
3835, 27, 693
3836, 281, 770
3837, 690, 762
3838, 433, 493
3839, 287, 958
3840, 16, 221
3841, 395, 849
3842, 308, 323
3843, 222, 301
3844, 704, 854
3845, 185, 314
3846, 247, 881
3847, 507, 708
3848, 188, 827
3849, 144, 844
3850, 663, 855
3851, 41, 177
3852, 416, 543
3853, 924, 975
3854, 153, 299
3855, 432, 449
3856, 452, 803
3857, 243, 929
3858, 193, 970
3859, 272, 332
3860, 883, 895
3861, 644, 913
3862, 529, 838
3863, 370, 641
3864, 147, 648
3865, 612, 840
3866, 235, 791
3867, 288, 402
3868, 680, 782
3869, 662, 831
3870, 480, 926
3871, 231, 726
3872, 123, 265
3873, 425, 918
3874, 667, 675
3875, 73, 200
3876, 178, 191
3877, 368, 628
3878, 884, 915
3879, 213, 384
3880, 239, 434
3881, 165, 269
3882, 284, 516
3883, 38, 53
3884, 364, 412
3885, 534, 980
3886, 619, 794
3887, 581, 973
3888, 124, 125
3889, 277, 600
3890, 242, 995
3891, 290, 959
3892, 105, 382
3893, 444, 633
3894, 218, 274
3895, 615, 714
3896, 397, 505
3897, 591, 997
3898, 87, 718
3899, 522, 867
3900, 303, 807
3901, 439, 551
3902, 138, 666
3903, 207, 670
3904, 334, 655
3905, 349, 937
3906, 388, 487
3907, 219, 593
3908, 501, 599
3909, 307, 310
3910, 469, 953
3911, 421, 627
3912, 409, 623
3913, 204, 256
3914, 879, 898
3915, 24, 882
3916, 387, 438
3917, 11, 63
3918, 90, 554
3919, 379, 691
3920, 582, 732
3921, 515, 819
3922, 456, 658
3923, 841, 987
3924, 217, 478
3925, 499, 502
3926, 296, 320
3927, 526, 671
3928, 246, 804
3929, 966, 976
3930, 262, 961
3931, 506, 956
3932, 75, 156
3933, 329, 484
3934, 10, 699
3935, 190, 874
3936, 457, 547
3937, 345, 856
3938, 197, 985
3939, 22, 866
3940, 519, 922
3941, 176, 938
3942, 583, 763
3943, 31, 255
3944, 337, 677
3945, 733, 745
3946, 106, 698
3947, 356, 917
3948, 649, 750
3949, 203, 399
3950, 460, 538
3951, 57, 273
3952, 145, 208
3953, 764, 848
3954, 343, 790
3955, 286, 430
3956, 12, 725
3957, 268, 429
3958, 643, 864
3959, 362, 905
3960, 474, 888
3961, 142, 294
3962, 341, 896
3963, 9, 355
3964, 17, 467
3965, 520, 761
3966, 154, 597
3967, 66, 216
3968, 504, 944
3969, 626, 661
3970, 358, 787
3971, 354, 558
3972, 530, 545
3973, 292, 899
3974, 227, 422
3975, 489, 605
3976, 58, 715
3977, 365, 447
3978, 624, 771
3979, 29, 376
3980, 37, 192
3981, 578, 847
3982, 92, 813
3983, 141, 549
3984, 209, 887
3985, 518, 925
3986, 330, 546
3987, 535, 640
3988, 731, 962
3989, 295, 862
3990, 361, 766
3991, 55, 128
3992, 102, 111
3993, 113, 636
3994, 84, 1000
3995, 735, 829
3996, 214, 812
3997, 174, 753
3998, 205, 920
3999, 842, 963
4000, 1, 488
