id, img1, img2
1, 159, 942
2, 376, 633
3, 599, 674
4, 358, 865
5, 56, 767
6, 149, 328
7, 97, 841
8, 422, 834
9, 261, 322
10, 363, 409
11, 507, 878
12, 842, 992
13, 427, 578
14, 701, 783
15, 288, 461
16, 487, 952
17, 549, 879
18, 105, 518
19, 22, 911
20, 377, 698
21, 169, 688
22, 707, 749
23, 62, 100
24, 148, 234
25, 156, 459
26, 571, 769
27, 453, 607
28, 515, 555
29, 49, 502
30, 214, 658
31, 201, 282
32, 646, 689
33, 628, 855
34, 127, 462
35, 611, 719
36, 124, 175
37, 683, 956
38, 51, 385
39, 12, 724
40, 93, 371
41, 353, 393
42, 414, 415
43, 229, 710
44, 837, 923
45, 215, 408
46, 219, 224
47, 314, 909
48, 142, 233
49, 154, 615
50, 249, 861
51, 66, 321
52, 312, 405
53, 367, 560
54, 686, 1000
55, 289, 982
56, 47, 947
57, 352, 680
58, 435, 759
59, 636, 962
60, 907, 970
61, 370, 882
62, 510, 709
63, 417, 734
64, 39, 569
65, 10, 951
66, 661, 785
67, 60, 269
68, 431, 573
69, 27, 916
70, 366, 540
71, 109, 191
72, 402, 629
73, 247, 876
74, 298, 679
75, 250, 858
76, 83, 382
77, 457, 647
78, 251, 995
79, 55, 977
80, 204, 242
81, 37, 570
82, 8, 471
83, 383, 536
84, 144, 922
85, 171, 877
86, 437, 735
87, 181, 770
88, 141, 170
89, 96, 558
90, 133, 449
91, 59, 479
92, 162, 893
93, 695, 706
94, 325, 804
95, 378, 617
96, 98, 391
97, 253, 760
98, 742, 757
99, 364, 552
100, 564, 941
101, 254, 306
102, 294, 963
103, 348, 563
104, 597, 844
105, 34, 210
106, 3, 648
107, 632, 986
108, 79, 165
109, 687, 981
110, 227, 572
111, 108, 230
112, 2, 533
113, 263, 665
114, 90, 983
115, 116, 535
116, 158, 640
117, 339, 620
118, 160, 840
119, 420, 690
120, 299, 750
121, 248, 747
122, 713, 854
123, 332, 418
124, 430, 601
125, 187, 527
126, 334, 960
127, 309, 828
128, 266, 463
129, 340, 480
130, 888, 938
131, 423, 967
132, 135, 919
133, 161, 968
134, 548, 606
135, 516, 715
136, 662, 817
137, 80, 969
138, 19, 196
139, 18, 190
140, 443, 803
141, 810, 949
142, 58, 101
143, 456, 771
144, 167, 503
145, 63, 425
146, 189, 270
147, 657, 754
148, 89, 593
149, 362, 780
150, 384, 616
151, 257, 591
152, 492, 660
153, 218, 929
154, 143, 491
155, 107, 542
156, 305, 843
157, 114, 553
158, 126, 693
159, 372, 468
160, 221, 978
161, 61, 748
162, 737, 815
163, 23, 655
164, 46, 195
165, 899, 988
166, 875, 990
167, 240, 800
168, 361, 499
169, 129, 150
170, 925, 994
171, 285, 821
172, 833, 965
173, 356, 448
174, 44, 520
175, 32, 320
176, 76, 550
177, 595, 912
178, 585, 999
179, 290, 753
180, 252, 559
181, 262, 905
182, 232, 398
183, 258, 972
184, 81, 318
185, 354, 955
186, 82, 429
187, 517, 787
188, 317, 498
189, 256, 913
190, 396, 973
191, 342, 744
192, 511, 626
193, 277, 281
194, 359, 987
195, 588, 976
196, 239, 338
197, 275, 526
198, 537, 819
199, 450, 522
200, 583, 932
201, 222, 768
202, 466, 729
203, 918, 985
204, 654, 702
205, 416, 853
206, 209, 931
207, 48, 786
208, 445, 935
209, 746, 997
210, 117, 130
211, 206, 869
212, 412, 910
213, 186, 862
214, 546, 594
215, 444, 567
216, 496, 630
217, 645, 794
218, 38, 84
219, 484, 756
220, 223, 292
221, 442, 868
222, 761, 801
223, 335, 587
224, 489, 928
225, 857, 885
226, 91, 582
227, 131, 497
228, 291, 562
229, 28, 870
230, 826, 943
231, 197, 778
232, 313, 937
233, 830, 883
234, 864, 894
235, 104, 514
236, 125, 554
237, 347, 845
238, 682, 897
239, 486, 927
240, 120, 574
241, 115, 410
242, 31, 441
243, 337, 945
244, 180, 374
245, 577, 678
246, 241, 700
247, 138, 477
248, 485, 809
249, 237, 490
250, 265, 915
251, 200, 473
252, 67, 421
253, 304, 381
254, 231, 387
255, 183, 598
256, 602, 957
257, 618, 781
258, 11, 504
259, 731, 873
260, 198, 755
261, 30, 87
262, 716, 866
263, 163, 349
264, 259, 315
265, 685, 906
266, 188, 493
267, 33, 600
268, 547, 860
269, 102, 521
270, 733, 901
271, 7, 41
272, 176, 668
273, 501, 914
274, 293, 867
275, 316, 543
276, 40, 182
277, 327, 681
278, 401, 506
279, 6, 802
280, 20, 110
281, 373, 529
282, 50, 762
283, 829, 836
284, 85, 439
285, 178, 568
286, 94, 137
287, 428, 561
288, 205, 745
289, 283, 703
290, 557, 676
291, 351, 835
292, 68, 779
293, 666, 933
294, 295, 896
295, 638, 765
296, 297, 950
297, 272, 752
298, 172, 772
299, 53, 307
300, 42, 123
301, 368, 886
302, 36, 113
303, 634, 797
304, 728, 796
305, 274, 694
306, 465, 726
307, 669, 872
308, 278, 482
309, 276, 653
310, 604, 714
311, 789, 917
312, 763, 871
313, 639, 890
314, 610, 718
315, 267, 795
316, 738, 948
317, 147, 792
318, 692, 799
319, 74, 791
320, 474, 889
321, 1, 419
322, 823, 936
323, 341, 390
324, 92, 650
325, 452, 637
326, 202, 576
327, 35, 644
328, 365, 758
329, 708, 895
330, 330, 697
331, 207, 856
332, 581, 663
333, 672, 863
334, 575, 651
335, 24, 966
336, 717, 848
337, 103, 336
338, 333, 954
339, 524, 532
340, 25, 29
341, 434, 603
342, 652, 776
343, 213, 721
344, 488, 664
345, 790, 892
346, 279, 392
347, 329, 436
348, 146, 432
349, 831, 902
350, 397, 736
351, 185, 438
352, 164, 260
353, 132, 773
354, 121, 874
355, 166, 551
356, 273, 675
357, 458, 859
358, 244, 539
359, 478, 699
360, 565, 814
361, 592, 775
362, 544, 741
363, 78, 891
364, 303, 623
365, 208, 631
366, 192, 310
367, 807, 838
368, 764, 788
369, 740, 980
370, 173, 495
371, 193, 271
372, 712, 953
373, 723, 979
374, 17, 71
375, 460, 774
376, 179, 820
377, 220, 287
378, 513, 609
379, 739, 940
380, 255, 280
381, 440, 671
382, 211, 996
383, 805, 812
384, 360, 608
385, 389, 656
386, 386, 500
387, 696, 722
388, 225, 642
389, 243, 619
390, 106, 236
391, 264, 586
392, 880, 991
393, 70, 743
394, 199, 704
395, 811, 881
396, 245, 509
397, 52, 235
398, 43, 424
399, 589, 730
400, 112, 964
401, 136, 827
402, 286, 324
403, 380, 400
404, 464, 659
405, 784, 971
406, 95, 302
407, 4, 782
408, 720, 777
409, 26, 993
410, 627, 959
411, 65, 212
412, 69, 898
413, 404, 924
414, 9, 296
415, 57, 944
416, 455, 808
417, 505, 622
418, 395, 579
419, 75, 407
420, 45, 541
421, 217, 580
422, 818, 961
423, 139, 300
424, 470, 884
425, 566, 590
426, 284, 839
427, 14, 483
428, 446, 813
429, 311, 673
430, 153, 621
431, 426, 472
432, 350, 766
433, 15, 88
434, 454, 519
435, 399, 989
436, 151, 684
437, 128, 974
438, 614, 793
439, 21, 73
440, 99, 670
441, 530, 691
442, 433, 958
443, 86, 832
444, 624, 939
445, 119, 613
446, 467, 852
447, 476, 900
448, 388, 538
449, 246, 711
450, 203, 494
451, 5, 545
452, 194, 930
453, 413, 904
454, 331, 822
455, 323, 643
456, 920, 946
457, 177, 344
458, 346, 355
459, 268, 641
460, 226, 667
461, 345, 357
462, 155, 556
463, 635, 725
464, 451, 525
465, 54, 301
466, 64, 727
467, 531, 847
468, 118, 447
469, 625, 677
470, 152, 649
471, 508, 824
472, 140, 887
473, 475, 908
474, 174, 523
475, 145, 934
476, 375, 584
477, 72, 512
478, 816, 975
479, 157, 612
480, 13, 534
481, 379, 926
482, 216, 369
483, 77, 528
484, 319, 411
485, 326, 732
486, 605, 806
487, 16, 403
488, 228, 798
489, 111, 998
490, 168, 343
491, 469, 984
492, 134, 851
493, 238, 705
494, 122, 846
495, 406, 596
496, 751, 921
497, 184, 825
498, 394, 849
499, 308, 850
500, 481, 903
501, 342, 883
502, 235, 242
503, 608, 862
504, 139, 435
505, 47, 207
506, 17, 797
507, 493, 938
508, 81, 230
509, 359, 994
510, 271, 310
511, 173, 517
512, 396, 823
513, 782, 840
514, 421, 988
515, 282, 796
516, 136, 246
517, 50, 939
518, 49, 146
519, 377, 531
520, 689, 730
521, 460, 679
522, 522, 908
523, 544, 739
524, 83, 896
525, 189, 412
526, 123, 211
527, 195, 378
528, 165, 208
529, 462, 776
530, 724, 829
531, 33, 57
532, 245, 512
533, 686, 936
534, 269, 305
535, 557, 802
536, 27, 855
537, 13, 545
538, 520, 762
539, 326, 897
540, 65, 719
541, 89, 296
542, 374, 680
543, 628, 890
544, 179, 491
545, 418, 554
546, 812, 949
547, 365, 995
548, 292, 308
549, 321, 923
550, 266, 647
551, 15, 968
552, 448, 704
553, 304, 916
554, 469, 594
555, 483, 759
556, 184, 442
557, 449, 514
558, 272, 525
559, 588, 854
560, 257, 943
561, 344, 369
562, 303, 925
563, 176, 955
564, 128, 654
565, 209, 821
566, 43, 238
567, 676, 984
568, 290, 312
569, 175, 591
570, 573, 661
571, 351, 682
572, 119, 278
573, 582, 884
574, 20, 185
575, 112, 407
576, 773, 990
577, 536, 926
578, 26, 234
579, 104, 592
580, 297, 341
581, 117, 221
582, 714, 842
583, 277, 866
584, 656, 872
585, 120, 183
586, 815, 832
587, 159, 761
588, 718, 765
589, 24, 924
590, 84, 985
591, 101, 760
592, 434, 723
593, 640, 848
594, 202, 302
595, 291, 621
596, 5, 715
597, 431, 606
598, 160, 366
599, 132, 453
600, 390, 956
601, 300, 663
602, 37, 54
603, 329, 935
604, 28, 314
605, 657, 819
606, 643, 732
607, 124, 368
608, 99, 857
609, 513, 664
610, 174, 653
611, 502, 612
612, 8, 515
613, 662, 992
614, 459, 551
615, 553, 742
616, 63, 946
617, 129, 976
618, 102, 913
619, 32, 430
620, 746, 950
621, 529, 580
622, 138, 299
623, 113, 404
624, 500, 974
625, 523, 589
626, 399, 403
627, 616, 768
628, 133, 841
629, 75, 395
630, 907, 978
631, 466, 494
632, 558, 893
633, 546, 697
634, 894, 941
635, 187, 646
636, 353, 781
637, 501, 837
638, 162, 876
639, 891, 963
640, 274, 364
641, 436, 753
642, 822, 865
643, 276, 331
644, 355, 859
645, 90, 121
646, 482, 996
647, 131, 457
648, 293, 516
649, 229, 655
650, 599, 775
651, 649, 904
652, 222, 280
653, 379, 927
654, 402, 729
655, 200, 231
656, 261, 519
657, 125, 510
658, 52, 581
659, 535, 721
660, 201, 910
661, 441, 809
662, 21, 694
663, 670, 725
664, 73, 902
665, 44, 858
666, 639, 766
667, 210, 327
668, 325, 833
669, 322, 706
670, 199, 464
671, 92, 895
672, 408, 754
673, 74, 863
674, 437, 991
675, 72, 824
676, 144, 703
677, 108, 265
678, 228, 382
679, 411, 993
680, 567, 665
681, 488, 645
682, 767, 827
683, 130, 232
684, 244, 937
685, 204, 233
686, 615, 789
687, 363, 416
688, 427, 625
689, 473, 587
690, 620, 873
691, 87, 618
692, 648, 874
693, 164, 574
694, 357, 549
695, 393, 463
696, 474, 507
697, 550, 667
698, 569, 756
699, 455, 688
700, 445, 887
701, 262, 429
702, 533, 889
703, 10, 324
704, 607, 671
705, 356, 888
706, 440, 860
707, 468, 479
708, 371, 906
709, 439, 864
710, 22, 630
711, 61, 709
712, 600, 744
713, 45, 847
714, 11, 909
715, 561, 755
716, 217, 562
717, 122, 962
718, 337, 793
719, 566, 731
720, 30, 166
721, 451, 944
722, 31, 398
723, 147, 875
724, 16, 997
725, 527, 598
726, 145, 475
727, 480, 687
728, 255, 499
729, 334, 394
730, 433, 490
731, 275, 650
732, 311, 658
733, 264, 283
734, 350, 807
735, 177, 428
736, 225, 248
737, 673, 757
738, 103, 921
739, 143, 899
740, 472, 717
741, 151, 568
742, 487, 727
743, 524, 960
744, 168, 678
745, 532, 758
746, 212, 852
747, 62, 260
748, 98, 605
749, 285, 358
750, 447, 476
751, 392, 918
752, 601, 705
753, 70, 82
754, 9, 736
755, 597, 958
756, 66, 96
757, 135, 917
758, 100, 253
759, 240, 602
760, 375, 722
761, 256, 498
762, 410, 814
763, 106, 270
764, 856, 880
765, 252, 900
766, 461, 780
767, 55, 651
768, 194, 289
769, 951, 981
770, 6, 152
771, 747, 799
772, 586, 878
773, 496, 627
774, 559, 711
775, 137, 915
776, 243, 790
777, 7, 386
778, 254, 919
779, 798, 846
780, 330, 804
781, 585, 966
782, 64, 987
783, 836, 868
784, 347, 674
785, 716, 783
786, 521, 967
787, 39, 971
788, 384, 611
789, 710, 928
790, 696, 794
791, 67, 806
792, 167, 733
793, 295, 424
794, 170, 406
795, 401, 970
796, 181, 882
797, 180, 320
798, 259, 668
799, 155, 826
800, 4, 79
801, 712, 979
802, 817, 828
803, 367, 426
804, 223, 575
805, 635, 933
806, 912, 931
807, 205, 540
808, 182, 192
809, 420, 579
810, 226, 577
811, 35, 632
812, 336, 590
813, 186, 339
814, 547, 652
815, 795, 911
816, 306, 914
817, 111, 636
818, 417, 835
819, 279, 957
820, 555, 693
821, 71, 456
822, 465, 543
823, 206, 825
824, 387, 504
825, 309, 389
826, 216, 578
827, 537, 677
828, 301, 619
829, 116, 877
830, 634, 885
831, 506, 830
832, 526, 743
833, 471, 572
834, 741, 964
835, 85, 298
836, 422, 642
837, 163, 734
838, 622, 675
839, 486, 982
840, 792, 989
841, 59, 644
842, 213, 467
843, 178, 492
844, 354, 691
845, 541, 849
846, 423, 477
847, 241, 838
848, 38, 610
849, 315, 845
850, 489, 707
851, 150, 700
852, 60, 683
853, 239, 641
854, 317, 362
855, 220, 432
856, 593, 901
857, 381, 954
858, 142, 820
859, 313, 316
860, 126, 892
861, 23, 869
862, 388, 530
863, 373, 851
864, 750, 779
865, 94, 666
866, 323, 400
867, 153, 333
868, 614, 810
869, 215, 774
870, 86, 346
871, 801, 818
872, 769, 983
873, 495, 1000
874, 34, 319
875, 56, 508
876, 534, 563
877, 538, 930
878, 127, 497
879, 903, 986
880, 93, 385
881, 349, 713
882, 190, 249
883, 699, 737
884, 370, 564
885, 318, 425
886, 1, 77
887, 560, 684
888, 552, 778
889, 258, 886
890, 660, 843
891, 284, 850
892, 109, 188
893, 844, 948
894, 197, 478
895, 115, 867
896, 414, 959
897, 287, 294
898, 171, 444
899, 46, 237
900, 786, 813
901, 36, 224
902, 88, 335
903, 134, 772
904, 91, 409
905, 380, 669
906, 76, 583
907, 361, 659
908, 3, 348
909, 156, 343
910, 68, 452
911, 360, 922
912, 629, 881
913, 698, 947
914, 25, 749
915, 438, 528
916, 95, 879
917, 415, 726
918, 169, 198
919, 609, 953
920, 443, 617
921, 18, 752
922, 542, 932
923, 51, 148
924, 214, 539
925, 503, 972
926, 626, 929
927, 236, 999
928, 631, 784
929, 871, 945
930, 595, 701
931, 97, 613
932, 193, 372
933, 118, 934
934, 154, 604
935, 419, 624
936, 268, 965
937, 48, 80
938, 191, 692
939, 745, 952
940, 29, 281
941, 41, 920
942, 735, 831
943, 263, 870
944, 69, 803
945, 485, 940
946, 728, 905
947, 105, 570
948, 58, 481
949, 328, 770
950, 161, 405
951, 286, 484
952, 332, 788
953, 450, 556
954, 273, 633
955, 114, 196
956, 518, 637
957, 14, 383
958, 78, 998
959, 413, 690
960, 40, 571
961, 685, 791
962, 141, 980
963, 149, 708
964, 345, 548
965, 352, 391
966, 751, 787
967, 681, 839
968, 251, 596
969, 458, 672
970, 397, 816
971, 603, 861
972, 218, 638
973, 288, 969
974, 140, 740
975, 376, 764
976, 576, 800
977, 250, 973
978, 446, 942
979, 720, 763
980, 12, 157
981, 584, 898
982, 340, 505
983, 785, 805
984, 2, 53
985, 158, 695
986, 853, 975
987, 307, 748
988, 565, 702
989, 19, 267
990, 42, 834
991, 219, 227
992, 107, 738
993, 808, 961
994, 509, 511
995, 623, 977
996, 110, 338
997, 203, 811
998, 247, 777
999, 172, 771
1000, 454, 470
1001, 378, 640
1002, 620, 688
1003, 30, 275
1004, 500, 682
1005, 707, 847
1006, 939, 970
1007, 139, 841
1008, 340, 834
1009, 562, 573
1010, 54, 905
1011, 126, 423
1012, 89, 655
1013, 473, 596
1014, 385, 716
1015, 174, 786
1016, 109, 120
1017, 114, 987
1018, 178, 362
1019, 291, 436
1020, 288, 586
1021, 427, 777
1022, 192, 454
1023, 846, 994
1024, 93, 488
1025, 228, 563
1026, 382, 661
1027, 404, 733
1028, 20, 622
1029, 332, 367
1030, 346, 921
1031, 318, 763
1032, 676, 872
1033, 97, 358
1034, 70, 577
1035, 678, 840
1036, 90, 512
1037, 746, 940
1038, 153, 971
1039, 143, 724
1040, 815, 948
1041, 108, 641
1042, 2, 797
1043, 431, 532
1044, 300, 569
1045, 442, 692
1046, 151, 370
1047, 36, 493
1048, 712, 906
1049, 33, 644
1050, 84, 149
1051, 579, 929
1052, 439, 823
1053, 828, 942
1054, 235, 464
1055, 377, 730
1056, 757, 993
1057, 254, 290
1058, 207, 231
1059, 529, 543
1060, 907, 947
1061, 638, 983
1062, 542, 793
1063, 229, 409
1064, 607, 915
1065, 744, 924
1066, 23, 999
1067, 364, 710
1068, 157, 421
1069, 116, 945
1070, 118, 861
1071, 141, 262
1072, 75, 245
1073, 363, 555
1074, 352, 384
1075, 76, 578
1076, 463, 891
1077, 148, 894
1078, 518, 593
1079, 43, 776
1080, 551, 900
1081, 825, 844
1082, 398, 558
1083, 92, 698
1084, 246, 868
1085, 56, 748
1086, 592, 739
1087, 570, 784
1088, 150, 457
1089, 119, 838
1090, 67, 664
1091, 74, 869
1092, 681, 780
1093, 279, 466
1094, 366, 625
1095, 509, 556
1096, 325, 741
1097, 78, 329
1098, 812, 814
1099, 94, 857
1100, 465, 623
1101, 548, 615
1102, 324, 908
1103, 117, 133
1104, 201, 919
1105, 222, 684
1106, 11, 671
1107, 217, 400
1108, 497, 507
1109, 21, 898
1110, 338, 368
1111, 221, 252
1112, 64, 550
1113, 13, 240
1114, 100, 723
1115, 824, 977
1116, 274, 800
1117, 273, 317
1118, 726, 804
1119, 435, 519
1120, 792, 794
1121, 132, 145
1122, 432, 468
1123, 931, 934
1124, 711, 745
1125, 272, 946
1126, 334, 709
1127, 831, 870
1128, 969, 984
1129, 50, 978
1130, 424, 728
1131, 922, 975
1132, 350, 544
1133, 209, 890
1134, 298, 408
1135, 489, 566
1136, 610, 896
1137, 6, 735
1138, 261, 897
1139, 135, 561
1140, 202, 301
1141, 158, 613
1142, 41, 460
1143, 293, 505
1144, 58, 769
1145, 560, 636
1146, 323, 534
1147, 155, 443
1148, 77, 405
1149, 390, 759
1150, 487, 700
1151, 538, 856
1152, 420, 889
1153, 343, 858
1154, 173, 513
1155, 81, 510
1156, 238, 927
1157, 10, 399
1158, 645, 832
1159, 381, 662
1160, 244, 267
1161, 232, 429
1162, 455, 862
1163, 576, 687
1164, 307, 477
1165, 60, 451
1166, 59, 771
1167, 185, 199
1168, 96, 103
1169, 169, 632
1170, 37, 503
1171, 312, 391
1172, 496, 600
1173, 471, 988
1174, 28, 359
1175, 417, 628
1176, 243, 926
1177, 25, 401
1178, 597, 725
1179, 345, 484
1180, 256, 320
1181, 845, 859
1182, 336, 734
1183, 258, 270
1184, 520, 714
1185, 107, 765
1186, 233, 933
1187, 310, 349
1188, 122, 386
1189, 341, 764
1190, 297, 914
1191, 557, 646
1192, 214, 326
1193, 285, 549
1194, 581, 903
1195, 102, 916
1196, 271, 626
1197, 598, 842
1198, 161, 440
1199, 110, 634
1200, 313, 835
1201, 331, 951
1202, 282, 736
1203, 379, 531
1204, 62, 112
1205, 316, 444
1206, 137, 843
1207, 187, 508
1208, 200, 867
1209, 44, 865
1210, 253, 790
1211, 438, 679
1212, 606, 778
1213, 659, 852
1214, 197, 751
1215, 490, 727
1216, 428, 599
1217, 9, 299
1218, 140, 743
1219, 302, 675
1220, 446, 554
1221, 304, 319
1222, 476, 991
1223, 220, 944
1224, 259, 960
1225, 278, 322
1226, 720, 754
1227, 128, 876
1228, 5, 910
1229, 594, 608
1230, 251, 817
1231, 355, 650
1232, 651, 899
1233, 618, 938
1234, 369, 413
1235, 31, 242
1236, 163, 721
1237, 164, 255
1238, 546, 808
1239, 83, 268
1240, 669, 981
1241, 184, 883
1242, 309, 614
1243, 226, 696
1244, 287, 452
1245, 204, 383
1246, 8, 864
1247, 276, 371
1248, 193, 704
1249, 22, 670
1250, 18, 742
1251, 55, 788
1252, 308, 407
1253, 142, 537
1254, 393, 602
1255, 53, 176
1256, 71, 701
1257, 147, 539
1258, 516, 624
1259, 691, 731
1260, 354, 658
1261, 330, 783
1262, 458, 851
1263, 69, 130
1264, 611, 657
1265, 827, 853
1266, 422, 877
1267, 627, 928
1268, 26, 950
1269, 186, 388
1270, 535, 603
1271, 85, 403
1272, 152, 787
1273, 104, 159
1274, 315, 514
1275, 66, 589
1276, 414, 982
1277, 653, 718
1278, 356, 989
1279, 517, 760
1280, 1, 167
1281, 101, 954
1282, 183, 766
1283, 181, 213
1284, 113, 773
1285, 474, 629
1286, 106, 893
1287, 247, 660
1288, 286, 753
1289, 165, 328
1290, 177, 462
1291, 568, 885
1292, 923, 937
1293, 125, 348
1294, 146, 803
1295, 806, 932
1296, 296, 1000
1297, 365, 819
1298, 809, 962
1299, 195, 492
1300, 980, 995
1301, 470, 571
1302, 459, 580
1303, 15, 248
1304, 595, 849
1305, 523, 936
1306, 79, 756
1307, 372, 820
1308, 347, 491
1309, 80, 525
1310, 206, 218
1311, 480, 498
1312, 136, 585
1313, 902, 976
1314, 619, 752
1315, 211, 230
1316, 495, 767
1317, 65, 782
1318, 4, 88
1319, 144, 265
1320, 342, 485
1321, 461, 839
1322, 182, 447
1323, 42, 227
1324, 434, 789
1325, 918, 941
1326, 269, 685
1327, 57, 212
1328, 521, 591
1329, 63, 836
1330, 131, 813
1331, 747, 781
1332, 95, 210
1333, 68, 260
1334, 583, 888
1335, 737, 967
1336, 609, 997
1337, 234, 395
1338, 775, 935
1339, 123, 415
1340, 374, 621
1341, 35, 830
1342, 27, 850
1343, 779, 949
1344, 306, 617
1345, 528, 880
1346, 170, 339
1347, 353, 996
1348, 357, 631
1349, 445, 874
1350, 654, 881
1351, 502, 985
1352, 351, 990
1353, 38, 115
1354, 605, 708
1355, 48, 547
1356, 410, 545
1357, 536, 663
1358, 337, 699
1359, 179, 224
1360, 389, 511
1361, 134, 702
1362, 239, 799
1363, 216, 796
1364, 219, 667
1365, 524, 795
1366, 189, 565
1367, 719, 920
1368, 7, 241
1369, 333, 479
1370, 768, 886
1371, 266, 289
1372, 873, 887
1373, 774, 855
1374, 805, 974
1375, 713, 917
1376, 666, 694
1377, 111, 863
1378, 129, 418
1379, 257, 574
1380, 168, 816
1381, 284, 530
1382, 191, 693
1383, 901, 959
1384, 86, 762
1385, 105, 453
1386, 582, 973
1387, 616, 689
1388, 433, 448
1389, 635, 866
1390, 303, 361
1391, 294, 295
1392, 29, 40
1393, 559, 801
1394, 437, 895
1395, 250, 305
1396, 373, 966
1397, 450, 729
1398, 196, 972
1399, 501, 829
1400, 52, 968
1401, 47, 904
1402, 138, 314
1403, 16, 321
1404, 127, 647
1405, 642, 992
1406, 12, 392
1407, 426, 878
1408, 82, 630
1409, 469, 821
1410, 335, 494
1411, 749, 860
1412, 482, 656
1413, 160, 456
1414, 72, 833
1415, 194, 533
1416, 225, 986
1417, 215, 953
1418, 205, 943
1419, 162, 526
1420, 263, 755
1421, 17, 673
1422, 380, 884
1423, 449, 785
1424, 34, 49
1425, 402, 419
1426, 121, 705
1427, 376, 652
1428, 203, 964
1429, 703, 912
1430, 715, 963
1431, 575, 848
1432, 717, 810
1433, 87, 750
1434, 506, 957
1435, 416, 478
1436, 292, 770
1437, 601, 695
1438, 46, 837
1439, 430, 875
1440, 19, 375
1441, 154, 807
1442, 504, 955
1443, 3, 680
1444, 45, 515
1445, 172, 722
1446, 552, 979
1447, 237, 958
1448, 672, 802
1449, 156, 639
1450, 61, 412
1451, 567, 683
1452, 360, 826
1453, 467, 798
1454, 406, 522
1455, 166, 965
1456, 486, 738
1457, 277, 481
1458, 441, 637
1459, 387, 998
1460, 572, 871
1461, 91, 175
1462, 24, 930
1463, 483, 913
1464, 99, 396
1465, 32, 761
1466, 188, 706
1467, 223, 327
1468, 249, 394
1469, 527, 822
1470, 909, 925
1471, 665, 690
1472, 668, 677
1473, 411, 612
1474, 472, 674
1475, 854, 911
1476, 311, 811
1477, 732, 772
1478, 425, 541
1479, 180, 649
1480, 236, 475
1481, 73, 818
1482, 564, 686
1483, 264, 961
1484, 397, 648
1485, 281, 587
1486, 190, 344
1487, 280, 892
1488, 14, 499
1489, 124, 604
1490, 633, 791
1491, 51, 952
1492, 171, 643
1493, 198, 740
1494, 553, 956
1495, 208, 882
1496, 39, 283
1497, 98, 588
1498, 758, 879
1499, 584, 590
1500, 540, 697
1501, 632, 748
1502, 550, 630
1503, 45, 347
1504, 6, 155
1505, 22, 154
1506, 914, 977
1507, 417, 985
1508, 107, 475
1509, 3, 490
1510, 283, 910
1511, 358, 781
1512, 252, 828
1513, 227, 470
1514, 46, 194
1515, 321, 570
1516, 652, 906
1517, 773, 802
1518, 256, 995
1519, 313, 322
1520, 388, 418
1521, 481, 577
1522, 565, 811
1523, 522, 619
1524, 117, 898
1525, 118, 935
1526, 86, 625
1527, 382, 945
1528, 29, 562
1529, 682, 819
1530, 306, 750
1531, 956, 983
1532, 464, 714
1533, 367, 907
1534, 400, 988
1535, 156, 651
1536, 171, 369
1537, 647, 734
1538, 263, 310
1539, 208, 535
1540, 414, 425
1541, 260, 404
1542, 71, 845
1543, 655, 896
1544, 720, 733
1545, 137, 394
1546, 85, 191
1547, 146, 395
1548, 480, 690
1549, 200, 929
1550, 536, 679
1551, 353, 887
1552, 265, 584
1553, 209, 917
1554, 374, 843
1555, 91, 895
1556, 69, 486
1557, 101, 181
1558, 551, 727
1559, 712, 889
1560, 122, 559
1561, 628, 863
1562, 79, 183
1563, 459, 931
1564, 850, 878
1565, 800, 874
1566, 332, 717
1567, 489, 998
1568, 262, 776
1569, 532, 697
1570, 335, 359
1571, 188, 826
1572, 531, 711
1573, 100, 312
1574, 606, 644
1575, 305, 785
1576, 220, 834
1577, 497, 729
1578, 376, 980
1579, 581, 650
1580, 25, 116
1581, 7, 859
1582, 270, 667
1583, 28, 281
1584, 211, 787
1585, 782, 813
1586, 223, 499
1587, 17, 138
1588, 50, 624
1589, 516, 666
1590, 622, 740
1591, 653, 966
1592, 60, 710
1593, 302, 741
1594, 485, 771
1595, 560, 724
1596, 175, 465
1597, 453, 713
1598, 13, 706
1599, 304, 685
1600, 566, 639
1601, 575, 608
1602, 391, 434
1603, 537, 572
1604, 53, 856
1605, 160, 435
1606, 348, 508
1607, 448, 675
1608, 145, 597
1609, 282, 356
1610, 882, 970
1611, 582, 662
1612, 379, 775
1613, 409, 836
1614, 224, 455
1615, 446, 904
1616, 661, 756
1617, 814, 962
1618, 247, 738
1619, 186, 946
1620, 30, 438
1621, 196, 450
1622, 1, 218
1623, 431, 760
1624, 883, 928
1625, 242, 315
1626, 99, 197
1627, 39, 658
1628, 686, 752
1629, 645, 849
1630, 130, 730
1631, 127, 491
1632, 318, 636
1633, 169, 897
1634, 89, 443
1635, 278, 994
1636, 504, 986
1637, 119, 520
1638, 40, 163
1639, 109, 185
1640, 553, 777
1641, 474, 755
1642, 16, 694
1643, 103, 416
1644, 276, 731
1645, 346, 830
1646, 631, 718
1647, 20, 308
1648, 110, 601
1649, 736, 911
1650, 134, 205
1651, 349, 869
1652, 683, 920
1653, 135, 407
1654, 207, 864
1655, 150, 758
1656, 419, 768
1657, 120, 136
1658, 148, 719
1659, 544, 866
1660, 669, 936
1661, 341, 384
1662, 640, 885
1663, 574, 677
1664, 451, 903
1665, 788, 857
1666, 370, 839
1667, 244, 871
1668, 573, 689
1669, 58, 960
1670, 161, 549
1671, 668, 916
1672, 747, 805
1673, 447, 467
1674, 8, 610
1675, 588, 749
1676, 424, 940
1677, 179, 361
1678, 98, 392
1679, 18, 753
1680, 311, 352
1681, 230, 716
1682, 495, 997
1683, 226, 589
1684, 770, 853
1685, 456, 933
1686, 602, 605
1687, 112, 657
1688, 216, 540
1689, 825, 958
1690, 449, 978
1691, 2, 870
1692, 222, 722
1693, 285, 975
1694, 76, 398
1695, 506, 511
1696, 627, 821
1697, 509, 829
1698, 210, 990
1699, 206, 483
1700, 105, 684
1701, 405, 462
1702, 458, 822
1703, 126, 314
1704, 274, 298
1705, 291, 600
1706, 96, 824
1707, 477, 503
1708, 121, 672
1709, 649, 759
1710, 147, 671
1711, 172, 804
1712, 360, 375
1713, 415, 969
1714, 92, 299
1715, 309, 944
1716, 44, 214
1717, 233, 620
1718, 293, 558
1719, 221, 268
1720, 343, 377
1721, 703, 728
1722, 158, 334
1723, 94, 688
1724, 287, 769
1725, 665, 798
1726, 280, 899
1727, 77, 275
1728, 84, 340
1729, 239, 421
1730, 615, 854
1731, 284, 976
1732, 296, 841
1733, 292, 295
1734, 460, 790
1735, 144, 250
1736, 9, 815
1737, 47, 273
1738, 430, 521
1739, 580, 696
1740, 52, 267
1741, 257, 957
1742, 427, 715
1743, 290, 571
1744, 670, 681
1745, 484, 492
1746, 123, 598
1747, 32, 524
1748, 426, 444
1749, 21, 556
1750, 519, 921
1751, 523, 732
1752, 11, 413
1753, 83, 803
1754, 203, 742
1755, 277, 319
1756, 124, 476
1757, 365, 463
1758, 399, 855
1759, 886, 918
1760, 34, 232
1761, 193, 236
1762, 261, 908
1763, 143, 737
1764, 695, 848
1765, 342, 471
1766, 243, 603
1767, 106, 479
1768, 56, 543
1769, 626, 888
1770, 129, 237
1771, 33, 660
1772, 5, 865
1773, 629, 656
1774, 294, 526
1775, 202, 847
1776, 238, 827
1777, 397, 754
1778, 15, 638
1779, 860, 925
1780, 563, 744
1781, 525, 930
1782, 87, 905
1783, 36, 166
1784, 875, 939
1785, 704, 833
1786, 432, 987
1787, 723, 981
1788, 229, 372
1789, 35, 177
1790, 546, 820
1791, 534, 938
1792, 371, 963
1793, 357, 999
1794, 204, 654
1795, 761, 927
1796, 114, 809
1797, 68, 576
1798, 380, 702
1799, 174, 648
1800, 786, 890
1801, 507, 947
1802, 141, 991
1803, 74, 78
1804, 113, 614
1805, 173, 303
1806, 241, 894
1807, 219, 442
1808, 41, 979
1809, 403, 609
1810, 436, 700
1811, 67, 923
1812, 401, 569
1813, 578, 595
1814, 255, 949
1815, 445, 763
1816, 307, 457
1817, 317, 596
1818, 794, 909
1819, 59, 331
1820, 213, 433
1821, 62, 774
1822, 248, 514
1823, 791, 926
1824, 337, 698
1825, 245, 461
1826, 70, 996
1827, 363, 778
1828, 330, 518
1829, 215, 965
1830, 176, 793
1831, 381, 726
1832, 604, 687
1833, 439, 557
1834, 88, 676
1835, 528, 989
1836, 57, 234
1837, 515, 876
1838, 178, 891
1839, 10, 487
1840, 618, 767
1841, 350, 599
1842, 510, 873
1843, 225, 339
1844, 180, 412
1845, 345, 469
1846, 199, 806
1847, 289, 488
1848, 527, 539
1849, 157, 621
1850, 165, 402
1851, 182, 564
1852, 235, 428
1853, 784, 955
1854, 634, 852
1855, 502, 835
1856, 646, 993
1857, 26, 817
1858, 593, 725
1859, 538, 637
1860, 72, 408
1861, 269, 547
1862, 192, 240
1863, 38, 579
1864, 139, 189
1865, 12, 922
1866, 80, 555
1867, 441, 912
1868, 423, 941
1869, 721, 893
1870, 212, 300
1871, 709, 880
1872, 73, 140
1873, 387, 607
1874, 63, 201
1875, 663, 851
1876, 831, 934
1877, 611, 699
1878, 65, 251
1879, 500, 919
1880, 249, 327
1881, 351, 422
1882, 739, 943
1883, 336, 411
1884, 253, 967
1885, 19, 31
1886, 406, 973
1887, 4, 858
1888, 64, 478
1889, 494, 942
1890, 545, 838
1891, 765, 982
1892, 542, 837
1893, 149, 862
1894, 594, 950
1895, 396, 437
1896, 55, 115
1897, 585, 757
1898, 168, 799
1899, 333, 513
1900, 326, 812
1901, 75, 393
1902, 548, 801
1903, 368, 541
1904, 254, 505
1905, 266, 832
1906, 366, 818
1907, 364, 692
1908, 54, 642
1909, 796, 872
1910, 43, 772
1911, 567, 952
1912, 142, 623
1913, 512, 591
1914, 164, 708
1915, 125, 452
1916, 42, 964
1917, 323, 482
1918, 390, 789
1919, 61, 496
1920, 81, 587
1921, 386, 592
1922, 745, 779
1923, 286, 389
1924, 128, 329
1925, 264, 440
1926, 104, 1000
1927, 316, 751
1928, 473, 937
1929, 95, 915
1930, 14, 102
1931, 691, 701
1932, 948, 951
1933, 568, 877
1934, 272, 501
1935, 190, 846
1936, 705, 868
1937, 301, 808
1938, 429, 867
1939, 170, 840
1940, 184, 288
1941, 454, 972
1942, 66, 617
1943, 167, 810
1944, 24, 586
1945, 783, 823
1946, 228, 613
1947, 132, 881
1948, 673, 861
1949, 355, 992
1950, 198, 900
1951, 82, 795
1952, 344, 762
1953, 151, 959
1954, 659, 961
1955, 108, 954
1956, 554, 844
1957, 362, 968
1958, 279, 616
1959, 924, 932
1960, 51, 583
1961, 97, 664
1962, 324, 884
1963, 530, 984
1964, 27, 271
1965, 217, 780
1966, 328, 641
1967, 561, 680
1968, 590, 816
1969, 466, 879
1970, 23, 974
1971, 37, 746
1972, 187, 231
1973, 152, 378
1974, 111, 320
1975, 892, 971
1976, 383, 468
1977, 258, 792
1978, 385, 552
1979, 325, 693
1980, 472, 902
1981, 90, 529
1982, 259, 913
1983, 131, 764
1984, 735, 953
1985, 410, 807
1986, 133, 674
1987, 162, 901
1988, 297, 493
1989, 373, 743
1990, 643, 678
1991, 517, 842
1992, 49, 354
1993, 159, 635
1994, 195, 498
1995, 338, 612
1996, 153, 246
1997, 48, 766
1998, 420, 533
1999, 633, 707
2000, 93, 797
2001, 239, 678
2002, 726, 923
2003, 460, 743
2004, 74, 215
2005, 147, 770
2006, 896, 955
2007, 7, 170
2008, 658, 975
2009, 116, 748
2010, 407, 910
2011, 160, 638
2012, 55, 499
2013, 687, 867
2014, 332, 941
2015, 9, 40
2016, 311, 890
2017, 75, 818
2018, 396, 446
2019, 551, 881
2020, 202, 524
2021, 39, 556
2022, 713, 798
2023, 569, 895
2024, 161, 911
2025, 109, 491
2026, 554, 846
2027, 305, 368
2028, 169, 605
2029, 78, 515
2030, 190, 683
2031, 721, 797
2032, 365, 430
2033, 321, 509
2034, 188, 349
2035, 405, 850
2036, 571, 737
2037, 33, 538
2038, 49, 441
2039, 595, 648
2040, 56, 204
2041, 560, 990
2042, 224, 931
2043, 307, 670
2044, 210, 548
2045, 77, 272
2046, 584, 688
2047, 87, 821
2048, 22, 679
2049, 301, 590
2050, 1, 51
2051, 541, 864
2052, 275, 469
2053, 249, 392
2054, 654, 985
2055, 286, 637
2056, 291, 747
2057, 794, 801
2058, 111, 695
2059, 149, 625
2060, 184, 858
2061, 45, 50
2062, 372, 974
2063, 14, 415
2064, 289, 898
2065, 388, 788
2066, 10, 402
2067, 763, 986
2068, 383, 457
2069, 105, 127
2070, 264, 831
2071, 90, 426
2072, 83, 487
2073, 27, 280
2074, 756, 773
2075, 830, 940
2076, 920, 984
2077, 591, 993
2078, 102, 130
2079, 371, 375
2080, 362, 475
2081, 23, 231
2082, 547, 641
2083, 61, 449
2084, 342, 857
2085, 386, 767
2086, 285, 335
2087, 330, 785
2088, 991, 994
2089, 8, 651
2090, 315, 370
2091, 67, 494
2092, 594, 802
2093, 124, 742
2094, 397, 429
2095, 382, 609
2096, 303, 363
2097, 150, 703
2098, 25, 971
2099, 228, 398
2100, 387, 587
2101, 128, 792
2102, 395, 782
2103, 92, 104
2104, 706, 810
2105, 211, 319
2106, 399, 873
2107, 85, 696
2108, 129, 142
2109, 108, 232
2110, 322, 715
2111, 445, 982
2112, 471, 822
2113, 13, 448
2114, 373, 514
2115, 391, 988
2116, 156, 681
2117, 401, 932
2118, 199, 698
2119, 88, 198
2120, 647, 928
2121, 750, 997
2122, 428, 936
2123, 529, 597
2124, 114, 772
2125, 454, 719
2126, 851, 943
2127, 35, 906
2128, 60, 599
2129, 406, 517
2130, 557, 949
2131, 300, 510
2132, 245, 575
2133, 482, 980
2134, 155, 610
2135, 236, 666
2136, 5, 253
2137, 2, 164
2138, 316, 325
2139, 516, 918
2140, 542, 948
2141, 493, 815
2142, 16, 497
2143, 162, 592
2144, 65, 93
2145, 602, 676
2146, 317, 871
2147, 237, 620
2148, 20, 929
2149, 79, 498
2150, 436, 442
2151, 185, 459
2152, 339, 950
2153, 43, 617
2154, 146, 200
2155, 613, 820
2156, 604, 934
2157, 390, 503
2158, 191, 254
2159, 54, 505
2160, 576, 730
2161, 123, 799
2162, 15, 299
2163, 37, 668
2164, 803, 829
2165, 133, 432
2166, 151, 252
2167, 860, 866
2168, 81, 804
2169, 508, 645
2170, 323, 431
2171, 270, 1000
2172, 121, 978
2173, 855, 981
2174, 201, 545
2175, 213, 434
2176, 579, 848
2177, 302, 749
2178, 380, 901
2179, 409, 999
2180, 122, 274
2181, 145, 453
2182, 17, 244
2183, 242, 786
2184, 103, 320
2185, 326, 598
2186, 360, 553
2187, 82, 268
2188, 208, 960
2189, 267, 537
2190, 179, 585
2191, 574, 577
2192, 57, 649
2193, 465, 930
2194, 506, 540
2195, 470, 633
2196, 423, 578
2197, 197, 334
2198, 492, 701
2199, 230, 616
2200, 277, 702
2201, 167, 755
2202, 115, 473
2203, 279, 835
2204, 902, 937
2205, 295, 357
2206, 899, 959
2207, 485, 533
2208, 764, 811
2209, 653, 692
2210, 374, 925
2211, 177, 627
2212, 225, 738
2213, 563, 962
2214, 260, 314
2215, 433, 819
2216, 69, 868
2217, 3, 63
2218, 154, 618
2219, 615, 892
2220, 181, 251
2221, 31, 410
2222, 166, 223
2223, 48, 808
2224, 11, 745
2225, 163, 522
2226, 456, 805
2227, 143, 507
2228, 171, 257
2229, 46, 364
2230, 350, 451
2231, 42, 879
2232, 47, 886
2233, 566, 636
2234, 419, 619
2235, 425, 686
2236, 172, 546
2237, 324, 623
2238, 900, 963
2239, 504, 961
2240, 263, 644
2241, 640, 667
2242, 283, 774
2243, 287, 558
2244, 693, 939
2245, 297, 832
2246, 173, 905
2247, 477, 840
2248, 308, 403
2249, 136, 775
2250, 256, 722
2251, 778, 869
2252, 628, 652
2253, 207, 852
2254, 18, 807
2255, 255, 924
2256, 96, 570
2257, 356, 977
2258, 452, 656
2259, 518, 915
2260, 118, 158
2261, 634, 709
2262, 964, 965
2263, 501, 754
2264, 71, 972
2265, 41, 838
2266, 212, 312
2267, 523, 806
2268, 66, 192
2269, 344, 711
2270, 565, 762
2271, 120, 474
2272, 26, 376
2273, 359, 674
2274, 389, 530
2275, 152, 329
2276, 21, 338
2277, 527, 862
2278, 908, 954
2279, 404, 836
2280, 461, 462
2281, 53, 327
2282, 187, 427
2283, 138, 519
2284, 897, 935
2285, 153, 573
2286, 189, 712
2287, 761, 933
2288, 438, 672
2289, 455, 677
2290, 220, 346
2291, 348, 671
2292, 112, 464
2293, 278, 753
2294, 534, 766
2295, 543, 823
2296, 101, 891
2297, 354, 907
2298, 132, 580
2299, 183, 904
2300, 139, 853
2301, 586, 875
2302, 697, 720
2303, 443, 777
2304, 80, 922
2305, 240, 483
2306, 479, 746
2307, 812, 856
2308, 793, 817
2309, 343, 912
2310, 536, 885
2311, 73, 603
2312, 86, 496
2313, 582, 675
2314, 589, 987
2315, 632, 841
2316, 304, 532
2317, 233, 970
2318, 36, 478
2319, 91, 100
2320, 157, 796
2321, 281, 685
2322, 288, 953
2323, 247, 708
2324, 917, 995
2325, 68, 226
2326, 780, 967
2327, 725, 842
2328, 4, 800
2329, 521, 690
2330, 134, 276
2331, 437, 870
2332, 351, 944
2333, 203, 813
2334, 58, 378
2335, 94, 643
2336, 28, 486
2337, 97, 624
2338, 420, 751
2339, 700, 728
2340, 30, 781
2341, 400, 736
2342, 421, 795
2343, 680, 684
2344, 614, 740
2345, 341, 583
2346, 572, 958
2347, 787, 913
2348, 424, 783
2349, 976, 989
2350, 626, 744
2351, 635, 952
2352, 140, 331
2353, 261, 381
2354, 238, 650
2355, 660, 739
2356, 64, 271
2357, 293, 333
2358, 435, 809
2359, 662, 951
2360, 511, 661
2361, 630, 945
2362, 629, 723
2363, 144, 539
2364, 174, 535
2365, 313, 500
2366, 250, 938
2367, 673, 689
2368, 347, 769
2369, 241, 765
2370, 466, 665
2371, 979, 983
2372, 458, 657
2373, 377, 544
2374, 611, 735
2375, 214, 484
2376, 412, 854
2377, 44, 839
2378, 235, 884
2379, 306, 520
2380, 243, 607
2381, 824, 956
2382, 126, 411
2383, 106, 379
2384, 196, 729
2385, 178, 408
2386, 495, 973
2387, 444, 447
2388, 194, 353
2389, 422, 791
2390, 98, 489
2391, 476, 552
2392, 38, 222
2393, 369, 418
2394, 699, 724
2395, 340, 490
2396, 131, 246
2397, 84, 969
2398, 481, 717
2399, 416, 872
2400, 705, 916
2401, 175, 193
2402, 733, 926
2403, 221, 759
2404, 294, 716
2405, 394, 502
2406, 52, 659
2407, 19, 608
2408, 596, 833
2409, 663, 914
2410, 266, 568
2411, 414, 996
2412, 337, 600
2413, 180, 440
2414, 439, 887
2415, 229, 512
2416, 555, 876
2417, 95, 384
2418, 125, 205
2419, 282, 467
2420, 771, 845
2421, 284, 298
2422, 655, 691
2423, 72, 269
2424, 6, 992
2425, 206, 919
2426, 550, 760
2427, 352, 528
2428, 318, 727
2429, 710, 921
2430, 468, 966
2431, 135, 549
2432, 292, 488
2433, 601, 909
2434, 176, 248
2435, 480, 837
2436, 110, 704
2437, 259, 894
2438, 358, 859
2439, 355, 844
2440, 234, 664
2441, 463, 927
2442, 525, 814
2443, 186, 957
2444, 526, 865
2445, 336, 741
2446, 366, 863
2447, 567, 826
2448, 564, 768
2449, 309, 789
2450, 89, 732
2451, 776, 888
2452, 62, 258
2453, 165, 310
2454, 393, 513
2455, 273, 889
2456, 70, 621
2457, 561, 893
2458, 209, 707
2459, 843, 998
2460, 714, 752
2461, 227, 883
2462, 113, 218
2463, 159, 646
2464, 12, 882
2465, 76, 731
2466, 784, 946
2467, 168, 694
2468, 216, 559
2469, 472, 874
2470, 827, 847
2471, 779, 878
2472, 581, 631
2473, 195, 361
2474, 669, 718
2475, 450, 880
2476, 148, 947
2477, 606, 642
2478, 182, 639
2479, 217, 734
2480, 141, 903
2481, 119, 417
2482, 265, 385
2483, 34, 834
2484, 59, 367
2485, 99, 622
2486, 328, 682
2487, 29, 942
2488, 816, 828
2489, 219, 296
2490, 531, 790
2491, 107, 758
2492, 137, 825
2493, 413, 877
2494, 757, 849
2495, 593, 861
2496, 588, 968
2497, 345, 612
2498, 24, 562
2499, 117, 262
2500, 32, 290
2501, 35, 436
2502, 172, 228
2503, 7, 527
2504, 842, 890
2505, 31, 390
2506, 490, 965
2507, 182, 276
2508, 33, 957
2509, 433, 856
2510, 634, 901
2511, 298, 353
2512, 259, 687
2513, 97, 621
2514, 616, 674
2515, 113, 388
2516, 480, 492
2517, 291, 447
2518, 219, 851
2519, 203, 476
2520, 146, 400
2521, 939, 973
2522, 122, 139
2523, 194, 381
2524, 129, 530
2525, 51, 373
2526, 45, 808
2527, 37, 50
2528, 22, 854
2529, 166, 631
2530, 171, 717
2531, 216, 643
2532, 496, 500
2533, 657, 968
2534, 331, 985
2535, 149, 265
2536, 382, 546
2537, 366, 672
2538, 523, 571
2539, 267, 883
2540, 250, 912
2541, 221, 246
2542, 56, 802
2543, 46, 371
2544, 42, 735
2545, 689, 749
2546, 157, 899
2547, 133, 913
2548, 680, 906
2549, 278, 540
2550, 85, 612
2551, 695, 740
2552, 548, 731
2553, 141, 253
2554, 513, 815
2555, 264, 556
2556, 814, 867
2557, 257, 959
2558, 66, 78
2559, 296, 755
2560, 446, 935
2561, 69, 393
2562, 397, 663
2563, 377, 409
2564, 359, 412
2565, 10, 981
2566, 547, 927
2567, 88, 438
2568, 598, 609
2569, 320, 550
2570, 138, 762
2571, 63, 248
2572, 128, 620
2573, 440, 824
2574, 44, 435
2575, 124, 884
2576, 121, 537
2577, 74, 642
2578, 767, 895
2579, 287, 343
2580, 127, 263
2581, 455, 828
2582, 3, 886
2583, 378, 880
2584, 101, 314
2585, 771, 976
2586, 752, 961
2587, 79, 375
2588, 179, 699
2589, 468, 591
2590, 878, 999
2591, 224, 945
2592, 564, 996
2593, 9, 714
2594, 252, 310
2595, 418, 966
2596, 308, 827
2597, 188, 806
2598, 247, 942
2599, 801, 812
2600, 60, 324
2601, 341, 626
2602, 383, 543
2603, 570, 726
2604, 115, 770
2605, 557, 636
2606, 13, 853
2607, 614, 834
2608, 803, 843
2609, 132, 420
2610, 215, 603
2611, 463, 479
2612, 43, 299
2613, 137, 706
2614, 135, 528
2615, 602, 696
2616, 611, 660
2617, 481, 1000
2618, 721, 934
2619, 17, 61
2620, 295, 305
2621, 357, 768
2622, 403, 797
2623, 58, 126
2624, 516, 941
2625, 209, 399
2626, 705, 839
2627, 99, 349
2628, 649, 972
2629, 662, 673
2630, 391, 920
2631, 189, 907
2632, 271, 678
2633, 147, 532
2634, 644, 779
2635, 581, 601
2636, 323, 748
2637, 75, 632
2638, 71, 925
2639, 335, 811
2640, 685, 855
2641, 70, 747
2642, 184, 933
2643, 104, 676
2644, 361, 757
2645, 300, 848
2646, 430, 983
2647, 445, 879
2648, 369, 376
2649, 205, 533
2650, 587, 947
2651, 437, 536
2652, 508, 575
2653, 710, 885
2654, 782, 949
2655, 635, 739
2656, 724, 769
2657, 650, 730
2658, 501, 846
2659, 183, 606
2660, 411, 495
2661, 414, 630
2662, 434, 922
2663, 222, 958
2664, 94, 882
2665, 586, 628
2666, 174, 659
2667, 512, 624
2668, 235, 524
2669, 38, 813
2670, 356, 458
2671, 190, 251
2672, 65, 283
2673, 541, 645
2674, 165, 398
2675, 370, 963
2676, 134, 505
2677, 86, 647
2678, 733, 873
2679, 579, 967
2680, 389, 975
2681, 34, 863
2682, 576, 893
2683, 407, 847
2684, 151, 301
2685, 237, 871
2686, 14, 962
2687, 946, 992
2688, 919, 982
2689, 502, 818
2690, 81, 751
2691, 292, 640
2692, 869, 911
2693, 515, 914
2694, 572, 745
2695, 110, 781
2696, 493, 825
2697, 95, 910
2698, 917, 924
2699, 753, 892
2700, 214, 791
2701, 156, 618
2702, 181, 835
2703, 229, 652
2704, 280, 788
2705, 327, 833
2706, 504, 521
2707, 444, 568
2708, 395, 656
2709, 244, 555
2710, 354, 362
2711, 87, 553
2712, 290, 908
2713, 655, 956
2714, 154, 454
2715, 426, 651
2716, 227, 991
2717, 346, 845
2718, 325, 374
2719, 27, 152
2720, 774, 929
2721, 633, 773
2722, 120, 702
2723, 485, 764
2724, 488, 868
2725, 704, 864
2726, 2, 831
2727, 551, 926
2728, 607, 904
2729, 1, 421
2730, 424, 881
2731, 401, 738
2732, 131, 683
2733, 204, 567
2734, 277, 639
2735, 511, 709
2736, 211, 584
2737, 344, 712
2738, 830, 969
2739, 36, 819
2740, 68, 125
2741, 615, 897
2742, 522, 780
2743, 664, 954
2744, 350, 725
2745, 294, 451
2746, 258, 419
2747, 234, 545
2748, 218, 321
2749, 288, 519
2750, 928, 977
2751, 23, 53
2752, 517, 552
2753, 425, 734
2754, 396, 988
2755, 52, 529
2756, 322, 783
2757, 102, 915
2758, 73, 178
2759, 596, 887
2760, 439, 840
2761, 20, 816
2762, 671, 736
2763, 554, 686
2764, 187, 691
2765, 684, 900
2766, 272, 844
2767, 297, 970
2768, 84, 498
2769, 690, 796
2770, 8, 711
2771, 32, 220
2772, 39, 238
2773, 427, 787
2774, 578, 756
2775, 168, 450
2776, 77, 332
2777, 732, 874
2778, 12, 201
2779, 459, 694
2780, 62, 385
2781, 408, 719
2782, 173, 990
2783, 153, 467
2784, 951, 980
2785, 805, 870
2786, 200, 594
2787, 509, 573
2788, 4, 410
2789, 422, 716
2790, 268, 363
2791, 506, 526
2792, 243, 918
2793, 207, 737
2794, 380, 795
2795, 186, 857
2796, 679, 743
2797, 641, 952
2798, 799, 826
2799, 193, 754
2800, 195, 728
2801, 274, 804
2802, 148, 595
2803, 499, 646
2804, 242, 561
2805, 256, 313
2806, 150, 176
2807, 118, 387
2808, 279, 786
2809, 233, 669
2810, 347, 580
2811, 707, 943
2812, 11, 471
2813, 114, 984
2814, 627, 930
2815, 741, 823
2816, 144, 700
2817, 405, 670
2818, 404, 784
2819, 311, 978
2820, 622, 623
2821, 569, 995
2822, 47, 358
2823, 507, 692
2824, 164, 876
2825, 360, 597
2826, 40, 286
2827, 6, 765
2828, 789, 896
2829, 169, 832
2830, 535, 888
2831, 534, 790
2832, 92, 226
2833, 202, 384
2834, 91, 909
2835, 266, 759
2836, 613, 665
2837, 83, 661
2838, 155, 293
2839, 365, 593
2840, 441, 619
2841, 487, 822
2842, 180, 971
2843, 423, 539
2844, 718, 742
2845, 245, 902
2846, 208, 703
2847, 262, 798
2848, 24, 936
2849, 29, 617
2850, 232, 475
2851, 722, 953
2852, 304, 312
2853, 117, 281
2854, 368, 484
2855, 592, 625
2856, 230, 792
2857, 105, 588
2858, 766, 772
2859, 317, 894
2860, 415, 486
2861, 145, 494
2862, 191, 877
2863, 80, 905
2864, 428, 462
2865, 111, 937
2866, 778, 989
2867, 119, 583
2868, 90, 177
2869, 196, 698
2870, 15, 653
2871, 158, 723
2872, 162, 549
2873, 160, 330
2874, 72, 746
2875, 531, 693
2876, 76, 560
2877, 402, 761
2878, 345, 800
2879, 106, 275
2880, 720, 729
2881, 348, 461
2882, 255, 701
2883, 334, 932
2884, 503, 562
2885, 837, 938
2886, 26, 307
2887, 302, 510
2888, 465, 559
2889, 413, 898
2890, 416, 457
2891, 379, 807
2892, 750, 849
2893, 316, 472
2894, 456, 605
2895, 64, 697
2896, 582, 637
2897, 19, 859
2898, 367, 858
2899, 326, 604
2900, 270, 542
2901, 198, 339
2902, 654, 960
2903, 850, 861
2904, 865, 974
2905, 682, 727
2906, 466, 744
2907, 136, 223
2908, 159, 998
2909, 417, 432
2910, 57, 518
2911, 309, 318
2912, 460, 921
2913, 785, 940
2914, 285, 836
2915, 123, 565
2916, 538, 677
2917, 470, 872
2918, 28, 185
2919, 93, 319
2920, 192, 793
2921, 21, 372
2922, 269, 585
2923, 49, 236
2924, 175, 944
2925, 140, 386
2926, 328, 993
2927, 170, 249
2928, 116, 303
2929, 96, 964
2930, 342, 429
2931, 478, 903
2932, 59, 260
2933, 206, 491
2934, 979, 987
2935, 638, 775
2936, 852, 950
2937, 406, 681
2938, 108, 810
2939, 282, 443
2940, 54, 240
2941, 520, 708
2942, 306, 544
2943, 315, 629
2944, 30, 955
2945, 333, 392
2946, 608, 821
2947, 563, 688
2948, 48, 997
2949, 610, 862
2950, 448, 525
2951, 273, 431
2952, 67, 355
2953, 213, 514
2954, 143, 776
2955, 82, 210
2956, 18, 254
2957, 231, 336
2958, 225, 760
2959, 449, 860
2960, 142, 713
2961, 452, 986
2962, 89, 875
2963, 497, 809
2964, 289, 866
2965, 239, 574
2966, 351, 442
2967, 103, 453
2968, 338, 352
2969, 364, 590
2970, 107, 715
2971, 161, 464
2972, 25, 100
2973, 98, 337
2974, 599, 931
2975, 477, 948
2976, 199, 829
2977, 340, 648
2978, 666, 667
2979, 483, 994
2980, 394, 820
2981, 469, 489
2982, 241, 329
2983, 130, 889
2984, 212, 838
2985, 261, 473
2986, 284, 482
2987, 109, 112
2988, 5, 763
2989, 474, 577
2990, 16, 817
2991, 55, 668
2992, 600, 841
2993, 566, 589
2994, 794, 923
2995, 167, 777
2996, 217, 916
2997, 41, 891
2998, 197, 658
2999, 558, 675
3000, 163, 758
3001, 509, 975
3002, 582, 904
3003, 25, 50
3004, 331, 774
3005, 190, 980
3006, 183, 496
3007, 77, 316
3008, 30, 197
3009, 460, 884
3010, 105, 822
3011, 36, 156
3012, 15, 332
3013, 211, 530
3014, 771, 920
3015, 289, 314
3016, 610, 853
3017, 658, 841
3018, 710, 957
3019, 160, 578
3020, 11, 590
3021, 524, 686
3022, 843, 896
3023, 671, 835
3024, 3, 265
3025, 121, 773
3026, 290, 389
3027, 189, 566
3028, 675, 964
3029, 348, 436
3030, 73, 260
3031, 563, 938
3032, 113, 401
3033, 251, 498
3034, 475, 886
3035, 2, 758
3036, 370, 927
3037, 71, 814
3038, 676, 863
3039, 420, 928
3040, 43, 846
3041, 151, 685
3042, 282, 296
3043, 421, 836
3044, 410, 705
3045, 27, 170
3046, 599, 861
3047, 235, 629
3048, 147, 541
3049, 393, 586
3050, 416, 477
3051, 34, 213
3052, 529, 775
3053, 64, 921
3054, 125, 457
3055, 87, 732
3056, 317, 847
3057, 515, 591
3058, 492, 981
3059, 94, 573
3060, 377, 792
3061, 372, 703
3062, 19, 191
3063, 157, 689
3064, 415, 951
3065, 437, 446
3066, 456, 474
3067, 463, 734
3068, 230, 356
3069, 204, 808
3070, 394, 536
3071, 33, 888
3072, 78, 781
3073, 494, 716
3074, 284, 937
3075, 75, 934
3076, 200, 942
3077, 86, 827
3078, 20, 940
3079, 93, 440
3080, 65, 341
3081, 174, 293
3082, 321, 956
3083, 67, 583
3084, 507, 970
3085, 949, 982
3086, 129, 270
3087, 718, 901
3088, 92, 682
3089, 146, 479
3090, 391, 432
3091, 300, 396
3092, 229, 657
3093, 462, 595
3094, 613, 714
3095, 468, 506
3096, 375, 669
3097, 278, 525
3098, 142, 201
3099, 6, 813
3100, 558, 785
3101, 169, 864
3102, 511, 588
3103, 96, 742
3104, 434, 577
3105, 486, 854
3106, 313, 360
3107, 699, 790
3108, 228, 817
3109, 425, 618
3110, 334, 367
3111, 662, 838
3112, 917, 961
3113, 168, 449
3114, 184, 376
3115, 242, 972
3116, 623, 794
3117, 826, 974
3118, 31, 166
3119, 659, 777
3120, 766, 862
3121, 10, 696
3122, 257, 607
3123, 176, 997
3124, 130, 417
3125, 277, 461
3126, 97, 353
3127, 535, 787
3128, 295, 636
3129, 546, 770
3130, 182, 250
3131, 358, 858
3132, 324, 528
3133, 550, 568
3134, 720, 989
3135, 84, 441
3136, 948, 976
3137, 285, 828
3138, 309, 661
3139, 133, 872
3140, 345, 990
3141, 350, 684
3142, 565, 652
3143, 747, 960
3144, 653, 894
3145, 600, 936
3146, 873, 910
3147, 833, 883
3148, 307, 443
3149, 240, 887
3150, 384, 545
3151, 232, 510
3152, 99, 932
3153, 722, 751
3154, 721, 831
3155, 581, 640
3156, 241, 580
3157, 603, 882
3158, 165, 423
3159, 14, 902
3160, 587, 855
3161, 38, 218
3162, 252, 458
3163, 102, 140
3164, 504, 783
3165, 564, 778
3166, 18, 275
3167, 48, 698
3168, 224, 666
3169, 782, 918
3170, 145, 745
3171, 502, 806
3172, 89, 508
3173, 107, 819
3174, 110, 276
3175, 58, 945
3176, 101, 397
3177, 208, 243
3178, 90, 673
3179, 594, 821
3180, 219, 362
3181, 361, 736
3182, 366, 741
3183, 220, 709
3184, 364, 411
3185, 469, 505
3186, 749, 760
3187, 488, 609
3188, 42, 763
3189, 26, 815
3190, 60, 223
3191, 520, 683
3192, 357, 966
3193, 63, 955
3194, 812, 911
3195, 66, 196
3196, 216, 354
3197, 111, 302
3198, 478, 598
3199, 310, 639
3200, 532, 998
3201, 418, 649
3202, 9, 875
3203, 390, 561
3204, 76, 439
3205, 153, 762
3206, 17, 483
3207, 114, 824
3208, 312, 621
3209, 280, 633
3210, 256, 800
3211, 382, 984
3212, 560, 647
3213, 175, 816
3214, 772, 924
3215, 450, 723
3216, 365, 522
3217, 239, 708
3218, 233, 897
3219, 161, 527
3220, 187, 651
3221, 308, 347
3222, 850, 941
3223, 606, 926
3224, 637, 889
3225, 291, 337
3226, 571, 746
3227, 267, 641
3228, 617, 953
3229, 426, 473
3230, 711, 892
3231, 162, 733
3232, 467, 693
3233, 35, 271
3234, 413, 542
3235, 288, 768
3236, 690, 804
3237, 122, 244
3238, 952, 988
3239, 380, 793
3240, 444, 678
3241, 487, 954
3242, 134, 330
3243, 503, 869
3244, 453, 605
3245, 273, 403
3246, 51, 700
3247, 298, 791
3248, 567, 660
3249, 325, 574
3250, 801, 930
3251, 620, 789
3252, 664, 885
3253, 79, 155
3254, 480, 968
3255, 212, 909
3256, 127, 759
3257, 266, 552
3258, 622, 767
3259, 49, 764
3260, 95, 939
3261, 519, 899
3262, 178, 217
3263, 70, 730
3264, 1, 630
3265, 549, 788
3266, 517, 644
3267, 555, 670
3268, 315, 908
3269, 69, 419
3270, 857, 971
3271, 41, 757
3272, 363, 706
3273, 634, 866
3274, 297, 650
3275, 844, 959
3276, 513, 916
3277, 807, 1000
3278, 306, 786
3279, 52, 451
3280, 59, 667
3281, 464, 548
3282, 144, 631
3283, 352, 860
3284, 346, 867
3285, 56, 798
3286, 234, 626
3287, 454, 712
3288, 336, 402
3289, 399, 750
3290, 180, 287
3291, 335, 472
3292, 139, 744
3293, 85, 870
3294, 424, 642
3295, 215, 231
3296, 368, 414
3297, 88, 996
3298, 534, 540
3299, 255, 702
3300, 54, 489
3301, 203, 292
3302, 281, 398
3303, 120, 756
3304, 44, 802
3305, 16, 628
3306, 369, 805
3307, 80, 856
3308, 136, 739
3309, 47, 445
3310, 4, 965
3311, 585, 900
3312, 21, 677
3313, 319, 435
3314, 614, 795
3315, 246, 809
3316, 159, 214
3317, 108, 167
3318, 386, 797
3319, 22, 409
3320, 395, 962
3321, 412, 433
3322, 118, 383
3323, 61, 72
3324, 222, 245
3325, 359, 830
3326, 237, 728
3327, 210, 601
3328, 91, 132
3329, 405, 570
3330, 490, 845
3331, 447, 946
3332, 206, 881
3333, 674, 871
3334, 13, 963
3335, 898, 944
3336, 112, 779
3337, 202, 272
3338, 438, 694
3339, 471, 735
3340, 116, 131
3341, 429, 459
3342, 604, 679
3343, 355, 518
3344, 572, 707
3345, 842, 852
3346, 656, 663
3347, 311, 987
3348, 268, 632
3349, 74, 501
3350, 171, 692
3351, 301, 344
3352, 584, 929
3353, 123, 400
3354, 12, 152
3355, 154, 538
3356, 249, 654
3357, 371, 748
3358, 45, 141
3359, 179, 608
3360, 57, 465
3361, 547, 950
3362, 109, 304
3363, 28, 448
3364, 199, 752
3365, 593, 665
3366, 24, 539
3367, 124, 825
3368, 796, 893
3369, 935, 983
3370, 754, 947
3371, 68, 163
3372, 493, 688
3373, 431, 624
3374, 119, 406
3375, 611, 818
3376, 408, 799
3377, 172, 840
3378, 381, 387
3379, 207, 602
3380, 725, 978
3381, 823, 906
3382, 7, 839
3383, 194, 254
3384, 186, 776
3385, 83, 177
3386, 338, 680
3387, 173, 575
3388, 592, 877
3389, 236, 318
3390, 576, 820
3391, 98, 150
3392, 373, 551
3393, 323, 497
3394, 5, 967
3395, 559, 865
3396, 205, 262
3397, 407, 713
3398, 343, 832
3399, 126, 198
3400, 39, 755
3401, 569, 627
3402, 379, 880
3403, 668, 851
3404, 225, 891
3405, 672, 992
3406, 259, 933
3407, 238, 523
3408, 579, 977
3409, 537, 991
3410, 597, 769
3411, 286, 442
3412, 103, 351
3413, 958, 973
3414, 499, 931
3415, 557, 589
3416, 269, 761
3417, 263, 719
3418, 221, 612
3419, 848, 876
3420, 158, 482
3421, 37, 209
3422, 514, 753
3423, 616, 737
3424, 274, 874
3425, 53, 923
3426, 695, 724
3427, 82, 495
3428, 115, 149
3429, 23, 485
3430, 339, 784
3431, 100, 430
3432, 299, 512
3433, 248, 780
3434, 81, 810
3435, 491, 681
3436, 104, 895
3437, 378, 859
3438, 329, 385
3439, 117, 645
3440, 428, 969
3441, 701, 919
3442, 765, 890
3443, 553, 829
3444, 188, 283
3445, 185, 691
3446, 138, 320
3447, 340, 903
3448, 554, 913
3449, 106, 999
3450, 392, 905
3451, 128, 481
3452, 247, 544
3453, 226, 342
3454, 264, 279
3455, 531, 868
3456, 427, 687
3457, 8, 526
3458, 55, 697
3459, 349, 455
3460, 195, 305
3461, 326, 834
3462, 727, 849
3463, 500, 915
3464, 327, 837
3465, 922, 943
3466, 137, 985
3467, 29, 646
3468, 164, 914
3469, 148, 422
3470, 452, 704
3471, 261, 811
3472, 181, 596
3473, 253, 543
3474, 46, 993
3475, 562, 995
3476, 521, 655
3477, 192, 258
3478, 388, 979
3479, 715, 986
3480, 648, 907
3481, 476, 740
3482, 717, 803
3483, 227, 374
3484, 484, 533
3485, 322, 738
3486, 328, 516
3487, 143, 294
3488, 470, 925
3489, 135, 729
3490, 32, 404
3491, 615, 878
3492, 40, 193
3493, 62, 879
3494, 333, 726
3495, 635, 643
3496, 619, 743
3497, 466, 912
3498, 625, 638
3499, 303, 556
3500, 731, 994
3501, 517, 828
3502, 98, 562
3503, 234, 689
3504, 65, 508
3505, 134, 880
3506, 387, 610
3507, 282, 595
3508, 807, 953
3509, 470, 987
3510, 382, 706
3511, 344, 791
3512, 88, 708
3513, 276, 535
3514, 74, 906
3515, 804, 939
3516, 427, 865
3517, 683, 936
3518, 52, 836
3519, 442, 887
3520, 485, 903
3521, 63, 129
3522, 155, 774
3523, 365, 643
3524, 253, 452
3525, 331, 893
3526, 754, 772
3527, 122, 632
3528, 822, 871
3529, 115, 162
3530, 525, 744
3531, 79, 560
3532, 33, 857
3533, 117, 927
3534, 392, 845
3535, 43, 1000
3536, 642, 835
3537, 145, 433
3538, 305, 806
3539, 619, 898
3540, 174, 959
3541, 143, 994
3542, 70, 432
3543, 559, 849
3544, 545, 621
3545, 316, 451
3546, 113, 207
3547, 220, 513
3548, 150, 417
3549, 839, 967
3550, 80, 388
3551, 533, 837
3552, 154, 988
3553, 295, 873
3554, 42, 557
3555, 45, 359
3556, 546, 861
3557, 64, 462
3558, 872, 901
3559, 205, 321
3560, 529, 564
3561, 340, 540
3562, 449, 919
3563, 550, 705
3564, 24, 161
3565, 172, 728
3566, 412, 670
3567, 95, 949
3568, 679, 969
3569, 698, 858
3570, 840, 905
3571, 71, 952
3572, 221, 416
3573, 762, 851
3574, 287, 976
3575, 254, 915
3576, 724, 738
3577, 467, 549
3578, 460, 759
3579, 299, 620
3580, 501, 904
3581, 580, 743
3582, 245, 677
3583, 163, 656
3584, 144, 684
3585, 8, 121
3586, 342, 612
3587, 410, 566
3588, 166, 775
3589, 668, 720
3590, 441, 644
3591, 51, 404
3592, 768, 995
3593, 83, 602
3594, 310, 629
3595, 368, 594
3596, 363, 543
3597, 658, 749
3598, 369, 779
3599, 440, 515
3600, 66, 464
3601, 53, 420
3602, 141, 955
3603, 277, 484
3604, 469, 909
3605, 114, 409
3606, 34, 685
3607, 494, 788
3608, 279, 361
3609, 168, 834
3610, 258, 521
3611, 247, 958
3612, 694, 979
3613, 649, 970
3614, 36, 468
3615, 302, 795
3616, 198, 997
3617, 424, 745
3618, 650, 765
3619, 82, 414
3620, 695, 973
3621, 379, 914
3622, 573, 830
3623, 741, 785
3624, 289, 833
3625, 665, 770
3626, 347, 783
3627, 732, 771
3628, 626, 980
3629, 682, 786
3630, 367, 583
3631, 22, 256
3632, 600, 941
3633, 173, 996
3634, 136, 654
3635, 3, 370
3636, 26, 183
3637, 337, 868
3638, 356, 810
3639, 696, 844
3640, 383, 912
3641, 372, 924
3642, 514, 713
3643, 526, 968
3644, 327, 565
3645, 37, 430
3646, 355, 408
3647, 725, 777
3648, 54, 584
3649, 722, 867
3650, 555, 923
3651, 219, 617
3652, 736, 918
3653, 444, 824
3654, 38, 478
3655, 381, 542
3656, 249, 917
3657, 101, 992
3658, 12, 718
3659, 241, 343
3660, 829, 856
3661, 84, 675
3662, 607, 805
3663, 244, 719
3664, 399, 504
3665, 463, 814
3666, 274, 286
3667, 23, 160
3668, 240, 671
3669, 431, 715
3670, 862, 950
3671, 124, 789
3672, 547, 568
3673, 378, 812
3674, 572, 687
3675, 199, 799
3676, 27, 48
3677, 112, 216
3678, 189, 453
3679, 402, 437
3680, 262, 855
3681, 157, 558
3682, 428, 659
3683, 304, 581
3684, 352, 385
3685, 429, 473
3686, 21, 458
3687, 76, 206
3688, 176, 616
3689, 138, 591
3690, 222, 524
3691, 605, 925
3692, 1, 613
3693, 90, 624
3694, 260, 794
3695, 93, 169
3696, 465, 586
3697, 61, 75
3698, 107, 680
3699, 242, 373
3700, 711, 731
3701, 69, 781
3702, 6, 418
3703, 41, 528
3704, 204, 773
3705, 362, 376
3706, 126, 146
3707, 884, 890
3708, 130, 455
3709, 17, 491
3710, 520, 623
3711, 315, 490
3712, 139, 601
3713, 211, 815
3714, 196, 510
3715, 29, 536
3716, 760, 876
3717, 194, 582
3718, 377, 661
3719, 481, 963
3720, 236, 238
3721, 210, 232
3722, 945, 986
3723, 480, 585
3724, 265, 479
3725, 292, 314
3726, 423, 766
3727, 77, 323
3728, 7, 235
3729, 237, 587
3730, 85, 999
3731, 798, 954
3732, 281, 527
3733, 218, 944
3734, 831, 931
3735, 100, 854
3736, 186, 224
3737, 332, 446
3738, 366, 920
3739, 482, 538
3740, 152, 436
3741, 171, 636
3742, 25, 167
3743, 598, 690
3744, 662, 821
3745, 193, 512
3746, 589, 746
3747, 590, 752
3748, 175, 948
3749, 443, 697
3750, 493, 889
3751, 128, 913
3752, 73, 938
3753, 59, 534
3754, 120, 928
3755, 111, 250
3756, 119, 215
3757, 489, 981
3758, 633, 951
3759, 97, 881
3760, 869, 934
3761, 293, 548
3762, 272, 885
3763, 184, 296
3764, 739, 819
3765, 421, 588
3766, 178, 816
3767, 50, 151
3768, 116, 495
3769, 667, 902
3770, 422, 457
3771, 309, 622
3772, 641, 660
3773, 288, 454
3774, 497, 655
3775, 227, 351
3776, 170, 330
3777, 336, 853
3778, 312, 466
3779, 769, 929
3780, 275, 870
3781, 569, 813
3782, 56, 328
3783, 778, 792
3784, 740, 978
3785, 91, 498
3786, 579, 672
3787, 419, 664
3788, 192, 937
3789, 246, 790
3790, 666, 808
3791, 782, 956
3792, 106, 401
3793, 267, 681
3794, 406, 539
3795, 341, 530
3796, 202, 403
3797, 552, 946
3798, 280, 300
3799, 753, 827
3800, 486, 850
3801, 320, 966
3802, 544, 561
3803, 9, 888
3804, 496, 811
3805, 47, 635
3806, 225, 793
3807, 503, 647
3808, 298, 972
3809, 32, 818
3810, 179, 809
3811, 87, 284
3812, 523, 638
3813, 105, 263
3814, 397, 567
3815, 879, 942
3816, 456, 606
3817, 874, 933
3818, 575, 678
3819, 435, 553
3820, 541, 730
3821, 195, 875
3822, 516, 674
3823, 243, 631
3824, 651, 803
3825, 264, 847
3826, 627, 965
3827, 353, 519
3828, 707, 852
3829, 714, 734
3830, 78, 395
3831, 537, 962
3832, 285, 505
3833, 291, 576
3834, 30, 261
3835, 413, 761
3836, 283, 693
3837, 248, 398
3838, 86, 102
3839, 177, 825
3840, 271, 908
3841, 303, 393
3842, 307, 721
3843, 226, 646
3844, 72, 592
3845, 502, 922
3846, 306, 439
3847, 877, 974
3848, 563, 971
3849, 92, 639
3850, 153, 197
3851, 19, 701
3852, 907, 998
3853, 131, 926
3854, 159, 339
3855, 5, 99
3856, 181, 717
3857, 149, 214
3858, 15, 182
3859, 108, 975
3860, 297, 930
3861, 364, 556
3862, 13, 425
3863, 317, 531
3864, 2, 67
3865, 190, 860
3866, 472, 645
3867, 716, 935
3868, 233, 483
3869, 360, 750
3870, 488, 864
3871, 374, 692
3872, 14, 217
3873, 28, 147
3874, 57, 127
3875, 554, 625
3876, 11, 686
3877, 346, 895
3878, 500, 878
3879, 187, 984
3880, 335, 961
3881, 333, 723
3882, 68, 492
3883, 763, 916
3884, 96, 757
3885, 10, 509
3886, 900, 982
3887, 58, 507
3888, 338, 391
3889, 103, 911
3890, 269, 657
3891, 290, 940
3892, 135, 688
3893, 209, 921
3894, 118, 628
3895, 18, 652
3896, 39, 957
3897, 89, 506
3898, 354, 700
3899, 191, 396
3900, 201, 784
3901, 747, 843
3902, 326, 826
3903, 164, 823
3904, 46, 618
3905, 448, 663
3906, 203, 228
3907, 597, 990
3908, 259, 751
3909, 477, 983
3910, 474, 603
3911, 213, 886
3912, 212, 989
3913, 158, 571
3914, 148, 358
3915, 185, 599
3916, 640, 896
3917, 415, 578
3918, 570, 960
3919, 400, 866
3920, 104, 882
3921, 322, 733
3922, 270, 294
3923, 384, 522
3924, 348, 842
3925, 165, 767
3926, 551, 892
3927, 630, 802
3928, 16, 319
3929, 62, 710
3930, 301, 673
3931, 278, 702
3932, 188, 704
3933, 230, 703
3934, 350, 476
3935, 371, 447
3936, 438, 475
3937, 797, 800
3938, 94, 266
3939, 81, 848
3940, 389, 637
3941, 742, 838
3942, 44, 897
3943, 4, 608
3944, 634, 699
3945, 49, 137
3946, 20, 780
3947, 208, 859
3948, 133, 691
3949, 125, 787
3950, 255, 709
3951, 313, 943
3952, 324, 964
3953, 180, 308
3954, 380, 499
3955, 375, 756
3956, 450, 764
3957, 140, 511
3958, 142, 977
3959, 311, 445
3960, 110, 231
3961, 252, 334
3962, 251, 459
3963, 345, 411
3964, 471, 832
3965, 611, 737
3966, 407, 932
3967, 574, 899
3968, 109, 735
3969, 405, 615
3970, 257, 748
3971, 820, 910
3972, 796, 947
3973, 123, 349
3974, 40, 487
3975, 60, 461
3976, 223, 801
3977, 31, 596
3978, 648, 758
3979, 268, 894
3980, 653, 846
3981, 329, 357
3982, 434, 985
3983, 229, 883
3984, 132, 817
3985, 390, 729
3986, 604, 614
3987, 318, 676
3988, 726, 891
3989, 386, 993
3990, 200, 863
3991, 577, 776
3992, 394, 426
3993, 55, 669
3994, 35, 727
3995, 156, 532
3996, 273, 518
3997, 593, 712
3998, 239, 991
3999, 325, 755
4000, 609, 841
