id, img1, img2
1, 418, 923
2, 263, 322
3, 636, 851
4, 56, 296
5, 30, 665
6, 85, 362
7, 217, 415
8, 167, 545
9, 682, 744
10, 534, 976
11, 110, 166
12, 841, 946
13, 9, 500
14, 257, 734
15, 304, 357
16, 225, 509
17, 139, 276
18, 757, 993
19, 505, 832
20, 185, 406
21, 122, 644
22, 39, 919
23, 201, 703
24, 195, 742
25, 586, 727
26, 8, 271
27, 496, 850
28, 18, 121
29, 511, 704
30, 153, 382
31, 103, 372
32, 28, 553
33, 294, 811
34, 125, 126
35, 347, 693
36, 133, 786
37, 404, 920
38, 445, 488
39, 147, 931
40, 363, 608
41, 420, 784
42, 377, 706
43, 170, 635
44, 46, 58
45, 59, 211
46, 440, 489
47, 568, 585
48, 495, 623
49, 487, 793
50, 439, 707
51, 287, 398
52, 531, 796
53, 54, 316
54, 502, 719
55, 429, 968
56, 529, 697
57, 168, 870
58, 859, 955
59, 552, 611
60, 176, 837
61, 320, 897
62, 315, 766
63, 626, 909
64, 186, 574
65, 90, 265
66, 283, 956
67, 64, 424
68, 627, 861
69, 86, 148
70, 314, 873
71, 51, 452
72, 105, 975
73, 517, 660
74, 79, 964
75, 132, 960
76, 675, 684
77, 769, 974
78, 256, 578
79, 156, 468
80, 16, 498
81, 386, 876
82, 229, 240
83, 724, 896
84, 426, 690
85, 493, 992
86, 767, 953
87, 218, 466
88, 337, 916
89, 332, 779
90, 678, 853
91, 721, 732
92, 528, 604
93, 255, 526
94, 75, 453
95, 259, 599
96, 446, 759
97, 266, 491
98, 196, 349
99, 241, 631
100, 15, 455
101, 503, 669
102, 795, 828
103, 656, 710
104, 286, 341
105, 538, 957
106, 254, 936
107, 62, 624
108, 204, 577
109, 431, 619
110, 72, 497
111, 474, 995
112, 360, 590
113, 38, 461
114, 355, 521
115, 597, 683
116, 563, 806
117, 129, 467
118, 549, 903
119, 887, 971
120, 200, 310
121, 249, 407
122, 515, 977
123, 269, 709
124, 369, 540
125, 425, 752
126, 364, 562
127, 143, 267
128, 588, 898
129, 160, 777
130, 207, 524
131, 251, 637
132, 702, 972
133, 224, 813
134, 988, 999
135, 417, 655
136, 98, 443
137, 712, 725
138, 430, 715
139, 198, 438
140, 612, 838
141, 394, 818
142, 584, 781
143, 368, 775
144, 302, 890
145, 785, 875
146, 409, 961
147, 605, 645
148, 227, 273
149, 490, 924
150, 130, 991
151, 231, 907
152, 25, 550
153, 74, 179
154, 76, 556
155, 910, 933
156, 67, 472
157, 295, 895
158, 120, 280
159, 381, 507
160, 152, 905
161, 141, 270
162, 361, 428
163, 250, 479
164, 202, 915
165, 45, 374
166, 469, 748
167, 109, 713
168, 124, 436
169, 288, 331
170, 621, 741
171, 158, 839
172, 847, 939
173, 48, 820
174, 745, 978
175, 561, 816
176, 181, 390
177, 353, 647
178, 333, 792
179, 20, 444
180, 705, 737
181, 711, 911
182, 566, 794
183, 508, 929
184, 520, 941
185, 940, 979
186, 101, 260
187, 380, 699
188, 427, 633
189, 677, 983
190, 87, 765
191, 44, 869
192, 801, 882
193, 396, 654
194, 378, 782
195, 35, 648
196, 205, 730
197, 340, 543
198, 962, 982
199, 392, 620
200, 634, 985
201, 366, 513
202, 232, 892
203, 191, 571
204, 716, 950
205, 219, 821
206, 10, 840
207, 184, 783
208, 23, 284
209, 95, 327
210, 308, 808
211, 477, 750
212, 537, 846
213, 203, 536
214, 383, 879
215, 31, 358
216, 318, 554
217, 291, 480
218, 253, 596
219, 19, 50
220, 642, 857
221, 827, 885
222, 135, 658
223, 163, 942
224, 84, 279
225, 373, 557
226, 275, 342
227, 40, 80
228, 334, 650
229, 607, 822
230, 701, 958
231, 539, 778
232, 375, 565
233, 470, 686
234, 547, 760
235, 52, 117
236, 328, 768
237, 36, 311
238, 335, 803
239, 402, 657
240, 234, 826
241, 88, 435
242, 651, 762
243, 63, 691
244, 393, 609
245, 476, 736
246, 514, 886
247, 118, 638
248, 242, 881
249, 107, 114
250, 720, 934
251, 134, 601
252, 676, 798
253, 819, 888
254, 330, 844
255, 324, 889
256, 437, 592
257, 901, 908
258, 41, 92
259, 569, 689
260, 190, 679
261, 119, 653
262, 625, 970
263, 471, 802
264, 7, 738
265, 522, 587
266, 739, 884
267, 419, 575
268, 672, 947
269, 649, 735
270, 292, 825
271, 512, 632
272, 13, 127
273, 12, 365
274, 177, 729
275, 464, 662
276, 278, 687
277, 405, 628
278, 6, 197
279, 24, 494
280, 413, 831
281, 618, 755
282, 151, 305
283, 747, 849
284, 27, 928
285, 770, 804
286, 83, 458
287, 718, 906
288, 790, 912
289, 893, 943
290, 137, 289
291, 47, 773
292, 339, 688
293, 944, 952
294, 572, 855
295, 161, 615
296, 106, 235
297, 212, 902
298, 262, 834
299, 281, 652
300, 2, 403
301, 416, 630
302, 236, 350
303, 856, 913
304, 245, 740
305, 5, 700
306, 600, 990
307, 70, 864
308, 32, 100
309, 34, 183
310, 104, 749
311, 726, 764
312, 411, 484
313, 199, 880
314, 674, 891
315, 883, 965
316, 128, 290
317, 659, 812
318, 559, 863
319, 516, 723
320, 376, 685
321, 77, 317
322, 55, 272
323, 102, 573
324, 131, 981
325, 525, 948
326, 99, 450
327, 258, 551
328, 93, 570
329, 385, 805
330, 244, 753
331, 145, 579
332, 603, 935
333, 293, 664
334, 533, 639
335, 400, 930
336, 243, 576
337, 171, 567
338, 261, 442
339, 548, 938
340, 530, 877
341, 17, 835
342, 594, 866
343, 149, 239
344, 238, 998
345, 29, 94
346, 73, 598
347, 354, 504
348, 285, 800
349, 189, 671
350, 159, 457
351, 927, 994
352, 157, 663
353, 319, 733
354, 230, 696
355, 499, 583
356, 558, 815
357, 146, 336
358, 481, 717
359, 247, 926
360, 367, 395
361, 210, 447
362, 65, 140
363, 136, 359
364, 309, 321
365, 312, 963
366, 169, 546
367, 252, 731
368, 112, 771
369, 345, 830
370, 175, 799
371, 465, 772
372, 22, 346
373, 351, 448
374, 216, 681
375, 763, 836
376, 96, 371
377, 338, 352
378, 823, 854
379, 456, 641
380, 113, 860
381, 138, 387
382, 49, 215
383, 441, 483
384, 97, 123
385, 788, 954
386, 82, 874
387, 193, 1000
388, 306, 462
389, 454, 997
390, 680, 986
391, 223, 486
392, 246, 789
393, 42, 817
394, 237, 842
395, 89, 555
396, 194, 313
397, 451, 722
398, 4, 501
399, 165, 595
400, 71, 519
401, 478, 918
402, 282, 523
403, 298, 391
404, 694, 758
405, 162, 414
406, 389, 485
407, 482, 560
408, 582, 780
409, 154, 172
410, 274, 277
411, 323, 580
412, 872, 980
413, 475, 666
414, 661, 756
415, 610, 904
416, 776, 925
417, 433, 868
418, 423, 593
419, 384, 535
420, 226, 408
421, 192, 208
422, 640, 708
423, 142, 670
424, 303, 544
425, 388, 937
426, 233, 348
427, 692, 862
428, 11, 629
429, 264, 541
430, 14, 108
431, 421, 865
432, 155, 914
433, 182, 698
434, 61, 695
435, 809, 996
436, 111, 248
437, 78, 967
438, 1, 150
439, 115, 746
440, 297, 613
441, 787, 987
442, 343, 894
443, 180, 206
444, 329, 614
445, 422, 900
446, 307, 984
447, 325, 921
448, 3, 221
449, 43, 646
450, 69, 506
451, 434, 510
452, 21, 829
453, 188, 518
454, 622, 754
455, 60, 173
456, 673, 797
457, 399, 814
458, 81, 164
459, 473, 761
460, 432, 833
461, 527, 959
462, 807, 922
463, 116, 845
464, 66, 949
465, 459, 743
466, 581, 824
467, 268, 858
468, 33, 356
469, 606, 728
470, 299, 492
471, 370, 379
472, 848, 899
473, 397, 843
474, 222, 774
475, 589, 616
476, 213, 214
477, 174, 344
478, 68, 187
479, 810, 989
480, 26, 945
481, 301, 969
482, 460, 668
483, 532, 564
484, 401, 852
485, 57, 144
486, 410, 449
487, 209, 591
488, 643, 932
489, 867, 966
490, 37, 617
491, 53, 791
492, 178, 463
493, 220, 667
494, 228, 917
495, 602, 878
496, 326, 871
497, 542, 714
498, 300, 973
499, 91, 951
500, 412, 751
501, 497, 527
502, 146, 230
503, 667, 939
504, 399, 508
505, 715, 930
506, 315, 487
507, 512, 988
508, 444, 742
509, 272, 410
510, 420, 887
511, 77, 456
512, 636, 916
513, 83, 745
514, 361, 499
515, 458, 689
516, 248, 534
517, 280, 705
518, 148, 219
519, 395, 680
520, 9, 163
521, 365, 478
522, 553, 923
523, 414, 627
524, 171, 743
525, 59, 131
526, 31, 364
527, 412, 477
528, 137, 638
529, 32, 156
530, 634, 825
531, 320, 819
532, 109, 454
533, 879, 895
534, 390, 591
535, 215, 503
536, 429, 746
537, 560, 917
538, 203, 482
539, 707, 943
540, 494, 619
541, 382, 723
542, 350, 465
543, 443, 828
544, 64, 842
545, 525, 533
546, 607, 967
547, 90, 480
548, 204, 921
549, 423, 732
550, 96, 271
551, 1, 85
552, 548, 756
553, 147, 927
554, 500, 657
555, 424, 786
556, 249, 918
557, 113, 191
558, 479, 994
559, 102, 306
560, 416, 762
561, 74, 944
562, 126, 567
563, 266, 376
564, 99, 900
565, 392, 700
566, 511, 814
567, 75, 318
568, 466, 633
569, 334, 645
570, 91, 277
571, 571, 905
572, 141, 777
573, 94, 847
574, 129, 396
575, 303, 541
576, 199, 312
577, 716, 784
578, 24, 978
579, 190, 624
580, 61, 938
581, 695, 881
582, 469, 776
583, 582, 836
584, 566, 870
585, 310, 471
586, 214, 912
587, 323, 401
588, 251, 965
589, 440, 798
590, 16, 597
591, 244, 378
592, 304, 336
593, 861, 996
594, 321, 998
595, 65, 433
596, 194, 496
597, 374, 682
598, 143, 735
599, 313, 612
600, 445, 727
601, 145, 565
602, 202, 773
603, 355, 878
604, 616, 775
605, 185, 268
606, 332, 543
607, 648, 844
608, 501, 577
609, 572, 741
610, 81, 428
611, 2, 858
612, 100, 772
613, 551, 863
614, 20, 23
615, 356, 604
616, 419, 910
617, 120, 801
618, 425, 931
619, 106, 739
620, 73, 338
621, 747, 982
622, 115, 258
623, 783, 992
624, 381, 972
625, 36, 233
626, 55, 678
627, 406, 687
628, 220, 302
629, 161, 307
630, 188, 550
631, 697, 989
632, 43, 877
633, 357, 472
634, 218, 536
635, 432, 467
636, 430, 901
637, 481, 721
638, 292, 793
639, 187, 681
640, 261, 459
641, 305, 919
642, 168, 925
643, 173, 653
644, 139, 1000
645, 813, 914
646, 354, 515
647, 519, 659
648, 447, 576
649, 57, 242
650, 337, 899
651, 455, 928
652, 460, 711
653, 344, 885
654, 340, 710
655, 142, 295
656, 155, 222
657, 107, 493
658, 178, 650
659, 37, 223
660, 327, 864
661, 41, 68
662, 857, 915
663, 906, 976
664, 165, 317
665, 270, 969
666, 308, 611
667, 101, 212
668, 349, 474
669, 200, 991
670, 206, 208
671, 343, 502
672, 297, 971
673, 38, 491
674, 88, 985
675, 60, 669
676, 483, 663
677, 269, 684
678, 149, 574
679, 3, 341
680, 192, 850
681, 13, 984
682, 757, 853
683, 235, 289
684, 495, 818
685, 679, 768
686, 823, 831
687, 599, 882
688, 646, 804
689, 105, 408
690, 52, 234
691, 328, 736
692, 232, 867
693, 39, 229
694, 63, 703
695, 103, 523
696, 330, 637
697, 67, 468
698, 108, 231
699, 239, 353
700, 282, 651
701, 807, 949
702, 311, 388
703, 510, 740
704, 34, 300
705, 167, 322
706, 288, 936
707, 221, 252
708, 285, 333
709, 118, 402
710, 255, 924
711, 128, 718
712, 84, 346
713, 70, 701
714, 225, 254
715, 45, 981
716, 12, 568
717, 644, 820
718, 639, 926
719, 262, 779
720, 586, 658
721, 278, 486
722, 561, 737
723, 509, 670
724, 130, 138
725, 29, 50
726, 10, 752
727, 144, 661
728, 296, 411
729, 490, 631
730, 348, 367
731, 284, 761
732, 526, 640
733, 368, 889
734, 316, 837
735, 80, 859
736, 397, 993
737, 358, 947
738, 40, 298
739, 593, 709
740, 116, 404
741, 603, 708
742, 642, 999
743, 133, 563
744, 201, 589
745, 264, 855
746, 441, 754
747, 476, 829
748, 122, 438
749, 579, 997
750, 415, 677
751, 11, 652
752, 544, 598
753, 505, 848
754, 259, 457
755, 291, 805
756, 417, 929
757, 431, 522
758, 98, 979
759, 181, 299
760, 267, 614
761, 237, 427
762, 134, 862
763, 339, 685
764, 301, 945
765, 51, 326
766, 407, 647
767, 704, 753
768, 485, 986
769, 620, 884
770, 594, 909
771, 540, 800
772, 159, 760
773, 169, 860
774, 439, 883
775, 28, 256
776, 524, 764
777, 403, 946
778, 935, 987
779, 30, 86
780, 257, 749
781, 97, 983
782, 846, 964
783, 27, 876
784, 342, 811
785, 287, 600
786, 731, 907
787, 360, 528
788, 379, 744
789, 19, 127
790, 48, 351
791, 763, 891
792, 699, 712
793, 276, 692
794, 174, 629
795, 123, 810
796, 473, 531
797, 121, 387
798, 294, 724
799, 162, 873
800, 7, 595
801, 835, 849
802, 189, 626
803, 618, 875
804, 562, 957
805, 114, 778
806, 492, 799
807, 437, 767
808, 198, 933
809, 160, 734
810, 363, 771
811, 569, 613
812, 158, 182
813, 590, 688
814, 484, 733
815, 279, 990
816, 851, 897
817, 205, 782
818, 812, 942
819, 605, 722
820, 111, 529
821, 518, 816
822, 513, 968
823, 186, 602
824, 18, 180
825, 555, 781
826, 362, 488
827, 413, 581
828, 442, 585
829, 748, 871
830, 140, 649
831, 286, 995
832, 359, 436
833, 384, 950
834, 615, 676
835, 324, 824
836, 319, 596
837, 15, 166
838, 53, 958
839, 893, 941
840, 245, 706
841, 246, 903
842, 265, 588
843, 714, 977
844, 22, 808
845, 179, 606
846, 573, 830
847, 730, 852
848, 54, 153
849, 694, 815
850, 592, 671
851, 966, 974
852, 765, 770
853, 517, 890
854, 157, 546
855, 66, 584
856, 383, 389
857, 241, 872
858, 104, 391
859, 373, 556
860, 668, 953
861, 475, 854
862, 58, 537
863, 124, 240
864, 696, 975
865, 82, 462
866, 207, 874
867, 375, 934
868, 164, 314
869, 449, 970
870, 325, 377
871, 331, 463
872, 17, 21
873, 729, 797
874, 532, 664
875, 609, 665
876, 558, 794
877, 193, 309
878, 172, 960
879, 450, 632
880, 72, 386
881, 421, 904
882, 110, 973
883, 273, 506
884, 385, 750
885, 795, 954
886, 774, 792
887, 62, 822
888, 329, 422
889, 49, 283
890, 250, 865
891, 170, 516
892, 635, 952
893, 345, 691
894, 44, 932
895, 26, 372
896, 211, 290
897, 275, 940
898, 452, 713
899, 366, 514
900, 507, 796
901, 405, 547
902, 95, 880
903, 461, 530
904, 176, 785
905, 5, 702
906, 135, 839
907, 236, 641
908, 826, 840
909, 470, 674
910, 371, 489
911, 570, 575
912, 35, 838
913, 247, 759
914, 89, 832
915, 4, 79
916, 769, 868
917, 335, 435
918, 834, 980
919, 446, 780
920, 690, 845
921, 426, 821
922, 559, 911
923, 238, 538
924, 504, 726
925, 87, 623
926, 112, 866
927, 125, 227
928, 580, 698
929, 347, 660
930, 920, 948
931, 76, 564
932, 448, 789
933, 213, 790
934, 610, 869
935, 549, 956
936, 216, 959
937, 183, 803
938, 400, 587
939, 8, 841
940, 643, 719
941, 175, 539
942, 521, 902
943, 625, 751
944, 418, 791
945, 226, 654
946, 886, 962
947, 787, 963
948, 46, 224
949, 666, 758
950, 673, 827
951, 151, 184
952, 69, 92
953, 755, 888
954, 42, 693
955, 542, 675
956, 717, 720
957, 672, 898
958, 243, 263
959, 154, 628
960, 293, 686
961, 152, 209
962, 6, 608
963, 274, 728
964, 809, 955
965, 228, 892
966, 136, 557
967, 33, 656
968, 196, 260
969, 601, 896
970, 621, 725
971, 766, 856
972, 150, 398
973, 195, 622
974, 197, 894
975, 380, 583
976, 394, 683
977, 217, 434
978, 369, 520
979, 14, 78
980, 535, 802
981, 552, 937
982, 210, 913
983, 554, 843
984, 117, 453
985, 370, 806
986, 47, 833
987, 132, 545
988, 119, 788
989, 93, 352
990, 578, 951
991, 617, 738
992, 393, 908
993, 253, 281
994, 630, 817
995, 451, 464
996, 71, 498
997, 662, 961
998, 409, 922
999, 25, 56
1000, 177, 655
1001, 173, 389
1002, 421, 757
1003, 345, 543
1004, 311, 687
1005, 473, 993
1006, 336, 789
1007, 622, 625
1008, 382, 992
1009, 364, 913
1010, 456, 955
1011, 172, 744
1012, 141, 761
1013, 201, 403
1014, 93, 99
1015, 108, 539
1016, 251, 884
1017, 669, 812
1018, 120, 315
1019, 31, 154
1020, 140, 445
1021, 401, 874
1022, 432, 699
1023, 613, 982
1024, 218, 435
1025, 161, 807
1026, 22, 643
1027, 66, 677
1028, 375, 906
1029, 351, 991
1030, 207, 921
1031, 6, 305
1032, 796, 951
1033, 227, 526
1034, 78, 775
1035, 413, 470
1036, 112, 502
1037, 635, 962
1038, 758, 806
1039, 104, 781
1040, 102, 498
1041, 186, 349
1042, 109, 276
1043, 64, 784
1044, 182, 630
1045, 817, 947
1046, 335, 541
1047, 475, 929
1048, 545, 886
1049, 483, 863
1050, 341, 637
1051, 231, 299
1052, 209, 519
1053, 60, 181
1054, 82, 323
1055, 36, 272
1056, 255, 608
1057, 3, 217
1058, 273, 550
1059, 4, 206
1060, 334, 880
1061, 115, 254
1062, 275, 735
1063, 344, 809
1064, 324, 844
1065, 87, 279
1066, 168, 754
1067, 62, 269
1068, 855, 907
1069, 565, 778
1070, 249, 891
1071, 504, 508
1072, 306, 499
1073, 248, 408
1074, 327, 915
1075, 434, 664
1076, 35, 805
1077, 553, 950
1078, 513, 795
1079, 47, 926
1080, 25, 232
1081, 363, 684
1082, 174, 256
1083, 333, 547
1084, 505, 718
1085, 779, 939
1086, 441, 895
1087, 53, 834
1088, 234, 353
1089, 83, 572
1090, 198, 900
1091, 14, 400
1092, 302, 994
1093, 84, 838
1094, 210, 620
1095, 793, 870
1096, 633, 720
1097, 15, 979
1098, 738, 871
1099, 590, 969
1100, 766, 849
1101, 277, 877
1102, 438, 949
1103, 258, 785
1104, 215, 820
1105, 24, 371
1106, 449, 661
1107, 714, 819
1108, 261, 668
1109, 503, 626
1110, 293, 343
1111, 702, 973
1112, 113, 816
1113, 2, 507
1114, 759, 764
1115, 97, 294
1116, 645, 927
1117, 301, 417
1118, 135, 291
1119, 110, 151
1120, 716, 974
1121, 119, 219
1122, 13, 187
1123, 424, 958
1124, 250, 970
1125, 81, 192
1126, 436, 479
1127, 918, 953
1128, 737, 799
1129, 138, 876
1130, 794, 894
1131, 491, 497
1132, 328, 686
1133, 285, 711
1134, 75, 995
1135, 176, 307
1136, 300, 611
1137, 65, 225
1138, 73, 452
1139, 131, 603
1140, 890, 965
1141, 237, 933
1142, 575, 676
1143, 534, 544
1144, 233, 304
1145, 745, 774
1146, 433, 520
1147, 374, 646
1148, 132, 585
1149, 489, 722
1150, 562, 697
1151, 308, 655
1152, 203, 736
1153, 391, 821
1154, 80, 350
1155, 118, 782
1156, 355, 917
1157, 212, 670
1158, 659, 862
1159, 501, 619
1160, 557, 605
1161, 614, 751
1162, 551, 609
1163, 105, 731
1164, 379, 380
1165, 58, 79
1166, 567, 841
1167, 517, 529
1168, 464, 542
1169, 195, 811
1170, 46, 469
1171, 185, 943
1172, 710, 839
1173, 339, 440
1174, 703, 966
1175, 286, 556
1176, 909, 942
1177, 263, 482
1178, 653, 708
1179, 178, 230
1180, 12, 264
1181, 577, 920
1182, 730, 893
1183, 48, 221
1184, 267, 461
1185, 129, 253
1186, 190, 713
1187, 270, 581
1188, 366, 905
1189, 753, 840
1190, 360, 695
1191, 348, 481
1192, 594, 748
1193, 615, 783
1194, 134, 480
1195, 467, 558
1196, 427, 604
1197, 931, 984
1198, 111, 856
1199, 19, 640
1200, 5, 750
1201, 678, 780
1202, 683, 803
1203, 156, 527
1204, 7, 193
1205, 56, 825
1206, 314, 414
1207, 346, 516
1208, 11, 549
1209, 148, 240
1210, 96, 600
1211, 317, 954
1212, 639, 824
1213, 29, 515
1214, 462, 827
1215, 760, 818
1216, 144, 739
1217, 415, 810
1218, 393, 662
1219, 318, 671
1220, 133, 983
1221, 160, 546
1222, 607, 616
1223, 21, 583
1224, 488, 741
1225, 17, 576
1226, 381, 681
1227, 223, 361
1228, 90, 887
1229, 16, 303
1230, 588, 846
1231, 69, 458
1232, 166, 420
1233, 177, 685
1234, 407, 455
1235, 494, 656
1236, 95, 100
1237, 26, 597
1238, 552, 919
1239, 466, 823
1240, 484, 742
1241, 290, 665
1242, 196, 959
1243, 447, 495
1244, 660, 786
1245, 338, 356
1246, 63, 506
1247, 243, 767
1248, 642, 762
1249, 330, 390
1250, 885, 930
1251, 296, 967
1252, 682, 814
1253, 901, 977
1254, 98, 858
1255, 370, 496
1256, 617, 923
1257, 42, 691
1258, 20, 831
1259, 235, 624
1260, 202, 274
1261, 150, 719
1262, 755, 964
1263, 426, 693
1264, 372, 398
1265, 266, 733
1266, 88, 749
1267, 27, 402
1268, 957, 978
1269, 222, 798
1270, 316, 857
1271, 430, 457
1272, 43, 171
1273, 460, 1000
1274, 570, 826
1275, 459, 465
1276, 763, 999
1277, 61, 998
1278, 236, 531
1279, 848, 851
1280, 72, 922
1281, 226, 847
1282, 373, 866
1283, 170, 598
1284, 136, 946
1285, 404, 987
1286, 698, 833
1287, 631, 663
1288, 220, 376
1289, 106, 612
1290, 162, 910
1291, 309, 621
1292, 45, 224
1293, 244, 632
1294, 37, 89
1295, 387, 883
1296, 773, 960
1297, 634, 692
1298, 204, 392
1299, 288, 514
1300, 289, 729
1301, 627, 936
1302, 40, 326
1303, 358, 451
1304, 32, 898
1305, 412, 902
1306, 359, 416
1307, 493, 726
1308, 117, 524
1309, 211, 647
1310, 490, 568
1311, 554, 829
1312, 679, 791
1313, 242, 859
1314, 790, 897
1315, 103, 657
1316, 410, 989
1317, 229, 280
1318, 44, 596
1319, 472, 666
1320, 385, 865
1321, 292, 396
1322, 538, 956
1323, 511, 990
1324, 71, 260
1325, 8, 282
1326, 399, 932
1327, 158, 952
1328, 241, 650
1329, 342, 808
1330, 10, 245
1331, 92, 842
1332, 727, 963
1333, 802, 892
1334, 101, 724
1335, 183, 618
1336, 197, 689
1337, 629, 916
1338, 329, 586
1339, 86, 673
1340, 446, 935
1341, 378, 740
1342, 732, 787
1343, 651, 938
1344, 51, 830
1345, 331, 850
1346, 38, 976
1347, 278, 312
1348, 39, 137
1349, 843, 944
1350, 85, 934
1351, 146, 395
1352, 165, 406
1353, 252, 454
1354, 357, 595
1355, 147, 521
1356, 394, 444
1357, 509, 813
1358, 122, 265
1359, 33, 548
1360, 284, 589
1361, 139, 996
1362, 476, 765
1363, 644, 709
1364, 143, 388
1365, 888, 972
1366, 152, 941
1367, 1, 636
1368, 67, 411
1369, 188, 638
1370, 367, 705
1371, 530, 832
1372, 127, 860
1373, 523, 864
1374, 578, 680
1375, 238, 325
1376, 835, 914
1377, 623, 658
1378, 200, 428
1379, 54, 540
1380, 522, 940
1381, 377, 431
1382, 592, 610
1383, 397, 852
1384, 418, 717
1385, 429, 468
1386, 320, 648
1387, 283, 448
1388, 259, 487
1389, 368, 601
1390, 321, 354
1391, 130, 723
1392, 164, 768
1393, 674, 985
1394, 928, 945
1395, 180, 442
1396, 298, 437
1397, 94, 114
1398, 566, 649
1399, 471, 961
1400, 228, 675
1401, 208, 535
1402, 59, 872
1403, 257, 564
1404, 478, 861
1405, 9, 771
1406, 419, 899
1407, 18, 792
1408, 384, 584
1409, 423, 904
1410, 77, 582
1411, 352, 528
1412, 199, 383
1413, 337, 770
1414, 28, 512
1415, 492, 571
1416, 580, 924
1417, 30, 971
1418, 74, 287
1419, 474, 500
1420, 125, 903
1421, 319, 463
1422, 769, 896
1423, 310, 912
1424, 184, 652
1425, 76, 297
1426, 191, 879
1427, 728, 822
1428, 867, 908
1429, 247, 868
1430, 153, 700
1431, 295, 878
1432, 216, 533
1433, 268, 788
1434, 532, 536
1435, 124, 167
1436, 559, 628
1437, 145, 743
1438, 602, 704
1439, 599, 747
1440, 672, 837
1441, 142, 246
1442, 712, 752
1443, 696, 997
1444, 91, 801
1445, 121, 281
1446, 322, 845
1447, 560, 873
1448, 214, 911
1449, 157, 175
1450, 772, 777
1451, 369, 579
1452, 50, 155
1453, 23, 593
1454, 163, 510
1455, 128, 313
1456, 477, 701
1457, 450, 776
1458, 362, 975
1459, 149, 347
1460, 49, 107
1461, 706, 869
1462, 518, 800
1463, 422, 980
1464, 262, 725
1465, 425, 486
1466, 70, 587
1467, 409, 968
1468, 690, 889
1469, 55, 123
1470, 179, 271
1471, 189, 205
1472, 41, 694
1473, 340, 882
1474, 443, 836
1475, 365, 988
1476, 797, 925
1477, 439, 485
1478, 68, 937
1479, 126, 453
1480, 239, 555
1481, 34, 561
1482, 159, 715
1483, 688, 756
1484, 537, 881
1485, 563, 853
1486, 116, 746
1487, 591, 804
1488, 667, 828
1489, 57, 194
1490, 169, 654
1491, 332, 707
1492, 573, 574
1493, 52, 525
1494, 875, 981
1495, 606, 986
1496, 405, 815
1497, 641, 948
1498, 386, 721
1499, 569, 734
1500, 213, 854
1501, 175, 699
1502, 137, 337
1503, 90, 326
1504, 459, 555
1505, 455, 896
1506, 85, 929
1507, 8, 861
1508, 449, 776
1509, 225, 478
1510, 68, 565
1511, 636, 849
1512, 118, 394
1513, 367, 374
1514, 171, 781
1515, 720, 729
1516, 610, 688
1517, 102, 278
1518, 595, 686
1519, 178, 671
1520, 322, 700
1521, 440, 741
1522, 84, 358
1523, 45, 270
1524, 60, 907
1525, 20, 934
1526, 365, 441
1527, 236, 554
1528, 40, 618
1529, 560, 879
1530, 168, 346
1531, 683, 989
1532, 121, 142
1533, 176, 969
1534, 371, 728
1535, 676, 815
1536, 157, 858
1537, 532, 923
1538, 312, 933
1539, 467, 912
1540, 575, 887
1541, 431, 913
1542, 64, 416
1543, 417, 840
1544, 480, 754
1545, 276, 380
1546, 78, 742
1547, 430, 823
1548, 743, 956
1549, 464, 476
1550, 397, 562
1551, 454, 537
1552, 325, 973
1553, 138, 680
1554, 314, 320
1555, 318, 660
1556, 339, 474
1557, 498, 759
1558, 386, 515
1559, 404, 850
1560, 51, 91
1561, 502, 526
1562, 376, 534
1563, 21, 159
1564, 579, 626
1565, 37, 226
1566, 311, 782
1567, 611, 974
1568, 104, 488
1569, 500, 854
1570, 69, 360
1571, 41, 821
1572, 313, 980
1573, 348, 984
1574, 86, 188
1575, 816, 824
1576, 165, 690
1577, 87, 187
1578, 827, 936
1579, 506, 865
1580, 292, 429
1581, 98, 345
1582, 748, 862
1583, 883, 979
1584, 191, 952
1585, 385, 872
1586, 568, 874
1587, 174, 666
1588, 72, 250
1589, 492, 749
1590, 289, 768
1591, 22, 841
1592, 123, 133
1593, 146, 234
1594, 717, 789
1595, 739, 790
1596, 408, 744
1597, 100, 277
1598, 59, 222
1599, 73, 797
1600, 70, 877
1601, 330, 721
1602, 111, 898
1603, 383, 470
1604, 501, 945
1605, 354, 946
1606, 538, 649
1607, 33, 484
1608, 847, 983
1609, 290, 763
1610, 61, 591
1611, 83, 852
1612, 624, 904
1613, 195, 504
1614, 185, 450
1615, 520, 713
1616, 53, 655
1617, 615, 892
1618, 172, 901
1619, 275, 332
1620, 35, 971
1621, 308, 924
1622, 263, 609
1623, 384, 677
1624, 81, 633
1625, 604, 882
1626, 812, 937
1627, 389, 458
1628, 258, 921
1629, 177, 832
1630, 169, 224
1631, 696, 878
1632, 179, 283
1633, 433, 791
1634, 248, 678
1635, 112, 208
1636, 257, 410
1637, 639, 760
1638, 189, 207
1639, 752, 806
1640, 787, 856
1641, 199, 965
1642, 418, 796
1643, 124, 143
1644, 881, 939
1645, 237, 542
1646, 704, 954
1647, 221, 353
1648, 422, 550
1649, 158, 198
1650, 4, 466
1651, 302, 727
1652, 758, 822
1653, 130, 359
1654, 378, 988
1655, 574, 986
1656, 17, 994
1657, 602, 756
1658, 252, 903
1659, 253, 379
1660, 910, 927
1661, 521, 607
1662, 461, 851
1663, 152, 205
1664, 223, 390
1665, 540, 779
1666, 132, 239
1667, 866, 987
1668, 291, 693
1669, 75, 333
1670, 79, 738
1671, 6, 692
1672, 244, 265
1673, 259, 471
1674, 767, 876
1675, 305, 762
1676, 93, 184
1677, 260, 273
1678, 659, 712
1679, 908, 944
1680, 443, 999
1681, 127, 859
1682, 295, 673
1683, 139, 286
1684, 640, 990
1685, 629, 708
1686, 268, 598
1687, 150, 702
1688, 97, 563
1689, 519, 793
1690, 181, 442
1691, 614, 674
1692, 9, 736
1693, 323, 336
1694, 316, 953
1695, 541, 834
1696, 664, 695
1697, 26, 128
1698, 232, 509
1699, 838, 864
1700, 89, 855
1701, 886, 915
1702, 800, 891
1703, 732, 889
1704, 23, 428
1705, 349, 943
1706, 14, 571
1707, 294, 848
1708, 446, 477
1709, 27, 681
1710, 80, 786
1711, 218, 381
1712, 106, 968
1713, 518, 764
1714, 338, 809
1715, 553, 573
1716, 350, 977
1717, 67, 135
1718, 605, 656
1719, 274, 734
1720, 228, 648
1721, 238, 588
1722, 249, 784
1723, 557, 658
1724, 183, 419
1725, 182, 201
1726, 496, 566
1727, 487, 795
1728, 220, 616
1729, 108, 725
1730, 30, 486
1731, 324, 880
1732, 909, 922
1733, 254, 405
1734, 301, 860
1735, 109, 706
1736, 219, 448
1737, 74, 293
1738, 770, 900
1739, 210, 432
1740, 628, 975
1741, 48, 136
1742, 662, 805
1743, 375, 810
1744, 58, 828
1745, 76, 505
1746, 400, 775
1747, 38, 65
1748, 368, 552
1749, 96, 472
1750, 395, 490
1751, 460, 978
1752, 190, 967
1753, 54, 281
1754, 867, 962
1755, 32, 125
1756, 192, 297
1757, 170, 654
1758, 327, 705
1759, 391, 868
1760, 412, 985
1761, 434, 788
1762, 444, 499
1763, 630, 747
1764, 56, 321
1765, 105, 235
1766, 317, 409
1767, 160, 483
1768, 12, 303
1769, 256, 411
1770, 701, 733
1771, 473, 895
1772, 388, 917
1773, 551, 981
1774, 149, 377
1775, 11, 587
1776, 271, 447
1777, 396, 995
1778, 166, 715
1779, 351, 890
1780, 342, 820
1781, 601, 606
1782, 310, 753
1783, 246, 652
1784, 370, 548
1785, 77, 203
1786, 364, 435
1787, 382, 1000
1788, 785, 899
1789, 36, 497
1790, 2, 516
1791, 141, 646
1792, 267, 559
1793, 134, 697
1794, 251, 567
1795, 319, 996
1796, 451, 663
1797, 47, 463
1798, 227, 535
1799, 153, 647
1800, 131, 262
1801, 352, 392
1802, 335, 619
1803, 558, 651
1804, 531, 569
1805, 173, 794
1806, 245, 546
1807, 343, 362
1808, 161, 718
1809, 43, 689
1810, 230, 918
1811, 589, 991
1812, 479, 594
1813, 669, 839
1814, 556, 853
1815, 623, 698
1816, 18, 424
1817, 95, 457
1818, 469, 612
1819, 475, 637
1820, 331, 529
1821, 682, 780
1822, 329, 792
1823, 307, 950
1824, 366, 485
1825, 272, 885
1826, 193, 406
1827, 836, 926
1828, 309, 369
1829, 122, 240
1830, 694, 931
1831, 631, 685
1832, 539, 897
1833, 584, 761
1834, 46, 771
1835, 280, 940
1836, 577, 608
1837, 344, 617
1838, 508, 825
1839, 114, 641
1840, 399, 765
1841, 162, 731
1842, 387, 393
1843, 214, 737
1844, 596, 959
1845, 44, 916
1846, 481, 826
1847, 445, 819
1848, 491, 638
1849, 818, 993
1850, 63, 905
1851, 113, 672
1852, 468, 833
1853, 284, 830
1854, 287, 644
1855, 783, 955
1856, 372, 808
1857, 247, 511
1858, 211, 328
1859, 493, 920
1860, 427, 925
1861, 62, 801
1862, 814, 911
1863, 585, 657
1864, 745, 757
1865, 92, 507
1866, 269, 997
1867, 613, 740
1868, 356, 425
1869, 679, 817
1870, 845, 949
1871, 194, 902
1872, 436, 735
1873, 462, 580
1874, 837, 919
1875, 204, 802
1876, 242, 798
1877, 465, 976
1878, 140, 576
1879, 57, 340
1880, 306, 804
1881, 156, 522
1882, 233, 572
1883, 49, 437
1884, 547, 947
1885, 723, 970
1886, 217, 524
1887, 373, 523
1888, 634, 873
1889, 13, 363
1890, 426, 982
1891, 299, 415
1892, 154, 964
1893, 420, 643
1894, 99, 869
1895, 39, 831
1896, 82, 703
1897, 665, 750
1898, 164, 414
1899, 55, 264
1900, 875, 906
1901, 453, 495
1902, 7, 512
1903, 334, 603
1904, 129, 935
1905, 213, 642
1906, 144, 549
1907, 52, 661
1908, 413, 811
1909, 3, 799
1910, 229, 871
1911, 578, 948
1912, 545, 835
1913, 200, 857
1914, 282, 894
1915, 212, 421
1916, 243, 582
1917, 29, 888
1918, 261, 439
1919, 438, 564
1920, 730, 842
1921, 16, 992
1922, 597, 772
1923, 34, 456
1924, 24, 101
1925, 50, 197
1926, 691, 726
1927, 592, 653
1928, 773, 963
1929, 403, 527
1930, 186, 829
1931, 155, 769
1932, 151, 341
1933, 766, 846
1934, 231, 709
1935, 599, 645
1936, 304, 928
1937, 315, 635
1938, 167, 600
1939, 117, 514
1940, 347, 707
1941, 5, 583
1942, 163, 196
1943, 255, 494
1944, 298, 620
1945, 107, 621
1946, 452, 581
1947, 66, 724
1948, 570, 972
1949, 19, 94
1950, 503, 957
1951, 215, 932
1952, 28, 675
1953, 180, 622
1954, 528, 914
1955, 300, 517
1956, 958, 998
1957, 296, 751
1958, 115, 778
1959, 126, 266
1960, 593, 951
1961, 361, 942
1962, 71, 803
1963, 650, 714
1964, 1, 844
1965, 423, 722
1966, 716, 960
1967, 116, 145
1968, 357, 966
1969, 120, 407
1970, 774, 863
1971, 119, 202
1972, 536, 807
1973, 147, 938
1974, 10, 241
1975, 31, 710
1976, 285, 930
1977, 482, 561
1978, 398, 513
1979, 103, 533
1980, 543, 687
1981, 813, 961
1982, 402, 719
1983, 632, 711
1984, 209, 625
1985, 15, 525
1986, 746, 941
1987, 279, 355
1988, 590, 843
1989, 206, 544
1990, 489, 755
1991, 25, 870
1992, 530, 627
1993, 42, 401
1994, 110, 893
1995, 684, 884
1996, 88, 510
1997, 586, 777
1998, 216, 668
1999, 667, 670
2000, 148, 288
2001, 978, 996
2002, 434, 857
2003, 834, 943
2004, 227, 959
2005, 259, 443
2006, 533, 671
2007, 225, 733
2008, 297, 585
2009, 165, 741
2010, 232, 327
2011, 124, 935
2012, 341, 813
2013, 69, 931
2014, 173, 404
2015, 462, 648
2016, 528, 847
2017, 87, 984
2018, 113, 211
2019, 451, 481
2020, 962, 992
2021, 437, 864
2022, 416, 514
2023, 189, 587
2024, 158, 806
2025, 100, 351
2026, 506, 634
2027, 252, 695
2028, 492, 876
2029, 550, 948
2030, 425, 568
2031, 239, 628
2032, 486, 490
2033, 446, 525
2034, 274, 735
2035, 149, 815
2036, 607, 647
2037, 559, 703
2038, 220, 894
2039, 151, 258
2040, 130, 536
2041, 770, 916
2042, 535, 824
2043, 388, 526
2044, 760, 878
2045, 922, 972
2046, 77, 600
2047, 115, 842
2048, 601, 963
2049, 247, 795
2050, 350, 879
2051, 18, 269
2052, 8, 99
2053, 141, 171
2054, 447, 787
2055, 544, 854
2056, 190, 249
2057, 253, 370
2058, 255, 720
2059, 299, 986
2060, 78, 127
2061, 910, 970
2062, 480, 896
2063, 809, 825
2064, 522, 832
2065, 41, 139
2066, 415, 460
2067, 163, 438
2068, 223, 534
2069, 250, 860
2070, 21, 547
2071, 213, 893
2072, 604, 612
2073, 532, 1000
2074, 511, 699
2075, 319, 890
2076, 397, 980
2077, 58, 195
2078, 324, 384
2079, 309, 881
2080, 217, 266
2081, 396, 818
2082, 71, 79
2083, 613, 730
2084, 313, 880
2085, 184, 865
2086, 25, 501
2087, 170, 419
2088, 722, 868
2089, 316, 422
2090, 162, 646
2091, 93, 472
2092, 121, 339
2093, 471, 934
2094, 690, 923
2095, 649, 895
2096, 109, 152
2097, 19, 424
2098, 199, 291
2099, 193, 827
2100, 11, 243
2101, 290, 398
2102, 172, 620
2103, 198, 925
2104, 427, 981
2105, 383, 771
2106, 105, 913
2107, 531, 652
2108, 345, 524
2109, 385, 914
2110, 325, 988
2111, 712, 872
2112, 318, 484
2113, 454, 951
2114, 661, 932
2115, 570, 841
2116, 549, 745
2117, 24, 985
2118, 710, 761
2119, 270, 669
2120, 167, 283
2121, 196, 973
2122, 349, 891
2123, 257, 740
2124, 347, 631
2125, 555, 999
2126, 790, 911
2127, 521, 684
2128, 89, 102
2129, 477, 576
2130, 461, 551
2131, 579, 801
2132, 215, 774
2133, 606, 697
2134, 329, 598
2135, 23, 86
2136, 441, 702
2137, 116, 157
2138, 846, 946
2139, 126, 505
2140, 237, 475
2141, 204, 563
2142, 125, 305
2143, 558, 947
2144, 529, 589
2145, 773, 833
2146, 314, 618
2147, 263, 621
2148, 300, 798
2149, 229, 754
2150, 711, 719
2151, 161, 275
2152, 361, 769
2153, 219, 246
2154, 178, 692
2155, 251, 386
2156, 755, 800
2157, 75, 107
2158, 136, 372
2159, 778, 915
2160, 470, 903
2161, 228, 308
2162, 62, 212
2163, 293, 467
2164, 596, 683
2165, 45, 336
2166, 862, 933
2167, 191, 995
2168, 590, 957
2169, 81, 591
2170, 128, 768
2171, 368, 701
2172, 448, 633
2173, 287, 707
2174, 182, 364
2175, 912, 966
2176, 108, 786
2177, 478, 622
2178, 188, 358
2179, 222, 344
2180, 281, 838
2181, 342, 822
2182, 359, 826
2183, 278, 381
2184, 88, 279
2185, 150, 411
2186, 653, 909
2187, 156, 206
2188, 687, 743
2189, 393, 564
2190, 235, 779
2191, 725, 753
2192, 332, 545
2193, 277, 723
2194, 747, 917
2195, 9, 445
2196, 410, 817
2197, 365, 898
2198, 202, 958
2199, 111, 543
2200, 143, 539
2201, 183, 742
2202, 457, 861
2203, 452, 990
2204, 16, 929
2205, 145, 315
2206, 617, 640
2207, 307, 886
2208, 583, 664
2209, 2, 799
2210, 302, 380
2211, 473, 482
2212, 82, 965
2213, 92, 95
2214, 641, 651
2215, 72, 374
2216, 5, 296
2217, 214, 945
2218, 49, 954
2219, 267, 578
2220, 94, 395
2221, 254, 355
2222, 153, 402
2223, 261, 487
2224, 311, 625
2225, 67, 700
2226, 110, 144
2227, 285, 899
2228, 134, 510
2229, 185, 346
2230, 432, 499
2231, 562, 749
2232, 352, 952
2233, 42, 677
2234, 35, 317
2235, 418, 783
2236, 56, 581
2237, 14, 851
2238, 120, 175
2239, 657, 658
2240, 13, 73
2241, 663, 758
2242, 605, 820
2243, 503, 793
2244, 637, 794
2245, 68, 439
2246, 565, 843
2247, 665, 930
2248, 414, 423
2249, 366, 642
2250, 540, 738
2251, 756, 960
2252, 98, 509
2253, 4, 207
2254, 413, 491
2255, 343, 611
2256, 181, 772
2257, 512, 850
2258, 201, 479
2259, 192, 498
2260, 379, 465
2261, 408, 883
2262, 597, 639
2263, 356, 844
2264, 147, 273
2265, 331, 428
2266, 280, 670
2267, 444, 476
2268, 713, 831
2269, 729, 791
2270, 6, 400
2271, 541, 874
2272, 853, 949
2273, 30, 101
2274, 392, 975
2275, 513, 552
2276, 203, 869
2277, 148, 210
2278, 685, 901
2279, 55, 727
2280, 119, 724
2281, 260, 938
2282, 154, 976
2283, 357, 421
2284, 458, 696
2285, 483, 785
2286, 32, 376
2287, 310, 429
2288, 104, 870
2289, 360, 855
2290, 781, 939
2291, 333, 530
2292, 464, 635
2293, 382, 751
2294, 36, 436
2295, 142, 623
2296, 242, 991
2297, 63, 752
2298, 902, 953
2299, 47, 265
2300, 118, 776
2301, 38, 238
2302, 417, 468
2303, 231, 401
2304, 70, 675
2305, 54, 936
2306, 474, 736
2307, 369, 956
2308, 362, 367
2309, 804, 875
2310, 556, 856
2311, 378, 571
2312, 323, 373
2313, 407, 599
2314, 466, 982
2315, 3, 732
2316, 168, 987
2317, 33, 921
2318, 122, 763
2319, 572, 873
2320, 166, 494
2321, 282, 867
2322, 117, 560
2323, 459, 632
2324, 577, 750
2325, 493, 518
2326, 619, 974
2327, 37, 789
2328, 431, 698
2329, 208, 603
2330, 717, 920
2331, 186, 406
2332, 497, 569
2333, 609, 737
2334, 455, 792
2335, 709, 830
2336, 248, 538
2337, 272, 840
2338, 83, 508
2339, 335, 629
2340, 782, 977
2341, 155, 527
2342, 734, 983
2343, 27, 59
2344, 630, 718
2345, 567, 889
2346, 502, 689
2347, 20, 50
2348, 90, 588
2349, 169, 900
2350, 135, 399
2351, 31, 678
2352, 177, 764
2353, 882, 942
2354, 814, 836
2355, 519, 887
2356, 133, 391
2357, 693, 823
2358, 43, 271
2359, 216, 888
2360, 22, 575
2361, 51, 312
2362, 495, 919
2363, 61, 433
2364, 303, 784
2365, 330, 780
2366, 615, 940
2367, 276, 998
2368, 691, 993
2369, 137, 546
2370, 164, 537
2371, 48, 662
2372, 194, 904
2373, 586, 797
2374, 507, 967
2375, 85, 542
2376, 489, 908
2377, 435, 968
2378, 64, 301
2379, 29, 221
2380, 28, 561
2381, 240, 918
2382, 610, 788
2383, 694, 775
2384, 187, 802
2385, 580, 937
2386, 440, 674
2387, 704, 705
2388, 453, 523
2389, 805, 810
2390, 123, 520
2391, 394, 668
2392, 76, 667
2393, 224, 744
2394, 236, 997
2395, 706, 849
2396, 26, 264
2397, 262, 681
2398, 420, 426
2399, 44, 463
2400, 15, 241
2401, 650, 837
2402, 46, 971
2403, 60, 573
2404, 218, 811
2405, 708, 979
2406, 594, 655
2407, 140, 340
2408, 338, 816
2409, 337, 686
2410, 180, 200
2411, 796, 941
2412, 106, 614
2413, 592, 964
2414, 517, 821
2415, 7, 34
2416, 230, 245
2417, 234, 645
2418, 322, 554
2419, 129, 409
2420, 233, 643
2421, 456, 672
2422, 739, 835
2423, 209, 584
2424, 138, 159
2425, 57, 74
2426, 53, 759
2427, 812, 928
2428, 179, 680
2429, 131, 777
2430, 286, 450
2431, 469, 644
2432, 348, 950
2433, 721, 866
2434, 845, 907
2435, 146, 716
2436, 387, 728
2437, 176, 748
2438, 1, 553
2439, 676, 807
2440, 244, 863
2441, 485, 515
2442, 574, 767
2443, 295, 885
2444, 602, 757
2445, 666, 839
2446, 403, 969
2447, 334, 803
2448, 40, 405
2449, 389, 961
2450, 288, 627
2451, 97, 292
2452, 682, 989
2453, 84, 616
2454, 354, 582
2455, 17, 298
2456, 377, 884
2457, 91, 112
2458, 504, 892
2459, 284, 829
2460, 624, 852
2461, 566, 679
2462, 636, 766
2463, 326, 726
2464, 66, 132
2465, 353, 430
2466, 65, 871
2467, 442, 924
2468, 289, 375
2469, 321, 654
2470, 103, 859
2471, 488, 955
2472, 557, 746
2473, 306, 371
2474, 52, 449
2475, 656, 848
2476, 412, 762
2477, 114, 226
2478, 174, 626
2479, 660, 731
2480, 160, 294
2481, 320, 828
2482, 390, 819
2483, 10, 593
2484, 328, 858
2485, 496, 608
2486, 304, 595
2487, 548, 926
2488, 12, 994
2489, 96, 715
2490, 877, 944
2491, 80, 205
2492, 516, 688
2493, 39, 808
2494, 256, 500
2495, 638, 906
2496, 897, 905
2497, 659, 765
2498, 197, 714
2499, 673, 927
2500, 268, 363
2501, 417, 866
2502, 47, 868
2503, 114, 867
2504, 430, 888
2505, 235, 974
2506, 21, 143
2507, 460, 961
2508, 423, 617
2509, 164, 584
2510, 157, 672
2511, 324, 337
2512, 305, 316
2513, 442, 862
2514, 89, 765
2515, 249, 306
2516, 159, 260
2517, 116, 849
2518, 521, 766
2519, 445, 474
2520, 358, 802
2521, 603, 810
2522, 46, 774
2523, 595, 816
2524, 700, 846
2525, 53, 115
2526, 292, 575
2527, 321, 428
2528, 350, 501
2529, 624, 940
2530, 295, 544
2531, 384, 853
2532, 579, 793
2533, 76, 838
2534, 692, 965
2535, 308, 566
2536, 205, 844
2537, 382, 821
2538, 685, 749
2539, 328, 840
2540, 110, 631
2541, 597, 805
2542, 804, 935
2543, 123, 635
2544, 329, 707
2545, 304, 636
2546, 446, 512
2547, 338, 615
2548, 609, 951
2549, 136, 889
2550, 29, 633
2551, 265, 557
2552, 374, 818
2553, 637, 865
2554, 472, 880
2555, 108, 119
2556, 488, 533
2557, 362, 387
2558, 122, 960
2559, 153, 629
2560, 671, 699
2561, 246, 274
2562, 333, 347
2563, 359, 505
2564, 58, 175
2565, 59, 352
2566, 465, 875
2567, 370, 561
2568, 182, 806
2569, 250, 456
2570, 133, 285
2571, 12, 96
2572, 15, 31
2573, 198, 927
2574, 120, 189
2575, 582, 605
2576, 104, 827
2577, 163, 402
2578, 33, 573
2579, 78, 795
2580, 727, 778
2581, 97, 227
2582, 318, 334
2583, 70, 829
2584, 38, 731
2585, 394, 647
2586, 220, 528
2587, 323, 563
2588, 184, 278
2589, 494, 540
2590, 929, 975
2591, 142, 757
2592, 380, 477
2593, 223, 296
2594, 93, 918
2595, 314, 509
2596, 669, 792
2597, 684, 813
2598, 196, 201
2599, 744, 916
2600, 49, 606
2601, 248, 907
2602, 419, 453
2603, 748, 796
2604, 45, 859
2605, 147, 614
2606, 691, 734
2607, 571, 644
2608, 593, 982
2609, 383, 903
2610, 85, 588
2611, 581, 756
2612, 414, 938
2613, 410, 850
2614, 622, 864
2615, 458, 873
2616, 269, 832
2617, 91, 786
2618, 725, 739
2619, 564, 789
2620, 290, 689
2621, 904, 911
2622, 426, 555
2623, 548, 741
2624, 193, 801
2625, 36, 190
2626, 112, 634
2627, 233, 788
2628, 365, 424
2629, 103, 336
2630, 208, 341
2631, 322, 397
2632, 264, 539
2633, 23, 155
2634, 57, 592
2635, 366, 452
2636, 55, 619
2637, 188, 554
2638, 150, 218
2639, 377, 551
2640, 11, 809
2641, 259, 695
2642, 8, 948
2643, 625, 696
2644, 239, 646
2645, 399, 620
2646, 229, 434
2647, 552, 999
2648, 368, 375
2649, 216, 525
2650, 243, 319
2651, 172, 363
2652, 968, 981
2653, 803, 955
2654, 271, 381
2655, 162, 746
2656, 683, 990
2657, 84, 822
2658, 580, 772
2659, 230, 773
2660, 325, 400
2661, 524, 714
2662, 67, 134
2663, 408, 848
2664, 66, 877
2665, 301, 507
2666, 720, 736
2667, 160, 639
2668, 479, 839
2669, 480, 906
2670, 90, 139
2671, 932, 986
2672, 463, 677
2673, 286, 369
2674, 26, 586
2675, 192, 527
2676, 73, 156
2677, 920, 943
2678, 203, 775
2679, 398, 653
2680, 186, 439
2681, 256, 820
2682, 146, 599
2683, 125, 181
2684, 568, 843
2685, 268, 576
2686, 388, 890
2687, 105, 135
2688, 648, 747
2689, 212, 476
2690, 152, 988
2691, 173, 356
2692, 506, 815
2693, 522, 536
2694, 511, 854
2695, 678, 857
2696, 945, 977
2697, 170, 367
2698, 107, 730
2699, 303, 490
2700, 589, 946
2701, 213, 779
2702, 293, 934
2703, 705, 733
2704, 450, 953
2705, 590, 701
2706, 20, 950
2707, 272, 541
2708, 253, 487
2709, 499, 519
2710, 698, 881
2711, 371, 713
2712, 206, 406
2713, 395, 587
2714, 211, 726
2715, 241, 618
2716, 681, 892
2717, 100, 735
2718, 415, 572
2719, 331, 708
2720, 176, 451
2721, 435, 645
2722, 257, 998
2723, 401, 901
2724, 101, 896
2725, 219, 668
2726, 234, 372
2727, 761, 905
2728, 169, 944
2729, 252, 924
2730, 42, 673
2731, 923, 926
2732, 34, 640
2733, 41, 291
2734, 495, 514
2735, 326, 655
2736, 27, 808
2737, 682, 908
2738, 79, 348
2739, 357, 526
2740, 117, 767
2741, 273, 577
2742, 416, 993
2743, 126, 438
2744, 497, 870
2745, 391, 440
2746, 50, 535
2747, 6, 574
2748, 289, 742
2749, 567, 799
2750, 177, 887
2751, 309, 559
2752, 315, 823
2753, 520, 667
2754, 71, 489
2755, 197, 643
2756, 659, 819
2757, 165, 785
2758, 141, 939
2759, 236, 594
2760, 28, 263
2761, 721, 771
2762, 30, 405
2763, 279, 335
2764, 378, 712
2765, 4, 317
2766, 545, 910
2767, 364, 529
2768, 283, 658
2769, 137, 758
2770, 311, 547
2771, 88, 129
2772, 75, 455
2773, 13, 826
2774, 447, 763
2775, 174, 764
2776, 282, 958
2777, 457, 596
2778, 82, 800
2779, 19, 952
2780, 166, 258
2781, 106, 663
2782, 484, 798
2783, 284, 992
2784, 693, 976
2785, 187, 327
2786, 665, 979
2787, 814, 893
2788, 10, 780
2789, 467, 989
2790, 346, 716
2791, 478, 812
2792, 433, 912
2793, 666, 831
2794, 393, 464
2795, 302, 794
2796, 207, 703
2797, 569, 980
2798, 131, 925
2799, 130, 502
2800, 225, 427
2801, 909, 987
2802, 5, 99
2803, 183, 407
2804, 500, 686
2805, 824, 885
2806, 307, 481
2807, 261, 345
2808, 503, 710
2809, 238, 784
2810, 127, 842
2811, 158, 690
2812, 87, 760
2813, 267, 860
2814, 52, 817
2815, 651, 878
2816, 461, 871
2817, 80, 483
2818, 72, 313
2819, 537, 969
2820, 385, 680
2821, 755, 917
2822, 504, 583
2823, 244, 649
2824, 56, 674
2825, 39, 723
2826, 179, 963
2827, 270, 797
2828, 560, 702
2829, 354, 508
2830, 113, 719
2831, 300, 933
2832, 132, 532
2833, 738, 759
2834, 310, 611
2835, 355, 995
2836, 242, 737
2837, 215, 768
2838, 444, 470
2839, 124, 604
2840, 717, 891
2841, 623, 847
2842, 95, 386
2843, 855, 902
2844, 811, 947
2845, 217, 518
2846, 613, 852
2847, 51, 724
2848, 138, 570
2849, 7, 752
2850, 516, 740
2851, 194, 928
2852, 411, 627
2853, 471, 718
2854, 214, 418
2855, 638, 652
2856, 353, 973
2857, 549, 621
2858, 396, 515
2859, 254, 343
2860, 231, 562
2861, 276, 750
2862, 687, 836
2863, 413, 872
2864, 776, 894
2865, 556, 791
2866, 94, 167
2867, 886, 936
2868, 16, 17
2869, 994, 1000
2870, 602, 769
2871, 92, 485
2872, 421, 543
2873, 608, 984
2874, 931, 956
2875, 298, 585
2876, 202, 941
2877, 65, 431
2878, 538, 657
2879, 360, 837
2880, 332, 863
2881, 534, 770
2882, 510, 660
2883, 275, 468
2884, 3, 121
2885, 62, 830
2886, 482, 971
2887, 2, 942
2888, 232, 967
2889, 221, 493
2890, 297, 664
2891, 22, 546
2892, 342, 899
2893, 330, 751
2894, 288, 454
2895, 25, 144
2896, 98, 777
2897, 373, 565
2898, 340, 486
2899, 694, 845
2900, 436, 835
2901, 44, 200
2902, 299, 591
2903, 222, 601
2904, 915, 937
2905, 437, 787
2906, 498, 996
2907, 209, 743
2908, 68, 443
2909, 389, 598
2910, 180, 185
2911, 35, 858
2912, 61, 469
2913, 237, 459
2914, 151, 957
2915, 662, 841
2916, 102, 972
2917, 642, 676
2918, 128, 550
2919, 149, 210
2920, 199, 376
2921, 513, 991
2922, 782, 895
2923, 530, 650
2924, 320, 351
2925, 403, 473
2926, 492, 781
2927, 632, 715
2928, 168, 496
2929, 64, 245
2930, 600, 790
2931, 626, 834
2932, 553, 962
2933, 491, 898
2934, 178, 978
2935, 762, 949
2936, 425, 630
2937, 344, 607
2938, 897, 919
2939, 913, 985
2940, 81, 412
2941, 517, 970
2942, 43, 697
2943, 277, 422
2944, 226, 914
2945, 9, 191
2946, 255, 441
2947, 429, 610
2948, 74, 361
2949, 224, 287
2950, 251, 392
2951, 18, 856
2952, 558, 709
2953, 783, 883
2954, 679, 879
2955, 14, 616
2956, 420, 656
2957, 281, 448
2958, 247, 339
2959, 37, 704
2960, 745, 921
2961, 240, 466
2962, 1, 874
2963, 654, 754
2964, 40, 825
2965, 711, 876
2966, 523, 959
2967, 729, 732
2968, 432, 675
2969, 312, 833
2970, 228, 670
2971, 69, 148
2972, 83, 542
2973, 280, 954
2974, 154, 851
2975, 706, 983
2976, 32, 869
2977, 140, 861
2978, 48, 884
2979, 404, 612
2980, 475, 531
2981, 379, 628
2982, 77, 462
2983, 807, 966
2984, 161, 828
2985, 409, 930
2986, 204, 997
2987, 24, 578
2988, 266, 900
2989, 294, 753
2990, 109, 262
2991, 171, 449
2992, 63, 86
2993, 195, 964
2994, 349, 728
2995, 390, 688
2996, 641, 882
2997, 60, 661
2998, 118, 722
2999, 54, 111
3000, 145, 922
3001, 190, 346
3002, 323, 418
3003, 9, 275
3004, 88, 168
3005, 299, 319
3006, 231, 786
3007, 272, 661
3008, 142, 850
3009, 341, 382
3010, 318, 467
3011, 359, 386
3012, 46, 268
3013, 558, 848
3014, 208, 340
3015, 120, 724
3016, 718, 784
3017, 422, 494
3018, 584, 670
3019, 81, 682
3020, 219, 415
3021, 249, 489
3022, 245, 734
3023, 240, 261
3024, 303, 597
3025, 385, 389
3026, 58, 154
3027, 297, 687
3028, 355, 409
3029, 10, 260
3030, 655, 866
3031, 541, 956
3032, 28, 629
3033, 186, 391
3034, 412, 703
3035, 447, 921
3036, 97, 207
3037, 78, 192
3038, 204, 728
3039, 265, 742
3040, 473, 561
3041, 338, 954
3042, 510, 821
3043, 30, 254
3044, 241, 905
3045, 226, 253
3046, 143, 487
3047, 23, 951
3048, 549, 656
3049, 162, 792
3050, 111, 919
3051, 509, 611
3052, 72, 808
3053, 595, 754
3054, 327, 537
3055, 184, 559
3056, 775, 893
3057, 170, 564
3058, 56, 513
3059, 522, 894
3060, 287, 991
3061, 130, 367
3062, 159, 492
3063, 150, 829
3064, 106, 961
3065, 642, 872
3066, 438, 738
3067, 34, 65
3068, 474, 756
3069, 29, 483
3070, 126, 753
3071, 61, 258
3072, 859, 870
3073, 109, 846
3074, 48, 217
3075, 353, 496
3076, 178, 200
3077, 112, 612
3078, 322, 787
3079, 300, 760
3080, 95, 688
3081, 124, 416
3082, 397, 889
3083, 352, 544
3084, 163, 644
3085, 280, 576
3086, 591, 979
3087, 431, 618
3088, 116, 560
3089, 16, 194
3090, 41, 230
3091, 132, 445
3092, 22, 721
3093, 702, 912
3094, 122, 1000
3095, 933, 965
3096, 85, 967
3097, 556, 797
3098, 38, 759
3099, 123, 957
3100, 309, 562
3101, 301, 942
3102, 535, 806
3103, 437, 692
3104, 555, 995
3105, 172, 250
3106, 771, 813
3107, 243, 778
3108, 315, 441
3109, 402, 666
3110, 395, 929
3111, 557, 819
3112, 271, 727
3113, 314, 442
3114, 256, 362
3115, 331, 540
3116, 31, 32
3117, 853, 902
3118, 19, 262
3119, 574, 732
3120, 364, 851
3121, 594, 791
3122, 62, 505
3123, 189, 411
3124, 79, 182
3125, 128, 810
3126, 589, 776
3127, 520, 536
3128, 673, 847
3129, 698, 737
3130, 606, 931
3131, 259, 524
3132, 104, 596
3133, 347, 404
3134, 177, 865
3135, 121, 337
3136, 324, 757
3137, 663, 680
3138, 372, 452
3139, 659, 923
3140, 198, 936
3141, 91, 468
3142, 117, 580
3143, 68, 635
3144, 371, 664
3145, 197, 539
3146, 137, 377
3147, 290, 456
3148, 828, 917
3149, 502, 639
3150, 218, 636
3151, 110, 937
3152, 74, 712
3153, 98, 925
3154, 570, 890
3155, 21, 59
3156, 133, 812
3157, 54, 758
3158, 488, 768
3159, 621, 801
3160, 13, 284
3161, 497, 745
3162, 530, 729
3163, 634, 922
3164, 774, 935
3165, 529, 678
3166, 521, 963
3167, 282, 783
3168, 223, 927
3169, 619, 765
3170, 361, 608
3171, 387, 772
3172, 567, 660
3173, 973, 985
3174, 651, 926
3175, 432, 892
3176, 719, 788
3177, 609, 617
3178, 244, 295
3179, 36, 87
3180, 187, 500
3181, 205, 464
3182, 210, 528
3183, 365, 938
3184, 435, 484
3185, 267, 932
3186, 462, 571
3187, 749, 939
3188, 490, 585
3189, 25, 308
3190, 251, 943
3191, 766, 945
3192, 840, 950
3193, 232, 563
3194, 453, 767
3195, 789, 940
3196, 27, 478
3197, 236, 405
3198, 3, 895
3199, 125, 884
3200, 195, 913
3201, 466, 867
3202, 375, 830
3203, 42, 825
3204, 17, 820
3205, 593, 880
3206, 339, 506
3207, 66, 920
3208, 24, 451
3209, 565, 990
3210, 498, 517
3211, 199, 476
3212, 40, 270
3213, 247, 723
3214, 149, 696
3215, 457, 626
3216, 695, 972
3217, 90, 413
3218, 93, 916
3219, 345, 748
3220, 444, 914
3221, 169, 982
3222, 311, 994
3223, 906, 918
3224, 420, 461
3225, 242, 761
3226, 722, 751
3227, 237, 499
3228, 152, 623
3229, 229, 845
3230, 317, 952
3231, 610, 971
3232, 481, 553
3233, 246, 998
3234, 96, 286
3235, 831, 909
3236, 77, 793
3237, 427, 876
3238, 471, 710
3239, 325, 643
3240, 166, 700
3241, 715, 744
3242, 350, 709
3243, 336, 491
3244, 51, 964
3245, 329, 874
3246, 84, 545
3247, 443, 800
3248, 113, 332
3249, 288, 465
3250, 165, 750
3251, 174, 604
3252, 699, 764
3253, 333, 613
3254, 313, 832
3255, 224, 460
3256, 50, 841
3257, 426, 992
3258, 289, 511
3259, 179, 225
3260, 233, 988
3261, 99, 799
3262, 818, 966
3263, 80, 622
3264, 215, 516
3265, 335, 864
3266, 108, 551
3267, 283, 449
3268, 781, 807
3269, 171, 302
3270, 493, 683
3271, 216, 351
3272, 455, 705
3273, 463, 779
3274, 100, 164
3275, 380, 633
3276, 624, 871
3277, 543, 645
3278, 55, 140
3279, 512, 962
3280, 155, 470
3281, 118, 984
3282, 136, 868
3283, 39, 266
3284, 947, 970
3285, 620, 908
3286, 356, 980
3287, 839, 882
3288, 429, 844
3289, 71, 809
3290, 119, 227
3291, 201, 815
3292, 343, 855
3293, 430, 978
3294, 173, 519
3295, 472, 579
3296, 835, 959
3297, 486, 731
3298, 790, 863
3299, 534, 755
3300, 861, 969
3301, 135, 538
3302, 439, 740
3303, 891, 946
3304, 180, 679
3305, 188, 983
3306, 410, 641
3307, 398, 795
3308, 191, 887
3309, 454, 739
3310, 525, 653
3311, 228, 672
3312, 221, 989
3313, 370, 798
3314, 145, 296
3315, 20, 770
3316, 156, 320
3317, 160, 953
3318, 577, 888
3319, 436, 794
3320, 941, 958
3321, 37, 904
3322, 33, 35
3323, 674, 837
3324, 18, 479
3325, 503, 858
3326, 64, 693
3327, 102, 568
3328, 2, 115
3329, 193, 368
3330, 1, 378
3331, 127, 547
3332, 105, 944
3333, 310, 805
3334, 63, 581
3335, 45, 899
3336, 8, 203
3337, 49, 508
3338, 360, 495
3339, 546, 996
3340, 974, 986
3341, 206, 239
3342, 151, 743
3343, 306, 650
3344, 202, 720
3345, 390, 915
3346, 14, 588
3347, 406, 527
3348, 158, 381
3349, 392, 714
3350, 433, 763
3351, 291, 526
3352, 305, 716
3353, 507, 842
3354, 400, 826
3355, 348, 654
3356, 637, 689
3357, 196, 885
3358, 103, 711
3359, 403, 685
3360, 148, 632
3361, 344, 448
3362, 176, 707
3363, 304, 811
3364, 144, 704
3365, 401, 638
3366, 212, 550
3367, 75, 213
3368, 566, 669
3369, 26, 94
3370, 44, 131
3371, 396, 554
3372, 877, 883
3373, 652, 934
3374, 354, 903
3375, 11, 630
3376, 833, 897
3377, 86, 741
3378, 752, 993
3379, 278, 628
3380, 294, 955
3381, 834, 881
3382, 209, 373
3383, 383, 668
3384, 141, 257
3385, 423, 730
3386, 273, 569
3387, 167, 279
3388, 366, 928
3389, 856, 987
3390, 129, 614
3391, 316, 440
3392, 235, 780
3393, 82, 285
3394, 73, 363
3395, 161, 662
3396, 681, 736
3397, 92, 446
3398, 234, 646
3399, 417, 477
3400, 578, 677
3401, 7, 658
3402, 153, 930
3403, 485, 627
3404, 89, 725
3405, 379, 598
3406, 134, 293
3407, 857, 968
3408, 307, 459
3409, 665, 746
3410, 53, 469
3411, 458, 482
3412, 114, 782
3413, 424, 603
3414, 425, 879
3415, 838, 852
3416, 4, 849
3417, 147, 843
3418, 52, 274
3419, 878, 910
3420, 675, 827
3421, 531, 615
3422, 334, 735
3423, 70, 388
3424, 83, 248
3425, 269, 501
3426, 264, 733
3427, 15, 713
3428, 47, 999
3429, 146, 407
3430, 222, 924
3431, 139, 900
3432, 326, 640
3433, 214, 514
3434, 605, 860
3435, 523, 647
3436, 421, 542
3437, 590, 785
3438, 138, 911
3439, 648, 684
3440, 592, 708
3441, 12, 450
3442, 292, 977
3443, 43, 414
3444, 769, 960
3445, 532, 600
3446, 408, 706
3447, 575, 823
3448, 434, 836
3449, 518, 671
3450, 57, 975
3451, 76, 814
3452, 515, 817
3453, 376, 747
3454, 175, 183
3455, 625, 824
3456, 694, 796
3457, 504, 802
3458, 276, 374
3459, 572, 697
3460, 101, 602
3461, 616, 691
3462, 312, 599
3463, 862, 869
3464, 181, 804
3465, 573, 690
3466, 552, 886
3467, 107, 475
3468, 384, 394
3469, 777, 949
3470, 281, 358
3471, 238, 816
3472, 6, 533
3473, 60, 252
3474, 328, 548
3475, 263, 349
3476, 67, 277
3477, 330, 649
3478, 773, 803
3479, 428, 657
3480, 298, 419
3481, 5, 631
3482, 582, 726
3483, 342, 854
3484, 601, 976
3485, 762, 873
3486, 220, 583
3487, 587, 898
3488, 822, 901
3489, 393, 667
3490, 185, 480
3491, 157, 686
3492, 69, 586
3493, 607, 907
3494, 369, 948
3495, 399, 981
3496, 357, 896
3497, 676, 701
3498, 255, 717
3499, 875, 997
3500, 211, 321
3501, 317, 386
3502, 475, 572
3503, 668, 803
3504, 965, 966
3505, 759, 869
3506, 153, 380
3507, 228, 248
3508, 334, 690
3509, 292, 636
3510, 244, 755
3511, 8, 452
3512, 131, 266
3513, 394, 800
3514, 40, 216
3515, 352, 710
3516, 582, 602
3517, 287, 981
3518, 379, 934
3519, 178, 912
3520, 747, 999
3521, 174, 417
3522, 364, 609
3523, 940, 980
3524, 23, 478
3525, 25, 245
3526, 392, 771
3527, 434, 518
3528, 6, 383
3529, 873, 897
3530, 37, 327
3531, 146, 541
3532, 395, 657
3533, 2, 429
3534, 104, 185
3535, 286, 886
3536, 242, 564
3537, 469, 975
3538, 21, 371
3539, 621, 660
3540, 402, 978
3541, 405, 917
3542, 226, 998
3543, 315, 736
3544, 267, 639
3545, 345, 960
3546, 628, 670
3547, 711, 891
3548, 50, 937
3549, 233, 656
3550, 341, 348
3551, 265, 682
3552, 137, 182
3553, 90, 889
3554, 35, 860
3555, 357, 767
3556, 136, 531
3557, 464, 814
3558, 579, 952
3559, 192, 608
3560, 78, 949
3561, 188, 318
3562, 256, 321
3563, 128, 916
3564, 645, 672
3565, 689, 765
3566, 349, 640
3567, 227, 477
3568, 674, 706
3569, 196, 456
3570, 133, 644
3571, 517, 801
3572, 680, 788
3573, 5, 207
3574, 361, 918
3575, 57, 271
3576, 219, 563
3577, 654, 728
3578, 255, 849
3579, 523, 969
3580, 176, 595
3581, 319, 648
3582, 7, 240
3583, 459, 506
3584, 441, 476
3585, 195, 279
3586, 241, 692
3587, 721, 807
3588, 888, 923
3589, 435, 947
3590, 448, 856
3591, 38, 328
3592, 781, 963
3593, 599, 605
3594, 551, 664
3595, 88, 447
3596, 432, 540
3597, 465, 906
3598, 29, 863
3599, 274, 401
3600, 866, 907
3601, 73, 166
3602, 373, 442
3603, 521, 898
3604, 376, 482
3605, 199, 823
3606, 643, 777
3607, 550, 832
3608, 262, 454
3609, 299, 902
3610, 252, 988
3611, 344, 797
3612, 647, 779
3613, 18, 247
3614, 232, 840
3615, 205, 573
3616, 85, 534
3617, 238, 616
3618, 363, 993
3619, 308, 962
3620, 491, 705
3621, 151, 953
3622, 370, 428
3623, 94, 786
3624, 214, 425
3625, 444, 730
3626, 33, 787
3627, 258, 871
3628, 295, 555
3629, 222, 773
3630, 423, 587
3631, 943, 948
3632, 488, 910
3633, 413, 859
3634, 461, 619
3635, 530, 972
3636, 281, 890
3637, 282, 956
3638, 439, 810
3639, 326, 606
3640, 135, 629
3641, 77, 882
3642, 568, 593
3643, 44, 132
3644, 865, 903
3645, 278, 732
3646, 127, 763
3647, 499, 677
3648, 138, 637
3649, 28, 938
3650, 97, 117
3651, 411, 652
3652, 622, 929
3653, 111, 142
3654, 685, 791
3655, 225, 813
3656, 312, 723
3657, 109, 753
3658, 206, 356
3659, 83, 799
3660, 43, 729
3661, 307, 374
3662, 140, 289
3663, 87, 457
3664, 61, 719
3665, 330, 446
3666, 10, 123
3667, 583, 924
3668, 62, 388
3669, 112, 338
3670, 66, 116
3671, 177, 802
3672, 59, 156
3673, 549, 566
3674, 479, 914
3675, 369, 968
3676, 164, 561
3677, 620, 951
3678, 118, 537
3679, 626, 635
3680, 208, 333
3681, 400, 503
3682, 139, 220
3683, 675, 836
3684, 60, 982
3685, 462, 624
3686, 611, 798
3687, 235, 935
3688, 70, 826
3689, 468, 880
3690, 775, 954
3691, 67, 180
3692, 19, 970
3693, 173, 585
3694, 13, 511
3695, 288, 855
3696, 272, 304
3697, 375, 451
3698, 12, 698
3699, 340, 693
3700, 404, 820
3701, 215, 393
3702, 438, 764
3703, 113, 148
3704, 49, 311
3705, 325, 971
3706, 172, 848
3707, 110, 254
3708, 445, 926
3709, 114, 846
3710, 320, 885
3711, 390, 961
3712, 342, 927
3713, 536, 584
3714, 586, 905
3715, 163, 509
3716, 298, 818
3717, 526, 881
3718, 658, 831
3719, 107, 812
3720, 1, 879
3721, 558, 827
3722, 115, 756
3723, 367, 738
3724, 422, 688
3725, 808, 974
3726, 570, 757
3727, 45, 875
3728, 181, 852
3729, 263, 760
3730, 553, 995
3731, 742, 877
3732, 343, 748
3733, 332, 347
3734, 901, 911
3735, 64, 532
3736, 501, 663
3737, 463, 790
3738, 362, 516
3739, 552, 746
3740, 703, 825
3741, 774, 896
3742, 79, 372
3743, 134, 739
3744, 474, 922
3745, 707, 1000
3746, 867, 900
3747, 546, 837
3748, 229, 830
3749, 27, 557
3750, 184, 811
3751, 56, 768
3752, 336, 567
3753, 48, 72
3754, 14, 955
3755, 822, 957
3756, 515, 731
3757, 324, 597
3758, 257, 596
3759, 592, 984
3760, 630, 694
3761, 642, 743
3762, 210, 260
3763, 201, 381
3764, 71, 653
3765, 302, 470
3766, 403, 450
3767, 24, 449
3768, 353, 525
3769, 314, 346
3770, 483, 524
3771, 712, 715
3772, 427, 722
3773, 224, 604
3774, 46, 633
3775, 581, 702
3776, 480, 950
3777, 268, 661
3778, 744, 932
3779, 416, 815
3780, 489, 686
3781, 55, 714
3782, 69, 415
3783, 152, 384
3784, 93, 246
3785, 535, 933
3786, 805, 876
3787, 437, 632
3788, 129, 776
3789, 82, 785
3790, 522, 623
3791, 598, 829
3792, 562, 909
3793, 15, 301
3794, 578, 792
3795, 34, 809
3796, 472, 612
3797, 481, 895
3798, 190, 854
3799, 409, 669
3800, 200, 421
3801, 54, 687
3802, 81, 398
3803, 931, 942
3804, 396, 617
3805, 261, 335
3806, 793, 894
3807, 17, 484
3808, 542, 704
3809, 106, 983
3810, 36, 303
3811, 313, 638
3812, 455, 556
3813, 155, 681
3814, 230, 772
3815, 53, 366
3816, 130, 492
3817, 600, 601
3818, 84, 708
3819, 839, 944
3820, 11, 102
3821, 323, 758
3822, 368, 408
3823, 571, 713
3824, 497, 985
3825, 234, 874
3826, 161, 285
3827, 718, 892
3828, 31, 925
3829, 157, 505
3830, 700, 841
3831, 431, 569
3832, 218, 294
3833, 284, 752
3834, 126, 817
3835, 91, 500
3836, 165, 991
3837, 22, 98
3838, 175, 833
3839, 420, 987
3840, 237, 520
3841, 300, 857
3842, 277, 355
3843, 399, 498
3844, 158, 466
3845, 490, 683
3846, 194, 407
3847, 378, 666
3848, 86, 795
3849, 377, 430
3850, 183, 339
3851, 150, 828
3852, 761, 992
3853, 591, 634
3854, 122, 770
3855, 391, 845
3856, 170, 410
3857, 835, 958
3858, 160, 223
3859, 187, 580
3860, 39, 726
3861, 32, 92
3862, 716, 986
3863, 607, 754
3864, 202, 996
3865, 843, 844
3866, 414, 684
3867, 426, 989
3868, 293, 884
3869, 65, 186
3870, 419, 990
3871, 662, 794
3872, 671, 964
3873, 251, 276
3874, 191, 310
3875, 144, 627
3876, 169, 641
3877, 121, 769
3878, 9, 864
3879, 41, 576
3880, 100, 615
3881, 249, 545
3882, 727, 870
3883, 510, 527
3884, 204, 507
3885, 124, 309
3886, 734, 941
3887, 209, 329
3888, 76, 548
3889, 547, 717
3890, 351, 502
3891, 51, 967
3892, 789, 834
3893, 565, 613
3894, 296, 784
3895, 171, 290
3896, 239, 842
3897, 930, 959
3898, 231, 493
3899, 179, 443
3900, 695, 973
3901, 26, 382
3902, 436, 519
3903, 149, 709
3904, 147, 735
3905, 101, 819
3906, 105, 868
3907, 486, 651
3908, 193, 453
3909, 264, 306
3910, 397, 618
3911, 119, 162
3912, 213, 631
3913, 189, 720
3914, 198, 733
3915, 740, 858
3916, 625, 650
3917, 154, 543
3918, 305, 350
3919, 589, 847
3920, 250, 614
3921, 80, 387
3922, 47, 99
3923, 458, 697
3924, 203, 737
3925, 389, 544
3926, 291, 679
3927, 75, 678
3928, 554, 659
3929, 560, 673
3930, 762, 946
3931, 108, 365
3932, 514, 667
3933, 212, 473
3934, 575, 893
3935, 20, 696
3936, 322, 538
3937, 485, 745
3938, 424, 899
3939, 824, 939
3940, 385, 780
3941, 594, 816
3942, 471, 783
3943, 143, 495
3944, 273, 919
3945, 3, 883
3946, 297, 977
3947, 145, 418
3948, 850, 904
3949, 141, 316
3950, 211, 838
3951, 496, 559
3952, 778, 979
3953, 74, 508
3954, 851, 945
3955, 412, 460
3956, 89, 691
3957, 821, 928
3958, 236, 994
3959, 243, 253
3960, 259, 751
3961, 42, 649
3962, 52, 806
3963, 159, 221
3964, 280, 440
3965, 275, 359
3966, 513, 878
3967, 63, 741
3968, 168, 533
3969, 354, 921
3970, 58, 766
3971, 16, 504
3972, 197, 590
3973, 406, 749
3974, 603, 724
3975, 30, 270
3976, 574, 920
3977, 804, 862
3978, 512, 913
3979, 68, 655
3980, 167, 887
3981, 4, 725
3982, 358, 997
3983, 528, 610
3984, 95, 665
3985, 872, 936
3986, 269, 467
3987, 283, 646
3988, 494, 750
3989, 588, 701
3990, 796, 976
3991, 699, 782
3992, 96, 217
3993, 103, 529
3994, 433, 577
3995, 331, 676
3996, 861, 915
3997, 337, 853
3998, 120, 908
3999, 360, 539
4000, 125, 487
