id, img1, img2
1, 629, 761
2, 105, 760
3, 267, 405
4, 276, 691
5, 403, 972
6, 782, 856
7, 12, 112
8, 322, 930
9, 20, 729
10, 240, 458
11, 838, 971
12, 491, 739
13, 538, 910
14, 494, 512
15, 80, 610
16, 375, 847
17, 25, 769
18, 398, 818
19, 226, 464
20, 674, 774
21, 402, 830
22, 103, 956
23, 210, 564
24, 201, 475
25, 354, 633
26, 168, 364
27, 242, 530
28, 228, 412
29, 246, 827
30, 756, 823
31, 502, 995
32, 203, 870
33, 326, 601
34, 166, 857
35, 46, 535
36, 523, 773
37, 7, 133
38, 126, 602
39, 656, 775
40, 511, 875
41, 666, 707
42, 552, 759
43, 286, 839
44, 330, 935
45, 500, 904
46, 74, 549
47, 372, 472
48, 338, 804
49, 358, 580
50, 495, 899
51, 85, 518
52, 4, 16
53, 427, 906
54, 273, 594
55, 678, 929
56, 484, 513
57, 451, 893
58, 751, 755
59, 185, 251
60, 504, 646
61, 448, 548
62, 481, 661
63, 365, 597
64, 315, 424
65, 123, 215
66, 471, 947
67, 280, 828
68, 296, 371
69, 616, 939
70, 366, 519
71, 129, 361
72, 672, 865
73, 718, 958
74, 274, 940
75, 493, 679
76, 643, 693
77, 417, 738
78, 29, 223
79, 437, 551
80, 565, 586
81, 73, 911
82, 1, 34
83, 797, 928
84, 587, 813
85, 182, 753
86, 725, 954
87, 272, 742
88, 704, 861
89, 786, 787
90, 497, 710
91, 186, 217
92, 428, 550
93, 573, 919
94, 367, 611
95, 39, 111
96, 726, 835
97, 21, 202
98, 279, 766
99, 348, 381
100, 54, 521
101, 636, 817
102, 614, 851
103, 443, 834
104, 302, 683
105, 172, 884
106, 719, 988
107, 41, 913
108, 553, 959
109, 19, 631
110, 110, 854
111, 209, 575
112, 58, 143
113, 190, 213
114, 765, 841
115, 77, 331
116, 13, 706
117, 258, 346
118, 247, 651
119, 317, 780
120, 175, 764
121, 237, 836
122, 52, 426
123, 249, 942
124, 921, 941
125, 212, 323
126, 303, 625
127, 320, 351
128, 848, 917
129, 517, 617
130, 455, 680
131, 76, 422
132, 359, 561
133, 547, 922
134, 536, 820
135, 177, 506
136, 245, 866
137, 637, 908
138, 116, 119
139, 14, 224
140, 278, 876
141, 596, 635
142, 264, 669
143, 115, 294
144, 10, 689
145, 826, 976
146, 653, 871
147, 139, 452
148, 254, 716
149, 164, 442
150, 373, 938
151, 50, 96
152, 165, 352
153, 18, 299
154, 654, 712
155, 260, 878
156, 24, 831
157, 558, 968
158, 369, 531
159, 176, 441
160, 289, 843
161, 701, 810
162, 91, 342
163, 295, 425
164, 266, 668
165, 401, 999
166, 640, 986
167, 798, 934
168, 449, 983
169, 498, 776
170, 432, 450
171, 152, 336
172, 138, 677
173, 86, 997
174, 154, 300
175, 56, 118
176, 396, 757
177, 522, 595
178, 809, 918
179, 125, 466
180, 492, 864
181, 261, 395
182, 319, 682
183, 106, 743
184, 482, 660
185, 161, 434
186, 187, 684
187, 184, 927
188, 650, 687
189, 508, 717
190, 615, 790
191, 711, 931
192, 316, 747
193, 180, 420
194, 593, 825
195, 598, 621
196, 923, 970
197, 478, 767
198, 355, 468
199, 563, 873
200, 648, 702
201, 167, 459
202, 145, 589
203, 102, 965
204, 49, 973
205, 421, 768
206, 793, 892
207, 148, 802
208, 618, 966
209, 66, 867
210, 305, 946
211, 479, 752
212, 445, 877
213, 22, 88
214, 924, 932
215, 489, 998
216, 608, 748
217, 214, 288
218, 397, 709
219, 235, 652
220, 447, 785
221, 144, 879
222, 400, 898
223, 695, 1000
224, 53, 460
225, 486, 525
226, 313, 777
227, 357, 805
228, 749, 993
229, 81, 233
230, 574, 779
231, 84, 943
232, 795, 933
233, 440, 634
234, 541, 562
235, 230, 894
236, 100, 415
237, 8, 35
238, 218, 623
239, 38, 321
240, 158, 334
241, 244, 996
242, 341, 384
243, 30, 31
244, 592, 667
245, 236, 603
246, 370, 953
247, 70, 903
248, 488, 791
249, 477, 690
250, 83, 833
251, 507, 671
252, 28, 470
253, 347, 362
254, 130, 723
255, 15, 501
256, 287, 606
257, 607, 703
258, 48, 393
259, 61, 457
260, 524, 542
261, 104, 796
262, 78, 132
263, 353, 409
264, 93, 363
265, 229, 914
266, 585, 591
267, 179, 944
268, 581, 812
269, 534, 641
270, 62, 505
271, 599, 900
272, 456, 736
273, 159, 183
274, 540, 662
275, 131, 588
276, 269, 649
277, 195, 772
278, 160, 232
279, 483, 659
280, 101, 122
281, 146, 622
282, 153, 746
283, 410, 800
284, 543, 811
285, 196, 206
286, 281, 984
287, 255, 745
288, 9, 741
289, 416, 532
290, 487, 697
291, 436, 644
292, 79, 134
293, 162, 727
294, 555, 781
295, 430, 613
296, 510, 545
297, 379, 705
298, 285, 849
299, 889, 957
300, 329, 722
301, 170, 312
302, 142, 480
303, 556, 676
304, 382, 568
305, 560, 888
306, 387, 975
307, 368, 821
308, 3, 713
309, 45, 189
310, 75, 241
311, 298, 912
312, 509, 853
313, 503, 960
314, 44, 675
315, 356, 673
316, 292, 582
317, 408, 499
318, 554, 794
319, 600, 720
320, 256, 376
321, 71, 963
322, 17, 291
323, 155, 750
324, 216, 735
325, 194, 516
326, 124, 807
327, 461, 783
328, 579, 686
329, 259, 801
330, 293, 902
331, 37, 446
332, 191, 886
333, 645, 837
334, 465, 822
335, 314, 832
336, 225, 627
337, 526, 950
338, 275, 991
339, 238, 308
340, 485, 696
341, 763, 815
342, 557, 964
343, 819, 874
344, 43, 92
345, 590, 868
346, 891, 969
347, 108, 962
348, 268, 852
349, 127, 977
350, 310, 979
351, 620, 744
352, 157, 915
353, 23, 121
354, 57, 846
355, 147, 981
356, 392, 907
357, 193, 992
358, 59, 339
359, 284, 604
360, 429, 806
361, 192, 788
362, 715, 961
363, 120, 431
364, 33, 419
365, 60, 333
366, 94, 980
367, 208, 799
368, 721, 989
369, 36, 149
370, 40, 952
371, 109, 220
372, 374, 731
373, 539, 840
374, 845, 982
375, 141, 990
376, 388, 714
377, 140, 905
378, 64, 978
379, 624, 734
380, 51, 113
381, 67, 955
382, 454, 882
383, 72, 896
384, 227, 570
385, 5, 283
386, 42, 985
387, 26, 63
388, 383, 700
389, 583, 630
390, 380, 936
391, 385, 724
392, 453, 808
393, 301, 528
394, 514, 951
395, 95, 270
396, 515, 754
397, 297, 909
398, 609, 994
399, 262, 433
400, 332, 418
401, 250, 307
402, 824, 974
403, 137, 708
404, 197, 407
405, 737, 859
406, 527, 770
407, 290, 340
408, 98, 205
409, 411, 537
410, 435, 920
411, 327, 345
412, 529, 664
413, 55, 271
414, 390, 762
415, 438, 559
416, 32, 136
417, 462, 467
418, 681, 732
419, 114, 577
420, 394, 632
421, 699, 916
422, 239, 328
423, 578, 628
424, 569, 926
425, 243, 647
426, 325, 792
427, 476, 567
428, 257, 469
429, 204, 282
430, 862, 967
431, 27, 694
432, 399, 803
433, 198, 626
434, 174, 378
435, 234, 391
436, 895, 897
437, 829, 880
438, 150, 163
439, 444, 945
440, 789, 844
441, 544, 881
442, 642, 925
443, 65, 200
444, 423, 692
445, 474, 605
446, 263, 816
447, 309, 389
448, 248, 733
449, 156, 814
450, 414, 665
451, 520, 663
452, 87, 850
453, 576, 858
454, 490, 949
455, 337, 730
456, 533, 657
457, 344, 655
458, 406, 584
459, 171, 335
460, 386, 638
461, 784, 885
462, 571, 863
463, 135, 728
464, 47, 199
465, 546, 639
466, 778, 887
467, 219, 860
468, 82, 181
469, 89, 173
470, 90, 324
471, 6, 496
472, 178, 343
473, 306, 688
474, 107, 311
475, 252, 413
476, 97, 740
477, 69, 612
478, 572, 670
479, 253, 987
480, 265, 937
481, 349, 463
482, 169, 771
483, 318, 855
484, 99, 222
485, 128, 151
486, 211, 872
487, 566, 658
488, 360, 842
489, 221, 473
490, 68, 619
491, 304, 948
492, 377, 869
493, 231, 350
494, 207, 890
495, 277, 698
496, 404, 685
497, 2, 117
498, 439, 758
499, 188, 883
500, 11, 901
501, 218, 589
502, 616, 711
503, 12, 600
504, 348, 533
505, 213, 611
506, 90, 530
507, 222, 230
508, 316, 687
509, 655, 818
510, 511, 620
511, 540, 731
512, 8, 543
513, 175, 184
514, 778, 934
515, 354, 844
516, 446, 598
517, 185, 477
518, 68, 915
519, 46, 839
520, 169, 785
521, 359, 436
522, 57, 857
523, 324, 767
524, 81, 771
525, 335, 366
526, 382, 953
527, 365, 714
528, 60, 561
529, 174, 522
530, 499, 881
531, 179, 783
532, 712, 896
533, 173, 271
534, 183, 754
535, 410, 902
536, 586, 745
537, 238, 970
538, 862, 865
539, 678, 774
540, 474, 897
541, 10, 62
542, 752, 994
543, 383, 613
544, 832, 878
545, 201, 364
546, 294, 795
547, 290, 944
548, 31, 404
549, 30, 936
550, 523, 931
551, 123, 729
552, 282, 827
553, 471, 542
554, 791, 972
555, 98, 421
556, 583, 926
557, 575, 666
558, 433, 713
559, 345, 777
560, 381, 855
561, 70, 182
562, 214, 765
563, 54, 249
564, 112, 850
565, 819, 954
566, 323, 625
567, 133, 699
568, 13, 207
569, 223, 797
570, 125, 804
571, 146, 321
572, 962, 978
573, 393, 968
574, 130, 982
575, 141, 946
576, 388, 829
577, 453, 484
578, 481, 938
579, 339, 989
580, 291, 947
581, 225, 379
582, 32, 215
583, 247, 333
584, 220, 816
585, 94, 537
586, 191, 389
587, 486, 884
588, 514, 585
589, 132, 801
590, 520, 704
591, 544, 802
592, 670, 732
593, 417, 569
594, 200, 875
595, 51, 181
596, 89, 202
597, 248, 356
598, 665, 919
599, 252, 823
600, 607, 667
601, 262, 932
602, 78, 652
603, 113, 660
604, 424, 924
605, 430, 836
606, 239, 524
607, 284, 903
608, 96, 710
609, 117, 933
610, 156, 255
611, 154, 384
612, 258, 261
613, 305, 794
614, 23, 593
615, 257, 580
616, 527, 570
617, 172, 845
618, 460, 826
619, 39, 728
620, 198, 385
621, 151, 458
622, 501, 750
623, 61, 538
624, 694, 930
625, 253, 298
626, 189, 562
627, 566, 705
628, 268, 746
629, 789, 892
630, 267, 814
631, 749, 987
632, 2, 928
633, 308, 349
634, 504, 672
635, 448, 587
636, 677, 908
637, 33, 796
638, 445, 709
639, 144, 644
640, 37, 456
641, 42, 459
642, 519, 685
643, 147, 513
644, 194, 927
645, 311, 959
646, 29, 145
647, 545, 601
648, 108, 793
649, 103, 521
650, 84, 817
651, 344, 628
652, 467, 707
653, 326, 636
654, 27, 858
655, 596, 999
656, 351, 503
657, 234, 726
658, 217, 830
659, 20, 539
660, 476, 886
661, 437, 776
662, 412, 758
663, 392, 509
664, 408, 633
665, 212, 449
666, 849, 876
667, 102, 769
668, 627, 716
669, 58, 557
670, 905, 985
671, 541, 935
672, 232, 505
673, 83, 577
674, 149, 451
675, 168, 727
676, 59, 104
677, 71, 496
678, 469, 482
679, 782, 885
680, 515, 547
681, 674, 960
682, 770, 913
683, 281, 472
684, 288, 329
685, 45, 295
686, 894, 929
687, 74, 273
688, 264, 739
689, 755, 861
690, 21, 50
691, 269, 334
692, 400, 475
693, 299, 452
694, 63, 621
695, 406, 866
696, 38, 197
697, 11, 957
698, 56, 439
699, 235, 916
700, 164, 805
701, 302, 314
702, 619, 689
703, 487, 648
704, 427, 653
705, 19, 254
706, 131, 466
707, 240, 343
708, 738, 889
709, 498, 555
710, 167, 811
711, 280, 403
712, 186, 740
713, 157, 720
714, 559, 702
715, 106, 937
716, 664, 872
717, 203, 877
718, 121, 697
719, 231, 338
720, 292, 581
721, 49, 362
722, 80, 395
723, 610, 725
724, 420, 632
725, 126, 867
726, 696, 992
727, 246, 444
728, 287, 568
729, 15, 748
730, 67, 900
731, 138, 429
732, 409, 529
733, 594, 961
734, 706, 744
735, 325, 742
736, 99, 717
737, 531, 941
738, 150, 310
739, 124, 317
740, 119, 237
741, 377, 675
742, 107, 115
743, 148, 838
744, 221, 920
745, 47, 734
746, 272, 516
747, 44, 289
748, 414, 950
749, 553, 756
750, 693, 798
751, 226, 888
752, 260, 303
753, 211, 859
754, 518, 860
755, 28, 263
756, 418, 967
757, 757, 943
758, 492, 609
759, 355, 662
760, 535, 981
761, 512, 965
762, 152, 608
763, 82, 143
764, 69, 330
765, 419, 582
766, 190, 250
767, 447, 899
768, 661, 828
769, 391, 733
770, 948, 984
771, 307, 468
772, 434, 824
773, 525, 869
774, 65, 638
775, 136, 599
776, 341, 760
777, 204, 241
778, 368, 623
779, 479, 624
780, 597, 692
781, 370, 641
782, 322, 592
783, 871, 909
784, 441, 963
785, 401, 684
786, 229, 772
787, 208, 375
788, 373, 603
789, 792, 863
790, 490, 784
791, 646, 939
792, 100, 171
793, 162, 552
794, 361, 422
795, 517, 556
796, 546, 808
797, 43, 193
798, 205, 634
799, 647, 787
800, 165, 380
801, 347, 548
802, 34, 91
803, 346, 526
804, 97, 137
805, 387, 921
806, 868, 911
807, 86, 140
808, 722, 971
809, 17, 606
810, 363, 438
811, 390, 813
812, 761, 834
813, 286, 615
814, 301, 907
815, 176, 969
816, 53, 196
817, 336, 952
818, 134, 378
819, 109, 306
820, 564, 879
821, 651, 683
822, 278, 679
823, 72, 656
824, 276, 630
825, 85, 188
826, 216, 588
827, 3, 563
828, 396, 964
829, 228, 407
830, 534, 753
831, 595, 780
832, 192, 454
833, 24, 155
834, 488, 507
835, 612, 681
836, 579, 775
837, 799, 831
838, 423, 781
839, 159, 700
840, 1, 411
841, 7, 803
842, 554, 809
843, 723, 815
844, 425, 997
845, 463, 549
846, 405, 686
847, 52, 510
848, 357, 358
849, 224, 912
850, 576, 673
851, 139, 721
852, 4, 508
853, 402, 614
854, 274, 690
855, 478, 528
856, 605, 983
857, 639, 743
858, 874, 901
859, 493, 979
860, 747, 822
861, 708, 800
862, 122, 635
863, 127, 426
864, 163, 219
865, 500, 786
866, 114, 416
867, 682, 956
868, 906, 945
869, 558, 790
870, 77, 751
871, 283, 440
872, 275, 688
873, 227, 914
874, 14, 199
875, 604, 764
876, 923, 990
877, 270, 986
878, 618, 995
879, 41, 851
880, 296, 443
881, 177, 852
882, 93, 242
883, 462, 497
884, 22, 353
885, 567, 1000
886, 812, 893
887, 35, 847
888, 129, 394
889, 265, 367
890, 883, 925
891, 465, 841
892, 590, 922
893, 187, 736
894, 101, 988
895, 297, 759
896, 663, 843
897, 820, 904
898, 36, 676
899, 166, 701
900, 315, 376
901, 371, 842
902, 461, 483
903, 118, 659
904, 571, 873
905, 142, 300
906, 669, 976
907, 491, 637
908, 494, 573
909, 457, 917
910, 243, 854
911, 128, 821
912, 88, 974
913, 551, 951
914, 251, 398
915, 95, 560
916, 87, 352
917, 536, 658
918, 602, 807
919, 572, 837
920, 318, 895
921, 591, 870
922, 76, 703
923, 631, 768
924, 773, 998
925, 337, 719
926, 111, 910
927, 209, 626
928, 715, 918
929, 153, 578
930, 285, 779
931, 550, 654
932, 369, 622
933, 120, 966
934, 75, 668
935, 110, 833
936, 360, 724
937, 259, 374
938, 464, 502
939, 629, 942
940, 256, 810
941, 762, 880
942, 450, 718
943, 442, 532
944, 848, 882
945, 73, 806
946, 105, 574
947, 698, 853
948, 432, 835
949, 735, 940
950, 643, 958
951, 340, 415
952, 160, 320
953, 135, 788
954, 48, 890
955, 195, 650
956, 245, 887
957, 233, 584
958, 178, 864
959, 26, 730
960, 506, 955
961, 25, 244
962, 565, 977
963, 313, 617
964, 116, 342
965, 92, 180
966, 6, 695
967, 64, 210
968, 399, 640
969, 332, 996
970, 455, 856
971, 206, 331
972, 470, 645
973, 328, 435
974, 350, 671
975, 840, 898
976, 386, 891
977, 66, 293
978, 158, 975
979, 372, 642
980, 397, 649
981, 495, 763
982, 170, 236
983, 5, 9
984, 431, 489
985, 16, 949
986, 327, 691
987, 79, 680
988, 485, 993
989, 40, 480
990, 18, 266
991, 161, 312
992, 304, 825
993, 309, 973
994, 428, 737
995, 55, 766
996, 279, 473
997, 319, 741
998, 657, 980
999, 277, 413
1000, 846, 991
1001, 422, 811
1002, 778, 875
1003, 498, 924
1004, 581, 920
1005, 121, 550
1006, 113, 896
1007, 33, 619
1008, 237, 916
1009, 85, 873
1010, 509, 864
1011, 488, 563
1012, 685, 714
1013, 348, 753
1014, 122, 570
1015, 400, 839
1016, 318, 428
1017, 140, 147
1018, 684, 848
1019, 45, 645
1020, 266, 654
1021, 311, 617
1022, 652, 673
1023, 268, 710
1024, 180, 694
1025, 285, 294
1026, 641, 716
1027, 150, 703
1028, 425, 574
1029, 167, 668
1030, 210, 296
1031, 541, 578
1032, 531, 709
1033, 403, 470
1034, 79, 997
1035, 153, 485
1036, 353, 659
1037, 9, 134
1038, 40, 961
1039, 125, 334
1040, 357, 501
1041, 130, 682
1042, 430, 739
1043, 473, 1000
1044, 514, 942
1045, 77, 923
1046, 194, 225
1047, 545, 921
1048, 416, 934
1049, 391, 983
1050, 129, 171
1051, 907, 977
1052, 344, 979
1053, 355, 421
1054, 342, 926
1055, 1, 533
1056, 132, 449
1057, 461, 749
1058, 235, 480
1059, 25, 737
1060, 705, 743
1061, 837, 903
1062, 53, 890
1063, 149, 946
1064, 221, 251
1065, 34, 238
1066, 623, 759
1067, 516, 527
1068, 80, 922
1069, 486, 929
1070, 212, 602
1071, 629, 688
1072, 86, 772
1073, 670, 815
1074, 525, 910
1075, 453, 938
1076, 22, 552
1077, 118, 789
1078, 258, 966
1079, 522, 777
1080, 103, 565
1081, 396, 575
1082, 831, 833
1083, 352, 906
1084, 594, 887
1085, 8, 843
1086, 408, 593
1087, 76, 106
1088, 69, 585
1089, 276, 290
1090, 137, 359
1091, 382, 797
1092, 513, 904
1093, 246, 790
1094, 429, 972
1095, 587, 677
1096, 433, 823
1097, 81, 655
1098, 126, 223
1099, 538, 787
1100, 610, 745
1101, 18, 96
1102, 289, 819
1103, 92, 303
1104, 123, 791
1105, 215, 957
1106, 109, 116
1107, 179, 932
1108, 278, 505
1109, 637, 877
1110, 372, 724
1111, 30, 976
1112, 117, 271
1113, 389, 773
1114, 336, 901
1115, 158, 582
1116, 260, 606
1117, 195, 464
1118, 420, 698
1119, 367, 576
1120, 10, 950
1121, 124, 467
1122, 108, 297
1123, 519, 868
1124, 24, 369
1125, 632, 893
1126, 87, 326
1127, 707, 883
1128, 456, 699
1129, 119, 851
1130, 107, 863
1131, 168, 407
1132, 283, 487
1133, 557, 807
1134, 733, 915
1135, 624, 965
1136, 523, 596
1137, 265, 347
1138, 249, 418
1139, 327, 794
1140, 207, 866
1141, 155, 450
1142, 162, 177
1143, 691, 792
1144, 250, 798
1145, 362, 549
1146, 173, 241
1147, 60, 860
1148, 918, 930
1149, 56, 88
1150, 11, 732
1151, 139, 506
1152, 335, 853
1153, 2, 14
1154, 503, 990
1155, 58, 620
1156, 39, 951
1157, 451, 580
1158, 99, 358
1159, 908, 986
1160, 852, 857
1161, 196, 905
1162, 248, 517
1163, 114, 292
1164, 52, 135
1165, 322, 992
1166, 138, 484
1167, 725, 813
1168, 244, 270
1169, 459, 693
1170, 364, 424
1171, 406, 912
1172, 329, 695
1173, 405, 611
1174, 499, 998
1175, 120, 526
1176, 146, 660
1177, 476, 680
1178, 708, 713
1179, 264, 598
1180, 269, 288
1181, 803, 847
1182, 320, 642
1183, 70, 202
1184, 471, 528
1185, 569, 814
1186, 75, 608
1187, 463, 774
1188, 388, 970
1189, 229, 821
1190, 112, 551
1191, 36, 734
1192, 219, 571
1193, 600, 989
1194, 74, 500
1195, 366, 788
1196, 579, 735
1197, 644, 697
1198, 935, 947
1199, 3, 718
1200, 191, 838
1201, 41, 817
1202, 208, 894
1203, 333, 939
1204, 448, 648
1205, 532, 741
1206, 861, 884
1207, 259, 662
1208, 200, 561
1209, 434, 689
1210, 763, 782
1211, 50, 98
1212, 312, 836
1213, 591, 721
1214, 89, 436
1215, 723, 751
1216, 371, 954
1217, 419, 818
1218, 83, 298
1219, 21, 917
1220, 84, 902
1221, 676, 801
1222, 351, 752
1223, 681, 911
1224, 656, 919
1225, 42, 205
1226, 765, 816
1227, 410, 987
1228, 282, 625
1229, 859, 940
1230, 131, 504
1231, 72, 437
1232, 159, 457
1233, 482, 826
1234, 669, 858
1235, 686, 888
1236, 397, 854
1237, 111, 286
1238, 663, 675
1239, 511, 547
1240, 360, 978
1241, 17, 253
1242, 23, 228
1243, 275, 844
1244, 846, 974
1245, 100, 878
1246, 409, 604
1247, 224, 377
1248, 174, 867
1249, 458, 692
1250, 439, 626
1251, 104, 385
1252, 701, 770
1253, 287, 518
1254, 768, 962
1255, 507, 672
1256, 273, 824
1257, 71, 832
1258, 427, 720
1259, 588, 771
1260, 43, 323
1261, 827, 988
1262, 27, 38
1263, 381, 402
1264, 330, 872
1265, 614, 809
1266, 143, 254
1267, 446, 622
1268, 597, 964
1269, 211, 634
1270, 638, 856
1271, 59, 245
1272, 188, 564
1273, 20, 257
1274, 127, 479
1275, 510, 949
1276, 738, 980
1277, 57, 849
1278, 414, 671
1279, 462, 515
1280, 199, 261
1281, 157, 822
1282, 886, 993
1283, 170, 704
1284, 558, 599
1285, 214, 319
1286, 156, 744
1287, 304, 595
1288, 263, 490
1289, 472, 891
1290, 678, 880
1291, 197, 592
1292, 337, 650
1293, 37, 94
1294, 274, 812
1295, 141, 537
1296, 665, 959
1297, 169, 183
1298, 309, 960
1299, 308, 543
1300, 185, 756
1301, 161, 567
1302, 398, 925
1303, 64, 176
1304, 615, 649
1305, 46, 967
1306, 65, 321
1307, 73, 647
1308, 779, 829
1309, 231, 445
1310, 345, 775
1311, 548, 643
1312, 5, 361
1313, 63, 573
1314, 48, 706
1315, 262, 754
1316, 35, 226
1317, 213, 417
1318, 556, 658
1319, 299, 392
1320, 186, 220
1321, 203, 583
1322, 128, 468
1323, 769, 973
1324, 536, 928
1325, 272, 783
1326, 62, 82
1327, 91, 722
1328, 29, 529
1329, 172, 568
1330, 524, 766
1331, 601, 683
1332, 7, 370
1333, 313, 679
1334, 4, 799
1335, 380, 530
1336, 393, 466
1337, 240, 383
1338, 534, 793
1339, 102, 478
1340, 44, 805
1341, 729, 740
1342, 227, 728
1343, 192, 999
1344, 584, 985
1345, 502, 540
1346, 785, 995
1347, 374, 440
1348, 32, 54
1349, 217, 247
1350, 747, 981
1351, 560, 840
1352, 401, 876
1353, 474, 586
1354, 175, 616
1355, 338, 746
1356, 181, 760
1357, 15, 343
1358, 302, 520
1359, 232, 892
1360, 390, 850
1361, 301, 363
1362, 78, 267
1363, 447, 542
1364, 163, 900
1365, 68, 870
1366, 454, 796
1367, 386, 674
1368, 489, 889
1369, 291, 346
1370, 442, 715
1371, 51, 242
1372, 142, 795
1373, 256, 786
1374, 496, 898
1375, 105, 376
1376, 544, 800
1377, 539, 764
1378, 61, 184
1379, 426, 780
1380, 190, 234
1381, 67, 332
1382, 26, 133
1383, 284, 630
1384, 47, 243
1385, 711, 810
1386, 305, 491
1387, 306, 982
1388, 633, 666
1389, 255, 871
1390, 412, 975
1391, 373, 494
1392, 165, 204
1393, 281, 438
1394, 554, 631
1395, 566, 776
1396, 198, 350
1397, 148, 365
1398, 115, 897
1399, 324, 914
1400, 757, 899
1401, 413, 969
1402, 307, 589
1403, 395, 465
1404, 110, 802
1405, 187, 639
1406, 218, 953
1407, 222, 767
1408, 696, 885
1409, 145, 834
1410, 66, 339
1411, 28, 784
1412, 497, 577
1413, 493, 996
1414, 349, 455
1415, 423, 874
1416, 375, 661
1417, 316, 411
1418, 628, 748
1419, 559, 828
1420, 909, 968
1421, 230, 927
1422, 151, 700
1423, 277, 667
1424, 512, 727
1425, 415, 640
1426, 101, 835
1427, 755, 913
1428, 236, 653
1429, 702, 945
1430, 952, 958
1431, 379, 825
1432, 651, 736
1433, 384, 495
1434, 717, 994
1435, 90, 206
1436, 31, 830
1437, 93, 315
1438, 535, 955
1439, 295, 432
1440, 293, 690
1441, 404, 612
1442, 239, 956
1443, 189, 855
1444, 144, 492
1445, 481, 948
1446, 300, 944
1447, 441, 603
1448, 508, 605
1449, 164, 621
1450, 193, 742
1451, 387, 469
1452, 460, 933
1453, 233, 869
1454, 444, 750
1455, 154, 201
1456, 152, 452
1457, 182, 310
1458, 216, 841
1459, 726, 991
1460, 55, 354
1461, 136, 865
1462, 943, 963
1463, 521, 881
1464, 279, 331
1465, 613, 762
1466, 280, 635
1467, 49, 806
1468, 328, 607
1469, 562, 627
1470, 160, 399
1471, 209, 657
1472, 6, 477
1473, 356, 862
1474, 475, 546
1475, 13, 317
1476, 394, 984
1477, 19, 95
1478, 636, 731
1479, 178, 931
1480, 781, 971
1481, 97, 730
1482, 325, 808
1483, 664, 761
1484, 590, 879
1485, 340, 378
1486, 166, 687
1487, 443, 804
1488, 435, 483
1489, 845, 936
1490, 712, 820
1491, 12, 758
1492, 341, 618
1493, 555, 572
1494, 314, 609
1495, 842, 895
1496, 16, 882
1497, 431, 553
1498, 719, 937
1499, 368, 646
1500, 252, 941
1501, 107, 1000
1502, 285, 709
1503, 191, 192
1504, 244, 984
1505, 140, 594
1506, 65, 853
1507, 4, 574
1508, 555, 898
1509, 849, 976
1510, 129, 421
1511, 55, 205
1512, 289, 949
1513, 102, 658
1514, 225, 867
1515, 494, 544
1516, 42, 306
1517, 24, 829
1518, 260, 771
1519, 265, 511
1520, 232, 605
1521, 3, 940
1522, 61, 349
1523, 351, 459
1524, 127, 303
1525, 209, 248
1526, 699, 733
1527, 279, 571
1528, 30, 125
1529, 83, 551
1530, 154, 807
1531, 363, 897
1532, 6, 915
1533, 439, 912
1534, 356, 545
1535, 335, 815
1536, 173, 786
1537, 71, 112
1538, 208, 489
1539, 116, 947
1540, 620, 957
1541, 764, 903
1542, 17, 372
1543, 106, 783
1544, 649, 756
1545, 95, 593
1546, 420, 488
1547, 43, 750
1548, 603, 760
1549, 315, 695
1550, 476, 790
1551, 157, 377
1552, 464, 914
1553, 616, 895
1554, 725, 817
1555, 273, 429
1556, 237, 986
1557, 90, 114
1558, 590, 726
1559, 412, 681
1560, 151, 490
1561, 138, 357
1562, 227, 331
1563, 855, 991
1564, 384, 979
1565, 149, 491
1566, 328, 693
1567, 799, 931
1568, 47, 871
1569, 347, 936
1570, 877, 946
1571, 714, 848
1572, 136, 717
1573, 97, 320
1574, 196, 845
1575, 81, 252
1576, 316, 691
1577, 37, 539
1578, 577, 883
1579, 76, 683
1580, 298, 963
1581, 162, 789
1582, 58, 79
1583, 269, 791
1584, 784, 961
1585, 592, 778
1586, 230, 342
1587, 454, 510
1588, 586, 646
1589, 91, 401
1590, 477, 528
1591, 282, 968
1592, 800, 962
1593, 371, 445
1594, 389, 610
1595, 575, 595
1596, 22, 115
1597, 547, 562
1598, 221, 388
1599, 270, 524
1600, 307, 530
1601, 504, 632
1602, 375, 481
1603, 752, 864
1604, 234, 352
1605, 399, 519
1606, 217, 742
1607, 403, 558
1608, 777, 844
1609, 360, 556
1610, 609, 721
1611, 268, 697
1612, 824, 827
1613, 305, 359
1614, 811, 862
1615, 241, 858
1616, 167, 278
1617, 236, 766
1618, 369, 921
1619, 54, 330
1620, 732, 809
1621, 415, 755
1622, 358, 626
1623, 187, 668
1624, 625, 787
1625, 176, 839
1626, 532, 643
1627, 408, 705
1628, 170, 995
1629, 332, 659
1630, 467, 767
1631, 185, 423
1632, 70, 866
1633, 119, 323
1634, 134, 917
1635, 518, 902
1636, 345, 368
1637, 970, 983
1638, 52, 830
1639, 161, 821
1640, 259, 944
1641, 667, 684
1642, 364, 797
1643, 203, 537
1644, 300, 761
1645, 772, 854
1646, 40, 893
1647, 26, 795
1648, 213, 381
1649, 466, 745
1650, 482, 869
1651, 36, 219
1652, 257, 417
1653, 694, 935
1654, 367, 859
1655, 535, 810
1656, 701, 896
1657, 542, 723
1658, 262, 379
1659, 190, 465
1660, 33, 141
1661, 448, 967
1662, 92, 564
1663, 110, 431
1664, 341, 727
1665, 77, 212
1666, 64, 901
1667, 567, 743
1668, 50, 926
1669, 281, 785
1670, 409, 736
1671, 172, 579
1672, 538, 706
1673, 484, 798
1674, 56, 679
1675, 434, 981
1676, 339, 899
1677, 45, 960
1678, 2, 964
1679, 93, 617
1680, 624, 702
1681, 32, 276
1682, 130, 588
1683, 137, 971
1684, 634, 884
1685, 283, 635
1686, 297, 937
1687, 255, 997
1688, 7, 550
1689, 21, 541
1690, 10, 885
1691, 757, 852
1692, 1, 621
1693, 211, 312
1694, 238, 623
1695, 314, 735
1696, 99, 943
1697, 8, 507
1698, 38, 240
1699, 749, 780
1700, 34, 406
1701, 793, 861
1702, 526, 581
1703, 589, 996
1704, 169, 652
1705, 69, 515
1706, 842, 878
1707, 222, 418
1708, 376, 748
1709, 469, 696
1710, 888, 889
1711, 317, 812
1712, 508, 521
1713, 458, 661
1714, 147, 922
1715, 392, 801
1716, 202, 383
1717, 63, 321
1718, 527, 863
1719, 324, 751
1720, 583, 887
1721, 104, 426
1722, 14, 676
1723, 153, 440
1724, 311, 362
1725, 46, 128
1726, 156, 404
1727, 486, 765
1728, 201, 391
1729, 472, 492
1730, 808, 952
1731, 11, 296
1732, 175, 253
1733, 53, 557
1734, 846, 875
1735, 226, 290
1736, 310, 891
1737, 96, 990
1738, 333, 670
1739, 284, 738
1740, 180, 394
1741, 287, 674
1742, 433, 529
1743, 100, 447
1744, 402, 483
1745, 120, 553
1746, 741, 941
1747, 87, 210
1748, 712, 847
1749, 94, 264
1750, 103, 247
1751, 549, 796
1752, 414, 641
1753, 243, 728
1754, 193, 836
1755, 822, 975
1756, 224, 487
1757, 533, 779
1758, 19, 68
1759, 456, 911
1760, 552, 916
1761, 139, 813
1762, 27, 973
1763, 20, 416
1764, 690, 831
1765, 576, 692
1766, 559, 622
1767, 393, 832
1768, 479, 678
1769, 9, 256
1770, 48, 927
1771, 438, 452
1772, 531, 716
1773, 653, 816
1774, 198, 480
1775, 171, 207
1776, 229, 685
1777, 373, 998
1778, 569, 573
1779, 195, 880
1780, 525, 631
1781, 509, 873
1782, 101, 719
1783, 82, 299
1784, 872, 959
1785, 548, 687
1786, 166, 512
1787, 108, 446
1788, 304, 425
1789, 121, 501
1790, 44, 67
1791, 12, 633
1792, 194, 563
1793, 686, 724
1794, 41, 768
1795, 123, 908
1796, 89, 361
1797, 698, 840
1798, 145, 220
1799, 131, 181
1800, 246, 597
1801, 250, 737
1802, 455, 924
1803, 86, 143
1804, 309, 437
1805, 49, 600
1806, 318, 754
1807, 132, 397
1808, 133, 396
1809, 174, 419
1810, 522, 673
1811, 39, 665
1812, 28, 215
1813, 18, 819
1814, 223, 485
1815, 31, 682
1816, 184, 739
1817, 301, 769
1818, 711, 948
1819, 74, 288
1820, 272, 909
1821, 88, 442
1822, 122, 989
1823, 350, 818
1824, 413, 856
1825, 322, 353
1826, 85, 587
1827, 72, 468
1828, 463, 671
1829, 329, 614
1830, 160, 907
1831, 619, 999
1832, 163, 627
1833, 838, 951
1834, 387, 422
1835, 233, 473
1836, 664, 828
1837, 602, 994
1838, 80, 655
1839, 126, 374
1840, 325, 672
1841, 395, 502
1842, 274, 457
1843, 405, 920
1844, 271, 630
1845, 142, 424
1846, 258, 503
1847, 435, 516
1848, 432, 585
1849, 565, 645
1850, 505, 520
1851, 954, 956
1852, 277, 894
1853, 639, 942
1854, 675, 734
1855, 398, 566
1856, 135, 543
1857, 496, 865
1858, 66, 214
1859, 613, 934
1860, 319, 354
1861, 35, 382
1862, 410, 876
1863, 580, 731
1864, 245, 638
1865, 5, 700
1866, 857, 919
1867, 657, 874
1868, 823, 932
1869, 536, 833
1870, 326, 470
1871, 493, 615
1872, 254, 612
1873, 365, 647
1874, 159, 753
1875, 718, 882
1876, 51, 263
1877, 380, 978
1878, 29, 540
1879, 773, 776
1880, 146, 148
1881, 165, 355
1882, 514, 747
1883, 16, 178
1884, 15, 251
1885, 506, 860
1886, 523, 775
1887, 450, 560
1888, 461, 781
1889, 582, 925
1890, 84, 837
1891, 23, 637
1892, 344, 974
1893, 113, 182
1894, 378, 774
1895, 334, 729
1896, 707, 722
1897, 242, 346
1898, 13, 955
1899, 568, 892
1900, 499, 870
1901, 606, 746
1902, 570, 758
1903, 604, 636
1904, 179, 977
1905, 744, 953
1906, 98, 513
1907, 25, 850
1908, 427, 578
1909, 249, 546
1910, 291, 710
1911, 656, 879
1912, 340, 370
1913, 150, 972
1914, 59, 348
1915, 584, 910
1916, 186, 294
1917, 275, 436
1918, 601, 939
1919, 292, 343
1920, 286, 629
1921, 618, 906
1922, 199, 803
1923, 60, 62
1924, 183, 441
1925, 444, 534
1926, 111, 206
1927, 177, 980
1928, 451, 607
1929, 500, 834
1930, 118, 591
1931, 78, 945
1932, 495, 677
1933, 430, 730
1934, 933, 966
1935, 814, 826
1936, 239, 918
1937, 598, 950
1938, 572, 599
1939, 266, 308
1940, 231, 669
1941, 688, 762
1942, 109, 164
1943, 663, 802
1944, 73, 168
1945, 825, 904
1946, 390, 820
1947, 517, 806
1948, 805, 988
1949, 267, 608
1950, 337, 386
1951, 662, 913
1952, 651, 782
1953, 200, 644
1954, 152, 740
1955, 155, 385
1956, 218, 938
1957, 561, 704
1958, 235, 680
1959, 75, 478
1960, 124, 158
1961, 197, 280
1962, 930, 965
1963, 336, 890
1964, 611, 759
1965, 660, 689
1966, 400, 843
1967, 650, 881
1968, 654, 987
1969, 666, 794
1970, 327, 407
1971, 295, 928
1972, 428, 929
1973, 189, 204
1974, 770, 982
1975, 596, 708
1976, 338, 900
1977, 648, 992
1978, 905, 923
1979, 498, 868
1980, 497, 628
1981, 453, 835
1982, 228, 554
1983, 117, 788
1984, 188, 804
1985, 449, 462
1986, 720, 985
1987, 713, 851
1988, 474, 969
1989, 366, 703
1990, 302, 640
1991, 57, 411
1992, 144, 443
1993, 460, 763
1994, 313, 792
1995, 642, 993
1996, 475, 715
1997, 261, 471
1998, 105, 958
1999, 216, 886
2000, 293, 841
2001, 927, 959
2002, 117, 354
2003, 11, 315
2004, 23, 738
2005, 100, 933
2006, 708, 954
2007, 333, 558
2008, 398, 951
2009, 65, 472
2010, 1, 883
2011, 227, 245
2012, 216, 439
2013, 48, 49
2014, 494, 714
2015, 99, 192
2016, 291, 786
2017, 540, 687
2018, 838, 872
2019, 377, 663
2020, 447, 952
2021, 160, 955
2022, 860, 920
2023, 235, 947
2024, 573, 968
2025, 210, 359
2026, 79, 515
2027, 228, 255
2028, 198, 518
2029, 253, 465
2030, 104, 562
2031, 270, 499
2032, 320, 709
2033, 572, 832
2034, 123, 824
2035, 502, 893
2036, 568, 901
2037, 361, 463
2038, 329, 945
2039, 880, 925
2040, 224, 312
2041, 10, 651
2042, 422, 450
2043, 69, 643
2044, 458, 833
2045, 15, 602
2046, 61, 915
2047, 134, 689
2048, 378, 745
2049, 281, 850
2050, 80, 139
2051, 306, 387
2052, 580, 894
2053, 24, 616
2054, 582, 904
2055, 113, 213
2056, 666, 742
2057, 683, 991
2058, 390, 769
2059, 36, 402
2060, 108, 861
2061, 204, 433
2062, 95, 701
2063, 51, 55
2064, 185, 409
2065, 889, 953
2066, 575, 966
2067, 964, 989
2068, 851, 921
2069, 45, 563
2070, 661, 969
2071, 7, 734
2072, 151, 992
2073, 105, 777
2074, 258, 644
2075, 254, 877
2076, 442, 612
2077, 44, 785
2078, 650, 726
2079, 42, 754
2080, 299, 307
2081, 599, 821
2082, 630, 961
2083, 57, 149
2084, 425, 676
2085, 233, 314
2086, 545, 899
2087, 288, 885
2088, 31, 569
2089, 511, 988
2090, 492, 938
2091, 438, 892
2092, 468, 495
2093, 28, 719
2094, 102, 274
2095, 316, 364
2096, 92, 168
2097, 276, 340
2098, 598, 900
2099, 300, 870
2100, 400, 470
2101, 33, 944
2102, 722, 831
2103, 555, 975
2104, 74, 278
2105, 146, 523
2106, 560, 609
2107, 561, 842
2108, 855, 879
2109, 73, 853
2110, 265, 608
2111, 635, 698
2112, 691, 699
2113, 473, 800
2114, 81, 385
2115, 237, 686
2116, 773, 1000
2117, 594, 693
2118, 394, 648
2119, 14, 464
2120, 39, 804
2121, 596, 692
2122, 82, 466
2123, 322, 730
2124, 570, 715
2125, 59, 215
2126, 241, 848
2127, 120, 328
2128, 17, 388
2129, 331, 876
2130, 2, 640
2131, 295, 564
2132, 436, 440
2133, 150, 474
2134, 144, 330
2135, 247, 437
2136, 75, 277
2137, 163, 750
2138, 242, 895
2139, 86, 583
2140, 662, 697
2141, 629, 700
2142, 116, 956
2143, 243, 289
2144, 133, 426
2145, 335, 461
2146, 47, 521
2147, 483, 780
2148, 733, 815
2149, 260, 405
2150, 159, 918
2151, 230, 338
2152, 413, 475
2153, 460, 755
2154, 863, 931
2155, 164, 419
2156, 760, 807
2157, 637, 905
2158, 166, 248
2159, 62, 796
2160, 339, 677
2161, 169, 639
2162, 346, 751
2163, 728, 972
2164, 97, 321
2165, 156, 285
2166, 765, 820
2167, 534, 801
2168, 178, 771
2169, 513, 823
2170, 203, 336
2171, 593, 746
2172, 114, 595
2173, 435, 906
2174, 634, 878
2175, 317, 508
2176, 305, 649
2177, 507, 834
2178, 179, 309
2179, 527, 721
2180, 222, 574
2181, 504, 806
2182, 695, 930
2183, 145, 789
2184, 157, 868
2185, 732, 891
2186, 373, 615
2187, 111, 324
2188, 12, 506
2189, 131, 365
2190, 251, 788
2191, 488, 816
2192, 27, 995
2193, 250, 549
2194, 283, 675
2195, 618, 775
2196, 234, 846
2197, 744, 793
2198, 366, 871
2199, 500, 936
2200, 367, 369
2201, 226, 271
2202, 56, 349
2203, 264, 512
2204, 362, 625
2205, 343, 712
2206, 207, 536
2207, 96, 566
2208, 376, 797
2209, 809, 897
2210, 481, 929
2211, 219, 680
2212, 717, 911
2213, 454, 607
2214, 484, 856
2215, 902, 935
2216, 72, 736
2217, 189, 238
2218, 372, 770
2219, 172, 386
2220, 353, 835
2221, 190, 624
2222, 135, 432
2223, 161, 430
2224, 308, 985
2225, 212, 882
2226, 542, 620
2227, 162, 489
2228, 91, 165
2229, 19, 334
2230, 118, 781
2231, 420, 864
2232, 88, 922
2233, 4, 862
2234, 444, 547
2235, 195, 811
2236, 443, 525
2237, 30, 557
2238, 403, 828
2239, 469, 524
2240, 140, 170
2241, 187, 453
2242, 259, 452
2243, 171, 498
2244, 273, 810
2245, 76, 136
2246, 919, 923
2247, 303, 357
2248, 280, 656
2249, 479, 854
2250, 389, 817
2251, 240, 729
2252, 427, 529
2253, 101, 200
2254, 83, 89
2255, 177, 865
2256, 127, 818
2257, 416, 621
2258, 148, 943
2259, 5, 244
2260, 408, 690
2261, 370, 869
2262, 519, 610
2263, 579, 601
2264, 384, 704
2265, 478, 912
2266, 298, 950
2267, 548, 696
2268, 496, 682
2269, 535, 694
2270, 740, 761
2271, 363, 774
2272, 578, 660
2273, 665, 859
2274, 543, 702
2275, 154, 979
2276, 16, 40
2277, 194, 480
2278, 201, 965
2279, 211, 522
2280, 63, 344
2281, 559, 822
2282, 304, 845
2283, 35, 486
2284, 327, 707
2285, 803, 830
2286, 50, 128
2287, 725, 772
2288, 718, 724
2289, 552, 614
2290, 418, 981
2291, 753, 896
2292, 668, 841
2293, 252, 257
2294, 623, 688
2295, 670, 756
2296, 887, 962
2297, 371, 667
2298, 652, 706
2299, 720, 836
2300, 749, 946
2301, 18, 886
2302, 196, 622
2303, 85, 940
2304, 723, 825
2305, 209, 605
2306, 302, 380
2307, 641, 948
2308, 232, 679
2309, 94, 137
2310, 125, 998
2311, 421, 655
2312, 446, 604
2313, 275, 657
2314, 29, 631
2315, 183, 205
2316, 43, 214
2317, 659, 928
2318, 375, 456
2319, 188, 924
2320, 399, 739
2321, 491, 790
2322, 326, 743
2323, 671, 958
2324, 132, 208
2325, 352, 794
2326, 25, 263
2327, 182, 541
2328, 731, 916
2329, 759, 909
2330, 448, 471
2331, 282, 990
2332, 26, 576
2333, 627, 766
2334, 34, 379
2335, 126, 510
2336, 173, 406
2337, 323, 414
2338, 348, 628
2339, 633, 967
2340, 588, 884
2341, 53, 520
2342, 636, 792
2343, 374, 581
2344, 70, 684
2345, 231, 913
2346, 505, 590
2347, 852, 997
2348, 434, 441
2349, 261, 530
2350, 727, 768
2351, 382, 531
2352, 13, 550
2353, 93, 445
2354, 262, 587
2355, 356, 747
2356, 186, 776
2357, 41, 284
2358, 103, 246
2359, 272, 647
2360, 567, 646
2361, 393, 874
2362, 827, 839
2363, 98, 982
2364, 293, 837
2365, 487, 970
2366, 84, 296
2367, 52, 782
2368, 606, 914
2369, 8, 290
2370, 516, 757
2371, 381, 645
2372, 957, 993
2373, 3, 685
2374, 142, 653
2375, 337, 716
2376, 64, 407
2377, 867, 976
2378, 917, 939
2379, 490, 735
2380, 301, 318
2381, 129, 526
2382, 585, 844
2383, 206, 703
2384, 220, 799
2385, 814, 987
2386, 711, 752
2387, 341, 360
2388, 71, 236
2389, 112, 268
2390, 60, 556
2391, 546, 978
2392, 141, 681
2393, 279, 908
2394, 221, 342
2395, 600, 898
2396, 115, 412
2397, 107, 310
2398, 482, 571
2399, 345, 586
2400, 58, 672
2401, 404, 942
2402, 449, 477
2403, 32, 592
2404, 383, 669
2405, 167, 397
2406, 199, 368
2407, 705, 983
2408, 613, 784
2409, 38, 467
2410, 46, 158
2411, 122, 294
2412, 143, 589
2413, 20, 551
2414, 67, 106
2415, 642, 805
2416, 632, 881
2417, 713, 960
2418, 109, 110
2419, 286, 764
2420, 392, 538
2421, 184, 798
2422, 350, 963
2423, 355, 459
2424, 249, 391
2425, 611, 875
2426, 292, 843
2427, 311, 741
2428, 584, 779
2429, 325, 737
2430, 130, 748
2431, 710, 926
2432, 577, 949
2433, 175, 256
2434, 795, 857
2435, 68, 638
2436, 66, 826
2437, 21, 678
2438, 287, 429
2439, 87, 544
2440, 152, 829
2441, 218, 812
2442, 787, 937
2443, 358, 767
2444, 415, 565
2445, 54, 455
2446, 977, 994
2447, 528, 907
2448, 533, 984
2449, 514, 539
2450, 351, 603
2451, 297, 617
2452, 239, 973
2453, 319, 758
2454, 941, 980
2455, 428, 654
2456, 457, 501
2457, 229, 347
2458, 121, 497
2459, 180, 873
2460, 476, 778
2461, 313, 537
2462, 431, 808
2463, 124, 155
2464, 411, 664
2465, 78, 225
2466, 181, 996
2467, 462, 903
2468, 401, 986
2469, 802, 849
2470, 424, 591
2471, 267, 493
2472, 791, 819
2473, 396, 503
2474, 153, 451
2475, 553, 626
2476, 202, 673
2477, 138, 847
2478, 597, 813
2479, 763, 840
2480, 223, 532
2481, 423, 858
2482, 619, 762
2483, 191, 517
2484, 37, 119
2485, 9, 217
2486, 410, 417
2487, 395, 658
2488, 783, 974
2489, 269, 932
2490, 509, 674
2491, 866, 971
2492, 193, 197
2493, 147, 174
2494, 554, 890
2495, 266, 332
2496, 6, 888
2497, 485, 934
2498, 90, 910
2499, 176, 999
2500, 22, 77
2501, 310, 456
2502, 754, 776
2503, 745, 788
2504, 324, 582
2505, 363, 689
2506, 439, 698
2507, 223, 941
2508, 593, 631
2509, 520, 842
2510, 457, 661
2511, 141, 667
2512, 140, 360
2513, 26, 48
2514, 420, 702
2515, 45, 390
2516, 381, 834
2517, 124, 618
2518, 154, 823
2519, 107, 850
2520, 534, 574
2521, 806, 822
2522, 554, 915
2523, 564, 669
2524, 238, 727
2525, 99, 836
2526, 198, 285
2527, 548, 614
2528, 419, 572
2529, 196, 741
2530, 544, 1000
2531, 464, 804
2532, 440, 576
2533, 55, 524
2534, 326, 665
2535, 967, 981
2536, 427, 648
2537, 40, 584
2538, 168, 634
2539, 219, 236
2540, 475, 859
2541, 774, 810
2542, 284, 779
2543, 671, 953
2544, 282, 749
2545, 522, 992
2546, 1, 220
2547, 344, 449
2548, 256, 259
2549, 157, 370
2550, 678, 740
2551, 3, 620
2552, 46, 844
2553, 134, 625
2554, 365, 799
2555, 561, 837
2556, 110, 484
2557, 102, 458
2558, 453, 540
2559, 432, 752
2560, 338, 347
2561, 610, 781
2562, 68, 192
2563, 720, 864
2564, 385, 452
2565, 150, 403
2566, 187, 968
2567, 121, 202
2568, 19, 431
2569, 715, 746
2570, 374, 413
2571, 358, 414
2572, 170, 896
2573, 289, 501
2574, 406, 675
2575, 232, 250
2576, 7, 54
2577, 186, 604
2578, 261, 930
2579, 533, 944
2580, 142, 821
2581, 122, 900
2582, 247, 321
2583, 143, 985
2584, 824, 849
2585, 679, 695
2586, 129, 176
2587, 175, 890
2588, 151, 973
2589, 538, 559
2590, 263, 891
2591, 126, 158
2592, 75, 152
2593, 290, 940
2594, 164, 889
2595, 25, 510
2596, 217, 966
2597, 78, 412
2598, 350, 932
2599, 355, 901
2600, 205, 480
2601, 333, 926
2602, 400, 761
2603, 275, 387
2604, 835, 853
2605, 33, 314
2606, 418, 486
2607, 227, 796
2608, 463, 872
2609, 536, 668
2610, 300, 907
2611, 222, 398
2612, 146, 563
2613, 318, 494
2614, 337, 441
2615, 722, 943
2616, 35, 670
2617, 93, 962
2618, 450, 506
2619, 253, 515
2620, 662, 784
2621, 208, 461
2622, 8, 986
2623, 10, 841
2624, 243, 258
2625, 298, 602
2626, 553, 612
2627, 79, 410
2628, 251, 760
2629, 605, 655
2630, 199, 738
2631, 132, 279
2632, 216, 856
2633, 111, 787
2634, 60, 613
2635, 773, 819
2636, 589, 814
2637, 543, 685
2638, 92, 751
2639, 590, 713
2640, 586, 994
2641, 372, 672
2642, 39, 736
2643, 469, 971
2644, 580, 980
2645, 43, 972
2646, 364, 989
2647, 229, 594
2648, 866, 936
2649, 454, 573
2650, 136, 380
2651, 225, 688
2652, 644, 717
2653, 798, 812
2654, 490, 790
2655, 488, 527
2656, 477, 511
2657, 190, 260
2658, 395, 724
2659, 707, 904
2660, 211, 871
2661, 474, 978
2662, 85, 858
2663, 80, 239
2664, 382, 998
2665, 245, 772
2666, 641, 809
2667, 332, 905
2668, 325, 487
2669, 619, 964
2670, 537, 598
2671, 512, 652
2672, 755, 847
2673, 81, 913
2674, 402, 532
2675, 108, 657
2676, 739, 815
2677, 57, 415
2678, 295, 404
2679, 64, 438
2680, 191, 888
2681, 56, 362
2682, 874, 910
2683, 744, 947
2684, 632, 666
2685, 292, 505
2686, 200, 623
2687, 83, 517
2688, 479, 526
2689, 728, 817
2690, 237, 633
2691, 130, 214
2692, 459, 975
2693, 215, 426
2694, 177, 556
2695, 626, 785
2696, 206, 729
2697, 322, 877
2698, 76, 90
2699, 166, 244
2700, 777, 990
2701, 94, 304
2702, 235, 373
2703, 86, 331
2704, 407, 731
2705, 272, 383
2706, 481, 867
2707, 207, 442
2708, 693, 892
2709, 69, 845
2710, 36, 748
2711, 63, 302
2712, 201, 984
2713, 42, 352
2714, 172, 811
2715, 17, 271
2716, 62, 956
2717, 203, 545
2718, 204, 252
2719, 492, 521
2720, 639, 651
2721, 335, 462
2722, 210, 653
2723, 696, 794
2724, 359, 588
2725, 883, 933
2726, 558, 805
2727, 525, 686
2728, 189, 946
2729, 316, 578
2730, 4, 408
2731, 280, 694
2732, 523, 643
2733, 228, 699
2734, 138, 976
2735, 20, 447
2736, 446, 508
2737, 491, 750
2738, 248, 399
2739, 305, 732
2740, 428, 826
2741, 424, 848
2742, 329, 569
2743, 646, 718
2744, 276, 577
2745, 23, 396
2746, 473, 703
2747, 66, 766
2748, 109, 854
2749, 286, 375
2750, 127, 875
2751, 723, 818
2752, 328, 902
2753, 472, 808
2754, 5, 112
2755, 98, 659
2756, 265, 336
2757, 547, 927
2758, 378, 443
2759, 155, 600
2760, 912, 916
2761, 377, 664
2762, 67, 704
2763, 72, 684
2764, 868, 935
2765, 379, 676
2766, 700, 861
2767, 9, 218
2768, 489, 895
2769, 11, 278
2770, 106, 611
2771, 320, 884
2772, 780, 929
2773, 53, 184
2774, 340, 747
2775, 764, 816
2776, 246, 299
2777, 369, 460
2778, 368, 881
2779, 770, 997
2780, 283, 753
2781, 160, 862
2782, 87, 873
2783, 30, 376
2784, 96, 647
2785, 425, 719
2786, 257, 422
2787, 213, 371
2788, 421, 734
2789, 296, 960
2790, 914, 955
2791, 27, 226
2792, 319, 906
2793, 357, 846
2794, 52, 234
2795, 105, 654
2796, 147, 297
2797, 89, 552
2798, 792, 958
2799, 293, 437
2800, 351, 567
2801, 31, 367
2802, 14, 800
2803, 341, 560
2804, 268, 999
2805, 549, 609
2806, 435, 982
2807, 429, 954
2808, 131, 624
2809, 606, 880
2810, 546, 965
2811, 165, 769
2812, 195, 529
2813, 209, 531
2814, 542, 974
2815, 44, 264
2816, 303, 917
2817, 313, 638
2818, 366, 673
2819, 301, 616
2820, 312, 939
2821, 417, 622
2822, 471, 957
2823, 599, 988
2824, 391, 791
2825, 660, 991
2826, 113, 570
2827, 401, 467
2828, 306, 451
2829, 476, 500
2830, 465, 931
2831, 409, 466
2832, 233, 795
2833, 535, 601
2834, 539, 710
2835, 636, 649
2836, 617, 977
2837, 339, 687
2838, 392, 925
2839, 49, 174
2840, 37, 254
2841, 100, 860
2842, 103, 241
2843, 97, 775
2844, 455, 656
2845, 61, 793
2846, 194, 783
2847, 118, 433
2848, 725, 879
2849, 162, 870
2850, 394, 735
2851, 50, 726
2852, 315, 343
2853, 597, 950
2854, 882, 961
2855, 829, 899
2856, 139, 682
2857, 807, 865
2858, 566, 629
2859, 116, 767
2860, 185, 987
2861, 937, 959
2862, 876, 970
2863, 423, 551
2864, 18, 911
2865, 628, 893
2866, 565, 921
2867, 144, 334
2868, 444, 587
2869, 84, 502
2870, 115, 267
2871, 909, 983
2872, 171, 840
2873, 330, 716
2874, 518, 897
2875, 430, 705
2876, 173, 179
2877, 513, 942
2878, 119, 820
2879, 571, 768
2880, 274, 706
2881, 221, 786
2882, 294, 579
2883, 568, 903
2884, 137, 833
2885, 47, 759
2886, 104, 996
2887, 342, 852
2888, 384, 642
2889, 270, 608
2890, 16, 509
2891, 281, 674
2892, 13, 519
2893, 273, 681
2894, 32, 528
2895, 498, 919
2896, 125, 627
2897, 74, 709
2898, 77, 188
2899, 169, 737
2900, 945, 949
2901, 71, 923
2902, 557, 708
2903, 356, 758
2904, 640, 839
2905, 583, 680
2906, 311, 353
2907, 493, 928
2908, 516, 869
2909, 386, 448
2910, 266, 763
2911, 28, 615
2912, 434, 951
2913, 801, 843
2914, 51, 58
2915, 691, 838
2916, 38, 231
2917, 393, 499
2918, 308, 948
2919, 181, 635
2920, 34, 470
2921, 269, 789
2922, 101, 797
2923, 637, 721
2924, 595, 603
2925, 88, 135
2926, 650, 701
2927, 22, 416
2928, 483, 730
2929, 73, 277
2930, 388, 857
2931, 287, 765
2932, 742, 993
2933, 24, 714
2934, 123, 575
2935, 478, 924
2936, 288, 743
2937, 778, 827
2938, 514, 733
2939, 240, 803
2940, 15, 41
2941, 117, 327
2942, 12, 309
2943, 550, 562
2944, 163, 591
2945, 920, 934
2946, 663, 692
2947, 291, 555
2948, 70, 711
2949, 197, 832
2950, 397, 885
2951, 485, 585
2952, 2, 345
2953, 507, 851
2954, 145, 677
2955, 825, 863
2956, 193, 894
2957, 95, 886
2958, 183, 697
2959, 354, 771
2960, 82, 242
2961, 348, 607
2962, 436, 813
2963, 156, 922
2964, 830, 995
2965, 645, 855
2966, 120, 757
2967, 59, 114
2968, 29, 167
2969, 153, 878
2970, 756, 938
2971, 262, 690
2972, 21, 323
2973, 182, 530
2974, 361, 782
2975, 149, 503
2976, 161, 592
2977, 482, 497
2978, 224, 979
2979, 128, 346
2980, 496, 630
2981, 148, 349
2982, 178, 969
2983, 249, 683
2984, 65, 952
2985, 133, 918
2986, 255, 317
2987, 411, 541
2988, 91, 405
2989, 230, 762
2990, 504, 831
2991, 6, 621
2992, 307, 802
2993, 495, 581
2994, 180, 389
2995, 828, 963
2996, 445, 887
2997, 596, 898
2998, 468, 712
2999, 658, 908
3000, 159, 212
3001, 31, 357
3002, 53, 576
3003, 493, 654
3004, 182, 393
3005, 730, 859
3006, 469, 860
3007, 412, 413
3008, 287, 402
3009, 114, 415
3010, 160, 882
3011, 561, 798
3012, 435, 556
3013, 537, 544
3014, 21, 935
3015, 262, 773
3016, 710, 979
3017, 242, 362
3018, 137, 723
3019, 754, 955
3020, 179, 355
3021, 285, 971
3022, 321, 356
3023, 231, 410
3024, 112, 639
3025, 56, 889
3026, 208, 332
3027, 166, 733
3028, 637, 762
3029, 601, 642
3030, 902, 963
3031, 173, 950
3032, 311, 407
3033, 807, 825
3034, 408, 500
3035, 47, 856
3036, 246, 265
3037, 712, 720
3038, 342, 347
3039, 339, 852
3040, 227, 522
3041, 202, 985
3042, 156, 749
3043, 169, 252
3044, 472, 480
3045, 404, 812
3046, 778, 851
3047, 621, 634
3048, 123, 337
3049, 283, 624
3050, 221, 464
3051, 5, 39
3052, 17, 503
3053, 148, 668
3054, 687, 765
3055, 529, 932
3056, 245, 982
3057, 143, 361
3058, 750, 845
3059, 446, 451
3060, 609, 660
3061, 833, 853
3062, 61, 731
3063, 136, 177
3064, 456, 745
3065, 224, 489
3066, 377, 439
3067, 243, 667
3068, 181, 767
3069, 247, 349
3070, 256, 444
3071, 535, 719
3072, 592, 674
3073, 504, 630
3074, 273, 302
3075, 300, 947
3076, 191, 751
3077, 77, 742
3078, 186, 225
3079, 581, 652
3080, 139, 820
3081, 293, 620
3082, 174, 396
3083, 116, 436
3084, 315, 380
3085, 85, 797
3086, 540, 846
3087, 235, 672
3088, 603, 756
3089, 254, 478
3090, 602, 903
3091, 71, 73
3092, 46, 997
3093, 147, 309
3094, 200, 271
3095, 141, 993
3096, 325, 348
3097, 33, 371
3098, 34, 471
3099, 474, 961
3100, 279, 740
3101, 216, 553
3102, 154, 694
3103, 594, 804
3104, 786, 960
3105, 616, 897
3106, 677, 970
3107, 463, 800
3108, 722, 995
3109, 363, 541
3110, 43, 109
3111, 37, 925
3112, 976, 980
3113, 80, 608
3114, 228, 996
3115, 426, 896
3116, 453, 780
3117, 11, 648
3118, 286, 427
3119, 183, 737
3120, 131, 383
3121, 390, 570
3122, 28, 258
3123, 223, 611
3124, 204, 717
3125, 93, 835
3126, 708, 783
3127, 494, 801
3128, 425, 447
3129, 83, 761
3130, 814, 915
3131, 275, 333
3132, 244, 967
3133, 13, 847
3134, 248, 508
3135, 219, 760
3136, 94, 721
3137, 368, 837
3138, 401, 766
3139, 230, 585
3140, 253, 841
3141, 259, 842
3142, 650, 898
3143, 146, 752
3144, 84, 486
3145, 365, 525
3146, 565, 725
3147, 108, 681
3148, 126, 791
3149, 128, 437
3150, 149, 685
3151, 272, 930
3152, 669, 698
3153, 790, 957
3154, 782, 830
3155, 441, 575
3156, 700, 991
3157, 127, 746
3158, 323, 465
3159, 144, 515
3160, 220, 644
3161, 482, 591
3162, 695, 755
3163, 386, 724
3164, 289, 457
3165, 470, 726
3166, 378, 512
3167, 530, 625
3168, 96, 485
3169, 366, 506
3170, 343, 419
3171, 918, 974
3172, 817, 854
3173, 213, 538
3174, 69, 886
3175, 327, 656
3176, 729, 768
3177, 267, 864
3178, 184, 257
3179, 895, 943
3180, 822, 908
3181, 389, 449
3182, 584, 673
3183, 707, 910
3184, 440, 923
3185, 484, 499
3186, 319, 716
3187, 516, 705
3188, 153, 706
3189, 95, 838
3190, 151, 454
3191, 526, 631
3192, 67, 972
3193, 201, 421
3194, 180, 433
3195, 18, 622
3196, 263, 663
3197, 514, 806
3198, 376, 888
3199, 424, 586
3200, 799, 803
3201, 140, 653
3202, 306, 445
3203, 641, 871
3204, 72, 938
3205, 481, 789
3206, 403, 739
3207, 63, 939
3208, 338, 597
3209, 142, 532
3210, 70, 344
3211, 97, 904
3212, 680, 834
3213, 20, 688
3214, 38, 133
3215, 297, 330
3216, 7, 119
3217, 633, 699
3218, 549, 779
3219, 487, 878
3220, 543, 736
3221, 374, 420
3222, 691, 741
3223, 104, 627
3224, 612, 913
3225, 57, 899
3226, 536, 819
3227, 316, 367
3228, 718, 978
3229, 375, 909
3230, 438, 510
3231, 270, 488
3232, 629, 785
3233, 59, 175
3234, 54, 965
3235, 50, 951
3236, 703, 713
3237, 693, 928
3238, 509, 686
3239, 233, 574
3240, 588, 954
3241, 171, 278
3242, 102, 989
3243, 35, 850
3244, 217, 392
3245, 406, 657
3246, 635, 678
3247, 291, 774
3248, 105, 823
3249, 690, 949
3250, 346, 661
3251, 442, 769
3252, 295, 476
3253, 51, 411
3254, 929, 948
3255, 90, 655
3256, 261, 890
3257, 8, 545
3258, 523, 658
3259, 360, 958
3260, 606, 697
3261, 679, 692
3262, 547, 670
3263, 462, 501
3264, 434, 645
3265, 168, 881
3266, 777, 802
3267, 550, 893
3268, 145, 824
3269, 296, 416
3270, 157, 999
3271, 40, 816
3272, 483, 715
3273, 199, 417
3274, 458, 473
3275, 111, 214
3276, 387, 743
3277, 992, 998
3278, 505, 775
3279, 150, 917
3280, 158, 163
3281, 10, 249
3282, 562, 858
3283, 590, 727
3284, 22, 832
3285, 491, 498
3286, 596, 844
3287, 118, 794
3288, 130, 307
3289, 546, 665
3290, 294, 891
3291, 25, 787
3292, 6, 689
3293, 513, 770
3294, 432, 675
3295, 268, 502
3296, 189, 876
3297, 110, 936
3298, 58, 399
3299, 646, 714
3300, 65, 379
3301, 277, 314
3302, 428, 866
3303, 66, 795
3304, 14, 87
3305, 580, 704
3306, 394, 605
3307, 12, 571
3308, 595, 867
3309, 86, 274
3310, 27, 582
3311, 572, 870
3312, 304, 914
3313, 101, 397
3314, 350, 872
3315, 578, 931
3316, 132, 431
3317, 771, 990
3318, 206, 818
3319, 345, 764
3320, 610, 643
3321, 250, 528
3322, 2, 826
3323, 301, 568
3324, 632, 748
3325, 559, 855
3326, 78, 868
3327, 178, 563
3328, 125, 983
3329, 237, 490
3330, 600, 934
3331, 865, 975
3332, 215, 312
3333, 26, 861
3334, 292, 583
3335, 48, 324
3336, 194, 587
3337, 193, 567
3338, 92, 430
3339, 381, 400
3340, 475, 894
3341, 638, 810
3342, 251, 874
3343, 79, 744
3344, 772, 883
3345, 477, 848
3346, 298, 310
3347, 879, 912
3348, 185, 849
3349, 190, 920
3350, 269, 548
3351, 466, 649
3352, 276, 781
3353, 134, 829
3354, 222, 901
3355, 461, 732
3356, 81, 966
3357, 495, 551
3358, 55, 117
3359, 122, 747
3360, 921, 940
3361, 682, 738
3362, 496, 977
3363, 334, 946
3364, 229, 241
3365, 226, 236
3366, 317, 711
3367, 370, 927
3368, 388, 618
3369, 120, 187
3370, 573, 792
3371, 448, 815
3372, 15, 16
3373, 758, 776
3374, 167, 284
3375, 607, 885
3376, 176, 326
3377, 671, 788
3378, 626, 907
3379, 288, 623
3380, 41, 728
3381, 290, 613
3382, 520, 615
3383, 124, 709
3384, 75, 353
3385, 30, 589
3386, 60, 322
3387, 517, 981
3388, 172, 335
3389, 89, 593
3390, 76, 862
3391, 103, 329
3392, 260, 604
3393, 552, 873
3394, 234, 255
3395, 264, 988
3396, 566, 617
3397, 511, 684
3398, 942, 964
3399, 753, 793
3400, 805, 857
3401, 3, 1000
3402, 352, 926
3403, 121, 953
3404, 757, 941
3405, 391, 664
3406, 91, 341
3407, 373, 968
3408, 662, 959
3409, 385, 450
3410, 9, 44
3411, 497, 554
3412, 165, 455
3413, 113, 564
3414, 98, 369
3415, 405, 922
3416, 129, 579
3417, 52, 152
3418, 313, 828
3419, 836, 986
3420, 209, 880
3421, 88, 155
3422, 205, 534
3423, 813, 827
3424, 162, 429
3425, 188, 212
3426, 443, 831
3427, 195, 784
3428, 238, 459
3429, 336, 423
3430, 138, 651
3431, 42, 82
3432, 99, 100
3433, 577, 759
3434, 170, 735
3435, 305, 468
3436, 351, 647
3437, 701, 877
3438, 328, 384
3439, 32, 192
3440, 64, 840
3441, 533, 734
3442, 521, 869
3443, 29, 196
3444, 135, 364
3445, 492, 892
3446, 207, 636
3447, 659, 666
3448, 414, 507
3449, 467, 519
3450, 619, 924
3451, 240, 282
3452, 49, 614
3453, 203, 358
3454, 210, 683
3455, 74, 911
3456, 628, 863
3457, 318, 887
3458, 875, 973
3459, 599, 809
3460, 211, 331
3461, 198, 524
3462, 531, 839
3463, 676, 763
3464, 539, 944
3465, 933, 956
3466, 320, 340
3467, 218, 569
3468, 395, 518
3469, 359, 382
3470, 1, 987
3471, 159, 308
3472, 640, 821
3473, 479, 969
3474, 560, 808
3475, 19, 299
3476, 542, 696
3477, 372, 916
3478, 945, 962
3479, 900, 994
3480, 796, 984
3481, 164, 702
3482, 239, 452
3483, 45, 952
3484, 266, 354
3485, 161, 280
3486, 106, 232
3487, 197, 422
3488, 107, 303
3489, 36, 905
3490, 115, 555
3491, 23, 884
3492, 68, 557
3493, 24, 62
3494, 558, 919
3495, 398, 843
3496, 409, 527
3497, 598, 906
3498, 460, 811
3499, 281, 937
3500, 4, 418
3501, 254, 980
3502, 216, 668
3503, 249, 673
3504, 361, 695
3505, 242, 358
3506, 434, 990
3507, 546, 702
3508, 258, 490
3509, 20, 900
3510, 877, 938
3511, 402, 522
3512, 5, 101
3513, 163, 825
3514, 92, 552
3515, 161, 868
3516, 333, 740
3517, 736, 775
3518, 260, 794
3519, 514, 771
3520, 409, 784
3521, 345, 739
3522, 119, 878
3523, 29, 776
3524, 354, 411
3525, 68, 322
3526, 481, 723
3527, 439, 879
3528, 535, 592
3529, 4, 651
3530, 315, 989
3531, 127, 319
3532, 6, 783
3533, 153, 380
3534, 217, 756
3535, 164, 532
3536, 483, 620
3537, 288, 540
3538, 14, 57
3539, 308, 418
3540, 721, 963
3541, 43, 368
3542, 45, 337
3543, 419, 965
3544, 281, 530
3545, 123, 541
3546, 849, 853
3547, 386, 666
3548, 106, 565
3549, 54, 735
3550, 195, 642
3551, 300, 461
3552, 647, 818
3553, 210, 677
3554, 889, 909
3555, 79, 507
3556, 371, 712
3557, 213, 421
3558, 291, 684
3559, 87, 152
3560, 289, 531
3561, 661, 808
3562, 718, 834
3563, 183, 836
3564, 280, 398
3565, 8, 149
3566, 122, 367
3567, 701, 874
3568, 312, 394
3569, 208, 595
3570, 83, 708
3571, 30, 141
3572, 53, 526
3573, 512, 843
3574, 713, 778
3575, 428, 555
3576, 96, 559
3577, 602, 982
3578, 524, 803
3579, 112, 248
3580, 556, 774
3581, 239, 355
3582, 170, 956
3583, 504, 838
3584, 40, 363
3585, 269, 445
3586, 245, 493
3587, 48, 528
3588, 867, 902
3589, 10, 39
3590, 192, 392
3591, 294, 903
3592, 185, 387
3593, 77, 525
3594, 85, 863
3595, 665, 791
3596, 223, 752
3597, 729, 832
3598, 13, 257
3599, 199, 917
3600, 476, 880
3601, 474, 890
3602, 253, 819
3603, 415, 550
3604, 17, 643
3605, 148, 348
3606, 306, 329
3607, 760, 885
3608, 585, 707
3609, 381, 510
3610, 676, 698
3611, 446, 545
3612, 338, 663
3613, 273, 932
3614, 73, 377
3615, 279, 748
3616, 624, 866
3617, 757, 893
3618, 429, 969
3619, 277, 824
3620, 733, 951
3621, 503, 809
3622, 132, 847
3623, 403, 772
3624, 722, 763
3625, 360, 767
3626, 204, 664
3627, 108, 648
3628, 804, 968
3629, 519, 911
3630, 696, 974
3631, 194, 263
3632, 399, 919
3633, 497, 505
3634, 369, 786
3635, 35, 948
3636, 226, 728
3637, 820, 972
3638, 64, 284
3639, 313, 996
3640, 58, 553
3641, 191, 861
3642, 489, 960
3643, 452, 714
3644, 534, 955
3645, 314, 681
3646, 854, 983
3647, 414, 925
3648, 214, 631
3649, 178, 460
3650, 37, 672
3651, 103, 420
3652, 616, 617
3653, 773, 857
3654, 487, 872
3655, 187, 326
3656, 869, 978
3657, 41, 644
3658, 63, 521
3659, 615, 656
3660, 215, 438
3661, 197, 953
3662, 309, 424
3663, 587, 626
3664, 238, 793
3665, 169, 720
3666, 200, 236
3667, 3, 15
3668, 798, 827
3669, 350, 560
3670, 157, 482
3671, 408, 888
3672, 462, 596
3673, 201, 995
3674, 167, 797
3675, 901, 962
3676, 18, 159
3677, 250, 431
3678, 737, 887
3679, 770, 850
3680, 871, 896
3681, 467, 543
3682, 142, 143
3683, 2, 261
3684, 154, 566
3685, 256, 945
3686, 538, 859
3687, 459, 691
3688, 905, 937
3689, 451, 502
3690, 190, 934
3691, 81, 944
3692, 69, 670
3693, 100, 426
3694, 593, 967
3695, 124, 274
3696, 833, 916
3697, 470, 632
3698, 457, 936
3699, 252, 734
3700, 390, 940
3701, 645, 851
3702, 60, 86
3703, 527, 650
3704, 324, 904
3705, 600, 815
3706, 135, 382
3707, 12, 986
3708, 186, 230
3709, 638, 939
3710, 557, 782
3711, 606, 732
3712, 296, 848
3713, 147, 826
3714, 203, 389
3715, 876, 920
3716, 166, 547
3717, 21, 496
3718, 24, 629
3719, 11, 795
3720, 59, 397
3721, 491, 704
3722, 464, 785
3723, 440, 845
3724, 91, 844
3725, 26, 935
3726, 125, 529
3727, 33, 536
3728, 738, 840
3729, 225, 731
3730, 275, 365
3731, 72, 636
3732, 810, 891
3733, 432, 961
3734, 875, 943
3735, 671, 966
3736, 473, 812
3737, 571, 634
3738, 604, 931
3739, 287, 821
3740, 94, 724
3741, 456, 659
3742, 23, 346
3743, 292, 699
3744, 690, 806
3745, 852, 899
3746, 129, 342
3747, 687, 915
3748, 62, 155
3749, 413, 579
3750, 146, 790
3751, 272, 498
3752, 478, 997
3753, 882, 984
3754, 76, 243
3755, 218, 266
3756, 542, 979
3757, 65, 567
3758, 131, 781
3759, 686, 830
3760, 335, 564
3761, 75, 796
3762, 611, 828
3763, 357, 569
3764, 267, 506
3765, 330, 994
3766, 295, 700
3767, 118, 520
3768, 572, 910
3769, 477, 682
3770, 70, 839
3771, 22, 469
3772, 268, 577
3773, 145, 835
3774, 160, 865
3775, 378, 466
3776, 28, 449
3777, 437, 807
3778, 321, 563
3779, 36, 669
3780, 182, 873
3781, 180, 842
3782, 52, 472
3783, 259, 716
3784, 80, 286
3785, 385, 495
3786, 38, 924
3787, 622, 946
3788, 27, 609
3789, 134, 846
3790, 351, 883
3791, 463, 705
3792, 181, 327
3793, 811, 912
3794, 823, 976
3795, 475, 501
3796, 139, 856
3797, 55, 923
3798, 384, 711
3799, 196, 637
3800, 416, 975
3801, 158, 188
3802, 679, 947
3803, 964, 987
3804, 618, 750
3805, 114, 918
3806, 685, 841
3807, 683, 746
3808, 341, 455
3809, 316, 425
3810, 328, 373
3811, 47, 318
3812, 115, 640
3813, 228, 356
3814, 84, 500
3815, 176, 894
3816, 89, 359
3817, 265, 761
3818, 61, 688
3819, 479, 583
3820, 492, 753
3821, 325, 422
3822, 349, 575
3823, 396, 802
3824, 929, 1000
3825, 630, 822
3826, 494, 907
3827, 95, 601
3828, 50, 283
3829, 144, 789
3830, 450, 628
3831, 16, 102
3832, 480, 762
3833, 805, 897
3834, 93, 370
3835, 104, 211
3836, 379, 423
3837, 179, 471
3838, 1, 264
3839, 25, 605
3840, 597, 787
3841, 619, 758
3842, 128, 981
3843, 336, 928
3844, 293, 509
3845, 590, 864
3846, 31, 107
3847, 177, 730
3848, 573, 950
3849, 105, 442
3850, 374, 627
3851, 140, 831
3852, 67, 914
3853, 388, 759
3854, 518, 971
3855, 74, 726
3856, 554, 999
3857, 285, 837
3858, 109, 588
3859, 584, 709
3860, 486, 892
3861, 251, 278
3862, 366, 417
3863, 173, 229
3864, 7, 227
3865, 165, 441
3866, 113, 435
3867, 222, 539
3868, 405, 725
3869, 78, 814
3870, 212, 594
3871, 51, 468
3872, 19, 447
3873, 323, 581
3874, 533, 949
3875, 99, 858
3876, 332, 922
3877, 90, 307
3878, 221, 549
3879, 237, 551
3880, 282, 692
3881, 548, 706
3882, 209, 816
3883, 646, 777
3884, 860, 881
3885, 130, 788
3886, 255, 271
3887, 516, 998
3888, 764, 906
3889, 511, 582
3890, 792, 959
3891, 334, 383
3892, 49, 658
3893, 331, 574
3894, 375, 427
3895, 801, 992
3896, 655, 941
3897, 305, 317
3898, 304, 817
3899, 44, 126
3900, 544, 607
3901, 621, 741
3902, 598, 667
3903, 189, 727
3904, 458, 603
3905, 231, 517
3906, 302, 895
3907, 347, 561
3908, 88, 137
3909, 232, 886
3910, 303, 410
3911, 111, 697
3912, 310, 958
3913, 488, 508
3914, 499, 742
3915, 430, 680
3916, 244, 400
3917, 162, 862
3918, 406, 484
3919, 376, 562
3920, 136, 580
3921, 117, 234
3922, 42, 395
3923, 202, 276
3924, 120, 870
3925, 297, 957
3926, 246, 754
3927, 454, 641
3928, 485, 744
3929, 436, 908
3930, 175, 694
3931, 586, 633
3932, 343, 576
3933, 353, 800
3934, 568, 703
3935, 513, 608
3936, 133, 591
3937, 639, 675
3938, 224, 884
3939, 121, 138
3940, 46, 689
3941, 184, 930
3942, 779, 780
3943, 97, 205
3944, 174, 635
3945, 769, 813
3946, 433, 448
3947, 443, 649
3948, 407, 855
3949, 56, 193
3950, 198, 743
3951, 362, 952
3952, 747, 755
3953, 206, 515
3954, 599, 652
3955, 32, 749
3956, 745, 927
3957, 401, 625
3958, 151, 391
3959, 247, 921
3960, 657, 768
3961, 9, 168
3962, 339, 453
3963, 301, 954
3964, 913, 977
3965, 71, 765
3966, 116, 372
3967, 678, 970
3968, 235, 298
3969, 344, 933
3970, 240, 612
3971, 393, 715
3972, 444, 985
3973, 290, 926
3974, 220, 991
3975, 465, 653
3976, 537, 710
3977, 404, 674
3978, 66, 412
3979, 110, 320
3980, 156, 558
3981, 34, 766
3982, 171, 219
3983, 364, 693
3984, 241, 829
3985, 172, 270
3986, 82, 150
3987, 751, 993
3988, 589, 898
3989, 340, 719
3990, 654, 660
3991, 662, 988
3992, 570, 973
3993, 610, 799
3994, 233, 623
3995, 207, 299
3996, 578, 613
3997, 98, 262
3998, 352, 614
3999, 311, 942
4000, 523, 717
