id, img1, img2
1, 578, 851
2, 160, 620
3, 36, 623
4, 319, 831
5, 439, 861
6, 62, 801
7, 85, 478
8, 151, 786
9, 605, 852
10, 479, 550
11, 345, 571
12, 184, 270
13, 11, 626
14, 583, 739
15, 867, 925
16, 101, 158
17, 318, 564
18, 415, 986
19, 291, 954
20, 890, 981
21, 447, 735
22, 545, 767
23, 783, 988
24, 228, 961
25, 324, 877
26, 459, 551
27, 19, 206
28, 420, 712
29, 296, 527
30, 445, 581
31, 298, 733
32, 176, 967
33, 491, 962
34, 177, 720
35, 800, 839
36, 274, 671
37, 6, 234
38, 198, 609
39, 155, 396
40, 138, 893
41, 275, 336
42, 433, 454
43, 40, 991
44, 448, 497
45, 218, 530
46, 269, 716
47, 466, 603
48, 169, 422
49, 311, 847
50, 519, 948
51, 515, 596
52, 32, 149
53, 132, 223
54, 91, 761
55, 163, 333
56, 78, 122
57, 147, 875
58, 153, 631
59, 12, 408
60, 674, 683
61, 450, 972
62, 547, 883
63, 656, 690
64, 410, 553
65, 443, 543
66, 653, 892
67, 197, 912
68, 261, 670
69, 813, 984
70, 785, 837
71, 150, 641
72, 286, 804
73, 317, 935
74, 824, 946
75, 157, 857
76, 235, 356
77, 210, 574
78, 215, 830
79, 313, 906
80, 202, 535
81, 262, 698
82, 312, 1000
83, 435, 920
84, 663, 759
85, 681, 894
86, 803, 838
87, 701, 970
88, 38, 889
89, 529, 558
90, 608, 743
91, 308, 385
92, 436, 887
93, 211, 309
94, 50, 675
95, 493, 975
96, 424, 858
97, 246, 677
98, 121, 908
99, 306, 979
100, 71, 189
101, 172, 792
102, 88, 373
103, 414, 945
104, 350, 568
105, 140, 916
106, 506, 624
107, 120, 757
108, 473, 523
109, 704, 866
110, 26, 689
111, 546, 764
112, 355, 937
113, 272, 740
114, 441, 950
115, 737, 756
116, 695, 777
117, 651, 781
118, 251, 594
119, 133, 884
120, 33, 366
121, 57, 209
122, 652, 717
123, 565, 772
124, 630, 664
125, 943, 976
126, 194, 376
127, 467, 895
128, 380, 577
129, 185, 983
130, 257, 303
131, 67, 676
132, 476, 600
133, 418, 999
134, 174, 360
135, 342, 501
136, 258, 438
137, 464, 762
138, 168, 237
139, 561, 667
140, 98, 412
141, 585, 929
142, 417, 528
143, 492, 856
144, 700, 784
145, 178, 610
146, 238, 989
147, 516, 597
148, 233, 294
149, 451, 575
150, 449, 614
151, 154, 187
152, 344, 672
153, 582, 687
154, 302, 379
155, 599, 874
156, 533, 930
157, 29, 432
158, 54, 747
159, 284, 987
160, 165, 793
161, 252, 409
162, 587, 840
163, 691, 769
164, 362, 825
165, 462, 557
166, 47, 952
167, 254, 864
168, 244, 278
169, 782, 942
170, 348, 758
171, 826, 915
172, 390, 628
173, 470, 487
174, 156, 536
175, 81, 413
176, 387, 549
177, 248, 580
178, 829, 835
179, 723, 963
180, 369, 573
181, 706, 765
182, 74, 201
183, 787, 922
184, 225, 539
185, 394, 711
186, 2, 899
187, 13, 323
188, 452, 618
189, 106, 593
190, 699, 776
191, 86, 271
192, 76, 878
193, 111, 789
194, 661, 834
195, 249, 524
196, 243, 634
197, 518, 934
198, 87, 217
199, 622, 965
200, 403, 753
201, 745, 939
202, 247, 897
203, 18, 673
204, 134, 726
205, 116, 944
206, 453, 755
207, 253, 729
208, 537, 638
209, 731, 794
210, 331, 980
211, 504, 721
212, 604, 881
213, 93, 736
214, 688, 990
215, 738, 751
216, 45, 293
217, 63, 774
218, 780, 868
219, 42, 152
220, 488, 956
221, 7, 885
222, 27, 64
223, 314, 534
224, 279, 359
225, 559, 827
226, 61, 273
227, 58, 802
228, 552, 730
229, 354, 480
230, 200, 873
231, 51, 936
232, 16, 96
233, 226, 719
234, 103, 790
235, 173, 398
236, 231, 734
237, 1, 425
238, 48, 768
239, 375, 799
240, 353, 640
241, 227, 665
242, 208, 607
243, 401, 927
244, 113, 259
245, 79, 287
246, 556, 978
247, 977, 982
248, 397, 955
249, 301, 833
250, 606, 850
251, 560, 766
252, 361, 483
253, 46, 338
254, 428, 754
255, 455, 992
256, 496, 722
257, 310, 863
258, 507, 760
259, 139, 430
260, 123, 968
261, 457, 617
262, 806, 969
263, 404, 655
264, 658, 974
265, 513, 862
266, 8, 108
267, 499, 822
268, 145, 625
269, 17, 31
270, 148, 669
271, 633, 657
272, 167, 795
273, 869, 997
274, 264, 931
275, 334, 685
276, 115, 900
277, 41, 421
278, 4, 229
279, 619, 632
280, 352, 368
281, 384, 880
282, 221, 458
283, 771, 909
284, 203, 579
285, 44, 299
286, 34, 382
287, 216, 330
288, 386, 959
289, 3, 411
290, 239, 696
291, 292, 544
292, 595, 971
293, 164, 179
294, 196, 349
295, 37, 752
296, 213, 749
297, 402, 728
298, 95, 469
299, 645, 902
300, 489, 932
301, 358, 715
302, 80, 778
303, 65, 188
304, 55, 570
305, 326, 431
306, 25, 199
307, 327, 842
308, 576, 742
309, 295, 508
310, 440, 714
311, 494, 572
312, 468, 511
313, 357, 510
314, 60, 917
315, 810, 901
316, 541, 796
317, 180, 692
318, 538, 849
319, 591, 919
320, 592, 940
321, 525, 775
322, 70, 843
323, 214, 377
324, 680, 819
325, 142, 985
326, 707, 923
327, 268, 709
328, 118, 854
329, 205, 566
330, 20, 505
331, 437, 846
332, 144, 391
333, 616, 637
334, 400, 588
335, 540, 727
336, 182, 522
337, 107, 389
338, 207, 265
339, 242, 921
340, 49, 495
341, 282, 639
342, 23, 406
343, 5, 212
344, 365, 879
345, 341, 343
346, 648, 724
347, 128, 137
348, 72, 392
349, 347, 744
350, 808, 853
351, 35, 668
352, 52, 307
353, 694, 816
354, 146, 629
355, 325, 798
356, 429, 636
357, 181, 949
358, 30, 135
359, 220, 815
360, 322, 647
361, 59, 928
362, 542, 947
363, 548, 654
364, 83, 910
365, 746, 832
366, 812, 958
367, 926, 995
368, 204, 615
369, 131, 779
370, 705, 907
371, 222, 305
372, 315, 555
373, 114, 532
374, 718, 821
375, 90, 245
376, 703, 708
377, 195, 465
378, 741, 966
379, 351, 817
380, 166, 193
381, 56, 75
382, 378, 563
383, 119, 367
384, 136, 871
385, 109, 941
386, 328, 797
387, 316, 896
388, 141, 957
389, 277, 635
390, 586, 886
391, 750, 865
392, 110, 290
393, 650, 693
394, 69, 996
395, 702, 973
396, 130, 256
397, 678, 805
398, 444, 828
399, 191, 297
400, 28, 171
401, 682, 845
402, 43, 993
403, 416, 589
404, 300, 994
405, 124, 562
406, 434, 924
407, 255, 520
408, 224, 876
409, 77, 381
410, 285, 841
411, 288, 823
412, 14, 127
413, 514, 521
414, 463, 836
415, 21, 266
416, 289, 627
417, 22, 372
418, 190, 725
419, 143, 567
420, 471, 602
421, 713, 898
422, 611, 612
423, 710, 911
424, 94, 613
425, 598, 770
426, 68, 964
427, 39, 280
428, 97, 427
429, 129, 844
430, 161, 186
431, 486, 888
432, 498, 891
433, 512, 855
434, 407, 933
435, 642, 809
436, 484, 848
437, 10, 105
438, 219, 405
439, 100, 554
440, 503, 590
441, 82, 304
442, 442, 860
443, 183, 393
444, 335, 773
445, 73, 395
446, 102, 426
447, 456, 859
448, 99, 666
449, 260, 788
450, 281, 531
451, 24, 662
452, 517, 644
453, 321, 820
454, 232, 423
455, 601, 904
456, 170, 500
457, 320, 399
458, 791, 811
459, 649, 998
460, 126, 679
461, 241, 340
462, 584, 953
463, 346, 502
464, 125, 267
465, 159, 659
466, 162, 283
467, 474, 477
468, 339, 918
469, 383, 509
470, 882, 905
471, 9, 364
472, 84, 490
473, 621, 814
474, 461, 818
475, 371, 374
476, 112, 684
477, 472, 485
478, 92, 646
479, 66, 914
480, 104, 240
481, 230, 748
482, 192, 569
483, 15, 732
484, 329, 482
485, 686, 763
486, 250, 337
487, 460, 903
488, 89, 870
489, 175, 370
490, 660, 960
491, 263, 419
492, 872, 938
493, 276, 332
494, 446, 643
495, 117, 475
496, 363, 697
497, 53, 481
498, 526, 807
499, 236, 388
500, 913, 951
501, 812, 906
502, 397, 873
503, 293, 427
504, 135, 318
505, 143, 801
506, 468, 961
507, 425, 947
508, 34, 901
509, 152, 636
510, 165, 447
511, 534, 845
512, 191, 863
513, 522, 898
514, 739, 771
515, 284, 363
516, 164, 378
517, 482, 625
518, 302, 473
519, 235, 421
520, 59, 314
521, 413, 888
522, 12, 85
523, 303, 440
524, 597, 800
525, 727, 876
526, 248, 871
527, 656, 855
528, 75, 339
529, 315, 519
530, 539, 659
531, 161, 214
532, 497, 912
533, 325, 600
534, 490, 729
535, 71, 649
536, 630, 849
537, 126, 928
538, 390, 940
539, 396, 916
540, 414, 666
541, 454, 711
542, 209, 790
543, 464, 780
544, 730, 736
545, 590, 957
546, 319, 741
547, 507, 769
548, 670, 772
549, 374, 816
550, 151, 880
551, 308, 508
552, 137, 701
553, 114, 334
554, 513, 548
555, 385, 810
556, 86, 95
557, 572, 668
558, 16, 109
559, 383, 543
560, 282, 431
561, 461, 712
562, 84, 122
563, 658, 820
564, 657, 734
565, 269, 627
566, 355, 393
567, 395, 774
568, 136, 400
569, 573, 586
570, 544, 766
571, 479, 979
572, 130, 684
573, 266, 963
574, 489, 551
575, 65, 423
576, 305, 446
577, 55, 256
578, 366, 808
579, 369, 516
580, 651, 900
581, 635, 815
582, 90, 610
583, 147, 310
584, 243, 763
585, 346, 382
586, 567, 669
587, 604, 922
588, 458, 921
589, 123, 245
590, 112, 263
591, 577, 945
592, 566, 797
593, 694, 710
594, 246, 895
595, 379, 980
596, 185, 949
597, 671, 681
598, 171, 624
599, 865, 994
600, 559, 661
601, 173, 675
602, 179, 250
603, 154, 650
604, 176, 299
605, 222, 485
606, 594, 753
607, 230, 456
608, 35, 886
609, 323, 836
610, 317, 814
611, 613, 776
612, 725, 740
613, 44, 744
614, 99, 494
615, 168, 773
616, 182, 585
617, 22, 172
618, 391, 629
619, 219, 450
620, 410, 920
621, 827, 982
622, 603, 639
623, 8, 909
624, 435, 467
625, 237, 778
626, 41, 622
627, 619, 894
628, 50, 655
629, 32, 132
630, 192, 338
631, 463, 510
632, 29, 637
633, 21, 978
634, 367, 503
635, 66, 223
636, 480, 667
637, 645, 923
638, 351, 789
639, 571, 938
640, 36, 705
641, 58, 288
642, 373, 959
643, 103, 993
644, 527, 633
645, 477, 523
646, 466, 910
647, 347, 470
648, 242, 394
649, 37, 229
650, 420, 974
651, 7, 704
652, 954, 986
653, 561, 956
654, 140, 149
655, 260, 991
656, 226, 549
657, 124, 146
658, 196, 965
659, 688, 914
660, 465, 663
661, 57, 750
662, 441, 546
663, 929, 999
664, 453, 496
665, 576, 717
666, 111, 297
667, 353, 937
668, 127, 241
669, 163, 852
670, 499, 564
671, 500, 697
672, 26, 664
673, 158, 433
674, 530, 976
675, 265, 392
676, 138, 608
677, 491, 795
678, 931, 960
679, 555, 833
680, 562, 883
681, 11, 856
682, 131, 582
683, 187, 429
684, 83, 718
685, 45, 913
686, 599, 870
687, 108, 569
688, 251, 892
689, 82, 271
690, 60, 904
691, 4, 89
692, 49, 341
693, 27, 784
694, 381, 469
695, 116, 715
696, 747, 969
697, 686, 842
698, 536, 719
699, 460, 983
700, 68, 327
701, 275, 533
702, 322, 439
703, 40, 765
704, 160, 868
705, 91, 291
706, 535, 587
707, 349, 984
708, 720, 903
709, 616, 652
710, 195, 971
711, 398, 509
712, 144, 236
713, 208, 824
714, 218, 767
715, 51, 117
716, 17, 77
717, 157, 588
718, 177, 430
719, 206, 289
720, 837, 862
721, 545, 887
722, 713, 958
723, 449, 542
724, 406, 493
725, 560, 839
726, 298, 933
727, 620, 854
728, 674, 953
729, 33, 550
730, 307, 683
731, 362, 893
732, 372, 817
733, 911, 915
734, 524, 955
735, 216, 547
736, 39, 189
737, 62, 337
738, 501, 699
739, 155, 253
740, 25, 732
741, 515, 643
742, 602, 882
743, 61, 417
744, 100, 648
745, 399, 502
746, 162, 233
747, 88, 779
748, 380, 751
749, 98, 197
750, 640, 756
751, 709, 998
752, 64, 857
753, 598, 714
754, 320, 342
755, 24, 326
756, 106, 428
757, 274, 803
758, 848, 932
759, 280, 296
760, 312, 889
761, 407, 759
762, 70, 324
763, 589, 875
764, 227, 444
765, 538, 787
766, 43, 843
767, 3, 416
768, 46, 526
769, 48, 606
770, 10, 646
771, 733, 853
772, 267, 281
773, 150, 861
774, 232, 944
775, 104, 403
776, 432, 511
777, 76, 92
778, 419, 528
779, 204, 601
780, 278, 735
781, 167, 584
782, 537, 878
783, 198, 455
784, 153, 690
785, 53, 794
786, 42, 286
787, 823, 858
788, 279, 434
789, 270, 389
790, 188, 975
791, 371, 631
792, 721, 951
793, 193, 475
794, 5, 981
795, 257, 768
796, 56, 401
797, 217, 968
798, 685, 748
799, 777, 821
800, 361, 743
801, 418, 615
802, 328, 654
803, 259, 621
804, 554, 746
805, 607, 807
806, 793, 925
807, 348, 809
808, 578, 680
809, 512, 850
810, 707, 841
811, 69, 902
812, 258, 498
813, 79, 170
814, 368, 662
815, 335, 653
816, 113, 642
817, 231, 917
818, 28, 422
819, 679, 946
820, 316, 384
821, 107, 591
822, 805, 859
823, 169, 890
824, 877, 962
825, 295, 926
826, 199, 731
827, 224, 798
828, 201, 936
829, 101, 628
830, 277, 972
831, 609, 706
832, 356, 866
833, 120, 693
834, 826, 899
835, 459, 474
836, 565, 687
837, 221, 905
838, 365, 506
839, 264, 345
840, 442, 451
841, 623, 752
842, 677, 919
843, 294, 924
844, 2, 673
845, 329, 377
846, 415, 867
847, 72, 436
848, 287, 788
849, 404, 689
850, 203, 703
851, 605, 745
852, 13, 647
853, 388, 676
854, 134, 202
855, 6, 67
856, 541, 869
857, 579, 864
858, 129, 592
859, 38, 495
860, 118, 156
861, 481, 540
862, 119, 301
863, 14, 93
864, 81, 799
865, 121, 722
866, 234, 448
867, 626, 708
868, 125, 332
869, 484, 802
870, 285, 558
871, 102, 128
872, 749, 844
873, 354, 885
874, 1, 476
875, 181, 728
876, 874, 879
877, 514, 632
878, 387, 634
879, 443, 574
880, 344, 985
881, 596, 716
882, 54, 617
883, 426, 614
884, 570, 840
885, 63, 696
886, 692, 775
887, 336, 618
888, 194, 531
889, 672, 950
890, 240, 996
891, 290, 786
892, 15, 781
893, 804, 1000
894, 174, 939
895, 834, 851
896, 74, 828
897, 553, 754
898, 110, 818
899, 437, 764
900, 737, 935
901, 292, 872
902, 94, 402
903, 97, 831
904, 525, 988
905, 184, 488
906, 220, 758
907, 283, 306
908, 87, 309
909, 268, 762
910, 331, 989
911, 142, 262
912, 665, 907
913, 205, 660
914, 52, 273
915, 552, 822
916, 141, 228
917, 212, 942
918, 483, 563
919, 682, 760
920, 73, 80
921, 252, 723
922, 352, 359
923, 244, 505
924, 148, 472
925, 581, 724
926, 19, 254
927, 409, 644
928, 207, 370
929, 364, 987
930, 330, 977
931, 595, 757
932, 813, 891
933, 471, 557
934, 215, 462
935, 726, 995
936, 568, 934
937, 486, 521
938, 304, 518
939, 200, 700
940, 133, 313
941, 405, 860
942, 276, 583
943, 386, 952
944, 225, 897
945, 770, 785
946, 190, 333
947, 847, 992
948, 175, 941
949, 139, 698
950, 180, 881
951, 702, 838
952, 638, 695
953, 321, 358
954, 357, 411
955, 792, 943
956, 830, 967
957, 487, 829
958, 213, 438
959, 96, 492
960, 18, 159
961, 964, 970
962, 31, 520
963, 255, 261
964, 340, 529
965, 556, 948
966, 580, 641
967, 593, 966
968, 457, 990
969, 408, 806
970, 47, 532
971, 249, 832
972, 612, 997
973, 166, 927
974, 238, 825
975, 78, 376
976, 210, 343
977, 239, 478
978, 738, 755
979, 300, 761
980, 247, 350
981, 517, 691
982, 819, 908
983, 424, 783
984, 782, 791
985, 183, 846
986, 145, 835
987, 9, 272
988, 23, 360
989, 445, 918
990, 742, 896
991, 178, 796
992, 30, 678
993, 20, 412
994, 105, 375
995, 311, 973
996, 115, 930
997, 452, 504
998, 575, 611
999, 211, 811
1000, 186, 884
1001, 201, 475
1002, 279, 866
1003, 301, 959
1004, 57, 970
1005, 9, 832
1006, 131, 306
1007, 81, 636
1008, 64, 110
1009, 316, 468
1010, 73, 599
1011, 67, 677
1012, 882, 915
1013, 208, 527
1014, 441, 711
1015, 333, 501
1016, 263, 654
1017, 194, 890
1018, 534, 971
1019, 510, 525
1020, 379, 633
1021, 717, 948
1022, 446, 834
1023, 617, 826
1024, 420, 941
1025, 207, 801
1026, 559, 855
1027, 355, 686
1028, 103, 245
1029, 565, 994
1030, 584, 958
1031, 53, 433
1032, 38, 848
1033, 378, 724
1034, 26, 961
1035, 666, 723
1036, 627, 933
1037, 76, 383
1038, 7, 732
1039, 537, 789
1040, 150, 264
1041, 267, 865
1042, 369, 502
1043, 571, 791
1044, 372, 776
1045, 302, 413
1046, 474, 780
1047, 743, 800
1048, 457, 637
1049, 543, 921
1050, 363, 875
1051, 707, 886
1052, 664, 817
1053, 471, 646
1054, 626, 953
1055, 553, 972
1056, 239, 793
1057, 133, 175
1058, 17, 109
1059, 359, 618
1060, 687, 956
1061, 280, 698
1062, 95, 657
1063, 139, 354
1064, 448, 988
1065, 241, 844
1066, 422, 702
1067, 591, 923
1068, 719, 849
1069, 94, 255
1070, 132, 710
1071, 345, 583
1072, 465, 981
1073, 775, 863
1074, 305, 577
1075, 49, 884
1076, 313, 449
1077, 375, 684
1078, 260, 843
1079, 240, 894
1080, 228, 759
1081, 816, 899
1082, 79, 219
1083, 740, 960
1084, 112, 531
1085, 317, 757
1086, 98, 561
1087, 532, 594
1088, 467, 943
1089, 187, 739
1090, 39, 258
1091, 169, 233
1092, 121, 827
1093, 15, 469
1094, 2, 625
1095, 566, 669
1096, 842, 883
1097, 593, 785
1098, 308, 438
1099, 242, 530
1100, 573, 885
1101, 309, 489
1102, 512, 788
1103, 715, 966
1104, 507, 942
1105, 672, 847
1106, 179, 262
1107, 650, 674
1108, 284, 452
1109, 232, 756
1110, 521, 730
1111, 184, 403
1112, 19, 68
1113, 393, 598
1114, 152, 682
1115, 105, 476
1116, 164, 877
1117, 40, 554
1118, 163, 997
1119, 396, 514
1120, 829, 874
1121, 373, 824
1122, 65, 183
1123, 969, 977
1124, 257, 845
1125, 237, 852
1126, 138, 991
1127, 62, 811
1128, 613, 701
1129, 340, 641
1130, 128, 292
1131, 456, 610
1132, 314, 973
1133, 189, 987
1134, 243, 786
1135, 745, 763
1136, 238, 466
1137, 33, 436
1138, 394, 683
1139, 100, 891
1140, 28, 357
1141, 71, 662
1142, 97, 273
1143, 172, 406
1144, 198, 837
1145, 321, 432
1146, 300, 675
1147, 168, 261
1148, 122, 515
1149, 135, 781
1150, 74, 129
1151, 83, 797
1152, 322, 411
1153, 624, 753
1154, 200, 551
1155, 158, 425
1156, 92, 929
1157, 294, 421
1158, 351, 495
1159, 415, 850
1160, 69, 840
1161, 14, 418
1162, 859, 963
1163, 111, 444
1164, 256, 754
1165, 290, 928
1166, 387, 576
1167, 517, 676
1168, 919, 999
1169, 334, 574
1170, 46, 868
1171, 288, 661
1172, 124, 518
1173, 692, 917
1174, 360, 716
1175, 371, 962
1176, 846, 879
1177, 70, 671
1178, 454, 854
1179, 271, 839
1180, 88, 503
1181, 585, 947
1182, 3, 767
1183, 303, 649
1184, 206, 927
1185, 4, 59
1186, 461, 870
1187, 35, 589
1188, 524, 570
1189, 766, 895
1190, 410, 435
1191, 523, 996
1192, 319, 595
1193, 392, 572
1194, 389, 774
1195, 24, 493
1196, 670, 892
1197, 606, 621
1198, 579, 658
1199, 25, 488
1200, 813, 851
1201, 181, 864
1202, 395, 632
1203, 269, 293
1204, 304, 718
1205, 709, 836
1206, 980, 983
1207, 439, 555
1208, 679, 696
1209, 195, 746
1210, 472, 727
1211, 137, 680
1212, 721, 909
1213, 872, 986
1214, 548, 862
1215, 89, 106
1216, 31, 416
1217, 84, 955
1218, 51, 935
1219, 205, 814
1220, 400, 901
1221, 506, 629
1222, 327, 463
1223, 312, 744
1224, 287, 914
1225, 143, 867
1226, 451, 978
1227, 141, 196
1228, 428, 529
1229, 251, 607
1230, 429, 494
1231, 142, 338
1232, 544, 979
1233, 526, 604
1234, 211, 822
1235, 166, 729
1236, 234, 331
1237, 77, 365
1238, 227, 681
1239, 368, 445
1240, 634, 982
1241, 236, 823
1242, 149, 342
1243, 443, 896
1244, 335, 645
1245, 253, 536
1246, 391, 779
1247, 18, 508
1248, 541, 592
1249, 329, 741
1250, 568, 769
1251, 102, 812
1252, 296, 856
1253, 419, 924
1254, 43, 590
1255, 58, 989
1256, 777, 990
1257, 620, 949
1258, 631, 656
1259, 20, 185
1260, 151, 182
1261, 41, 819
1262, 91, 116
1263, 22, 192
1264, 8, 809
1265, 869, 920
1266, 127, 223
1267, 381, 442
1268, 374, 908
1269, 23, 434
1270, 153, 857
1271, 118, 460
1272, 54, 770
1273, 397, 405
1274, 101, 324
1275, 412, 708
1276, 699, 993
1277, 48, 578
1278, 417, 918
1279, 652, 742
1280, 752, 807
1281, 386, 974
1282, 358, 550
1283, 108, 691
1284, 562, 569
1285, 362, 643
1286, 490, 688
1287, 11, 938
1288, 167, 820
1289, 838, 922
1290, 29, 799
1291, 12, 547
1292, 347, 873
1293, 197, 736
1294, 609, 916
1295, 13, 498
1296, 55, 665
1297, 136, 399
1298, 330, 747
1299, 229, 810
1300, 274, 945
1301, 47, 479
1302, 82, 87
1303, 344, 464
1304, 123, 925
1305, 221, 352
1306, 42, 876
1307, 190, 639
1308, 177, 193
1309, 367, 539
1310, 61, 596
1311, 249, 830
1312, 318, 940
1313, 298, 773
1314, 581, 693
1315, 311, 760
1316, 27, 99
1317, 323, 366
1318, 430, 706
1319, 738, 893
1320, 750, 828
1321, 558, 976
1322, 755, 952
1323, 564, 761
1324, 144, 697
1325, 157, 806
1326, 176, 825
1327, 705, 903
1328, 214, 509
1329, 653, 833
1330, 703, 768
1331, 685, 902
1332, 447, 560
1333, 336, 790
1334, 380, 796
1335, 326, 937
1336, 751, 758
1337, 668, 772
1338, 266, 513
1339, 60, 337
1340, 310, 934
1341, 648, 798
1342, 180, 888
1343, 220, 930
1344, 277, 939
1345, 546, 951
1346, 818, 898
1347, 10, 72
1348, 659, 673
1349, 120, 734
1350, 427, 765
1351, 580, 694
1352, 408, 748
1353, 423, 946
1354, 348, 778
1355, 162, 655
1356, 202, 500
1357, 235, 470
1358, 107, 382
1359, 535, 597
1360, 114, 370
1361, 21, 992
1362, 477, 600
1363, 276, 725
1364, 248, 384
1365, 904, 985
1366, 115, 964
1367, 275, 587
1368, 575, 623
1369, 225, 404
1370, 431, 713
1371, 858, 912
1372, 5, 104
1373, 722, 728
1374, 783, 913
1375, 217, 297
1376, 213, 268
1377, 315, 897
1378, 588, 853
1379, 224, 350
1380, 402, 907
1381, 831, 889
1382, 356, 651
1383, 388, 616
1384, 160, 841
1385, 453, 549
1386, 44, 735
1387, 222, 638
1388, 247, 511
1389, 140, 815
1390, 283, 542
1391, 491, 605
1392, 117, 860
1393, 212, 538
1394, 204, 230
1395, 16, 975
1396, 614, 622
1397, 34, 619
1398, 259, 586
1399, 458, 640
1400, 113, 307
1401, 186, 731
1402, 134, 601
1403, 835, 906
1404, 361, 497
1405, 130, 328
1406, 45, 145
1407, 174, 881
1408, 480, 533
1409, 270, 504
1410, 93, 170
1411, 398, 647
1412, 80, 608
1413, 450, 887
1414, 159, 957
1415, 346, 519
1416, 704, 737
1417, 32, 56
1418, 218, 954
1419, 148, 462
1420, 522, 563
1421, 437, 505
1422, 226, 905
1423, 126, 482
1424, 155, 690
1425, 880, 926
1426, 63, 486
1427, 499, 965
1428, 424, 603
1429, 353, 611
1430, 540, 821
1431, 85, 936
1432, 749, 878
1433, 557, 782
1434, 281, 299
1435, 75, 125
1436, 545, 720
1437, 459, 950
1438, 90, 804
1439, 291, 733
1440, 119, 642
1441, 147, 700
1442, 484, 667
1443, 726, 1000
1444, 485, 552
1445, 146, 385
1446, 203, 911
1447, 567, 871
1448, 254, 792
1449, 37, 995
1450, 188, 602
1451, 165, 473
1452, 52, 861
1453, 1, 795
1454, 66, 295
1455, 191, 764
1456, 455, 628
1457, 481, 771
1458, 343, 478
1459, 265, 805
1460, 246, 615
1461, 660, 968
1462, 320, 516
1463, 161, 582
1464, 349, 612
1465, 520, 910
1466, 50, 286
1467, 483, 689
1468, 376, 377
1469, 30, 339
1470, 154, 787
1471, 173, 332
1472, 216, 635
1473, 931, 998
1474, 210, 492
1475, 178, 250
1476, 794, 984
1477, 414, 663
1478, 78, 231
1479, 282, 407
1480, 712, 802
1481, 630, 900
1482, 528, 932
1483, 289, 784
1484, 156, 341
1485, 6, 244
1486, 278, 285
1487, 487, 944
1488, 96, 678
1489, 401, 426
1490, 440, 556
1491, 325, 762
1492, 86, 272
1493, 209, 409
1494, 390, 803
1495, 644, 967
1496, 171, 215
1497, 36, 496
1498, 695, 808
1499, 199, 714
1500, 252, 364
1501, 642, 846
1502, 196, 805
1503, 235, 632
1504, 317, 743
1505, 104, 920
1506, 545, 997
1507, 129, 726
1508, 346, 887
1509, 26, 393
1510, 195, 766
1511, 237, 250
1512, 244, 359
1513, 445, 667
1514, 568, 888
1515, 376, 527
1516, 13, 306
1517, 15, 587
1518, 78, 602
1519, 252, 624
1520, 10, 82
1521, 574, 961
1522, 71, 700
1523, 387, 452
1524, 508, 833
1525, 259, 408
1526, 12, 455
1527, 655, 744
1528, 173, 761
1529, 20, 121
1530, 64, 990
1531, 415, 785
1532, 659, 782
1533, 42, 615
1534, 661, 732
1535, 262, 952
1536, 201, 314
1537, 607, 713
1538, 29, 221
1539, 417, 739
1540, 86, 592
1541, 297, 927
1542, 168, 308
1543, 660, 854
1544, 216, 612
1545, 866, 868
1546, 629, 918
1547, 1, 817
1548, 287, 911
1549, 2, 928
1550, 738, 973
1551, 157, 648
1552, 72, 373
1553, 544, 628
1554, 17, 626
1555, 360, 556
1556, 38, 731
1557, 123, 942
1558, 107, 879
1559, 751, 939
1560, 24, 151
1561, 389, 473
1562, 61, 835
1563, 4, 426
1564, 83, 450
1565, 251, 540
1566, 375, 637
1567, 176, 786
1568, 623, 748
1569, 245, 512
1570, 43, 820
1571, 549, 601
1572, 841, 963
1573, 175, 230
1574, 22, 347
1575, 192, 702
1576, 36, 715
1577, 522, 633
1578, 831, 981
1579, 483, 590
1580, 711, 837
1581, 579, 980
1582, 137, 884
1583, 528, 533
1584, 215, 902
1585, 286, 618
1586, 153, 569
1587, 429, 869
1588, 319, 707
1589, 217, 228
1590, 604, 910
1591, 335, 683
1592, 328, 814
1593, 462, 760
1594, 172, 722
1595, 796, 964
1596, 111, 431
1597, 302, 908
1598, 675, 723
1599, 438, 525
1600, 608, 759
1601, 330, 536
1602, 351, 554
1603, 95, 352
1604, 52, 67
1605, 392, 651
1606, 144, 656
1607, 380, 839
1608, 9, 418
1609, 119, 783
1610, 232, 819
1611, 416, 459
1612, 177, 929
1613, 241, 830
1614, 150, 278
1615, 199, 507
1616, 357, 972
1617, 142, 449
1618, 148, 730
1619, 437, 847
1620, 361, 520
1621, 580, 622
1622, 399, 643
1623, 291, 322
1624, 369, 531
1625, 167, 716
1626, 99, 249
1627, 762, 834
1628, 589, 689
1629, 403, 906
1630, 488, 765
1631, 108, 588
1632, 653, 904
1633, 447, 855
1634, 35, 503
1635, 154, 421
1636, 112, 941
1637, 662, 673
1638, 54, 490
1639, 411, 752
1640, 402, 922
1641, 210, 995
1642, 133, 412
1643, 487, 881
1644, 365, 581
1645, 187, 827
1646, 772, 994
1647, 155, 703
1648, 441, 630
1649, 458, 947
1650, 423, 856
1651, 313, 740
1652, 729, 895
1653, 138, 710
1654, 353, 432
1655, 174, 229
1656, 181, 560
1657, 97, 296
1658, 223, 614
1659, 864, 991
1660, 631, 985
1661, 636, 647
1662, 378, 926
1663, 270, 903
1664, 519, 919
1665, 7, 413
1666, 280, 356
1667, 448, 696
1668, 100, 521
1669, 362, 394
1670, 68, 225
1671, 546, 699
1672, 453, 705
1673, 248, 757
1674, 803, 804
1675, 102, 524
1676, 40, 264
1677, 256, 724
1678, 214, 606
1679, 433, 646
1680, 156, 388
1681, 188, 465
1682, 385, 498
1683, 479, 555
1684, 94, 725
1685, 381, 989
1686, 298, 721
1687, 57, 669
1688, 585, 974
1689, 56, 233
1690, 627, 789
1691, 163, 254
1692, 122, 481
1693, 127, 547
1694, 435, 998
1695, 73, 682
1696, 354, 859
1697, 657, 933
1698, 843, 916
1699, 344, 386
1700, 719, 821
1701, 529, 681
1702, 472, 969
1703, 461, 718
1704, 368, 576
1705, 69, 953
1706, 41, 363
1707, 169, 851
1708, 34, 1000
1709, 236, 938
1710, 190, 697
1711, 485, 899
1712, 218, 570
1713, 457, 955
1714, 471, 640
1715, 275, 771
1716, 257, 456
1717, 480, 885
1718, 406, 658
1719, 234, 849
1720, 791, 886
1721, 115, 949
1722, 492, 550
1723, 5, 47
1724, 584, 690
1725, 309, 978
1726, 267, 509
1727, 128, 975
1728, 595, 792
1729, 39, 383
1730, 136, 889
1731, 203, 867
1732, 506, 539
1733, 274, 848
1734, 247, 717
1735, 379, 571
1736, 327, 776
1737, 45, 620
1738, 197, 283
1739, 434, 475
1740, 496, 816
1741, 301, 578
1742, 33, 543
1743, 70, 679
1744, 92, 279
1745, 341, 996
1746, 161, 573
1747, 484, 687
1748, 753, 944
1749, 243, 797
1750, 775, 983
1751, 541, 605
1752, 339, 802
1753, 125, 343
1754, 638, 712
1755, 345, 493
1756, 171, 892
1757, 106, 838
1758, 366, 932
1759, 293, 337
1760, 162, 534
1761, 551, 685
1762, 652, 754
1763, 271, 446
1764, 114, 350
1765, 583, 876
1766, 198, 807
1767, 342, 566
1768, 132, 427
1769, 477, 486
1770, 131, 178
1771, 126, 425
1772, 261, 979
1773, 145, 617
1774, 511, 900
1775, 62, 135
1776, 289, 755
1777, 654, 799
1778, 781, 882
1779, 575, 695
1780, 844, 965
1781, 535, 616
1782, 130, 303
1783, 694, 832
1784, 120, 778
1785, 312, 499
1786, 239, 489
1787, 263, 367
1788, 184, 401
1789, 671, 756
1790, 439, 828
1791, 31, 800
1792, 170, 478
1793, 505, 728
1794, 246, 948
1795, 290, 468
1796, 206, 572
1797, 676, 912
1798, 355, 733
1799, 180, 850
1800, 109, 988
1801, 8, 945
1802, 451, 825
1803, 513, 992
1804, 91, 883
1805, 708, 770
1806, 334, 663
1807, 140, 747
1808, 364, 454
1809, 460, 650
1810, 23, 798
1811, 113, 810
1812, 806, 823
1813, 491, 977
1814, 340, 812
1815, 139, 530
1816, 815, 913
1817, 200, 959
1818, 790, 890
1819, 18, 25
1820, 338, 691
1821, 77, 110
1822, 318, 596
1823, 277, 709
1824, 324, 873
1825, 160, 674
1826, 21, 265
1827, 495, 701
1828, 470, 476
1829, 202, 801
1830, 59, 395
1831, 124, 424
1832, 183, 788
1833, 737, 917
1834, 384, 840
1835, 845, 940
1836, 79, 688
1837, 295, 999
1838, 258, 836
1839, 896, 914
1840, 282, 777
1841, 315, 561
1842, 348, 598
1843, 634, 921
1844, 374, 680
1845, 787, 934
1846, 420, 750
1847, 853, 863
1848, 226, 610
1849, 272, 294
1850, 410, 526
1851, 227, 813
1852, 80, 871
1853, 51, 907
1854, 53, 553
1855, 66, 784
1856, 281, 915
1857, 165, 956
1858, 422, 794
1859, 193, 266
1860, 159, 349
1861, 164, 370
1862, 358, 621
1863, 255, 767
1864, 238, 684
1865, 116, 260
1866, 134, 405
1867, 501, 644
1868, 332, 878
1869, 619, 935
1870, 594, 829
1871, 90, 842
1872, 311, 954
1873, 285, 532
1874, 146, 609
1875, 482, 515
1876, 372, 861
1877, 591, 852
1878, 504, 946
1879, 542, 872
1880, 746, 943
1881, 548, 897
1882, 603, 613
1883, 63, 182
1884, 310, 793
1885, 808, 874
1886, 85, 774
1887, 672, 768
1888, 60, 147
1889, 300, 305
1890, 758, 773
1891, 185, 693
1892, 502, 734
1893, 523, 809
1894, 304, 862
1895, 220, 469
1896, 331, 706
1897, 242, 586
1898, 49, 518
1899, 400, 826
1900, 430, 909
1901, 599, 666
1902, 273, 323
1903, 321, 564
1904, 96, 987
1905, 463, 811
1906, 118, 870
1907, 284, 670
1908, 419, 668
1909, 951, 958
1910, 720, 936
1911, 382, 924
1912, 600, 901
1913, 117, 336
1914, 101, 577
1915, 677, 858
1916, 14, 639
1917, 212, 780
1918, 414, 735
1919, 11, 818
1920, 189, 962
1921, 692, 931
1922, 288, 517
1923, 46, 440
1924, 320, 865
1925, 89, 565
1926, 307, 377
1927, 6, 325
1928, 329, 443
1929, 391, 891
1930, 75, 893
1931, 74, 207
1932, 795, 984
1933, 559, 641
1934, 98, 704
1935, 50, 141
1936, 16, 970
1937, 371, 714
1938, 81, 268
1939, 398, 894
1940, 93, 474
1941, 87, 219
1942, 224, 822
1943, 19, 678
1944, 194, 880
1945, 55, 211
1946, 665, 905
1947, 3, 727
1948, 166, 538
1949, 143, 516
1950, 764, 976
1951, 436, 860
1952, 76, 204
1953, 88, 993
1954, 510, 625
1955, 65, 950
1956, 582, 649
1957, 231, 316
1958, 299, 562
1959, 467, 494
1960, 37, 48
1961, 28, 514
1962, 186, 333
1963, 292, 967
1964, 58, 875
1965, 30, 103
1966, 44, 937
1967, 149, 957
1968, 396, 857
1969, 645, 824
1970, 158, 404
1971, 84, 597
1972, 326, 500
1973, 698, 779
1974, 179, 923
1975, 407, 898
1976, 930, 982
1977, 464, 557
1978, 537, 749
1979, 240, 269
1980, 686, 769
1981, 966, 986
1982, 27, 466
1983, 276, 960
1984, 611, 745
1985, 209, 442
1986, 877, 968
1987, 444, 925
1988, 253, 409
1989, 567, 664
1990, 741, 742
1991, 552, 736
1992, 152, 191
1993, 105, 222
1994, 558, 971
1995, 497, 593
1996, 208, 213
1997, 397, 428
1998, 32, 635
1999, 205, 390
2000, 563, 763
2001, 625, 924
2002, 117, 611
2003, 143, 861
2004, 775, 781
2005, 72, 298
2006, 465, 745
2007, 193, 674
2008, 458, 933
2009, 477, 519
2010, 35, 149
2011, 430, 626
2012, 948, 971
2013, 303, 429
2014, 506, 789
2015, 145, 802
2016, 389, 439
2017, 19, 707
2018, 572, 883
2019, 44, 915
2020, 65, 71
2021, 337, 426
2022, 635, 880
2023, 85, 121
2024, 229, 393
2025, 119, 904
2026, 715, 755
2027, 70, 270
2028, 490, 856
2029, 504, 751
2030, 710, 897
2031, 595, 733
2032, 658, 887
2033, 177, 732
2034, 55, 696
2035, 186, 727
2036, 199, 773
2037, 29, 717
2038, 159, 214
2039, 170, 770
2040, 3, 992
2041, 232, 526
2042, 692, 809
2043, 301, 385
2044, 202, 300
2045, 478, 746
2046, 203, 843
2047, 7, 655
2048, 208, 273
2049, 596, 662
2050, 576, 776
2051, 484, 910
2052, 99, 565
2053, 238, 522
2054, 853, 905
2055, 62, 568
2056, 304, 848
2057, 549, 864
2058, 95, 920
2059, 106, 716
2060, 368, 762
2061, 127, 699
2062, 82, 857
2063, 379, 896
2064, 495, 825
2065, 377, 851
2066, 605, 871
2067, 312, 449
2068, 570, 661
2069, 77, 219
2070, 80, 684
2071, 271, 528
2072, 404, 539
2073, 387, 653
2074, 118, 937
2075, 731, 878
2076, 335, 373
2077, 697, 816
2078, 1, 714
2079, 401, 474
2080, 187, 821
2081, 792, 891
2082, 59, 225
2083, 675, 759
2084, 541, 932
2085, 181, 473
2086, 204, 258
2087, 218, 879
2088, 196, 778
2089, 622, 838
2090, 152, 400
2091, 516, 828
2092, 941, 959
2093, 466, 854
2094, 603, 881
2095, 512, 571
2096, 345, 486
2097, 347, 993
2098, 288, 489
2099, 246, 870
2100, 330, 396
2101, 584, 884
2102, 163, 974
2103, 257, 989
2104, 73, 211
2105, 78, 555
2106, 79, 260
2107, 4, 680
2108, 223, 970
2109, 413, 651
2110, 125, 534
2111, 334, 725
2112, 329, 899
2113, 481, 606
2114, 729, 827
2115, 536, 690
2116, 327, 958
2117, 390, 491
2118, 25, 938
2119, 176, 560
2120, 240, 875
2121, 101, 295
2122, 483, 487
2123, 226, 760
2124, 2, 744
2125, 81, 630
2126, 91, 122
2127, 852, 953
2128, 507, 836
2129, 215, 855
2130, 103, 847
2131, 138, 681
2132, 109, 281
2133, 608, 678
2134, 234, 907
2135, 230, 659
2136, 423, 858
2137, 831, 925
2138, 41, 590
2139, 420, 842
2140, 753, 961
2141, 221, 966
2142, 503, 533
2143, 614, 803
2144, 90, 704
2145, 32, 790
2146, 612, 779
2147, 580, 734
2148, 135, 241
2149, 53, 107
2150, 766, 772
2151, 245, 480
2152, 618, 801
2153, 688, 874
2154, 666, 942
2155, 39, 433
2156, 923, 969
2157, 418, 501
2158, 108, 898
2159, 427, 628
2160, 344, 743
2161, 51, 496
2162, 726, 906
2163, 307, 524
2164, 286, 317
2165, 691, 982
2166, 42, 64
2167, 142, 220
2168, 239, 431
2169, 18, 263
2170, 185, 444
2171, 36, 703
2172, 336, 355
2173, 410, 492
2174, 343, 968
2175, 167, 931
2176, 505, 991
2177, 644, 845
2178, 537, 866
2179, 291, 736
2180, 166, 738
2181, 23, 986
2182, 607, 833
2183, 126, 656
2184, 456, 911
2185, 86, 667
2186, 359, 409
2187, 403, 804
2188, 69, 391
2189, 233, 718
2190, 585, 701
2191, 550, 645
2192, 308, 940
2193, 141, 637
2194, 926, 988
2195, 93, 624
2196, 494, 582
2197, 545, 721
2198, 388, 687
2199, 814, 850
2200, 248, 398
2201, 192, 617
2202, 589, 946
2203, 133, 889
2204, 21, 936
2205, 786, 984
2206, 110, 815
2207, 261, 407
2208, 366, 823
2209, 88, 357
2210, 728, 800
2211, 963, 990
2212, 129, 292
2213, 161, 340
2214, 213, 929
2215, 24, 787
2216, 249, 397
2217, 299, 323
2218, 160, 668
2219, 216, 316
2220, 399, 563
2221, 102, 252
2222, 120, 155
2223, 38, 882
2224, 265, 664
2225, 844, 914
2226, 164, 747
2227, 58, 361
2228, 425, 834
2229, 464, 623
2230, 750, 962
2231, 235, 817
2232, 530, 865
2233, 438, 566
2234, 130, 872
2235, 84, 310
2236, 75, 488
2237, 901, 998
2238, 950, 964
2239, 302, 315
2240, 502, 557
2241, 296, 757
2242, 156, 782
2243, 178, 561
2244, 242, 686
2245, 68, 900
2246, 793, 862
2247, 5, 771
2248, 200, 365
2249, 783, 810
2250, 148, 510
2251, 169, 928
2252, 360, 446
2253, 31, 981
2254, 411, 951
2255, 278, 509
2256, 579, 648
2257, 654, 877
2258, 434, 806
2259, 677, 685
2260, 320, 588
2261, 183, 346
2262, 451, 592
2263, 76, 559
2264, 497, 945
2265, 671, 918
2266, 165, 620
2267, 189, 358
2268, 83, 247
2269, 139, 554
2270, 636, 902
2271, 383, 930
2272, 419, 513
2273, 381, 453
2274, 198, 619
2275, 190, 437
2276, 243, 983
2277, 134, 518
2278, 222, 384
2279, 56, 807
2280, 702, 995
2281, 153, 706
2282, 314, 695
2283, 115, 175
2284, 369, 574
2285, 319, 756
2286, 52, 922
2287, 318, 339
2288, 210, 888
2289, 63, 402
2290, 912, 944
2291, 682, 819
2292, 374, 934
2293, 657, 774
2294, 34, 627
2295, 282, 676
2296, 468, 649
2297, 104, 472
2298, 547, 615
2299, 460, 791
2300, 583, 708
2301, 527, 551
2302, 89, 508
2303, 146, 764
2304, 739, 997
2305, 493, 517
2306, 67, 322
2307, 569, 873
2308, 194, 332
2309, 305, 811
2310, 140, 272
2311, 378, 863
2312, 467, 960
2313, 406, 679
2314, 180, 236
2315, 9, 414
2316, 276, 352
2317, 294, 597
2318, 11, 705
2319, 179, 846
2320, 525, 720
2321, 724, 975
2322, 740, 837
2323, 105, 613
2324, 663, 955
2325, 116, 450
2326, 20, 74
2327, 629, 761
2328, 581, 788
2329, 689, 829
2330, 587, 798
2331, 97, 144
2332, 8, 132
2333, 162, 558
2334, 722, 785
2335, 228, 908
2336, 290, 422
2337, 57, 311
2338, 461, 604
2339, 567, 591
2340, 395, 471
2341, 157, 428
2342, 421, 599
2343, 37, 287
2344, 111, 548
2345, 264, 693
2346, 283, 652
2347, 673, 813
2348, 610, 824
2349, 445, 1000
2350, 16, 868
2351, 128, 224
2352, 173, 417
2353, 767, 921
2354, 277, 586
2355, 227, 700
2356, 394, 441
2357, 94, 830
2358, 462, 763
2359, 12, 712
2360, 482, 957
2361, 642, 973
2362, 683, 742
2363, 452, 532
2364, 470, 797
2365, 259, 262
2366, 349, 463
2367, 98, 735
2368, 670, 913
2369, 371, 869
2370, 520, 777
2371, 147, 448
2372, 669, 672
2373, 279, 893
2374, 665, 909
2375, 289, 867
2376, 195, 535
2377, 499, 575
2378, 424, 621
2379, 556, 578
2380, 100, 174
2381, 432, 641
2382, 131, 266
2383, 184, 601
2384, 87, 795
2385, 293, 602
2386, 415, 943
2387, 544, 748
2388, 112, 650
2389, 13, 372
2390, 598, 860
2391, 61, 799
2392, 269, 309
2393, 28, 894
2394, 209, 380
2395, 523, 839
2396, 479, 835
2397, 172, 780
2398, 514, 749
2399, 244, 435
2400, 124, 546
2401, 27, 285
2402, 268, 978
2403, 538, 616
2404, 351, 994
2405, 917, 949
2406, 92, 633
2407, 54, 408
2408, 254, 333
2409, 382, 822
2410, 498, 956
2411, 212, 370
2412, 457, 500
2413, 321, 768
2414, 405, 593
2415, 10, 362
2416, 33, 168
2417, 197, 256
2418, 521, 639
2419, 231, 350
2420, 348, 952
2421, 475, 999
2422, 392, 643
2423, 250, 436
2424, 634, 996
2425, 515, 784
2426, 136, 338
2427, 306, 459
2428, 324, 939
2429, 694, 805
2430, 267, 454
2431, 137, 341
2432, 711, 919
2433, 511, 794
2434, 48, 412
2435, 447, 485
2436, 796, 972
2437, 150, 207
2438, 188, 812
2439, 40, 331
2440, 205, 885
2441, 376, 808
2442, 758, 890
2443, 217, 564
2444, 47, 713
2445, 17, 543
2446, 364, 979
2447, 354, 820
2448, 154, 647
2449, 562, 698
2450, 151, 367
2451, 15, 840
2452, 469, 765
2453, 328, 356
2454, 709, 769
2455, 191, 730
2456, 96, 416
2457, 386, 947
2458, 253, 284
2459, 171, 980
2460, 237, 274
2461, 43, 114
2462, 631, 660
2463, 14, 987
2464, 818, 976
2465, 325, 363
2466, 49, 892
2467, 201, 440
2468, 529, 741
2469, 297, 859
2470, 609, 935
2471, 553, 752
2472, 737, 886
2473, 66, 113
2474, 206, 719
2475, 443, 723
2476, 542, 954
2477, 531, 967
2478, 832, 916
2479, 50, 255
2480, 26, 826
2481, 326, 754
2482, 353, 442
2483, 646, 876
2484, 280, 895
2485, 632, 638
2486, 46, 123
2487, 313, 965
2488, 182, 600
2489, 573, 594
2490, 22, 540
2491, 640, 977
2492, 251, 552
2493, 158, 577
2494, 30, 476
2495, 342, 927
2496, 6, 849
2497, 60, 903
2498, 275, 985
2499, 45, 841
2500, 375, 455
2501, 706, 725
2502, 9, 890
2503, 243, 928
2504, 285, 767
2505, 347, 817
2506, 829, 907
2507, 597, 922
2508, 275, 479
2509, 477, 953
2510, 294, 759
2511, 507, 652
2512, 727, 844
2513, 87, 783
2514, 41, 977
2515, 181, 444
2516, 160, 736
2517, 536, 810
2518, 417, 988
2519, 261, 282
2520, 486, 494
2521, 321, 593
2522, 121, 710
2523, 66, 267
2524, 793, 978
2525, 104, 989
2526, 69, 981
2527, 235, 269
2528, 846, 939
2529, 198, 775
2530, 178, 861
2531, 103, 950
2532, 232, 923
2533, 4, 302
2534, 474, 641
2535, 313, 782
2536, 331, 974
2537, 270, 447
2538, 146, 416
2539, 199, 664
2540, 295, 478
2541, 141, 744
2542, 825, 897
2543, 25, 259
2544, 465, 908
2545, 394, 688
2546, 28, 492
2547, 471, 961
2548, 544, 715
2549, 86, 649
2550, 712, 720
2551, 350, 473
2552, 113, 794
2553, 683, 836
2554, 43, 940
2555, 496, 764
2556, 390, 493
2557, 333, 484
2558, 21, 167
2559, 616, 763
2560, 377, 459
2561, 122, 694
2562, 236, 624
2563, 429, 633
2564, 1, 6
2565, 358, 558
2566, 421, 538
2567, 52, 605
2568, 230, 895
2569, 490, 665
2570, 399, 994
2571, 48, 157
2572, 332, 985
2573, 329, 661
2574, 120, 703
2575, 170, 653
2576, 470, 501
2577, 78, 680
2578, 168, 440
2579, 719, 931
2580, 117, 677
2581, 277, 531
2582, 542, 687
2583, 425, 901
2584, 357, 809
2585, 300, 774
2586, 5, 83
2587, 151, 845
2588, 147, 476
2589, 156, 778
2590, 456, 896
2591, 291, 734
2592, 20, 485
2593, 383, 813
2594, 249, 632
2595, 403, 828
2596, 34, 317
2597, 182, 892
2598, 106, 831
2599, 314, 869
2600, 150, 973
2601, 551, 960
2602, 413, 728
2603, 535, 643
2604, 67, 128
2605, 713, 771
2606, 488, 801
2607, 237, 849
2608, 572, 900
2609, 248, 645
2610, 838, 909
2611, 110, 283
2612, 310, 619
2613, 834, 885
2614, 152, 739
2615, 274, 777
2616, 693, 848
2617, 414, 549
2618, 118, 129
2619, 22, 903
2620, 143, 216
2621, 559, 815
2622, 155, 937
2623, 298, 571
2624, 781, 954
2625, 53, 271
2626, 80, 987
2627, 15, 811
2628, 70, 215
2629, 39, 441
2630, 863, 949
2631, 19, 171
2632, 163, 315
2633, 480, 750
2634, 164, 482
2635, 251, 689
2636, 45, 673
2637, 423, 617
2638, 850, 876
2639, 631, 870
2640, 628, 717
2641, 47, 662
2642, 173, 882
2643, 85, 276
2644, 512, 610
2645, 351, 920
2646, 419, 776
2647, 369, 967
2648, 339, 877
2649, 8, 130
2650, 12, 356
2651, 376, 472
2652, 242, 708
2653, 505, 601
2654, 98, 951
2655, 525, 839
2656, 140, 835
2657, 37, 803
2658, 638, 762
2659, 179, 692
2660, 433, 685
2661, 65, 361
2662, 452, 827
2663, 438, 636
2664, 344, 929
2665, 27, 278
2666, 670, 765
2667, 319, 577
2668, 62, 393
2669, 410, 984
2670, 201, 757
2671, 304, 982
2672, 345, 891
2673, 346, 745
2674, 196, 972
2675, 752, 955
2676, 107, 586
2677, 415, 639
2678, 224, 583
2679, 183, 233
2680, 343, 738
2681, 386, 772
2682, 162, 363
2683, 372, 784
2684, 264, 584
2685, 138, 786
2686, 847, 934
2687, 747, 924
2688, 946, 1000
2689, 36, 964
2690, 60, 89
2691, 316, 679
2692, 659, 730
2693, 483, 606
2694, 92, 998
2695, 90, 532
2696, 115, 341
2697, 334, 880
2698, 252, 818
2699, 353, 868
2700, 374, 864
2701, 397, 941
2702, 280, 910
2703, 74, 618
2704, 50, 697
2705, 241, 690
2706, 506, 932
2707, 293, 375
2708, 220, 391
2709, 379, 495
2710, 228, 460
2711, 202, 841
2712, 371, 543
2713, 99, 481
2714, 936, 963
2715, 408, 992
2716, 627, 663
2717, 819, 889
2718, 177, 607
2719, 219, 420
2720, 466, 843
2721, 547, 724
2722, 191, 519
2723, 311, 701
2724, 686, 873
2725, 866, 911
2726, 133, 898
2727, 154, 812
2728, 175, 489
2729, 674, 726
2730, 406, 965
2731, 365, 773
2732, 246, 469
2733, 229, 916
2734, 272, 565
2735, 613, 716
2736, 100, 585
2737, 148, 454
2738, 56, 859
2739, 102, 956
2740, 301, 625
2741, 63, 604
2742, 197, 820
2743, 603, 746
2744, 546, 723
2745, 325, 832
2746, 360, 442
2747, 208, 594
2748, 192, 590
2749, 142, 537
2750, 856, 959
2751, 933, 945
2752, 73, 124
2753, 40, 979
2754, 821, 914
2755, 205, 996
2756, 292, 676
2757, 621, 893
2758, 573, 705
2759, 214, 340
2760, 145, 999
2761, 54, 769
2762, 487, 867
2763, 76, 244
2764, 174, 620
2765, 523, 805
2766, 64, 637
2767, 451, 740
2768, 424, 780
2769, 194, 428
2770, 281, 517
2771, 450, 853
2772, 309, 502
2773, 207, 741
2774, 534, 789
2775, 97, 669
2776, 348, 418
2777, 112, 592
2778, 446, 563
2779, 753, 804
2780, 436, 622
2781, 401, 656
2782, 599, 983
2783, 392, 906
2784, 35, 448
2785, 59, 185
2786, 186, 324
2787, 180, 816
2788, 211, 729
2789, 528, 837
2790, 426, 790
2791, 732, 968
2792, 137, 568
2793, 666, 823
2794, 190, 223
2795, 921, 935
2796, 296, 434
2797, 32, 648
2798, 575, 797
2799, 71, 952
2800, 195, 902
2801, 623, 826
2802, 808, 851
2803, 675, 944
2804, 257, 266
2805, 307, 770
2806, 268, 378
2807, 51, 541
2808, 516, 588
2809, 691, 899
2810, 108, 646
2811, 368, 913
2812, 696, 969
2813, 49, 427
2814, 30, 81
2815, 431, 800
2816, 240, 766
2817, 412, 498
2818, 226, 514
2819, 119, 458
2820, 743, 919
2821, 500, 564
2822, 312, 508
2823, 672, 695
2824, 678, 806
2825, 411, 714
2826, 10, 787
2827, 886, 995
2828, 554, 993
2829, 79, 802
2830, 915, 957
2831, 206, 875
2832, 468, 925
2833, 14, 327
2834, 114, 647
2835, 254, 335
2836, 439, 966
2837, 82, 552
2838, 630, 824
2839, 144, 231
2840, 46, 77
2841, 497, 602
2842, 322, 582
2843, 17, 758
2844, 530, 840
2845, 400, 905
2846, 796, 822
2847, 184, 263
2848, 200, 518
2849, 29, 462
2850, 567, 942
2851, 11, 432
2852, 336, 655
2853, 218, 338
2854, 131, 731
2855, 443, 852
2856, 55, 990
2857, 23, 587
2858, 320, 629
2859, 533, 644
2860, 700, 788
2861, 651, 721
2862, 101, 510
2863, 126, 172
2864, 91, 303
2865, 166, 574
2866, 349, 579
2867, 389, 650
2868, 879, 926
2869, 26, 247
2870, 453, 522
2871, 176, 193
2872, 153, 735
2873, 149, 464
2874, 323, 962
2875, 109, 682
2876, 68, 642
2877, 524, 795
2878, 308, 702
2879, 367, 699
2880, 42, 355
2881, 2, 557
2882, 239, 475
2883, 387, 756
2884, 871, 980
2885, 461, 503
2886, 136, 513
2887, 258, 742
2888, 13, 698
2889, 297, 578
2890, 61, 858
2891, 123, 918
2892, 511, 634
2893, 509, 560
2894, 612, 814
2895, 135, 540
2896, 515, 589
2897, 791, 887
2898, 44, 213
2899, 84, 600
2900, 105, 707
2901, 299, 457
2902, 165, 539
2903, 221, 748
2904, 93, 854
2905, 362, 396
2906, 305, 722
2907, 256, 751
2908, 111, 912
2909, 395, 878
2910, 161, 550
2911, 127, 760
2912, 287, 545
2913, 445, 640
2914, 217, 888
2915, 364, 874
2916, 238, 318
2917, 159, 385
2918, 626, 855
2919, 95, 615
2920, 260, 370
2921, 16, 668
2922, 437, 930
2923, 556, 970
2924, 352, 807
2925, 407, 409
2926, 711, 881
2927, 88, 947
2928, 566, 684
2929, 210, 842
2930, 134, 225
2931, 306, 499
2932, 467, 526
2933, 328, 660
2934, 382, 527
2935, 3, 654
2936, 286, 373
2937, 96, 718
2938, 596, 704
2939, 227, 591
2940, 595, 614
2941, 562, 860
2942, 455, 561
2943, 262, 799
2944, 342, 749
2945, 598, 883
2946, 245, 938
2947, 139, 187
2948, 253, 884
2949, 255, 862
2950, 570, 997
2951, 521, 865
2952, 326, 449
2953, 265, 635
2954, 553, 733
2955, 169, 894
2956, 398, 576
2957, 7, 761
2958, 290, 548
2959, 658, 943
2960, 58, 234
2961, 754, 971
2962, 31, 222
2963, 94, 555
2964, 381, 779
2965, 404, 798
2966, 75, 384
2967, 57, 354
2968, 279, 580
2969, 609, 872
2970, 284, 430
2971, 273, 529
2972, 504, 611
2973, 203, 250
2974, 581, 785
2975, 402, 948
2976, 24, 608
2977, 359, 976
2978, 380, 435
2979, 366, 388
2980, 288, 520
2981, 491, 927
2982, 755, 986
2983, 667, 917
2984, 209, 569
2985, 463, 768
2986, 158, 709
2987, 204, 975
2988, 33, 830
2989, 38, 657
2990, 18, 189
2991, 132, 991
2992, 330, 737
2993, 116, 188
2994, 125, 212
2995, 792, 958
2996, 422, 671
2997, 405, 904
2998, 289, 337
2999, 72, 681
3000, 833, 857
3001, 19, 264
3002, 865, 991
3003, 633, 648
3004, 880, 974
3005, 401, 403
3006, 324, 512
3007, 339, 608
3008, 387, 839
3009, 46, 470
3010, 565, 578
3011, 700, 775
3012, 182, 781
3013, 171, 364
3014, 215, 493
3015, 321, 743
3016, 915, 956
3017, 17, 677
3018, 474, 491
3019, 41, 606
3020, 972, 975
3021, 104, 579
3022, 358, 993
3023, 145, 413
3024, 467, 593
3025, 337, 939
3026, 213, 297
3027, 528, 599
3028, 456, 829
3029, 131, 980
3030, 58, 206
3031, 81, 551
3032, 630, 903
3033, 20, 688
3034, 240, 256
3035, 331, 725
3036, 335, 543
3037, 80, 890
3038, 539, 926
3039, 73, 398
3040, 82, 311
3041, 480, 874
3042, 105, 376
3043, 18, 227
3044, 323, 999
3045, 495, 815
3046, 184, 492
3047, 612, 904
3048, 362, 655
3049, 392, 757
3050, 116, 194
3051, 51, 78
3052, 569, 973
3053, 386, 417
3054, 422, 520
3055, 375, 405
3056, 289, 469
3057, 581, 951
3058, 659, 981
3059, 211, 258
3060, 852, 954
3061, 50, 53
3062, 27, 281
3063, 148, 901
3064, 166, 905
3065, 409, 424
3066, 471, 916
3067, 223, 795
3068, 343, 696
3069, 186, 629
3070, 34, 340
3071, 309, 729
3072, 157, 594
3073, 538, 768
3074, 668, 850
3075, 828, 928
3076, 617, 841
3077, 455, 988
3078, 505, 704
3079, 479, 515
3080, 124, 884
3081, 354, 931
3082, 162, 367
3083, 809, 902
3084, 788, 895
3085, 451, 701
3086, 300, 635
3087, 61, 734
3088, 226, 807
3089, 858, 978
3090, 177, 994
3091, 773, 784
3092, 292, 564
3093, 185, 724
3094, 766, 918
3095, 570, 778
3096, 269, 842
3097, 765, 820
3098, 390, 657
3099, 253, 437
3100, 673, 687
3101, 741, 935
3102, 527, 550
3103, 222, 230
3104, 40, 271
3105, 718, 772
3106, 736, 797
3107, 220, 912
3108, 393, 646
3109, 172, 759
3110, 864, 960
3111, 547, 580
3112, 678, 878
3113, 287, 965
3114, 333, 792
3115, 357, 465
3116, 461, 572
3117, 11, 498
3118, 169, 719
3119, 134, 722
3120, 4, 805
3121, 204, 353
3122, 143, 312
3123, 350, 400
3124, 363, 613
3125, 449, 540
3126, 329, 623
3127, 192, 399
3128, 605, 653
3129, 463, 869
3130, 188, 477
3131, 384, 516
3132, 769, 923
3133, 272, 667
3134, 496, 817
3135, 472, 631
3136, 193, 380
3137, 153, 163
3138, 530, 899
3139, 548, 833
3140, 286, 620
3141, 416, 501
3142, 327, 466
3143, 142, 638
3144, 151, 195
3145, 314, 694
3146, 302, 475
3147, 702, 723
3148, 681, 802
3149, 359, 670
3150, 345, 432
3151, 30, 415
3152, 147, 675
3153, 494, 558
3154, 160, 753
3155, 573, 859
3156, 500, 738
3157, 38, 943
3158, 244, 611
3159, 200, 382
3160, 24, 872
3161, 216, 835
3162, 666, 889
3163, 62, 715
3164, 283, 373
3165, 187, 855
3166, 651, 919
3167, 622, 628
3168, 790, 942
3169, 553, 644
3170, 433, 957
3171, 555, 625
3172, 626, 690
3173, 310, 591
3174, 234, 585
3175, 141, 877
3176, 592, 695
3177, 282, 360
3178, 306, 567
3179, 245, 366
3180, 338, 454
3181, 408, 959
3182, 328, 490
3183, 196, 296
3184, 154, 992
3185, 59, 123
3186, 514, 770
3187, 642, 794
3188, 181, 831
3189, 156, 639
3190, 837, 949
3191, 22, 129
3192, 478, 927
3193, 682, 814
3194, 922, 982
3195, 159, 703
3196, 247, 280
3197, 406, 535
3198, 168, 650
3199, 266, 519
3200, 127, 170
3201, 9, 303
3202, 67, 83
3203, 430, 825
3204, 489, 830
3205, 347, 574
3206, 536, 910
3207, 126, 616
3208, 259, 589
3209, 120, 732
3210, 546, 799
3211, 654, 692
3212, 25, 110
3213, 779, 953
3214, 344, 391
3215, 785, 862
3216, 295, 420
3217, 588, 983
3218, 278, 938
3219, 1, 426
3220, 32, 647
3221, 661, 751
3222, 395, 920
3223, 525, 948
3224, 577, 786
3225, 402, 897
3226, 370, 932
3227, 248, 534
3228, 155, 445
3229, 39, 57
3230, 352, 643
3231, 427, 771
3232, 91, 686
3233, 308, 739
3234, 103, 986
3235, 396, 452
3236, 330, 823
3237, 101, 856
3238, 270, 624
3239, 641, 976
3240, 174, 671
3241, 136, 756
3242, 304, 603
3243, 305, 346
3244, 64, 121
3245, 571, 754
3246, 600, 730
3247, 2, 861
3248, 3, 834
3249, 504, 524
3250, 748, 879
3251, 199, 886
3252, 372, 711
3253, 7, 936
3254, 349, 457
3255, 621, 921
3256, 755, 776
3257, 542, 758
3258, 70, 94
3259, 436, 481
3260, 531, 800
3261, 298, 728
3262, 179, 958
3263, 334, 763
3264, 609, 963
3265, 425, 649
3266, 128, 219
3267, 448, 955
3268, 750, 990
3269, 322, 532
3270, 100, 747
3271, 442, 560
3272, 89, 618
3273, 90, 301
3274, 44, 665
3275, 28, 462
3276, 14, 615
3277, 107, 810
3278, 54, 150
3279, 361, 556
3280, 167, 518
3281, 336, 962
3282, 23, 43
3283, 190, 517
3284, 411, 898
3285, 12, 706
3286, 102, 450
3287, 84, 783
3288, 419, 707
3289, 816, 989
3290, 619, 767
3291, 522, 812
3292, 132, 428
3293, 537, 777
3294, 443, 929
3295, 197, 847
3296, 236, 607
3297, 164, 389
3298, 26, 727
3299, 225, 290
3300, 887, 893
3301, 183, 503
3302, 175, 561
3303, 198, 885
3304, 717, 984
3305, 317, 871
3306, 13, 601
3307, 511, 583
3308, 161, 709
3309, 645, 721
3310, 29, 998
3311, 294, 487
3312, 16, 604
3313, 316, 945
3314, 133, 883
3315, 137, 274
3316, 679, 909
3317, 464, 597
3318, 60, 582
3319, 228, 662
3320, 557, 836
3321, 250, 854
3322, 485, 676
3323, 796, 930
3324, 441, 969
3325, 697, 908
3326, 429, 995
3327, 397, 407
3328, 176, 446
3329, 385, 669
3330, 72, 907
3331, 202, 378
3332, 6, 313
3333, 56, 95
3334, 87, 762
3335, 208, 892
3336, 693, 791
3337, 277, 563
3338, 423, 968
3339, 365, 826
3340, 468, 867
3341, 595, 997
3342, 10, 971
3343, 544, 793
3344, 108, 891
3345, 212, 720
3346, 319, 944
3347, 509, 740
3348, 210, 680
3349, 506, 966
3350, 368, 499
3351, 113, 533
3352, 263, 568
3353, 497, 523
3354, 685, 726
3355, 71, 660
3356, 656, 818
3357, 412, 946
3358, 529, 900
3359, 658, 914
3360, 252, 510
3361, 870, 977
3362, 566, 749
3363, 508, 1000
3364, 96, 221
3365, 36, 356
3366, 63, 435
3367, 37, 744
3368, 554, 761
3369, 284, 780
3370, 86, 705
3371, 760, 911
3372, 52, 440
3373, 158, 934
3374, 93, 552
3375, 453, 559
3376, 201, 438
3377, 291, 876
3378, 99, 275
3379, 640, 733
3380, 45, 114
3381, 55, 74
3382, 483, 853
3383, 473, 674
3384, 189, 967
3385, 112, 987
3386, 414, 712
3387, 214, 848
3388, 243, 917
3389, 65, 318
3390, 76, 418
3391, 404, 632
3392, 92, 804
3393, 265, 964
3394, 106, 140
3395, 268, 798
3396, 209, 229
3397, 439, 745
3398, 257, 276
3399, 68, 79
3400, 235, 341
3401, 33, 652
3402, 31, 979
3403, 840, 845
3404, 379, 866
3405, 691, 698
3406, 117, 238
3407, 15, 35
3408, 716, 787
3409, 947, 961
3410, 49, 713
3411, 421, 913
3412, 584, 846
3413, 476, 663
3414, 587, 819
3415, 267, 873
3416, 239, 683
3417, 806, 933
3418, 203, 821
3419, 351, 388
3420, 254, 434
3421, 764, 843
3422, 21, 513
3423, 486, 857
3424, 205, 832
3425, 575, 985
3426, 130, 970
3427, 249, 824
3428, 191, 241
3429, 332, 482
3430, 66, 348
3431, 88, 596
3432, 262, 545
3433, 882, 950
3434, 860, 888
3435, 431, 925
3436, 851, 941
3437, 507, 526
3438, 119, 576
3439, 326, 458
3440, 383, 672
3441, 752, 789
3442, 42, 97
3443, 47, 782
3444, 144, 746
3445, 285, 460
3446, 122, 152
3447, 484, 541
3448, 459, 940
3449, 135, 342
3450, 394, 634
3451, 246, 827
3452, 731, 808
3453, 69, 237
3454, 260, 502
3455, 369, 801
3456, 138, 146
3457, 233, 708
3458, 714, 737
3459, 410, 735
3460, 149, 299
3461, 273, 320
3462, 165, 242
3463, 111, 774
3464, 139, 937
3465, 5, 636
3466, 315, 447
3467, 614, 684
3468, 371, 863
3469, 224, 261
3470, 115, 381
3471, 75, 444
3472, 98, 803
3473, 85, 924
3474, 217, 218
3475, 178, 813
3476, 742, 894
3477, 590, 610
3478, 598, 881
3479, 255, 811
3480, 488, 637
3481, 627, 849
3482, 125, 844
3483, 48, 664
3484, 8, 279
3485, 699, 952
3486, 325, 549
3487, 180, 822
3488, 77, 374
3489, 710, 906
3490, 377, 896
3491, 231, 562
3492, 173, 996
3493, 109, 586
3494, 251, 288
3495, 293, 875
3496, 521, 689
3497, 232, 602
3498, 207, 838
3499, 355, 868
3500, 118, 307
3501, 619, 642
3502, 348, 819
3503, 243, 690
3504, 448, 657
3505, 70, 485
3506, 584, 835
3507, 84, 536
3508, 62, 615
3509, 225, 314
3510, 869, 958
3511, 586, 870
3512, 153, 386
3513, 445, 923
3514, 273, 442
3515, 14, 474
3516, 514, 747
3517, 891, 896
3518, 347, 674
3519, 20, 992
3520, 858, 903
3521, 734, 783
3522, 210, 500
3523, 161, 823
3524, 227, 406
3525, 124, 374
3526, 32, 636
3527, 516, 867
3528, 576, 894
3529, 776, 910
3530, 824, 873
3531, 61, 78
3532, 498, 699
3533, 119, 507
3534, 44, 92
3535, 592, 677
3536, 5, 428
3537, 293, 777
3538, 701, 926
3539, 236, 447
3540, 961, 962
3541, 135, 572
3542, 521, 977
3543, 304, 351
3544, 797, 959
3545, 417, 876
3546, 306, 755
3547, 471, 756
3548, 95, 154
3549, 55, 796
3550, 310, 666
3551, 268, 361
3552, 174, 548
3553, 416, 553
3554, 809, 846
3555, 169, 724
3556, 395, 731
3557, 120, 935
3558, 114, 147
3559, 467, 612
3560, 383, 944
3561, 57, 87
3562, 368, 837
3563, 60, 893
3564, 889, 909
3565, 132, 738
3566, 179, 515
3567, 786, 946
3568, 569, 787
3569, 247, 432
3570, 300, 455
3571, 138, 190
3572, 363, 645
3573, 818, 980
3574, 206, 705
3575, 98, 890
3576, 624, 703
3577, 276, 382
3578, 237, 748
3579, 184, 932
3580, 327, 554
3581, 543, 643
3582, 248, 295
3583, 209, 664
3584, 249, 476
3585, 261, 676
3586, 547, 960
3587, 497, 524
3588, 389, 561
3589, 501, 508
3590, 168, 564
3591, 66, 768
3592, 323, 875
3593, 205, 692
3594, 338, 941
3595, 163, 853
3596, 40, 128
3597, 298, 537
3598, 637, 919
3599, 133, 570
3600, 258, 260
3601, 134, 284
3602, 239, 494
3603, 219, 252
3604, 175, 774
3605, 761, 766
3606, 929, 964
3607, 165, 286
3608, 430, 680
3609, 339, 580
3610, 397, 732
3611, 346, 451
3612, 54, 452
3613, 250, 454
3614, 178, 512
3615, 689, 914
3616, 129, 942
3617, 189, 665
3618, 675, 987
3619, 30, 318
3620, 407, 649
3621, 201, 465
3622, 251, 369
3623, 912, 971
3624, 123, 663
3625, 331, 475
3626, 156, 531
3627, 136, 503
3628, 64, 241
3629, 287, 435
3630, 583, 922
3631, 409, 566
3632, 728, 991
3633, 443, 568
3634, 8, 574
3635, 759, 936
3636, 109, 312
3637, 11, 842
3638, 457, 737
3639, 226, 511
3640, 519, 682
3641, 97, 760
3642, 238, 775
3643, 76, 945
3644, 113, 223
3645, 609, 721
3646, 421, 460
3647, 316, 851
3648, 191, 256
3649, 398, 773
3650, 283, 629
3651, 613, 931
3652, 334, 668
3653, 130, 533
3654, 426, 513
3655, 490, 601
3656, 528, 825
3657, 6, 836
3658, 947, 986
3659, 667, 698
3660, 68, 920
3661, 479, 704
3662, 96, 349
3663, 49, 414
3664, 326, 522
3665, 650, 772
3666, 357, 420
3667, 599, 817
3668, 192, 245
3669, 822, 845
3670, 171, 793
3671, 542, 718
3672, 706, 808
3673, 321, 863
3674, 104, 660
3675, 27, 94
3676, 272, 800
3677, 591, 821
3678, 486, 626
3679, 155, 880
3680, 517, 856
3681, 195, 354
3682, 12, 53
3683, 727, 973
3684, 108, 484
3685, 275, 757
3686, 598, 708
3687, 218, 381
3688, 722, 855
3689, 549, 746
3690, 355, 843
3691, 253, 375
3692, 280, 387
3693, 422, 628
3694, 33, 202
3695, 943, 949
3696, 25, 111
3697, 24, 231
3698, 234, 403
3699, 162, 333
3700, 170, 939
3701, 43, 405
3702, 50, 196
3703, 188, 984
3704, 23, 994
3705, 26, 596
3706, 166, 587
3707, 557, 560
3708, 173, 412
3709, 214, 589
3710, 317, 478
3711, 662, 976
3712, 590, 985
3713, 302, 906
3714, 311, 335
3715, 305, 888
3716, 492, 555
3717, 384, 630
3718, 652, 948
3719, 282, 588
3720, 48, 433
3721, 577, 622
3722, 297, 493
3723, 172, 928
3724, 470, 886
3725, 865, 1000
3726, 733, 957
3727, 431, 696
3728, 28, 341
3729, 558, 673
3730, 269, 425
3731, 59, 221
3732, 224, 730
3733, 608, 625
3734, 281, 603
3735, 42, 107
3736, 458, 897
3737, 495, 604
3738, 51, 717
3739, 292, 802
3740, 594, 904
3741, 329, 332
3742, 610, 694
3743, 105, 902
3744, 152, 353
3745, 385, 581
3746, 149, 606
3747, 151, 899
3748, 291, 885
3749, 244, 257
3750, 434, 981
3751, 18, 754
3752, 336, 491
3753, 954, 990
3754, 45, 110
3755, 65, 526
3756, 659, 937
3757, 72, 811
3758, 103, 262
3759, 635, 801
3760, 16, 963
3761, 200, 450
3762, 159, 686
3763, 58, 388
3764, 82, 827
3765, 73, 320
3766, 208, 322
3767, 456, 483
3768, 112, 868
3769, 77, 806
3770, 22, 449
3771, 180, 792
3772, 194, 279
3773, 415, 866
3774, 69, 861
3775, 99, 597
3776, 371, 864
3777, 480, 878
3778, 259, 593
3779, 399, 911
3780, 193, 265
3781, 344, 921
3782, 315, 364
3783, 278, 373
3784, 617, 620
3785, 207, 230
3786, 106, 453
3787, 352, 995
3788, 80, 927
3789, 203, 934
3790, 377, 913
3791, 510, 539
3792, 527, 710
3793, 255, 401
3794, 148, 784
3795, 85, 654
3796, 716, 763
3797, 52, 634
3798, 623, 641
3799, 164, 967
3800, 678, 695
3801, 102, 780
3802, 37, 81
3803, 392, 481
3804, 307, 565
3805, 366, 655
3806, 71, 916
3807, 429, 930
3808, 670, 883
3809, 146, 378
3810, 158, 839
3811, 862, 989
3812, 270, 767
3813, 46, 345
3814, 582, 714
3815, 794, 841
3816, 740, 955
3817, 15, 782
3818, 116, 614
3819, 473, 925
3820, 36, 437
3821, 651, 785
3822, 607, 661
3823, 274, 860
3824, 232, 826
3825, 850, 969
3826, 176, 900
3827, 157, 356
3828, 187, 441
3829, 285, 803
3830, 611, 788
3831, 9, 39
3832, 100, 982
3833, 394, 439
3834, 741, 771
3835, 13, 466
3836, 337, 468
3837, 126, 578
3838, 222, 854
3839, 644, 683
3840, 167, 979
3841, 679, 779
3842, 585, 743
3843, 313, 789
3844, 646, 857
3845, 713, 978
3846, 685, 968
3847, 518, 965
3848, 340, 709
3849, 546, 847
3850, 229, 559
3851, 419, 791
3852, 464, 849
3853, 631, 798
3854, 83, 380
3855, 212, 882
3856, 90, 815
3857, 143, 953
3858, 63, 618
3859, 365, 952
3860, 75, 956
3861, 887, 933
3862, 551, 753
3863, 17, 975
3864, 199, 915
3865, 653, 778
3866, 461, 523
3867, 402, 707
3868, 638, 736
3869, 496, 829
3870, 744, 838
3871, 758, 844
3872, 702, 715
3873, 29, 410
3874, 271, 571
3875, 671, 871
3876, 319, 998
3877, 91, 749
3878, 141, 719
3879, 908, 974
3880, 101, 411
3881, 765, 972
3882, 89, 804
3883, 372, 898
3884, 125, 627
3885, 697, 828
3886, 2, 74
3887, 309, 723
3888, 197, 423
3889, 509, 691
3890, 56, 427
3891, 228, 469
3892, 859, 983
3893, 301, 672
3894, 31, 762
3895, 220, 482
3896, 376, 752
3897, 127, 840
3898, 118, 938
3899, 562, 739
3900, 633, 647
3901, 390, 795
3902, 139, 266
3903, 4, 538
3904, 770, 807
3905, 115, 463
3906, 288, 997
3907, 400, 605
3908, 35, 552
3909, 122, 993
3910, 424, 820
3911, 472, 541
3912, 595, 833
3913, 988, 996
3914, 393, 656
3915, 477, 639
3916, 812, 874
3917, 181, 852
3918, 217, 831
3919, 294, 525
3920, 648, 966
3921, 86, 350
3922, 145, 917
3923, 289, 745
3924, 725, 814
3925, 805, 872
3926, 325, 488
3927, 140, 299
3928, 242, 688
3929, 117, 750
3930, 41, 729
3931, 550, 905
3932, 1, 264
3933, 19, 211
3934, 404, 545
3935, 834, 895
3936, 185, 687
3937, 343, 742
3938, 3, 520
3939, 544, 877
3940, 575, 940
3941, 616, 816
3942, 235, 999
3943, 669, 693
3944, 360, 504
3945, 216, 308
3946, 751, 769
3947, 530, 726
3948, 413, 540
3949, 506, 951
3950, 379, 881
3951, 362, 924
3952, 462, 735
3953, 700, 790
3954, 137, 277
3955, 892, 950
3956, 263, 813
3957, 183, 621
3958, 34, 440
3959, 142, 505
3960, 328, 444
3961, 324, 534
3962, 233, 459
3963, 529, 658
3964, 150, 204
3965, 567, 720
3966, 303, 830
3967, 10, 296
3968, 499, 681
3969, 182, 213
3970, 535, 712
3971, 47, 879
3972, 367, 502
3973, 121, 711
3974, 38, 240
3975, 67, 532
3976, 359, 764
3977, 7, 370
3978, 579, 602
3979, 88, 160
3980, 342, 446
3981, 391, 489
3982, 418, 487
3983, 810, 884
3984, 131, 246
3985, 632, 640
3986, 177, 267
3987, 93, 907
3988, 358, 408
3989, 290, 330
3990, 186, 799
3991, 144, 254
3992, 573, 684
3993, 436, 781
3994, 600, 832
3995, 79, 563
3996, 396, 438
3997, 21, 918
3998, 198, 848
3999, 215, 970
4000, 556, 901
