id, img1, img2
1, 582, 927
2, 539, 867
3, 605, 651
4, 95, 146
5, 679, 875
6, 117, 842
7, 580, 772
8, 899, 930
9, 220, 549
10, 329, 718
11, 49, 317
12, 598, 717
13, 625, 644
14, 258, 892
15, 822, 873
16, 2, 365
17, 274, 282
18, 442, 894
19, 161, 171
20, 358, 513
21, 100, 472
22, 687, 941
23, 782, 786
24, 903, 917
25, 348, 486
26, 532, 606
27, 158, 231
28, 836, 870
29, 428, 636
30, 222, 814
31, 343, 455
32, 102, 948
33, 203, 287
34, 872, 969
35, 154, 937
36, 242, 661
37, 554, 624
38, 909, 945
39, 45, 445
40, 27, 153
41, 254, 492
42, 879, 997
43, 656, 668
44, 92, 727
45, 784, 850
46, 768, 843
47, 162, 600
48, 208, 564
49, 328, 380
50, 267, 484
51, 114, 325
52, 377, 956
53, 119, 381
54, 191, 221
55, 133, 988
56, 122, 829
57, 297, 910
58, 556, 831
59, 617, 856
60, 391, 835
61, 85, 615
62, 430, 497
63, 762, 823
64, 36, 303
65, 569, 601
66, 263, 863
67, 250, 710
68, 414, 584
69, 205, 238
70, 290, 384
71, 3, 618
72, 408, 960
73, 773, 971
74, 71, 76
75, 217, 743
76, 56, 534
77, 563, 729
78, 341, 533
79, 482, 819
80, 372, 858
81, 120, 499
82, 581, 722
83, 421, 978
84, 797, 809
85, 75, 304
86, 667, 808
87, 295, 958
88, 363, 586
89, 184, 195
90, 207, 593
91, 745, 869
92, 441, 640
93, 1, 754
94, 172, 417
95, 229, 555
96, 173, 286
97, 216, 840
98, 187, 694
99, 170, 353
100, 579, 799
101, 230, 565
102, 436, 515
103, 432, 980
104, 189, 832
105, 531, 732
106, 248, 588
107, 473, 986
108, 209, 399
109, 685, 972
110, 28, 712
111, 237, 913
112, 292, 540
113, 595, 896
114, 557, 801
115, 589, 949
116, 715, 888
117, 109, 178
118, 413, 543
119, 550, 838
120, 546, 925
121, 493, 815
122, 544, 620
123, 57, 281
124, 52, 767
125, 479, 741
126, 889, 963
127, 111, 881
128, 93, 125
129, 104, 1000
130, 149, 359
131, 885, 943
132, 518, 764
133, 61, 700
134, 8, 265
135, 491, 946
136, 385, 776
137, 390, 771
138, 650, 688
139, 193, 803
140, 357, 368
141, 371, 811
142, 774, 778
143, 342, 637
144, 583, 714
145, 458, 996
146, 308, 577
147, 525, 932
148, 183, 900
149, 150, 954
150, 676, 689
151, 344, 401
152, 63, 905
153, 305, 378
154, 86, 837
155, 619, 791
156, 314, 758
157, 142, 992
158, 185, 794
159, 259, 364
160, 91, 268
161, 23, 922
162, 167, 279
163, 44, 520
164, 196, 451
165, 143, 509
166, 13, 489
167, 709, 919
168, 496, 585
169, 306, 663
170, 389, 965
171, 488, 777
172, 269, 682
173, 300, 759
174, 9, 645
175, 711, 995
176, 200, 393
177, 138, 294
178, 331, 415
179, 362, 973
180, 87, 974
181, 148, 379
182, 333, 361
183, 460, 628
184, 346, 386
185, 272, 456
186, 642, 848
187, 547, 655
188, 519, 826
189, 641, 897
190, 686, 736
191, 524, 566
192, 652, 827
193, 716, 901
194, 247, 466
195, 83, 369
196, 726, 959
197, 78, 251
198, 285, 800
199, 136, 739
200, 500, 730
201, 60, 339
202, 19, 766
203, 802, 807
204, 322, 783
205, 277, 335
206, 429, 724
207, 352, 649
208, 338, 657
209, 395, 522
210, 504, 855
211, 89, 571
212, 168, 970
213, 756, 883
214, 202, 904
215, 233, 438
216, 805, 820
217, 316, 751
218, 255, 367
219, 7, 64
220, 21, 664
221, 334, 570
222, 15, 243
223, 51, 691
224, 296, 424
225, 347, 770
226, 398, 514
227, 67, 898
228, 132, 236
229, 116, 307
230, 271, 535
231, 14, 976
232, 33, 643
233, 29, 613
234, 411, 787
235, 337, 666
236, 790, 961
237, 182, 427
238, 708, 804
239, 654, 680
240, 139, 940
241, 145, 629
242, 261, 467
243, 107, 450
244, 291, 990
245, 201, 634
246, 552, 639
247, 43, 311
248, 298, 845
249, 6, 80
250, 627, 769
251, 105, 806
252, 318, 824
253, 38, 763
254, 299, 895
255, 48, 65
256, 693, 853
257, 147, 698
258, 35, 608
259, 40, 169
260, 382, 916
261, 163, 670
262, 175, 665
263, 30, 704
264, 249, 507
265, 576, 828
266, 760, 817
267, 435, 841
268, 471, 966
269, 66, 812
270, 241, 612
271, 24, 301
272, 215, 604
273, 483, 725
274, 160, 630
275, 553, 609
276, 345, 720
277, 58, 198
278, 155, 572
279, 735, 844
280, 633, 906
281, 289, 439
282, 526, 562
283, 653, 947
284, 68, 775
285, 17, 541
286, 137, 788
287, 253, 985
288, 403, 938
289, 90, 658
290, 510, 530
291, 188, 538
292, 449, 877
293, 312, 936
294, 218, 419
295, 224, 475
296, 561, 660
297, 498, 785
298, 199, 214
299, 592, 891
300, 144, 893
301, 81, 793
302, 244, 536
303, 677, 728
304, 638, 890
305, 501, 933
306, 596, 683
307, 388, 934
308, 288, 485
309, 591, 951
310, 548, 594
311, 310, 701
312, 31, 151
313, 121, 319
314, 422, 781
315, 397, 749
316, 140, 469
317, 433, 697
318, 418, 495
319, 275, 521
320, 115, 821
321, 707, 878
322, 260, 597
323, 213, 396
324, 5, 459
325, 110, 789
326, 79, 423
327, 128, 834
328, 18, 876
329, 502, 957
330, 186, 252
331, 512, 914
332, 134, 392
333, 852, 935
334, 106, 929
335, 748, 931
336, 179, 412
337, 264, 939
338, 323, 426
339, 226, 494
340, 16, 647
341, 454, 611
342, 706, 755
343, 753, 950
344, 42, 164
345, 374, 461
346, 400, 402
347, 223, 490
348, 108, 955
349, 350, 487
350, 12, 673
351, 47, 351
352, 942, 991
353, 796, 851
354, 262, 478
355, 798, 920
356, 10, 871
357, 127, 508
358, 437, 574
359, 210, 912
360, 360, 989
361, 420, 506
362, 130, 443
363, 321, 684
364, 62, 721
365, 118, 166
366, 55, 276
367, 425, 818
368, 464, 833
369, 503, 860
370, 113, 129
371, 59, 902
372, 50, 968
373, 74, 394
374, 70, 529
375, 470, 983
376, 616, 761
377, 431, 635
378, 370, 742
379, 98, 246
380, 284, 573
381, 135, 190
382, 723, 981
383, 330, 719
384, 157, 862
385, 240, 982
386, 528, 864
387, 626, 830
388, 211, 447
389, 225, 734
390, 77, 857
391, 434, 779
392, 174, 752
393, 228, 560
394, 234, 967
395, 692, 746
396, 527, 846
397, 206, 854
398, 25, 73
399, 713, 738
400, 387, 795
401, 446, 757
402, 280, 610
403, 410, 462
404, 94, 180
405, 383, 699
406, 39, 816
407, 737, 886
408, 123, 632
409, 523, 880
410, 356, 962
411, 404, 780
412, 257, 278
413, 235, 480
414, 587, 825
415, 165, 924
416, 332, 681
417, 505, 695
418, 463, 558
419, 84, 705
420, 22, 355
421, 659, 998
422, 409, 977
423, 103, 847
424, 517, 849
425, 99, 884
426, 227, 468
427, 4, 273
428, 176, 476
429, 54, 69
430, 239, 614
431, 349, 839
432, 34, 607
433, 232, 444
434, 440, 623
435, 309, 354
436, 212, 740
437, 96, 750
438, 568, 747
439, 861, 975
440, 474, 866
441, 703, 887
442, 320, 477
443, 156, 177
444, 192, 567
445, 696, 865
446, 874, 921
447, 731, 744
448, 141, 465
449, 88, 575
450, 406, 882
451, 452, 603
452, 152, 690
453, 112, 602
454, 315, 810
455, 245, 672
456, 53, 366
457, 82, 481
458, 599, 915
459, 646, 868
460, 648, 911
461, 72, 537
462, 669, 993
463, 37, 918
464, 11, 376
465, 324, 994
466, 97, 578
467, 453, 765
468, 375, 448
469, 631, 671
470, 219, 923
471, 41, 283
472, 26, 545
473, 256, 373
474, 407, 542
475, 194, 204
476, 675, 944
477, 32, 964
478, 511, 979
479, 101, 984
480, 20, 907
481, 336, 416
482, 590, 953
483, 313, 792
484, 197, 326
485, 131, 621
486, 126, 293
487, 327, 813
488, 159, 457
489, 859, 952
490, 559, 908
491, 270, 662
492, 551, 678
493, 340, 999
494, 302, 926
495, 46, 987
496, 266, 622
497, 181, 674
498, 405, 733
499, 124, 516
500, 702, 928
501, 24, 71
502, 260, 983
503, 252, 282
504, 12, 759
505, 60, 927
506, 566, 617
507, 363, 796
508, 150, 259
509, 522, 813
510, 452, 540
511, 117, 890
512, 448, 908
513, 713, 730
514, 296, 868
515, 542, 640
516, 597, 902
517, 425, 799
518, 108, 852
519, 390, 654
520, 367, 666
521, 479, 793
522, 249, 985
523, 30, 709
524, 582, 674
525, 602, 712
526, 28, 873
527, 106, 115
528, 285, 539
529, 52, 105
530, 26, 823
531, 909, 946
532, 164, 825
533, 334, 912
534, 310, 335
535, 90, 888
536, 509, 866
537, 80, 366
538, 203, 703
539, 73, 814
540, 462, 792
541, 440, 988
542, 23, 434
543, 312, 721
544, 336, 806
545, 283, 647
546, 65, 953
547, 359, 734
548, 141, 420
549, 631, 688
550, 400, 904
551, 563, 579
552, 585, 590
553, 370, 439
554, 181, 494
555, 513, 672
556, 430, 619
557, 229, 414
558, 710, 756
559, 315, 685
560, 478, 891
561, 351, 705
562, 500, 538
563, 113, 676
564, 258, 526
565, 536, 564
566, 49, 528
567, 722, 998
568, 139, 488
569, 553, 844
570, 492, 968
571, 490, 514
572, 133, 789
573, 267, 664
574, 657, 949
575, 45, 826
576, 87, 308
577, 278, 690
578, 616, 849
579, 767, 847
580, 387, 898
581, 355, 551
582, 349, 423
583, 375, 682
584, 118, 580
585, 217, 637
586, 100, 964
587, 222, 742
588, 894, 934
589, 22, 651
590, 36, 947
591, 123, 840
592, 270, 924
593, 79, 939
594, 165, 875
595, 783, 846
596, 433, 678
597, 166, 607
598, 870, 984
599, 851, 959
600, 432, 700
601, 935, 978
602, 797, 858
603, 348, 627
604, 265, 371
605, 138, 645
606, 698, 975
607, 399, 883
608, 309, 422
609, 511, 768
610, 178, 861
611, 16, 614
612, 171, 338
613, 50, 377
614, 662, 747
615, 353, 812
616, 562, 854
617, 300, 830
618, 163, 328
619, 39, 212
620, 331, 670
621, 525, 917
622, 213, 262
623, 53, 965
624, 475, 633
625, 161, 515
626, 33, 378
627, 748, 907
628, 126, 708
629, 837, 914
630, 342, 567
631, 290, 757
632, 104, 957
633, 64, 330
634, 784, 910
635, 184, 829
636, 99, 816
637, 137, 736
638, 460, 612
639, 838, 901
640, 66, 841
641, 732, 878
642, 746, 790
643, 93, 715
644, 256, 449
645, 159, 404
646, 556, 593
647, 323, 933
648, 272, 871
649, 254, 999
650, 132, 724
651, 839, 994
652, 512, 779
653, 205, 642
654, 7, 444
655, 77, 253
656, 186, 613
657, 322, 502
658, 369, 943
659, 570, 675
660, 15, 143
661, 810, 938
662, 97, 583
663, 549, 727
664, 356, 532
665, 559, 897
666, 340, 740
667, 803, 815
668, 6, 855
669, 457, 716
670, 438, 548
671, 667, 911
672, 374, 692
673, 155, 945
674, 798, 900
675, 571, 930
676, 170, 794
677, 534, 976
678, 341, 608
679, 56, 648
680, 301, 508
681, 218, 817
682, 382, 557
683, 316, 876
684, 92, 541
685, 57, 714
686, 655, 836
687, 696, 869
688, 201, 455
689, 9, 884
690, 193, 963
691, 279, 337
692, 111, 174
693, 51, 820
694, 129, 733
695, 20, 626
696, 82, 867
697, 760, 952
698, 75, 931
699, 175, 611
700, 94, 828
701, 3, 409
702, 787, 818
703, 384, 893
704, 470, 990
705, 576, 915
706, 176, 236
707, 441, 986
708, 458, 819
709, 68, 188
710, 261, 321
711, 148, 989
712, 578, 697
713, 86, 198
714, 343, 979
715, 464, 995
716, 650, 777
717, 21, 474
718, 95, 531
719, 402, 472
720, 4, 507
721, 501, 504
722, 598, 671
723, 537, 778
724, 291, 453
725, 121, 635
726, 200, 518
727, 215, 992
728, 665, 958
729, 43, 380
730, 98, 643
731, 287, 533
732, 503, 749
733, 246, 413
734, 130, 147
735, 2, 247
736, 780, 991
737, 419, 922
738, 83, 850
739, 248, 558
740, 573, 575
741, 403, 641
742, 391, 505
743, 406, 918
744, 388, 905
745, 280, 928
746, 264, 680
747, 88, 326
748, 144, 693
749, 303, 695
750, 244, 427
751, 173, 882
752, 211, 357
753, 372, 925
754, 325, 942
755, 122, 527
756, 496, 546
757, 410, 443
758, 436, 587
759, 572, 974
760, 172, 352
761, 454, 529
762, 78, 344
763, 81, 487
764, 162, 887
765, 592, 707
766, 510, 782
767, 431, 801
768, 319, 364
769, 182, 489
770, 255, 745
771, 228, 347
772, 202, 962
773, 561, 737
774, 545, 618
775, 800, 906
776, 146, 520
777, 40, 663
778, 189, 238
779, 48, 786
780, 230, 596
781, 684, 944
782, 74, 865
783, 477, 955
784, 38, 761
785, 18, 268
786, 758, 766
787, 679, 771
788, 574, 831
789, 393, 437
790, 32, 863
791, 91, 879
792, 242, 373
793, 125, 980
794, 151, 726
795, 307, 401
796, 720, 832
797, 250, 569
798, 109, 160
799, 392, 615
800, 116, 327
801, 136, 239
802, 354, 516
803, 292, 345
804, 103, 677
805, 711, 719
806, 320, 396
807, 744, 860
808, 544, 971
809, 62, 210
810, 686, 723
811, 646, 704
812, 31, 112
813, 424, 683
814, 102, 658
815, 603, 770
816, 471, 639
817, 456, 584
818, 89, 750
819, 223, 416
820, 34, 273
821, 751, 950
822, 447, 495
823, 506, 634
824, 224, 731
825, 313, 874
826, 450, 977
827, 324, 864
828, 394, 498
829, 13, 699
830, 25, 735
831, 421, 468
832, 483, 881
833, 622, 739
834, 376, 842
835, 55, 365
836, 191, 381
837, 61, 973
838, 41, 807
839, 411, 916
840, 625, 843
841, 194, 929
842, 5, 221
843, 379, 788
844, 124, 128
845, 120, 195
846, 127, 271
847, 687, 769
848, 192, 442
849, 659, 691
850, 208, 895
851, 177, 773
852, 190, 451
853, 14, 821
854, 199, 417
855, 581, 834
856, 237, 589
857, 469, 606
858, 245, 555
859, 179, 297
860, 19, 937
861, 398, 629
862, 142, 426
863, 921, 982
864, 463, 621
865, 920, 951
866, 294, 476
867, 412, 948
868, 214, 649
869, 445, 591
870, 314, 428
871, 886, 960
872, 484, 661
873, 149, 333
874, 547, 624
875, 753, 765
876, 29, 346
877, 752, 802
878, 47, 523
879, 397, 967
880, 491, 718
881, 408, 429
882, 668, 856
883, 27, 415
884, 277, 913
885, 774, 776
886, 361, 362
887, 67, 638
888, 84, 418
889, 207, 728
890, 153, 560
891, 157, 604
892, 44, 653
893, 251, 636
894, 35, 185
895, 601, 972
896, 11, 197
897, 329, 919
898, 459, 729
899, 435, 550
900, 226, 554
901, 535, 940
902, 286, 395
903, 299, 480
904, 446, 781
905, 486, 997
906, 275, 996
907, 107, 302
908, 274, 805
909, 669, 808
910, 219, 306
911, 183, 775
912, 822, 835
913, 216, 284
914, 565, 702
915, 266, 859
916, 305, 482
917, 263, 689
918, 235, 853
919, 289, 318
920, 656, 725
921, 281, 600
922, 131, 231
923, 466, 811
924, 804, 903
925, 145, 628
926, 632, 969
927, 167, 987
928, 577, 717
929, 140, 461
930, 206, 298
931, 168, 499
932, 754, 763
933, 332, 485
934, 652, 966
935, 134, 234
936, 156, 936
937, 827, 845
938, 152, 872
939, 568, 889
940, 204, 954
941, 72, 368
942, 701, 741
943, 196, 339
944, 407, 993
945, 623, 694
946, 595, 848
947, 54, 862
948, 465, 899
949, 110, 119
950, 497, 791
951, 220, 706
952, 358, 857
953, 762, 824
954, 63, 673
955, 755, 833
956, 243, 517
957, 389, 605
958, 644, 961
959, 241, 311
960, 42, 743
961, 10, 926
962, 187, 240
963, 158, 764
964, 467, 630
965, 69, 609
966, 785, 1000
967, 96, 524
968, 360, 383
969, 59, 681
970, 586, 956
971, 135, 530
972, 17, 552
973, 180, 932
974, 588, 892
975, 76, 233
976, 350, 923
977, 85, 981
978, 8, 405
979, 70, 101
980, 317, 385
981, 288, 941
982, 880, 896
983, 772, 885
984, 37, 610
985, 46, 493
986, 1, 154
987, 293, 295
988, 209, 519
989, 269, 660
990, 58, 473
991, 227, 599
992, 232, 543
993, 276, 521
994, 594, 795
995, 114, 304
996, 169, 620
997, 257, 809
998, 386, 481
999, 225, 970
1000, 738, 877
1001, 452, 639
1002, 473, 694
1003, 412, 532
1004, 149, 529
1005, 401, 642
1006, 212, 331
1007, 268, 702
1008, 441, 794
1009, 659, 802
1010, 409, 799
1011, 271, 397
1012, 742, 832
1013, 468, 854
1014, 125, 525
1015, 341, 954
1016, 636, 755
1017, 174, 308
1018, 111, 943
1019, 611, 723
1020, 674, 796
1021, 289, 740
1022, 616, 647
1023, 817, 972
1024, 36, 163
1025, 299, 357
1026, 24, 137
1027, 590, 687
1028, 824, 857
1029, 148, 966
1030, 696, 858
1031, 253, 761
1032, 41, 175
1033, 162, 964
1034, 282, 358
1035, 540, 592
1036, 548, 992
1037, 327, 770
1038, 586, 955
1039, 309, 447
1040, 99, 910
1041, 209, 899
1042, 310, 884
1043, 383, 998
1044, 574, 937
1045, 9, 74
1046, 279, 968
1047, 326, 408
1048, 578, 803
1049, 205, 820
1050, 275, 496
1051, 539, 688
1052, 49, 188
1053, 379, 960
1054, 177, 466
1055, 180, 706
1056, 168, 753
1057, 276, 349
1058, 16, 145
1059, 103, 1000
1060, 438, 500
1061, 371, 959
1062, 419, 653
1063, 170, 985
1064, 120, 840
1065, 269, 791
1066, 251, 970
1067, 380, 715
1068, 87, 939
1069, 530, 600
1070, 12, 974
1071, 629, 786
1072, 304, 732
1073, 128, 414
1074, 494, 719
1075, 181, 503
1076, 264, 949
1077, 160, 422
1078, 559, 736
1079, 295, 919
1080, 675, 981
1081, 624, 671
1082, 240, 337
1083, 241, 248
1084, 232, 729
1085, 95, 513
1086, 475, 643
1087, 119, 903
1088, 625, 633
1089, 53, 436
1090, 184, 453
1091, 509, 885
1092, 398, 887
1093, 238, 338
1094, 583, 748
1095, 166, 746
1096, 152, 851
1097, 108, 958
1098, 483, 733
1099, 68, 285
1100, 37, 350
1101, 760, 924
1102, 123, 498
1103, 360, 700
1104, 244, 618
1105, 7, 993
1106, 291, 459
1107, 896, 987
1108, 370, 595
1109, 573, 652
1110, 140, 909
1111, 477, 999
1112, 287, 454
1113, 449, 504
1114, 593, 789
1115, 14, 631
1116, 272, 975
1117, 339, 575
1118, 235, 776
1119, 18, 324
1120, 456, 894
1121, 298, 942
1122, 388, 463
1123, 612, 747
1124, 581, 905
1125, 888, 931
1126, 561, 591
1127, 638, 699
1128, 281, 373
1129, 32, 89
1130, 428, 788
1131, 191, 328
1132, 222, 897
1133, 292, 430
1134, 233, 874
1135, 355, 862
1136, 60, 247
1137, 172, 572
1138, 547, 739
1139, 88, 866
1140, 424, 913
1141, 76, 751
1142, 2, 666
1143, 488, 892
1144, 56, 827
1145, 442, 526
1146, 654, 730
1147, 134, 173
1148, 916, 967
1149, 93, 923
1150, 720, 734
1151, 334, 804
1152, 198, 926
1153, 127, 566
1154, 451, 692
1155, 695, 988
1156, 82, 353
1157, 485, 837
1158, 245, 697
1159, 203, 499
1160, 206, 570
1161, 55, 978
1162, 67, 156
1163, 117, 288
1164, 811, 944
1165, 665, 933
1166, 178, 620
1167, 554, 798
1168, 155, 367
1169, 336, 626
1170, 182, 777
1171, 345, 984
1172, 718, 785
1173, 33, 855
1174, 481, 763
1175, 73, 290
1176, 102, 986
1177, 58, 735
1178, 588, 938
1179, 286, 403
1180, 391, 848
1181, 814, 963
1182, 64, 921
1183, 146, 594
1184, 57, 249
1185, 677, 953
1186, 778, 845
1187, 435, 670
1188, 810, 883
1189, 555, 617
1190, 147, 533
1191, 686, 861
1192, 343, 881
1193, 392, 613
1194, 446, 821
1195, 204, 565
1196, 109, 668
1197, 29, 106
1198, 306, 947
1199, 813, 834
1200, 13, 843
1201, 314, 479
1202, 549, 587
1203, 91, 962
1204, 630, 847
1205, 584, 872
1206, 311, 918
1207, 104, 399
1208, 465, 585
1209, 260, 352
1210, 553, 556
1211, 30, 216
1212, 141, 405
1213, 63, 721
1214, 44, 564
1215, 601, 708
1216, 261, 340
1217, 97, 640
1218, 256, 644
1219, 550, 823
1220, 22, 252
1221, 25, 143
1222, 615, 801
1223, 46, 669
1224, 506, 809
1225, 17, 603
1226, 121, 756
1227, 27, 150
1228, 270, 765
1229, 487, 976
1230, 153, 680
1231, 217, 632
1232, 544, 973
1233, 359, 907
1234, 114, 597
1235, 420, 784
1236, 171, 745
1237, 368, 920
1238, 464, 831
1239, 344, 807
1240, 98, 771
1241, 259, 661
1242, 115, 378
1243, 124, 900
1244, 200, 229
1245, 835, 961
1246, 301, 849
1247, 187, 870
1248, 19, 384
1249, 144, 728
1250, 296, 800
1251, 369, 927
1252, 507, 609
1253, 39, 889
1254, 151, 758
1255, 515, 908
1256, 329, 432
1257, 207, 227
1258, 219, 493
1259, 795, 875
1260, 165, 902
1261, 538, 634
1262, 135, 957
1263, 77, 701
1264, 316, 826
1265, 224, 228
1266, 20, 996
1267, 413, 461
1268, 234, 833
1269, 828, 901
1270, 307, 523
1271, 48, 321
1272, 239, 552
1273, 280, 551
1274, 415, 560
1275, 749, 850
1276, 70, 606
1277, 164, 579
1278, 537, 951
1279, 157, 202
1280, 418, 440
1281, 126, 983
1282, 501, 519
1283, 136, 780
1284, 679, 895
1285, 83, 664
1286, 470, 596
1287, 410, 879
1288, 678, 741
1289, 283, 936
1290, 346, 569
1291, 605, 792
1292, 512, 846
1293, 462, 737
1294, 11, 21
1295, 445, 948
1296, 707, 783
1297, 514, 580
1298, 775, 994
1299, 86, 782
1300, 312, 518
1301, 179, 969
1302, 45, 928
1303, 534, 859
1304, 47, 218
1305, 658, 853
1306, 531, 744
1307, 377, 619
1308, 562, 712
1309, 774, 865
1310, 266, 844
1311, 51, 527
1312, 101, 676
1313, 476, 614
1314, 351, 838
1315, 460, 589
1316, 15, 952
1317, 129, 977
1318, 490, 929
1319, 196, 508
1320, 323, 946
1321, 374, 876
1322, 193, 491
1323, 484, 577
1324, 195, 213
1325, 201, 904
1326, 208, 793
1327, 186, 443
1328, 250, 524
1329, 220, 940
1330, 254, 448
1331, 92, 486
1332, 84, 225
1333, 656, 982
1334, 517, 752
1335, 72, 830
1336, 467, 797
1337, 142, 698
1338, 772, 917
1339, 4, 911
1340, 302, 738
1341, 762, 934
1342, 472, 790
1343, 66, 365
1344, 71, 852
1345, 361, 890
1346, 535, 599
1347, 113, 169
1348, 42, 716
1349, 347, 366
1350, 681, 713
1351, 607, 825
1352, 237, 672
1353, 183, 863
1354, 192, 806
1355, 727, 898
1356, 267, 541
1357, 28, 362
1358, 393, 759
1359, 710, 856
1360, 211, 766
1361, 78, 667
1362, 469, 489
1363, 90, 215
1364, 230, 880
1365, 628, 711
1366, 878, 893
1367, 317, 330
1368, 356, 390
1369, 520, 818
1370, 376, 989
1371, 122, 457
1372, 81, 416
1373, 43, 768
1374, 130, 139
1375, 325, 427
1376, 915, 922
1377, 649, 912
1378, 6, 829
1379, 79, 819
1380, 38, 882
1381, 815, 868
1382, 236, 387
1383, 34, 598
1384, 480, 482
1385, 402, 991
1386, 381, 877
1387, 199, 683
1388, 684, 703
1389, 375, 627
1390, 395, 645
1391, 110, 423
1392, 96, 100
1393, 10, 709
1394, 382, 411
1395, 255, 421
1396, 691, 914
1397, 161, 623
1398, 132, 294
1399, 221, 650
1400, 655, 757
1401, 303, 604
1402, 112, 891
1403, 94, 354
1404, 781, 950
1405, 693, 997
1406, 265, 437
1407, 278, 935
1408, 105, 689
1409, 364, 990
1410, 167, 754
1411, 348, 385
1412, 185, 750
1413, 608, 808
1414, 313, 930
1415, 425, 945
1416, 685, 779
1417, 450, 495
1418, 262, 651
1419, 363, 646
1420, 189, 511
1421, 812, 836
1422, 726, 805
1423, 641, 979
1424, 764, 839
1425, 458, 502
1426, 568, 722
1427, 194, 372
1428, 75, 886
1429, 542, 690
1430, 65, 80
1431, 389, 873
1432, 54, 159
1433, 133, 860
1434, 107, 319
1435, 622, 995
1436, 69, 704
1437, 197, 258
1438, 318, 610
1439, 474, 657
1440, 246, 941
1441, 118, 637
1442, 35, 871
1443, 214, 332
1444, 315, 505
1445, 322, 867
1446, 52, 558
1447, 725, 816
1448, 3, 545
1449, 773, 925
1450, 8, 394
1451, 557, 682
1452, 61, 85
1453, 226, 274
1454, 426, 822
1455, 434, 841
1456, 660, 980
1457, 26, 190
1458, 231, 510
1459, 386, 767
1460, 40, 439
1461, 1, 62
1462, 154, 582
1463, 273, 906
1464, 50, 176
1465, 342, 571
1466, 471, 478
1467, 516, 602
1468, 59, 842
1469, 406, 429
1470, 731, 956
1471, 5, 492
1472, 277, 864
1473, 297, 433
1474, 576, 673
1475, 284, 705
1476, 714, 869
1477, 138, 497
1478, 158, 717
1479, 536, 787
1480, 400, 965
1481, 417, 444
1482, 23, 635
1483, 131, 293
1484, 407, 621
1485, 210, 455
1486, 223, 543
1487, 31, 116
1488, 528, 932
1489, 320, 546
1490, 662, 971
1491, 333, 648
1492, 724, 769
1493, 404, 521
1494, 263, 663
1495, 305, 396
1496, 243, 522
1497, 257, 743
1498, 300, 567
1499, 335, 563
1500, 242, 431
1501, 27, 240
1502, 428, 917
1503, 291, 995
1504, 408, 633
1505, 764, 976
1506, 394, 784
1507, 154, 590
1508, 650, 712
1509, 464, 706
1510, 439, 516
1511, 75, 822
1512, 81, 893
1513, 188, 261
1514, 220, 956
1515, 667, 800
1516, 107, 426
1517, 237, 843
1518, 801, 835
1519, 126, 679
1520, 68, 215
1521, 584, 841
1522, 714, 974
1523, 315, 632
1524, 429, 745
1525, 121, 588
1526, 330, 812
1527, 713, 983
1528, 241, 333
1529, 284, 494
1530, 61, 297
1531, 235, 610
1532, 485, 718
1533, 242, 685
1534, 803, 851
1535, 905, 910
1536, 530, 566
1537, 385, 740
1538, 313, 575
1539, 133, 556
1540, 462, 809
1541, 155, 382
1542, 430, 769
1543, 456, 629
1544, 252, 532
1545, 166, 616
1546, 553, 868
1547, 320, 849
1548, 716, 748
1549, 195, 681
1550, 135, 945
1551, 600, 762
1552, 413, 845
1553, 171, 702
1554, 405, 828
1555, 325, 850
1556, 53, 123
1557, 558, 804
1558, 14, 807
1559, 404, 668
1560, 209, 720
1561, 214, 771
1562, 45, 262
1563, 3, 660
1564, 34, 949
1565, 648, 902
1566, 204, 472
1567, 907, 971
1568, 642, 725
1569, 481, 684
1570, 500, 950
1571, 200, 691
1572, 116, 230
1573, 324, 749
1574, 9, 594
1575, 7, 238
1576, 524, 733
1577, 452, 892
1578, 581, 792
1579, 765, 941
1580, 369, 478
1581, 15, 968
1582, 717, 724
1583, 167, 954
1584, 303, 832
1585, 448, 620
1586, 72, 857
1587, 726, 923
1588, 199, 232
1589, 25, 573
1590, 299, 459
1591, 309, 773
1592, 547, 935
1593, 186, 432
1594, 190, 656
1595, 471, 576
1596, 646, 728
1597, 417, 434
1598, 898, 930
1599, 62, 836
1600, 363, 671
1601, 90, 174
1602, 287, 657
1603, 83, 944
1604, 194, 592
1605, 699, 992
1606, 293, 493
1607, 846, 978
1608, 788, 887
1609, 368, 688
1610, 450, 865
1611, 637, 830
1612, 614, 644
1613, 156, 734
1614, 159, 855
1615, 265, 331
1616, 60, 402
1617, 96, 384
1618, 71, 965
1619, 168, 583
1620, 100, 700
1621, 310, 969
1622, 172, 198
1623, 631, 859
1624, 285, 731
1625, 477, 863
1626, 665, 927
1627, 736, 790
1628, 176, 281
1629, 638, 903
1630, 476, 482
1631, 444, 696
1632, 409, 613
1633, 49, 951
1634, 165, 208
1635, 52, 608
1636, 772, 854
1637, 415, 787
1638, 255, 624
1639, 329, 546
1640, 183, 690
1641, 269, 379
1642, 130, 925
1643, 536, 738
1644, 44, 191
1645, 360, 605
1646, 663, 777
1647, 65, 438
1648, 211, 786
1649, 460, 984
1650, 120, 419
1651, 20, 767
1652, 682, 761
1653, 103, 518
1654, 753, 985
1655, 101, 692
1656, 397, 623
1657, 137, 819
1658, 69, 84
1659, 102, 933
1660, 864, 912
1661, 108, 184
1662, 501, 980
1663, 197, 202
1664, 236, 388
1665, 894, 921
1666, 40, 249
1667, 41, 383
1668, 13, 934
1669, 294, 354
1670, 74, 541
1671, 867, 904
1672, 57, 515
1673, 580, 900
1674, 17, 621
1675, 492, 783
1676, 431, 563
1677, 443, 938
1678, 67, 139
1679, 308, 574
1680, 59, 888
1681, 470, 780
1682, 673, 920
1683, 88, 246
1684, 274, 732
1685, 375, 603
1686, 141, 341
1687, 617, 683
1688, 634, 918
1689, 270, 744
1690, 290, 993
1691, 316, 339
1692, 343, 640
1693, 824, 872
1694, 2, 946
1695, 815, 958
1696, 466, 861
1697, 704, 937
1698, 599, 909
1699, 203, 844
1700, 346, 463
1701, 158, 461
1702, 601, 986
1703, 12, 433
1704, 267, 497
1705, 39, 474
1706, 423, 814
1707, 336, 653
1708, 606, 977
1709, 488, 961
1710, 125, 963
1711, 389, 604
1712, 124, 886
1713, 722, 856
1714, 311, 689
1715, 295, 948
1716, 225, 436
1717, 181, 376
1718, 213, 675
1719, 697, 988
1720, 710, 752
1721, 219, 222
1722, 842, 873
1723, 205, 674
1724, 527, 528
1725, 268, 677
1726, 901, 960
1727, 50, 495
1728, 94, 153
1729, 357, 940
1730, 282, 302
1731, 99, 353
1732, 358, 457
1733, 411, 416
1734, 256, 825
1735, 473, 635
1736, 344, 709
1737, 66, 420
1738, 337, 391
1739, 572, 687
1740, 36, 962
1741, 54, 178
1742, 260, 813
1743, 226, 551
1744, 400, 412
1745, 22, 351
1746, 598, 939
1747, 866, 972
1748, 173, 356
1749, 92, 362
1750, 138, 480
1751, 304, 579
1752, 223, 305
1753, 147, 442
1754, 136, 942
1755, 959, 964
1756, 398, 401
1757, 115, 164
1758, 89, 627
1759, 768, 881
1760, 491, 544
1761, 498, 919
1762, 504, 707
1763, 271, 602
1764, 109, 258
1765, 467, 522
1766, 318, 378
1767, 129, 446
1768, 24, 858
1769, 48, 253
1770, 118, 371
1771, 289, 719
1772, 193, 926
1773, 250, 451
1774, 42, 257
1775, 51, 597
1776, 625, 880
1777, 73, 585
1778, 177, 808
1779, 490, 779
1780, 144, 365
1781, 345, 827
1782, 26, 876
1783, 105, 106
1784, 437, 647
1785, 469, 496
1786, 838, 852
1787, 514, 785
1788, 207, 266
1789, 275, 810
1790, 288, 418
1791, 117, 778
1792, 33, 410
1793, 328, 848
1794, 782, 947
1795, 507, 741
1796, 210, 534
1797, 234, 525
1798, 87, 739
1799, 11, 554
1800, 708, 929
1801, 458, 698
1802, 555, 607
1803, 349, 811
1804, 512, 666
1805, 743, 906
1806, 70, 98
1807, 217, 931
1808, 8, 990
1809, 797, 982
1810, 332, 870
1811, 112, 251
1812, 334, 763
1813, 91, 131
1814, 539, 737
1815, 564, 661
1816, 542, 672
1817, 395, 586
1818, 140, 239
1819, 877, 897
1820, 104, 529
1821, 150, 559
1822, 338, 615
1823, 231, 641
1824, 4, 229
1825, 201, 973
1826, 119, 523
1827, 414, 587
1828, 630, 727
1829, 5, 259
1830, 449, 998
1831, 821, 914
1832, 149, 758
1833, 374, 503
1834, 55, 794
1835, 221, 508
1836, 475, 924
1837, 47, 759
1838, 122, 891
1839, 499, 831
1840, 29, 577
1841, 326, 796
1842, 162, 680
1843, 192, 693
1844, 80, 882
1845, 35, 272
1846, 754, 878
1847, 19, 82
1848, 453, 505
1849, 16, 340
1850, 455, 658
1851, 619, 916
1852, 143, 212
1853, 913, 952
1854, 145, 703
1855, 43, 63
1856, 770, 987
1857, 142, 695
1858, 355, 533
1859, 216, 874
1860, 545, 955
1861, 78, 127
1862, 407, 793
1863, 314, 989
1864, 639, 883
1865, 187, 829
1866, 56, 179
1867, 146, 645
1868, 509, 669
1869, 321, 991
1870, 263, 526
1871, 701, 818
1872, 366, 711
1873, 132, 760
1874, 227, 908
1875, 264, 283
1876, 440, 636
1877, 591, 746
1878, 170, 228
1879, 686, 798
1880, 317, 757
1881, 276, 561
1882, 791, 896
1883, 445, 502
1884, 406, 957
1885, 747, 839
1886, 531, 975
1887, 161, 847
1888, 932, 1000
1889, 206, 312
1890, 163, 180
1891, 372, 911
1892, 347, 799
1893, 111, 381
1894, 487, 651
1895, 427, 885
1896, 654, 833
1897, 386, 664
1898, 157, 484
1899, 506, 775
1900, 543, 981
1901, 571, 755
1902, 244, 393
1903, 160, 723
1904, 352, 806
1905, 441, 520
1906, 322, 510
1907, 435, 735
1908, 169, 454
1909, 296, 871
1910, 189, 595
1911, 175, 489
1912, 537, 729
1913, 486, 659
1914, 64, 254
1915, 85, 95
1916, 361, 970
1917, 609, 890
1918, 38, 750
1919, 618, 922
1920, 148, 511
1921, 521, 869
1922, 399, 840
1923, 540, 715
1924, 517, 756
1925, 46, 966
1926, 31, 245
1927, 548, 875
1928, 422, 936
1929, 465, 552
1930, 28, 834
1931, 23, 243
1932, 370, 596
1933, 643, 721
1934, 307, 915
1935, 396, 884
1936, 306, 319
1937, 300, 301
1938, 196, 994
1939, 364, 816
1940, 519, 593
1941, 152, 373
1942, 279, 348
1943, 77, 403
1944, 286, 483
1945, 6, 327
1946, 823, 826
1947, 538, 589
1948, 21, 979
1949, 278, 655
1950, 342, 549
1951, 670, 678
1952, 899, 953
1953, 218, 751
1954, 578, 996
1955, 79, 817
1956, 424, 999
1957, 359, 565
1958, 447, 567
1959, 182, 392
1960, 32, 86
1961, 110, 128
1962, 390, 795
1963, 860, 967
1964, 649, 837
1965, 582, 776
1966, 273, 513
1967, 676, 781
1968, 774, 789
1969, 280, 997
1970, 323, 377
1971, 37, 612
1972, 248, 550
1973, 569, 943
1974, 468, 562
1975, 151, 705
1976, 611, 662
1977, 134, 879
1978, 224, 742
1979, 114, 928
1980, 622, 626
1981, 380, 694
1982, 367, 805
1983, 30, 93
1984, 421, 730
1985, 97, 233
1986, 58, 889
1987, 1, 568
1988, 113, 335
1989, 247, 292
1990, 350, 570
1991, 18, 425
1992, 185, 652
1993, 766, 802
1994, 298, 628
1995, 560, 853
1996, 76, 277
1997, 535, 820
1998, 479, 895
1999, 10, 387
2000, 557, 862
2001, 398, 972
2002, 545, 925
2003, 528, 934
2004, 51, 161
2005, 467, 672
2006, 538, 713
2007, 335, 470
2008, 355, 741
2009, 530, 660
2010, 484, 655
2011, 226, 852
2012, 476, 839
2013, 622, 635
2014, 861, 941
2015, 147, 281
2016, 225, 666
2017, 28, 95
2018, 382, 677
2019, 21, 233
2020, 765, 888
2021, 543, 808
2022, 7, 177
2023, 188, 315
2024, 181, 227
2025, 401, 548
2026, 256, 698
2027, 662, 783
2028, 39, 350
2029, 290, 670
2030, 38, 106
2031, 143, 831
2032, 254, 866
2033, 820, 911
2034, 388, 495
2035, 59, 907
2036, 5, 245
2037, 133, 859
2038, 139, 985
2039, 200, 372
2040, 299, 475
2041, 75, 988
2042, 93, 835
2043, 179, 249
2044, 318, 454
2045, 62, 251
2046, 472, 982
2047, 341, 535
2048, 257, 940
2049, 193, 879
2050, 248, 537
2051, 344, 359
2052, 244, 815
2053, 531, 718
2054, 574, 592
2055, 680, 812
2056, 540, 590
2057, 761, 993
2058, 510, 944
2059, 395, 544
2060, 82, 411
2061, 521, 656
2062, 369, 487
2063, 234, 607
2064, 460, 892
2065, 794, 880
2066, 81, 636
2067, 218, 966
2068, 715, 823
2069, 42, 110
2070, 8, 443
2071, 665, 962
2072, 297, 340
2073, 782, 917
2074, 73, 739
2075, 235, 895
2076, 213, 302
2077, 23, 668
2078, 334, 397
2079, 125, 697
2080, 539, 950
2081, 216, 712
2082, 22, 890
2083, 84, 604
2084, 166, 608
2085, 307, 740
2086, 459, 515
2087, 627, 690
2088, 399, 769
2089, 449, 826
2090, 312, 371
2091, 175, 979
2092, 486, 843
2093, 100, 431
2094, 444, 1000
2095, 197, 735
2096, 810, 916
2097, 566, 919
2098, 601, 720
2099, 865, 987
2100, 126, 317
2101, 536, 789
2102, 205, 360
2103, 568, 621
2104, 614, 893
2105, 237, 933
2106, 349, 758
2107, 132, 750
2108, 80, 816
2109, 445, 565
2110, 114, 142
2111, 721, 997
2112, 342, 796
2113, 532, 594
2114, 69, 650
2115, 135, 682
2116, 274, 778
2117, 157, 298
2118, 628, 631
2119, 36, 871
2120, 469, 491
2121, 569, 716
2122, 661, 701
2123, 262, 488
2124, 517, 786
2125, 497, 937
2126, 556, 953
2127, 169, 559
2128, 68, 402
2129, 437, 744
2130, 214, 710
2131, 292, 793
2132, 363, 667
2133, 78, 336
2134, 691, 961
2135, 176, 273
2136, 377, 420
2137, 313, 589
2138, 136, 195
2139, 168, 462
2140, 417, 583
2141, 29, 751
2142, 2, 259
2143, 141, 183
2144, 504, 753
2145, 730, 829
2146, 174, 766
2147, 400, 645
2148, 353, 490
2149, 215, 709
2150, 145, 867
2151, 211, 343
2152, 10, 729
2153, 64, 949
2154, 228, 989
2155, 140, 208
2156, 57, 130
2157, 502, 850
2158, 24, 903
2159, 563, 591
2160, 71, 674
2161, 220, 364
2162, 664, 948
2163, 105, 523
2164, 137, 383
2165, 222, 613
2166, 261, 821
2167, 525, 963
2168, 809, 990
2169, 102, 301
2170, 40, 578
2171, 45, 562
2172, 63, 632
2173, 596, 805
2174, 65, 199
2175, 115, 192
2176, 153, 625
2177, 255, 300
2178, 505, 792
2179, 6, 981
2180, 419, 603
2181, 109, 785
2182, 44, 943
2183, 389, 586
2184, 380, 970
2185, 339, 640
2186, 564, 860
2187, 678, 889
2188, 651, 702
2189, 12, 284
2190, 194, 311
2191, 354, 736
2192, 164, 606
2193, 144, 180
2194, 848, 929
2195, 34, 163
2196, 15, 70
2197, 700, 998
2198, 52, 241
2199, 186, 189
2200, 439, 957
2201, 326, 387
2202, 252, 507
2203, 447, 996
2204, 404, 671
2205, 291, 623
2206, 151, 864
2207, 473, 872
2208, 25, 295
2209, 918, 954
2210, 324, 325
2211, 644, 676
2212, 554, 922
2213, 584, 956
2214, 561, 722
2215, 352, 703
2216, 611, 663
2217, 732, 800
2218, 308, 704
2219, 357, 958
2220, 687, 772
2221, 351, 452
2222, 184, 633
2223, 55, 995
2224, 811, 858
2225, 410, 501
2226, 242, 731
2227, 626, 726
2228, 385, 579
2229, 526, 681
2230, 162, 368
2231, 266, 512
2232, 4, 921
2233, 560, 652
2234, 386, 847
2235, 509, 884
2236, 374, 801
2237, 373, 912
2238, 67, 91
2239, 118, 991
2240, 92, 356
2241, 76, 321
2242, 362, 908
2243, 338, 503
2244, 455, 878
2245, 203, 806
2246, 319, 930
2247, 408, 514
2248, 599, 900
2249, 104, 685
2250, 238, 506
2251, 35, 152
2252, 942, 946
2253, 427, 639
2254, 675, 742
2255, 827, 840
2256, 699, 913
2257, 277, 457
2258, 337, 641
2259, 646, 774
2260, 393, 927
2261, 588, 881
2262, 448, 897
2263, 210, 376
2264, 358, 403
2265, 206, 694
2266, 31, 479
2267, 378, 610
2268, 41, 198
2269, 201, 429
2270, 711, 787
2271, 558, 841
2272, 185, 928
2273, 474, 734
2274, 658, 804
2275, 471, 695
2276, 669, 978
2277, 555, 885
2278, 265, 310
2279, 441, 964
2280, 289, 980
2281, 415, 904
2282, 602, 719
2283, 150, 572
2284, 138, 790
2285, 54, 688
2286, 394, 886
2287, 61, 784
2288, 520, 557
2289, 107, 901
2290, 149, 724
2291, 207, 824
2292, 322, 552
2293, 89, 965
2294, 1, 127
2295, 286, 330
2296, 120, 329
2297, 156, 272
2298, 453, 620
2299, 17, 877
2300, 435, 609
2301, 345, 887
2302, 94, 643
2303, 243, 971
2304, 309, 909
2305, 79, 856
2306, 379, 844
2307, 229, 527
2308, 11, 898
2309, 493, 576
2310, 485, 686
2311, 33, 923
2312, 756, 992
2313, 333, 440
2314, 361, 986
2315, 797, 959
2316, 581, 582
2317, 456, 926
2318, 798, 833
2319, 3, 331
2320, 131, 366
2321, 209, 546
2322, 66, 119
2323, 320, 755
2324, 481, 969
2325, 477, 819
2326, 849, 967
2327, 446, 542
2328, 123, 288
2329, 48, 723
2330, 494, 945
2331, 223, 412
2332, 146, 173
2333, 240, 638
2334, 868, 910
2335, 268, 522
2336, 279, 413
2337, 423, 624
2338, 191, 817
2339, 231, 406
2340, 224, 673
2341, 648, 936
2342, 407, 914
2343, 384, 728
2344, 316, 984
2345, 88, 293
2346, 365, 489
2347, 155, 883
2348, 367, 450
2349, 32, 598
2350, 128, 275
2351, 595, 647
2352, 348, 845
2353, 230, 743
2354, 332, 689
2355, 27, 825
2356, 19, 480
2357, 727, 947
2358, 775, 828
2359, 221, 748
2360, 129, 396
2361, 96, 714
2362, 529, 679
2363, 306, 570
2364, 314, 615
2365, 258, 759
2366, 77, 264
2367, 47, 960
2368, 212, 977
2369, 46, 421
2370, 50, 779
2371, 519, 534
2372, 323, 777
2373, 280, 854
2374, 296, 763
2375, 112, 182
2376, 178, 754
2377, 465, 518
2378, 171, 692
2379, 492, 836
2380, 629, 747
2381, 287, 513
2382, 533, 938
2383, 98, 478
2384, 170, 693
2385, 392, 619
2386, 219, 553
2387, 511, 767
2388, 422, 931
2389, 278, 707
2390, 113, 920
2391, 148, 634
2392, 154, 781
2393, 190, 706
2394, 304, 463
2395, 832, 863
2396, 196, 955
2397, 165, 905
2398, 303, 642
2399, 587, 788
2400, 250, 924
2401, 294, 500
2402, 433, 567
2403, 498, 746
2404, 101, 424
2405, 818, 983
2406, 405, 426
2407, 468, 807
2408, 745, 894
2409, 347, 705
2410, 597, 994
2411, 86, 717
2412, 134, 466
2413, 246, 605
2414, 771, 896
2415, 90, 654
2416, 269, 939
2417, 733, 875
2418, 117, 952
2419, 876, 951
2420, 508, 906
2421, 653, 802
2422, 16, 482
2423, 346, 846
2424, 187, 749
2425, 428, 795
2426, 158, 430
2427, 851, 873
2428, 97, 253
2429, 600, 773
2430, 87, 869
2431, 285, 842
2432, 37, 708
2433, 202, 464
2434, 432, 764
2435, 414, 862
2436, 103, 618
2437, 9, 204
2438, 451, 541
2439, 85, 813
2440, 305, 390
2441, 20, 516
2442, 260, 575
2443, 438, 585
2444, 630, 857
2445, 549, 683
2446, 60, 271
2447, 30, 434
2448, 159, 418
2449, 124, 370
2450, 14, 83
2451, 550, 573
2452, 232, 499
2453, 121, 768
2454, 483, 891
2455, 328, 752
2456, 270, 547
2457, 172, 791
2458, 762, 975
2459, 72, 122
2460, 458, 738
2461, 283, 461
2462, 571, 776
2463, 612, 999
2464, 696, 902
2465, 53, 217
2466, 26, 496
2467, 381, 837
2468, 409, 899
2469, 43, 327
2470, 99, 770
2471, 160, 247
2472, 116, 577
2473, 799, 874
2474, 391, 935
2475, 803, 830
2476, 684, 834
2477, 239, 780
2478, 13, 932
2479, 375, 855
2480, 282, 657
2481, 111, 870
2482, 649, 968
2483, 425, 617
2484, 18, 976
2485, 56, 760
2486, 757, 822
2487, 74, 725
2488, 580, 637
2489, 915, 974
2490, 49, 737
2491, 853, 973
2492, 436, 551
2493, 416, 838
2494, 267, 442
2495, 236, 263
2496, 616, 882
2497, 58, 524
2498, 167, 276
2499, 108, 659
2500, 593, 814
2501, 132, 252
2502, 402, 507
2503, 73, 846
2504, 630, 706
2505, 403, 914
2506, 95, 217
2507, 170, 771
2508, 867, 996
2509, 629, 781
2510, 232, 952
2511, 768, 780
2512, 81, 329
2513, 475, 597
2514, 40, 243
2515, 293, 954
2516, 278, 773
2517, 135, 474
2518, 18, 192
2519, 480, 751
2520, 761, 789
2521, 183, 596
2522, 69, 517
2523, 361, 469
2524, 100, 748
2525, 263, 264
2526, 452, 708
2527, 345, 769
2528, 346, 701
2529, 407, 445
2530, 529, 722
2531, 399, 857
2532, 195, 308
2533, 521, 732
2534, 678, 747
2535, 138, 333
2536, 523, 658
2537, 168, 178
2538, 70, 919
2539, 538, 614
2540, 520, 951
2541, 276, 368
2542, 338, 350
2543, 281, 498
2544, 127, 723
2545, 760, 931
2546, 294, 731
2547, 370, 563
2548, 704, 970
2549, 144, 690
2550, 413, 801
2551, 500, 565
2552, 305, 927
2553, 697, 945
2554, 423, 680
2555, 274, 660
2556, 442, 743
2557, 177, 432
2558, 910, 965
2559, 545, 811
2560, 12, 551
2561, 705, 824
2562, 63, 297
2563, 67, 453
2564, 211, 389
2565, 75, 377
2566, 20, 556
2567, 83, 876
2568, 422, 948
2569, 66, 216
2570, 226, 679
2571, 295, 367
2572, 251, 806
2573, 205, 491
2574, 695, 873
2575, 347, 419
2576, 406, 592
2577, 257, 283
2578, 674, 725
2579, 464, 570
2580, 43, 880
2581, 938, 963
2582, 316, 379
2583, 307, 923
2584, 151, 374
2585, 245, 929
2586, 489, 692
2587, 299, 470
2588, 380, 862
2589, 89, 268
2590, 231, 490
2591, 548, 625
2592, 512, 752
2593, 384, 540
2594, 309, 869
2595, 515, 983
2596, 451, 883
2597, 390, 836
2598, 496, 503
2599, 259, 711
2600, 157, 997
2601, 292, 484
2602, 378, 766
2603, 202, 618
2604, 436, 450
2605, 519, 884
2606, 971, 994
2607, 153, 860
2608, 210, 775
2609, 152, 354
2610, 108, 121
2611, 203, 669
2612, 124, 790
2613, 627, 820
2614, 9, 848
2615, 136, 271
2616, 623, 818
2617, 366, 590
2618, 313, 924
2619, 32, 955
2620, 358, 371
2621, 644, 982
2622, 326, 727
2623, 336, 621
2624, 497, 634
2625, 608, 987
2626, 260, 882
2627, 184, 270
2628, 421, 829
2629, 46, 810
2630, 167, 285
2631, 636, 977
2632, 196, 373
2633, 681, 763
2634, 220, 314
2635, 250, 553
2636, 461, 595
2637, 61, 492
2638, 509, 550
2639, 131, 988
2640, 33, 863
2641, 94, 593
2642, 224, 646
2643, 253, 386
2644, 148, 812
2645, 387, 733
2646, 137, 485
2647, 312, 916
2648, 335, 797
2649, 110, 524
2650, 710, 844
2651, 222, 418
2652, 237, 757
2653, 749, 786
2654, 400, 911
2655, 35, 587
2656, 244, 966
2657, 580, 856
2658, 120, 544
2659, 649, 898
2660, 944, 1000
2661, 417, 770
2662, 855, 885
2663, 101, 953
2664, 84, 471
2665, 105, 447
2666, 502, 981
2667, 376, 579
2668, 176, 698
2669, 372, 979
2670, 6, 685
2671, 525, 659
2672, 539, 984
2673, 147, 494
2674, 13, 546
2675, 107, 277
2676, 640, 893
2677, 320, 394
2678, 428, 716
2679, 38, 472
2680, 383, 637
2681, 412, 699
2682, 140, 411
2683, 227, 506
2684, 518, 537
2685, 349, 858
2686, 583, 673
2687, 248, 256
2688, 235, 449
2689, 290, 300
2690, 31, 302
2691, 626, 835
2692, 262, 487
2693, 415, 796
2694, 632, 639
2695, 129, 647
2696, 87, 438
2697, 1, 77
2698, 207, 286
2699, 52, 822
2700, 454, 804
2701, 514, 827
2702, 571, 841
2703, 51, 58
2704, 82, 201
2705, 511, 686
2706, 112, 908
2707, 186, 750
2708, 254, 889
2709, 56, 998
2710, 533, 541
2711, 53, 594
2712, 568, 850
2713, 126, 631
2714, 409, 714
2715, 229, 913
2716, 3, 351
2717, 171, 223
2718, 319, 324
2719, 21, 830
2720, 617, 917
2721, 249, 444
2722, 323, 466
2723, 190, 662
2724, 208, 303
2725, 404, 847
2726, 282, 304
2727, 918, 964
2728, 103, 735
2729, 477, 648
2730, 352, 439
2731, 161, 331
2732, 357, 959
2733, 339, 730
2734, 106, 204
2735, 71, 388
2736, 459, 615
2737, 666, 809
2738, 59, 434
2739, 10, 949
2740, 142, 567
2741, 638, 925
2742, 353, 663
2743, 798, 922
2744, 505, 616
2745, 424, 852
2746, 130, 753
2747, 926, 957
2748, 25, 155
2749, 543, 671
2750, 713, 939
2751, 279, 560
2752, 602, 974
2753, 160, 173
2754, 401, 431
2755, 605, 712
2756, 80, 425
2757, 23, 601
2758, 26, 467
2759, 194, 739
2760, 218, 783
2761, 664, 825
2762, 803, 904
2763, 311, 992
2764, 670, 896
2765, 433, 643
2766, 102, 878
2767, 166, 967
2768, 448, 950
2769, 683, 933
2770, 17, 821
2771, 577, 613
2772, 359, 564
2773, 738, 745
2774, 430, 589
2775, 49, 398
2776, 261, 687
2777, 139, 566
2778, 280, 650
2779, 532, 886
2780, 242, 888
2781, 578, 584
2782, 342, 528
2783, 162, 866
2784, 27, 508
2785, 99, 391
2786, 435, 527
2787, 555, 921
2788, 362, 859
2789, 343, 907
2790, 479, 573
2791, 330, 682
2792, 76, 588
2793, 437, 764
2794, 574, 842
2795, 115, 240
2796, 187, 628
2797, 275, 456
2798, 128, 759
2799, 321, 460
2800, 30, 36
2801, 641, 767
2802, 116, 895
2803, 483, 947
2804, 635, 657
2805, 11, 677
2806, 8, 772
2807, 50, 839
2808, 96, 306
2809, 813, 930
2810, 119, 778
2811, 169, 728
2812, 15, 611
2813, 603, 782
2814, 375, 462
2815, 395, 787
2816, 197, 569
2817, 557, 661
2818, 141, 808
2819, 41, 122
2820, 720, 755
2821, 42, 655
2822, 315, 849
2823, 693, 788
2824, 310, 985
2825, 322, 817
2826, 960, 989
2827, 581, 652
2828, 198, 833
2829, 79, 744
2830, 93, 213
2831, 258, 843
2832, 269, 777
2833, 877, 940
2834, 174, 802
2835, 228, 233
2836, 57, 675
2837, 337, 559
2838, 718, 736
2839, 188, 215
2840, 416, 902
2841, 870, 879
2842, 482, 622
2843, 854, 936
2844, 74, 355
2845, 2, 441
2846, 585, 700
2847, 676, 724
2848, 72, 737
2849, 45, 991
2850, 668, 696
2851, 340, 684
2852, 392, 999
2853, 247, 301
2854, 165, 861
2855, 146, 819
2856, 212, 600
2857, 149, 784
2858, 44, 851
2859, 163, 609
2860, 920, 980
2861, 181, 721
2862, 688, 807
2863, 717, 746
2864, 504, 776
2865, 159, 719
2866, 221, 501
2867, 934, 995
2868, 22, 175
2869, 214, 976
2870, 200, 408
2871, 239, 694
2872, 488, 986
2873, 125, 414
2874, 443, 864
2875, 356, 510
2876, 887, 906
2877, 241, 941
2878, 219, 935
2879, 526, 762
2880, 97, 779
2881, 620, 853
2882, 225, 890
2883, 86, 552
2884, 382, 397
2885, 185, 478
2886, 554, 978
2887, 667, 774
2888, 396, 513
2889, 134, 486
2890, 284, 561
2891, 98, 582
2892, 266, 726
2893, 298, 741
2894, 154, 158
2895, 465, 729
2896, 547, 894
2897, 364, 909
2898, 109, 209
2899, 179, 691
2900, 24, 975
2901, 742, 937
2902, 39, 868
2903, 265, 805
2904, 493, 956
2905, 55, 111
2906, 348, 961
2907, 318, 481
2908, 92, 238
2909, 123, 665
2910, 891, 990
2911, 703, 756
2912, 85, 958
2913, 62, 651
2914, 113, 799
2915, 230, 291
2916, 65, 901
2917, 754, 946
2918, 325, 758
2919, 145, 317
2920, 91, 734
2921, 642, 865
2922, 199, 558
2923, 536, 969
2924, 420, 689
2925, 709, 875
2926, 37, 795
2927, 117, 234
2928, 164, 814
2929, 114, 150
2930, 606, 791
2931, 549, 672
2932, 273, 972
2933, 476, 973
2934, 182, 871
2935, 206, 654
2936, 516, 828
2937, 405, 905
2938, 16, 794
2939, 495, 575
2940, 34, 468
2941, 236, 542
2942, 360, 522
2943, 54, 943
2944, 473, 874
2945, 272, 653
2946, 531, 619
2947, 440, 993
2948, 645, 881
2949, 4, 191
2950, 64, 288
2951, 599, 792
2952, 610, 932
2953, 14, 29
2954, 369, 576
2955, 838, 912
2956, 189, 334
2957, 633, 823
2958, 118, 832
2959, 393, 707
2960, 604, 845
2961, 446, 900
2962, 180, 607
2963, 267, 942
2964, 530, 897
2965, 296, 715
2966, 332, 365
2967, 363, 765
2968, 48, 702
2969, 156, 572
2970, 327, 458
2971, 381, 800
2972, 612, 899
2973, 5, 624
2974, 104, 246
2975, 457, 499
2976, 78, 915
2977, 172, 344
2978, 535, 740
2979, 68, 562
2980, 426, 872
2981, 193, 289
2982, 463, 837
2983, 7, 534
2984, 656, 815
2985, 47, 834
2986, 427, 816
2987, 892, 903
2988, 88, 586
2989, 287, 598
2990, 60, 793
2991, 410, 968
2992, 90, 826
2993, 455, 840
2994, 19, 429
2995, 133, 328
2996, 28, 831
2997, 385, 591
2998, 341, 962
2999, 255, 785
3000, 143, 928
3001, 25, 311
3002, 548, 614
3003, 206, 288
3004, 58, 822
3005, 299, 884
3006, 197, 524
3007, 690, 740
3008, 549, 610
3009, 114, 986
3010, 392, 708
3011, 166, 465
3012, 68, 444
3013, 198, 770
3014, 84, 624
3015, 310, 573
3016, 234, 623
3017, 202, 355
3018, 328, 776
3019, 546, 935
3020, 478, 494
3021, 151, 988
3022, 183, 429
3023, 755, 816
3024, 547, 910
3025, 259, 599
3026, 308, 379
3027, 180, 754
3028, 57, 366
3029, 845, 957
3030, 323, 956
3031, 163, 899
3032, 819, 837
3033, 460, 959
3034, 194, 698
3035, 104, 636
3036, 620, 964
3037, 350, 699
3038, 370, 552
3039, 283, 324
3040, 487, 695
3041, 855, 963
3042, 193, 231
3043, 403, 923
3044, 431, 765
3045, 154, 867
3046, 153, 797
3047, 292, 947
3048, 97, 247
3049, 199, 381
3050, 474, 743
3051, 668, 940
3052, 27, 35
3053, 80, 158
3054, 200, 965
3055, 529, 703
3056, 433, 762
3057, 9, 907
3058, 108, 889
3059, 132, 786
3060, 422, 903
3061, 209, 212
3062, 303, 467
3063, 297, 928
3064, 602, 911
3065, 167, 869
3066, 580, 854
3067, 575, 716
3068, 39, 730
3069, 226, 710
3070, 873, 982
3071, 38, 115
3072, 75, 766
3073, 102, 595
3074, 315, 468
3075, 215, 791
3076, 666, 823
3077, 587, 810
3078, 919, 941
3079, 302, 534
3080, 358, 974
3081, 681, 741
3082, 186, 239
3083, 128, 258
3084, 12, 744
3085, 123, 342
3086, 159, 609
3087, 160, 298
3088, 218, 525
3089, 571, 993
3090, 83, 511
3091, 436, 778
3092, 644, 944
3093, 452, 916
3094, 713, 951
3095, 290, 658
3096, 544, 981
3097, 519, 640
3098, 625, 788
3099, 90, 520
3100, 932, 980
3101, 31, 958
3102, 434, 567
3103, 408, 707
3104, 125, 688
3105, 42, 174
3106, 109, 117
3107, 727, 991
3108, 250, 860
3109, 92, 995
3110, 543, 971
3111, 368, 432
3112, 278, 438
3113, 46, 223
3114, 343, 421
3115, 71, 535
3116, 530, 565
3117, 680, 994
3118, 136, 286
3119, 426, 523
3120, 8, 96
3121, 314, 692
3122, 146, 801
3123, 326, 479
3124, 728, 832
3125, 267, 289
3126, 254, 325
3127, 454, 865
3128, 28, 574
3129, 141, 424
3130, 828, 853
3131, 270, 484
3132, 11, 566
3133, 954, 960
3134, 139, 380
3135, 383, 732
3136, 346, 583
3137, 81, 835
3138, 238, 498
3139, 168, 394
3140, 242, 391
3141, 700, 894
3142, 440, 659
3143, 406, 457
3144, 696, 697
3145, 515, 901
3146, 185, 352
3147, 66, 496
3148, 98, 532
3149, 840, 990
3150, 369, 667
3151, 36, 733
3152, 488, 711
3153, 539, 942
3154, 665, 813
3155, 815, 827
3156, 373, 663
3157, 54, 400
3158, 1, 653
3159, 237, 353
3160, 551, 871
3161, 280, 831
3162, 217, 272
3163, 881, 925
3164, 224, 682
3165, 190, 767
3166, 65, 757
3167, 541, 792
3168, 162, 450
3169, 296, 787
3170, 307, 377
3171, 416, 830
3172, 556, 985
3173, 330, 603
3174, 469, 490
3175, 382, 785
3176, 172, 274
3177, 165, 269
3178, 489, 775
3179, 570, 582
3180, 248, 672
3181, 5, 61
3182, 332, 687
3183, 629, 915
3184, 251, 883
3185, 19, 798
3186, 107, 673
3187, 211, 877
3188, 538, 622
3189, 169, 397
3190, 170, 253
3191, 442, 458
3192, 588, 987
3193, 356, 604
3194, 94, 428
3195, 245, 540
3196, 182, 372
3197, 44, 316
3198, 191, 419
3199, 412, 420
3200, 637, 906
3201, 560, 946
3202, 192, 984
3203, 657, 723
3204, 329, 683
3205, 385, 814
3206, 413, 943
3207, 753, 794
3208, 676, 945
3209, 82, 263
3210, 898, 933
3211, 528, 880
3212, 24, 756
3213, 518, 670
3214, 662, 891
3215, 335, 846
3216, 148, 777
3217, 527, 793
3218, 207, 463
3219, 671, 691
3220, 504, 917
3221, 201, 862
3222, 30, 273
3223, 229, 841
3224, 93, 337
3225, 10, 997
3226, 569, 760
3227, 227, 495
3228, 389, 721
3229, 14, 795
3230, 388, 597
3231, 189, 949
3232, 320, 536
3233, 462, 561
3234, 77, 789
3235, 477, 562
3236, 135, 336
3237, 655, 962
3238, 706, 909
3239, 357, 800
3240, 305, 895
3241, 360, 630
3242, 514, 586
3243, 384, 921
3244, 179, 734
3245, 264, 678
3246, 497, 764
3247, 262, 948
3248, 427, 763
3249, 13, 773
3250, 222, 817
3251, 317, 581
3252, 715, 983
3253, 51, 790
3254, 411, 818
3255, 759, 979
3256, 447, 742
3257, 134, 863
3258, 17, 843
3259, 282, 502
3260, 252, 375
3261, 100, 804
3262, 235, 864
3263, 69, 145
3264, 105, 905
3265, 633, 930
3266, 73, 509
3267, 241, 820
3268, 53, 731
3269, 155, 882
3270, 127, 177
3271, 339, 533
3272, 246, 952
3273, 517, 758
3274, 451, 649
3275, 557, 904
3276, 900, 922
3277, 60, 868
3278, 301, 475
3279, 110, 425
3280, 331, 617
3281, 393, 826
3282, 47, 445
3283, 650, 704
3284, 56, 876
3285, 45, 781
3286, 415, 896
3287, 26, 955
3288, 550, 779
3289, 725, 977
3290, 181, 972
3291, 780, 1000
3292, 176, 638
3293, 120, 726
3294, 140, 376
3295, 309, 499
3296, 187, 568
3297, 500, 724
3298, 555, 674
3299, 351, 747
3300, 321, 635
3301, 585, 879
3302, 111, 414
3303, 2, 975
3304, 152, 284
3305, 417, 669
3306, 294, 718
3307, 579, 769
3308, 23, 118
3309, 188, 693
3310, 784, 888
3311, 48, 537
3312, 265, 503
3313, 675, 799
3314, 430, 522
3315, 664, 968
3316, 214, 507
3317, 349, 920
3318, 456, 858
3319, 74, 825
3320, 513, 966
3321, 156, 240
3322, 600, 908
3323, 213, 694
3324, 476, 616
3325, 470, 643
3326, 41, 645
3327, 554, 902
3328, 446, 851
3329, 184, 371
3330, 257, 526
3331, 86, 607
3332, 18, 291
3333, 374, 410
3334, 276, 404
3335, 782, 848
3336, 437, 648
3337, 455, 892
3338, 34, 103
3339, 220, 577
3340, 137, 642
3341, 501, 593
3342, 401, 729
3343, 632, 712
3344, 589, 590
3345, 459, 492
3346, 16, 735
3347, 76, 387
3348, 131, 327
3349, 601, 761
3350, 553, 621
3351, 684, 836
3352, 124, 161
3353, 598, 739
3354, 506, 628
3355, 59, 293
3356, 164, 961
3357, 149, 363
3358, 129, 976
3359, 173, 210
3360, 126, 872
3361, 228, 844
3362, 803, 914
3363, 157, 395
3364, 95, 300
3365, 306, 866
3366, 631, 722
3367, 113, 443
3368, 615, 806
3369, 341, 634
3370, 266, 277
3371, 606, 978
3372, 281, 464
3373, 138, 175
3374, 348, 362
3375, 344, 510
3376, 594, 852
3377, 605, 887
3378, 79, 219
3379, 271, 647
3380, 295, 619
3381, 20, 584
3382, 701, 939
3383, 208, 608
3384, 591, 913
3385, 783, 927
3386, 50, 480
3387, 719, 838
3388, 319, 802
3389, 736, 749
3390, 43, 834
3391, 112, 576
3392, 196, 361
3393, 143, 989
3394, 390, 950
3395, 453, 808
3396, 287, 861
3397, 285, 969
3398, 216, 639
3399, 230, 592
3400, 596, 973
3401, 15, 142
3402, 751, 893
3403, 178, 249
3404, 261, 656
3405, 516, 897
3406, 133, 364
3407, 768, 847
3408, 774, 874
3409, 857, 970
3410, 318, 396
3411, 64, 796
3412, 29, 918
3413, 705, 714
3414, 205, 354
3415, 268, 578
3416, 472, 824
3417, 91, 545
3418, 106, 686
3419, 702, 924
3420, 99, 564
3421, 150, 398
3422, 119, 842
3423, 195, 613
3424, 144, 651
3425, 378, 439
3426, 243, 359
3427, 471, 934
3428, 313, 772
3429, 171, 558
3430, 322, 931
3431, 88, 493
3432, 512, 689
3433, 833, 850
3434, 967, 999
3435, 386, 611
3436, 448, 745
3437, 365, 508
3438, 55, 486
3439, 221, 885
3440, 87, 482
3441, 122, 750
3442, 347, 654
3443, 531, 807
3444, 618, 627
3445, 7, 559
3446, 121, 720
3447, 78, 435
3448, 63, 886
3449, 255, 491
3450, 49, 612
3451, 572, 953
3452, 6, 771
3453, 752, 998
3454, 225, 418
3455, 232, 626
3456, 52, 821
3457, 485, 856
3458, 260, 938
3459, 67, 334
3460, 646, 926
3461, 236, 878
3462, 338, 929
3463, 333, 542
3464, 399, 748
3465, 483, 811
3466, 244, 839
3467, 72, 709
3468, 829, 936
3469, 812, 859
3470, 312, 641
3471, 3, 405
3472, 203, 805
3473, 85, 340
3474, 481, 875
3475, 101, 367
3476, 130, 992
3477, 563, 661
3478, 660, 809
3479, 62, 912
3480, 423, 466
3481, 679, 996
3482, 70, 204
3483, 21, 937
3484, 37, 890
3485, 304, 652
3486, 233, 849
3487, 409, 870
3488, 441, 677
3489, 4, 33
3490, 256, 738
3491, 22, 275
3492, 407, 461
3493, 116, 449
3494, 147, 402
3495, 40, 521
3496, 473, 505
3497, 32, 685
3498, 89, 737
3499, 279, 717
3500, 345, 746
3501, 148, 200
3502, 178, 603
3503, 323, 720
3504, 765, 990
3505, 78, 131
3506, 560, 681
3507, 139, 637
3508, 354, 968
3509, 243, 659
3510, 118, 295
3511, 368, 625
3512, 536, 806
3513, 152, 512
3514, 49, 813
3515, 70, 369
3516, 281, 356
3517, 186, 854
3518, 216, 247
3519, 270, 496
3520, 228, 739
3521, 156, 651
3522, 13, 436
3523, 109, 292
3524, 500, 589
3525, 732, 980
3526, 256, 438
3527, 389, 907
3528, 193, 532
3529, 296, 791
3530, 488, 709
3531, 185, 955
3532, 761, 974
3533, 518, 642
3534, 435, 517
3535, 165, 387
3536, 774, 879
3537, 381, 614
3538, 573, 640
3539, 241, 461
3540, 412, 895
3541, 703, 764
3542, 465, 898
3543, 632, 727
3544, 420, 441
3545, 209, 864
3546, 96, 124
3547, 31, 917
3548, 82, 591
3549, 249, 969
3550, 388, 913
3551, 807, 938
3552, 673, 971
3553, 484, 986
3554, 537, 892
3555, 205, 335
3556, 284, 656
3557, 543, 735
3558, 527, 743
3559, 352, 670
3560, 239, 474
3561, 588, 772
3562, 299, 304
3563, 104, 904
3564, 20, 27
3565, 53, 169
3566, 38, 858
3567, 105, 122
3568, 175, 636
3569, 559, 993
3570, 199, 944
3571, 357, 937
3572, 278, 843
3573, 407, 457
3574, 214, 888
3575, 28, 602
3576, 6, 84
3577, 128, 550
3578, 272, 308
3579, 275, 912
3580, 51, 349
3581, 706, 927
3582, 321, 770
3583, 565, 714
3584, 448, 800
3585, 483, 961
3586, 95, 434
3587, 52, 100
3588, 801, 903
3589, 206, 260
3590, 276, 860
3591, 345, 428
3592, 233, 623
3593, 585, 982
3594, 288, 339
3595, 562, 781
3596, 694, 850
3597, 257, 900
3598, 137, 751
3599, 71, 486
3600, 89, 639
3601, 458, 877
3602, 657, 805
3603, 561, 845
3604, 294, 893
3605, 310, 992
3606, 416, 584
3607, 830, 891
3608, 526, 812
3609, 626, 692
3610, 596, 873
3611, 400, 817
3612, 312, 803
3613, 315, 922
3614, 195, 234
3615, 444, 446
3616, 649, 896
3617, 231, 957
3618, 168, 313
3619, 43, 119
3620, 224, 810
3621, 142, 240
3622, 715, 834
3623, 350, 615
3624, 120, 948
3625, 94, 672
3626, 290, 771
3627, 227, 768
3628, 223, 984
3629, 69, 662
3630, 16, 788
3631, 344, 819
3632, 11, 539
3633, 258, 341
3634, 293, 953
3635, 79, 404
3636, 72, 232
3637, 881, 939
3638, 99, 377
3639, 166, 394
3640, 445, 468
3641, 86, 360
3642, 535, 889
3643, 583, 940
3644, 533, 784
3645, 317, 382
3646, 183, 664
3647, 376, 693
3648, 544, 617
3649, 516, 741
3650, 59, 520
3651, 174, 398
3652, 557, 608
3653, 820, 943
3654, 192, 370
3655, 363, 783
3656, 50, 125
3657, 267, 440
3658, 683, 786
3659, 654, 920
3660, 271, 403
3661, 150, 593
3662, 136, 140
3663, 172, 427
3664, 259, 875
3665, 225, 661
3666, 23, 870
3667, 487, 987
3668, 467, 629
3669, 305, 371
3670, 58, 776
3671, 114, 462
3672, 138, 619
3673, 268, 329
3674, 24, 46
3675, 34, 405
3676, 158, 835
3677, 586, 609
3678, 218, 380
3679, 163, 793
3680, 280, 643
3681, 489, 622
3682, 2, 501
3683, 342, 701
3684, 463, 978
3685, 728, 814
3686, 652, 910
3687, 297, 945
3688, 63, 679
3689, 207, 981
3690, 87, 378
3691, 809, 890
3692, 789, 841
3693, 499, 838
3694, 266, 452
3695, 384, 522
3696, 566, 950
3697, 425, 998
3698, 110, 204
3699, 55, 582
3700, 607, 824
3701, 385, 975
3702, 151, 576
3703, 147, 956
3704, 3, 531
3705, 212, 549
3706, 653, 988
3707, 126, 966
3708, 18, 85
3709, 361, 564
3710, 687, 976
3711, 33, 712
3712, 102, 311
3713, 478, 742
3714, 171, 965
3715, 364, 725
3716, 106, 967
3717, 689, 722
3718, 648, 682
3719, 213, 291
3720, 153, 750
3721, 253, 580
3722, 460, 726
3723, 26, 638
3724, 248, 977
3725, 134, 859
3726, 25, 208
3727, 338, 644
3728, 12, 470
3729, 815, 959
3730, 66, 669
3731, 36, 677
3732, 362, 437
3733, 778, 808
3734, 164, 515
3735, 766, 964
3736, 454, 635
3737, 4, 729
3738, 754, 935
3739, 678, 931
3740, 506, 655
3741, 236, 869
3742, 90, 570
3743, 194, 921
3744, 827, 856
3745, 322, 410
3746, 244, 837
3747, 833, 884
3748, 287, 876
3749, 73, 861
3750, 286, 733
3751, 406, 839
3752, 220, 840
3753, 430, 852
3754, 359, 949
3755, 472, 851
3756, 375, 936
3757, 196, 575
3758, 348, 579
3759, 618, 868
3760, 144, 181
3761, 282, 511
3762, 285, 401
3763, 924, 929
3764, 509, 958
3765, 56, 61
3766, 610, 690
3767, 45, 173
3768, 176, 351
3769, 14, 804
3770, 675, 749
3771, 222, 455
3772, 336, 456
3773, 429, 928
3774, 746, 911
3775, 170, 319
3776, 688, 719
3777, 269, 477
3778, 221, 464
3779, 383, 767
3780, 160, 997
3781, 658, 821
3782, 705, 855
3783, 386, 540
3784, 117, 261
3785, 211, 419
3786, 647, 650
3787, 210, 495
3788, 538, 960
3789, 60, 503
3790, 497, 777
3791, 177, 180
3792, 64, 723
3793, 466, 954
3794, 553, 572
3795, 5, 508
3796, 262, 697
3797, 630, 914
3798, 545, 849
3799, 485, 552
3800, 334, 482
3801, 74, 283
3802, 667, 995
3803, 190, 198
3804, 660, 684
3805, 149, 816
3806, 103, 235
3807, 187, 491
3808, 10, 32
3809, 93, 825
3810, 424, 613
3811, 143, 748
3812, 818, 941
3813, 633, 718
3814, 237, 620
3815, 621, 918
3816, 116, 760
3817, 606, 797
3818, 189, 498
3819, 255, 782
3820, 202, 367
3821, 8, 802
3822, 708, 763
3823, 197, 983
3824, 923, 1000
3825, 68, 836
3826, 523, 745
3827, 42, 730
3828, 634, 915
3829, 426, 700
3830, 492, 996
3831, 372, 408
3832, 473, 514
3833, 108, 756
3834, 409, 627
3835, 230, 340
3836, 358, 365
3837, 421, 548
3838, 542, 676
3839, 752, 916
3840, 314, 934
3841, 113, 331
3842, 1, 999
3843, 666, 721
3844, 146, 481
3845, 857, 963
3846, 568, 885
3847, 279, 740
3848, 413, 795
3849, 217, 951
3850, 431, 796
3851, 710, 846
3852, 327, 631
3853, 130, 238
3854, 141, 355
3855, 300, 414
3856, 265, 738
3857, 245, 886
3858, 115, 994
3859, 343, 925
3860, 395, 597
3861, 129, 691
3862, 490, 616
3863, 946, 962
3864, 411, 479
3865, 555, 762
3866, 246, 309
3867, 563, 734
3868, 534, 571
3869, 41, 844
3870, 127, 731
3871, 132, 919
3872, 318, 711
3873, 320, 901
3874, 332, 442
3875, 393, 880
3876, 747, 883
3877, 326, 822
3878, 67, 524
3879, 92, 713
3880, 301, 775
3881, 842, 991
3882, 717, 863
3883, 432, 758
3884, 157, 264
3885, 162, 932
3886, 823, 930
3887, 792, 947
3888, 121, 704
3889, 44, 391
3890, 21, 298
3891, 263, 396
3892, 787, 847
3893, 530, 867
3894, 476, 587
3895, 418, 578
3896, 77, 598
3897, 504, 605
3898, 91, 366
3899, 415, 612
3900, 29, 397
3901, 525, 769
3902, 219, 628
3903, 289, 528
3904, 37, 865
3905, 167, 599
3906, 450, 475
3907, 307, 926
3908, 229, 306
3909, 81, 878
3910, 645, 663
3911, 48, 471
3912, 422, 779
3913, 671, 906
3914, 98, 979
3915, 242, 558
3916, 390, 519
3917, 201, 494
3918, 698, 952
3919, 316, 799
3920, 970, 973
3921, 624, 785
3922, 191, 569
3923, 790, 894
3924, 97, 529
3925, 76, 866
3926, 203, 594
3927, 373, 707
3928, 696, 942
3929, 88, 507
3930, 57, 902
3931, 250, 333
3932, 541, 862
3933, 47, 346
3934, 145, 574
3935, 716, 811
3936, 161, 251
3937, 744, 897
3938, 179, 303
3939, 695, 699
3940, 254, 724
3941, 17, 556
3942, 423, 551
3943, 215, 505
3944, 30, 829
3945, 54, 112
3946, 502, 908
3947, 702, 737
3948, 184, 347
3949, 449, 848
3950, 379, 451
3951, 154, 226
3952, 133, 905
3953, 353, 374
3954, 590, 972
3955, 337, 392
3956, 111, 554
3957, 773, 780
3958, 443, 581
3959, 19, 872
3960, 753, 933
3961, 182, 685
3962, 826, 882
3963, 101, 668
3964, 592, 641
3965, 577, 680
3966, 252, 794
3967, 188, 547
3968, 325, 567
3969, 887, 985
3970, 417, 439
3971, 273, 480
3972, 159, 798
3973, 832, 899
3974, 155, 433
3975, 871, 874
3976, 15, 302
3977, 123, 757
3978, 9, 35
3979, 107, 646
3980, 62, 611
3981, 83, 513
3982, 600, 686
3983, 324, 328
3984, 330, 546
3985, 447, 459
3986, 755, 759
3987, 7, 399
3988, 595, 674
3989, 402, 469
3990, 80, 604
3991, 736, 853
3992, 39, 510
3993, 493, 909
3994, 65, 665
3995, 274, 828
3996, 75, 831
3997, 135, 521
3998, 22, 601
3999, 453, 989
4000, 40, 277
