id, img1, img2
1, 42, 815
2, 222, 785
3, 137, 878
4, 218, 571
5, 264, 856
6, 173, 498
7, 58, 323
8, 194, 767
9, 337, 628
10, 272, 479
11, 402, 679
12, 276, 385
13, 812, 848
14, 10, 787
15, 243, 662
16, 208, 577
17, 104, 845
18, 624, 863
19, 412, 455
20, 634, 722
21, 36, 396
22, 829, 909
23, 298, 953
24, 73, 248
25, 211, 755
26, 513, 822
27, 377, 379
28, 543, 643
29, 251, 510
30, 558, 623
31, 265, 702
32, 149, 329
33, 255, 615
34, 259, 369
35, 9, 199
36, 348, 704
37, 13, 573
38, 270, 759
39, 167, 583
40, 373, 417
41, 831, 992
42, 370, 971
43, 606, 745
44, 742, 754
45, 425, 859
46, 198, 952
47, 60, 219
48, 51, 151
49, 118, 835
50, 452, 645
51, 210, 883
52, 204, 749
53, 288, 673
54, 802, 993
55, 341, 473
56, 183, 616
57, 186, 649
58, 281, 833
59, 813, 982
60, 888, 907
61, 37, 273
62, 45, 345
63, 62, 850
64, 172, 494
65, 96, 163
66, 44, 880
67, 72, 95
68, 476, 688
69, 574, 969
70, 719, 720
71, 245, 945
72, 18, 651
73, 67, 538
74, 320, 560
75, 397, 769
76, 424, 723
77, 391, 804
78, 428, 609
79, 54, 184
80, 56, 550
81, 39, 267
82, 505, 999
83, 169, 350
84, 30, 620
85, 902, 923
86, 154, 268
87, 29, 706
88, 701, 899
89, 89, 597
90, 291, 631
91, 545, 668
92, 490, 748
93, 419, 934
94, 292, 922
95, 263, 284
96, 457, 978
97, 165, 797
98, 426, 967
99, 579, 697
100, 59, 527
101, 224, 495
102, 133, 817
103, 242, 261
104, 567, 613
105, 830, 885
106, 364, 774
107, 672, 893
108, 669, 961
109, 256, 894
110, 53, 203
111, 912, 942
112, 319, 735
113, 179, 881
114, 24, 798
115, 4, 23
116, 300, 519
117, 523, 981
118, 442, 598
119, 508, 765
120, 286, 297
121, 366, 635
122, 185, 989
123, 125, 223
124, 360, 641
125, 129, 326
126, 74, 275
127, 627, 843
128, 116, 427
129, 601, 873
130, 22, 92
131, 78, 725
132, 852, 954
133, 271, 987
134, 6, 772
135, 459, 568
136, 315, 946
137, 2, 603
138, 386, 929
139, 21, 913
140, 289, 917
141, 282, 324
142, 168, 202
143, 310, 677
144, 335, 794
145, 889, 983
146, 775, 862
147, 15, 405
148, 800, 806
149, 217, 480
150, 49, 832
151, 266, 861
152, 17, 147
153, 791, 837
154, 33, 274
155, 351, 805
156, 46, 937
157, 693, 699
158, 152, 877
159, 25, 359
160, 115, 870
161, 180, 507
162, 415, 493
163, 629, 932
164, 589, 807
165, 781, 846
166, 301, 475
167, 696, 959
168, 193, 570
169, 327, 553
170, 68, 135
171, 136, 444
172, 110, 205
173, 380, 949
174, 466, 786
175, 48, 638
176, 487, 661
177, 387, 721
178, 131, 293
179, 230, 950
180, 365, 458
181, 226, 766
182, 642, 821
183, 128, 930
184, 16, 85
185, 279, 844
186, 916, 965
187, 437, 795
188, 55, 159
189, 14, 143
190, 311, 849
191, 788, 827
192, 52, 321
193, 290, 663
194, 178, 587
195, 477, 647
196, 564, 867
197, 503, 728
198, 353, 594
199, 463, 608
200, 555, 660
201, 225, 449
202, 221, 435
203, 367, 561
204, 793, 884
205, 94, 695
206, 431, 948
207, 810, 915
208, 100, 828
209, 252, 542
210, 139, 901
211, 411, 711
212, 689, 957
213, 236, 729
214, 295, 399
215, 423, 578
216, 681, 858
217, 705, 715
218, 1, 70
219, 240, 776
220, 757, 865
221, 632, 708
222, 968, 996
223, 170, 195
224, 197, 499
225, 897, 995
226, 12, 500
227, 200, 670
228, 532, 549
229, 703, 712
230, 434, 657
231, 235, 303
232, 157, 358
233, 687, 811
234, 764, 780
235, 653, 758
236, 28, 333
237, 752, 985
238, 524, 977
239, 432, 593
240, 155, 529
241, 98, 588
242, 622, 868
243, 227, 522
244, 87, 979
245, 556, 975
246, 80, 690
247, 250, 486
248, 357, 602
249, 192, 973
250, 433, 537
251, 177, 482
252, 674, 875
253, 312, 771
254, 316, 840
255, 506, 838
256, 103, 891
257, 343, 960
258, 773, 898
259, 141, 491
260, 75, 552
261, 451, 760
262, 591, 951
263, 231, 956
264, 253, 456
265, 535, 584
266, 617, 819
267, 190, 718
268, 134, 644
269, 792, 887
270, 515, 562
271, 731, 847
272, 582, 974
273, 569, 823
274, 114, 658
275, 106, 576
276, 216, 546
277, 548, 818
278, 394, 905
279, 376, 585
280, 478, 935
281, 214, 306
282, 349, 464
283, 144, 972
284, 441, 738
285, 229, 285
286, 392, 514
287, 314, 763
288, 93, 746
289, 390, 410
290, 108, 346
291, 744, 906
292, 187, 209
293, 317, 801
294, 20, 372
295, 799, 896
296, 47, 401
297, 90, 666
298, 727, 747
299, 947, 1000
300, 826, 966
301, 153, 342
302, 420, 941
303, 71, 737
304, 132, 504
305, 150, 782
306, 109, 700
307, 220, 307
308, 102, 382
309, 123, 910
310, 834, 841
311, 640, 882
312, 191, 484
313, 280, 733
314, 596, 879
315, 509, 871
316, 3, 866
317, 207, 851
318, 99, 443
319, 43, 418
320, 296, 682
321, 86, 160
322, 790, 911
323, 683, 809
324, 234, 962
325, 654, 984
326, 340, 604
327, 84, 751
328, 470, 964
329, 232, 650
330, 566, 895
331, 31, 994
332, 239, 395
333, 105, 927
334, 717, 743
335, 481, 709
336, 344, 928
337, 32, 740
338, 117, 714
339, 175, 814
340, 113, 659
341, 130, 450
342, 736, 998
343, 65, 124
344, 404, 976
345, 472, 839
346, 707, 713
347, 363, 572
348, 164, 665
349, 188, 440
350, 381, 383
351, 512, 903
352, 352, 980
353, 438, 750
354, 83, 287
355, 277, 496
356, 61, 416
357, 783, 808
358, 7, 534
359, 614, 955
360, 27, 338
361, 57, 233
362, 465, 544
363, 88, 892
364, 212, 403
365, 189, 238
366, 156, 501
367, 355, 900
368, 488, 559
369, 161, 318
370, 924, 938
371, 637, 991
372, 91, 176
373, 332, 914
374, 40, 249
375, 362, 676
376, 374, 694
377, 354, 860
378, 667, 886
379, 79, 414
380, 378, 407
381, 121, 630
382, 246, 533
383, 517, 789
384, 436, 853
385, 213, 398
386, 257, 803
387, 237, 997
388, 446, 684
389, 107, 489
390, 836, 939
391, 127, 854
392, 26, 497
393, 278, 692
394, 206, 990
395, 557, 874
396, 138, 467
397, 35, 816
398, 215, 541
399, 140, 445
400, 726, 944
401, 182, 600
402, 158, 936
403, 38, 547
404, 196, 710
405, 429, 520
406, 146, 678
407, 389, 732
408, 241, 724
409, 122, 656
410, 101, 119
411, 400, 551
412, 97, 201
413, 393, 618
414, 11, 469
415, 162, 633
416, 590, 768
417, 69, 918
418, 739, 931
419, 368, 492
420, 322, 734
421, 63, 655
422, 625, 986
423, 554, 855
424, 454, 869
425, 471, 502
426, 308, 518
427, 675, 825
428, 408, 963
429, 421, 563
430, 302, 565
431, 334, 605
432, 262, 621
433, 336, 526
434, 339, 439
435, 447, 933
436, 313, 462
437, 474, 920
438, 375, 908
439, 258, 619
440, 483, 943
441, 120, 294
442, 639, 970
443, 76, 530
444, 254, 940
445, 181, 430
446, 305, 691
447, 461, 536
448, 174, 842
449, 82, 406
450, 148, 876
451, 142, 686
452, 413, 648
453, 388, 626
454, 77, 778
455, 680, 988
456, 531, 925
457, 41, 247
458, 8, 777
459, 371, 575
460, 460, 796
461, 19, 770
462, 356, 926
463, 171, 347
464, 525, 784
465, 66, 716
466, 269, 820
467, 50, 610
468, 328, 671
469, 309, 636
470, 111, 511
471, 384, 580
472, 599, 611
473, 304, 872
474, 260, 586
475, 528, 756
476, 126, 685
477, 607, 762
478, 166, 409
479, 330, 453
480, 448, 753
481, 485, 612
482, 81, 761
483, 244, 592
484, 521, 919
485, 516, 824
486, 5, 112
487, 325, 904
488, 664, 698
489, 283, 646
490, 331, 730
491, 145, 890
492, 361, 958
493, 422, 779
494, 64, 540
495, 299, 652
496, 581, 595
497, 34, 864
498, 468, 539
499, 228, 921
500, 741, 857
501, 353, 431
502, 438, 800
503, 227, 413
504, 200, 285
505, 216, 946
506, 120, 440
507, 587, 847
508, 48, 680
509, 4, 429
510, 473, 997
511, 172, 357
512, 456, 720
513, 122, 995
514, 498, 615
515, 84, 243
516, 700, 902
517, 336, 571
518, 356, 415
519, 383, 714
520, 502, 858
521, 238, 723
522, 669, 910
523, 603, 663
524, 134, 194
525, 558, 605
526, 452, 860
527, 222, 248
528, 79, 104
529, 632, 868
530, 889, 998
531, 591, 953
532, 287, 683
533, 11, 348
534, 53, 556
535, 304, 566
536, 344, 706
537, 292, 567
538, 557, 952
539, 511, 549
540, 773, 796
541, 124, 455
542, 398, 877
543, 182, 368
544, 71, 189
545, 245, 835
546, 514, 885
547, 128, 747
548, 449, 887
549, 38, 185
550, 607, 856
551, 161, 275
552, 277, 620
553, 322, 545
554, 89, 281
555, 280, 993
556, 650, 955
557, 900, 976
558, 35, 691
559, 235, 361
560, 529, 926
561, 7, 119
562, 340, 866
563, 207, 315
564, 187, 754
565, 422, 576
566, 15, 543
567, 215, 379
568, 428, 614
569, 370, 677
570, 394, 934
571, 448, 795
572, 206, 989
573, 382, 530
574, 49, 831
575, 269, 923
576, 126, 784
577, 506, 629
578, 395, 532
579, 103, 265
580, 111, 595
581, 279, 594
582, 14, 935
583, 904, 983
584, 616, 701
585, 236, 268
586, 98, 728
587, 239, 685
588, 184, 792
589, 6, 898
590, 715, 886
591, 466, 964
592, 737, 823
593, 109, 552
594, 608, 873
595, 178, 517
596, 286, 396
597, 324, 637
598, 667, 884
599, 442, 871
600, 169, 812
601, 579, 725
602, 217, 267
603, 471, 522
604, 196, 793
605, 688, 925
606, 174, 271
607, 933, 987
608, 46, 913
609, 859, 972
610, 298, 335
611, 482, 627
612, 73, 978
613, 491, 971
614, 653, 832
615, 246, 640
616, 305, 404
617, 195, 912
618, 519, 622
619, 199, 703
620, 521, 593
621, 264, 325
622, 849, 931
623, 704, 824
624, 763, 862
625, 232, 698
626, 354, 850
627, 72, 436
628, 713, 806
629, 229, 600
630, 3, 87
631, 60, 794
632, 258, 679
633, 655, 770
634, 114, 548
635, 433, 512
636, 204, 503
637, 117, 949
638, 656, 936
639, 17, 813
640, 144, 841
641, 308, 738
642, 210, 385
643, 1, 78
644, 86, 896
645, 47, 626
646, 513, 730
647, 201, 648
648, 443, 719
649, 711, 766
650, 34, 253
651, 56, 444
652, 39, 469
653, 249, 290
654, 26, 888
655, 309, 339
656, 208, 278
657, 410, 569
658, 180, 297
659, 573, 771
660, 131, 483
661, 434, 890
662, 211, 387
663, 153, 785
664, 516, 932
665, 214, 276
666, 18, 251
667, 106, 312
668, 358, 854
669, 811, 957
670, 146, 697
671, 327, 937
672, 525, 551
673, 94, 351
674, 307, 618
675, 133, 775
676, 96, 329
677, 63, 121
678, 488, 827
679, 347, 808
680, 447, 802
681, 173, 612
682, 477, 687
683, 359, 977
684, 574, 826
685, 300, 475
686, 115, 851
687, 76, 112
688, 141, 333
689, 790, 973
690, 596, 668
691, 533, 746
692, 520, 836
693, 372, 649
694, 167, 316
695, 262, 726
696, 80, 541
697, 588, 930
698, 29, 70
699, 500, 693
700, 156, 909
701, 82, 177
702, 465, 675
703, 118, 168
704, 355, 774
705, 732, 776
706, 373, 830
707, 266, 736
708, 531, 643
709, 319, 970
710, 219, 302
711, 388, 816
712, 598, 772
713, 27, 366
714, 508, 580
715, 577, 676
716, 672, 739
717, 597, 664
718, 390, 542
719, 762, 906
720, 255, 844
721, 609, 986
722, 490, 789
723, 461, 814
724, 12, 839
725, 283, 554
726, 176, 393
727, 661, 948
728, 203, 481
729, 751, 822
730, 21, 874
731, 190, 524
732, 865, 999
733, 392, 535
734, 233, 633
735, 805, 809
736, 64, 441
737, 718, 787
738, 291, 467
739, 22, 630
740, 143, 876
741, 362, 493
742, 628, 768
743, 559, 654
744, 420, 547
745, 40, 897
746, 171, 350
747, 228, 445
748, 539, 944
749, 149, 658
750, 457, 673
751, 193, 450
752, 346, 432
753, 864, 908
754, 878, 979
755, 61, 155
756, 342, 391
757, 105, 880
758, 230, 717
759, 242, 484
760, 197, 797
761, 749, 914
762, 389, 641
763, 409, 982
764, 634, 958
765, 369, 586
766, 205, 881
767, 66, 192
768, 247, 540
769, 159, 534
770, 459, 463
771, 741, 753
772, 100, 716
773, 45, 861
774, 492, 748
775, 237, 550
776, 132, 406
777, 318, 853
778, 306, 419
779, 95, 903
780, 166, 601
781, 380, 928
782, 578, 968
783, 299, 561
784, 99, 840
785, 74, 582
786, 32, 426
787, 213, 240
788, 478, 505
789, 113, 984
790, 642, 991
791, 43, 867
792, 399, 745
793, 604, 945
794, 273, 497
795, 486, 652
796, 689, 992
797, 5, 50
798, 758, 960
799, 504, 872
800, 107, 916
801, 825, 940
802, 405, 780
803, 610, 767
804, 42, 311
805, 666, 917
806, 165, 857
807, 783, 974
808, 57, 494
809, 150, 755
810, 181, 756
811, 585, 901
812, 729, 834
813, 659, 905
814, 365, 810
815, 65, 509
816, 480, 967
817, 959, 985
818, 425, 963
819, 400, 821
820, 815, 924
821, 296, 625
822, 261, 416
823, 31, 321
824, 464, 560
825, 313, 474
826, 130, 646
827, 90, 894
828, 378, 414
829, 241, 501
830, 526, 981
831, 59, 330
832, 81, 602
833, 191, 401
834, 352, 565
835, 223, 842
836, 702, 779
837, 376, 781
838, 332, 364
839, 424, 724
840, 179, 553
841, 334, 801
842, 256, 852
843, 671, 769
844, 25, 479
845, 377, 584
846, 495, 589
847, 460, 639
848, 345, 712
849, 417, 527
850, 224, 623
851, 55, 254
852, 170, 947
853, 259, 791
854, 54, 421
855, 154, 510
856, 272, 996
857, 374, 499
858, 151, 289
859, 709, 807
860, 403, 619
861, 140, 707
862, 788, 837
863, 116, 293
864, 710, 891
865, 136, 188
866, 341, 962
867, 314, 911
868, 363, 489
869, 37, 863
870, 375, 523
871, 139, 647
872, 537, 943
873, 288, 870
874, 212, 635
875, 123, 430
876, 225, 733
877, 198, 757
878, 58, 731
879, 611, 777
880, 397, 538
881, 125, 915
882, 19, 294
883, 326, 692
884, 10, 30
885, 183, 721
886, 282, 907
887, 260, 786
888, 24, 485
889, 631, 735
890, 323, 965
891, 135, 157
892, 301, 636
893, 20, 202
894, 696, 883
895, 328, 613
896, 52, 97
897, 62, 846
898, 384, 544
899, 41, 899
900, 581, 938
901, 956, 988
902, 91, 893
903, 740, 804
904, 468, 799
905, 110, 454
906, 360, 411
907, 129, 331
908, 590, 845
909, 85, 408
910, 218, 599
911, 435, 950
912, 727, 882
913, 407, 798
914, 148, 572
915, 462, 705
916, 67, 160
917, 320, 699
918, 765, 939
919, 142, 980
920, 88, 1000
921, 317, 651
922, 617, 624
923, 402, 722
924, 137, 496
925, 250, 476
926, 77, 423
927, 690, 760
928, 226, 684
929, 13, 975
930, 284, 764
931, 337, 562
932, 453, 855
933, 518, 892
934, 36, 695
935, 349, 470
936, 186, 919
937, 875, 922
938, 209, 744
939, 28, 563
940, 83, 138
941, 152, 231
942, 44, 921
943, 412, 645
944, 33, 686
945, 606, 670
946, 102, 833
947, 252, 879
948, 386, 961
949, 338, 843
950, 942, 951
951, 221, 918
952, 367, 927
953, 175, 568
954, 9, 263
955, 127, 487
956, 343, 371
957, 101, 829
958, 515, 818
959, 23, 817
960, 2, 234
961, 69, 638
962, 546, 743
963, 274, 752
964, 536, 621
965, 681, 929
966, 592, 657
967, 16, 446
968, 742, 820
969, 678, 966
970, 644, 759
971, 660, 954
972, 220, 828
973, 439, 848
974, 75, 303
975, 158, 555
976, 108, 575
977, 145, 147
978, 803, 994
979, 257, 969
980, 418, 570
981, 93, 163
982, 662, 665
983, 68, 564
984, 310, 819
985, 162, 295
986, 451, 782
987, 750, 838
988, 381, 895
989, 270, 674
990, 682, 734
991, 869, 990
992, 528, 941
993, 427, 458
994, 761, 920
995, 51, 92
996, 472, 708
997, 244, 778
998, 507, 694
999, 437, 583
1000, 8, 164
1001, 388, 673
1002, 505, 872
1003, 136, 585
1004, 476, 516
1005, 457, 468
1006, 706, 770
1007, 754, 778
1008, 266, 581
1009, 107, 328
1010, 113, 342
1011, 124, 855
1012, 31, 84
1013, 71, 981
1014, 129, 337
1015, 248, 302
1016, 260, 542
1017, 430, 649
1018, 220, 473
1019, 14, 280
1020, 422, 768
1021, 202, 824
1022, 403, 938
1023, 604, 849
1024, 145, 287
1025, 270, 600
1026, 54, 245
1027, 391, 710
1028, 23, 334
1029, 222, 802
1030, 108, 696
1031, 440, 746
1032, 545, 911
1033, 133, 348
1034, 465, 567
1035, 290, 854
1036, 715, 865
1037, 28, 878
1038, 30, 725
1039, 82, 87
1040, 100, 182
1041, 692, 923
1042, 12, 701
1043, 194, 794
1044, 632, 844
1045, 398, 977
1046, 238, 380
1047, 443, 460
1048, 314, 527
1049, 322, 598
1050, 37, 120
1051, 73, 416
1052, 49, 864
1053, 90, 353
1054, 39, 693
1055, 117, 122
1056, 261, 281
1057, 275, 538
1058, 732, 737
1059, 346, 644
1060, 81, 963
1061, 509, 670
1062, 121, 432
1063, 339, 912
1064, 367, 822
1065, 378, 850
1066, 131, 436
1067, 344, 724
1068, 740, 793
1069, 357, 409
1070, 286, 595
1071, 739, 933
1072, 123, 914
1073, 147, 936
1074, 176, 953
1075, 169, 553
1076, 375, 712
1077, 273, 349
1078, 157, 619
1079, 88, 528
1080, 558, 796
1081, 446, 601
1082, 576, 714
1083, 633, 694
1084, 189, 896
1085, 36, 156
1086, 44, 234
1087, 57, 776
1088, 32, 946
1089, 360, 627
1090, 216, 809
1091, 2, 967
1092, 225, 411
1093, 91, 539
1094, 722, 790
1095, 262, 399
1096, 315, 823
1097, 743, 881
1098, 318, 829
1099, 313, 950
1100, 110, 733
1101, 332, 335
1102, 637, 760
1103, 236, 803
1104, 200, 393
1105, 20, 289
1106, 185, 395
1107, 137, 891
1108, 700, 924
1109, 364, 552
1110, 828, 839
1111, 745, 837
1112, 85, 410
1113, 198, 949
1114, 92, 253
1115, 197, 621
1116, 373, 512
1117, 611, 993
1118, 461, 826
1119, 112, 866
1120, 704, 992
1121, 481, 988
1122, 736, 815
1123, 196, 681
1124, 297, 520
1125, 345, 769
1126, 588, 672
1127, 190, 973
1128, 639, 947
1129, 171, 577
1130, 483, 610
1131, 62, 407
1132, 132, 294
1133, 146, 797
1134, 418, 636
1135, 689, 698
1136, 98, 971
1137, 791, 974
1138, 212, 609
1139, 757, 766
1140, 195, 573
1141, 135, 546
1142, 583, 888
1143, 201, 312
1144, 43, 861
1145, 40, 916
1146, 152, 641
1147, 413, 744
1148, 686, 709
1149, 103, 652
1150, 8, 919
1151, 549, 589
1152, 529, 758
1153, 268, 980
1154, 602, 784
1155, 75, 816
1156, 853, 886
1157, 597, 699
1158, 762, 969
1159, 26, 867
1160, 304, 350
1161, 299, 582
1162, 534, 593
1163, 41, 651
1164, 10, 454
1165, 435, 575
1166, 421, 455
1167, 363, 835
1168, 390, 647
1169, 9, 783
1170, 95, 966
1171, 429, 944
1172, 466, 506
1173, 564, 799
1174, 983, 997
1175, 404, 805
1176, 77, 180
1177, 563, 669
1178, 341, 860
1179, 895, 984
1180, 7, 362
1181, 665, 978
1182, 65, 493
1183, 50, 852
1184, 456, 847
1185, 89, 523
1186, 382, 892
1187, 711, 846
1188, 485, 834
1189, 140, 420
1190, 657, 945
1191, 208, 635
1192, 104, 205
1193, 94, 962
1194, 274, 934
1195, 93, 453
1196, 779, 832
1197, 347, 444
1198, 214, 666
1199, 184, 682
1200, 29, 906
1201, 181, 554
1202, 115, 154
1203, 310, 948
1204, 47, 72
1205, 319, 532
1206, 526, 720
1207, 174, 645
1208, 68, 518
1209, 292, 705
1210, 21, 478
1211, 162, 495
1212, 500, 571
1213, 358, 798
1214, 240, 761
1215, 445, 756
1216, 269, 560
1217, 144, 227
1218, 508, 555
1219, 53, 381
1220, 70, 650
1221, 490, 685
1222, 406, 726
1223, 204, 894
1224, 252, 471
1225, 352, 469
1226, 613, 935
1227, 151, 957
1228, 249, 956
1229, 730, 968
1230, 211, 517
1231, 149, 228
1232, 42, 775
1233, 366, 718
1234, 502, 519
1235, 1, 258
1236, 876, 987
1237, 464, 827
1238, 569, 893
1239, 780, 889
1240, 170, 496
1241, 3, 250
1242, 521, 789
1243, 226, 614
1244, 4, 188
1245, 218, 625
1246, 397, 400
1247, 134, 536
1248, 661, 812
1249, 66, 615
1250, 707, 774
1251, 565, 903
1252, 175, 450
1253, 482, 713
1254, 63, 408
1255, 530, 990
1256, 795, 898
1257, 324, 819
1258, 173, 660
1259, 580, 749
1260, 278, 840
1261, 283, 942
1262, 128, 387
1263, 448, 996
1264, 320, 541
1265, 183, 217
1266, 35, 663
1267, 256, 863
1268, 475, 813
1269, 386, 716
1270, 101, 354
1271, 662, 918
1272, 753, 869
1273, 880, 958
1274, 291, 522
1275, 808, 877
1276, 664, 676
1277, 22, 359
1278, 442, 667
1279, 383, 951
1280, 323, 858
1281, 139, 155
1282, 105, 825
1283, 557, 751
1284, 74, 76
1285, 434, 498
1286, 209, 544
1287, 351, 535
1288, 807, 810
1289, 56, 695
1290, 164, 191
1291, 239, 326
1292, 199, 747
1293, 138, 922
1294, 235, 845
1295, 356, 562
1296, 210, 939
1297, 372, 655
1298, 447, 659
1299, 300, 708
1300, 932, 985
1301, 622, 785
1302, 437, 731
1303, 55, 675
1304, 392, 905
1305, 18, 179
1306, 233, 369
1307, 355, 489
1308, 405, 959
1309, 265, 836
1310, 594, 920
1311, 96, 206
1312, 462, 734
1313, 370, 763
1314, 510, 851
1315, 288, 451
1316, 125, 728
1317, 116, 697
1318, 247, 255
1319, 46, 438
1320, 79, 628
1321, 777, 908
1322, 223, 629
1323, 192, 425
1324, 507, 578
1325, 431, 748
1326, 640, 811
1327, 141, 537
1328, 237, 374
1329, 48, 723
1330, 679, 917
1331, 781, 887
1332, 394, 487
1333, 307, 433
1334, 426, 882
1335, 167, 909
1336, 298, 459
1337, 161, 599
1338, 513, 859
1339, 838, 902
1340, 499, 801
1341, 127, 684
1342, 786, 989
1343, 419, 986
1344, 717, 885
1345, 6, 605
1346, 166, 631
1347, 153, 976
1348, 229, 579
1349, 533, 643
1350, 608, 671
1351, 463, 668
1352, 591, 767
1353, 338, 879
1354, 5, 441
1355, 492, 514
1356, 232, 842
1357, 467, 680
1358, 874, 875
1359, 51, 603
1360, 327, 759
1361, 168, 384
1362, 486, 910
1363, 343, 623
1364, 230, 596
1365, 126, 550
1366, 401, 566
1367, 34, 376
1368, 243, 964
1369, 267, 683
1370, 330, 472
1371, 361, 688
1372, 60, 750
1373, 25, 941
1374, 954, 965
1375, 158, 423
1376, 765, 930
1377, 159, 931
1378, 64, 871
1379, 414, 833
1380, 806, 830
1381, 257, 782
1382, 491, 551
1383, 620, 787
1384, 177, 848
1385, 634, 929
1386, 389, 638
1387, 515, 658
1388, 254, 831
1389, 504, 900
1390, 412, 586
1391, 203, 817
1392, 792, 961
1393, 306, 890
1394, 224, 321
1395, 654, 771
1396, 150, 574
1397, 449, 584
1398, 86, 617
1399, 272, 862
1400, 142, 883
1401, 972, 995
1402, 11, 618
1403, 677, 818
1404, 163, 856
1405, 417, 742
1406, 690, 719
1407, 15, 488
1408, 172, 868
1409, 186, 773
1410, 524, 998
1411, 69, 788
1412, 61, 901
1413, 738, 899
1414, 301, 884
1415, 907, 960
1416, 559, 642
1417, 570, 943
1418, 503, 531
1419, 511, 921
1420, 17, 556
1421, 309, 752
1422, 325, 721
1423, 178, 242
1424, 674, 1000
1425, 207, 402
1426, 955, 975
1427, 67, 311
1428, 385, 755
1429, 276, 626
1430, 264, 653
1431, 97, 251
1432, 33, 333
1433, 561, 913
1434, 308, 316
1435, 148, 702
1436, 160, 331
1437, 24, 45
1438, 80, 729
1439, 547, 648
1440, 285, 678
1441, 703, 800
1442, 263, 656
1443, 277, 590
1444, 470, 904
1445, 143, 979
1446, 497, 820
1447, 119, 282
1448, 368, 428
1449, 221, 927
1450, 494, 814
1451, 193, 415
1452, 231, 396
1453, 106, 477
1454, 114, 857
1455, 630, 821
1456, 279, 548
1457, 13, 691
1458, 284, 606
1459, 83, 687
1460, 340, 424
1461, 764, 970
1462, 484, 994
1463, 102, 646
1464, 540, 572
1465, 928, 999
1466, 213, 612
1467, 16, 19
1468, 377, 925
1469, 99, 439
1470, 215, 501
1471, 78, 525
1472, 474, 843
1473, 480, 607
1474, 479, 741
1475, 52, 991
1476, 271, 568
1477, 38, 109
1478, 616, 915
1479, 165, 293
1480, 336, 592
1481, 371, 458
1482, 244, 982
1483, 624, 873
1484, 259, 329
1485, 841, 870
1486, 303, 427
1487, 241, 587
1488, 246, 452
1489, 58, 296
1490, 305, 379
1491, 59, 219
1492, 27, 804
1493, 187, 735
1494, 772, 897
1495, 295, 543
1496, 317, 365
1497, 727, 926
1498, 118, 130
1499, 111, 940
1500, 937, 952
1501, 361, 447
1502, 23, 129
1503, 131, 257
1504, 87, 477
1505, 437, 648
1506, 918, 946
1507, 17, 905
1508, 13, 990
1509, 101, 406
1510, 587, 738
1511, 416, 866
1512, 516, 683
1513, 459, 622
1514, 322, 554
1515, 247, 899
1516, 739, 816
1517, 625, 916
1518, 166, 387
1519, 289, 964
1520, 308, 577
1521, 147, 235
1522, 552, 761
1523, 188, 344
1524, 83, 748
1525, 57, 208
1526, 261, 393
1527, 150, 868
1528, 536, 689
1529, 109, 220
1530, 949, 991
1531, 565, 982
1532, 64, 335
1533, 96, 138
1534, 86, 679
1535, 869, 881
1536, 588, 980
1537, 141, 275
1538, 473, 561
1539, 157, 435
1540, 533, 613
1541, 115, 637
1542, 582, 589
1543, 718, 911
1544, 183, 673
1545, 75, 574
1546, 259, 660
1547, 32, 251
1548, 333, 636
1549, 266, 810
1550, 599, 900
1551, 665, 896
1552, 659, 953
1553, 311, 346
1554, 418, 676
1555, 121, 730
1556, 642, 951
1557, 26, 948
1558, 399, 639
1559, 378, 908
1560, 430, 450
1561, 262, 454
1562, 51, 128
1563, 653, 765
1564, 297, 503
1565, 7, 774
1566, 635, 727
1567, 626, 690
1568, 238, 337
1569, 250, 692
1570, 367, 598
1571, 474, 890
1572, 827, 931
1573, 295, 486
1574, 37, 540
1575, 813, 955
1576, 90, 156
1577, 811, 832
1578, 478, 723
1579, 375, 906
1580, 790, 989
1581, 94, 136
1582, 609, 855
1583, 172, 461
1584, 857, 912
1585, 541, 646
1586, 267, 840
1587, 246, 970
1588, 82, 893
1589, 6, 152
1590, 113, 446
1591, 383, 507
1592, 878, 985
1593, 326, 597
1594, 332, 806
1595, 917, 925
1596, 3, 4
1597, 769, 961
1598, 62, 685
1599, 52, 70
1600, 174, 527
1601, 571, 794
1602, 290, 421
1603, 550, 684
1604, 373, 431
1605, 274, 698
1606, 16, 169
1607, 112, 804
1608, 420, 968
1609, 364, 428
1610, 391, 865
1611, 194, 880
1612, 495, 539
1613, 340, 997
1614, 269, 895
1615, 281, 567
1616, 186, 667
1617, 919, 940
1618, 853, 957
1619, 39, 1000
1620, 38, 81
1621, 165, 462
1622, 616, 947
1623, 249, 734
1624, 651, 882
1625, 534, 700
1626, 71, 856
1627, 580, 611
1628, 444, 834
1629, 108, 815
1630, 284, 610
1631, 126, 273
1632, 66, 555
1633, 407, 848
1634, 347, 783
1635, 429, 849
1636, 14, 600
1637, 377, 842
1638, 35, 221
1639, 562, 619
1640, 25, 755
1641, 240, 511
1642, 547, 772
1643, 205, 817
1644, 133, 894
1645, 260, 372
1646, 117, 189
1647, 780, 861
1648, 402, 885
1649, 103, 728
1650, 190, 493
1651, 202, 543
1652, 655, 992
1653, 414, 548
1654, 199, 694
1655, 105, 702
1656, 219, 823
1657, 314, 419
1658, 350, 426
1659, 867, 926
1660, 153, 222
1661, 56, 791
1662, 122, 701
1663, 175, 218
1664, 41, 403
1665, 466, 847
1666, 155, 596
1667, 442, 443
1668, 528, 956
1669, 668, 741
1670, 214, 229
1671, 264, 831
1672, 21, 118
1673, 65, 89
1674, 84, 726
1675, 394, 521
1676, 763, 942
1677, 85, 662
1678, 67, 652
1679, 828, 939
1680, 28, 781
1681, 9, 323
1682, 368, 579
1683, 300, 785
1684, 497, 731
1685, 412, 872
1686, 61, 661
1687, 142, 687
1688, 24, 805
1689, 149, 897
1690, 45, 838
1691, 102, 709
1692, 255, 747
1693, 243, 796
1694, 515, 566
1695, 228, 434
1696, 47, 854
1697, 27, 995
1698, 877, 971
1699, 674, 691
1700, 278, 624
1701, 151, 602
1702, 10, 388
1703, 470, 876
1704, 305, 719
1705, 369, 933
1706, 304, 630
1707, 77, 531
1708, 385, 850
1709, 522, 915
1710, 68, 384
1711, 241, 464
1712, 100, 819
1713, 97, 352
1714, 678, 752
1715, 197, 657
1716, 476, 638
1717, 119, 467
1718, 436, 795
1719, 294, 513
1720, 654, 793
1721, 196, 338
1722, 771, 803
1723, 321, 924
1724, 754, 820
1725, 397, 581
1726, 751, 909
1727, 339, 438
1728, 46, 800
1729, 398, 586
1730, 40, 713
1731, 481, 888
1732, 310, 851
1733, 331, 376
1734, 303, 489
1735, 572, 614
1736, 570, 808
1737, 127, 666
1738, 595, 732
1739, 107, 615
1740, 72, 634
1741, 456, 766
1742, 187, 875
1743, 380, 404
1744, 48, 498
1745, 410, 413
1746, 104, 797
1747, 302, 390
1748, 55, 491
1749, 192, 708
1750, 814, 830
1751, 770, 826
1752, 134, 707
1753, 354, 496
1754, 161, 244
1755, 224, 744
1756, 711, 863
1757, 111, 423
1758, 210, 422
1759, 514, 563
1760, 306, 664
1761, 379, 773
1762, 356, 930
1763, 20, 433
1764, 318, 382
1765, 449, 672
1766, 358, 585
1767, 80, 181
1768, 44, 568
1769, 171, 775
1770, 494, 559
1771, 859, 977
1772, 873, 937
1773, 892, 966
1774, 798, 846
1775, 342, 837
1776, 49, 722
1777, 445, 457
1778, 177, 336
1779, 74, 871
1780, 277, 839
1781, 42, 234
1782, 317, 400
1783, 164, 671
1784, 605, 845
1785, 137, 439
1786, 716, 883
1787, 114, 252
1788, 551, 812
1789, 319, 972
1790, 22, 969
1791, 195, 608
1792, 265, 512
1793, 140, 963
1794, 280, 584
1795, 193, 293
1796, 43, 360
1797, 160, 733
1798, 458, 844
1799, 787, 910
1800, 452, 920
1801, 764, 907
1802, 396, 686
1803, 19, 720
1804, 54, 647
1805, 469, 556
1806, 236, 451
1807, 645, 759
1808, 324, 591
1809, 710, 965
1810, 757, 922
1811, 92, 981
1812, 69, 862
1813, 560, 593
1814, 523, 967
1815, 524, 669
1816, 237, 355
1817, 315, 558
1818, 185, 629
1819, 212, 348
1820, 215, 312
1821, 201, 216
1822, 537, 776
1823, 345, 389
1824, 675, 680
1825, 162, 329
1826, 807, 973
1827, 767, 945
1828, 12, 211
1829, 415, 505
1830, 53, 623
1831, 460, 959
1832, 316, 725
1833, 298, 471
1834, 184, 427
1835, 353, 696
1836, 230, 975
1837, 123, 941
1838, 98, 440
1839, 670, 998
1840, 864, 923
1841, 258, 320
1842, 256, 886
1843, 749, 829
1844, 362, 508
1845, 287, 328
1846, 371, 887
1847, 538, 695
1848, 712, 935
1849, 292, 782
1850, 145, 217
1851, 63, 688
1852, 441, 617
1853, 245, 870
1854, 502, 575
1855, 288, 799
1856, 254, 313
1857, 704, 904
1858, 2, 276
1859, 191, 777
1860, 484, 934
1861, 5, 902
1862, 501, 836
1863, 365, 928
1864, 366, 425
1865, 226, 729
1866, 532, 601
1867, 207, 641
1868, 351, 553
1869, 227, 621
1870, 954, 960
1871, 146, 271
1872, 341, 884
1873, 203, 792
1874, 78, 879
1875, 395, 742
1876, 1, 736
1877, 681, 743
1878, 282, 359
1879, 143, 628
1880, 180, 578
1881, 549, 740
1882, 209, 901
1883, 309, 417
1884, 159, 592
1885, 124, 569
1886, 663, 835
1887, 204, 735
1888, 88, 717
1889, 640, 677
1890, 116, 182
1891, 144, 809
1892, 29, 139
1893, 15, 167
1894, 903, 974
1895, 786, 929
1896, 59, 158
1897, 801, 802
1898, 253, 487
1899, 110, 557
1900, 248, 983
1901, 79, 517
1902, 242, 976
1903, 349, 632
1904, 30, 272
1905, 179, 509
1906, 706, 789
1907, 299, 504
1908, 270, 898
1909, 285, 784
1910, 36, 525
1911, 8, 693
1912, 483, 988
1913, 499, 841
1914, 148, 932
1915, 768, 833
1916, 232, 643
1917, 50, 824
1918, 33, 750
1919, 699, 938
1920, 760, 825
1921, 130, 603
1922, 99, 658
1923, 18, 943
1924, 170, 604
1925, 381, 506
1926, 154, 546
1927, 200, 958
1928, 950, 978
1929, 58, 223
1930, 703, 821
1931, 424, 485
1932, 370, 999
1933, 453, 518
1934, 93, 779
1935, 301, 697
1936, 325, 405
1937, 176, 996
1938, 492, 564
1939, 163, 432
1940, 357, 594
1941, 168, 631
1942, 125, 746
1943, 480, 500
1944, 520, 891
1945, 756, 758
1946, 715, 753
1947, 283, 721
1948, 76, 120
1949, 225, 682
1950, 132, 535
1951, 529, 778
1952, 11, 343
1953, 106, 296
1954, 178, 612
1955, 745, 986
1956, 73, 737
1957, 327, 386
1958, 279, 889
1959, 31, 60
1960, 545, 843
1961, 392, 649
1962, 583, 714
1963, 239, 510
1964, 411, 472
1965, 984, 993
1966, 927, 979
1967, 330, 627
1968, 374, 463
1969, 263, 936
1970, 233, 606
1971, 448, 573
1972, 526, 544
1973, 762, 788
1974, 822, 860
1975, 291, 852
1976, 91, 962
1977, 468, 590
1978, 213, 519
1979, 286, 465
1980, 455, 607
1981, 401, 482
1982, 542, 913
1983, 363, 921
1984, 307, 705
1985, 490, 724
1986, 408, 987
1987, 488, 874
1988, 618, 944
1989, 198, 475
1990, 95, 656
1991, 576, 633
1992, 135, 479
1993, 644, 994
1994, 334, 914
1995, 173, 206
1996, 409, 650
1997, 620, 952
1998, 34, 231
1999, 818, 858
2000, 268, 530
2001, 139, 333
2002, 41, 142
2003, 99, 923
2004, 240, 641
2005, 46, 940
2006, 450, 599
2007, 116, 920
2008, 252, 658
2009, 120, 986
2010, 214, 762
2011, 47, 881
2012, 87, 479
2013, 221, 320
2014, 547, 751
2015, 435, 684
2016, 664, 804
2017, 72, 407
2018, 908, 970
2019, 171, 796
2020, 416, 943
2021, 499, 693
2022, 317, 934
2023, 204, 979
2024, 299, 779
2025, 471, 591
2026, 16, 733
2027, 500, 778
2028, 406, 522
2029, 446, 961
2030, 232, 610
2031, 852, 882
2032, 549, 926
2033, 438, 766
2034, 412, 565
2035, 675, 932
2036, 165, 794
2037, 570, 965
2038, 160, 248
2039, 224, 571
2040, 322, 730
2041, 222, 659
2042, 220, 389
2043, 247, 677
2044, 785, 982
2045, 371, 842
2046, 637, 955
2047, 470, 680
2048, 130, 611
2049, 14, 740
2050, 318, 691
2051, 5, 775
2052, 277, 665
2053, 51, 938
2054, 251, 984
2055, 103, 319
2056, 271, 773
2057, 840, 978
2058, 4, 199
2059, 600, 969
2060, 437, 700
2061, 112, 136
2062, 121, 581
2063, 608, 855
2064, 55, 102
2065, 76, 186
2066, 215, 525
2067, 37, 496
2068, 131, 151
2069, 832, 861
2070, 528, 917
2071, 688, 786
2072, 150, 249
2073, 323, 566
2074, 269, 816
2075, 205, 298
2076, 295, 419
2077, 255, 439
2078, 560, 618
2079, 558, 854
2080, 734, 999
2081, 365, 732
2082, 594, 942
2083, 155, 538
2084, 159, 270
2085, 451, 663
2086, 404, 498
2087, 336, 630
2088, 457, 474
2089, 596, 814
2090, 386, 541
2091, 28, 196
2092, 508, 561
2093, 285, 286
2094, 472, 676
2095, 359, 719
2096, 396, 863
2097, 203, 744
2098, 179, 703
2099, 669, 756
2100, 394, 543
2101, 520, 678
2102, 421, 868
2103, 313, 726
2104, 57, 993
2105, 135, 153
2106, 771, 830
2107, 392, 901
2108, 146, 782
2109, 375, 506
2110, 315, 424
2111, 118, 192
2112, 94, 572
2113, 551, 862
2114, 25, 788
2115, 301, 466
2116, 575, 655
2117, 167, 329
2118, 399, 670
2119, 436, 613
2120, 164, 795
2121, 647, 952
2122, 857, 859
2123, 106, 783
2124, 557, 580
2125, 493, 990
2126, 64, 759
2127, 378, 843
2128, 86, 806
2129, 414, 642
2130, 417, 607
2131, 358, 837
2132, 54, 272
2133, 236, 939
2134, 443, 633
2135, 810, 827
2136, 170, 660
2137, 537, 721
2138, 697, 717
2139, 388, 725
2140, 408, 941
2141, 334, 812
2142, 629, 750
2143, 636, 886
2144, 310, 916
2145, 715, 909
2146, 36, 767
2147, 764, 836
2148, 230, 898
2149, 143, 289
2150, 39, 156
2151, 308, 867
2152, 595, 736
2153, 707, 996
2154, 257, 476
2155, 109, 562
2156, 260, 856
2157, 356, 797
2158, 43, 673
2159, 589, 623
2160, 370, 402
2161, 23, 483
2162, 96, 809
2163, 357, 698
2164, 97, 458
2165, 307, 728
2166, 731, 838
2167, 441, 511
2168, 380, 646
2169, 242, 727
2170, 876, 907
2171, 191, 709
2172, 303, 754
2173, 749, 802
2174, 545, 757
2175, 80, 903
2176, 254, 445
2177, 178, 1000
2178, 674, 973
2179, 519, 877
2180, 374, 423
2181, 73, 981
2182, 415, 503
2183, 244, 745
2184, 413, 925
2185, 820, 899
2186, 331, 957
2187, 256, 553
2188, 211, 681
2189, 58, 582
2190, 237, 542
2191, 552, 914
2192, 533, 650
2193, 351, 384
2194, 420, 871
2195, 175, 418
2196, 679, 705
2197, 585, 784
2198, 154, 716
2199, 201, 355
2200, 306, 760
2201, 624, 851
2202, 268, 893
2203, 185, 710
2204, 182, 482
2205, 774, 880
2206, 461, 692
2207, 198, 455
2208, 799, 801
2209, 459, 621
2210, 518, 954
2211, 689, 846
2212, 29, 578
2213, 514, 662
2214, 529, 790
2215, 184, 478
2216, 8, 225
2217, 104, 273
2218, 32, 228
2219, 169, 956
2220, 44, 606
2221, 718, 944
2222, 2, 516
2223, 395, 501
2224, 649, 878
2225, 219, 259
2226, 62, 128
2227, 126, 579
2228, 122, 567
2229, 34, 682
2230, 24, 889
2231, 166, 534
2232, 494, 805
2233, 344, 540
2234, 505, 587
2235, 468, 972
2236, 281, 696
2237, 671, 995
2238, 332, 425
2239, 337, 761
2240, 361, 460
2241, 467, 644
2242, 486, 588
2243, 515, 849
2244, 114, 274
2245, 74, 403
2246, 125, 651
2247, 206, 409
2248, 216, 648
2249, 532, 919
2250, 368, 603
2251, 625, 874
2252, 223, 433
2253, 385, 873
2254, 387, 539
2255, 30, 422
2256, 376, 964
2257, 507, 536
2258, 490, 544
2259, 284, 657
2260, 362, 905
2261, 834, 875
2262, 161, 833
2263, 91, 531
2264, 93, 234
2265, 83, 321
2266, 18, 626
2267, 465, 883
2268, 115, 994
2269, 686, 948
2270, 287, 640
2271, 265, 609
2272, 40, 791
2273, 521, 807
2274, 826, 879
2275, 342, 777
2276, 149, 601
2277, 71, 924
2278, 428, 967
2279, 227, 987
2280, 261, 373
2281, 231, 397
2282, 212, 530
2283, 246, 825
2284, 239, 829
2285, 235, 713
2286, 844, 906
2287, 900, 950
2288, 556, 746
2289, 339, 447
2290, 869, 947
2291, 27, 218
2292, 645, 897
2293, 687, 835
2294, 605, 823
2295, 147, 523
2296, 188, 484
2297, 583, 998
2298, 129, 958
2299, 3, 975
2300, 21, 666
2301, 10, 887
2302, 327, 891
2303, 706, 936
2304, 340, 747
2305, 38, 163
2306, 127, 847
2307, 202, 324
2308, 217, 780
2309, 347, 431
2310, 369, 753
2311, 615, 616
2312, 353, 527
2313, 107, 283
2314, 35, 960
2315, 241, 383
2316, 52, 300
2317, 302, 430
2318, 26, 275
2319, 354, 573
2320, 546, 985
2321, 19, 937
2322, 200, 980
2323, 157, 305
2324, 381, 427
2325, 326, 480
2326, 267, 569
2327, 132, 442
2328, 22, 896
2329, 92, 930
2330, 108, 992
2331, 350, 635
2332, 429, 962
2333, 330, 346
2334, 792, 913
2335, 627, 694
2336, 6, 469
2337, 512, 798
2338, 82, 743
2339, 124, 653
2340, 207, 559
2341, 296, 632
2342, 803, 949
2343, 133, 509
2344, 75, 111
2345, 652, 831
2346, 61, 105
2347, 9, 325
2348, 266, 282
2349, 110, 848
2350, 189, 690
2351, 885, 953
2352, 117, 502
2353, 262, 485
2354, 31, 463
2355, 870, 933
2356, 77, 568
2357, 711, 888
2358, 63, 288
2359, 123, 177
2360, 491, 741
2361, 481, 524
2362, 364, 475
2363, 190, 293
2364, 158, 712
2365, 290, 768
2366, 752, 997
2367, 67, 884
2368, 193, 765
2369, 243, 612
2370, 701, 769
2371, 379, 489
2372, 168, 276
2373, 45, 279
2374, 390, 772
2375, 238, 367
2376, 667, 959
2377, 699, 821
2378, 65, 84
2379, 245, 894
2380, 822, 921
2381, 194, 576
2382, 101, 174
2383, 78, 620
2384, 292, 628
2385, 95, 176
2386, 971, 988
2387, 656, 989
2388, 137, 517
2389, 141, 535
2390, 724, 945
2391, 593, 634
2392, 162, 800
2393, 309, 590
2394, 208, 488
2395, 113, 811
2396, 453, 911
2397, 183, 770
2398, 434, 927
2399, 440, 704
2400, 735, 918
2401, 33, 968
2402, 548, 597
2403, 312, 708
2404, 81, 910
2405, 172, 410
2406, 13, 343
2407, 60, 134
2408, 79, 865
2409, 335, 638
2410, 49, 912
2411, 187, 631
2412, 839, 929
2413, 622, 895
2414, 564, 904
2415, 85, 866
2416, 140, 763
2417, 119, 448
2418, 314, 915
2419, 619, 963
2420, 462, 495
2421, 456, 922
2422, 210, 550
2423, 297, 742
2424, 253, 902
2425, 89, 584
2426, 444, 853
2427, 7, 15
2428, 400, 808
2429, 12, 815
2430, 382, 513
2431, 98, 398
2432, 229, 946
2433, 643, 817
2434, 492, 850
2435, 345, 661
2436, 393, 614
2437, 555, 935
2438, 316, 776
2439, 291, 391
2440, 42, 928
2441, 233, 377
2442, 328, 722
2443, 278, 892
2444, 454, 598
2445, 90, 209
2446, 452, 563
2447, 56, 504
2448, 70, 695
2449, 720, 824
2450, 510, 738
2451, 152, 432
2452, 11, 860
2453, 426, 577
2454, 787, 793
2455, 144, 366
2456, 59, 173
2457, 349, 976
2458, 602, 828
2459, 68, 872
2460, 138, 401
2461, 363, 702
2462, 50, 487
2463, 755, 890
2464, 586, 729
2465, 48, 258
2466, 20, 360
2467, 304, 411
2468, 148, 813
2469, 672, 748
2470, 405, 473
2471, 181, 250
2472, 197, 781
2473, 554, 983
2474, 66, 668
2475, 100, 574
2476, 338, 845
2477, 145, 294
2478, 739, 819
2479, 213, 737
2480, 53, 818
2481, 372, 477
2482, 526, 991
2483, 449, 858
2484, 1, 280
2485, 789, 931
2486, 685, 966
2487, 88, 592
2488, 263, 841
2489, 311, 654
2490, 341, 758
2491, 226, 464
2492, 683, 864
2493, 195, 974
2494, 264, 951
2495, 497, 639
2496, 352, 977
2497, 69, 604
2498, 348, 723
2499, 180, 714
2500, 17, 617
2501, 647, 670
2502, 352, 973
2503, 307, 716
2504, 40, 753
2505, 17, 873
2506, 350, 734
2507, 428, 621
2508, 809, 885
2509, 367, 673
2510, 137, 472
2511, 95, 193
2512, 207, 929
2513, 11, 20
2514, 875, 941
2515, 789, 902
2516, 145, 570
2517, 317, 525
2518, 16, 280
2519, 355, 702
2520, 441, 850
2521, 393, 656
2522, 165, 536
2523, 104, 169
2524, 442, 858
2525, 660, 860
2526, 62, 412
2527, 139, 540
2528, 799, 844
2529, 210, 741
2530, 110, 629
2531, 180, 746
2532, 272, 314
2533, 289, 676
2534, 791, 987
2535, 548, 1000
2536, 553, 768
2537, 214, 310
2538, 601, 989
2539, 811, 972
2540, 803, 986
2541, 163, 225
2542, 376, 514
2543, 181, 559
2544, 876, 896
2545, 212, 571
2546, 229, 430
2547, 531, 537
2548, 631, 824
2549, 511, 975
2550, 234, 703
2551, 67, 978
2552, 635, 698
2553, 505, 786
2554, 184, 263
2555, 41, 749
2556, 276, 813
2557, 38, 123
2558, 728, 755
2559, 182, 401
2560, 208, 759
2561, 420, 581
2562, 216, 920
2563, 294, 607
2564, 66, 188
2565, 144, 633
2566, 43, 591
2567, 452, 967
2568, 9, 981
2569, 905, 999
2570, 153, 465
2571, 61, 867
2572, 450, 532
2573, 70, 340
2574, 162, 878
2575, 509, 865
2576, 712, 969
2577, 99, 394
2578, 694, 733
2579, 678, 893
2580, 235, 584
2581, 262, 387
2582, 230, 427
2583, 677, 812
2584, 1, 769
2585, 699, 947
2586, 122, 617
2587, 478, 662
2588, 780, 933
2589, 437, 697
2590, 125, 664
2591, 613, 757
2592, 668, 911
2593, 864, 945
2594, 134, 706
2595, 197, 476
2596, 268, 821
2597, 356, 471
2598, 124, 544
2599, 283, 422
2600, 4, 710
2601, 69, 306
2602, 312, 661
2603, 101, 659
2604, 300, 302
2605, 176, 787
2606, 679, 949
2607, 324, 546
2608, 171, 421
2609, 36, 970
2610, 549, 568
2611, 247, 991
2612, 47, 233
2613, 114, 438
2614, 48, 434
2615, 168, 370
2616, 425, 794
2617, 689, 913
2618, 22, 982
2619, 545, 618
2620, 150, 743
2621, 270, 904
2622, 334, 624
2623, 369, 464
2624, 504, 798
2625, 242, 392
2626, 526, 567
2627, 765, 899
2628, 594, 595
2629, 501, 563
2630, 237, 600
2631, 151, 842
2632, 344, 839
2633, 299, 495
2634, 100, 816
2635, 147, 919
2636, 408, 446
2637, 15, 204
2638, 847, 848
2639, 71, 258
2640, 132, 632
2641, 410, 849
2642, 53, 871
2643, 119, 852
2644, 49, 154
2645, 205, 221
2646, 219, 671
2647, 107, 322
2648, 474, 758
2649, 2, 279
2650, 75, 730
2651, 284, 331
2652, 534, 598
2653, 55, 365
2654, 396, 459
2655, 538, 814
2656, 337, 362
2657, 240, 829
2658, 261, 700
2659, 722, 990
2660, 45, 853
2661, 90, 562
2662, 582, 997
2663, 251, 946
2664, 351, 411
2665, 105, 528
2666, 44, 454
2667, 52, 856
2668, 354, 529
2669, 653, 892
2670, 244, 996
2671, 148, 882
2672, 189, 974
2673, 415, 554
2674, 304, 604
2675, 490, 863
2676, 436, 807
2677, 461, 477
2678, 588, 964
2679, 72, 762
2680, 249, 449
2681, 701, 843
2682, 68, 301
2683, 330, 936
2684, 131, 248
2685, 419, 587
2686, 523, 558
2687, 185, 366
2688, 215, 796
2689, 898, 983
2690, 704, 740
2691, 73, 482
2692, 129, 785
2693, 21, 106
2694, 281, 622
2695, 126, 868
2696, 361, 985
2697, 398, 469
2698, 56, 739
2699, 657, 917
2700, 720, 822
2701, 97, 166
2702, 498, 636
2703, 103, 342
2704, 243, 806
2705, 157, 810
2706, 683, 830
2707, 790, 834
2708, 194, 496
2709, 648, 828
2710, 335, 776
2711, 388, 473
2712, 32, 922
2713, 246, 416
2714, 271, 687
2715, 12, 890
2716, 435, 956
2717, 637, 756
2718, 918, 930
2719, 404, 747
2720, 345, 866
2721, 880, 959
2722, 378, 521
2723, 390, 908
2724, 236, 265
2725, 466, 950
2726, 572, 626
2727, 177, 606
2728, 218, 341
2729, 253, 797
2730, 223, 502
2731, 211, 267
2732, 133, 146
2733, 158, 560
2734, 303, 993
2735, 282, 583
2736, 173, 605
2737, 266, 486
2738, 24, 713
2739, 711, 861
2740, 18, 191
2741, 773, 903
2742, 93, 383
2743, 260, 433
2744, 597, 833
2745, 179, 381
2746, 164, 552
2747, 135, 406
2748, 76, 232
2749, 65, 227
2750, 793, 952
2751, 296, 732
2752, 156, 649
2753, 493, 788
2754, 259, 382
2755, 417, 717
2756, 400, 512
2757, 86, 457
2758, 397, 953
2759, 239, 874
2760, 231, 869
2761, 620, 682
2762, 535, 718
2763, 770, 900
2764, 395, 884
2765, 524, 763
2766, 13, 357
2767, 508, 599
2768, 455, 792
2769, 838, 855
2770, 405, 641
2771, 51, 480
2772, 74, 183
2773, 79, 295
2774, 680, 737
2775, 203, 895
2776, 84, 955
2777, 590, 977
2778, 519, 565
2779, 116, 742
2780, 142, 859
2781, 339, 926
2782, 152, 241
2783, 117, 761
2784, 7, 541
2785, 238, 705
2786, 115, 468
2787, 475, 667
2788, 348, 685
2789, 492, 615
2790, 64, 178
2791, 431, 603
2792, 336, 360
2793, 81, 976
2794, 94, 323
2795, 374, 616
2796, 206, 906
2797, 85, 650
2798, 440, 752
2799, 288, 750
2800, 487, 862
2801, 42, 723
2802, 608, 835
2803, 832, 939
2804, 628, 914
2805, 439, 715
2806, 645, 674
2807, 278, 654
2808, 727, 736
2809, 87, 359
2810, 308, 820
2811, 325, 968
2812, 113, 429
2813, 943, 962
2814, 424, 666
2815, 57, 453
2816, 143, 593
2817, 121, 228
2818, 513, 886
2819, 201, 313
2820, 174, 447
2821, 98, 965
2822, 120, 483
2823, 226, 779
2824, 198, 614
2825, 414, 938
2826, 35, 479
2827, 373, 942
2828, 580, 726
2829, 484, 935
2830, 274, 672
2831, 669, 870
2832, 353, 921
2833, 27, 910
2834, 31, 665
2835, 494, 998
2836, 252, 663
2837, 625, 774
2838, 82, 489
2839, 33, 315
2840, 286, 690
2841, 638, 831
2842, 290, 696
2843, 37, 491
2844, 8, 275
2845, 89, 329
2846, 804, 966
2847, 569, 695
2848, 26, 328
2849, 327, 515
2850, 269, 481
2851, 566, 651
2852, 611, 688
2853, 409, 800
2854, 556, 823
2855, 91, 391
2856, 195, 507
2857, 112, 190
2858, 346, 413
2859, 59, 470
2860, 88, 155
2861, 879, 887
2862, 77, 707
2863, 127, 877
2864, 118, 818
2865, 708, 784
2866, 10, 140
2867, 255, 371
2868, 642, 940
2869, 128, 451
2870, 379, 675
2871, 141, 992
2872, 643, 731
2873, 444, 960
2874, 78, 358
2875, 170, 187
2876, 577, 748
2877, 326, 578
2878, 775, 925
2879, 579, 927
2880, 576, 836
2881, 364, 961
2882, 109, 386
2883, 3, 909
2884, 277, 767
2885, 160, 681
2886, 256, 506
2887, 316, 557
2888, 19, 407
2889, 827, 888
2890, 389, 745
2891, 639, 692
2892, 63, 510
2893, 426, 994
2894, 840, 872
2895, 149, 819
2896, 28, 167
2897, 602, 963
2898, 928, 931
2899, 333, 817
2900, 39, 186
2901, 610, 719
2902, 220, 375
2903, 738, 783
2904, 175, 250
2905, 460, 980
2906, 60, 954
2907, 573, 754
2908, 92, 298
2909, 111, 443
2910, 377, 709
2911, 23, 385
2912, 318, 735
2913, 138, 575
2914, 320, 432
2915, 462, 781
2916, 83, 889
2917, 612, 912
2918, 522, 777
2919, 311, 845
2920, 488, 857
2921, 349, 518
2922, 108, 485
2923, 497, 771
2924, 338, 979
2925, 691, 766
2926, 539, 932
2927, 897, 951
2928, 500, 881
2929, 596, 795
2930, 200, 305
2931, 542, 923
2932, 34, 293
2933, 46, 841
2934, 217, 937
2935, 445, 808
2936, 634, 815
2937, 159, 209
2938, 901, 916
2939, 646, 686
2940, 199, 846
2941, 751, 801
2942, 192, 778
2943, 772, 805
2944, 619, 802
2945, 609, 825
2946, 245, 319
2947, 321, 724
2948, 172, 915
2949, 467, 655
2950, 161, 202
2951, 380, 463
2952, 222, 652
2953, 589, 714
2954, 368, 988
2955, 623, 957
2956, 196, 894
2957, 499, 971
2958, 50, 627
2959, 854, 891
2960, 693, 948
2961, 264, 944
2962, 25, 517
2963, 80, 586
2964, 54, 96
2965, 503, 729
2966, 273, 826
2967, 254, 516
2968, 257, 907
2969, 527, 934
2970, 684, 837
2971, 58, 547
2972, 130, 213
2973, 14, 309
2974, 5, 287
2975, 520, 644
2976, 363, 958
2977, 291, 883
2978, 561, 585
2979, 725, 924
2980, 543, 984
2981, 30, 533
2982, 564, 744
2983, 6, 402
2984, 372, 399
2985, 418, 995
2986, 403, 458
2987, 297, 782
2988, 332, 448
2989, 530, 550
2990, 384, 640
2991, 102, 574
2992, 347, 760
2993, 456, 630
2994, 29, 721
2995, 423, 764
2996, 292, 551
2997, 136, 658
2998, 224, 592
2999, 555, 851
3000, 285, 343
3001, 333, 386
3002, 134, 915
3003, 127, 698
3004, 693, 881
3005, 317, 680
3006, 600, 631
3007, 384, 817
3008, 560, 995
3009, 697, 820
3010, 563, 756
3011, 503, 950
3012, 332, 576
3013, 527, 729
3014, 265, 398
3015, 447, 978
3016, 500, 577
3017, 135, 589
3018, 79, 169
3019, 19, 125
3020, 207, 958
3021, 486, 942
3022, 183, 611
3023, 495, 857
3024, 607, 836
3025, 84, 302
3026, 190, 311
3027, 97, 496
3028, 155, 491
3029, 119, 383
3030, 168, 436
3031, 1, 31
3032, 328, 614
3033, 189, 277
3034, 75, 647
3035, 397, 743
3036, 731, 767
3037, 745, 798
3038, 462, 883
3039, 424, 580
3040, 263, 483
3041, 499, 565
3042, 142, 610
3043, 55, 90
3044, 316, 373
3045, 88, 525
3046, 235, 701
3047, 157, 677
3048, 314, 996
3049, 11, 622
3050, 122, 964
3051, 920, 946
3052, 100, 782
3053, 139, 655
3054, 299, 484
3055, 421, 849
3056, 438, 925
3057, 658, 795
3058, 252, 786
3059, 102, 851
3060, 389, 587
3061, 9, 944
3062, 452, 819
3063, 423, 446
3064, 789, 877
3065, 153, 444
3066, 870, 965
3067, 506, 823
3068, 221, 639
3069, 290, 492
3070, 334, 855
3071, 272, 746
3072, 140, 579
3073, 886, 931
3074, 797, 800
3075, 108, 602
3076, 762, 776
3077, 73, 683
3078, 399, 897
3079, 279, 739
3080, 420, 458
3081, 464, 720
3082, 209, 439
3083, 120, 392
3084, 324, 945
3085, 111, 364
3086, 174, 405
3087, 467, 772
3088, 508, 549
3089, 584, 902
3090, 522, 574
3091, 181, 411
3092, 56, 559
3093, 615, 818
3094, 377, 962
3095, 594, 858
3096, 472, 505
3097, 109, 246
3098, 133, 312
3099, 266, 463
3100, 41, 286
3101, 241, 323
3102, 678, 882
3103, 39, 922
3104, 186, 261
3105, 288, 887
3106, 343, 353
3107, 70, 485
3108, 131, 287
3109, 460, 685
3110, 230, 306
3111, 758, 919
3112, 74, 845
3113, 341, 734
3114, 378, 617
3115, 550, 814
3116, 187, 514
3117, 212, 865
3118, 633, 904
3119, 291, 371
3120, 242, 362
3121, 238, 308
3122, 216, 394
3123, 298, 752
3124, 408, 454
3125, 456, 596
3126, 146, 176
3127, 249, 993
3128, 490, 688
3129, 71, 147
3130, 210, 608
3131, 159, 528
3132, 46, 934
3133, 313, 971
3134, 848, 969
3135, 65, 967
3136, 806, 808
3137, 429, 941
3138, 274, 619
3139, 379, 788
3140, 474, 520
3141, 367, 553
3142, 129, 898
3143, 433, 566
3144, 354, 940
3145, 218, 224
3146, 418, 441
3147, 381, 862
3148, 664, 742
3149, 283, 340
3150, 99, 564
3151, 110, 682
3152, 403, 821
3153, 18, 741
3154, 8, 282
3155, 933, 947
3156, 206, 668
3157, 116, 670
3158, 396, 427
3159, 198, 335
3160, 96, 781
3161, 26, 191
3162, 529, 557
3163, 320, 636
3164, 516, 652
3165, 44, 215
3166, 152, 321
3167, 517, 541
3168, 81, 426
3169, 599, 674
3170, 509, 526
3171, 874, 981
3172, 165, 609
3173, 43, 156
3174, 810, 816
3175, 547, 651
3176, 196, 518
3177, 95, 121
3178, 785, 985
3179, 220, 984
3180, 256, 380
3181, 226, 573
3182, 233, 983
3183, 318, 561
3184, 552, 603
3185, 14, 144
3186, 337, 775
3187, 591, 861
3188, 315, 926
3189, 58, 621
3190, 138, 416
3191, 54, 435
3192, 132, 532
3193, 244, 726
3194, 391, 811
3195, 488, 601
3196, 709, 910
3197, 104, 369
3198, 53, 85
3199, 6, 395
3200, 625, 708
3201, 284, 555
3202, 713, 750
3203, 738, 901
3204, 137, 970
3205, 307, 657
3206, 245, 765
3207, 50, 228
3208, 479, 960
3209, 388, 710
3210, 567, 955
3211, 16, 515
3212, 154, 671
3213, 606, 644
3214, 406, 732
3215, 148, 150
3216, 355, 867
3217, 64, 951
3218, 303, 777
3219, 30, 980
3220, 149, 390
3221, 66, 977
3222, 468, 835
3223, 593, 791
3224, 512, 943
3225, 78, 351
3226, 80, 178
3227, 478, 938
3228, 33, 954
3229, 372, 568
3230, 34, 455
3231, 368, 451
3232, 828, 842
3233, 201, 989
3234, 844, 999
3235, 93, 521
3236, 254, 748
3237, 126, 202
3238, 32, 476
3239, 330, 903
3240, 98, 188
3241, 4, 906
3242, 243, 440
3243, 211, 852
3244, 676, 997
3245, 195, 804
3246, 227, 504
3247, 275, 854
3248, 301, 430
3249, 101, 393
3250, 443, 991
3251, 538, 846
3252, 259, 896
3253, 413, 718
3254, 640, 744
3255, 166, 475
3256, 160, 691
3257, 890, 895
3258, 656, 843
3259, 27, 105
3260, 891, 908
3261, 404, 722
3262, 204, 686
3263, 770, 963
3264, 523, 1000
3265, 237, 627
3266, 63, 193
3267, 924, 961
3268, 356, 544
3269, 28, 69
3270, 36, 338
3271, 15, 665
3272, 136, 927
3273, 432, 542
3274, 170, 414
3275, 449, 783
3276, 289, 666
3277, 889, 948
3278, 310, 558
3279, 794, 863
3280, 213, 222
3281, 57, 325
3282, 672, 717
3283, 7, 582
3284, 376, 730
3285, 89, 905
3286, 269, 850
3287, 12, 650
3288, 469, 839
3289, 264, 629
3290, 253, 645
3291, 38, 894
3292, 859, 912
3293, 130, 229
3294, 23, 410
3295, 401, 799
3296, 534, 747
3297, 48, 736
3298, 402, 884
3299, 616, 829
3300, 322, 502
3301, 487, 975
3302, 219, 766
3303, 200, 612
3304, 83, 240
3305, 344, 873
3306, 258, 953
3307, 232, 304
3308, 251, 705
3309, 194, 342
3310, 350, 711
3311, 531, 885
3312, 205, 409
3313, 530, 928
3314, 702, 773
3315, 87, 866
3316, 192, 255
3317, 37, 939
3318, 51, 52
3319, 360, 753
3320, 61, 930
3321, 167, 936
3322, 262, 358
3323, 597, 803
3324, 875, 876
3325, 68, 179
3326, 285, 727
3327, 620, 893
3328, 225, 760
3329, 114, 604
3330, 700, 879
3331, 293, 784
3332, 199, 624
3333, 847, 976
3334, 91, 387
3335, 236, 918
3336, 725, 790
3337, 45, 477
3338, 646, 659
3339, 234, 654
3340, 728, 749
3341, 481, 805
3342, 47, 276
3343, 761, 809
3344, 339, 661
3345, 5, 539
3346, 171, 813
3347, 72, 660
3348, 297, 662
3349, 457, 667
3350, 437, 590
3351, 281, 572
3352, 13, 280
3353, 309, 513
3354, 128, 445
3355, 113, 223
3356, 40, 675
3357, 778, 853
3358, 250, 425
3359, 605, 641
3360, 694, 899
3361, 482, 548
3362, 172, 501
3363, 35, 175
3364, 319, 618
3365, 29, 871
3366, 543, 712
3367, 545, 638
3368, 869, 959
3369, 62, 158
3370, 346, 382
3371, 363, 706
3372, 357, 626
3373, 494, 537
3374, 632, 679
3375, 673, 932
3376, 145, 714
3377, 347, 929
3378, 260, 812
3379, 349, 998
3380, 771, 937
3381, 740, 909
3382, 184, 979
3383, 780, 822
3384, 735, 737
3385, 124, 695
3386, 598, 723
3387, 185, 248
3388, 370, 431
3389, 361, 957
3390, 471, 642
3391, 76, 268
3392, 22, 827
3393, 649, 653
3394, 623, 921
3395, 507, 888
3396, 82, 581
3397, 162, 296
3398, 489, 733
3399, 571, 793
3400, 24, 448
3401, 103, 415
3402, 270, 473
3403, 278, 575
3404, 2, 92
3405, 837, 907
3406, 182, 974
3407, 914, 982
3408, 197, 419
3409, 163, 880
3410, 348, 570
3411, 716, 972
3412, 551, 578
3413, 569, 637
3414, 143, 900
3415, 292, 911
3416, 801, 952
3417, 690, 833
3418, 164, 703
3419, 535, 751
3420, 327, 868
3421, 719, 992
3422, 10, 17
3423, 141, 864
3424, 663, 759
3425, 497, 687
3426, 417, 840
3427, 400, 540
3428, 86, 533
3429, 562, 824
3430, 3, 696
3431, 592, 595
3432, 510, 779
3433, 352, 428
3434, 792, 832
3435, 173, 796
3436, 21, 453
3437, 586, 966
3438, 345, 830
3439, 365, 613
3440, 831, 834
3441, 300, 422
3442, 407, 892
3443, 217, 524
3444, 273, 774
3445, 106, 493
3446, 271, 689
3447, 470, 826
3448, 375, 987
3449, 326, 757
3450, 67, 257
3451, 112, 807
3452, 94, 721
3453, 519, 787
3454, 20, 956
3455, 434, 755
3456, 546, 554
3457, 239, 329
3458, 628, 841
3459, 588, 802
3460, 707, 754
3461, 374, 536
3462, 556, 630
3463, 177, 643
3464, 585, 916
3465, 480, 878
3466, 267, 704
3467, 49, 465
3468, 118, 994
3469, 151, 331
3470, 42, 60
3471, 681, 917
3472, 107, 498
3473, 208, 768
3474, 203, 450
3475, 635, 860
3476, 385, 825
3477, 305, 699
3478, 412, 684
3479, 77, 715
3480, 295, 988
3481, 692, 986
3482, 634, 935
3483, 466, 511
3484, 442, 763
3485, 123, 769
3486, 669, 856
3487, 231, 990
3488, 459, 968
3489, 180, 461
3490, 815, 973
3491, 115, 913
3492, 25, 872
3493, 117, 583
3494, 247, 838
3495, 294, 336
3496, 724, 764
3497, 161, 923
3498, 366, 949
3499, 359, 648
3500, 59, 214
3501, 600, 864
3502, 256, 486
3503, 148, 715
3504, 246, 1000
3505, 432, 493
3506, 637, 923
3507, 199, 510
3508, 595, 693
3509, 115, 775
3510, 617, 876
3511, 255, 413
3512, 350, 680
3513, 267, 308
3514, 130, 348
3515, 512, 825
3516, 326, 489
3517, 303, 492
3518, 121, 603
3519, 46, 360
3520, 357, 521
3521, 59, 237
3522, 454, 811
3523, 321, 830
3524, 67, 200
3525, 238, 571
3526, 195, 812
3527, 769, 911
3528, 699, 716
3529, 292, 773
3530, 640, 801
3531, 75, 792
3532, 732, 760
3533, 743, 952
3534, 587, 827
3535, 869, 932
3536, 110, 572
3537, 262, 824
3538, 136, 766
3539, 173, 956
3540, 523, 809
3541, 607, 764
3542, 13, 928
3543, 563, 718
3544, 629, 675
3545, 310, 411
3546, 284, 570
3547, 582, 594
3548, 653, 790
3549, 293, 787
3550, 672, 943
3551, 275, 517
3552, 620, 659
3553, 316, 590
3554, 226, 558
3555, 495, 681
3556, 445, 890
3557, 102, 311
3558, 150, 966
3559, 34, 725
3560, 494, 968
3561, 168, 452
3562, 463, 887
3563, 11, 950
3564, 376, 870
3565, 854, 916
3566, 97, 455
3567, 394, 577
3568, 258, 334
3569, 104, 836
3570, 466, 920
3571, 156, 281
3572, 143, 758
3573, 163, 861
3574, 380, 925
3575, 15, 436
3576, 4, 518
3577, 462, 541
3578, 89, 937
3579, 372, 759
3580, 579, 655
3581, 271, 852
3582, 574, 723
3583, 222, 696
3584, 832, 953
3585, 333, 763
3586, 254, 344
3587, 665, 905
3588, 140, 804
3589, 83, 724
3590, 192, 679
3591, 612, 753
3592, 868, 989
3593, 99, 404
3594, 270, 592
3595, 361, 401
3596, 459, 645
3597, 229, 673
3598, 589, 651
3599, 133, 470
3600, 853, 959
3601, 929, 933
3602, 287, 784
3603, 568, 762
3604, 666, 979
3605, 504, 889
3606, 165, 814
3607, 245, 378
3608, 442, 866
3609, 309, 312
3610, 157, 813
3611, 332, 506
3612, 627, 778
3613, 111, 626
3614, 496, 643
3615, 182, 865
3616, 126, 799
3617, 776, 849
3618, 383, 981
3619, 639, 796
3620, 566, 685
3621, 123, 703
3622, 313, 993
3623, 557, 650
3624, 107, 175
3625, 135, 304
3626, 768, 908
3627, 243, 754
3628, 161, 974
3629, 80, 736
3630, 327, 745
3631, 843, 859
3632, 526, 898
3633, 259, 879
3634, 220, 802
3635, 154, 315
3636, 50, 257
3637, 18, 664
3638, 476, 694
3639, 91, 471
3640, 191, 988
3641, 16, 605
3642, 838, 860
3643, 746, 871
3644, 39, 803
3645, 399, 536
3646, 461, 848
3647, 324, 782
3648, 423, 750
3649, 291, 443
3650, 337, 453
3651, 714, 961
3652, 43, 583
3653, 739, 807
3654, 534, 609
3655, 28, 328
3656, 38, 70
3657, 375, 505
3658, 9, 162
3659, 516, 548
3660, 164, 845
3661, 419, 662
3662, 298, 349
3663, 483, 616
3664, 789, 955
3665, 36, 553
3666, 562, 687
3667, 440, 514
3668, 688, 705
3669, 187, 431
3670, 656, 907
3671, 362, 611
3672, 202, 251
3673, 554, 884
3674, 374, 858
3675, 585, 951
3676, 289, 855
3677, 815, 863
3678, 21, 569
3679, 408, 828
3680, 44, 272
3681, 124, 954
3682, 120, 174
3683, 366, 487
3684, 40, 899
3685, 381, 398
3686, 101, 893
3687, 772, 913
3688, 729, 910
3689, 84, 502
3690, 791, 965
3691, 657, 658
3692, 215, 236
3693, 51, 706
3694, 896, 917
3695, 276, 976
3696, 393, 578
3697, 155, 379
3698, 415, 427
3699, 396, 628
3700, 608, 941
3701, 87, 407
3702, 840, 875
3703, 336, 538
3704, 224, 914
3705, 239, 460
3706, 826, 918
3707, 539, 770
3708, 144, 982
3709, 322, 984
3710, 822, 873
3711, 47, 389
3712, 674, 757
3713, 41, 834
3714, 172, 382
3715, 447, 457
3716, 171, 613
3717, 593, 781
3718, 61, 677
3719, 227, 269
3720, 346, 386
3721, 405, 738
3722, 604, 631
3723, 318, 621
3724, 777, 798
3725, 30, 464
3726, 181, 420
3727, 19, 902
3728, 103, 109
3729, 912, 990
3730, 266, 580
3731, 340, 347
3732, 406, 646
3733, 345, 547
3734, 65, 973
3735, 25, 924
3736, 127, 856
3737, 35, 170
3738, 279, 711
3739, 247, 986
3740, 138, 576
3741, 37, 277
3742, 33, 567
3743, 278, 416
3744, 125, 205
3745, 319, 341
3746, 561, 931
3747, 264, 497
3748, 555, 995
3749, 119, 235
3750, 213, 358
3751, 64, 118
3752, 137, 654
3753, 425, 867
3754, 131, 325
3755, 261, 622
3756, 384, 707
3757, 508, 795
3758, 437, 499
3759, 265, 997
3760, 733, 957
3761, 478, 556
3762, 546, 667
3763, 76, 370
3764, 369, 633
3765, 888, 963
3766, 7, 948
3767, 196, 785
3768, 356, 591
3769, 212, 424
3770, 66, 683
3771, 414, 695
3772, 52, 60
3773, 206, 387
3774, 228, 371
3775, 94, 712
3776, 761, 821
3777, 765, 942
3778, 697, 741
3779, 167, 402
3780, 88, 709
3781, 57, 540
3782, 338, 668
3783, 352, 891
3784, 641, 742
3785, 234, 391
3786, 299, 488
3787, 233, 819
3788, 14, 841
3789, 105, 297
3790, 53, 290
3791, 545, 599
3792, 559, 883
3793, 225, 996
3794, 27, 909
3795, 141, 846
3796, 106, 219
3797, 5, 670
3798, 207, 886
3799, 108, 549
3800, 410, 805
3801, 112, 737
3802, 522, 935
3803, 201, 837
3804, 676, 991
3805, 882, 977
3806, 230, 597
3807, 575, 900
3808, 446, 649
3809, 132, 947
3810, 456, 872
3811, 434, 511
3812, 501, 945
3813, 189, 936
3814, 752, 847
3815, 139, 602
3816, 288, 435
3817, 24, 669
3818, 221, 922
3819, 403, 564
3820, 901, 960
3821, 438, 700
3822, 116, 481
3823, 584, 816
3824, 54, 468
3825, 359, 689
3826, 385, 513
3827, 177, 451
3828, 329, 823
3829, 331, 474
3830, 317, 479
3831, 949, 998
3832, 335, 663
3833, 149, 644
3834, 751, 894
3835, 528, 618
3836, 503, 552
3837, 295, 970
3838, 8, 367
3839, 71, 971
3840, 507, 525
3841, 300, 735
3842, 6, 430
3843, 248, 388
3844, 903, 930
3845, 708, 927
3846, 45, 857
3847, 307, 806
3848, 660, 698
3849, 250, 728
3850, 42, 509
3851, 895, 967
3852, 32, 500
3853, 301, 833
3854, 519, 537
3855, 31, 197
3856, 727, 771
3857, 145, 208
3858, 78, 734
3859, 223, 610
3860, 400, 978
3861, 69, 465
3862, 339, 490
3863, 330, 682
3864, 58, 355
3865, 302, 844
3866, 22, 532
3867, 342, 906
3868, 377, 573
3869, 12, 146
3870, 808, 842
3871, 193, 624
3872, 194, 701
3873, 55, 839
3874, 23, 515
3875, 81, 938
3876, 211, 919
3877, 147, 204
3878, 285, 598
3879, 210, 280
3880, 283, 756
3881, 527, 623
3882, 829, 980
3883, 151, 477
3884, 467, 820
3885, 244, 793
3886, 152, 994
3887, 520, 661
3888, 74, 744
3889, 98, 217
3890, 184, 491
3891, 90, 296
3892, 780, 946
3893, 353, 944
3894, 178, 779
3895, 395, 535
3896, 441, 482
3897, 469, 767
3898, 72, 249
3899, 274, 748
3900, 48, 529
3901, 636, 915
3902, 198, 498
3903, 964, 999
3904, 862, 877
3905, 169, 560
3906, 354, 800
3907, 458, 652
3908, 86, 95
3909, 426, 972
3910, 282, 543
3911, 252, 550
3912, 3, 939
3913, 29, 323
3914, 26, 619
3915, 740, 783
3916, 691, 717
3917, 179, 444
3918, 390, 530
3919, 113, 392
3920, 475, 565
3921, 134, 142
3922, 92, 203
3923, 17, 485
3924, 263, 878
3925, 180, 421
3926, 49, 188
3927, 713, 892
3928, 320, 880
3929, 363, 850
3930, 166, 260
3931, 176, 422
3932, 2, 690
3933, 365, 721
3934, 449, 885
3935, 614, 934
3936, 314, 692
3937, 56, 992
3938, 630, 730
3939, 190, 588
3940, 305, 586
3941, 253, 704
3942, 96, 364
3943, 273, 524
3944, 268, 874
3945, 100, 788
3946, 480, 686
3947, 351, 983
3948, 158, 218
3949, 20, 214
3950, 606, 615
3951, 232, 774
3952, 810, 975
3953, 129, 987
3954, 835, 985
3955, 185, 635
3956, 373, 731
3957, 551, 881
3958, 240, 684
3959, 625, 969
3960, 439, 533
3961, 417, 719
3962, 82, 306
3963, 542, 755
3964, 242, 544
3965, 418, 702
3966, 209, 794
3967, 294, 897
3968, 122, 450
3969, 596, 831
3970, 183, 786
3971, 747, 851
3972, 286, 428
3973, 159, 904
3974, 231, 749
3975, 1, 647
3976, 77, 368
3977, 412, 634
3978, 429, 958
3979, 186, 797
3980, 638, 926
3981, 153, 397
3982, 10, 671
3983, 817, 818
3984, 68, 117
3985, 601, 726
3986, 63, 962
3987, 710, 722
3988, 531, 581
3989, 114, 642
3990, 472, 720
3991, 216, 241
3992, 85, 128
3993, 343, 678
3994, 73, 648
3995, 160, 448
3996, 921, 940
3997, 79, 433
3998, 409, 473
3999, 62, 632
4000, 93, 484
