id, img1, img2
1, 617, 971
2, 148, 276
3, 195, 742
4, 245, 247
5, 357, 681
6, 21, 366
7, 298, 481
8, 433, 702
9, 246, 734
10, 255, 581
11, 559, 777
12, 270, 596
13, 798, 901
14, 292, 646
15, 20, 874
16, 228, 281
17, 150, 373
18, 112, 209
19, 691, 818
20, 32, 36
21, 552, 648
22, 324, 948
23, 598, 947
24, 505, 762
25, 118, 419
26, 169, 910
27, 362, 907
28, 22, 407
29, 203, 997
30, 190, 473
31, 138, 384
32, 141, 326
33, 565, 603
34, 275, 735
35, 193, 202
36, 448, 470
37, 451, 555
38, 462, 967
39, 430, 511
40, 56, 401
41, 161, 684
42, 244, 946
43, 210, 226
44, 176, 731
45, 284, 563
46, 68, 990
47, 77, 769
48, 143, 829
49, 329, 336
50, 788, 974
51, 529, 977
52, 562, 819
53, 110, 792
54, 95, 238
55, 855, 892
56, 282, 728
57, 472, 485
58, 235, 386
59, 157, 754
60, 67, 923
61, 159, 490
62, 88, 260
63, 183, 696
64, 40, 861
65, 90, 348
66, 443, 786
67, 39, 592
68, 423, 976
69, 180, 815
70, 864, 943
71, 76, 317
72, 849, 941
73, 397, 771
74, 733, 784
75, 711, 961
76, 870, 996
77, 492, 785
78, 158, 572
79, 92, 736
80, 227, 790
81, 493, 612
82, 130, 641
83, 435, 554
84, 927, 929
85, 411, 931
86, 96, 413
87, 310, 679
88, 312, 342
89, 795, 866
90, 361, 724
91, 315, 757
92, 164, 609
93, 707, 743
94, 102, 678
95, 54, 151
96, 116, 845
97, 584, 589
98, 649, 747
99, 62, 216
100, 98, 896
101, 60, 651
102, 368, 499
103, 111, 459
104, 636, 664
105, 841, 992
106, 114, 831
107, 666, 924
108, 45, 722
109, 280, 576
110, 391, 969
111, 494, 759
112, 586, 787
113, 805, 860
114, 344, 508
115, 313, 356
116, 94, 940
117, 582, 848
118, 376, 474
119, 263, 453
120, 78, 677
121, 693, 914
122, 525, 900
123, 772, 915
124, 100, 928
125, 186, 953
126, 108, 602
127, 698, 834
128, 621, 891
129, 242, 527
130, 2, 962
131, 420, 706
132, 64, 688
133, 27, 987
134, 447, 936
135, 97, 821
136, 446, 466
137, 314, 497
138, 620, 778
139, 332, 899
140, 400, 937
141, 103, 616
142, 185, 753
143, 241, 801
144, 304, 893
145, 390, 484
146, 6, 309
147, 5, 957
148, 239, 985
149, 370, 537
150, 133, 918
151, 510, 657
152, 383, 626
153, 168, 765
154, 200, 746
155, 343, 388
156, 723, 970
157, 347, 574
158, 919, 952
159, 107, 767
160, 495, 949
161, 223, 869
162, 290, 938
163, 137, 802
164, 544, 966
165, 575, 930
166, 541, 748
167, 551, 676
168, 635, 727
169, 496, 714
170, 267, 618
171, 543, 604
172, 189, 201
173, 120, 944
174, 454, 738
175, 564, 854
176, 412, 549
177, 590, 964
178, 250, 872
179, 437, 458
180, 665, 844
181, 214, 766
182, 421, 542
183, 346, 667
184, 355, 875
185, 308, 452
186, 13, 33
187, 686, 906
188, 163, 515
189, 187, 249
190, 395, 942
191, 810, 979
192, 455, 811
193, 14, 682
194, 440, 813
195, 323, 579
196, 852, 902
197, 251, 522
198, 402, 878
199, 232, 578
200, 311, 587
201, 325, 658
202, 72, 857
203, 132, 426
204, 404, 634
205, 101, 252
206, 49, 154
207, 488, 712
208, 211, 233
209, 91, 207
210, 165, 506
211, 15, 442
212, 271, 904
213, 173, 266
214, 382, 405
215, 468, 591
216, 911, 913
217, 12, 229
218, 115, 231
219, 297, 704
220, 690, 847
221, 175, 377
222, 135, 877
223, 487, 905
224, 279, 656
225, 35, 350
226, 18, 339
227, 106, 984
228, 55, 793
229, 719, 895
230, 381, 842
231, 9, 827
232, 431, 799
233, 51, 301
234, 19, 934
235, 50, 624
236, 372, 770
237, 274, 710
238, 139, 631
239, 720, 873
240, 408, 956
241, 79, 182
242, 258, 316
243, 345, 806
244, 378, 393
245, 215, 623
246, 701, 835
247, 184, 650
248, 7, 471
249, 606, 871
250, 640, 779
251, 338, 523
252, 237, 491
253, 80, 560
254, 221, 444
255, 577, 783
256, 156, 328
257, 307, 933
258, 217, 737
259, 84, 791
260, 28, 146
261, 160, 776
262, 225, 257
263, 208, 822
264, 277, 615
265, 273, 642
266, 261, 605
267, 879, 983
268, 170, 321
269, 58, 826
270, 204, 884
271, 569, 611
272, 47, 93
273, 394, 780
274, 628, 675
275, 637, 912
276, 764, 982
277, 532, 926
278, 218, 302
279, 465, 749
280, 119, 351
281, 530, 935
282, 131, 352
283, 573, 672
284, 149, 925
285, 71, 939
286, 498, 823
287, 303, 504
288, 234, 625
289, 652, 968
290, 320, 415
291, 269, 566
292, 66, 322
293, 467, 556
294, 570, 699
295, 399, 643
296, 30, 775
297, 129, 519
298, 760, 972
299, 220, 954
300, 179, 482
301, 695, 708
302, 286, 836
303, 463, 526
304, 639, 756
305, 140, 851
306, 424, 509
307, 205, 755
308, 585, 717
309, 663, 894
310, 379, 601
311, 898, 909
312, 697, 730
313, 178, 369
314, 429, 995
315, 8, 428
316, 709, 768
317, 122, 512
318, 638, 921
319, 422, 687
320, 427, 999
321, 817, 903
322, 375, 732
323, 341, 633
324, 24, 248
325, 439, 477
326, 196, 374
327, 340, 998
328, 632, 916
329, 199, 683
330, 550, 889
331, 253, 986
332, 409, 751
333, 162, 414
334, 1, 87
335, 745, 800
336, 83, 660
337, 264, 853
338, 42, 540
339, 85, 318
340, 774, 973
341, 319, 531
342, 86, 256
343, 197, 622
344, 469, 960
345, 371, 558
346, 222, 843
347, 53, 713
348, 403, 645
349, 152, 513
350, 99, 272
351, 888, 989
352, 74, 653
353, 142, 752
354, 123, 883
355, 380, 450
356, 278, 945
357, 363, 545
358, 44, 862
359, 48, 65
360, 349, 807
361, 127, 145
362, 155, 876
363, 337, 856
364, 125, 174
365, 729, 975
366, 59, 932
367, 166, 868
368, 627, 692
369, 26, 850
370, 136, 548
371, 105, 333
372, 147, 671
373, 124, 629
374, 521, 718
375, 449, 917
376, 219, 794
377, 705, 809
378, 268, 619
379, 595, 833
380, 694, 838
381, 536, 680
382, 406, 654
383, 153, 803
384, 70, 500
385, 121, 781
386, 331, 880
387, 4, 908
388, 608, 674
389, 673, 965
390, 191, 763
391, 614, 685
392, 479, 517
393, 387, 464
394, 661, 859
395, 486, 830
396, 882, 920
397, 385, 630
398, 644, 721
399, 41, 534
400, 538, 958
401, 82, 262
402, 814, 867
403, 528, 647
404, 885, 988
405, 392, 518
406, 43, 476
407, 501, 804
408, 568, 897
409, 365, 922
410, 188, 265
411, 167, 991
412, 31, 52
413, 367, 438
414, 561, 668
415, 797, 980
416, 613, 700
417, 25, 34
418, 520, 740
419, 109, 886
420, 662, 993
421, 38, 287
422, 144, 330
423, 10, 703
424, 212, 353
425, 796, 837
426, 240, 726
427, 299, 514
428, 359, 475
429, 283, 610
430, 16, 951
431, 461, 715
432, 417, 789
433, 171, 539
434, 597, 607
435, 117, 306
436, 73, 571
437, 396, 503
438, 478, 782
439, 296, 441
440, 289, 950
441, 305, 483
442, 432, 750
443, 360, 846
444, 364, 839
445, 354, 434
446, 177, 887
447, 669, 773
448, 594, 994
449, 588, 858
450, 291, 583
451, 126, 739
452, 425, 825
453, 456, 959
454, 293, 820
455, 689, 863
456, 181, 808
457, 832, 1000
458, 725, 812
459, 113, 436
460, 57, 213
461, 334, 890
462, 416, 593
463, 29, 553
464, 194, 567
465, 824, 978
466, 659, 744
467, 670, 758
468, 104, 955
469, 46, 761
470, 259, 358
471, 134, 300
472, 37, 335
473, 172, 288
474, 63, 69
475, 75, 224
476, 198, 398
477, 410, 716
478, 236, 580
479, 557, 655
480, 524, 599
481, 502, 535
482, 828, 881
483, 17, 741
484, 243, 418
485, 81, 865
486, 457, 489
487, 460, 840
488, 295, 546
489, 480, 963
490, 507, 516
491, 285, 389
492, 254, 327
493, 230, 547
494, 23, 206
495, 61, 981
496, 294, 816
497, 11, 533
498, 89, 192
499, 3, 128
500, 445, 600
501, 25, 280
502, 487, 806
503, 609, 725
504, 386, 719
505, 161, 971
506, 853, 859
507, 380, 919
508, 509, 888
509, 121, 316
510, 1, 350
511, 59, 793
512, 90, 863
513, 467, 545
514, 125, 387
515, 63, 735
516, 66, 844
517, 209, 776
518, 526, 611
519, 88, 833
520, 765, 779
521, 461, 847
522, 94, 239
523, 271, 788
524, 906, 932
525, 703, 851
526, 98, 306
527, 764, 876
528, 187, 409
529, 279, 967
530, 506, 690
531, 795, 860
532, 202, 712
533, 460, 909
534, 722, 799
535, 389, 683
536, 162, 984
537, 624, 761
538, 35, 595
539, 538, 677
540, 734, 925
541, 533, 724
542, 72, 272
543, 575, 899
544, 659, 816
545, 334, 834
546, 158, 200
547, 213, 707
548, 302, 824
549, 229, 767
550, 218, 700
551, 60, 144
552, 223, 517
553, 27, 994
554, 92, 442
555, 43, 415
556, 149, 451
557, 629, 684
558, 169, 748
559, 204, 583
560, 550, 969
561, 495, 615
562, 30, 571
563, 208, 807
564, 74, 614
565, 731, 947
566, 407, 469
567, 112, 798
568, 73, 736
569, 485, 943
570, 165, 230
571, 243, 879
572, 312, 653
573, 768, 937
574, 432, 756
575, 727, 999
576, 256, 443
577, 894, 930
578, 2, 968
579, 176, 728
580, 773, 815
581, 593, 866
582, 139, 470
583, 111, 895
584, 392, 714
585, 249, 970
586, 97, 193
587, 447, 931
588, 424, 472
589, 138, 308
590, 42, 253
591, 50, 205
592, 38, 58
593, 431, 747
594, 627, 657
595, 164, 892
596, 284, 953
597, 320, 885
598, 172, 732
599, 179, 869
600, 552, 584
601, 324, 898
602, 107, 942
603, 252, 500
604, 197, 360
605, 439, 658
606, 4, 850
607, 364, 743
608, 501, 959
609, 160, 178
610, 242, 938
611, 343, 665
612, 305, 539
613, 13, 510
614, 531, 711
615, 811, 875
616, 745, 753
617, 477, 783
618, 384, 556
619, 673, 998
620, 263, 890
621, 448, 737
622, 128, 585
623, 337, 805
624, 817, 904
625, 85, 668
626, 396, 483
627, 219, 827
628, 299, 537
629, 104, 110
630, 482, 964
631, 114, 891
632, 646, 934
633, 568, 759
634, 924, 974
635, 504, 744
636, 803, 954
637, 503, 796
638, 557, 586
639, 369, 405
640, 80, 775
641, 199, 587
642, 145, 655
643, 227, 296
644, 224, 988
645, 78, 889
646, 14, 345
647, 237, 903
648, 75, 843
649, 157, 491
650, 155, 983
651, 680, 837
652, 134, 746
653, 268, 370
654, 813, 965
655, 170, 660
656, 154, 211
657, 354, 636
658, 359, 436
659, 610, 637
660, 427, 977
661, 51, 336
662, 81, 916
663, 675, 878
664, 248, 757
665, 18, 567
666, 927, 955
667, 135, 496
668, 435, 605
669, 175, 578
670, 269, 808
671, 180, 654
672, 551, 702
673, 348, 644
674, 195, 750
675, 421, 910
676, 34, 541
677, 182, 191
678, 410, 852
679, 836, 857
680, 91, 440
681, 123, 814
682, 991, 992
683, 24, 896
684, 20, 183
685, 89, 886
686, 150, 455
687, 210, 600
688, 522, 696
689, 95, 322
690, 326, 839
691, 321, 870
692, 133, 562
693, 181, 590
694, 319, 958
695, 390, 809
696, 132, 980
697, 622, 952
698, 231, 423
699, 315, 498
700, 276, 582
701, 617, 790
702, 57, 167
703, 79, 633
704, 55, 393
705, 532, 786
706, 261, 437
707, 140, 742
708, 787, 858
709, 601, 701
710, 607, 997
711, 77, 254
712, 196, 221
713, 174, 672
714, 368, 381
715, 198, 528
716, 375, 623
717, 68, 122
718, 419, 865
719, 274, 818
720, 64, 596
721, 939, 946
722, 147, 351
723, 226, 778
724, 108, 489
725, 311, 972
726, 580, 670
727, 67, 966
728, 119, 908
729, 573, 651
730, 70, 215
731, 22, 723
732, 445, 512
733, 330, 671
734, 588, 993
735, 339, 475
736, 186, 441
737, 153, 307
738, 329, 400
739, 11, 692
740, 129, 264
741, 255, 917
742, 5, 406
743, 754, 828
744, 800, 877
745, 46, 515
746, 93, 287
747, 260, 848
748, 137, 340
749, 9, 868
750, 142, 377
751, 52, 270
752, 151, 394
753, 173, 444
754, 664, 883
755, 273, 333
756, 589, 862
757, 499, 841
758, 141, 301
759, 83, 864
760, 16, 37
761, 730, 987
762, 228, 594
763, 536, 822
764, 514, 649
765, 23, 874
766, 331, 770
767, 103, 710
768, 234, 920
769, 599, 829
770, 493, 772
771, 832, 882
772, 367, 480
773, 459, 733
774, 61, 944
775, 462, 762
776, 502, 606
777, 250, 429
778, 555, 842
779, 203, 678
780, 212, 634
781, 740, 872
782, 171, 240
783, 47, 973
784, 300, 912
785, 225, 352
786, 709, 950
787, 86, 318
788, 648, 840
789, 463, 505
790, 358, 534
791, 189, 717
792, 438, 454
793, 143, 856
794, 235, 465
795, 17, 36
796, 685, 956
797, 45, 62
798, 382, 758
799, 418, 669
800, 554, 797
801, 285, 635
802, 561, 639
803, 457, 681
804, 31, 373
805, 29, 425
806, 679, 706
807, 19, 456
808, 283, 949
809, 118, 422
810, 413, 458
811, 344, 592
812, 288, 880
813, 325, 749
814, 245, 915
815, 612, 687
816, 44, 751
817, 591, 985
818, 581, 940
819, 760, 1000
820, 558, 572
821, 693, 945
822, 376, 523
823, 102, 497
824, 922, 996
825, 907, 913
826, 486, 802
827, 185, 801
828, 781, 935
829, 525, 957
830, 426, 640
831, 100, 357
832, 48, 233
833, 620, 960
834, 473, 507
835, 71, 699
836, 780, 846
837, 466, 881
838, 602, 716
839, 120, 417
840, 101, 838
841, 453, 708
842, 163, 281
843, 317, 332
844, 378, 535
845, 553, 726
846, 76, 825
847, 511, 777
848, 404, 831
849, 632, 666
850, 355, 484
851, 618, 962
852, 446, 961
853, 6, 855
854, 26, 873
855, 353, 826
856, 303, 603
857, 105, 976
858, 292, 676
859, 10, 893
860, 323, 365
861, 282, 411
862, 314, 492
863, 116, 697
864, 867, 871
865, 682, 897
866, 65, 126
867, 290, 608
868, 689, 901
869, 434, 652
870, 106, 232
871, 258, 763
872, 569, 929
873, 275, 936
874, 371, 989
875, 450, 544
876, 598, 721
877, 148, 478
878, 563, 695
879, 667, 995
880, 630, 647
881, 771, 821
882, 769, 951
883, 259, 884
884, 201, 941
885, 192, 341
886, 41, 372
887, 391, 830
888, 131, 900
889, 56, 342
890, 414, 643
891, 267, 397
892, 222, 403
893, 356, 705
894, 84, 755
895, 547, 713
896, 159, 238
897, 190, 663
898, 782, 812
899, 28, 576
900, 206, 718
901, 217, 366
902, 39, 579
903, 109, 791
904, 428, 616
905, 328, 560
906, 481, 631
907, 220, 262
908, 661, 785
909, 349, 449
910, 399, 715
911, 549, 698
912, 266, 933
913, 297, 402
914, 565, 570
915, 257, 543
916, 656, 854
917, 313, 979
918, 518, 766
919, 96, 546
920, 686, 978
921, 115, 902
922, 691, 845
923, 3, 398
924, 117, 527
925, 294, 694
926, 251, 849
927, 804, 835
928, 33, 559
929, 520, 641
930, 49, 385
931, 521, 921
932, 127, 524
933, 278, 361
934, 347, 752
935, 21, 542
936, 8, 577
937, 488, 650
938, 194, 789
939, 304, 739
940, 124, 926
941, 236, 474
942, 490, 626
943, 494, 963
944, 241, 645
945, 40, 566
946, 32, 819
947, 401, 604
948, 327, 823
949, 430, 628
950, 388, 642
951, 887, 948
952, 156, 168
953, 207, 625
954, 383, 548
955, 638, 820
956, 54, 374
957, 184, 621
958, 905, 918
959, 309, 619
960, 928, 982
961, 508, 911
962, 244, 975
963, 289, 408
964, 130, 479
965, 214, 613
966, 363, 914
967, 298, 792
968, 15, 529
969, 420, 574
970, 12, 784
971, 246, 540
972, 136, 416
973, 166, 338
974, 452, 464
975, 265, 335
976, 471, 516
977, 87, 741
978, 476, 810
979, 113, 986
980, 295, 395
981, 216, 720
982, 519, 794
983, 277, 346
984, 7, 704
985, 188, 362
986, 82, 310
987, 146, 433
988, 152, 468
989, 177, 861
990, 291, 662
991, 412, 688
992, 293, 729
993, 69, 564
994, 923, 981
995, 247, 738
996, 597, 674
997, 530, 774
998, 99, 990
999, 379, 513
1000, 53, 286
1001, 529, 782
1002, 54, 212
1003, 627, 706
1004, 680, 788
1005, 58, 198
1006, 90, 862
1007, 366, 465
1008, 239, 369
1009, 476, 507
1010, 226, 452
1011, 82, 811
1012, 723, 888
1013, 355, 787
1014, 132, 851
1015, 440, 689
1016, 193, 211
1017, 196, 885
1018, 268, 828
1019, 973, 976
1020, 672, 931
1021, 577, 653
1022, 120, 480
1023, 533, 986
1024, 249, 429
1025, 181, 563
1026, 23, 89
1027, 412, 766
1028, 49, 171
1029, 81, 347
1030, 590, 935
1031, 210, 401
1032, 633, 657
1033, 230, 925
1034, 209, 697
1035, 555, 593
1036, 77, 611
1037, 231, 566
1038, 151, 381
1039, 6, 115
1040, 160, 445
1041, 296, 966
1042, 159, 594
1043, 384, 810
1044, 111, 391
1045, 629, 934
1046, 395, 487
1047, 516, 580
1048, 505, 598
1049, 427, 864
1050, 96, 692
1051, 66, 456
1052, 39, 784
1053, 71, 684
1054, 282, 781
1055, 18, 623
1056, 245, 822
1057, 649, 701
1058, 197, 562
1059, 126, 768
1060, 376, 957
1061, 686, 975
1062, 667, 817
1063, 410, 514
1064, 564, 703
1065, 492, 867
1066, 227, 431
1067, 147, 881
1068, 43, 884
1069, 232, 662
1070, 337, 371
1071, 436, 732
1072, 344, 695
1073, 428, 488
1074, 276, 815
1075, 255, 409
1076, 423, 797
1077, 601, 911
1078, 525, 944
1079, 235, 443
1080, 265, 928
1081, 148, 203
1082, 523, 932
1083, 622, 727
1084, 977, 999
1085, 270, 561
1086, 42, 333
1087, 256, 325
1088, 37, 550
1089, 88, 599
1090, 808, 846
1091, 651, 905
1092, 153, 266
1093, 734, 960
1094, 417, 972
1095, 258, 746
1096, 72, 796
1097, 75, 477
1098, 295, 890
1099, 94, 407
1100, 279, 574
1101, 213, 969
1102, 35, 306
1103, 729, 917
1104, 179, 918
1105, 269, 383
1106, 78, 694
1107, 461, 844
1108, 666, 728
1109, 335, 857
1110, 625, 943
1111, 675, 733
1112, 11, 875
1113, 490, 578
1114, 22, 504
1115, 69, 324
1116, 30, 129
1117, 642, 715
1118, 186, 513
1119, 118, 785
1120, 587, 778
1121, 770, 826
1122, 53, 199
1123, 157, 914
1124, 59, 442
1125, 377, 945
1126, 205, 915
1127, 27, 735
1128, 189, 876
1129, 70, 342
1130, 741, 845
1131, 180, 624
1132, 724, 984
1133, 261, 360
1134, 399, 843
1135, 225, 271
1136, 61, 374
1137, 389, 664
1138, 291, 448
1139, 595, 859
1140, 343, 433
1141, 496, 942
1142, 544, 938
1143, 310, 761
1144, 489, 952
1145, 515, 962
1146, 713, 827
1147, 257, 877
1148, 517, 673
1149, 809, 908
1150, 21, 201
1151, 354, 660
1152, 101, 506
1153, 413, 609
1154, 382, 641
1155, 50, 643
1156, 671, 968
1157, 947, 990
1158, 85, 711
1159, 289, 380
1160, 91, 663
1161, 173, 603
1162, 358, 499
1163, 146, 460
1164, 168, 576
1165, 164, 665
1166, 125, 314
1167, 110, 283
1168, 216, 545
1169, 691, 776
1170, 36, 842
1171, 278, 539
1172, 586, 620
1173, 123, 535
1174, 178, 234
1175, 92, 411
1176, 812, 861
1177, 166, 309
1178, 138, 898
1179, 626, 748
1180, 421, 565
1181, 402, 814
1182, 135, 183
1183, 253, 441
1184, 619, 670
1185, 177, 290
1186, 630, 719
1187, 145, 927
1188, 546, 836
1189, 55, 438
1190, 4, 372
1191, 700, 892
1192, 20, 801
1193, 850, 994
1194, 511, 571
1195, 602, 853
1196, 459, 807
1197, 451, 457
1198, 698, 840
1199, 405, 721
1200, 286, 900
1201, 237, 524
1202, 739, 878
1203, 112, 635
1204, 207, 865
1205, 60, 710
1206, 229, 974
1207, 321, 921
1208, 794, 965
1209, 169, 426
1210, 79, 305
1211, 435, 589
1212, 685, 954
1213, 38, 668
1214, 121, 856
1215, 8, 32
1216, 86, 902
1217, 63, 387
1218, 102, 172
1219, 141, 292
1220, 194, 955
1221, 65, 491
1222, 214, 240
1223, 217, 749
1224, 520, 833
1225, 418, 712
1226, 248, 346
1227, 753, 979
1228, 483, 709
1229, 447, 526
1230, 328, 803
1231, 319, 771
1232, 326, 904
1233, 185, 557
1234, 501, 616
1235, 275, 608
1236, 161, 805
1237, 26, 250
1238, 818, 959
1239, 62, 762
1240, 379, 637
1241, 15, 872
1242, 575, 640
1243, 16, 613
1244, 849, 901
1245, 338, 403
1246, 19, 99
1247, 149, 605
1248, 170, 204
1249, 133, 482
1250, 821, 854
1251, 530, 536
1252, 311, 519
1253, 67, 320
1254, 192, 430
1255, 294, 352
1256, 406, 916
1257, 165, 425
1258, 677, 779
1259, 313, 408
1260, 113, 300
1261, 773, 804
1262, 394, 775
1263, 301, 597
1264, 534, 679
1265, 699, 704
1266, 790, 941
1267, 894, 896
1268, 191, 688
1269, 131, 951
1270, 463, 582
1271, 142, 591
1272, 109, 648
1273, 362, 722
1274, 128, 364
1275, 284, 924
1276, 51, 964
1277, 176, 359
1278, 17, 368
1279, 33, 958
1280, 882, 983
1281, 9, 751
1282, 247, 434
1283, 122, 583
1284, 458, 839
1285, 280, 316
1286, 585, 659
1287, 638, 756
1288, 654, 696
1289, 242, 246
1290, 10, 139
1291, 471, 744
1292, 542, 813
1293, 388, 568
1294, 119, 769
1295, 40, 731
1296, 46, 560
1297, 581, 967
1298, 365, 396
1299, 462, 987
1300, 252, 588
1301, 45, 474
1302, 317, 621
1303, 835, 920
1304, 726, 950
1305, 106, 757
1306, 793, 981
1307, 103, 331
1308, 786, 852
1309, 140, 308
1310, 7, 93
1311, 267, 332
1312, 104, 473
1313, 277, 725
1314, 740, 880
1315, 12, 541
1316, 299, 556
1317, 584, 774
1318, 453, 832
1319, 114, 330
1320, 228, 971
1321, 449, 767
1322, 107, 223
1323, 297, 940
1324, 56, 838
1325, 646, 714
1326, 737, 910
1327, 34, 274
1328, 353, 444
1329, 137, 847
1330, 357, 604
1331, 860, 1000
1332, 738, 992
1333, 97, 970
1334, 48, 422
1335, 184, 393
1336, 302, 424
1337, 202, 498
1338, 553, 596
1339, 579, 716
1340, 567, 912
1341, 502, 831
1342, 3, 617
1343, 29, 777
1344, 693, 993
1345, 349, 780
1346, 264, 707
1347, 802, 906
1348, 152, 497
1349, 618, 879
1350, 162, 841
1351, 287, 373
1352, 187, 823
1353, 260, 540
1354, 420, 634
1355, 285, 988
1356, 174, 527
1357, 681, 820
1358, 678, 730
1359, 272, 936
1360, 95, 273
1361, 155, 995
1362, 631, 690
1363, 674, 743
1364, 175, 200
1365, 798, 956
1366, 669, 978
1367, 702, 760
1368, 341, 913
1369, 52, 323
1370, 74, 116
1371, 224, 512
1372, 87, 163
1373, 375, 552
1374, 307, 683
1375, 439, 503
1376, 68, 829
1377, 215, 647
1378, 322, 385
1379, 887, 926
1380, 370, 644
1381, 188, 467
1382, 493, 655
1383, 263, 298
1384, 883, 953
1385, 495, 961
1386, 549, 789
1387, 236, 455
1388, 76, 454
1389, 717, 998
1390, 559, 863
1391, 470, 948
1392, 190, 592
1393, 221, 500
1394, 158, 991
1395, 80, 543
1396, 41, 989
1397, 2, 400
1398, 392, 929
1399, 754, 819
1400, 57, 652
1401, 64, 791
1402, 548, 658
1403, 610, 858
1404, 772, 795
1405, 763, 899
1406, 83, 363
1407, 244, 708
1408, 241, 554
1409, 98, 378
1410, 117, 765
1411, 339, 736
1412, 356, 386
1413, 336, 869
1414, 783, 919
1415, 419, 909
1416, 607, 985
1417, 222, 687
1418, 304, 874
1419, 479, 759
1420, 639, 837
1421, 167, 764
1422, 154, 939
1423, 105, 182
1424, 361, 486
1425, 73, 136
1426, 293, 334
1427, 44, 923
1428, 573, 615
1429, 340, 806
1430, 532, 996
1431, 28, 522
1432, 303, 469
1433, 345, 416
1434, 437, 893
1435, 472, 531
1436, 547, 551
1437, 13, 718
1438, 208, 570
1439, 508, 518
1440, 130, 886
1441, 315, 348
1442, 31, 572
1443, 134, 866
1444, 645, 982
1445, 84, 251
1446, 254, 745
1447, 390, 873
1448, 792, 800
1449, 351, 367
1450, 288, 468
1451, 404, 632
1452, 124, 432
1453, 871, 922
1454, 485, 907
1455, 397, 750
1456, 47, 398
1457, 1, 755
1458, 350, 414
1459, 855, 868
1460, 156, 569
1461, 238, 949
1462, 259, 509
1463, 262, 466
1464, 606, 682
1465, 538, 656
1466, 521, 930
1467, 705, 889
1468, 144, 848
1469, 661, 824
1470, 24, 150
1471, 206, 614
1472, 415, 676
1473, 752, 758
1474, 25, 127
1475, 816, 830
1476, 484, 720
1477, 537, 946
1478, 558, 612
1479, 220, 318
1480, 528, 747
1481, 5, 281
1482, 628, 933
1483, 312, 825
1484, 464, 742
1485, 219, 475
1486, 478, 636
1487, 327, 903
1488, 14, 446
1489, 243, 450
1490, 100, 233
1491, 650, 799
1492, 218, 891
1493, 494, 997
1494, 195, 895
1495, 600, 980
1496, 937, 963
1497, 143, 481
1498, 108, 329
1499, 834, 897
1500, 510, 870
1501, 784, 995
1502, 849, 917
1503, 385, 962
1504, 139, 283
1505, 307, 688
1506, 4, 211
1507, 100, 850
1508, 897, 1000
1509, 523, 564
1510, 194, 452
1511, 533, 567
1512, 522, 570
1513, 57, 856
1514, 300, 480
1515, 86, 240
1516, 41, 217
1517, 276, 459
1518, 518, 981
1519, 819, 938
1520, 649, 866
1521, 746, 986
1522, 343, 730
1523, 347, 876
1524, 479, 675
1525, 161, 614
1526, 310, 436
1527, 138, 364
1528, 294, 331
1529, 193, 733
1530, 156, 216
1531, 327, 467
1532, 207, 597
1533, 186, 895
1534, 718, 858
1535, 329, 737
1536, 101, 534
1537, 655, 717
1538, 97, 455
1539, 102, 408
1540, 701, 782
1541, 226, 956
1542, 527, 559
1543, 285, 492
1544, 427, 868
1545, 381, 429
1546, 99, 944
1547, 847, 948
1548, 692, 860
1549, 708, 831
1550, 625, 786
1551, 54, 85
1552, 209, 771
1553, 104, 755
1554, 188, 501
1555, 246, 910
1556, 538, 758
1557, 451, 674
1558, 178, 601
1559, 145, 932
1560, 106, 677
1561, 725, 942
1562, 376, 832
1563, 315, 700
1564, 11, 780
1565, 392, 561
1566, 296, 542
1567, 388, 569
1568, 242, 317
1569, 36, 176
1570, 164, 271
1571, 250, 939
1572, 477, 666
1573, 187, 420
1574, 610, 794
1575, 468, 572
1576, 838, 931
1577, 424, 970
1578, 439, 714
1579, 368, 808
1580, 508, 792
1581, 17, 545
1582, 91, 998
1583, 627, 752
1584, 8, 593
1585, 215, 341
1586, 305, 382
1587, 344, 447
1588, 287, 398
1589, 234, 465
1590, 303, 988
1591, 125, 836
1592, 223, 379
1593, 473, 626
1594, 430, 916
1595, 110, 383
1596, 50, 199
1597, 190, 369
1598, 411, 966
1599, 461, 842
1600, 719, 817
1601, 644, 818
1602, 124, 685
1603, 204, 726
1604, 592, 879
1605, 261, 322
1606, 658, 764
1607, 384, 578
1608, 510, 706
1609, 342, 816
1610, 281, 435
1611, 144, 720
1612, 823, 904
1613, 736, 800
1614, 235, 256
1615, 201, 810
1616, 22, 192
1617, 401, 965
1618, 72, 313
1619, 280, 669
1620, 855, 863
1621, 7, 332
1622, 109, 485
1623, 503, 896
1624, 73, 723
1625, 870, 976
1626, 353, 841
1627, 47, 457
1628, 489, 595
1629, 98, 853
1630, 339, 414
1631, 358, 759
1632, 65, 135
1633, 531, 821
1634, 356, 621
1635, 168, 711
1636, 865, 946
1637, 71, 629
1638, 713, 898
1639, 26, 95
1640, 34, 426
1641, 676, 885
1642, 936, 961
1643, 185, 971
1644, 62, 930
1645, 776, 785
1646, 801, 903
1647, 40, 184
1648, 134, 403
1649, 380, 793
1650, 149, 750
1651, 848, 980
1652, 636, 777
1653, 472, 739
1654, 66, 778
1655, 404, 622
1656, 686, 761
1657, 367, 756
1658, 338, 805
1659, 82, 549
1660, 120, 815
1661, 323, 722
1662, 259, 517
1663, 92, 654
1664, 862, 891
1665, 349, 883
1666, 693, 837
1667, 112, 696
1668, 175, 732
1669, 806, 911
1670, 64, 440
1671, 133, 846
1672, 2, 129
1673, 23, 290
1674, 363, 651
1675, 79, 177
1676, 798, 827
1677, 482, 834
1678, 616, 996
1679, 410, 565
1680, 662, 935
1681, 202, 727
1682, 67, 590
1683, 704, 803
1684, 197, 286
1685, 448, 581
1686, 230, 878
1687, 292, 394
1688, 52, 923
1689, 179, 454
1690, 160, 584
1691, 152, 772
1692, 143, 150
1693, 136, 444
1694, 31, 813
1695, 238, 560
1696, 49, 267
1697, 262, 791
1698, 555, 945
1699, 378, 458
1700, 478, 712
1701, 497, 875
1702, 345, 745
1703, 507, 741
1704, 502, 681
1705, 63, 775
1706, 698, 892
1707, 218, 829
1708, 348, 852
1709, 6, 882
1710, 48, 255
1711, 659, 851
1712, 774, 807
1713, 88, 354
1714, 45, 121
1715, 35, 873
1716, 413, 491
1717, 650, 828
1718, 167, 316
1719, 943, 957
1720, 514, 656
1721, 24, 631
1722, 673, 900
1723, 1, 389
1724, 269, 605
1725, 257, 483
1726, 588, 740
1727, 571, 779
1728, 105, 603
1729, 978, 991
1730, 239, 769
1731, 115, 418
1732, 324, 563
1733, 44, 543
1734, 253, 799
1735, 576, 671
1736, 103, 463
1737, 668, 767
1738, 14, 33
1739, 183, 874
1740, 365, 934
1741, 163, 886
1742, 130, 306
1743, 258, 773
1744, 336, 351
1745, 319, 405
1746, 399, 790
1747, 594, 766
1748, 173, 707
1749, 13, 180
1750, 299, 604
1751, 203, 796
1752, 169, 535
1753, 189, 984
1754, 114, 308
1755, 244, 977
1756, 441, 924
1757, 314, 907
1758, 46, 265
1759, 171, 608
1760, 516, 835
1761, 589, 702
1762, 387, 742
1763, 126, 395
1764, 249, 990
1765, 546, 709
1766, 28, 645
1767, 32, 573
1768, 311, 765
1769, 637, 869
1770, 437, 484
1771, 481, 783
1772, 58, 423
1773, 137, 623
1774, 248, 600
1775, 220, 994
1776, 219, 275
1777, 628, 738
1778, 652, 914
1779, 155, 552
1780, 68, 321
1781, 231, 871
1782, 635, 824
1783, 486, 845
1784, 357, 768
1785, 225, 462
1786, 494, 633
1787, 232, 705
1788, 89, 132
1789, 18, 770
1790, 521, 989
1791, 377, 643
1792, 94, 678
1793, 75, 500
1794, 213, 330
1795, 56, 641
1796, 360, 861
1797, 421, 999
1798, 170, 926
1799, 30, 687
1800, 38, 113
1801, 118, 400
1802, 70, 506
1803, 172, 760
1804, 337, 893
1805, 684, 872
1806, 74, 346
1807, 495, 582
1808, 840, 906
1809, 39, 352
1810, 212, 417
1811, 449, 612
1812, 42, 504
1813, 580, 618
1814, 78, 763
1815, 233, 575
1816, 295, 509
1817, 157, 456
1818, 826, 997
1819, 222, 789
1820, 318, 537
1821, 274, 596
1822, 466, 606
1823, 889, 975
1824, 419, 715
1825, 568, 843
1826, 196, 547
1827, 350, 661
1828, 460, 551
1829, 147, 607
1830, 108, 617
1831, 921, 979
1832, 691, 710
1833, 111, 830
1834, 227, 536
1835, 198, 969
1836, 372, 464
1837, 107, 751
1838, 619, 973
1839, 334, 544
1840, 131, 390
1841, 83, 488
1842, 288, 683
1843, 289, 920
1844, 21, 890
1845, 237, 374
1846, 210, 657
1847, 620, 672
1848, 122, 888
1849, 236, 393
1850, 490, 653
1851, 373, 820
1852, 69, 591
1853, 140, 735
1854, 526, 937
1855, 583, 915
1856, 520, 665
1857, 252, 291
1858, 511, 519
1859, 438, 682
1860, 566, 679
1861, 182, 909
1862, 359, 599
1863, 60, 699
1864, 93, 245
1865, 795, 925
1866, 532, 908
1867, 822, 982
1868, 142, 884
1869, 205, 955
1870, 251, 475
1871, 881, 894
1872, 81, 867
1873, 396, 814
1874, 80, 493
1875, 744, 880
1876, 90, 609
1877, 734, 857
1878, 716, 985
1879, 877, 974
1880, 284, 525
1881, 55, 415
1882, 375, 539
1883, 391, 471
1884, 433, 811
1885, 116, 266
1886, 301, 646
1887, 12, 432
1888, 554, 922
1889, 361, 689
1890, 123, 757
1891, 667, 753
1892, 277, 664
1893, 362, 703
1894, 51, 127
1895, 499, 912
1896, 749, 927
1897, 557, 825
1898, 158, 228
1899, 96, 446
1900, 487, 918
1901, 453, 812
1902, 148, 550
1903, 273, 663
1904, 279, 660
1905, 154, 680
1906, 15, 53
1907, 146, 901
1908, 721, 929
1909, 25, 312
1910, 409, 577
1911, 128, 964
1912, 690, 992
1913, 386, 512
1914, 574, 697
1915, 77, 141
1916, 515, 694
1917, 406, 579
1918, 3, 174
1919, 412, 443
1920, 370, 787
1921, 241, 724
1922, 16, 953
1923, 191, 326
1924, 153, 905
1925, 407, 833
1926, 762, 788
1927, 254, 754
1928, 781, 952
1929, 59, 987
1930, 29, 264
1931, 293, 476
1932, 5, 558
1933, 165, 221
1934, 428, 562
1935, 632, 928
1936, 263, 899
1937, 282, 422
1938, 325, 729
1939, 328, 747
1940, 340, 397
1941, 159, 445
1942, 553, 639
1943, 243, 355
1944, 61, 602
1945, 402, 498
1946, 206, 797
1947, 541, 809
1948, 10, 229
1949, 450, 854
1950, 524, 954
1951, 162, 548
1952, 470, 839
1953, 431, 983
1954, 302, 993
1955, 224, 611
1956, 272, 434
1957, 84, 960
1958, 586, 640
1959, 43, 967
1960, 320, 496
1961, 166, 648
1962, 474, 864
1963, 181, 416
1964, 613, 972
1965, 624, 902
1966, 513, 919
1967, 804, 958
1968, 268, 913
1969, 247, 802
1970, 270, 642
1971, 469, 638
1972, 540, 598
1973, 27, 151
1974, 76, 425
1975, 634, 951
1976, 309, 587
1977, 366, 585
1978, 214, 963
1979, 304, 647
1980, 195, 442
1981, 844, 950
1982, 37, 200
1983, 743, 887
1984, 208, 530
1985, 615, 695
1986, 333, 933
1987, 298, 968
1988, 20, 529
1989, 119, 335
1990, 371, 940
1991, 260, 670
1992, 87, 947
1993, 505, 949
1994, 19, 941
1995, 297, 528
1996, 556, 859
1997, 278, 728
1998, 630, 731
1999, 117, 959
2000, 9, 748
2001, 237, 602
2002, 570, 631
2003, 206, 964
2004, 381, 908
2005, 64, 865
2006, 444, 916
2007, 101, 297
2008, 91, 899
2009, 814, 911
2010, 397, 587
2011, 152, 267
2012, 160, 863
2013, 105, 902
2014, 479, 967
2015, 959, 977
2016, 549, 965
2017, 157, 651
2018, 676, 681
2019, 63, 732
2020, 76, 541
2021, 268, 750
2022, 632, 688
2023, 528, 562
2024, 315, 746
2025, 114, 361
2026, 572, 960
2027, 202, 413
2028, 461, 759
2029, 95, 806
2030, 288, 932
2031, 901, 986
2032, 251, 773
2033, 483, 815
2034, 131, 917
2035, 112, 317
2036, 240, 996
2037, 126, 851
2038, 569, 790
2039, 377, 544
2040, 391, 438
2041, 30, 895
2042, 134, 971
2043, 279, 726
2044, 410, 952
2045, 445, 760
2046, 227, 496
2047, 302, 707
2048, 783, 947
2049, 223, 499
2050, 487, 656
2051, 200, 612
2052, 135, 810
2053, 127, 611
2054, 723, 940
2055, 221, 694
2056, 448, 468
2057, 485, 864
2058, 104, 318
2059, 941, 989
2060, 309, 680
2061, 47, 81
2062, 184, 339
2063, 376, 836
2064, 61, 491
2065, 49, 992
2066, 380, 918
2067, 48, 859
2068, 9, 271
2069, 164, 875
2070, 84, 648
2071, 802, 954
2072, 20, 943
2073, 293, 497
2074, 247, 285
2075, 148, 955
2076, 173, 530
2077, 196, 687
2078, 678, 839
2079, 325, 442
2080, 550, 832
2081, 33, 469
2082, 446, 658
2083, 266, 383
2084, 82, 819
2085, 778, 842
2086, 159, 743
2087, 436, 767
2088, 326, 345
2089, 198, 664
2090, 504, 659
2091, 72, 844
2092, 11, 609
2093, 404, 892
2094, 201, 373
2095, 151, 662
2096, 170, 403
2097, 273, 671
2098, 257, 384
2099, 362, 636
2100, 110, 526
2101, 235, 927
2102, 324, 958
2103, 344, 450
2104, 646, 876
2105, 581, 841
2106, 706, 843
2107, 212, 214
2108, 263, 634
2109, 191, 831
2110, 31, 830
2111, 58, 258
2112, 269, 304
2113, 357, 987
2114, 36, 481
2115, 137, 166
2116, 118, 532
2117, 108, 962
2118, 744, 900
2119, 12, 542
2120, 294, 564
2121, 338, 500
2122, 37, 233
2123, 633, 668
2124, 7, 405
2125, 41, 593
2126, 451, 623
2127, 674, 909
2128, 242, 758
2129, 764, 811
2130, 66, 510
2131, 328, 789
2132, 224, 577
2133, 310, 625
2134, 698, 983
2135, 209, 730
2136, 334, 777
2137, 26, 858
2138, 220, 809
2139, 583, 824
2140, 524, 644
2141, 119, 679
2142, 378, 418
2143, 270, 605
2144, 94, 301
2145, 795, 853
2146, 103, 999
2147, 365, 672
2148, 188, 915
2149, 331, 535
2150, 32, 537
2151, 158, 645
2152, 15, 180
2153, 673, 701
2154, 615, 719
2155, 477, 578
2156, 308, 720
2157, 121, 840
2158, 142, 566
2159, 274, 805
2160, 590, 827
2161, 359, 727
2162, 222, 239
2163, 459, 547
2164, 594, 741
2165, 8, 807
2166, 140, 519
2167, 929, 950
2168, 124, 517
2169, 756, 896
2170, 177, 751
2171, 87, 149
2172, 90, 816
2173, 25, 262
2174, 595, 991
2175, 755, 884
2176, 740, 784
2177, 245, 336
2178, 382, 785
2179, 1, 591
2180, 52, 364
2181, 305, 792
2182, 298, 425
2183, 419, 787
2184, 906, 993
2185, 822, 956
2186, 395, 431
2187, 53, 683
2188, 185, 629
2189, 389, 788
2190, 462, 898
2191, 516, 812
2192, 62, 333
2193, 716, 828
2194, 416, 779
2195, 849, 852
2196, 150, 228
2197, 145, 974
2198, 449, 495
2199, 642, 978
2200, 211, 280
2201, 175, 820
2202, 193, 358
2203, 503, 514
2204, 113, 762
2205, 769, 861
2206, 194, 354
2207, 441, 976
2208, 475, 939
2209, 96, 951
2210, 351, 407
2211, 143, 635
2212, 493, 551
2213, 482, 782
2214, 935, 944
2215, 129, 422
2216, 437, 772
2217, 181, 689
2218, 234, 914
2219, 139, 390
2220, 287, 507
2221, 639, 885
2222, 588, 670
2223, 246, 417
2224, 490, 854
2225, 352, 969
2226, 379, 710
2227, 913, 953
2228, 367, 561
2229, 439, 675
2230, 745, 957
2231, 250, 582
2232, 452, 718
2233, 360, 400
2234, 231, 682
2235, 368, 890
2236, 761, 936
2237, 586, 922
2238, 463, 724
2239, 555, 660
2240, 130, 534
2241, 321, 931
2242, 70, 265
2243, 649, 873
2244, 540, 735
2245, 122, 606
2246, 346, 603
2247, 255, 926
2248, 45, 643
2249, 411, 650
2250, 369, 713
2251, 563, 715
2252, 299, 781
2253, 501, 905
2254, 421, 423
2255, 217, 949
2256, 614, 878
2257, 597, 749
2258, 56, 553
2259, 71, 618
2260, 34, 327
2261, 136, 638
2262, 132, 826
2263, 65, 406
2264, 207, 791
2265, 748, 818
2266, 372, 754
2267, 624, 834
2268, 283, 424
2269, 610, 728
2270, 548, 880
2271, 241, 523
2272, 252, 770
2273, 128, 736
2274, 111, 156
2275, 204, 655
2276, 348, 697
2277, 59, 722
2278, 256, 478
2279, 513, 685
2280, 342, 429
2281, 575, 919
2282, 319, 393
2283, 162, 543
2284, 512, 571
2285, 203, 579
2286, 192, 626
2287, 102, 527
2288, 171, 829
2289, 272, 596
2290, 340, 985
2291, 10, 98
2292, 190, 757
2293, 414, 415
2294, 73, 823
2295, 117, 163
2296, 99, 617
2297, 93, 178
2298, 14, 356
2299, 261, 337
2300, 226, 693
2301, 506, 845
2302, 684, 988
2303, 278, 872
2304, 538, 653
2305, 296, 798
2306, 218, 846
2307, 42, 894
2308, 508, 637
2309, 387, 708
2310, 860, 869
2311, 186, 347
2312, 125, 412
2313, 455, 855
2314, 68, 335
2315, 434, 980
2316, 498, 886
2317, 3, 696
2318, 312, 529
2319, 238, 552
2320, 286, 667
2321, 560, 838
2322, 232, 284
2323, 75, 889
2324, 509, 712
2325, 123, 520
2326, 210, 776
2327, 229, 511
2328, 775, 937
2329, 580, 793
2330, 627, 945
2331, 608, 910
2332, 467, 521
2333, 857, 897
2334, 292, 515
2335, 742, 912
2336, 83, 825
2337, 89, 386
2338, 355, 466
2339, 154, 942
2340, 453, 598
2341, 78, 323
2342, 573, 934
2343, 307, 821
2344, 465, 990
2345, 169, 907
2346, 50, 920
2347, 399, 796
2348, 545, 669
2349, 392, 619
2350, 291, 531
2351, 230, 613
2352, 16, 39
2353, 652, 731
2354, 167, 711
2355, 887, 994
2356, 752, 803
2357, 505, 879
2358, 21, 968
2359, 584, 692
2360, 259, 891
2361, 303, 492
2362, 195, 975
2363, 371, 714
2364, 17, 314
2365, 69, 428
2366, 116, 585
2367, 80, 870
2368, 794, 882
2369, 40, 476
2370, 862, 979
2371, 661, 970
2372, 765, 804
2373, 144, 253
2374, 489, 883
2375, 316, 877
2376, 374, 440
2377, 2, 833
2378, 341, 604
2379, 432, 556
2380, 55, 574
2381, 97, 813
2382, 88, 695
2383, 115, 320
2384, 850, 904
2385, 29, 589
2386, 343, 928
2387, 277, 565
2388, 456, 567
2389, 375, 705
2390, 44, 106
2391, 165, 700
2392, 330, 525
2393, 350, 997
2394, 86, 329
2395, 322, 494
2396, 558, 938
2397, 120, 427
2398, 43, 867
2399, 219, 734
2400, 480, 628
2401, 254, 518
2402, 35, 665
2403, 205, 546
2404, 409, 458
2405, 161, 620
2406, 107, 473
2407, 460, 924
2408, 306, 686
2409, 554, 888
2410, 22, 973
2411, 313, 984
2412, 709, 739
2413, 13, 176
2414, 780, 903
2415, 370, 557
2416, 366, 930
2417, 640, 771
2418, 657, 747
2419, 484, 871
2420, 420, 774
2421, 388, 647
2422, 443, 559
2423, 168, 817
2424, 300, 457
2425, 199, 703
2426, 808, 982
2427, 522, 925
2428, 243, 408
2429, 249, 786
2430, 471, 666
2431, 244, 677
2432, 85, 856
2433, 601, 881
2434, 213, 998
2435, 100, 172
2436, 208, 215
2437, 182, 464
2438, 67, 737
2439, 189, 592
2440, 197, 966
2441, 133, 725
2442, 51, 146
2443, 691, 961
2444, 141, 576
2445, 38, 768
2446, 18, 289
2447, 654, 847
2448, 704, 866
2449, 753, 995
2450, 74, 353
2451, 19, 502
2452, 147, 981
2453, 282, 835
2454, 153, 295
2455, 332, 1000
2456, 630, 948
2457, 92, 893
2458, 138, 281
2459, 28, 474
2460, 183, 533
2461, 60, 641
2462, 738, 946
2463, 248, 260
2464, 57, 179
2465, 46, 311
2466, 275, 622
2467, 6, 699
2468, 77, 616
2469, 290, 799
2470, 454, 848
2471, 663, 800
2472, 402, 599
2473, 225, 488
2474, 363, 972
2475, 801, 868
2476, 187, 933
2477, 4, 236
2478, 27, 79
2479, 733, 923
2480, 766, 963
2481, 23, 729
2482, 797, 874
2483, 109, 568
2484, 5, 536
2485, 486, 539
2486, 155, 837
2487, 54, 430
2488, 24, 174
2489, 447, 717
2490, 385, 763
2491, 433, 690
2492, 702, 721
2493, 264, 398
2494, 349, 394
2495, 426, 472
2496, 396, 607
2497, 216, 435
2498, 276, 401
2499, 621, 921
2500, 470, 600
2501, 278, 643
2502, 793, 969
2503, 416, 776
2504, 239, 508
2505, 304, 605
2506, 336, 388
2507, 48, 247
2508, 329, 928
2509, 496, 673
2510, 66, 745
2511, 611, 996
2512, 199, 434
2513, 512, 861
2514, 462, 974
2515, 189, 509
2516, 506, 826
2517, 187, 449
2518, 191, 765
2519, 429, 704
2520, 269, 825
2521, 260, 995
2522, 49, 830
2523, 74, 856
2524, 201, 557
2525, 143, 913
2526, 54, 877
2527, 458, 578
2528, 64, 450
2529, 62, 627
2530, 951, 957
2531, 693, 719
2532, 373, 648
2533, 279, 762
2534, 603, 984
2535, 922, 977
2536, 186, 731
2537, 46, 331
2538, 525, 571
2539, 34, 831
2540, 841, 978
2541, 63, 832
2542, 444, 987
2543, 354, 699
2544, 188, 387
2545, 332, 585
2546, 230, 918
2547, 90, 900
2548, 87, 448
2549, 635, 787
2550, 893, 899
2551, 275, 500
2552, 181, 263
2553, 210, 215
2554, 190, 375
2555, 297, 596
2556, 796, 847
2557, 24, 328
2558, 222, 859
2559, 130, 445
2560, 491, 724
2561, 806, 993
2562, 683, 947
2563, 531, 879
2564, 499, 926
2565, 668, 958
2566, 96, 104
2567, 1, 213
2568, 488, 722
2569, 149, 735
2570, 564, 835
2571, 146, 412
2572, 358, 461
2573, 59, 312
2574, 161, 169
2575, 113, 665
2576, 420, 908
2577, 234, 990
2578, 314, 368
2579, 9, 973
2580, 286, 442
2581, 300, 960
2582, 435, 783
2583, 114, 746
2584, 194, 202
2585, 472, 912
2586, 182, 390
2587, 266, 408
2588, 267, 920
2589, 465, 691
2590, 885, 945
2591, 257, 469
2592, 759, 896
2593, 424, 910
2594, 383, 544
2595, 340, 815
2596, 639, 769
2597, 235, 365
2598, 164, 384
2599, 634, 970
2600, 855, 905
2601, 72, 556
2602, 288, 353
2603, 162, 549
2604, 53, 845
2605, 471, 551
2606, 399, 851
2607, 414, 428
2608, 868, 890
2609, 527, 898
2610, 395, 490
2611, 183, 206
2612, 84, 695
2613, 348, 803
2614, 357, 983
2615, 689, 888
2616, 81, 980
2617, 710, 846
2618, 862, 955
2619, 495, 904
2620, 702, 834
2621, 298, 889
2622, 661, 854
2623, 258, 708
2624, 779, 797
2625, 6, 283
2626, 370, 727
2627, 212, 891
2628, 310, 865
2629, 511, 670
2630, 293, 560
2631, 616, 653
2632, 446, 915
2633, 196, 536
2634, 144, 255
2635, 55, 171
2636, 568, 921
2637, 363, 782
2638, 563, 734
2639, 644, 852
2640, 23, 459
2641, 56, 963
2642, 376, 625
2643, 126, 572
2644, 717, 838
2645, 105, 943
2646, 154, 272
2647, 666, 907
2648, 349, 750
2649, 127, 287
2650, 123, 302
2651, 176, 463
2652, 111, 636
2653, 786, 968
2654, 232, 810
2655, 532, 751
2656, 364, 371
2657, 290, 409
2658, 95, 392
2659, 83, 119
2660, 38, 575
2661, 264, 774
2662, 606, 744
2663, 382, 777
2664, 646, 850
2665, 47, 343
2666, 163, 934
2667, 791, 962
2668, 345, 518
2669, 537, 880
2670, 337, 529
2671, 484, 942
2672, 437, 839
2673, 381, 423
2674, 362, 946
2675, 677, 696
2676, 221, 510
2677, 2, 593
2678, 125, 737
2679, 580, 948
2680, 676, 878
2681, 347, 550
2682, 134, 570
2683, 609, 638
2684, 372, 516
2685, 502, 671
2686, 165, 584
2687, 473, 553
2688, 33, 574
2689, 153, 294
2690, 308, 678
2691, 273, 812
2692, 621, 758
2693, 108, 684
2694, 142, 763
2695, 396, 954
2696, 89, 517
2697, 436, 725
2698, 268, 613
2699, 552, 705
2700, 100, 128
2701, 654, 795
2702, 156, 718
2703, 22, 236
2704, 284, 317
2705, 953, 972
2706, 406, 454
2707, 659, 714
2708, 133, 386
2709, 118, 647
2710, 413, 788
2711, 546, 713
2712, 327, 971
2713, 151, 881
2714, 394, 530
2715, 197, 672
2716, 229, 967
2717, 31, 192
2718, 333, 338
2719, 28, 688
2720, 521, 869
2721, 44, 379
2722, 214, 626
2723, 238, 720
2724, 538, 715
2725, 88, 883
2726, 7, 577
2727, 470, 752
2728, 916, 1000
2729, 289, 629
2730, 226, 528
2731, 252, 456
2732, 78, 933
2733, 656, 736
2734, 16, 726
2735, 309, 982
2736, 664, 979
2737, 400, 938
2738, 457, 682
2739, 355, 690
2740, 658, 808
2741, 588, 914
2742, 166, 346
2743, 452, 589
2744, 485, 681
2745, 504, 897
2746, 52, 547
2747, 20, 303
2748, 5, 842
2749, 124, 802
2750, 700, 730
2751, 417, 867
2752, 15, 482
2753, 205, 389
2754, 36, 274
2755, 483, 679
2756, 248, 836
2757, 405, 866
2758, 3, 541
2759, 330, 935
2760, 624, 998
2761, 101, 816
2762, 296, 612
2763, 323, 930
2764, 253, 927
2765, 75, 307
2766, 71, 493
2767, 543, 597
2768, 503, 843
2769, 148, 453
2770, 694, 932
2771, 321, 356
2772, 422, 785
2773, 524, 581
2774, 533, 794
2775, 882, 917
2776, 17, 587
2777, 61, 184
2778, 168, 640
2779, 426, 479
2780, 11, 79
2781, 282, 732
2782, 573, 637
2783, 569, 809
2784, 820, 919
2785, 660, 876
2786, 70, 901
2787, 122, 651
2788, 747, 749
2789, 369, 716
2790, 138, 824
2791, 548, 586
2792, 833, 976
2793, 352, 604
2794, 157, 295
2795, 109, 775
2796, 21, 864
2797, 534, 721
2798, 403, 849
2799, 598, 895
2800, 132, 924
2801, 25, 433
2802, 281, 467
2803, 523, 760
2804, 167, 342
2805, 367, 545
2806, 468, 738
2807, 139, 655
2808, 344, 540
2809, 686, 986
2810, 10, 742
2811, 231, 265
2812, 177, 271
2813, 172, 632
2814, 121, 305
2815, 285, 778
2816, 844, 853
2817, 173, 997
2818, 514, 840
2819, 592, 975
2820, 476, 944
2821, 106, 440
2822, 211, 697
2823, 292, 807
2824, 185, 902
2825, 40, 223
2826, 425, 576
2827, 662, 729
2828, 602, 614
2829, 43, 827
2830, 398, 703
2831, 601, 743
2832, 147, 871
2833, 415, 748
2834, 811, 873
2835, 200, 377
2836, 60, 301
2837, 489, 622
2838, 237, 698
2839, 27, 244
2840, 319, 477
2841, 4, 497
2842, 198, 819
2843, 91, 339
2844, 225, 911
2845, 240, 591
2846, 141, 466
2847, 393, 607
2848, 35, 160
2849, 792, 936
2850, 246, 964
2851, 57, 218
2852, 674, 756
2853, 58, 334
2854, 764, 989
2855, 73, 817
2856, 359, 892
2857, 619, 992
2858, 249, 401
2859, 102, 480
2860, 117, 692
2861, 250, 925
2862, 152, 709
2863, 443, 754
2864, 107, 430
2865, 706, 784
2866, 94, 505
2867, 599, 680
2868, 663, 923
2869, 594, 631
2870, 554, 559
2871, 620, 768
2872, 76, 391
2873, 251, 431
2874, 86, 848
2875, 158, 241
2876, 582, 630
2877, 37, 245
2878, 120, 378
2879, 767, 991
2880, 402, 515
2881, 270, 474
2882, 410, 419
2883, 481, 642
2884, 315, 723
2885, 276, 617
2886, 641, 685
2887, 92, 805
2888, 513, 561
2889, 256, 771
2890, 498, 707
2891, 254, 320
2892, 85, 204
2893, 798, 906
2894, 208, 579
2895, 51, 460
2896, 397, 486
2897, 325, 650
2898, 13, 67
2899, 42, 790
2900, 8, 155
2901, 299, 608
2902, 32, 781
2903, 427, 522
2904, 203, 313
2905, 380, 818
2906, 595, 863
2907, 418, 813
2908, 455, 687
2909, 801, 950
2910, 14, 217
2911, 501, 623
2912, 26, 99
2913, 949, 988
2914, 526, 733
2915, 350, 822
2916, 542, 789
2917, 277, 823
2918, 80, 216
2919, 77, 555
2920, 487, 562
2921, 478, 741
2922, 567, 755
2923, 195, 956
2924, 615, 837
2925, 233, 451
2926, 761, 814
2927, 178, 311
2928, 93, 711
2929, 411, 669
2930, 931, 985
2931, 18, 50
2932, 316, 361
2933, 220, 887
2934, 207, 929
2935, 404, 492
2936, 19, 306
2937, 360, 886
2938, 421, 875
2939, 280, 701
2940, 45, 68
2941, 103, 318
2942, 175, 712
2943, 829, 870
2944, 224, 441
2945, 324, 600
2946, 69, 610
2947, 566, 909
2948, 432, 464
2949, 438, 507
2950, 116, 618
2951, 753, 981
2952, 180, 894
2953, 628, 652
2954, 494, 903
2955, 65, 860
2956, 82, 872
2957, 366, 874
2958, 675, 821
2959, 475, 961
2960, 135, 583
2961, 137, 439
2962, 447, 633
2963, 129, 959
2964, 645, 739
2965, 145, 728
2966, 291, 657
2967, 170, 262
2968, 228, 558
2969, 159, 804
2970, 136, 965
2971, 351, 520
2972, 179, 539
2973, 385, 780
2974, 407, 772
2975, 828, 884
2976, 110, 565
2977, 243, 799
2978, 41, 112
2979, 535, 740
2980, 30, 227
2981, 341, 649
2982, 150, 857
2983, 39, 941
2984, 858, 999
2985, 29, 966
2986, 766, 952
2987, 131, 174
2988, 115, 519
2989, 259, 940
2990, 326, 939
2991, 219, 242
2992, 97, 261
2993, 12, 937
2994, 374, 770
2995, 193, 335
2996, 209, 994
2997, 322, 773
2998, 757, 800
2999, 98, 140
3000, 590, 667
3001, 52, 124
3002, 628, 994
3003, 368, 437
3004, 33, 870
3005, 548, 641
3006, 79, 568
3007, 340, 702
3008, 380, 771
3009, 452, 510
3010, 456, 687
3011, 189, 586
3012, 392, 616
3013, 244, 905
3014, 54, 527
3015, 606, 636
3016, 596, 796
3017, 471, 513
3018, 31, 318
3019, 694, 926
3020, 536, 720
3021, 571, 600
3022, 35, 858
3023, 268, 535
3024, 18, 142
3025, 835, 841
3026, 445, 805
3027, 684, 727
3028, 297, 946
3029, 226, 943
3030, 235, 507
3031, 500, 588
3032, 376, 762
3033, 200, 633
3034, 59, 912
3035, 231, 735
3036, 339, 416
3037, 130, 653
3038, 23, 379
3039, 152, 880
3040, 125, 447
3041, 111, 126
3042, 161, 953
3043, 71, 883
3044, 654, 876
3045, 399, 429
3046, 559, 829
3047, 168, 518
3048, 615, 815
3049, 346, 623
3050, 691, 844
3051, 706, 970
3052, 14, 436
3053, 230, 612
3054, 617, 807
3055, 63, 823
3056, 194, 945
3057, 87, 842
3058, 95, 313
3059, 541, 940
3060, 149, 936
3061, 309, 685
3062, 57, 160
3063, 792, 964
3064, 496, 931
3065, 26, 283
3066, 546, 661
3067, 193, 965
3068, 90, 552
3069, 424, 983
3070, 253, 821
3071, 427, 908
3072, 493, 814
3073, 217, 631
3074, 529, 872
3075, 327, 509
3076, 709, 754
3077, 414, 475
3078, 391, 752
3079, 133, 645
3080, 319, 581
3081, 178, 614
3082, 6, 618
3083, 301, 565
3084, 431, 776
3085, 576, 715
3086, 120, 663
3087, 145, 387
3088, 81, 672
3089, 504, 705
3090, 25, 651
3091, 98, 957
3092, 550, 930
3093, 483, 566
3094, 572, 919
3095, 183, 591
3096, 245, 728
3097, 644, 659
3098, 323, 839
3099, 121, 511
3100, 107, 682
3101, 538, 665
3102, 10, 598
3103, 587, 658
3104, 41, 371
3105, 132, 824
3106, 597, 773
3107, 17, 350
3108, 328, 503
3109, 62, 170
3110, 117, 302
3111, 48, 608
3112, 404, 469
3113, 609, 711
3114, 329, 801
3115, 286, 419
3116, 794, 916
3117, 40, 603
3118, 173, 567
3119, 569, 798
3120, 809, 893
3121, 93, 977
3122, 770, 897
3123, 179, 594
3124, 262, 885
3125, 440, 917
3126, 46, 356
3127, 156, 723
3128, 514, 558
3129, 32, 935
3130, 463, 900
3131, 21, 369
3132, 1, 166
3133, 499, 810
3134, 642, 726
3135, 298, 986
3136, 671, 785
3137, 599, 997
3138, 278, 825
3139, 64, 595
3140, 517, 695
3141, 363, 975
3142, 690, 708
3143, 516, 799
3144, 846, 853
3145, 578, 948
3146, 175, 710
3147, 29, 512
3148, 622, 667
3149, 28, 795
3150, 760, 871
3151, 522, 686
3152, 360, 988
3153, 77, 443
3154, 103, 717
3155, 187, 721
3156, 730, 834
3157, 127, 332
3158, 83, 703
3159, 692, 866
3160, 284, 326
3161, 174, 590
3162, 113, 892
3163, 261, 384
3164, 655, 901
3165, 408, 681
3166, 70, 755
3167, 683, 961
3168, 448, 925
3169, 157, 184
3170, 47, 521
3171, 551, 605
3172, 260, 753
3173, 76, 704
3174, 434, 610
3175, 759, 951
3176, 351, 890
3177, 195, 242
3178, 585, 698
3179, 435, 973
3180, 5, 215
3181, 325, 941
3182, 108, 583
3183, 324, 439
3184, 422, 601
3185, 911, 924
3186, 9, 877
3187, 225, 256
3188, 85, 564
3189, 12, 420
3190, 490, 579
3191, 296, 716
3192, 202, 497
3193, 355, 989
3194, 492, 763
3195, 72, 213
3196, 767, 882
3197, 656, 713
3198, 707, 813
3199, 84, 466
3200, 164, 214
3201, 119, 780
3202, 212, 837
3203, 86, 349
3204, 577, 843
3205, 69, 405
3206, 574, 903
3207, 468, 714
3208, 643, 850
3209, 449, 849
3210, 282, 899
3211, 358, 887
3212, 864, 1000
3213, 696, 836
3214, 99, 438
3215, 553, 944
3216, 273, 800
3217, 453, 742
3218, 307, 733
3219, 729, 874
3220, 342, 454
3221, 210, 265
3222, 292, 851
3223, 182, 954
3224, 227, 906
3225, 532, 701
3226, 604, 712
3227, 403, 744
3228, 56, 782
3229, 288, 929
3230, 251, 359
3231, 257, 395
3232, 677, 748
3233, 675, 902
3234, 55, 192
3235, 649, 740
3236, 613, 746
3237, 143, 388
3238, 134, 196
3239, 345, 934
3240, 731, 904
3241, 19, 508
3242, 49, 480
3243, 330, 765
3244, 100, 400
3245, 128, 366
3246, 344, 881
3247, 239, 757
3248, 165, 442
3249, 348, 859
3250, 996, 998
3251, 123, 335
3252, 285, 476
3253, 116, 531
3254, 352, 365
3255, 270, 992
3256, 540, 543
3257, 105, 942
3258, 303, 481
3259, 479, 666
3260, 959, 995
3261, 131, 768
3262, 769, 963
3263, 725, 886
3264, 220, 974
3265, 856, 868
3266, 269, 873
3267, 486, 751
3268, 274, 467
3269, 139, 357
3270, 259, 316
3271, 118, 534
3272, 27, 909
3273, 204, 955
3274, 101, 155
3275, 660, 852
3276, 264, 879
3277, 218, 415
3278, 451, 991
3279, 136, 389
3280, 65, 78
3281, 361, 722
3282, 246, 580
3283, 549, 638
3284, 237, 947
3285, 38, 375
3286, 60, 861
3287, 547, 806
3288, 112, 639
3289, 53, 176
3290, 280, 648
3291, 699, 985
3292, 478, 812
3293, 148, 625
3294, 473, 629
3295, 341, 494
3296, 525, 845
3297, 45, 180
3298, 446, 884
3299, 66, 306
3300, 267, 739
3301, 109, 652
3302, 409, 491
3303, 150, 314
3304, 254, 406
3305, 82, 689
3306, 364, 962
3307, 61, 114
3308, 898, 933
3309, 172, 949
3310, 206, 211
3311, 300, 343
3312, 484, 927
3313, 411, 673
3314, 186, 190
3315, 787, 979
3316, 444, 952
3317, 234, 249
3318, 219, 688
3319, 290, 968
3320, 11, 738
3321, 462, 775
3322, 75, 502
3323, 501, 697
3324, 115, 958
3325, 67, 372
3326, 236, 960
3327, 774, 857
3328, 627, 921
3329, 315, 783
3330, 295, 418
3331, 374, 670
3332, 378, 827
3333, 94, 390
3334, 678, 811
3335, 275, 923
3336, 563, 907
3337, 310, 967
3338, 862, 982
3339, 30, 255
3340, 423, 737
3341, 181, 847
3342, 539, 575
3343, 291, 573
3344, 555, 741
3345, 458, 820
3346, 203, 241
3347, 20, 151
3348, 724, 789
3349, 102, 397
3350, 505, 634
3351, 36, 817
3352, 791, 833
3353, 607, 626
3354, 238, 756
3355, 489, 781
3356, 426, 554
3357, 528, 786
3358, 169, 197
3359, 441, 464
3360, 243, 621
3361, 362, 956
3362, 790, 918
3363, 137, 749
3364, 16, 515
3365, 209, 263
3366, 287, 878
3367, 289, 764
3368, 832, 928
3369, 147, 803
3370, 2, 620
3371, 338, 373
3372, 305, 920
3373, 544, 978
3374, 15, 474
3375, 459, 530
3376, 396, 421
3377, 97, 520
3378, 138, 333
3379, 417, 611
3380, 240, 584
3381, 736, 854
3382, 743, 766
3383, 39, 320
3384, 407, 969
3385, 556, 937
3386, 276, 353
3387, 233, 932
3388, 888, 914
3389, 89, 92
3390, 104, 971
3391, 224, 589
3392, 465, 976
3393, 526, 860
3394, 205, 498
3395, 154, 250
3396, 7, 537
3397, 185, 433
3398, 73, 293
3399, 312, 922
3400, 80, 910
3401, 167, 523
3402, 198, 428
3403, 482, 632
3404, 91, 582
3405, 221, 271
3406, 560, 867
3407, 533, 950
3408, 4, 331
3409, 129, 455
3410, 425, 863
3411, 637, 647
3412, 58, 266
3413, 44, 171
3414, 163, 460
3415, 382, 734
3416, 393, 413
3417, 88, 557
3418, 635, 990
3419, 153, 668
3420, 317, 700
3421, 208, 895
3422, 258, 450
3423, 96, 777
3424, 779, 894
3425, 367, 750
3426, 232, 619
3427, 223, 718
3428, 110, 680
3429, 222, 693
3430, 542, 669
3431, 662, 896
3432, 279, 831
3433, 370, 650
3434, 321, 758
3435, 336, 793
3436, 561, 804
3437, 402, 624
3438, 247, 826
3439, 248, 784
3440, 830, 913
3441, 385, 993
3442, 381, 719
3443, 869, 972
3444, 135, 337
3445, 524, 818
3446, 277, 488
3447, 676, 679
3448, 22, 646
3449, 34, 394
3450, 477, 808
3451, 472, 778
3452, 68, 207
3453, 122, 788
3454, 24, 664
3455, 43, 802
3456, 386, 485
3457, 412, 432
3458, 640, 855
3459, 146, 592
3460, 347, 838
3461, 37, 966
3462, 602, 819
3463, 562, 747
3464, 159, 761
3465, 354, 461
3466, 216, 732
3467, 398, 401
3468, 50, 981
3469, 311, 828
3470, 199, 430
3471, 410, 915
3472, 308, 987
3473, 252, 294
3474, 545, 745
3475, 42, 865
3476, 630, 875
3477, 177, 272
3478, 3, 158
3479, 840, 984
3480, 229, 506
3481, 51, 816
3482, 8, 891
3483, 797, 848
3484, 657, 674
3485, 281, 889
3486, 377, 570
3487, 13, 495
3488, 162, 980
3489, 191, 487
3490, 322, 772
3491, 188, 299
3492, 106, 822
3493, 304, 999
3494, 457, 593
3495, 144, 939
3496, 141, 938
3497, 140, 228
3498, 201, 383
3499, 470, 519
3500, 74, 334
3501, 640, 714
3502, 684, 941
3503, 781, 803
3504, 279, 393
3505, 176, 694
3506, 787, 816
3507, 503, 996
3508, 214, 777
3509, 248, 917
3510, 552, 947
3511, 188, 962
3512, 32, 414
3513, 901, 938
3514, 754, 755
3515, 125, 170
3516, 661, 696
3517, 358, 791
3518, 371, 452
3519, 23, 446
3520, 52, 102
3521, 783, 820
3522, 770, 918
3523, 31, 520
3524, 621, 751
3525, 573, 590
3526, 294, 439
3527, 420, 835
3528, 69, 411
3529, 172, 352
3530, 570, 587
3531, 254, 724
3532, 95, 451
3533, 489, 666
3534, 103, 533
3535, 500, 944
3536, 224, 911
3537, 182, 647
3538, 366, 760
3539, 620, 862
3540, 22, 443
3541, 253, 686
3542, 832, 845
3543, 344, 586
3544, 390, 792
3545, 108, 195
3546, 236, 595
3547, 317, 923
3548, 976, 988
3549, 846, 912
3550, 268, 555
3551, 936, 968
3552, 216, 731
3553, 440, 913
3554, 175, 546
3555, 522, 544
3556, 162, 225
3557, 338, 921
3558, 377, 633
3559, 205, 839
3560, 423, 505
3561, 318, 431
3562, 70, 163
3563, 180, 204
3564, 765, 893
3565, 154, 299
3566, 545, 891
3567, 83, 207
3568, 360, 471
3569, 129, 309
3570, 613, 691
3571, 59, 111
3572, 703, 884
3573, 359, 606
3574, 321, 906
3575, 131, 626
3576, 428, 840
3577, 559, 940
3578, 394, 932
3579, 65, 142
3580, 303, 547
3581, 118, 348
3582, 535, 756
3583, 479, 851
3584, 283, 582
3585, 150, 624
3586, 575, 736
3587, 615, 718
3588, 50, 701
3589, 364, 692
3590, 663, 858
3591, 677, 981
3592, 144, 342
3593, 836, 995
3594, 42, 320
3595, 99, 572
3596, 470, 483
3597, 802, 905
3598, 495, 589
3599, 46, 881
3600, 381, 868
3601, 315, 593
3602, 37, 737
3603, 249, 964
3604, 266, 813
3605, 77, 672
3606, 15, 506
3607, 689, 775
3608, 461, 994
3609, 469, 965
3610, 40, 202
3611, 617, 854
3612, 354, 612
3613, 632, 880
3614, 534, 909
3615, 510, 641
3616, 362, 515
3617, 191, 275
3618, 401, 983
3619, 484, 818
3620, 434, 975
3621, 685, 904
3622, 427, 482
3623, 441, 711
3624, 79, 304
3625, 149, 435
3626, 58, 422
3627, 19, 710
3628, 232, 340
3629, 48, 160
3630, 578, 616
3631, 273, 413
3632, 313, 486
3633, 335, 896
3634, 75, 780
3635, 231, 860
3636, 190, 668
3637, 667, 886
3638, 387, 526
3639, 13, 809
3640, 695, 946
3641, 865, 998
3642, 76, 649
3643, 215, 301
3644, 252, 898
3645, 197, 356
3646, 399, 925
3647, 164, 654
3648, 715, 927
3649, 174, 447
3650, 51, 999
3651, 104, 513
3652, 263, 312
3653, 355, 784
3654, 385, 939
3655, 493, 524
3656, 403, 708
3657, 856, 974
3658, 211, 746
3659, 785, 877
3660, 828, 892
3661, 455, 942
3662, 258, 516
3663, 821, 867
3664, 16, 327
3665, 218, 497
3666, 179, 561
3667, 63, 201
3668, 11, 793
3669, 487, 538
3670, 397, 628
3671, 277, 594
3672, 137, 698
3673, 659, 817
3674, 239, 542
3675, 227, 842
3676, 702, 861
3677, 212, 797
3678, 244, 637
3679, 60, 598
3680, 421, 619
3681, 139, 829
3682, 151, 220
3683, 319, 795
3684, 474, 518
3685, 260, 442
3686, 721, 869
3687, 187, 697
3688, 115, 741
3689, 591, 852
3690, 444, 874
3691, 314, 958
3692, 155, 436
3693, 601, 768
3694, 291, 457
3695, 326, 989
3696, 4, 153
3697, 256, 261
3698, 33, 623
3699, 284, 530
3700, 295, 463
3701, 363, 508
3702, 437, 831
3703, 87, 316
3704, 264, 720
3705, 41, 782
3706, 243, 855
3707, 379, 935
3708, 18, 472
3709, 928, 986
3710, 473, 872
3711, 496, 592
3712, 71, 117
3713, 426, 639
3714, 49, 712
3715, 148, 235
3716, 306, 766
3717, 788, 833
3718, 819, 966
3719, 66, 713
3720, 289, 916
3721, 857, 931
3722, 374, 569
3723, 380, 558
3724, 752, 967
3725, 579, 728
3726, 17, 924
3727, 560, 827
3728, 347, 478
3729, 532, 610
3730, 456, 956
3731, 156, 581
3732, 210, 430
3733, 230, 368
3734, 24, 184
3735, 477, 609
3736, 297, 914
3737, 169, 410
3738, 47, 635
3739, 796, 875
3740, 106, 325
3741, 61, 945
3742, 408, 707
3743, 429, 550
3744, 53, 738
3745, 85, 237
3746, 166, 749
3747, 105, 147
3748, 217, 798
3749, 824, 954
3750, 89, 549
3751, 28, 973
3752, 943, 960
3753, 657, 676
3754, 367, 776
3755, 830, 915
3756, 902, 919
3757, 432, 841
3758, 44, 383
3759, 636, 810
3760, 86, 527
3761, 643, 895
3762, 305, 808
3763, 93, 450
3764, 193, 485
3765, 494, 745
3766, 395, 997
3767, 274, 556
3768, 45, 883
3769, 678, 879
3770, 242, 876
3771, 391, 464
3772, 116, 742
3773, 2, 982
3774, 112, 642
3775, 324, 734
3776, 465, 662
3777, 553, 952
3778, 246, 970
3779, 84, 233
3780, 725, 888
3781, 272, 449
3782, 25, 488
3783, 285, 681
3784, 194, 577
3785, 548, 717
3786, 3, 554
3787, 64, 670
3788, 238, 671
3789, 136, 183
3790, 55, 949
3791, 10, 638
3792, 466, 596
3793, 43, 778
3794, 152, 769
3795, 101, 336
3796, 14, 597
3797, 693, 801
3798, 121, 743
3799, 468, 739
3800, 844, 848
3801, 705, 990
3802, 384, 564
3803, 462, 950
3804, 192, 750
3805, 161, 748
3806, 899, 963
3807, 247, 993
3808, 26, 674
3809, 467, 568
3810, 812, 826
3811, 418, 926
3812, 94, 789
3813, 62, 228
3814, 265, 744
3815, 34, 823
3816, 78, 709
3817, 5, 490
3818, 132, 396
3819, 74, 311
3820, 688, 859
3821, 665, 920
3822, 386, 1000
3823, 54, 690
3824, 425, 531
3825, 729, 959
3826, 158, 262
3827, 91, 376
3828, 607, 664
3829, 6, 580
3830, 80, 308
3831, 67, 241
3832, 723, 825
3833, 200, 372
3834, 563, 955
3835, 458, 870
3836, 767, 790
3837, 341, 507
3838, 128, 415
3839, 562, 882
3840, 448, 537
3841, 1, 652
3842, 159, 292
3843, 196, 673
3844, 8, 138
3845, 349, 864
3846, 157, 203
3847, 186, 629
3848, 353, 398
3849, 806, 987
3850, 481, 929
3851, 706, 985
3852, 96, 409
3853, 280, 433
3854, 392, 424
3855, 655, 834
3856, 412, 726
3857, 141, 400
3858, 124, 890
3859, 345, 511
3860, 114, 763
3861, 12, 512
3862, 498, 525
3863, 588, 811
3864, 270, 389
3865, 206, 814
3866, 669, 732
3867, 566, 602
3868, 68, 571
3869, 653, 863
3870, 119, 600
3871, 406, 480
3872, 298, 302
3873, 388, 761
3874, 168, 805
3875, 475, 871
3876, 276, 627
3877, 972, 991
3878, 762, 992
3879, 189, 290
3880, 350, 492
3881, 540, 719
3882, 123, 373
3883, 323, 605
3884, 351, 930
3885, 229, 541
3886, 27, 771
3887, 90, 885
3888, 322, 332
3889, 226, 310
3890, 240, 850
3891, 181, 631
3892, 334, 528
3893, 269, 514
3894, 281, 543
3895, 369, 618
3896, 36, 853
3897, 459, 585
3898, 38, 948
3899, 82, 251
3900, 375, 971
3901, 130, 357
3902, 286, 757
3903, 574, 772
3904, 39, 56
3905, 584, 804
3906, 140, 680
3907, 539, 687
3908, 267, 866
3909, 72, 822
3910, 651, 722
3911, 378, 419
3912, 109, 634
3913, 293, 730
3914, 646, 735
3915, 645, 675
3916, 221, 740
3917, 509, 837
3918, 81, 774
3919, 199, 223
3920, 134, 838
3921, 259, 786
3922, 127, 402
3923, 614, 961
3924, 7, 847
3925, 287, 521
3926, 608, 759
3927, 257, 370
3928, 30, 843
3929, 107, 753
3930, 234, 567
3931, 88, 523
3932, 328, 417
3933, 603, 727
3934, 255, 529
3935, 453, 953
3936, 92, 407
3937, 122, 889
3938, 171, 656
3939, 346, 980
3940, 445, 704
3941, 330, 878
3942, 504, 658
3943, 57, 565
3944, 747, 951
3945, 460, 934
3946, 146, 679
3947, 331, 622
3948, 296, 773
3949, 250, 300
3950, 145, 873
3951, 219, 957
3952, 382, 815
3953, 404, 604
3954, 113, 779
3955, 209, 630
3956, 361, 849
3957, 178, 984
3958, 185, 644
3959, 222, 339
3960, 551, 887
3961, 20, 502
3962, 135, 177
3963, 271, 682
3964, 245, 897
3965, 9, 807
3966, 329, 501
3967, 100, 438
3968, 454, 903
3969, 35, 476
3970, 900, 977
3971, 416, 969
3972, 282, 794
3973, 343, 733
3974, 800, 894
3975, 307, 557
3976, 173, 758
3977, 208, 979
3978, 337, 907
3979, 576, 599
3980, 143, 213
3981, 491, 517
3982, 73, 365
3983, 536, 933
3984, 650, 699
3985, 648, 922
3986, 278, 519
3987, 98, 764
3988, 97, 910
3989, 126, 937
3990, 499, 799
3991, 167, 611
3992, 29, 333
3993, 700, 908
3994, 165, 625
3995, 660, 978
3996, 21, 198
3997, 133, 683
3998, 120, 288
3999, 583, 716
4000, 110, 405
