id, img1, img2
1, 86, 711
2, 549, 871
3, 22, 836
4, 49, 262
5, 383, 725
6, 566, 822
7, 721, 908
8, 261, 661
9, 316, 428
10, 403, 590
11, 28, 680
12, 281, 766
13, 630, 951
14, 828, 882
15, 410, 527
16, 690, 874
17, 323, 381
18, 157, 689
19, 514, 673
20, 722, 826
21, 176, 709
22, 621, 895
23, 202, 744
24, 257, 370
25, 153, 177
26, 491, 723
27, 651, 793
28, 345, 889
29, 348, 678
30, 458, 985
31, 7, 467
32, 166, 577
33, 121, 200
34, 658, 868
35, 737, 981
36, 167, 950
37, 382, 866
38, 684, 916
39, 246, 453
40, 544, 948
41, 400, 710
42, 319, 574
43, 20, 516
44, 146, 498
45, 241, 325
46, 287, 670
47, 572, 720
48, 306, 928
49, 101, 402
50, 282, 573
51, 196, 556
52, 87, 353
53, 314, 851
54, 288, 494
55, 479, 855
56, 741, 860
57, 366, 962
58, 9, 782
59, 571, 845
60, 195, 358
61, 455, 526
62, 769, 817
63, 600, 904
64, 716, 971
65, 133, 733
66, 206, 991
67, 398, 702
68, 185, 778
69, 149, 448
70, 184, 794
71, 589, 632
72, 754, 946
73, 100, 943
74, 59, 505
75, 465, 547
76, 800, 934
77, 83, 578
78, 330, 994
79, 147, 378
80, 273, 924
81, 181, 333
82, 559, 846
83, 840, 933
84, 717, 736
85, 150, 489
86, 178, 237
87, 175, 803
88, 141, 223
89, 595, 756
90, 130, 355
91, 753, 996
92, 6, 562
93, 180, 727
94, 567, 907
95, 289, 486
96, 72, 277
97, 376, 784
98, 749, 771
99, 249, 646
100, 207, 284
101, 798, 824
102, 164, 421
103, 730, 808
104, 103, 226
105, 618, 834
106, 743, 867
107, 362, 918
108, 80, 968
109, 820, 942
110, 430, 695
111, 389, 819
112, 57, 343
113, 283, 861
114, 285, 890
115, 564, 814
116, 91, 700
117, 114, 742
118, 97, 464
119, 755, 930
120, 978, 987
121, 54, 554
122, 198, 419
123, 43, 305
124, 131, 774
125, 427, 956
126, 38, 919
127, 669, 790
128, 275, 518
129, 538, 724
130, 507, 634
131, 124, 879
132, 435, 604
133, 62, 286
134, 209, 368
135, 588, 940
136, 67, 134
137, 118, 443
138, 513, 852
139, 224, 740
140, 113, 666
141, 18, 838
142, 485, 844
143, 21, 922
144, 71, 163
145, 75, 786
146, 317, 438
147, 225, 408
148, 460, 881
149, 37, 142
150, 457, 938
151, 205, 698
152, 522, 694
153, 137, 217
154, 792, 823
155, 324, 387
156, 939, 980
157, 1, 218
158, 660, 763
159, 481, 696
160, 374, 454
161, 415, 463
162, 201, 961
163, 579, 921
164, 652, 932
165, 483, 954
166, 85, 897
167, 34, 477
168, 279, 920
169, 352, 949
170, 45, 650
171, 614, 626
172, 264, 772
173, 302, 965
174, 441, 508
175, 367, 830
176, 628, 649
177, 165, 592
178, 230, 688
179, 174, 326
180, 39, 154
181, 525, 715
182, 795, 829
183, 263, 953
184, 671, 676
185, 761, 863
186, 295, 388
187, 144, 510
188, 99, 411
189, 583, 805
190, 247, 825
191, 243, 599
192, 79, 229
193, 47, 416
194, 36, 434
195, 391, 869
196, 511, 692
197, 203, 631
198, 96, 833
199, 719, 865
200, 19, 188
201, 172, 269
202, 475, 612
203, 351, 545
204, 459, 894
205, 543, 620
206, 214, 238
207, 152, 801
208, 611, 912
209, 194, 492
210, 116, 746
211, 385, 433
212, 550, 958
213, 81, 973
214, 399, 726
215, 123, 637
216, 44, 395
217, 248, 870
218, 537, 927
219, 770, 899
220, 872, 886
221, 361, 668
222, 53, 179
223, 332, 575
224, 639, 734
225, 308, 693
226, 445, 911
227, 266, 509
228, 84, 128
229, 472, 648
230, 747, 776
231, 312, 785
232, 2, 12
233, 339, 436
234, 112, 975
235, 773, 989
236, 617, 654
237, 426, 529
238, 506, 542
239, 32, 705
240, 877, 944
241, 204, 512
242, 48, 854
243, 68, 915
244, 169, 560
245, 94, 551
246, 26, 90
247, 50, 186
248, 677, 707
249, 735, 903
250, 213, 375
251, 593, 848
252, 335, 831
253, 322, 750
254, 301, 891
255, 55, 955
256, 346, 468
257, 499, 914
258, 173, 905
259, 440, 788
260, 106, 182
261, 29, 51
262, 139, 960
263, 88, 596
264, 609, 909
265, 439, 998
266, 276, 553
267, 401, 497
268, 396, 839
269, 533, 862
270, 104, 656
271, 11, 856
272, 892, 941
273, 220, 926
274, 17, 189
275, 253, 260
276, 532, 812
277, 471, 682
278, 624, 757
279, 347, 476
280, 495, 967
281, 713, 969
282, 78, 977
283, 605, 781
284, 731, 783
285, 5, 893
286, 293, 732
287, 3, 450
288, 515, 767
289, 500, 524
290, 708, 849
291, 254, 540
292, 151, 191
293, 259, 265
294, 377, 796
295, 70, 236
296, 125, 558
297, 613, 986
298, 111, 925
299, 797, 842
300, 629, 974
301, 641, 764
302, 160, 331
303, 318, 810
304, 109, 1000
305, 478, 675
306, 23, 397
307, 105, 444
308, 132, 681
309, 299, 758
310, 432, 779
311, 354, 780
312, 95, 242
313, 748, 789
314, 541, 843
315, 16, 321
316, 46, 211
317, 636, 984
318, 66, 379
319, 420, 535
320, 703, 850
321, 216, 963
322, 462, 837
323, 76, 959
324, 239, 344
325, 102, 449
326, 235, 607
327, 193, 337
328, 199, 360
329, 901, 995
330, 552, 738
331, 565, 878
332, 33, 898
333, 701, 885
334, 664, 923
335, 390, 413
336, 363, 936
337, 414, 521
338, 117, 222
339, 24, 42
340, 227, 255
341, 311, 425
342, 159, 231
343, 424, 896
344, 15, 858
345, 251, 334
346, 847, 880
347, 548, 979
348, 341, 983
349, 27, 775
350, 474, 622
351, 380, 412
352, 271, 667
353, 258, 292
354, 210, 642
355, 482, 712
356, 252, 947
357, 313, 569
358, 350, 686
359, 30, 729
360, 61, 473
361, 135, 966
362, 162, 294
363, 728, 929
364, 107, 221
365, 272, 982
366, 431, 876
367, 530, 988
368, 69, 685
369, 77, 342
370, 278, 662
371, 183, 759
372, 31, 215
373, 665, 853
374, 407, 864
375, 4, 546
376, 365, 659
377, 616, 760
378, 405, 606
379, 591, 970
380, 687, 841
381, 423, 502
382, 392, 674
383, 143, 913
384, 280, 935
385, 303, 523
386, 82, 640
387, 369, 787
388, 745, 768
389, 329, 384
390, 643, 827
391, 56, 821
392, 52, 952
393, 171, 466
394, 219, 799
395, 528, 818
396, 64, 653
397, 602, 765
398, 568, 580
399, 65, 883
400, 372, 900
401, 108, 804
402, 93, 304
403, 161, 945
404, 364, 584
405, 138, 635
406, 110, 762
407, 442, 461
408, 14, 452
409, 300, 536
410, 190, 504
411, 493, 610
412, 73, 89
413, 212, 598
414, 811, 832
415, 557, 647
416, 232, 972
417, 309, 645
418, 422, 777
419, 240, 993
420, 561, 859
421, 74, 625
422, 58, 807
423, 594, 657
424, 519, 633
425, 357, 976
426, 290, 328
427, 145, 585
428, 148, 373
429, 234, 576
430, 683, 873
431, 168, 490
432, 752, 813
433, 8, 456
434, 336, 902
435, 267, 539
436, 158, 394
437, 291, 418
438, 208, 274
439, 155, 406
440, 517, 937
441, 487, 806
442, 187, 349
443, 597, 601
444, 40, 446
445, 129, 835
446, 13, 156
447, 298, 691
448, 268, 699
449, 192, 570
450, 228, 990
451, 327, 437
452, 136, 706
453, 627, 997
454, 297, 503
455, 41, 470
456, 120, 244
457, 119, 501
458, 35, 393
459, 488, 887
460, 563, 638
461, 429, 581
462, 791, 931
463, 356, 857
464, 310, 875
465, 170, 999
466, 340, 964
467, 245, 718
468, 586, 603
469, 404, 910
470, 520, 587
471, 63, 256
472, 714, 739
473, 296, 371
474, 250, 386
475, 359, 809
476, 92, 672
477, 644, 957
478, 233, 417
479, 480, 992
480, 315, 917
481, 447, 888
482, 484, 615
483, 127, 496
484, 338, 906
485, 697, 802
486, 531, 815
487, 451, 623
488, 115, 126
489, 122, 655
490, 98, 270
491, 409, 608
492, 751, 884
493, 10, 704
494, 140, 679
495, 307, 663
496, 582, 816
497, 60, 619
498, 469, 555
499, 197, 320
500, 25, 534
501, 645, 896
502, 368, 609
503, 69, 250
504, 824, 851
505, 97, 374
506, 509, 886
507, 707, 820
508, 888, 891
509, 442, 745
510, 182, 522
511, 286, 714
512, 185, 924
513, 209, 864
514, 385, 451
515, 482, 568
516, 356, 391
517, 629, 683
518, 785, 914
519, 3, 51
520, 42, 976
521, 262, 898
522, 281, 942
523, 137, 411
524, 753, 935
525, 178, 304
526, 223, 290
527, 37, 662
528, 398, 822
529, 12, 664
530, 100, 412
531, 5, 352
532, 241, 726
533, 462, 555
534, 685, 857
535, 608, 957
536, 316, 789
537, 36, 738
538, 317, 704
539, 387, 843
540, 684, 830
541, 430, 502
542, 484, 665
543, 155, 604
544, 1, 157
545, 810, 920
546, 68, 532
547, 493, 733
548, 283, 939
549, 375, 724
550, 22, 480
551, 562, 649
552, 272, 602
553, 361, 429
554, 103, 541
555, 196, 410
556, 601, 771
557, 289, 910
558, 577, 821
559, 54, 229
560, 136, 682
561, 427, 551
562, 202, 292
563, 240, 931
564, 580, 718
565, 76, 667
566, 65, 115
567, 72, 545
568, 63, 231
569, 332, 477
570, 252, 433
571, 102, 698
572, 773, 943
573, 606, 658
574, 421, 803
575, 148, 862
576, 514, 661
577, 668, 884
578, 298, 969
579, 413, 445
580, 91, 409
581, 444, 703
582, 20, 273
583, 447, 572
584, 21, 491
585, 278, 517
586, 105, 461
587, 579, 717
588, 38, 176
589, 171, 296
590, 584, 747
591, 166, 376
592, 134, 709
593, 723, 953
594, 121, 760
595, 611, 706
596, 589, 642
597, 446, 471
598, 818, 882
599, 81, 566
600, 74, 498
601, 560, 687
602, 234, 479
603, 35, 881
604, 483, 807
605, 401, 715
606, 213, 624
607, 806, 883
608, 499, 637
609, 350, 417
610, 276, 571
611, 263, 829
612, 670, 734
613, 60, 516
614, 731, 749
615, 7, 648
616, 535, 945
617, 349, 507
618, 321, 339
619, 159, 534
620, 308, 315
621, 450, 596
622, 626, 962
623, 689, 998
624, 885, 916
625, 190, 911
626, 207, 819
627, 210, 260
628, 125, 595
629, 380, 794
630, 801, 895
631, 62, 147
632, 119, 762
633, 301, 351
634, 558, 949
635, 235, 578
636, 744, 961
637, 369, 800
638, 547, 904
639, 565, 827
640, 28, 925
641, 513, 836
642, 381, 633
643, 82, 528
644, 245, 266
645, 505, 926
646, 404, 944
647, 88, 423
648, 118, 798
649, 743, 796
650, 786, 832
651, 205, 453
652, 177, 303
653, 43, 501
654, 57, 902
655, 389, 390
656, 777, 865
657, 53, 463
658, 167, 814
659, 264, 360
660, 378, 472
661, 198, 269
662, 58, 907
663, 220, 490
664, 448, 975
665, 305, 330
666, 519, 712
667, 524, 987
668, 494, 587
669, 64, 407
670, 162, 284
671, 419, 932
672, 39, 845
673, 699, 805
674, 244, 416
675, 192, 632
676, 428, 873
677, 172, 937
678, 75, 735
679, 592, 671
680, 759, 841
681, 49, 581
682, 767, 833
683, 612, 948
684, 232, 854
685, 140, 382
686, 641, 722
687, 195, 673
688, 117, 187
689, 138, 203
690, 533, 746
691, 318, 867
692, 345, 875
693, 780, 919
694, 425, 850
695, 211, 913
696, 79, 236
697, 87, 424
698, 149, 150
699, 311, 396
700, 228, 237
701, 638, 651
702, 434, 521
703, 512, 660
704, 388, 963
705, 341, 980
706, 275, 408
707, 238, 700
708, 628, 678
709, 454, 459
710, 475, 627
711, 379, 960
712, 34, 613
713, 48, 676
714, 156, 322
715, 113, 631
716, 78, 515
717, 130, 928
718, 13, 161
719, 164, 500
720, 216, 846
721, 225, 325
722, 614, 872
723, 635, 947
724, 224, 343
725, 254, 986
726, 212, 966
727, 666, 877
728, 277, 994
729, 373, 781
730, 128, 201
731, 437, 730
732, 741, 853
733, 181, 297
734, 24, 319
735, 797, 870
736, 253, 977
737, 145, 874
738, 585, 588
739, 123, 426
740, 497, 811
741, 544, 933
742, 464, 640
743, 25, 29
744, 503, 563
745, 691, 921
746, 383, 672
747, 52, 392
748, 265, 992
749, 163, 173
750, 326, 835
751, 55, 329
752, 8, 650
753, 291, 740
754, 40, 559
755, 750, 844
756, 106, 748
757, 242, 782
758, 112, 133
759, 536, 936
760, 267, 344
761, 432, 901
762, 402, 922
763, 420, 686
764, 23, 287
765, 354, 751
766, 152, 333
767, 367, 634
768, 256, 790
769, 77, 539
770, 331, 690
771, 564, 816
772, 817, 988
773, 487, 518
774, 116, 537
775, 59, 481
776, 473, 701
777, 570, 879
778, 294, 792
779, 9, 995
780, 94, 542
781, 576, 927
782, 139, 657
783, 630, 982
784, 158, 979
785, 135, 363
786, 73, 951
787, 285, 295
788, 127, 466
789, 93, 569
790, 194, 856
791, 92, 99
792, 230, 399
793, 41, 346
794, 154, 719
795, 184, 984
796, 617, 839
797, 33, 674
798, 282, 495
799, 619, 840
800, 129, 788
801, 86, 98
802, 335, 812
803, 246, 320
804, 405, 695
805, 183, 757
806, 647, 705
807, 193, 903
808, 14, 561
809, 950, 1000
810, 251, 779
811, 30, 257
812, 90, 702
813, 61, 143
814, 309, 336
815, 775, 999
816, 549, 725
817, 603, 876
818, 557, 934
819, 268, 825
820, 180, 940
821, 214, 878
822, 742, 941
823, 688, 783
824, 443, 591
825, 45, 431
826, 620, 659
827, 169, 511
828, 255, 849
829, 17, 855
830, 239, 990
831, 556, 653
832, 554, 906
833, 280, 543
834, 101, 727
835, 312, 793
836, 221, 655
837, 422, 938
838, 226, 765
839, 110, 610
840, 713, 965
841, 197, 755
842, 435, 993
843, 310, 756
844, 204, 510
845, 737, 954
846, 720, 866
847, 302, 813
848, 607, 861
849, 441, 530
850, 50, 694
851, 506, 784
852, 165, 218
853, 85, 736
854, 680, 930
855, 219, 279
856, 144, 776
857, 47, 175
858, 370, 868
859, 16, 809
860, 120, 364
861, 111, 307
862, 71, 186
863, 170, 469
864, 347, 761
865, 174, 468
866, 520, 616
867, 436, 449
868, 815, 848
869, 663, 915
870, 531, 978
871, 270, 946
872, 598, 652
873, 636, 823
874, 323, 623
875, 795, 972
876, 415, 692
877, 476, 956
878, 188, 799
879, 460, 997
880, 504, 860
881, 31, 958
882, 67, 923
883, 496, 768
884, 467, 625
885, 107, 586
886, 191, 917
887, 314, 372
888, 299, 754
889, 83, 259
890, 258, 474
891, 200, 869
892, 179, 892
893, 151, 355
894, 4, 721
895, 108, 313
896, 353, 362
897, 19, 141
898, 729, 842
899, 288, 908
900, 981, 985
901, 371, 590
902, 384, 838
903, 247, 871
904, 548, 880
905, 457, 909
906, 10, 575
907, 696, 889
908, 32, 711
909, 146, 654
910, 153, 525
911, 458, 605
912, 271, 324
913, 395, 890
914, 27, 774
915, 243, 971
916, 486, 787
917, 15, 358
918, 552, 675
919, 553, 858
920, 274, 643
921, 802, 996
922, 70, 837
923, 328, 400
924, 377, 599
925, 894, 959
926, 109, 550
927, 918, 973
928, 46, 983
929, 732, 758
930, 293, 593
931, 300, 974
932, 337, 365
933, 348, 583
934, 438, 772
935, 208, 770
936, 573, 955
937, 508, 681
938, 89, 248
939, 327, 485
940, 2, 440
941, 366, 968
942, 488, 540
943, 455, 710
944, 168, 644
945, 357, 470
946, 56, 249
947, 693, 900
948, 217, 708
949, 452, 656
950, 582, 677
951, 527, 970
952, 394, 489
953, 418, 618
954, 233, 414
955, 393, 828
956, 124, 778
957, 66, 131
958, 96, 403
959, 122, 679
960, 597, 728
961, 95, 752
962, 11, 989
963, 142, 538
964, 359, 887
965, 397, 831
966, 456, 600
967, 465, 639
968, 18, 215
969, 26, 206
970, 342, 739
971, 334, 340
972, 852, 859
973, 791, 897
974, 6, 826
975, 766, 929
976, 764, 893
977, 227, 669
978, 44, 80
979, 697, 834
980, 523, 574
981, 567, 804
982, 615, 967
983, 594, 912
984, 529, 899
985, 847, 952
986, 132, 546
987, 199, 769
988, 386, 991
989, 189, 646
990, 104, 526
991, 114, 763
992, 84, 863
993, 492, 622
994, 261, 716
995, 222, 621
996, 439, 478
997, 808, 905
998, 126, 306
999, 338, 964
1000, 160, 406
1001, 921, 943
1002, 616, 621
1003, 379, 898
1004, 555, 600
1005, 114, 326
1006, 520, 674
1007, 804, 979
1008, 552, 841
1009, 537, 834
1010, 644, 645
1011, 332, 377
1012, 336, 967
1013, 244, 595
1014, 61, 560
1015, 361, 991
1016, 17, 660
1017, 351, 651
1018, 462, 517
1019, 455, 871
1020, 293, 736
1021, 154, 169
1022, 190, 217
1023, 104, 923
1024, 43, 639
1025, 485, 784
1026, 862, 893
1027, 393, 444
1028, 177, 213
1029, 353, 744
1030, 107, 456
1031, 837, 964
1032, 965, 975
1033, 72, 683
1034, 77, 219
1035, 640, 823
1036, 19, 117
1037, 331, 977
1038, 335, 534
1039, 34, 168
1040, 751, 758
1041, 171, 904
1042, 849, 868
1043, 360, 501
1044, 199, 699
1045, 294, 932
1046, 51, 365
1047, 148, 928
1048, 115, 541
1049, 31, 803
1050, 249, 994
1051, 138, 556
1052, 235, 796
1053, 25, 433
1054, 438, 574
1055, 290, 344
1056, 313, 998
1057, 116, 523
1058, 60, 492
1059, 607, 882
1060, 852, 881
1061, 100, 808
1062, 146, 996
1063, 35, 817
1064, 395, 907
1065, 56, 212
1066, 632, 876
1067, 486, 678
1068, 85, 634
1069, 39, 681
1070, 338, 461
1071, 522, 987
1072, 491, 866
1073, 57, 579
1074, 172, 300
1075, 16, 1000
1076, 373, 711
1077, 304, 410
1078, 183, 729
1079, 220, 424
1080, 206, 941
1081, 535, 708
1082, 215, 321
1083, 305, 589
1084, 167, 714
1085, 203, 495
1086, 289, 368
1087, 233, 308
1088, 46, 593
1089, 14, 618
1090, 128, 527
1091, 105, 961
1092, 602, 960
1093, 265, 367
1094, 210, 533
1095, 448, 947
1096, 7, 676
1097, 207, 912
1098, 8, 75
1099, 666, 972
1100, 64, 628
1101, 686, 820
1102, 246, 350
1103, 355, 999
1104, 198, 221
1105, 364, 981
1106, 237, 827
1107, 497, 963
1108, 387, 540
1109, 49, 311
1110, 288, 428
1111, 518, 648
1112, 498, 504
1113, 280, 721
1114, 857, 930
1115, 90, 525
1116, 165, 216
1117, 65, 562
1118, 22, 822
1119, 81, 769
1120, 9, 286
1121, 266, 914
1122, 13, 192
1123, 586, 775
1124, 176, 931
1125, 134, 836
1126, 329, 846
1127, 539, 577
1128, 770, 988
1129, 141, 652
1130, 627, 682
1131, 193, 475
1132, 101, 306
1133, 121, 641
1134, 36, 569
1135, 162, 532
1136, 650, 675
1137, 166, 643
1138, 358, 567
1139, 209, 553
1140, 337, 597
1141, 86, 274
1142, 45, 830
1143, 231, 760
1144, 667, 795
1145, 391, 958
1146, 21, 626
1147, 468, 470
1148, 284, 507
1149, 839, 976
1150, 778, 970
1151, 99, 810
1152, 223, 549
1153, 4, 95
1154, 611, 953
1155, 54, 251
1156, 123, 414
1157, 27, 42
1158, 759, 812
1159, 442, 860
1160, 725, 995
1161, 629, 901
1162, 526, 571
1163, 580, 814
1164, 606, 897
1165, 93, 730
1166, 23, 143
1167, 672, 824
1168, 129, 825
1169, 127, 688
1170, 327, 413
1171, 196, 529
1172, 161, 546
1173, 530, 786
1174, 240, 568
1175, 152, 185
1176, 287, 394
1177, 554, 670
1178, 503, 765
1179, 430, 962
1180, 339, 454
1181, 731, 752
1182, 390, 449
1183, 575, 874
1184, 506, 886
1185, 83, 208
1186, 427, 656
1187, 299, 694
1188, 416, 854
1189, 37, 426
1190, 204, 588
1191, 564, 612
1192, 788, 910
1193, 487, 548
1194, 303, 762
1195, 319, 938
1196, 254, 469
1197, 5, 816
1198, 91, 124
1199, 346, 374
1200, 356, 452
1201, 15, 951
1202, 630, 684
1203, 345, 980
1204, 197, 743
1205, 170, 750
1206, 412, 720
1207, 701, 794
1208, 301, 599
1209, 153, 713
1210, 402, 773
1211, 363, 861
1212, 536, 664
1213, 191, 519
1214, 481, 722
1215, 431, 913
1216, 136, 226
1217, 727, 968
1218, 476, 668
1219, 142, 524
1220, 509, 867
1221, 187, 312
1222, 106, 646
1223, 227, 609
1224, 318, 499
1225, 58, 789
1226, 415, 835
1227, 756, 891
1228, 742, 900
1229, 268, 642
1230, 587, 700
1231, 570, 673
1232, 608, 779
1233, 3, 572
1234, 496, 740
1235, 800, 875
1236, 234, 669
1237, 137, 625
1238, 508, 927
1239, 47, 341
1240, 92, 135
1241, 716, 992
1242, 178, 833
1243, 82, 647
1244, 41, 110
1245, 636, 791
1246, 768, 879
1247, 275, 474
1248, 375, 559
1249, 829, 917
1250, 175, 421
1251, 98, 745
1252, 494, 776
1253, 30, 853
1254, 173, 418
1255, 787, 855
1256, 267, 915
1257, 354, 982
1258, 403, 819
1259, 818, 890
1260, 164, 436
1261, 864, 934
1262, 11, 459
1263, 67, 754
1264, 357, 966
1265, 654, 831
1266, 145, 741
1267, 445, 657
1268, 218, 662
1269, 859, 888
1270, 755, 777
1271, 89, 465
1272, 705, 815
1273, 28, 878
1274, 883, 978
1275, 397, 613
1276, 271, 949
1277, 109, 157
1278, 761, 959
1279, 96, 576
1280, 248, 359
1281, 62, 858
1282, 283, 592
1283, 558, 902
1284, 133, 710
1285, 189, 471
1286, 435, 698
1287, 53, 774
1288, 12, 334
1289, 583, 926
1290, 70, 649
1291, 451, 869
1292, 132, 352
1293, 238, 371
1294, 782, 903
1295, 139, 340
1296, 214, 746
1297, 383, 443
1298, 179, 677
1299, 734, 946
1300, 551, 922
1301, 144, 382
1302, 296, 840
1303, 333, 989
1304, 222, 697
1305, 348, 739
1306, 188, 372
1307, 584, 598
1308, 635, 887
1309, 542, 692
1310, 174, 702
1311, 97, 547
1312, 150, 945
1313, 230, 362
1314, 155, 366
1315, 181, 821
1316, 40, 550
1317, 73, 409
1318, 401, 936
1319, 229, 940
1320, 423, 985
1321, 232, 591
1322, 245, 653
1323, 384, 873
1324, 113, 528
1325, 573, 832
1326, 792, 973
1327, 236, 939
1328, 712, 909
1329, 706, 732
1330, 737, 763
1331, 140, 793
1332, 184, 225
1333, 717, 797
1334, 704, 806
1335, 385, 805
1336, 601, 906
1337, 32, 899
1338, 200, 757
1339, 269, 493
1340, 33, 285
1341, 69, 715
1342, 29, 596
1343, 2, 446
1344, 690, 771
1345, 55, 74
1346, 78, 622
1347, 733, 956
1348, 637, 826
1349, 278, 955
1350, 437, 513
1351, 259, 986
1352, 310, 892
1353, 276, 933
1354, 369, 483
1355, 211, 693
1356, 516, 538
1357, 439, 624
1358, 186, 425
1359, 126, 565
1360, 50, 848
1361, 510, 813
1362, 38, 911
1363, 386, 453
1364, 180, 847
1365, 1, 594
1366, 952, 954
1367, 159, 665
1368, 252, 479
1369, 94, 158
1370, 59, 447
1371, 24, 262
1372, 719, 838
1373, 466, 974
1374, 309, 935
1375, 521, 785
1376, 297, 948
1377, 242, 969
1378, 376, 919
1379, 118, 545
1380, 228, 617
1381, 195, 872
1382, 10, 282
1383, 253, 488
1384, 463, 679
1385, 406, 482
1386, 120, 851
1387, 417, 889
1388, 605, 929
1389, 330, 544
1390, 111, 993
1391, 6, 937
1392, 441, 802
1393, 302, 490
1394, 511, 578
1395, 295, 604
1396, 130, 429
1397, 484, 916
1398, 131, 323
1399, 581, 603
1400, 680, 749
1401, 63, 272
1402, 370, 411
1403, 620, 655
1404, 112, 695
1405, 87, 610
1406, 623, 870
1407, 349, 865
1408, 18, 48
1409, 514, 845
1410, 566, 707
1411, 477, 748
1412, 502, 811
1413, 314, 709
1414, 160, 738
1415, 500, 894
1416, 205, 885
1417, 224, 563
1418, 264, 400
1419, 307, 512
1420, 489, 984
1421, 790, 924
1422, 71, 561
1423, 79, 950
1424, 258, 399
1425, 291, 971
1426, 292, 405
1427, 724, 726
1428, 472, 658
1429, 396, 863
1430, 247, 764
1431, 389, 918
1432, 392, 735
1433, 317, 920
1434, 614, 807
1435, 419, 467
1436, 844, 856
1437, 88, 843
1438, 585, 809
1439, 515, 905
1440, 76, 689
1441, 260, 880
1442, 281, 798
1443, 440, 828
1444, 450, 460
1445, 325, 747
1446, 239, 801
1447, 44, 250
1448, 26, 661
1449, 202, 404
1450, 590, 696
1451, 194, 687
1452, 20, 884
1453, 378, 781
1454, 68, 119
1455, 103, 422
1456, 102, 942
1457, 263, 850
1458, 432, 896
1459, 505, 957
1460, 753, 990
1461, 149, 480
1462, 277, 638
1463, 615, 663
1464, 582, 783
1465, 298, 766
1466, 201, 257
1467, 767, 799
1468, 633, 908
1469, 80, 380
1470, 328, 381
1471, 434, 685
1472, 243, 464
1473, 398, 659
1474, 84, 273
1475, 324, 997
1476, 108, 557
1477, 895, 944
1478, 163, 718
1479, 255, 408
1480, 241, 342
1481, 270, 458
1482, 691, 842
1483, 156, 983
1484, 261, 780
1485, 151, 619
1486, 728, 772
1487, 420, 457
1488, 147, 322
1489, 315, 388
1490, 473, 925
1491, 478, 723
1492, 279, 343
1493, 316, 877
1494, 122, 631
1495, 407, 543
1496, 320, 347
1497, 66, 256
1498, 52, 182
1499, 125, 703
1500, 531, 671
1501, 433, 487
1502, 617, 933
1503, 462, 790
1504, 69, 307
1505, 840, 919
1506, 86, 480
1507, 68, 845
1508, 541, 720
1509, 758, 770
1510, 200, 910
1511, 805, 935
1512, 871, 894
1513, 299, 455
1514, 150, 508
1515, 626, 764
1516, 543, 993
1517, 914, 990
1518, 335, 347
1519, 103, 297
1520, 35, 961
1521, 321, 522
1522, 260, 842
1523, 15, 505
1524, 105, 266
1525, 316, 411
1526, 646, 912
1527, 168, 712
1528, 126, 235
1529, 193, 314
1530, 290, 691
1531, 343, 795
1532, 152, 631
1533, 475, 528
1534, 504, 533
1535, 149, 384
1536, 552, 789
1537, 294, 708
1538, 777, 957
1539, 413, 490
1540, 45, 390
1541, 485, 710
1542, 80, 861
1543, 227, 370
1544, 594, 814
1545, 374, 699
1546, 60, 450
1547, 486, 511
1548, 63, 278
1549, 696, 997
1550, 198, 234
1551, 132, 820
1552, 117, 345
1553, 241, 707
1554, 835, 918
1555, 52, 698
1556, 425, 797
1557, 592, 860
1558, 115, 479
1559, 520, 889
1560, 649, 766
1561, 205, 415
1562, 146, 813
1563, 135, 885
1564, 437, 599
1565, 243, 968
1566, 472, 586
1567, 121, 496
1568, 113, 428
1569, 12, 931
1570, 147, 678
1571, 252, 942
1572, 386, 513
1573, 351, 624
1574, 251, 873
1575, 217, 442
1576, 669, 692
1577, 866, 887
1578, 282, 431
1579, 447, 466
1580, 142, 258
1581, 34, 254
1582, 358, 562
1583, 38, 597
1584, 145, 394
1585, 259, 468
1586, 119, 605
1587, 694, 819
1588, 445, 578
1589, 356, 973
1590, 403, 427
1591, 771, 799
1592, 478, 568
1593, 248, 280
1594, 571, 833
1595, 271, 882
1596, 240, 577
1597, 355, 824
1598, 228, 516
1599, 270, 740
1600, 296, 693
1601, 530, 725
1602, 474, 772
1603, 715, 893
1604, 136, 857
1605, 898, 964
1606, 225, 839
1607, 322, 612
1608, 457, 641
1609, 884, 992
1610, 283, 429
1611, 71, 546
1612, 378, 665
1613, 201, 756
1614, 94, 560
1615, 304, 536
1616, 73, 465
1617, 674, 971
1618, 79, 638
1619, 346, 500
1620, 53, 524
1621, 239, 410
1622, 614, 666
1623, 166, 609
1624, 107, 476
1625, 338, 636
1626, 14, 702
1627, 27, 807
1628, 77, 800
1629, 148, 285
1630, 39, 301
1631, 326, 670
1632, 224, 302
1633, 199, 796
1634, 114, 920
1635, 277, 862
1636, 420, 773
1637, 109, 719
1638, 424, 834
1639, 221, 695
1640, 435, 980
1641, 184, 810
1642, 606, 855
1643, 67, 159
1644, 206, 610
1645, 247, 816
1646, 21, 401
1647, 203, 888
1648, 363, 826
1649, 110, 743
1650, 580, 723
1651, 44, 92
1652, 55, 591
1653, 323, 907
1654, 281, 950
1655, 267, 489
1656, 26, 454
1657, 124, 684
1658, 341, 963
1659, 369, 831
1660, 78, 967
1661, 1, 911
1662, 643, 757
1663, 18, 629
1664, 48, 306
1665, 177, 214
1666, 232, 350
1667, 557, 704
1668, 859, 863
1669, 389, 653
1670, 558, 953
1671, 651, 989
1672, 43, 400
1673, 493, 844
1674, 697, 913
1675, 13, 996
1676, 519, 706
1677, 368, 668
1678, 441, 828
1679, 749, 841
1680, 405, 752
1681, 361, 788
1682, 22, 336
1683, 36, 850
1684, 25, 550
1685, 175, 529
1686, 482, 886
1687, 66, 402
1688, 153, 747
1689, 357, 904
1690, 460, 774
1691, 417, 566
1692, 518, 637
1693, 802, 984
1694, 8, 645
1695, 382, 526
1696, 491, 667
1697, 392, 687
1698, 176, 676
1699, 477, 600
1700, 157, 934
1701, 471, 925
1702, 561, 632
1703, 37, 155
1704, 188, 458
1705, 91, 253
1706, 625, 847
1707, 531, 779
1708, 349, 782
1709, 801, 998
1710, 29, 987
1711, 129, 982
1712, 171, 464
1713, 365, 856
1714, 236, 545
1715, 686, 923
1716, 158, 362
1717, 434, 682
1718, 313, 985
1719, 438, 808
1720, 503, 717
1721, 634, 689
1722, 74, 572
1723, 573, 619
1724, 101, 396
1725, 262, 869
1726, 811, 870
1727, 65, 379
1728, 539, 890
1729, 587, 897
1730, 23, 926
1731, 373, 662
1732, 33, 917
1733, 339, 906
1734, 399, 555
1735, 515, 540
1736, 181, 865
1737, 430, 701
1738, 791, 825
1739, 640, 748
1740, 191, 945
1741, 548, 650
1742, 575, 675
1743, 381, 943
1744, 685, 895
1745, 46, 523
1746, 10, 979
1747, 32, 661
1748, 635, 750
1749, 90, 975
1750, 116, 452
1751, 216, 463
1752, 589, 878
1753, 17, 456
1754, 174, 507
1755, 104, 180
1756, 261, 705
1757, 295, 761
1758, 325, 872
1759, 183, 690
1760, 673, 930
1761, 172, 556
1762, 139, 292
1763, 627, 746
1764, 308, 941
1765, 616, 949
1766, 655, 896
1767, 330, 688
1768, 521, 726
1769, 264, 332
1770, 498, 718
1771, 50, 837
1772, 133, 409
1773, 318, 978
1774, 190, 436
1775, 729, 988
1776, 192, 965
1777, 287, 432
1778, 473, 836
1779, 683, 848
1780, 202, 900
1781, 272, 549
1782, 76, 823
1783, 537, 585
1784, 444, 809
1785, 467, 680
1786, 383, 753
1787, 628, 762
1788, 31, 924
1789, 72, 102
1790, 309, 535
1791, 54, 922
1792, 366, 901
1793, 426, 569
1794, 9, 620
1795, 483, 763
1796, 393, 544
1797, 838, 981
1798, 112, 815
1799, 195, 329
1800, 709, 892
1801, 210, 891
1802, 208, 406
1803, 387, 419
1804, 87, 367
1805, 89, 187
1806, 576, 916
1807, 59, 484
1808, 108, 414
1809, 527, 532
1810, 648, 785
1811, 461, 492
1812, 590, 737
1813, 938, 955
1814, 40, 138
1815, 342, 372
1816, 204, 237
1817, 82, 134
1818, 618, 956
1819, 220, 567
1820, 352, 880
1821, 6, 735
1822, 469, 991
1823, 84, 448
1824, 499, 843
1825, 700, 722
1826, 186, 244
1827, 70, 209
1828, 615, 972
1829, 265, 751
1830, 639, 940
1831, 222, 538
1832, 215, 268
1833, 608, 881
1834, 242, 494
1835, 167, 418
1836, 671, 876
1837, 315, 954
1838, 380, 488
1839, 42, 497
1840, 319, 459
1841, 404, 818
1842, 144, 312
1843, 5, 932
1844, 125, 353
1845, 123, 274
1846, 613, 947
1847, 3, 213
1848, 93, 724
1849, 229, 908
1850, 395, 970
1851, 2, 354
1852, 658, 793
1853, 622, 966
1854, 56, 877
1855, 398, 611
1856, 288, 603
1857, 250, 647
1858, 41, 755
1859, 574, 601
1860, 778, 999
1861, 276, 728
1862, 344, 986
1863, 422, 439
1864, 275, 421
1865, 99, 759
1866, 130, 783
1867, 156, 211
1868, 57, 238
1869, 58, 371
1870, 775, 994
1871, 106, 364
1872, 754, 1000
1873, 189, 679
1874, 16, 96
1875, 598, 936
1876, 223, 595
1877, 481, 792
1878, 88, 169
1879, 440, 899
1880, 359, 672
1881, 20, 446
1882, 730, 852
1883, 111, 263
1884, 165, 853
1885, 197, 509
1886, 470, 959
1887, 100, 596
1888, 506, 944
1889, 83, 829
1890, 4, 230
1891, 246, 565
1892, 412, 721
1893, 514, 780
1894, 11, 127
1895, 293, 623
1896, 449, 765
1897, 317, 337
1898, 118, 711
1899, 131, 864
1900, 660, 854
1901, 602, 874
1902, 644, 732
1903, 207, 733
1904, 19, 212
1905, 164, 846
1906, 303, 983
1907, 310, 563
1908, 581, 995
1909, 348, 554
1910, 570, 736
1911, 621, 883
1912, 30, 360
1913, 376, 905
1914, 182, 512
1915, 291, 727
1916, 822, 962
1917, 397, 542
1918, 160, 559
1919, 81, 286
1920, 141, 928
1921, 584, 664
1922, 502, 806
1923, 151, 768
1924, 333, 960
1925, 510, 630
1926, 340, 534
1927, 812, 937
1928, 120, 170
1929, 196, 583
1930, 179, 977
1931, 501, 832
1932, 154, 879
1933, 75, 714
1934, 328, 713
1935, 61, 185
1936, 786, 929
1937, 161, 781
1938, 284, 817
1939, 64, 830
1940, 451, 760
1941, 140, 787
1942, 738, 958
1943, 784, 951
1944, 334, 909
1945, 47, 921
1946, 128, 391
1947, 657, 969
1948, 851, 875
1949, 273, 593
1950, 443, 654
1951, 416, 903
1952, 62, 256
1953, 245, 582
1954, 742, 948
1955, 739, 741
1956, 143, 320
1957, 656, 731
1958, 300, 564
1959, 388, 642
1960, 547, 827
1961, 716, 804
1962, 377, 495
1963, 122, 607
1964, 525, 734
1965, 553, 588
1966, 517, 946
1967, 28, 298
1968, 652, 974
1969, 85, 952
1970, 249, 745
1971, 226, 269
1972, 97, 257
1973, 375, 821
1974, 218, 408
1975, 51, 798
1976, 173, 279
1977, 178, 677
1978, 219, 289
1979, 423, 663
1980, 407, 939
1981, 305, 915
1982, 579, 794
1983, 49, 849
1984, 194, 858
1985, 95, 327
1986, 7, 137
1987, 311, 867
1988, 98, 162
1989, 24, 769
1990, 231, 633
1991, 385, 776
1992, 163, 331
1993, 551, 927
1994, 255, 659
1995, 744, 767
1996, 324, 453
1997, 233, 604
1998, 703, 976
1999, 681, 868
2000, 803, 902
2001, 198, 298
2002, 318, 360
2003, 66, 454
2004, 199, 909
2005, 164, 346
2006, 529, 575
2007, 573, 976
2008, 339, 567
2009, 276, 371
2010, 297, 994
2011, 348, 798
2012, 378, 883
2013, 11, 576
2014, 163, 606
2015, 329, 644
2016, 124, 947
2017, 528, 773
2018, 628, 946
2019, 252, 810
2020, 457, 990
2021, 43, 954
2022, 561, 640
2023, 711, 957
2024, 42, 161
2025, 62, 407
2026, 28, 799
2027, 389, 755
2028, 716, 898
2029, 852, 973
2030, 38, 731
2031, 728, 803
2032, 157, 828
2033, 129, 926
2034, 212, 864
2035, 235, 496
2036, 104, 268
2037, 179, 280
2038, 29, 707
2039, 879, 975
2040, 225, 515
2041, 605, 622
2042, 56, 125
2043, 516, 966
2044, 349, 418
2045, 764, 968
2046, 81, 750
2047, 353, 434
2048, 433, 535
2049, 534, 980
2050, 250, 722
2051, 812, 886
2052, 391, 704
2053, 317, 543
2054, 76, 674
2055, 726, 908
2056, 159, 446
2057, 485, 631
2058, 422, 847
2059, 213, 451
2060, 557, 911
2061, 70, 107
2062, 160, 680
2063, 541, 823
2064, 206, 751
2065, 243, 703
2066, 155, 333
2067, 57, 793
2068, 185, 870
2069, 701, 729
2070, 341, 713
2071, 320, 735
2072, 86, 321
2073, 54, 190
2074, 113, 511
2075, 264, 718
2076, 429, 933
2077, 706, 791
2078, 10, 746
2079, 328, 939
2080, 197, 380
2081, 586, 733
2082, 301, 417
2083, 259, 979
2084, 286, 405
2085, 231, 367
2086, 355, 649
2087, 834, 913
2088, 577, 775
2089, 92, 244
2090, 135, 316
2091, 246, 730
2092, 523, 861
2093, 165, 306
2094, 714, 965
2095, 594, 982
2096, 138, 209
2097, 550, 583
2098, 562, 971
2099, 687, 721
2100, 73, 531
2101, 929, 970
2102, 813, 814
2103, 88, 479
2104, 33, 103
2105, 178, 925
2106, 14, 226
2107, 63, 732
2108, 285, 466
2109, 215, 310
2110, 210, 991
2111, 77, 478
2112, 410, 670
2113, 611, 740
2114, 486, 853
2115, 26, 597
2116, 514, 985
2117, 200, 361
2118, 308, 690
2119, 338, 830
2120, 5, 665
2121, 53, 491
2122, 90, 580
2123, 27, 625
2124, 507, 542
2125, 539, 678
2126, 719, 820
2127, 220, 932
2128, 148, 351
2129, 402, 635
2130, 315, 789
2131, 39, 595
2132, 216, 484
2133, 229, 802
2134, 294, 572
2135, 463, 935
2136, 475, 867
2137, 18, 504
2138, 313, 832
2139, 271, 739
2140, 556, 922
2141, 202, 370
2142, 192, 868
2143, 877, 969
2144, 354, 568
2145, 734, 786
2146, 1, 652
2147, 401, 590
2148, 607, 903
2149, 480, 598
2150, 106, 831
2151, 222, 270
2152, 147, 807
2153, 448, 977
2154, 509, 836
2155, 89, 464
2156, 111, 777
2157, 41, 676
2158, 545, 705
2159, 411, 819
2160, 522, 655
2161, 600, 683
2162, 191, 757
2163, 187, 662
2164, 137, 240
2165, 431, 794
2166, 253, 927
2167, 500, 780
2168, 6, 136
2169, 67, 815
2170, 467, 871
2171, 426, 614
2172, 260, 376
2173, 50, 167
2174, 747, 860
2175, 82, 170
2176, 34, 266
2177, 251, 643
2178, 686, 809
2179, 537, 695
2180, 414, 702
2181, 295, 919
2182, 87, 672
2183, 323, 849
2184, 261, 465
2185, 296, 366
2186, 263, 890
2187, 154, 761
2188, 254, 435
2189, 738, 996
2190, 303, 881
2191, 428, 796
2192, 311, 350
2193, 16, 950
2194, 96, 638
2195, 45, 856
2196, 758, 893
2197, 656, 770
2198, 247, 851
2199, 74, 421
2200, 319, 910
2201, 627, 632
2202, 304, 650
2203, 471, 915
2204, 544, 784
2205, 347, 490
2206, 394, 859
2207, 842, 896
2208, 156, 745
2209, 139, 171
2210, 530, 759
2211, 368, 518
2212, 744, 874
2213, 693, 962
2214, 398, 519
2215, 381, 972
2216, 748, 776
2217, 501, 679
2218, 723, 928
2219, 249, 653
2220, 238, 837
2221, 506, 930
2222, 131, 309
2223, 184, 618
2224, 437, 658
2225, 906, 998
2226, 563, 900
2227, 409, 790
2228, 257, 447
2229, 234, 358
2230, 290, 553
2231, 83, 314
2232, 265, 938
2233, 322, 749
2234, 98, 951
2235, 19, 52
2236, 356, 399
2237, 208, 340
2238, 492, 924
2239, 186, 359
2240, 284, 736
2241, 61, 569
2242, 536, 958
2243, 133, 570
2244, 525, 771
2245, 201, 936
2246, 207, 571
2247, 508, 659
2248, 100, 403
2249, 873, 882
2250, 114, 591
2251, 85, 825
2252, 195, 880
2253, 564, 844
2254, 305, 512
2255, 626, 848
2256, 445, 993
2257, 648, 737
2258, 438, 624
2259, 787, 960
2260, 551, 841
2261, 352, 603
2262, 223, 774
2263, 15, 105
2264, 592, 762
2265, 256, 944
2266, 242, 698
2267, 385, 984
2268, 443, 513
2269, 274, 826
2270, 846, 967
2271, 482, 715
2272, 602, 884
2273, 123, 675
2274, 17, 343
2275, 453, 593
2276, 503, 616
2277, 221, 283
2278, 393, 637
2279, 578, 940
2280, 59, 785
2281, 416, 945
2282, 854, 943
2283, 291, 419
2284, 181, 727
2285, 140, 768
2286, 25, 374
2287, 554, 850
2288, 949, 999
2289, 120, 169
2290, 130, 948
2291, 712, 916
2292, 166, 396
2293, 587, 942
2294, 248, 801
2295, 498, 863
2296, 708, 767
2297, 772, 833
2298, 639, 782
2299, 262, 365
2300, 149, 964
2301, 692, 878
2302, 168, 901
2303, 386, 621
2304, 112, 769
2305, 117, 783
2306, 681, 709
2307, 383, 440
2308, 55, 384
2309, 146, 818
2310, 532, 838
2311, 218, 344
2312, 174, 934
2313, 2, 961
2314, 710, 876
2315, 415, 555
2316, 196, 645
2317, 134, 892
2318, 132, 527
2319, 540, 685
2320, 408, 458
2321, 228, 855
2322, 64, 821
2323, 558, 725
2324, 505, 792
2325, 211, 281
2326, 382, 442
2327, 334, 579
2328, 258, 717
2329, 71, 145
2330, 8, 37
2331, 233, 299
2332, 779, 905
2333, 109, 623
2334, 143, 875
2335, 115, 493
2336, 13, 839
2337, 533, 724
2338, 666, 983
2339, 599, 697
2340, 75, 891
2341, 255, 273
2342, 502, 574
2343, 101, 613
2344, 470, 754
2345, 46, 293
2346, 162, 560
2347, 379, 743
2348, 78, 997
2349, 47, 245
2350, 364, 388
2351, 236, 547
2352, 65, 118
2353, 760, 887
2354, 177, 811
2355, 795, 889
2356, 688, 897
2357, 121, 684
2358, 203, 589
2359, 312, 691
2360, 630, 651
2361, 612, 835
2362, 369, 923
2363, 58, 289
2364, 20, 857
2365, 141, 217
2366, 300, 952
2367, 921, 986
2368, 477, 953
2369, 205, 277
2370, 829, 869
2371, 372, 920
2372, 4, 127
2373, 272, 654
2374, 94, 497
2375, 459, 585
2376, 32, 219
2377, 108, 345
2378, 363, 742
2379, 331, 427
2380, 610, 804
2381, 488, 510
2382, 30, 390
2383, 267, 526
2384, 326, 413
2385, 60, 753
2386, 24, 424
2387, 617, 888
2388, 99, 110
2389, 287, 914
2390, 40, 872
2391, 461, 472
2392, 400, 468
2393, 521, 559
2394, 95, 173
2395, 302, 647
2396, 483, 677
2397, 21, 425
2398, 232, 664
2399, 335, 766
2400, 377, 663
2401, 763, 858
2402, 937, 974
2403, 584, 669
2404, 420, 694
2405, 230, 481
2406, 517, 931
2407, 279, 963
2408, 204, 423
2409, 788, 941
2410, 172, 824
2411, 119, 307
2412, 51, 227
2413, 499, 955
2414, 175, 183
2415, 330, 620
2416, 182, 436
2417, 336, 412
2418, 278, 741
2419, 406, 862
2420, 473, 615
2421, 72, 158
2422, 237, 524
2423, 79, 800
2424, 474, 661
2425, 292, 596
2426, 387, 642
2427, 150, 392
2428, 689, 894
2429, 144, 682
2430, 84, 845
2431, 337, 756
2432, 180, 696
2433, 49, 439
2434, 324, 375
2435, 93, 752
2436, 452, 601
2437, 241, 489
2438, 31, 44
2439, 282, 660
2440, 487, 619
2441, 151, 332
2442, 97, 629
2443, 495, 581
2444, 68, 80
2445, 194, 430
2446, 978, 1000
2447, 552, 604
2448, 214, 992
2449, 9, 444
2450, 449, 462
2451, 432, 781
2452, 188, 476
2453, 116, 700
2454, 128, 494
2455, 808, 902
2456, 189, 633
2457, 48, 520
2458, 7, 582
2459, 152, 671
2460, 566, 827
2461, 3, 646
2462, 142, 634
2463, 91, 546
2464, 641, 917
2465, 325, 565
2466, 239, 895
2467, 224, 981
2468, 797, 918
2469, 12, 673
2470, 102, 959
2471, 538, 899
2472, 395, 995
2473, 69, 843
2474, 548, 588
2475, 805, 806
2476, 176, 327
2477, 22, 817
2478, 404, 608
2479, 720, 840
2480, 469, 885
2481, 609, 865
2482, 36, 699
2483, 357, 667
2484, 765, 778
2485, 193, 373
2486, 288, 956
2487, 397, 822
2488, 636, 989
2489, 269, 450
2490, 23, 657
2491, 455, 549
2492, 153, 912
2493, 866, 987
2494, 342, 988
2495, 122, 456
2496, 441, 904
2497, 362, 668
2498, 35, 126
2499, 275, 907
2500, 460, 816
2501, 916, 978
2502, 156, 774
2503, 161, 378
2504, 318, 797
2505, 788, 802
2506, 417, 651
2507, 214, 858
2508, 410, 470
2509, 32, 825
2510, 392, 843
2511, 240, 393
2512, 645, 698
2513, 42, 782
2514, 178, 663
2515, 343, 830
2516, 414, 472
2517, 27, 703
2518, 480, 790
2519, 111, 269
2520, 41, 277
2521, 160, 394
2522, 197, 601
2523, 67, 466
2524, 381, 624
2525, 643, 707
2526, 780, 831
2527, 5, 39
2528, 522, 670
2529, 626, 817
2530, 253, 595
2531, 21, 232
2532, 445, 497
2533, 49, 260
2534, 433, 521
2535, 482, 684
2536, 484, 940
2537, 84, 556
2538, 872, 934
2539, 262, 567
2540, 213, 582
2541, 736, 738
2542, 327, 795
2543, 371, 617
2544, 223, 924
2545, 406, 733
2546, 134, 443
2547, 537, 968
2548, 266, 561
2549, 199, 297
2550, 753, 947
2551, 471, 679
2552, 379, 654
2553, 201, 776
2554, 910, 942
2555, 792, 888
2556, 279, 841
2557, 177, 345
2558, 239, 340
2559, 463, 699
2560, 576, 715
2561, 149, 689
2562, 101, 917
2563, 473, 970
2564, 102, 206
2565, 270, 380
2566, 603, 871
2567, 305, 591
2568, 498, 824
2569, 419, 608
2570, 205, 974
2571, 860, 909
2572, 79, 756
2573, 341, 856
2574, 267, 905
2575, 254, 347
2576, 2, 894
2577, 377, 697
2578, 77, 511
2579, 180, 186
2580, 420, 844
2581, 300, 926
2582, 220, 682
2583, 76, 660
2584, 122, 960
2585, 641, 979
2586, 16, 92
2587, 234, 551
2588, 496, 939
2589, 18, 891
2590, 248, 665
2591, 295, 499
2592, 746, 829
2593, 628, 998
2594, 130, 773
2595, 692, 994
2596, 115, 333
2597, 203, 948
2598, 742, 931
2599, 146, 908
2600, 57, 280
2601, 427, 461
2602, 82, 339
2603, 859, 913
2604, 30, 490
2605, 554, 657
2606, 324, 921
2607, 287, 755
2608, 12, 70
2609, 568, 571
2610, 212, 833
2611, 675, 864
2612, 20, 291
2613, 259, 424
2614, 95, 854
2615, 19, 549
2616, 184, 326
2617, 609, 691
2618, 361, 766
2619, 495, 637
2620, 179, 883
2621, 325, 518
2622, 228, 720
2623, 285, 629
2624, 794, 827
2625, 225, 912
2626, 376, 451
2627, 71, 454
2628, 533, 885
2629, 59, 861
2630, 54, 464
2631, 8, 491
2632, 129, 446
2633, 553, 880
2634, 541, 806
2635, 265, 907
2636, 388, 683
2637, 365, 616
2638, 386, 432
2639, 165, 435
2640, 401, 852
2641, 500, 714
2642, 943, 944
2643, 323, 526
2644, 350, 711
2645, 415, 783
2646, 131, 268
2647, 659, 868
2648, 271, 842
2649, 372, 786
2650, 422, 423
2651, 387, 570
2652, 925, 971
2653, 308, 593
2654, 331, 810
2655, 26, 457
2656, 255, 338
2657, 23, 64
2658, 29, 555
2659, 167, 532
2660, 204, 945
2661, 66, 589
2662, 355, 709
2663, 45, 638
2664, 747, 996
2665, 226, 762
2666, 33, 198
2667, 200, 893
2668, 357, 735
2669, 274, 985
2670, 373, 889
2671, 58, 99
2672, 17, 479
2673, 513, 793
2674, 384, 791
2675, 126, 620
2676, 137, 486
2677, 359, 919
2678, 144, 869
2679, 263, 621
2680, 133, 362
2681, 701, 826
2682, 112, 958
2683, 397, 409
2684, 194, 805
2685, 385, 874
2686, 296, 523
2687, 218, 501
2688, 840, 914
2689, 9, 973
2690, 174, 980
2691, 132, 787
2692, 34, 729
2693, 50, 749
2694, 193, 911
2695, 3, 678
2696, 190, 250
2697, 364, 577
2698, 215, 750
2699, 453, 767
2700, 745, 862
2701, 127, 590
2702, 600, 961
2703, 569, 867
2704, 62, 634
2705, 164, 808
2706, 202, 413
2707, 442, 744
2708, 662, 959
2709, 229, 781
2710, 209, 604
2711, 247, 671
2712, 261, 468
2713, 83, 929
2714, 416, 492
2715, 264, 975
2716, 956, 977
2717, 104, 543
2718, 138, 920
2719, 181, 487
2720, 390, 686
2721, 572, 772
2722, 322, 344
2723, 121, 933
2724, 15, 955
2725, 512, 812
2726, 459, 993
2727, 752, 886
2728, 10, 687
2729, 109, 224
2730, 153, 517
2731, 119, 630
2732, 336, 579
2733, 93, 421
2734, 90, 676
2735, 55, 363
2736, 354, 878
2737, 504, 991
2738, 636, 737
2739, 848, 1000
2740, 483, 990
2741, 124, 292
2742, 467, 706
2743, 375, 462
2744, 693, 820
2745, 63, 765
2746, 227, 655
2747, 485, 778
2748, 352, 425
2749, 619, 839
2750, 219, 246
2751, 88, 91
2752, 560, 870
2753, 196, 954
2754, 170, 235
2755, 97, 896
2756, 353, 873
2757, 449, 902
2758, 426, 542
2759, 664, 951
2760, 154, 241
2761, 273, 828
2762, 53, 618
2763, 307, 559
2764, 73, 275
2765, 114, 611
2766, 98, 430
2767, 337, 649
2768, 314, 494
2769, 763, 946
2770, 78, 465
2771, 475, 935
2772, 716, 777
2773, 748, 770
2774, 367, 564
2775, 36, 509
2776, 418, 538
2777, 431, 881
2778, 96, 351
2779, 35, 125
2780, 383, 633
2781, 236, 879
2782, 315, 823
2783, 398, 405
2784, 602, 952
2785, 110, 667
2786, 580, 760
2787, 230, 981
2788, 677, 953
2789, 734, 798
2790, 44, 100
2791, 758, 837
2792, 389, 938
2793, 329, 739
2794, 438, 690
2795, 775, 882
2796, 46, 625
2797, 47, 310
2798, 801, 983
2799, 313, 502
2800, 81, 183
2801, 135, 536
2802, 106, 444
2803, 136, 585
2804, 24, 515
2805, 175, 222
2806, 328, 694
2807, 622, 976
2808, 437, 680
2809, 573, 814
2810, 403, 653
2811, 412, 429
2812, 148, 539
2813, 1, 452
2814, 606, 957
2815, 105, 557
2816, 208, 708
2817, 332, 704
2818, 768, 941
2819, 685, 723
2820, 128, 751
2821, 302, 520
2822, 118, 639
2823, 158, 700
2824, 696, 866
2825, 583, 906
2826, 191, 211
2827, 632, 674
2828, 173, 545
2829, 103, 599
2830, 481, 642
2831, 245, 816
2832, 31, 899
2833, 40, 982
2834, 299, 311
2835, 284, 320
2836, 210, 631
2837, 547, 721
2838, 80, 804
2839, 469, 530
2840, 369, 995
2841, 514, 846
2842, 574, 845
2843, 52, 964
2844, 145, 489
2845, 69, 527
2846, 507, 835
2847, 524, 771
2848, 348, 594
2849, 86, 644
2850, 548, 836
2851, 182, 531
2852, 159, 251
2853, 68, 761
2854, 312, 455
2855, 65, 587
2856, 303, 370
2857, 281, 724
2858, 4, 477
2859, 586, 877
2860, 74, 428
2861, 61, 187
2862, 757, 855
2863, 157, 588
2864, 75, 546
2865, 493, 838
2866, 37, 815
2867, 150, 779
2868, 818, 834
2869, 516, 661
2870, 25, 967
2871, 508, 950
2872, 534, 936
2873, 258, 865
2874, 217, 448
2875, 565, 821
2876, 578, 822
2877, 43, 681
2878, 803, 988
2879, 374, 505
2880, 807, 984
2881, 597, 764
2882, 298, 614
2883, 476, 832
2884, 216, 900
2885, 650, 712
2886, 176, 819
2887, 231, 915
2888, 668, 853
2889, 535, 717
2890, 7, 450
2891, 11, 566
2892, 14, 366
2893, 439, 997
2894, 923, 928
2895, 294, 395
2896, 726, 730
2897, 652, 728
2898, 188, 743
2899, 282, 529
2900, 688, 927
2901, 276, 809
2902, 108, 613
2903, 72, 456
2904, 257, 544
2905, 713, 962
2906, 168, 615
2907, 321, 887
2908, 368, 646
2909, 558, 669
2910, 166, 399
2911, 349, 356
2912, 38, 342
2913, 358, 510
2914, 581, 695
2915, 288, 584
2916, 769, 863
2917, 528, 847
2918, 396, 918
2919, 147, 969
2920, 722, 740
2921, 478, 796
2922, 702, 789
2923, 402, 474
2924, 28, 283
2925, 51, 278
2926, 506, 759
2927, 140, 963
2928, 117, 612
2929, 458, 986
2930, 142, 903
2931, 346, 503
2932, 60, 875
2933, 658, 904
2934, 575, 727
2935, 249, 992
2936, 408, 519
2937, 256, 741
2938, 185, 656
2939, 731, 898
2940, 411, 607
2941, 172, 319
2942, 13, 221
2943, 563, 673
2944, 163, 605
2945, 306, 849
2946, 460, 725
2947, 850, 892
2948, 22, 151
2949, 189, 440
2950, 48, 813
2951, 400, 732
2952, 648, 987
2953, 207, 640
2954, 316, 334
2955, 139, 562
2956, 623, 922
2957, 141, 434
2958, 87, 851
2959, 195, 719
2960, 272, 436
2961, 335, 441
2962, 162, 718
2963, 89, 525
2964, 56, 237
2965, 192, 293
2966, 301, 999
2967, 884, 932
2968, 6, 238
2969, 596, 949
2970, 85, 754
2971, 289, 895
2972, 155, 488
2973, 592, 989
2974, 286, 317
2975, 120, 152
2976, 123, 540
2977, 244, 635
2978, 550, 672
2979, 930, 965
2980, 811, 897
2981, 309, 876
2982, 242, 252
2983, 647, 799
2984, 785, 901
2985, 113, 143
2986, 552, 705
2987, 233, 598
2988, 290, 937
2989, 391, 627
2990, 169, 243
2991, 360, 404
2992, 171, 330
2993, 784, 857
2994, 710, 800
2995, 94, 666
2996, 107, 890
2997, 966, 972
2998, 304, 382
2999, 116, 407
3000, 447, 610
3001, 334, 990
3002, 50, 550
3003, 168, 272
3004, 53, 691
3005, 72, 529
3006, 442, 675
3007, 647, 777
3008, 855, 973
3009, 195, 519
3010, 327, 738
3011, 376, 912
3012, 156, 617
3013, 370, 928
3014, 103, 423
3015, 60, 862
3016, 206, 526
3017, 545, 896
3018, 291, 314
3019, 325, 583
3020, 173, 888
3021, 464, 553
3022, 131, 569
3023, 147, 492
3024, 163, 660
3025, 330, 499
3026, 342, 936
3027, 533, 816
3028, 134, 537
3029, 190, 968
3030, 865, 926
3031, 362, 382
3032, 856, 915
3033, 374, 792
3034, 392, 414
3035, 290, 619
3036, 875, 998
3037, 434, 957
3038, 101, 490
3039, 112, 252
3040, 498, 886
3041, 568, 781
3042, 34, 284
3043, 25, 827
3044, 308, 809
3045, 118, 750
3046, 172, 323
3047, 534, 566
3048, 589, 688
3049, 183, 789
3050, 640, 830
3051, 77, 924
3052, 22, 298
3053, 727, 860
3054, 363, 720
3055, 194, 632
3056, 388, 481
3057, 182, 413
3058, 311, 324
3059, 266, 899
3060, 369, 735
3061, 30, 810
3062, 451, 981
3063, 893, 946
3064, 242, 921
3065, 246, 277
3066, 20, 796
3067, 17, 213
3068, 275, 889
3069, 612, 749
3070, 4, 27
3071, 230, 815
3072, 29, 243
3073, 236, 795
3074, 247, 452
3075, 180, 326
3076, 259, 950
3077, 105, 657
3078, 539, 780
3079, 89, 177
3080, 226, 479
3081, 97, 648
3082, 283, 609
3083, 510, 656
3084, 552, 759
3085, 350, 806
3086, 210, 980
3087, 254, 942
3088, 301, 305
3089, 227, 634
3090, 584, 883
3091, 231, 270
3092, 390, 548
3093, 154, 702
3094, 505, 847
3095, 572, 618
3096, 477, 536
3097, 216, 588
3098, 81, 576
3099, 405, 863
3100, 107, 722
3101, 55, 943
3102, 677, 822
3103, 59, 238
3104, 629, 836
3105, 19, 199
3106, 140, 176
3107, 541, 700
3108, 371, 711
3109, 70, 198
3110, 286, 417
3111, 410, 685
3112, 524, 803
3113, 78, 219
3114, 188, 778
3115, 268, 739
3116, 375, 642
3117, 24, 234
3118, 151, 959
3119, 63, 678
3120, 56, 256
3121, 185, 663
3122, 160, 743
3123, 491, 929
3124, 846, 908
3125, 48, 253
3126, 205, 377
3127, 137, 351
3128, 267, 732
3129, 694, 710
3130, 844, 922
3131, 879, 996
3132, 68, 600
3133, 9, 297
3134, 167, 610
3135, 707, 776
3136, 426, 897
3137, 276, 639
3138, 84, 459
3139, 129, 159
3140, 769, 931
3141, 99, 109
3142, 383, 824
3143, 917, 927
3144, 237, 378
3145, 91, 340
3146, 704, 821
3147, 466, 965
3148, 211, 348
3149, 69, 200
3150, 128, 878
3151, 245, 421
3152, 742, 859
3153, 79, 562
3154, 431, 784
3155, 361, 970
3156, 251, 503
3157, 115, 811
3158, 438, 930
3159, 202, 480
3160, 127, 166
3161, 455, 723
3162, 495, 607
3163, 26, 611
3164, 409, 443
3165, 204, 673
3166, 613, 716
3167, 355, 901
3168, 86, 593
3169, 288, 471
3170, 387, 960
3171, 718, 772
3172, 157, 488
3173, 595, 596
3174, 339, 428
3175, 110, 800
3176, 82, 664
3177, 599, 871
3178, 265, 644
3179, 804, 953
3180, 329, 911
3181, 520, 754
3182, 580, 762
3183, 145, 668
3184, 876, 881
3185, 220, 761
3186, 932, 972
3187, 403, 782
3188, 502, 581
3189, 92, 285
3190, 123, 316
3191, 419, 692
3192, 62, 646
3193, 544, 764
3194, 328, 489
3195, 292, 396
3196, 672, 841
3197, 54, 787
3198, 705, 873
3199, 232, 633
3200, 187, 747
3201, 507, 842
3202, 665, 828
3203, 16, 658
3204, 139, 737
3205, 332, 591
3206, 424, 429
3207, 689, 793
3208, 263, 736
3209, 603, 636
3210, 391, 773
3211, 64, 416
3212, 469, 475
3213, 274, 400
3214, 28, 945
3215, 934, 991
3216, 31, 651
3217, 179, 257
3218, 218, 703
3219, 98, 798
3220, 494, 935
3221, 373, 483
3222, 406, 923
3223, 196, 449
3224, 530, 667
3225, 724, 748
3226, 814, 1000
3227, 625, 969
3228, 517, 785
3229, 496, 573
3230, 132, 891
3231, 40, 73
3232, 192, 808
3233, 104, 728
3234, 155, 971
3235, 515, 833
3236, 307, 877
3237, 136, 215
3238, 271, 299
3239, 696, 823
3240, 102, 721
3241, 67, 93
3242, 849, 904
3243, 130, 201
3244, 150, 813
3245, 698, 978
3246, 32, 987
3247, 143, 733
3248, 730, 848
3249, 472, 655
3250, 602, 746
3251, 37, 819
3252, 36, 379
3253, 229, 521
3254, 393, 643
3255, 354, 894
3256, 57, 116
3257, 695, 963
3258, 766, 831
3259, 478, 540
3260, 359, 461
3261, 701, 837
3262, 445, 731
3263, 631, 956
3264, 349, 487
3265, 3, 900
3266, 42, 142
3267, 225, 903
3268, 347, 357
3269, 586, 857
3270, 65, 594
3271, 83, 755
3272, 420, 549
3273, 175, 223
3274, 551, 744
3275, 317, 989
3276, 346, 385
3277, 214, 473
3278, 121, 425
3279, 228, 575
3280, 344, 825
3281, 71, 985
3282, 117, 558
3283, 293, 910
3284, 161, 557
3285, 43, 717
3286, 547, 570
3287, 96, 514
3288, 111, 605
3289, 741, 868
3290, 454, 713
3291, 240, 938
3292, 106, 993
3293, 624, 944
3294, 401, 834
3295, 768, 951
3296, 360, 802
3297, 394, 561
3298, 563, 866
3299, 532, 535
3300, 287, 335
3301, 979, 999
3302, 10, 453
3303, 463, 542
3304, 46, 725
3305, 381, 543
3306, 18, 760
3307, 178, 367
3308, 890, 905
3309, 114, 556
3310, 221, 336
3311, 138, 626
3312, 578, 699
3313, 44, 264
3314, 164, 476
3315, 8, 13
3316, 208, 604
3317, 193, 528
3318, 441, 474
3319, 66, 662
3320, 331, 630
3321, 87, 679
3322, 2, 645
3323, 415, 986
3324, 681, 869
3325, 456, 615
3326, 61, 801
3327, 244, 470
3328, 564, 947
3329, 184, 933
3330, 437, 914
3331, 380, 843
3332, 411, 508
3333, 343, 628
3334, 75, 638
3335, 412, 994
3336, 440, 579
3337, 497, 512
3338, 887, 955
3339, 446, 774
3340, 141, 940
3341, 45, 992
3342, 212, 832
3343, 119, 345
3344, 522, 674
3345, 313, 447
3346, 304, 366
3347, 448, 949
3348, 402, 838
3349, 303, 916
3350, 482, 726
3351, 384, 582
3352, 171, 706
3353, 174, 659
3354, 467, 880
3355, 712, 756
3356, 158, 708
3357, 709, 962
3358, 531, 918
3359, 113, 546
3360, 465, 786
3361, 239, 621
3362, 250, 790
3363, 729, 920
3364, 817, 919
3365, 35, 714
3366, 209, 779
3367, 95, 269
3368, 460, 954
3369, 653, 902
3370, 74, 788
3371, 241, 627
3372, 511, 661
3373, 432, 829
3374, 186, 635
3375, 148, 884
3376, 296, 623
3377, 294, 941
3378, 637, 892
3379, 851, 852
3380, 261, 592
3381, 753, 895
3382, 854, 872
3383, 395, 525
3384, 794, 840
3385, 302, 948
3386, 207, 368
3387, 513, 693
3388, 757, 853
3389, 146, 165
3390, 7, 422
3391, 341, 687
3392, 249, 850
3393, 135, 858
3394, 527, 976
3395, 337, 397
3396, 485, 585
3397, 372, 767
3398, 23, 408
3399, 38, 306
3400, 358, 614
3401, 76, 217
3402, 352, 501
3403, 430, 966
3404, 398, 697
3405, 235, 885
3406, 152, 882
3407, 273, 598
3408, 21, 555
3409, 606, 684
3410, 310, 686
3411, 248, 356
3412, 278, 577
3413, 260, 964
3414, 108, 170
3415, 616, 745
3416, 864, 995
3417, 365, 654
3418, 169, 389
3419, 559, 715
3420, 281, 752
3421, 5, 997
3422, 683, 826
3423, 622, 775
3424, 49, 295
3425, 608, 835
3426, 649, 751
3427, 224, 641
3428, 399, 590
3429, 315, 771
3430, 309, 457
3431, 538, 974
3432, 650, 958
3433, 80, 468
3434, 255, 484
3435, 33, 820
3436, 191, 203
3437, 197, 574
3438, 906, 988
3439, 124, 262
3440, 153, 845
3441, 41, 975
3442, 280, 913
3443, 319, 509
3444, 100, 977
3445, 222, 404
3446, 15, 318
3447, 94, 282
3448, 11, 805
3449, 258, 486
3450, 433, 506
3451, 338, 770
3452, 233, 279
3453, 12, 462
3454, 162, 321
3455, 560, 807
3456, 289, 839
3457, 418, 587
3458, 333, 967
3459, 181, 937
3460, 51, 122
3461, 435, 961
3462, 493, 982
3463, 690, 791
3464, 799, 818
3465, 312, 500
3466, 353, 719
3467, 565, 984
3468, 58, 407
3469, 52, 620
3470, 320, 812
3471, 870, 909
3472, 364, 458
3473, 189, 597
3474, 439, 925
3475, 386, 516
3476, 518, 907
3477, 571, 898
3478, 120, 671
3479, 669, 740
3480, 47, 861
3481, 149, 601
3482, 90, 652
3483, 125, 939
3484, 436, 554
3485, 133, 450
3486, 504, 765
3487, 1, 444
3488, 763, 983
3489, 85, 797
3490, 523, 680
3491, 300, 666
3492, 734, 867
3493, 758, 783
3494, 322, 676
3495, 88, 670
3496, 6, 952
3497, 144, 874
3498, 427, 682
3499, 14, 567
3500, 39, 126
3501, 790, 891
3502, 623, 980
3503, 470, 781
3504, 230, 693
3505, 354, 808
3506, 303, 617
3507, 498, 524
3508, 36, 377
3509, 401, 792
3510, 471, 553
3511, 283, 669
3512, 28, 38
3513, 760, 997
3514, 227, 259
3515, 262, 557
3516, 206, 934
3517, 349, 821
3518, 339, 722
3519, 774, 884
3520, 344, 673
3521, 134, 379
3522, 813, 965
3523, 385, 563
3524, 406, 988
3525, 320, 516
3526, 141, 837
3527, 61, 365
3528, 121, 930
3529, 104, 576
3530, 888, 953
3531, 130, 364
3532, 330, 657
3533, 32, 692
3534, 202, 580
3535, 282, 752
3536, 546, 924
3537, 157, 753
3538, 44, 727
3539, 190, 513
3540, 48, 456
3541, 817, 928
3542, 482, 791
3543, 647, 848
3544, 160, 711
3545, 123, 668
3546, 223, 512
3547, 247, 257
3548, 299, 509
3549, 343, 971
3550, 24, 541
3551, 27, 319
3552, 14, 809
3553, 263, 522
3554, 469, 767
3555, 367, 477
3556, 132, 554
3557, 391, 762
3558, 22, 360
3559, 18, 568
3560, 398, 415
3561, 665, 946
3562, 77, 285
3563, 772, 880
3564, 208, 484
3565, 162, 627
3566, 115, 507
3567, 55, 862
3568, 124, 589
3569, 501, 747
3570, 643, 674
3571, 269, 372
3572, 42, 212
3573, 757, 906
3574, 770, 887
3575, 945, 991
3576, 301, 875
3577, 172, 500
3578, 346, 785
3579, 110, 318
3580, 897, 955
3581, 448, 713
3582, 734, 789
3583, 745, 952
3584, 49, 763
3585, 59, 868
3586, 293, 874
3587, 335, 353
3588, 19, 526
3589, 310, 567
3590, 171, 436
3591, 453, 748
3592, 591, 859
3593, 635, 725
3594, 302, 950
3595, 769, 819
3596, 909, 964
3597, 251, 481
3598, 174, 833
3599, 729, 801
3600, 194, 294
3601, 511, 871
3602, 327, 957
3603, 810, 853
3604, 486, 695
3605, 126, 432
3606, 88, 829
3607, 198, 662
3608, 66, 112
3609, 370, 844
3610, 389, 517
3611, 62, 193
3612, 298, 332
3613, 290, 594
3614, 473, 1000
3615, 74, 417
3616, 93, 122
3617, 397, 882
3618, 336, 592
3619, 416, 710
3620, 420, 989
3621, 164, 943
3622, 116, 807
3623, 276, 352
3624, 531, 598
3625, 180, 200
3626, 69, 242
3627, 238, 739
3628, 287, 561
3629, 625, 631
3630, 452, 493
3631, 304, 527
3632, 156, 399
3633, 54, 699
3634, 340, 582
3635, 325, 408
3636, 108, 222
3637, 1, 834
3638, 31, 521
3639, 308, 778
3640, 147, 854
3641, 78, 86
3642, 680, 820
3643, 679, 994
3644, 495, 505
3645, 357, 764
3646, 490, 597
3647, 277, 434
3648, 268, 577
3649, 515, 676
3650, 916, 973
3651, 358, 419
3652, 167, 911
3653, 404, 886
3654, 72, 788
3655, 196, 306
3656, 107, 622
3657, 463, 933
3658, 650, 663
3659, 782, 794
3660, 127, 280
3661, 195, 447
3662, 324, 630
3663, 438, 914
3664, 117, 915
3665, 611, 682
3666, 153, 836
3667, 13, 717
3668, 85, 940
3669, 777, 811
3670, 684, 856
3671, 701, 798
3672, 67, 691
3673, 155, 487
3674, 11, 525
3675, 186, 925
3676, 149, 818
3677, 572, 714
3678, 199, 422
3679, 140, 173
3680, 378, 960
3681, 313, 394
3682, 23, 488
3683, 29, 963
3684, 355, 621
3685, 412, 849
3686, 229, 380
3687, 236, 543
3688, 496, 959
3689, 286, 986
3690, 272, 613
3691, 113, 362
3692, 799, 985
3693, 540, 616
3694, 556, 773
3695, 92, 192
3696, 502, 972
3697, 494, 932
3698, 105, 615
3699, 585, 721
3700, 63, 410
3701, 307, 720
3702, 221, 796
3703, 440, 550
3704, 342, 575
3705, 664, 832
3706, 425, 707
3707, 228, 995
3708, 333, 698
3709, 296, 992
3710, 6, 461
3711, 53, 641
3712, 678, 768
3713, 30, 566
3714, 133, 458
3715, 159, 210
3716, 371, 593
3717, 169, 670
3718, 39, 150
3719, 537, 736
3720, 361, 642
3721, 209, 709
3722, 602, 741
3723, 312, 775
3724, 545, 628
3725, 111, 917
3726, 402, 812
3727, 384, 655
3728, 300, 478
3729, 73, 697
3730, 90, 905
3731, 267, 921
3732, 341, 549
3733, 703, 750
3734, 468, 902
3735, 214, 595
3736, 288, 765
3737, 331, 449
3738, 182, 824
3739, 270, 705
3740, 191, 369
3741, 323, 428
3742, 279, 426
3743, 696, 759
3744, 328, 603
3745, 33, 129
3746, 275, 961
3747, 76, 374
3748, 523, 548
3749, 672, 852
3750, 492, 685
3751, 170, 266
3752, 825, 913
3753, 246, 926
3754, 136, 966
3755, 243, 872
3756, 309, 726
3757, 658, 708
3758, 8, 64
3759, 284, 865
3760, 433, 671
3761, 237, 869
3762, 424, 784
3763, 706, 920
3764, 189, 519
3765, 660, 804
3766, 489, 609
3767, 81, 101
3768, 106, 120
3769, 20, 382
3770, 96, 724
3771, 99, 847
3772, 137, 381
3773, 57, 689
3774, 841, 974
3775, 252, 467
3776, 870, 903
3777, 52, 445
3778, 128, 491
3779, 125, 651
3780, 390, 793
3781, 564, 758
3782, 146, 890
3783, 240, 351
3784, 702, 803
3785, 472, 614
3786, 60, 457
3787, 929, 993
3788, 139, 806
3789, 204, 386
3790, 163, 528
3791, 345, 514
3792, 232, 823
3793, 40, 326
3794, 144, 864
3795, 405, 475
3796, 235, 474
3797, 295, 687
3798, 712, 850
3799, 161, 881
3800, 520, 797
3801, 165, 559
3802, 441, 866
3803, 289, 787
3804, 347, 612
3805, 25, 619
3806, 387, 899
3807, 91, 675
3808, 176, 936
3809, 47, 413
3810, 843, 927
3811, 560, 919
3812, 588, 738
3813, 187, 421
3814, 17, 842
3815, 215, 900
3816, 555, 944
3817, 50, 962
3818, 497, 640
3819, 250, 356
3820, 15, 265
3821, 584, 606
3822, 780, 987
3823, 46, 867
3824, 454, 544
3825, 10, 392
3826, 450, 686
3827, 94, 942
3828, 970, 990
3829, 16, 177
3830, 479, 861
3831, 938, 976
3832, 231, 978
3833, 75, 131
3834, 148, 518
3835, 118, 316
3836, 226, 666
3837, 435, 535
3838, 95, 317
3839, 56, 947
3840, 183, 244
3841, 605, 742
3842, 80, 892
3843, 305, 800
3844, 322, 395
3845, 583, 858
3846, 220, 937
3847, 840, 967
3848, 466, 637
3849, 143, 779
3850, 499, 733
3851, 100, 632
3852, 587, 600
3853, 151, 430
3854, 383, 958
3855, 376, 754
3856, 618, 756
3857, 551, 983
3858, 12, 311
3859, 751, 935
3860, 37, 624
3861, 58, 314
3862, 898, 918
3863, 638, 652
3864, 644, 999
3865, 188, 423
3866, 503, 731
3867, 154, 253
3868, 89, 822
3869, 158, 629
3870, 97, 740
3871, 366, 407
3872, 68, 688
3873, 264, 393
3874, 431, 485
3875, 547, 573
3876, 4, 845
3877, 71, 723
3878, 70, 273
3879, 119, 860
3880, 578, 954
3881, 329, 802
3882, 248, 984
3883, 574, 908
3884, 271, 876
3885, 715, 907
3886, 442, 599
3887, 297, 570
3888, 3, 460
3889, 166, 949
3890, 581, 653
3891, 203, 562
3892, 558, 571
3893, 152, 795
3894, 83, 922
3895, 608, 776
3896, 109, 728
3897, 65, 654
3898, 732, 839
3899, 261, 667
3900, 375, 735
3901, 179, 744
3902, 135, 530
3903, 278, 337
3904, 816, 895
3905, 245, 315
3906, 26, 532
3907, 529, 539
3908, 414, 977
3909, 292, 451
3910, 633, 690
3911, 579, 910
3912, 178, 827
3913, 87, 569
3914, 43, 254
3915, 590, 814
3916, 427, 439
3917, 504, 510
3918, 233, 956
3919, 256, 350
3920, 216, 931
3921, 21, 601
3922, 211, 855
3923, 400, 885
3924, 396, 838
3925, 218, 403
3926, 586, 746
3927, 102, 883
3928, 878, 996
3929, 373, 538
3930, 542, 766
3931, 241, 939
3932, 610, 981
3933, 82, 904
3934, 225, 896
3935, 224, 681
3936, 34, 694
3937, 459, 877
3938, 659, 683
3939, 114, 889
3940, 483, 719
3941, 142, 359
3942, 718, 901
3943, 941, 969
3944, 388, 607
3945, 444, 506
3946, 7, 219
3947, 41, 831
3948, 704, 863
3949, 168, 217
3950, 634, 648
3951, 2, 5
3952, 197, 968
3953, 255, 321
3954, 239, 771
3955, 464, 536
3956, 730, 851
3957, 213, 755
3958, 508, 645
3959, 258, 443
3960, 45, 465
3961, 661, 830
3962, 534, 826
3963, 626, 805
3964, 249, 783
3965, 363, 409
3966, 260, 737
3967, 857, 873
3968, 462, 835
3969, 281, 446
3970, 234, 368
3971, 846, 893
3972, 79, 982
3973, 84, 923
3974, 334, 620
3975, 338, 348
3976, 418, 636
3977, 716, 786
3978, 743, 828
3979, 98, 749
3980, 646, 649
3981, 455, 656
3982, 205, 274
3983, 201, 815
3984, 533, 700
3985, 145, 480
3986, 552, 998
3987, 411, 604
3988, 175, 677
3989, 51, 185
3990, 103, 761
3991, 951, 979
3992, 138, 181
3993, 429, 894
3994, 184, 912
3995, 291, 565
3996, 437, 639
3997, 476, 879
3998, 9, 207
3999, 35, 948
4000, 596, 975
