id, img1, img2
1, 496, 623
2, 242, 601
3, 642, 847
4, 439, 696
5, 313, 348
6, 193, 280
7, 494, 657
8, 75, 595
9, 298, 329
10, 236, 626
11, 331, 912
12, 149, 803
13, 101, 633
14, 337, 762
15, 481, 796
16, 805, 979
17, 679, 758
18, 71, 673
19, 97, 821
20, 475, 618
21, 295, 788
22, 650, 767
23, 661, 827
24, 772, 938
25, 407, 446
26, 420, 682
27, 133, 919
28, 610, 660
29, 183, 604
30, 218, 597
31, 467, 933
32, 511, 559
33, 415, 819
34, 211, 891
35, 95, 765
36, 77, 443
37, 34, 556
38, 315, 616
39, 350, 831
40, 287, 901
41, 103, 944
42, 157, 416
43, 447, 697
44, 558, 651
45, 120, 354
46, 206, 836
47, 345, 519
48, 321, 454
49, 712, 970
50, 461, 879
51, 551, 941
52, 716, 960
53, 66, 117
54, 671, 752
55, 460, 833
56, 78, 371
57, 144, 360
58, 300, 717
59, 216, 479
60, 726, 816
61, 421, 581
62, 373, 502
63, 766, 774
64, 326, 583
65, 22, 507
66, 24, 501
67, 27, 971
68, 257, 330
69, 209, 873
70, 44, 356
71, 227, 663
72, 229, 591
73, 412, 723
74, 966, 986
75, 403, 406
76, 98, 366
77, 3, 892
78, 267, 385
79, 64, 533
80, 89, 314
81, 8, 12
82, 426, 549
83, 130, 554
84, 367, 500
85, 121, 166
86, 737, 953
87, 255, 691
88, 5, 669
89, 259, 605
90, 196, 832
91, 612, 808
92, 392, 434
93, 278, 848
94, 466, 751
95, 521, 702
96, 349, 709
97, 201, 701
98, 638, 747
99, 357, 935
100, 410, 962
101, 9, 874
102, 637, 898
103, 528, 593
104, 58, 662
105, 771, 903
106, 491, 773
107, 445, 513
108, 516, 789
109, 608, 872
110, 335, 672
111, 834, 839
112, 268, 492
113, 47, 681
114, 786, 802
115, 179, 921
116, 276, 684
117, 522, 619
118, 459, 890
119, 171, 849
120, 561, 776
121, 119, 518
122, 56, 154
123, 418, 514
124, 379, 1000
125, 405, 826
126, 226, 785
127, 13, 720
128, 262, 957
129, 46, 368
130, 41, 57
131, 664, 924
132, 232, 687
133, 311, 667
134, 724, 999
135, 210, 246
136, 742, 865
137, 182, 863
138, 603, 943
139, 577, 600
140, 324, 877
141, 140, 918
142, 51, 347
143, 277, 417
144, 247, 954
145, 81, 217
146, 552, 734
147, 250, 932
148, 52, 594
149, 456, 674
150, 102, 956
151, 689, 961
152, 55, 174
153, 750, 864
154, 16, 490
155, 543, 900
156, 2, 156
157, 208, 732
158, 759, 813
159, 115, 997
160, 389, 599
161, 145, 624
162, 353, 578
163, 285, 469
164, 275, 923
165, 108, 550
166, 37, 230
167, 374, 993
168, 158, 297
169, 748, 920
170, 344, 487
171, 134, 909
172, 369, 497
173, 425, 432
174, 29, 148
175, 387, 471
176, 503, 557
177, 173, 869
178, 510, 791
179, 365, 754
180, 70, 825
181, 212, 686
182, 10, 234
183, 59, 271
184, 18, 323
185, 390, 441
186, 384, 968
187, 654, 878
188, 710, 984
189, 652, 989
190, 205, 453
191, 146, 675
192, 325, 694
193, 109, 784
194, 703, 794
195, 860, 927
196, 346, 621
197, 455, 531
198, 192, 553
199, 399, 809
200, 187, 198
201, 204, 678
202, 381, 488
203, 351, 743
204, 240, 336
205, 165, 810
206, 215, 380
207, 127, 739
208, 532, 719
209, 301, 727
210, 270, 744
211, 408, 854
212, 113, 317
213, 181, 814
214, 184, 382
215, 477, 769
216, 53, 86
217, 363, 705
218, 220, 474
219, 62, 536
220, 680, 975
221, 106, 342
222, 470, 806
223, 135, 585
224, 894, 992
225, 244, 645
226, 284, 422
227, 584, 991
228, 761, 959
229, 188, 639
230, 777, 799
231, 546, 963
232, 48, 787
233, 299, 711
234, 219, 251
235, 419, 995
236, 934, 981
237, 237, 568
238, 235, 855
239, 91, 880
240, 781, 888
241, 254, 749
242, 523, 775
243, 768, 852
244, 305, 361
245, 189, 252
246, 658, 931
247, 289, 322
248, 396, 572
249, 19, 245
250, 457, 996
251, 404, 555
252, 76, 990
253, 400, 988
254, 132, 707
255, 143, 449
256, 866, 950
257, 649, 699
258, 364, 828
259, 180, 644
260, 279, 899
261, 88, 928
262, 38, 104
263, 656, 976
264, 49, 958
265, 94, 493
266, 32, 378
267, 17, 131
268, 668, 692
269, 137, 266
270, 35, 868
271, 598, 683
272, 495, 592
273, 472, 851
274, 269, 307
275, 634, 740
276, 708, 741
277, 306, 625
278, 122, 889
279, 163, 718
280, 309, 526
281, 499, 693
282, 128, 428
283, 36, 965
284, 194, 978
285, 176, 327
286, 436, 590
287, 489, 677
288, 783, 977
289, 362, 509
290, 706, 829
291, 26, 386
292, 42, 562
293, 303, 700
294, 480, 896
295, 483, 725
296, 282, 655
297, 283, 547
298, 111, 468
299, 223, 910
300, 627, 735
301, 478, 722
302, 570, 835
303, 90, 352
304, 67, 177
305, 31, 527
306, 414, 850
307, 249, 955
308, 413, 438
309, 334, 871
310, 391, 906
311, 393, 940
312, 440, 560
313, 68, 482
314, 545, 728
315, 243, 506
316, 199, 580
317, 167, 841
318, 87, 190
319, 770, 811
320, 150, 274
321, 308, 911
322, 582, 929
323, 338, 853
324, 567, 897
325, 372, 444
326, 515, 755
327, 72, 609
328, 339, 643
329, 263, 636
330, 118, 138
331, 383, 525
332, 112, 116
333, 20, 914
334, 286, 843
335, 238, 641
336, 164, 840
337, 569, 635
338, 341, 861
339, 185, 253
340, 738, 862
341, 401, 614
342, 452, 764
343, 370, 544
344, 124, 258
345, 942, 964
346, 92, 110
347, 261, 442
348, 161, 685
349, 423, 907
350, 231, 541
351, 293, 895
352, 69, 375
353, 427, 925
354, 28, 822
355, 256, 332
356, 328, 617
357, 377, 797
358, 622, 838
359, 1, 473
360, 800, 858
361, 100, 296
362, 21, 539
363, 464, 714
364, 61, 576
365, 224, 804
366, 388, 945
367, 565, 730
368, 147, 817
369, 169, 876
370, 60, 974
371, 611, 902
372, 288, 665
373, 265, 731
374, 498, 537
375, 39, 949
376, 573, 575
377, 142, 476
378, 411, 704
379, 312, 659
380, 107, 904
381, 239, 620
382, 54, 887
383, 105, 355
384, 213, 273
385, 7, 564
386, 141, 842
387, 646, 792
388, 586, 721
389, 136, 320
390, 542, 698
391, 397, 484
392, 736, 830
393, 757, 780
394, 524, 987
395, 225, 746
396, 228, 302
397, 433, 535
398, 84, 640
399, 11, 45
400, 50, 80
401, 823, 985
402, 83, 883
403, 316, 875
404, 248, 886
405, 15, 207
406, 221, 613
407, 4, 631
408, 222, 967
409, 760, 972
410, 574, 745
411, 85, 486
412, 233, 264
413, 319, 589
414, 310, 801
415, 65, 818
416, 82, 998
417, 93, 394
418, 628, 946
419, 6, 715
420, 402, 905
421, 30, 290
422, 202, 566
423, 936, 983
424, 846, 916
425, 729, 951
426, 398, 579
427, 793, 845
428, 807, 937
429, 79, 884
430, 857, 881
431, 512, 688
432, 571, 922
433, 451, 540
434, 63, 151
435, 96, 882
436, 33, 653
437, 520, 994
438, 629, 926
439, 153, 195
440, 139, 200
441, 159, 465
442, 292, 778
443, 152, 170
444, 40, 155
445, 191, 508
446, 670, 756
447, 409, 606
448, 23, 753
449, 197, 824
450, 25, 462
451, 73, 893
452, 129, 431
453, 333, 908
454, 424, 913
455, 463, 632
456, 450, 952
457, 733, 870
458, 517, 676
459, 241, 856
460, 294, 630
461, 763, 982
462, 435, 790
463, 429, 485
464, 318, 648
465, 534, 885
466, 162, 504
467, 505, 947
468, 99, 437
469, 448, 529
470, 340, 596
471, 779, 915
472, 125, 948
473, 272, 291
474, 126, 859
475, 281, 980
476, 837, 917
477, 175, 343
478, 172, 713
479, 530, 930
480, 203, 782
481, 358, 815
482, 376, 587
483, 214, 690
484, 168, 563
485, 14, 538
486, 359, 602
487, 260, 939
488, 430, 647
489, 123, 844
490, 178, 615
491, 395, 812
492, 304, 867
493, 458, 798
494, 160, 548
495, 114, 795
496, 43, 186
497, 74, 607
498, 695, 973
499, 820, 969
500, 588, 666
501, 410, 547
502, 105, 723
503, 658, 795
504, 89, 412
505, 461, 693
506, 491, 907
507, 452, 563
508, 489, 662
509, 708, 984
510, 287, 559
511, 752, 985
512, 634, 880
513, 435, 930
514, 217, 527
515, 419, 510
516, 136, 785
517, 647, 999
518, 85, 919
519, 393, 622
520, 119, 726
521, 657, 804
522, 430, 870
523, 278, 982
524, 52, 294
525, 498, 906
526, 425, 955
527, 514, 661
528, 184, 840
529, 199, 396
530, 283, 766
531, 128, 903
532, 603, 860
533, 257, 678
534, 439, 814
535, 12, 635
536, 496, 754
537, 505, 651
538, 232, 394
539, 60, 809
540, 91, 937
541, 409, 943
542, 95, 507
543, 291, 326
544, 535, 947
545, 88, 223
546, 101, 829
547, 97, 841
548, 794, 998
549, 776, 928
550, 299, 417
551, 75, 313
552, 131, 374
553, 504, 550
554, 453, 890
555, 334, 731
556, 166, 185
557, 247, 623
558, 750, 755
559, 120, 551
560, 266, 958
561, 238, 321
562, 517, 997
563, 146, 234
564, 314, 367
565, 244, 816
566, 250, 577
567, 23, 474
568, 110, 555
569, 684, 781
570, 222, 945
571, 137, 407
572, 9, 455
573, 153, 744
574, 576, 944
575, 219, 610
576, 862, 960
577, 487, 690
578, 565, 604
579, 67, 988
580, 63, 279
581, 351, 652
582, 356, 468
583, 1, 689
584, 598, 625
585, 216, 473
586, 32, 964
587, 344, 866
588, 109, 154
589, 362, 879
590, 605, 720
591, 100, 602
592, 284, 324
593, 543, 819
594, 440, 782
595, 193, 969
596, 161, 251
597, 557, 778
598, 539, 975
599, 478, 704
600, 484, 916
601, 4, 310
602, 320, 965
603, 727, 793
604, 108, 867
605, 80, 594
606, 190, 361
607, 167, 245
608, 767, 995
609, 61, 932
610, 722, 908
611, 140, 917
612, 226, 441
613, 76, 225
614, 589, 853
615, 333, 746
616, 692, 757
617, 46, 716
618, 286, 443
619, 375, 747
620, 477, 709
621, 618, 971
622, 34, 126
623, 608, 753
624, 288, 877
625, 31, 544
626, 502, 818
627, 198, 844
628, 168, 961
629, 370, 825
630, 902, 978
631, 35, 986
632, 296, 725
633, 218, 528
634, 463, 653
635, 305, 673
636, 262, 317
637, 331, 691
638, 295, 771
639, 158, 319
640, 220, 733
641, 450, 741
642, 99, 837
643, 481, 686
644, 868, 904
645, 420, 663
646, 582, 787
647, 224, 801
648, 626, 807
649, 683, 838
650, 424, 660
651, 129, 345
652, 84, 493
653, 281, 330
654, 272, 274
655, 349, 948
656, 413, 940
657, 79, 311
658, 149, 415
659, 235, 564
660, 116, 306
661, 93, 885
662, 6, 820
663, 254, 464
664, 8, 941
665, 697, 751
666, 58, 581
667, 575, 677
668, 373, 991
669, 180, 826
670, 485, 681
671, 188, 606
672, 599, 888
673, 43, 368
674, 336, 670
675, 642, 732
676, 511, 915
677, 359, 411
678, 949, 989
679, 335, 583
680, 253, 909
681, 290, 954
682, 614, 760
683, 189, 302
684, 20, 264
685, 432, 758
686, 698, 827
687, 13, 401
688, 208, 650
689, 627, 898
690, 616, 858
691, 53, 177
692, 384, 388
693, 500, 831
694, 516, 842
695, 490, 694
696, 387, 875
697, 69, 942
698, 163, 780
699, 307, 587
700, 921, 926
701, 354, 849
702, 406, 546
703, 423, 518
704, 73, 874
705, 553, 901
706, 531, 724
707, 364, 957
708, 237, 864
709, 19, 372
710, 365, 560
711, 297, 525
712, 379, 639
713, 643, 869
714, 629, 666
715, 341, 405
716, 138, 532
717, 687, 802
718, 51, 830
719, 584, 962
720, 151, 400
721, 397, 540
722, 465, 797
723, 122, 429
724, 791, 939
725, 187, 878
726, 772, 811
727, 312, 339
728, 3, 497
729, 640, 775
730, 83, 431
731, 566, 913
732, 55, 636
733, 249, 911
734, 135, 578
735, 183, 586
736, 422, 850
737, 573, 714
738, 416, 483
739, 228, 252
740, 421, 861
741, 277, 976
742, 50, 522
743, 680, 710
744, 37, 590
745, 482, 768
746, 486, 597
747, 192, 993
748, 104, 231
749, 343, 458
750, 886, 936
751, 289, 863
752, 134, 705
753, 7, 123
754, 337, 912
755, 240, 515
756, 213, 261
757, 763, 813
758, 59, 561
759, 15, 197
760, 667, 699
761, 852, 891
762, 155, 503
763, 675, 805
764, 378, 386
765, 2, 596
766, 159, 648
767, 70, 790
768, 293, 664
769, 499, 914
770, 191, 770
771, 130, 433
772, 248, 671
773, 18, 920
774, 255, 444
775, 371, 823
776, 56, 538
777, 28, 363
778, 548, 925
779, 353, 381
780, 383, 765
781, 263, 399
782, 624, 990
783, 462, 611
784, 836, 873
785, 103, 788
786, 568, 645
787, 139, 808
788, 533, 865
789, 298, 457
790, 132, 633
791, 292, 700
792, 125, 268
793, 41, 236
794, 102, 309
795, 196, 676
796, 703, 706
797, 172, 509
798, 54, 881
799, 141, 142
800, 476, 601
801, 57, 519
802, 241, 981
803, 810, 983
804, 16, 856
805, 352, 495
806, 592, 644
807, 426, 736
808, 554, 894
809, 86, 855
810, 328, 796
811, 33, 613
812, 246, 408
813, 45, 892
814, 672, 789
815, 571, 883
816, 230, 931
817, 260, 630
818, 5, 972
819, 556, 815
820, 276, 451
821, 574, 996
822, 494, 631
823, 562, 730
824, 896, 897
825, 258, 467
826, 17, 348
827, 508, 884
828, 521, 588
829, 620, 707
830, 162, 619
831, 734, 872
832, 784, 900
833, 615, 935
834, 376, 428
835, 42, 418
836, 301, 347
837, 437, 769
838, 318, 952
839, 340, 668
840, 209, 480
841, 542, 899
842, 739, 777
843, 501, 843
844, 127, 160
845, 459, 665
846, 207, 580
847, 728, 970
848, 38, 637
849, 81, 924
850, 10, 442
851, 27, 475
852, 273, 887
853, 593, 786
854, 342, 929
855, 152, 157
856, 449, 835
857, 265, 674
858, 329, 745
859, 391, 857
860, 719, 729
861, 259, 445
862, 506, 524
863, 398, 783
864, 210, 591
865, 176, 436
866, 26, 828
867, 679, 889
868, 523, 951
869, 718, 762
870, 78, 111
871, 607, 682
872, 144, 316
873, 529, 773
874, 392, 448
875, 360, 382
876, 221, 876
877, 202, 946
878, 94, 242
879, 171, 956
880, 460, 821
881, 77, 713
882, 702, 711
883, 520, 847
884, 323, 923
885, 779, 882
886, 322, 641
887, 395, 488
888, 470, 621
889, 148, 980
890, 585, 628
891, 96, 717
892, 215, 385
893, 182, 380
894, 87, 205
895, 21, 194
896, 44, 47
897, 174, 832
898, 71, 905
899, 30, 206
900, 11, 612
901, 145, 404
902, 846, 859
903, 164, 552
904, 14, 695
905, 22, 966
906, 269, 595
907, 346, 513
908, 649, 973
909, 211, 959
910, 68, 792
911, 646, 974
912, 545, 977
913, 390, 950
914, 195, 275
915, 338, 737
916, 72, 150
917, 90, 655
918, 243, 402
919, 659, 833
920, 233, 308
921, 350, 927
922, 389, 656
923, 147, 377
924, 358, 434
925, 609, 712
926, 112, 303
927, 29, 469
928, 201, 304
929, 65, 934
930, 446, 933
931, 325, 738
932, 798, 918
933, 40, 685
934, 175, 600
935, 117, 968
936, 812, 834
937, 579, 638
938, 839, 994
939, 118, 749
940, 179, 871
941, 115, 817
942, 267, 549
943, 403, 701
944, 62, 212
945, 24, 536
946, 239, 893
947, 530, 572
948, 169, 456
949, 92, 114
950, 271, 438
951, 270, 471
952, 64, 492
953, 106, 113
954, 280, 848
955, 824, 963
956, 332, 526
957, 49, 851
958, 632, 756
959, 357, 742
960, 355, 447
961, 156, 204
962, 567, 967
963, 534, 748
964, 854, 953
965, 558, 800
966, 669, 979
967, 454, 822
968, 414, 688
969, 845, 938
970, 133, 537
971, 200, 654
972, 759, 803
973, 696, 799
974, 285, 743
975, 48, 282
976, 472, 512
977, 170, 774
978, 715, 987
979, 98, 479
980, 107, 178
981, 214, 256
982, 186, 569
983, 82, 895
984, 327, 992
985, 121, 761
986, 466, 570
987, 39, 735
988, 227, 1000
989, 229, 300
990, 25, 427
991, 315, 366
992, 203, 764
993, 165, 369
994, 173, 721
995, 617, 740
996, 143, 541
997, 181, 806
998, 124, 922
999, 36, 74
1000, 66, 910
1001, 348, 821
1002, 488, 790
1003, 246, 455
1004, 31, 724
1005, 674, 996
1006, 564, 788
1007, 354, 356
1008, 493, 919
1009, 8, 501
1010, 577, 648
1011, 136, 881
1012, 321, 590
1013, 196, 967
1014, 616, 947
1015, 100, 481
1016, 172, 448
1017, 365, 654
1018, 138, 827
1019, 428, 893
1020, 44, 566
1021, 163, 639
1022, 58, 67
1023, 552, 721
1024, 411, 901
1025, 503, 939
1026, 650, 813
1027, 845, 859
1028, 282, 897
1029, 102, 861
1030, 456, 583
1031, 135, 728
1032, 592, 783
1033, 765, 800
1034, 145, 842
1035, 18, 477
1036, 187, 626
1037, 380, 395
1038, 255, 791
1039, 150, 175
1040, 7, 582
1041, 413, 811
1042, 777, 937
1043, 151, 192
1044, 636, 757
1045, 627, 703
1046, 388, 767
1047, 359, 634
1048, 232, 340
1049, 427, 440
1050, 14, 81
1051, 353, 516
1052, 871, 984
1053, 763, 793
1054, 659, 787
1055, 768, 863
1056, 799, 907
1057, 109, 877
1058, 126, 184
1059, 283, 677
1060, 76, 521
1061, 317, 748
1062, 74, 804
1063, 637, 998
1064, 9, 641
1065, 3, 515
1066, 770, 865
1067, 421, 775
1068, 730, 837
1069, 260, 460
1070, 524, 619
1071, 336, 526
1072, 199, 930
1073, 556, 955
1074, 351, 714
1075, 593, 629
1076, 673, 899
1077, 161, 473
1078, 222, 398
1079, 379, 498
1080, 64, 545
1081, 37, 941
1082, 347, 745
1083, 482, 584
1084, 657, 966
1085, 698, 940
1086, 396, 809
1087, 287, 511
1088, 49, 345
1089, 630, 656
1090, 489, 916
1091, 225, 814
1092, 183, 327
1093, 30, 309
1094, 529, 936
1095, 764, 898
1096, 404, 559
1097, 605, 635
1098, 603, 991
1099, 185, 265
1100, 24, 375
1101, 419, 857
1102, 238, 653
1103, 727, 838
1104, 665, 716
1105, 194, 980
1106, 69, 335
1107, 608, 894
1108, 34, 786
1109, 127, 410
1110, 798, 957
1111, 725, 853
1112, 743, 834
1113, 2, 851
1114, 525, 934
1115, 33, 548
1116, 431, 704
1117, 280, 975
1118, 499, 732
1119, 294, 994
1120, 381, 841
1121, 19, 242
1122, 179, 640
1123, 40, 849
1124, 119, 483
1125, 429, 903
1126, 133, 953
1127, 266, 332
1128, 207, 509
1129, 15, 839
1130, 221, 942
1131, 5, 322
1132, 697, 746
1133, 710, 943
1134, 16, 213
1135, 486, 536
1136, 169, 520
1137, 459, 803
1138, 403, 574
1139, 495, 578
1140, 27, 289
1141, 478, 922
1142, 263, 417
1143, 513, 718
1144, 573, 905
1145, 372, 561
1146, 121, 549
1147, 80, 784
1148, 360, 594
1149, 177, 462
1150, 216, 925
1151, 299, 951
1152, 546, 586
1153, 171, 985
1154, 59, 565
1155, 20, 447
1156, 275, 895
1157, 264, 672
1158, 494, 981
1159, 206, 999
1160, 295, 337
1161, 794, 929
1162, 43, 131
1163, 129, 782
1164, 450, 909
1165, 11, 539
1166, 36, 164
1167, 597, 762
1168, 468, 505
1169, 370, 534
1170, 655, 817
1171, 89, 884
1172, 144, 245
1173, 576, 931
1174, 174, 519
1175, 148, 874
1176, 400, 759
1177, 288, 293
1178, 218, 441
1179, 142, 193
1180, 367, 872
1181, 506, 647
1182, 208, 393
1183, 848, 868
1184, 334, 995
1185, 599, 738
1186, 389, 601
1187, 107, 689
1188, 95, 965
1189, 467, 722
1190, 325, 406
1191, 45, 306
1192, 84, 902
1193, 537, 938
1194, 476, 819
1195, 442, 796
1196, 383, 522
1197, 60, 833
1198, 617, 682
1199, 326, 731
1200, 47, 602
1201, 39, 176
1202, 22, 434
1203, 82, 917
1204, 886, 970
1205, 632, 696
1206, 231, 740
1207, 416, 974
1208, 756, 781
1209, 137, 258
1210, 776, 964
1211, 35, 268
1212, 465, 815
1213, 671, 900
1214, 250, 480
1215, 51, 760
1216, 86, 847
1217, 113, 854
1218, 870, 972
1219, 57, 766
1220, 587, 591
1221, 227, 316
1222, 62, 615
1223, 562, 604
1224, 42, 53
1225, 414, 835
1226, 712, 723
1227, 79, 914
1228, 490, 611
1229, 12, 286
1230, 517, 771
1231, 219, 918
1232, 146, 950
1233, 418, 588
1234, 70, 200
1235, 272, 386
1236, 715, 720
1237, 130, 401
1238, 235, 622
1239, 369, 856
1240, 569, 921
1241, 236, 323
1242, 761, 832
1243, 600, 924
1244, 103, 248
1245, 797, 873
1246, 719, 843
1247, 173, 426
1248, 155, 567
1249, 104, 240
1250, 575, 668
1251, 595, 840
1252, 500, 510
1253, 181, 977
1254, 726, 971
1255, 247, 949
1256, 63, 935
1257, 110, 772
1258, 237, 435
1259, 165, 313
1260, 211, 801
1261, 436, 802
1262, 123, 190
1263, 13, 204
1264, 197, 281
1265, 132, 160
1266, 91, 736
1267, 518, 908
1268, 307, 452
1269, 98, 454
1270, 278, 959
1271, 855, 860
1272, 122, 229
1273, 571, 684
1274, 257, 954
1275, 394, 706
1276, 303, 373
1277, 542, 879
1278, 239, 544
1279, 461, 528
1280, 553, 670
1281, 273, 315
1282, 533, 983
1283, 709, 818
1284, 186, 747
1285, 676, 690
1286, 523, 792
1287, 214, 944
1288, 106, 572
1289, 479, 705
1290, 140, 407
1291, 230, 308
1292, 362, 646
1293, 4, 979
1294, 304, 664
1295, 90, 361
1296, 445, 867
1297, 344, 409
1298, 56, 277
1299, 168, 178
1300, 606, 667
1301, 470, 755
1302, 311, 805
1303, 112, 649
1304, 147, 253
1305, 507, 699
1306, 285, 658
1307, 778, 962
1308, 72, 430
1309, 614, 618
1310, 118, 906
1311, 26, 560
1312, 94, 254
1313, 52, 382
1314, 256, 341
1315, 532, 754
1316, 371, 933
1317, 17, 744
1318, 220, 226
1319, 23, 978
1320, 378, 987
1321, 638, 850
1322, 234, 680
1323, 271, 424
1324, 439, 453
1325, 305, 846
1326, 128, 866
1327, 729, 969
1328, 75, 612
1329, 25, 217
1330, 366, 624
1331, 71, 374
1332, 6, 166
1333, 159, 795
1334, 101, 810
1335, 385, 547
1336, 399, 820
1337, 432, 558
1338, 296, 852
1339, 484, 504
1340, 249, 717
1341, 149, 241
1342, 607, 923
1343, 355, 733
1344, 212, 751
1345, 1, 557
1346, 92, 675
1347, 693, 700
1348, 195, 711
1349, 625, 993
1350, 858, 885
1351, 93, 331
1352, 162, 492
1353, 890, 891
1354, 29, 259
1355, 425, 946
1356, 158, 986
1357, 904, 997
1358, 405, 686
1359, 463, 645
1360, 621, 739
1361, 530, 888
1362, 46, 752
1363, 97, 1000
1364, 116, 496
1365, 780, 862
1366, 68, 644
1367, 115, 694
1368, 423, 707
1369, 913, 960
1370, 41, 433
1371, 189, 989
1372, 170, 844
1373, 224, 816
1374, 352, 825
1375, 589, 774
1376, 806, 882
1377, 681, 968
1378, 579, 973
1379, 252, 487
1380, 21, 376
1381, 330, 551
1382, 73, 449
1383, 669, 789
1384, 243, 948
1385, 290, 392
1386, 152, 753
1387, 807, 976
1388, 958, 982
1389, 451, 750
1390, 368, 812
1391, 276, 952
1392, 708, 876
1393, 702, 822
1394, 364, 651
1395, 438, 666
1396, 585, 926
1397, 153, 824
1398, 469, 555
1399, 875, 988
1400, 157, 554
1401, 88, 319
1402, 390, 628
1403, 244, 631
1404, 274, 466
1405, 292, 568
1406, 87, 182
1407, 120, 443
1408, 737, 831
1409, 261, 864
1410, 420, 869
1411, 596, 683
1412, 105, 446
1413, 124, 912
1414, 769, 927
1415, 85, 464
1416, 38, 823
1417, 387, 474
1418, 679, 896
1419, 298, 661
1420, 223, 531
1421, 342, 610
1422, 512, 642
1423, 312, 692
1424, 65, 77
1425, 338, 687
1426, 66, 233
1427, 117, 301
1428, 339, 836
1429, 28, 215
1430, 202, 785
1431, 99, 198
1432, 114, 437
1433, 48, 633
1434, 422, 826
1435, 472, 880
1436, 302, 685
1437, 310, 550
1438, 458, 541
1439, 191, 300
1440, 267, 701
1441, 320, 758
1442, 50, 96
1443, 209, 538
1444, 333, 357
1445, 154, 412
1446, 508, 581
1447, 808, 990
1448, 141, 346
1449, 779, 920
1450, 695, 889
1451, 228, 713
1452, 180, 773
1453, 55, 408
1454, 314, 961
1455, 269, 402
1456, 749, 911
1457, 663, 932
1458, 543, 734
1459, 167, 329
1460, 125, 210
1461, 54, 83
1462, 384, 397
1463, 652, 928
1464, 270, 643
1465, 444, 623
1466, 139, 883
1467, 61, 878
1468, 660, 688
1469, 318, 514
1470, 328, 945
1471, 377, 620
1472, 143, 491
1473, 111, 457
1474, 78, 291
1475, 203, 349
1476, 201, 205
1477, 540, 742
1478, 887, 992
1479, 363, 570
1480, 32, 415
1481, 343, 475
1482, 535, 829
1483, 188, 828
1484, 297, 830
1485, 598, 915
1486, 358, 485
1487, 613, 691
1488, 156, 678
1489, 497, 735
1490, 251, 527
1491, 350, 741
1492, 471, 963
1493, 502, 609
1494, 279, 662
1495, 324, 892
1496, 134, 910
1497, 108, 262
1498, 284, 563
1499, 580, 956
1500, 10, 391
1501, 193, 748
1502, 444, 972
1503, 546, 875
1504, 672, 916
1505, 439, 866
1506, 71, 358
1507, 613, 810
1508, 445, 561
1509, 146, 504
1510, 33, 859
1511, 273, 976
1512, 76, 192
1513, 204, 224
1514, 79, 860
1515, 635, 823
1516, 62, 103
1517, 479, 661
1518, 15, 124
1519, 177, 948
1520, 126, 981
1521, 128, 971
1522, 92, 187
1523, 616, 924
1524, 302, 531
1525, 78, 742
1526, 330, 523
1527, 14, 609
1528, 235, 350
1529, 956, 964
1530, 118, 129
1531, 39, 287
1532, 336, 881
1533, 892, 897
1534, 242, 836
1535, 87, 309
1536, 375, 438
1537, 114, 172
1538, 628, 684
1539, 720, 951
1540, 164, 304
1541, 91, 503
1542, 603, 674
1543, 44, 607
1544, 178, 975
1545, 455, 519
1546, 238, 477
1547, 726, 829
1548, 93, 700
1549, 210, 686
1550, 214, 453
1551, 18, 84
1552, 236, 305
1553, 422, 629
1554, 367, 557
1555, 395, 610
1556, 104, 516
1557, 547, 708
1558, 99, 847
1559, 241, 290
1560, 560, 884
1561, 202, 792
1562, 27, 999
1563, 157, 713
1564, 267, 436
1565, 227, 396
1566, 374, 922
1567, 849, 936
1568, 229, 653
1569, 452, 844
1570, 633, 930
1571, 209, 856
1572, 120, 750
1573, 13, 35
1574, 408, 411
1575, 57, 966
1576, 255, 724
1577, 269, 958
1578, 699, 967
1579, 457, 785
1580, 53, 787
1581, 184, 311
1582, 658, 697
1583, 288, 752
1584, 474, 852
1585, 449, 887
1586, 11, 837
1587, 205, 685
1588, 244, 488
1589, 276, 790
1590, 407, 851
1591, 379, 910
1592, 381, 914
1593, 409, 442
1594, 41, 766
1595, 19, 570
1596, 551, 904
1597, 254, 506
1598, 498, 695
1599, 43, 656
1600, 612, 789
1601, 216, 939
1602, 36, 473
1603, 762, 940
1604, 17, 507
1605, 100, 665
1606, 264, 597
1607, 190, 647
1608, 256, 831
1609, 220, 947
1610, 98, 173
1611, 125, 332
1612, 937, 969
1613, 362, 705
1614, 198, 389
1615, 28, 138
1616, 397, 799
1617, 478, 952
1618, 420, 626
1619, 240, 347
1620, 483, 791
1621, 731, 854
1622, 312, 991
1623, 21, 714
1624, 466, 827
1625, 189, 874
1626, 402, 605
1627, 313, 515
1628, 45, 456
1629, 218, 464
1630, 123, 707
1631, 143, 1000
1632, 386, 427
1633, 476, 943
1634, 611, 648
1635, 142, 296
1636, 352, 906
1637, 259, 468
1638, 751, 764
1639, 786, 822
1640, 260, 907
1641, 127, 418
1642, 182, 743
1643, 134, 683
1644, 630, 960
1645, 678, 909
1646, 284, 460
1647, 181, 206
1648, 800, 883
1649, 275, 675
1650, 66, 150
1651, 353, 738
1652, 369, 746
1653, 245, 300
1654, 433, 832
1655, 682, 919
1656, 618, 774
1657, 401, 527
1658, 162, 974
1659, 221, 293
1660, 252, 965
1661, 113, 262
1662, 384, 734
1663, 82, 446
1664, 294, 775
1665, 391, 729
1666, 68, 725
1667, 327, 957
1668, 343, 712
1669, 137, 225
1670, 650, 694
1671, 3, 443
1672, 440, 761
1673, 228, 513
1674, 321, 728
1675, 496, 824
1676, 253, 450
1677, 22, 174
1678, 237, 359
1679, 116, 973
1680, 60, 101
1681, 512, 959
1682, 80, 170
1683, 1, 314
1684, 148, 518
1685, 289, 673
1686, 533, 807
1687, 151, 788
1688, 292, 556
1689, 429, 657
1690, 199, 749
1691, 112, 602
1692, 600, 879
1693, 530, 747
1694, 180, 722
1695, 6, 760
1696, 46, 591
1697, 234, 908
1698, 461, 779
1699, 465, 855
1700, 361, 809
1701, 363, 872
1702, 281, 755
1703, 393, 977
1704, 179, 471
1705, 117, 380
1706, 741, 993
1707, 47, 318
1708, 110, 733
1709, 70, 687
1710, 772, 898
1711, 119, 645
1712, 263, 643
1713, 81, 261
1714, 398, 578
1715, 528, 544
1716, 233, 587
1717, 331, 949
1718, 222, 627
1719, 249, 828
1720, 257, 424
1721, 268, 858
1722, 348, 425
1723, 574, 954
1724, 470, 812
1725, 559, 667
1726, 341, 995
1727, 329, 782
1728, 664, 691
1729, 196, 893
1730, 373, 467
1731, 632, 679
1732, 805, 917
1733, 335, 740
1734, 575, 891
1735, 195, 272
1736, 617, 773
1737, 97, 266
1738, 153, 688
1739, 75, 486
1740, 638, 819
1741, 399, 403
1742, 160, 882
1743, 985, 986
1744, 279, 283
1745, 462, 704
1746, 696, 803
1747, 404, 839
1748, 54, 297
1749, 319, 840
1750, 295, 345
1751, 133, 646
1752, 140, 953
1753, 12, 423
1754, 394, 920
1755, 820, 987
1756, 213, 950
1757, 61, 644
1758, 334, 723
1759, 231, 689
1760, 194, 753
1761, 176, 223
1762, 564, 580
1763, 458, 983
1764, 495, 693
1765, 246, 676
1766, 96, 550
1767, 230, 322
1768, 549, 572
1769, 337, 390
1770, 131, 490
1771, 247, 853
1772, 649, 926
1773, 371, 745
1774, 20, 941
1775, 563, 698
1776, 40, 756
1777, 175, 624
1778, 355, 584
1779, 328, 430
1780, 203, 354
1781, 426, 526
1782, 159, 864
1783, 382, 669
1784, 706, 718
1785, 115, 529
1786, 522, 928
1787, 72, 571
1788, 588, 901
1789, 911, 932
1790, 30, 857
1791, 619, 737
1792, 250, 915
1793, 211, 826
1794, 590, 885
1795, 435, 770
1796, 31, 541
1797, 514, 608
1798, 472, 894
1799, 567, 758
1800, 307, 942
1801, 606, 614
1802, 392, 913
1803, 155, 163
1804, 654, 710
1805, 139, 383
1806, 356, 961
1807, 333, 899
1808, 200, 285
1809, 535, 984
1810, 366, 869
1811, 344, 520
1812, 271, 323
1813, 89, 719
1814, 154, 517
1815, 37, 862
1816, 183, 870
1817, 830, 890
1818, 32, 818
1819, 301, 716
1820, 169, 171
1821, 88, 595
1822, 42, 896
1823, 681, 763
1824, 326, 463
1825, 251, 499
1826, 83, 903
1827, 553, 701
1828, 106, 598
1829, 8, 310
1830, 886, 978
1831, 421, 754
1832, 141, 817
1833, 258, 769
1834, 55, 74
1835, 167, 601
1836, 583, 878
1837, 532, 736
1838, 207, 989
1839, 484, 902
1840, 219, 927
1841, 833, 929
1842, 278, 338
1843, 24, 38
1844, 566, 677
1845, 102, 317
1846, 663, 717
1847, 711, 825
1848, 320, 586
1849, 778, 938
1850, 95, 351
1851, 596, 793
1852, 69, 808
1853, 58, 277
1854, 652, 771
1855, 569, 846
1856, 538, 867
1857, 52, 432
1858, 387, 545
1859, 108, 982
1860, 265, 416
1861, 77, 360
1862, 494, 806
1863, 217, 492
1864, 67, 998
1865, 16, 524
1866, 385, 459
1867, 26, 64
1868, 419, 542
1869, 325, 992
1870, 59, 248
1871, 9, 274
1872, 660, 796
1873, 410, 555
1874, 448, 802
1875, 165, 493
1876, 623, 838
1877, 582, 815
1878, 191, 666
1879, 34, 777
1880, 732, 861
1881, 536, 845
1882, 634, 888
1883, 299, 625
1884, 364, 525
1885, 592, 757
1886, 130, 451
1887, 565, 835
1888, 434, 970
1889, 804, 842
1890, 168, 759
1891, 581, 739
1892, 109, 680
1893, 122, 637
1894, 655, 912
1895, 540, 668
1896, 201, 651
1897, 944, 946
1898, 554, 593
1899, 727, 811
1900, 188, 721
1901, 388, 431
1902, 226, 548
1903, 880, 921
1904, 212, 502
1905, 29, 621
1906, 357, 863
1907, 215, 342
1908, 56, 412
1909, 573, 620
1910, 604, 659
1911, 480, 558
1912, 10, 135
1913, 349, 414
1914, 511, 848
1915, 481, 813
1916, 781, 935
1917, 562, 784
1918, 868, 931
1919, 136, 599
1920, 94, 579
1921, 308, 577
1922, 316, 841
1923, 149, 303
1924, 5, 873
1925, 783, 968
1926, 270, 877
1927, 107, 161
1928, 365, 568
1929, 239, 889
1930, 552, 797
1931, 286, 415
1932, 121, 821
1933, 543, 834
1934, 475, 780
1935, 324, 640
1936, 51, 988
1937, 132, 505
1938, 147, 282
1939, 487, 814
1940, 144, 900
1941, 671, 980
1942, 85, 280
1943, 576, 715
1944, 979, 997
1945, 23, 152
1946, 65, 955
1947, 90, 918
1948, 534, 990
1949, 4, 298
1950, 49, 594
1951, 315, 497
1952, 2, 703
1953, 25, 962
1954, 73, 876
1955, 105, 428
1956, 482, 776
1957, 500, 709
1958, 145, 843
1959, 376, 509
1960, 372, 405
1961, 417, 765
1962, 306, 994
1963, 377, 670
1964, 166, 437
1965, 243, 963
1966, 291, 767
1967, 692, 895
1968, 413, 923
1969, 589, 702
1970, 622, 798
1971, 508, 641
1972, 447, 469
1973, 48, 491
1974, 7, 50
1975, 368, 795
1976, 208, 615
1977, 744, 850
1978, 934, 996
1979, 585, 636
1980, 510, 735
1981, 158, 768
1982, 232, 730
1983, 539, 865
1984, 185, 801
1985, 370, 905
1986, 485, 631
1987, 501, 642
1988, 690, 794
1989, 454, 871
1990, 441, 933
1991, 86, 346
1992, 400, 639
1993, 340, 537
1994, 197, 406
1995, 156, 662
1996, 378, 945
1997, 111, 489
1998, 521, 925
1999, 186, 339
2000, 63, 816
2001, 748, 881
2002, 533, 673
2003, 656, 743
2004, 574, 660
2005, 418, 883
2006, 252, 534
2007, 189, 863
2008, 160, 823
2009, 520, 905
2010, 433, 979
2011, 103, 763
2012, 63, 432
2013, 445, 824
2014, 42, 818
2015, 250, 998
2016, 16, 107
2017, 106, 680
2018, 391, 780
2019, 165, 276
2020, 83, 121
2021, 494, 744
2022, 833, 834
2023, 211, 608
2024, 240, 342
2025, 490, 753
2026, 175, 459
2027, 434, 740
2028, 152, 204
2029, 775, 870
2030, 593, 916
2031, 387, 670
2032, 685, 891
2033, 120, 585
2034, 394, 605
2035, 778, 851
2036, 396, 424
2037, 35, 722
2038, 352, 492
2039, 307, 962
2040, 970, 992
2041, 679, 796
2042, 216, 483
2043, 847, 919
2044, 606, 650
2045, 328, 690
2046, 228, 771
2047, 429, 614
2048, 505, 855
2049, 244, 456
2050, 136, 171
2051, 36, 47
2052, 295, 470
2053, 76, 539
2054, 130, 907
2055, 467, 927
2056, 954, 966
2057, 271, 535
2058, 92, 770
2059, 115, 315
2060, 141, 783
2061, 333, 665
2062, 187, 723
2063, 70, 991
2064, 317, 996
2065, 223, 475
2066, 194, 355
2067, 279, 965
2068, 486, 767
2069, 584, 651
2070, 138, 426
2071, 215, 868
2072, 258, 645
2073, 20, 862
2074, 661, 713
2075, 190, 663
2076, 9, 423
2077, 217, 337
2078, 646, 942
2079, 55, 572
2080, 588, 941
2081, 102, 481
2082, 155, 246
2083, 346, 619
2084, 420, 980
2085, 59, 261
2086, 178, 596
2087, 393, 435
2088, 436, 808
2089, 156, 926
2090, 792, 961
2091, 360, 908
2092, 569, 953
2093, 543, 578
2094, 236, 544
2095, 117, 657
2096, 98, 288
2097, 464, 620
2098, 546, 805
2099, 550, 638
2100, 282, 525
2101, 802, 949
2102, 430, 850
2103, 224, 669
2104, 182, 794
2105, 521, 892
2106, 540, 558
2107, 116, 123
2108, 607, 631
2109, 716, 807
2110, 843, 846
2111, 647, 715
2112, 300, 323
2113, 774, 983
2114, 56, 510
2115, 248, 448
2116, 214, 335
2117, 260, 512
2118, 382, 709
2119, 746, 913
2120, 129, 359
2121, 71, 560
2122, 406, 480
2123, 19, 848
2124, 199, 443
2125, 8, 269
2126, 296, 719
2127, 101, 872
2128, 327, 911
2129, 191, 652
2130, 84, 290
2131, 167, 286
2132, 88, 577
2133, 57, 530
2134, 241, 479
2135, 408, 625
2136, 586, 598
2137, 218, 857
2138, 944, 956
2139, 220, 853
2140, 541, 741
2141, 374, 990
2142, 478, 587
2143, 265, 488
2144, 442, 511
2145, 383, 636
2146, 119, 256
2147, 362, 378
2148, 306, 859
2149, 148, 499
2150, 341, 1000
2151, 157, 193
2152, 325, 489
2153, 162, 293
2154, 112, 920
2155, 18, 901
2156, 255, 973
2157, 712, 779
2158, 13, 413
2159, 149, 542
2160, 69, 939
2161, 173, 292
2162, 297, 733
2163, 331, 782
2164, 838, 890
2165, 698, 887
2166, 225, 632
2167, 455, 904
2168, 314, 326
2169, 893, 914
2170, 287, 803
2171, 555, 597
2172, 7, 180
2173, 2, 759
2174, 707, 809
2175, 351, 446
2176, 330, 477
2177, 17, 404
2178, 960, 995
2179, 589, 825
2180, 439, 703
2181, 655, 789
2182, 6, 192
2183, 339, 372
2184, 532, 682
2185, 118, 604
2186, 31, 629
2187, 34, 896
2188, 150, 795
2189, 222, 528
2190, 462, 768
2191, 349, 365
2192, 33, 348
2193, 24, 915
2194, 99, 340
2195, 264, 356
2196, 104, 576
2197, 641, 739
2198, 347, 769
2199, 50, 257
2200, 686, 813
2201, 399, 658
2202, 797, 866
2203, 538, 912
2204, 174, 693
2205, 345, 873
2206, 146, 245
2207, 147, 701
2208, 142, 411
2209, 97, 681
2210, 41, 364
2211, 243, 254
2212, 58, 900
2213, 268, 711
2214, 389, 438
2215, 513, 757
2216, 154, 785
2217, 122, 472
2218, 68, 176
2219, 143, 929
2220, 235, 498
2221, 386, 762
2222, 294, 633
2223, 623, 742
2224, 500, 826
2225, 491, 688
2226, 654, 963
2227, 465, 531
2228, 570, 931
2229, 705, 922
2230, 4, 653
2231, 502, 737
2232, 168, 918
2233, 132, 516
2234, 831, 964
2235, 158, 950
2236, 749, 806
2237, 11, 497
2238, 888, 943
2239, 278, 316
2240, 313, 951
2241, 37, 93
2242, 239, 441
2243, 421, 579
2244, 566, 721
2245, 133, 419
2246, 209, 630
2247, 51, 781
2248, 551, 832
2249, 761, 921
2250, 196, 732
2251, 77, 728
2252, 52, 164
2253, 696, 978
2254, 524, 936
2255, 86, 135
2256, 262, 284
2257, 452, 600
2258, 299, 683
2259, 403, 971
2260, 697, 839
2261, 109, 559
2262, 708, 764
2263, 886, 975
2264, 208, 361
2265, 334, 412
2266, 450, 899
2267, 74, 845
2268, 509, 736
2269, 718, 861
2270, 181, 556
2271, 238, 910
2272, 186, 925
2273, 674, 937
2274, 207, 717
2275, 865, 977
2276, 263, 353
2277, 113, 242
2278, 458, 957
2279, 554, 752
2280, 140, 692
2281, 594, 726
2282, 266, 946
2283, 38, 622
2284, 232, 766
2285, 27, 804
2286, 563, 689
2287, 188, 319
2288, 379, 664
2289, 54, 609
2290, 612, 955
2291, 145, 590
2292, 311, 568
2293, 80, 95
2294, 267, 935
2295, 124, 518
2296, 291, 493
2297, 45, 272
2298, 580, 897
2299, 227, 932
2300, 210, 401
2301, 82, 368
2302, 249, 676
2303, 44, 687
2304, 425, 745
2305, 320, 878
2306, 197, 213
2307, 836, 997
2308, 60, 858
2309, 786, 885
2310, 81, 369
2311, 344, 994
2312, 354, 819
2313, 301, 506
2314, 309, 938
2315, 318, 503
2316, 198, 200
2317, 601, 993
2318, 324, 332
2319, 553, 695
2320, 776, 884
2321, 298, 617
2322, 390, 986
2323, 463, 699
2324, 504, 564
2325, 90, 461
2326, 219, 738
2327, 62, 734
2328, 613, 835
2329, 312, 581
2330, 627, 827
2331, 454, 466
2332, 811, 984
2333, 643, 854
2334, 79, 523
2335, 221, 395
2336, 371, 451
2337, 440, 591
2338, 25, 924
2339, 234, 760
2340, 1, 203
2341, 321, 537
2342, 864, 947
2343, 501, 821
2344, 552, 934
2345, 96, 666
2346, 495, 981
2347, 366, 410
2348, 350, 416
2349, 801, 985
2350, 329, 750
2351, 407, 754
2352, 78, 179
2353, 402, 610
2354, 469, 989
2355, 205, 280
2356, 48, 377
2357, 233, 283
2358, 43, 473
2359, 668, 798
2360, 561, 909
2361, 363, 810
2362, 772, 987
2363, 85, 247
2364, 308, 788
2365, 10, 945
2366, 562, 880
2367, 635, 982
2368, 29, 529
2369, 814, 867
2370, 444, 889
2371, 621, 840
2372, 3, 66
2373, 185, 758
2374, 710, 928
2375, 567, 573
2376, 161, 460
2377, 398, 969
2378, 61, 414
2379, 828, 933
2380, 422, 457
2381, 139, 172
2382, 714, 879
2383, 496, 830
2384, 39, 730
2385, 409, 515
2386, 844, 999
2387, 449, 800
2388, 706, 940
2389, 14, 974
2390, 177, 644
2391, 12, 230
2392, 829, 842
2393, 28, 507
2394, 876, 952
2395, 453, 602
2396, 105, 672
2397, 270, 671
2398, 565, 856
2399, 751, 791
2400, 46, 923
2401, 536, 637
2402, 40, 392
2403, 380, 820
2404, 75, 675
2405, 64, 894
2406, 322, 474
2407, 765, 874
2408, 583, 618
2409, 134, 694
2410, 305, 519
2411, 431, 595
2412, 137, 153
2413, 159, 437
2414, 108, 817
2415, 735, 875
2416, 381, 822
2417, 849, 930
2418, 151, 358
2419, 547, 959
2420, 385, 471
2421, 476, 642
2422, 777, 972
2423, 304, 860
2424, 616, 793
2425, 289, 691
2426, 405, 948
2427, 599, 615
2428, 852, 871
2429, 611, 624
2430, 111, 700
2431, 273, 784
2432, 357, 841
2433, 170, 755
2434, 201, 277
2435, 26, 259
2436, 73, 482
2437, 303, 367
2438, 126, 917
2439, 22, 370
2440, 427, 898
2441, 163, 388
2442, 639, 702
2443, 720, 727
2444, 53, 206
2445, 526, 557
2446, 338, 895
2447, 89, 94
2448, 302, 869
2449, 485, 976
2450, 100, 958
2451, 110, 812
2452, 582, 628
2453, 484, 729
2454, 15, 281
2455, 125, 626
2456, 67, 415
2457, 384, 447
2458, 131, 634
2459, 229, 799
2460, 30, 603
2461, 226, 724
2462, 32, 169
2463, 65, 902
2464, 183, 592
2465, 575, 882
2466, 87, 375
2467, 231, 662
2468, 274, 428
2469, 877, 967
2470, 212, 522
2471, 417, 816
2472, 195, 237
2473, 144, 166
2474, 649, 815
2475, 114, 343
2476, 468, 756
2477, 5, 988
2478, 787, 790
2479, 23, 373
2480, 527, 906
2481, 677, 704
2482, 21, 514
2483, 648, 667
2484, 549, 640
2485, 49, 251
2486, 275, 487
2487, 72, 731
2488, 202, 336
2489, 91, 127
2490, 128, 376
2491, 184, 253
2492, 285, 684
2493, 773, 968
2494, 517, 545
2495, 508, 548
2496, 571, 747
2497, 659, 903
2498, 400, 725
2499, 678, 837
2500, 310, 397
2501, 90, 479
2502, 546, 722
2503, 58, 861
2504, 40, 902
2505, 257, 753
2506, 266, 525
2507, 655, 872
2508, 358, 827
2509, 356, 992
2510, 97, 469
2511, 398, 673
2512, 481, 684
2513, 549, 951
2514, 277, 793
2515, 218, 506
2516, 196, 252
2517, 50, 560
2518, 540, 636
2519, 657, 892
2520, 304, 883
2521, 275, 860
2522, 69, 578
2523, 227, 734
2524, 14, 159
2525, 348, 414
2526, 648, 926
2527, 126, 447
2528, 302, 760
2529, 121, 164
2530, 109, 726
2531, 48, 772
2532, 198, 964
2533, 536, 778
2534, 36, 853
2535, 486, 955
2536, 713, 997
2537, 412, 555
2538, 194, 744
2539, 599, 981
2540, 761, 821
2541, 474, 554
2542, 225, 941
2543, 179, 215
2544, 548, 645
2545, 191, 417
2546, 249, 797
2547, 268, 500
2548, 250, 859
2549, 132, 742
2550, 120, 569
2551, 75, 924
2552, 337, 363
2553, 9, 960
2554, 411, 723
2555, 812, 978
2556, 437, 775
2557, 264, 568
2558, 444, 870
2559, 333, 810
2560, 299, 690
2561, 409, 638
2562, 328, 708
2563, 494, 669
2564, 738, 822
2565, 672, 773
2566, 113, 502
2567, 377, 424
2568, 890, 975
2569, 137, 285
2570, 319, 873
2571, 308, 670
2572, 856, 985
2573, 273, 511
2574, 622, 803
2575, 769, 808
2576, 148, 446
2577, 19, 666
2578, 764, 931
2579, 210, 316
2580, 8, 41
2581, 512, 745
2582, 298, 587
2583, 318, 496
2584, 236, 908
2585, 450, 868
2586, 478, 588
2587, 480, 530
2588, 154, 675
2589, 207, 619
2590, 201, 920
2591, 56, 407
2592, 557, 806
2593, 667, 885
2594, 543, 814
2595, 176, 418
2596, 28, 703
2597, 271, 844
2598, 309, 410
2599, 68, 435
2600, 362, 937
2601, 208, 866
2602, 539, 771
2603, 102, 440
2604, 188, 558
2605, 422, 701
2606, 107, 604
2607, 594, 939
2608, 448, 907
2609, 152, 989
2610, 193, 531
2611, 110, 921
2612, 782, 922
2613, 694, 705
2614, 632, 792
2615, 269, 658
2616, 464, 663
2617, 644, 901
2618, 436, 871
2619, 168, 996
2620, 606, 928
2621, 55, 118
2622, 70, 556
2623, 238, 639
2624, 73, 503
2625, 214, 971
2626, 16, 67
2627, 62, 100
2628, 415, 427
2629, 87, 758
2630, 65, 171
2631, 524, 654
2632, 151, 906
2633, 197, 380
2634, 184, 990
2635, 115, 134
2636, 807, 875
2637, 538, 945
2638, 5, 794
2639, 217, 786
2640, 801, 831
2641, 403, 533
2642, 346, 451
2643, 490, 660
2644, 11, 567
2645, 698, 718
2646, 80, 429
2647, 286, 521
2648, 441, 896
2649, 685, 765
2650, 413, 779
2651, 290, 999
2652, 439, 913
2653, 406, 736
2654, 232, 375
2655, 98, 133
2656, 246, 828
2657, 72, 679
2658, 293, 702
2659, 616, 710
2660, 276, 313
2661, 220, 592
2662, 138, 140
2663, 433, 787
2664, 128, 229
2665, 353, 642
2666, 668, 967
2667, 624, 725
2668, 44, 886
2669, 507, 968
2670, 322, 550
2671, 142, 370
2672, 799, 878
2673, 104, 160
2674, 383, 399
2675, 574, 932
2676, 32, 610
2677, 262, 553
2678, 517, 759
2679, 397, 600
2680, 421, 824
2681, 862, 934
2682, 347, 829
2683, 646, 840
2684, 559, 891
2685, 122, 310
2686, 76, 221
2687, 419, 728
2688, 166, 625
2689, 449, 504
2690, 4, 305
2691, 270, 982
2692, 776, 918
2693, 282, 689
2694, 136, 598
2695, 89, 563
2696, 182, 473
2697, 25, 26
2698, 156, 522
2699, 914, 969
2700, 505, 692
2701, 359, 789
2702, 484, 740
2703, 112, 157
2704, 173, 706
2705, 388, 678
2706, 195, 329
2707, 15, 378
2708, 103, 206
2709, 562, 895
2710, 82, 178
2711, 7, 583
2712, 190, 324
2713, 94, 909
2714, 135, 487
2715, 38, 547
2716, 664, 795
2717, 251, 515
2718, 117, 620
2719, 295, 629
2720, 401, 687
2721, 344, 374
2722, 3, 743
2723, 929, 930
2724, 272, 956
2725, 471, 615
2726, 283, 998
2727, 167, 854
2728, 35, 952
2729, 53, 185
2730, 99, 637
2731, 581, 680
2732, 746, 848
2733, 509, 863
2734, 85, 203
2735, 260, 727
2736, 31, 749
2737, 754, 811
2738, 96, 936
2739, 256, 880
2740, 141, 818
2741, 855, 858
2742, 405, 676
2743, 108, 119
2744, 458, 876
2745, 485, 820
2746, 71, 301
2747, 404, 987
2748, 364, 454
2749, 492, 961
2750, 482, 944
2751, 529, 652
2752, 470, 823
2753, 139, 933
2754, 467, 767
2755, 603, 748
2756, 367, 950
2757, 61, 297
2758, 360, 593
2759, 244, 396
2760, 223, 977
2761, 213, 739
2762, 466, 508
2763, 24, 431
2764, 488, 602
2765, 78, 545
2766, 95, 852
2767, 267, 766
2768, 635, 894
2769, 516, 958
2770, 74, 802
2771, 343, 662
2772, 234, 704
2773, 79, 579
2774, 248, 371
2775, 352, 686
2776, 261, 339
2777, 651, 819
2778, 114, 483
2779, 33, 791
2780, 681, 962
2781, 756, 986
2782, 798, 845
2783, 534, 838
2784, 691, 711
2785, 332, 900
2786, 216, 426
2787, 77, 307
2788, 237, 294
2789, 382, 634
2790, 146, 755
2791, 181, 211
2792, 340, 475
2793, 300, 851
2794, 49, 477
2795, 22, 187
2796, 443, 830
2797, 149, 174
2798, 408, 514
2799, 453, 542
2800, 595, 988
2801, 199, 641
2802, 224, 537
2803, 46, 561
2804, 45, 497
2805, 37, 869
2806, 617, 805
2807, 323, 833
2808, 205, 783
2809, 695, 774
2810, 259, 288
2811, 163, 770
2812, 20, 111
2813, 303, 790
2814, 368, 954
2815, 696, 817
2816, 29, 893
2817, 601, 611
2818, 729, 963
2819, 312, 752
2820, 751, 994
2821, 392, 445
2822, 42, 391
2823, 325, 650
2824, 768, 850
2825, 83, 366
2826, 442, 671
2827, 400, 836
2828, 389, 879
2829, 949, 974
2830, 953, 991
2831, 341, 674
2832, 700, 877
2833, 763, 947
2834, 491, 935
2835, 209, 972
2836, 351, 904
2837, 6, 809
2838, 747, 898
2839, 258, 526
2840, 372, 980
2841, 434, 665
2842, 762, 826
2843, 800, 815
2844, 576, 586
2845, 13, 143
2846, 245, 605
2847, 551, 640
2848, 393, 585
2849, 281, 614
2850, 345, 683
2851, 231, 373
2852, 527, 596
2853, 239, 243
2854, 10, 284
2855, 317, 647
2856, 584, 796
2857, 577, 715
2858, 63, 847
2859, 64, 621
2860, 222, 613
2861, 106, 165
2862, 230, 289
2863, 47, 911
2864, 628, 976
2865, 92, 169
2866, 162, 887
2867, 219, 630
2868, 263, 834
2869, 455, 498
2870, 597, 882
2871, 124, 336
2872, 402, 608
2873, 946, 965
2874, 39, 57
2875, 212, 566
2876, 189, 518
2877, 54, 228
2878, 81, 233
2879, 338, 354
2880, 495, 804
2881, 34, 709
2882, 501, 940
2883, 116, 287
2884, 125, 127
2885, 320, 656
2886, 175, 712
2887, 428, 609
2888, 161, 843
2889, 204, 842
2890, 291, 649
2891, 357, 716
2892, 186, 732
2893, 462, 528
2894, 846, 881
2895, 43, 781
2896, 589, 867
2897, 682, 707
2898, 27, 385
2899, 582, 733
2900, 369, 966
2901, 438, 564
2902, 23, 523
2903, 334, 959
2904, 590, 661
2905, 331, 735
2906, 395, 688
2907, 626, 903
2908, 145, 693
2909, 384, 618
2910, 21, 717
2911, 30, 750
2912, 314, 327
2913, 552, 899
2914, 461, 653
2915, 510, 884
2916, 520, 948
2917, 254, 912
2918, 544, 591
2919, 101, 226
2920, 416, 905
2921, 153, 925
2922, 52, 677
2923, 335, 731
2924, 51, 714
2925, 349, 633
2926, 242, 326
2927, 376, 643
2928, 155, 463
2929, 172, 780
2930, 979, 995
2931, 857, 888
2932, 91, 386
2933, 105, 247
2934, 580, 788
2935, 274, 813
2936, 2, 183
2937, 535, 697
2938, 465, 612
2939, 572, 607
2940, 355, 575
2941, 144, 627
2942, 131, 993
2943, 784, 915
2944, 12, 699
2945, 59, 623
2946, 150, 835
2947, 361, 724
2948, 573, 816
2949, 200, 841
2950, 452, 777
2951, 88, 897
2952, 170, 737
2953, 476, 889
2954, 493, 916
2955, 130, 849
2956, 532, 541
2957, 192, 342
2958, 379, 983
2959, 158, 472
2960, 66, 938
2961, 365, 631
2962, 311, 970
2963, 84, 927
2964, 240, 279
2965, 147, 730
2966, 86, 460
2967, 721, 832
2968, 202, 350
2969, 241, 570
2970, 387, 839
2971, 571, 973
2972, 1, 18
2973, 381, 420
2974, 17, 923
2975, 129, 321
2976, 499, 519
2977, 93, 741
2978, 306, 984
2979, 278, 390
2980, 296, 957
2981, 456, 864
2982, 253, 265
2983, 423, 825
2984, 785, 910
2985, 468, 919
2986, 123, 757
2987, 330, 659
2988, 917, 942
2989, 280, 489
2990, 430, 720
2991, 235, 1000
2992, 432, 865
2993, 315, 425
2994, 457, 943
2995, 459, 874
2996, 60, 513
2997, 180, 394
2998, 565, 837
2999, 255, 719
3000, 177, 292
3001, 474, 984
3002, 246, 645
3003, 294, 655
3004, 149, 360
3005, 625, 677
3006, 630, 1000
3007, 35, 526
3008, 666, 791
3009, 572, 840
3010, 259, 799
3011, 564, 973
3012, 129, 787
3013, 17, 277
3014, 204, 718
3015, 222, 588
3016, 228, 506
3017, 233, 475
3018, 412, 659
3019, 283, 284
3020, 662, 710
3021, 756, 839
3022, 461, 768
3023, 516, 520
3024, 84, 638
3025, 262, 619
3026, 493, 539
3027, 700, 758
3028, 29, 946
3029, 341, 411
3030, 49, 622
3031, 938, 960
3032, 377, 763
3033, 755, 982
3034, 115, 678
3035, 197, 563
3036, 354, 786
3037, 154, 742
3038, 327, 811
3039, 593, 730
3040, 555, 927
3041, 280, 482
3042, 504, 652
3043, 570, 875
3044, 258, 326
3045, 582, 837
3046, 551, 857
3047, 322, 495
3048, 24, 369
3049, 268, 271
3050, 223, 397
3051, 249, 997
3052, 123, 560
3053, 9, 396
3054, 334, 577
3055, 37, 584
3056, 50, 427
3057, 250, 870
3058, 43, 834
3059, 141, 776
3060, 244, 810
3061, 485, 986
3062, 591, 669
3063, 309, 899
3064, 394, 613
3065, 276, 829
3066, 275, 933
3067, 260, 617
3068, 194, 496
3069, 703, 705
3070, 139, 838
3071, 119, 330
3072, 86, 240
3073, 548, 824
3074, 478, 858
3075, 559, 743
3076, 465, 814
3077, 725, 762
3078, 287, 596
3079, 467, 535
3080, 390, 853
3081, 152, 358
3082, 255, 906
3083, 795, 990
3084, 278, 530
3085, 376, 739
3086, 103, 714
3087, 737, 891
3088, 503, 600
3089, 164, 176
3090, 66, 562
3091, 193, 765
3092, 524, 930
3093, 738, 785
3094, 22, 913
3095, 11, 79
3096, 672, 995
3097, 65, 876
3098, 221, 536
3099, 273, 359
3100, 168, 190
3101, 565, 855
3102, 148, 604
3103, 491, 827
3104, 349, 366
3105, 93, 125
3106, 117, 400
3107, 469, 988
3108, 41, 729
3109, 83, 138
3110, 18, 188
3111, 252, 323
3112, 186, 991
3113, 449, 779
3114, 30, 450
3115, 264, 959
3116, 25, 500
3117, 343, 481
3118, 507, 992
3119, 521, 842
3120, 229, 558
3121, 89, 437
3122, 616, 914
3123, 656, 751
3124, 54, 790
3125, 544, 820
3126, 440, 978
3127, 534, 598
3128, 968, 983
3129, 344, 688
3130, 99, 644
3131, 272, 282
3132, 451, 752
3133, 850, 862
3134, 505, 945
3135, 144, 670
3136, 473, 922
3137, 58, 711
3138, 460, 706
3139, 285, 939
3140, 98, 976
3141, 137, 646
3142, 47, 717
3143, 750, 957
3144, 523, 948
3145, 48, 367
3146, 494, 606
3147, 348, 379
3148, 487, 499
3149, 445, 554
3150, 576, 865
3151, 192, 740
3152, 610, 626
3153, 430, 994
3154, 557, 817
3155, 439, 583
3156, 72, 243
3157, 130, 928
3158, 110, 912
3159, 339, 642
3160, 433, 849
3161, 337, 783
3162, 142, 150
3163, 497, 935
3164, 331, 665
3165, 51, 122
3166, 10, 529
3167, 733, 985
3168, 293, 950
3169, 134, 958
3170, 628, 843
3171, 538, 766
3172, 402, 942
3173, 731, 753
3174, 324, 951
3175, 350, 979
3176, 116, 561
3177, 712, 719
3178, 483, 741
3179, 448, 822
3180, 370, 620
3181, 160, 585
3182, 446, 987
3183, 52, 177
3184, 70, 510
3185, 38, 537
3186, 423, 848
3187, 225, 744
3188, 653, 909
3189, 105, 944
3190, 307, 424
3191, 136, 145
3192, 314, 932
3193, 773, 856
3194, 556, 915
3195, 546, 778
3196, 509, 896
3197, 408, 692
3198, 133, 671
3199, 60, 470
3200, 595, 830
3201, 3, 592
3202, 336, 416
3203, 690, 764
3204, 404, 975
3205, 147, 844
3206, 541, 788
3207, 76, 296
3208, 64, 267
3209, 952, 969
3210, 2, 306
3211, 202, 351
3212, 317, 422
3213, 181, 881
3214, 81, 726
3215, 333, 458
3216, 45, 860
3217, 156, 693
3218, 46, 540
3219, 57, 882
3220, 356, 442
3221, 438, 894
3222, 87, 128
3223, 436, 964
3224, 1, 300
3225, 187, 801
3226, 599, 804
3227, 289, 999
3228, 40, 108
3229, 201, 299
3230, 55, 515
3231, 5, 161
3232, 420, 993
3233, 95, 589
3234, 388, 831
3235, 399, 887
3236, 73, 114
3237, 234, 392
3238, 178, 869
3239, 111, 953
3240, 417, 663
3241, 476, 632
3242, 62, 213
3243, 629, 873
3244, 4, 803
3245, 410, 429
3246, 169, 696
3247, 135, 580
3248, 471, 871
3249, 816, 892
3250, 94, 362
3251, 53, 159
3252, 502, 549
3253, 207, 673
3254, 761, 885
3255, 342, 805
3256, 218, 687
3257, 88, 657
3258, 274, 866
3259, 162, 308
3260, 165, 286
3261, 56, 759
3262, 132, 375
3263, 748, 907
3264, 924, 961
3265, 28, 943
3266, 113, 845
3267, 552, 836
3268, 674, 893
3269, 248, 305
3270, 522, 897
3271, 290, 970
3272, 82, 694
3273, 699, 777
3274, 472, 490
3275, 203, 456
3276, 257, 304
3277, 364, 695
3278, 329, 971
3279, 650, 772
3280, 372, 443
3281, 265, 794
3282, 100, 937
3283, 288, 900
3284, 851, 877
3285, 311, 883
3286, 384, 722
3287, 501, 833
3288, 527, 949
3289, 209, 749
3290, 206, 332
3291, 488, 760
3292, 85, 863
3293, 163, 198
3294, 263, 668
3295, 281, 453
3296, 59, 166
3297, 319, 532
3298, 245, 312
3299, 131, 940
3300, 189, 418
3301, 251, 315
3302, 313, 861
3303, 847, 895
3304, 679, 745
3305, 393, 428
3306, 68, 533
3307, 464, 517
3308, 553, 575
3309, 574, 735
3310, 146, 172
3311, 702, 707
3312, 96, 980
3313, 382, 771
3314, 91, 291
3315, 547, 746
3316, 621, 649
3317, 398, 941
3318, 479, 747
3319, 6, 345
3320, 425, 936
3321, 684, 691
3322, 101, 618
3323, 640, 868
3324, 352, 815
3325, 199, 405
3326, 395, 901
3327, 31, 917
3328, 205, 631
3329, 432, 859
3330, 347, 654
3331, 67, 793
3332, 215, 667
3333, 279, 676
3334, 578, 594
3335, 303, 713
3336, 902, 911
3337, 689, 889
3338, 385, 468
3339, 573, 587
3340, 480, 571
3341, 26, 452
3342, 97, 916
3343, 102, 597
3344, 340, 908
3345, 180, 270
3346, 8, 732
3347, 355, 374
3348, 780, 923
3349, 441, 926
3350, 61, 242
3351, 685, 918
3352, 226, 903
3353, 69, 888
3354, 173, 623
3355, 44, 112
3356, 641, 784
3357, 796, 798
3358, 634, 754
3359, 220, 931
3360, 518, 898
3361, 21, 709
3362, 236, 489
3363, 454, 682
3364, 683, 715
3365, 12, 636
3366, 15, 680
3367, 175, 781
3368, 698, 925
3369, 498, 919
3370, 13, 513
3371, 185, 477
3372, 32, 607
3373, 818, 878
3374, 224, 615
3375, 195, 301
3376, 23, 33
3377, 232, 316
3378, 179, 528
3379, 191, 963
3380, 71, 581
3381, 75, 704
3382, 127, 403
3383, 426, 934
3384, 118, 920
3385, 74, 455
3386, 770, 886
3387, 151, 569
3388, 92, 723
3389, 391, 962
3390, 212, 660
3391, 217, 624
3392, 104, 819
3393, 143, 651
3394, 387, 401
3395, 431, 605
3396, 77, 823
3397, 434, 825
3398, 19, 904
3399, 241, 728
3400, 614, 874
3401, 511, 813
3402, 239, 457
3403, 365, 890
3404, 235, 965
3405, 106, 647
3406, 254, 386
3407, 643, 727
3408, 380, 664
3409, 269, 792
3410, 708, 835
3411, 361, 371
3412, 27, 841
3413, 121, 543
3414, 214, 724
3415, 292, 884
3416, 701, 864
3417, 514, 542
3418, 63, 789
3419, 568, 681
3420, 107, 603
3421, 78, 295
3422, 227, 415
3423, 435, 661
3424, 36, 126
3425, 302, 716
3426, 231, 821
3427, 508, 602
3428, 140, 310
3429, 211, 238
3430, 608, 996
3431, 808, 826
3432, 531, 721
3433, 318, 802
3434, 167, 806
3435, 14, 989
3436, 675, 872
3437, 800, 846
3438, 200, 519
3439, 353, 466
3440, 174, 421
3441, 155, 921
3442, 459, 633
3443, 444, 867
3444, 253, 298
3445, 809, 812
3446, 910, 966
3447, 247, 413
3448, 196, 586
3449, 769, 905
3450, 182, 320
3451, 383, 956
3452, 325, 879
3453, 612, 782
3454, 297, 832
3455, 20, 637
3456, 338, 854
3457, 406, 775
3458, 16, 363
3459, 484, 627
3460, 256, 335
3461, 216, 381
3462, 237, 697
3463, 34, 658
3464, 774, 955
3465, 7, 409
3466, 407, 807
3467, 261, 929
3468, 80, 157
3469, 378, 797
3470, 171, 635
3471, 90, 972
3472, 686, 967
3473, 42, 357
3474, 419, 880
3475, 170, 525
3476, 447, 736
3477, 208, 720
3478, 414, 954
3479, 183, 266
3480, 328, 977
3481, 579, 611
3482, 492, 609
3483, 601, 757
3484, 184, 512
3485, 230, 974
3486, 124, 158
3487, 947, 998
3488, 463, 567
3489, 648, 828
3490, 109, 590
3491, 219, 389
3492, 153, 486
3493, 210, 852
3494, 767, 981
3495, 120, 639
3496, 368, 566
3497, 39, 346
3498, 321, 734
3499, 545, 550
3500, 373, 462
3501, 784, 940
3502, 554, 657
3503, 290, 435
3504, 24, 283
3505, 351, 382
3506, 260, 733
3507, 814, 918
3508, 298, 679
3509, 864, 943
3510, 31, 108
3511, 475, 767
3512, 129, 276
3513, 118, 780
3514, 508, 751
3515, 291, 532
3516, 305, 442
3517, 220, 703
3518, 22, 745
3519, 134, 515
3520, 116, 619
3521, 431, 977
3522, 524, 527
3523, 518, 851
3524, 239, 969
3525, 471, 630
3526, 13, 56
3527, 862, 980
3528, 451, 624
3529, 274, 492
3530, 192, 886
3531, 648, 695
3532, 563, 760
3533, 596, 917
3534, 128, 307
3535, 55, 921
3536, 233, 957
3537, 10, 361
3538, 104, 781
3539, 245, 962
3540, 4, 496
3541, 28, 449
3542, 605, 646
3543, 903, 910
3544, 257, 755
3545, 740, 877
3546, 782, 827
3547, 415, 682
3548, 168, 429
3549, 228, 434
3550, 150, 773
3551, 388, 838
3552, 511, 616
3553, 75, 985
3554, 78, 461
3555, 411, 721
3556, 238, 247
3557, 443, 820
3558, 163, 811
3559, 117, 418
3560, 158, 638
3561, 567, 697
3562, 315, 829
3563, 337, 582
3564, 547, 702
3565, 102, 344
3566, 427, 734
3567, 217, 803
3568, 111, 663
3569, 186, 419
3570, 620, 889
3571, 120, 948
3572, 38, 926
3573, 488, 735
3574, 65, 728
3575, 50, 642
3576, 187, 354
3577, 85, 916
3578, 74, 786
3579, 157, 359
3580, 195, 774
3581, 437, 990
3582, 29, 987
3583, 406, 617
3584, 464, 686
3585, 125, 231
3586, 597, 660
3587, 381, 823
3588, 469, 499
3589, 197, 541
3590, 16, 869
3591, 167, 393
3592, 826, 988
3593, 369, 598
3594, 49, 130
3595, 553, 882
3596, 831, 837
3597, 481, 607
3598, 846, 858
3599, 324, 891
3600, 170, 194
3601, 6, 82
3602, 94, 747
3603, 699, 850
3604, 924, 950
3605, 408, 791
3606, 88, 407
3607, 753, 887
3608, 384, 708
3609, 173, 928
3610, 126, 269
3611, 12, 927
3612, 602, 979
3613, 135, 502
3614, 278, 905
3615, 182, 210
3616, 171, 647
3617, 132, 386
3618, 788, 863
3619, 701, 817
3620, 86, 390
3621, 479, 920
3622, 412, 446
3623, 145, 625
3624, 152, 183
3625, 590, 756
3626, 349, 378
3627, 572, 866
3628, 586, 752
3629, 216, 615
3630, 350, 637
3631, 241, 249
3632, 166, 787
3633, 769, 981
3634, 633, 859
3635, 209, 956
3636, 365, 853
3637, 424, 714
3638, 636, 994
3639, 3, 704
3640, 348, 609
3641, 323, 658
3642, 206, 667
3643, 70, 868
3644, 71, 154
3645, 123, 413
3646, 57, 768
3647, 364, 953
3648, 184, 377
3649, 90, 311
3650, 972, 983
3651, 861, 890
3652, 99, 750
3653, 153, 758
3654, 106, 484
3655, 309, 416
3656, 143, 849
3657, 571, 867
3658, 159, 835
3659, 301, 717
3660, 15, 445
3661, 275, 726
3662, 300, 779
3663, 236, 804
3664, 401, 550
3665, 80, 161
3666, 51, 742
3667, 165, 800
3668, 46, 486
3669, 273, 570
3670, 892, 941
3671, 477, 677
3672, 555, 643
3673, 162, 899
3674, 2, 285
3675, 507, 856
3676, 536, 610
3677, 268, 757
3678, 331, 470
3679, 304, 465
3680, 606, 848
3681, 73, 700
3682, 59, 338
3683, 485, 900
3684, 109, 414
3685, 284, 651
3686, 242, 871
3687, 440, 908
3688, 266, 712
3689, 460, 834
3690, 654, 930
3691, 149, 342
3692, 18, 732
3693, 327, 454
3694, 144, 857
3695, 25, 516
3696, 293, 339
3697, 514, 634
3698, 543, 684
3699, 533, 765
3700, 422, 693
3701, 42, 156
3702, 114, 121
3703, 689, 914
3704, 402, 450
3705, 409, 698
3706, 199, 493
3707, 556, 893
3708, 5, 398
3709, 387, 588
3710, 45, 363
3711, 878, 938
3712, 833, 937
3713, 174, 964
3714, 61, 675
3715, 252, 430
3716, 345, 718
3717, 310, 463
3718, 813, 1000
3719, 287, 673
3720, 185, 441
3721, 674, 946
3722, 271, 368
3723, 8, 326
3724, 798, 970
3725, 34, 258
3726, 179, 581
3727, 332, 421
3728, 35, 772
3729, 785, 880
3730, 76, 566
3731, 296, 716
3732, 60, 680
3733, 246, 818
3734, 420, 517
3735, 11, 945
3736, 83, 584
3737, 272, 317
3738, 452, 989
3739, 358, 942
3740, 500, 795
3741, 47, 671
3742, 392, 687
3743, 248, 250
3744, 265, 873
3745, 522, 801
3746, 439, 530
3747, 205, 591
3748, 175, 770
3749, 43, 822
3750, 160, 951
3751, 288, 783
3752, 879, 974
3753, 181, 466
3754, 832, 966
3755, 565, 748
3756, 172, 473
3757, 202, 277
3758, 593, 628
3759, 224, 523
3760, 385, 444
3761, 58, 789
3762, 883, 906
3763, 544, 975
3764, 122, 494
3765, 457, 551
3766, 456, 775
3767, 569, 739
3768, 405, 559
3769, 259, 720
3770, 27, 552
3771, 664, 729
3772, 44, 303
3773, 295, 901
3774, 66, 639
3775, 264, 961
3776, 622, 652
3777, 589, 764
3778, 40, 355
3779, 69, 649
3780, 360, 453
3781, 425, 746
3782, 330, 692
3783, 395, 762
3784, 198, 830
3785, 87, 251
3786, 389, 754
3787, 824, 852
3788, 376, 525
3789, 267, 934
3790, 97, 538
3791, 222, 629
3792, 366, 557
3793, 92, 289
3794, 480, 909
3795, 196, 952
3796, 219, 226
3797, 447, 749
3798, 353, 902
3799, 32, 603
3800, 30, 101
3801, 595, 845
3802, 151, 575
3803, 874, 881
3804, 383, 535
3805, 138, 227
3806, 280, 904
3807, 235, 738
3808, 203, 585
3809, 253, 618
3810, 380, 936
3811, 176, 888
3812, 578, 995
3813, 790, 991
3814, 191, 621
3815, 696, 912
3816, 147, 467
3817, 417, 884
3818, 142, 177
3819, 306, 741
3820, 727, 797
3821, 96, 731
3822, 498, 601
3823, 14, 626
3824, 9, 669
3825, 371, 724
3826, 17, 230
3827, 113, 540
3828, 340, 694
3829, 64, 876
3830, 110, 949
3831, 169, 506
3832, 204, 982
3833, 270, 631
3834, 23, 955
3835, 329, 690
3836, 62, 665
3837, 207, 913
3838, 521, 947
3839, 635, 711
3840, 41, 875
3841, 39, 683
3842, 644, 794
3843, 599, 766
3844, 375, 587
3845, 63, 821
3846, 489, 632
3847, 531, 534
3848, 482, 799
3849, 141, 763
3850, 84, 89
3851, 93, 458
3852, 341, 865
3853, 510, 796
3854, 218, 911
3855, 600, 922
3856, 399, 841
3857, 52, 723
3858, 119, 328
3859, 21, 379
3860, 54, 322
3861, 286, 710
3862, 357, 650
3863, 223, 641
3864, 20, 744
3865, 685, 844
3866, 819, 840
3867, 564, 670
3868, 537, 688
3869, 212, 448
3870, 476, 580
3871, 613, 730
3872, 48, 495
3873, 512, 776
3874, 391, 715
3875, 501, 574
3876, 146, 973
3877, 802, 895
3878, 133, 705
3879, 244, 255
3880, 509, 992
3881, 292, 297
3882, 608, 612
3883, 318, 661
3884, 320, 335
3885, 214, 519
3886, 513, 967
3887, 180, 262
3888, 243, 504
3889, 124, 356
3890, 529, 805
3891, 542, 736
3892, 53, 140
3893, 19, 261
3894, 373, 678
3895, 263, 725
3896, 254, 579
3897, 103, 898
3898, 423, 672
3899, 526, 812
3900, 568, 713
3901, 560, 965
3902, 836, 963
3903, 225, 426
3904, 374, 706
3905, 232, 478
3906, 139, 960
3907, 26, 933
3908, 302, 737
3909, 404, 860
3910, 213, 400
3911, 520, 919
3912, 294, 806
3913, 313, 932
3914, 105, 561
3915, 645, 897
3916, 131, 334
3917, 433, 807
3918, 68, 722
3919, 333, 958
3920, 623, 925
3921, 487, 842
3922, 771, 778
3923, 336, 655
3924, 396, 505
3925, 472, 971
3926, 77, 325
3927, 37, 978
3928, 200, 825
3929, 347, 816
3930, 343, 483
3931, 98, 923
3932, 312, 815
3933, 127, 997
3934, 67, 211
3935, 148, 915
3936, 808, 931
3937, 100, 436
3938, 352, 839
3939, 870, 935
3940, 468, 592
3941, 403, 653
3942, 36, 237
3943, 627, 855
3944, 299, 968
3945, 208, 847
3946, 72, 229
3947, 178, 321
3948, 189, 828
3949, 221, 996
3950, 659, 944
3951, 7, 370
3952, 112, 319
3953, 234, 843
3954, 549, 998
3955, 503, 691
3956, 314, 548
3957, 91, 676
3958, 719, 999
3959, 474, 528
3960, 809, 939
3961, 136, 539
3962, 240, 455
3963, 346, 681
3964, 410, 896
3965, 367, 668
3966, 155, 666
3967, 33, 743
3968, 907, 929
3969, 137, 984
3970, 594, 993
3971, 201, 954
3972, 459, 611
3973, 79, 976
3974, 604, 959
3975, 279, 576
3976, 562, 707
3977, 394, 872
3978, 709, 894
3979, 190, 854
3980, 546, 793
3981, 397, 810
3982, 362, 428
3983, 761, 777
3984, 188, 193
3985, 95, 432
3986, 256, 438
3987, 281, 545
3988, 164, 640
3989, 81, 656
3990, 107, 573
3991, 372, 577
3992, 497, 792
3993, 115, 662
3994, 491, 558
3995, 583, 986
3996, 282, 462
3997, 1, 215
3998, 308, 490
3999, 614, 885
4000, 316, 759
