id, img1, img2
1, 31, 396
2, 48, 646
3, 153, 668
4, 476, 562
5, 596, 887
6, 345, 731
7, 651, 824
8, 463, 960
9, 363, 403
10, 19, 821
11, 832, 979
12, 176, 265
13, 209, 695
14, 84, 963
15, 300, 879
16, 158, 597
17, 422, 565
18, 100, 831
19, 154, 768
20, 416, 797
21, 528, 568
22, 111, 524
23, 32, 908
24, 287, 881
25, 587, 827
26, 182, 857
27, 368, 436
28, 724, 834
29, 741, 874
30, 70, 909
31, 432, 829
32, 380, 420
33, 118, 156
34, 779, 819
35, 87, 292
36, 515, 618
37, 18, 640
38, 282, 934
39, 546, 570
40, 384, 754
41, 780, 837
42, 266, 485
43, 203, 993
44, 433, 487
45, 27, 736
46, 112, 684
47, 428, 603
48, 312, 705
49, 135, 776
50, 455, 862
51, 17, 609
52, 240, 746
53, 119, 947
54, 44, 127
55, 488, 806
56, 340, 354
57, 349, 965
58, 765, 955
59, 392, 855
60, 45, 126
61, 145, 461
62, 252, 970
63, 323, 941
64, 250, 619
65, 142, 896
66, 194, 931
67, 360, 940
68, 28, 264
69, 165, 917
70, 517, 659
71, 634, 986
72, 214, 905
73, 16, 860
74, 580, 809
75, 55, 698
76, 10, 652
77, 290, 706
78, 759, 790
79, 82, 656
80, 208, 235
81, 274, 585
82, 206, 657
83, 388, 826
84, 629, 956
85, 288, 530
86, 121, 171
87, 584, 903
88, 61, 72
89, 99, 516
90, 259, 943
91, 157, 190
92, 600, 800
93, 113, 220
94, 599, 985
95, 223, 586
96, 456, 649
97, 480, 910
98, 449, 835
99, 174, 795
100, 362, 844
101, 66, 397
102, 128, 545
103, 496, 660
104, 12, 367
105, 882, 949
106, 894, 962
107, 204, 372
108, 2, 574
109, 353, 369
110, 260, 427
111, 74, 856
112, 812, 973
113, 197, 630
114, 711, 987
115, 168, 512
116, 134, 172
117, 675, 745
118, 81, 272
119, 756, 816
120, 147, 615
121, 446, 691
122, 71, 519
123, 452, 833
124, 413, 845
125, 796, 846
126, 108, 465
127, 35, 728
128, 583, 782
129, 80, 733
130, 302, 794
131, 378, 729
132, 489, 778
133, 177, 406
134, 538, 709
135, 357, 499
136, 103, 915
137, 509, 605
138, 21, 230
139, 33, 678
140, 439, 532
141, 304, 382
142, 551, 631
143, 50, 78
144, 311, 838
145, 226, 714
146, 202, 561
147, 219, 743
148, 239, 544
149, 76, 989
150, 155, 477
151, 25, 801
152, 407, 637
153, 189, 645
154, 192, 490
155, 682, 957
156, 868, 959
157, 257, 335
158, 92, 753
159, 625, 749
160, 434, 916
161, 215, 295
162, 188, 852
163, 772, 774
164, 195, 966
165, 207, 669
166, 723, 900
167, 654, 991
168, 211, 929
169, 521, 924
170, 34, 981
171, 89, 385
172, 328, 769
173, 97, 237
174, 286, 548
175, 726, 997
176, 333, 491
177, 621, 643
178, 550, 978
179, 598, 885
180, 291, 958
181, 567, 610
182, 336, 474
183, 117, 913
184, 210, 364
185, 96, 693
186, 332, 350
187, 43, 175
188, 690, 742
189, 671, 685
190, 4, 922
191, 540, 928
192, 150, 471
193, 459, 535
194, 663, 906
195, 7, 861
196, 213, 1000
197, 379, 863
198, 293, 500
199, 888, 919
200, 256, 932
201, 62, 554
202, 6, 787
203, 447, 853
204, 143, 891
205, 283, 501
206, 75, 971
207, 124, 149
208, 359, 612
209, 245, 935
210, 475, 701
211, 408, 859
212, 330, 755
213, 40, 840
214, 9, 785
215, 374, 968
216, 639, 911
217, 60, 289
218, 533, 732
219, 241, 720
220, 242, 518
221, 430, 633
222, 665, 939
223, 576, 802
224, 410, 470
225, 58, 505
226, 373, 789
227, 306, 469
228, 870, 945
229, 400, 679
230, 109, 361
231, 139, 614
232, 653, 850
233, 365, 858
234, 216, 243
235, 140, 317
236, 86, 169
237, 667, 773
238, 784, 820
239, 748, 762
240, 316, 647
241, 64, 498
242, 448, 975
243, 864, 865
244, 508, 616
245, 11, 817
246, 152, 892
247, 42, 901
248, 162, 719
249, 921, 942
250, 268, 974
251, 253, 954
252, 563, 602
253, 205, 718
254, 575, 713
255, 238, 426
256, 670, 990
257, 166, 672
258, 53, 114
259, 435, 803
260, 344, 686
261, 98, 277
262, 604, 696
263, 101, 482
264, 224, 391
265, 578, 847
266, 673, 946
267, 322, 848
268, 395, 977
269, 394, 683
270, 22, 409
271, 681, 760
272, 314, 758
273, 680, 825
274, 14, 592
275, 181, 454
276, 133, 999
277, 376, 687
278, 262, 591
279, 573, 626
280, 514, 994
281, 120, 443
282, 352, 444
283, 83, 355
284, 429, 468
285, 752, 786
286, 783, 854
287, 315, 513
288, 526, 702
289, 90, 267
290, 46, 47
291, 326, 735
292, 418, 828
293, 146, 178
294, 608, 791
295, 542, 872
296, 30, 132
297, 57, 925
298, 148, 494
299, 159, 479
300, 504, 662
301, 775, 992
302, 556, 813
303, 254, 464
304, 228, 249
305, 473, 938
306, 299, 564
307, 161, 386
308, 346, 442
309, 38, 689
310, 247, 601
311, 269, 531
312, 59, 185
313, 307, 948
314, 88, 387
315, 170, 793
316, 414, 937
317, 884, 936
318, 351, 839
319, 296, 507
320, 560, 717
321, 276, 912
322, 200, 503
323, 458, 788
324, 511, 750
325, 199, 666
326, 130, 886
327, 3, 725
328, 73, 393
329, 138, 712
330, 15, 445
331, 29, 628
332, 356, 424
333, 404, 982
334, 125, 676
335, 94, 325
336, 65, 492
337, 366, 472
338, 549, 980
339, 115, 843
340, 144, 830
341, 234, 411
342, 918, 998
343, 617, 716
344, 255, 927
345, 285, 319
346, 552, 611
347, 781, 996
348, 310, 525
349, 280, 842
350, 263, 370
351, 342, 632
352, 462, 543
353, 20, 818
354, 107, 642
355, 251, 486
356, 137, 412
357, 217, 893
358, 661, 995
359, 281, 371
360, 236, 284
361, 381, 889
362, 244, 337
363, 324, 502
364, 141, 952
365, 438, 582
366, 222, 766
367, 383, 876
368, 734, 914
369, 173, 466
370, 417, 721
371, 440, 808
372, 493, 878
373, 402, 951
374, 54, 93
375, 8, 890
376, 275, 453
377, 232, 450
378, 91, 334
379, 129, 331
380, 320, 703
381, 441, 849
382, 303, 744
383, 727, 933
384, 231, 581
385, 557, 593
386, 193, 761
387, 36, 248
388, 423, 623
389, 539, 907
390, 588, 700
391, 341, 739
392, 52, 572
393, 24, 595
394, 770, 983
395, 225, 823
396, 122, 644
397, 85, 495
398, 620, 810
399, 164, 484
400, 348, 747
401, 627, 920
402, 5, 738
403, 541, 814
404, 431, 897
405, 664, 967
406, 926, 950
407, 343, 398
408, 180, 297
409, 13, 537
410, 655, 710
411, 329, 534
412, 688, 899
413, 898, 984
414, 559, 771
415, 377, 763
416, 571, 708
417, 506, 707
418, 467, 522
419, 313, 318
420, 358, 536
421, 201, 451
422, 218, 520
423, 1, 104
424, 227, 677
425, 163, 187
426, 327, 590
427, 246, 641
428, 95, 123
429, 390, 722
430, 401, 457
431, 764, 836
432, 270, 510
433, 23, 309
434, 421, 715
435, 437, 553
436, 116, 969
437, 271, 805
438, 635, 636
439, 261, 569
440, 338, 740
441, 26, 555
442, 699, 867
443, 51, 339
444, 151, 866
445, 425, 930
446, 613, 988
447, 221, 481
448, 56, 961
449, 692, 895
450, 67, 923
451, 730, 841
452, 233, 851
453, 37, 871
454, 767, 811
455, 529, 869
456, 294, 751
457, 650, 694
458, 39, 229
459, 658, 804
460, 183, 347
461, 273, 674
462, 110, 167
463, 106, 415
464, 63, 606
465, 389, 497
466, 186, 944
467, 308, 737
468, 798, 964
469, 704, 877
470, 757, 807
471, 594, 875
472, 799, 972
473, 131, 904
474, 305, 648
475, 77, 607
476, 198, 460
477, 523, 873
478, 579, 792
479, 68, 622
480, 815, 902
481, 102, 191
482, 69, 883
483, 547, 638
484, 160, 405
485, 258, 624
486, 880, 976
487, 196, 399
488, 321, 566
489, 105, 953
490, 79, 419
491, 184, 589
492, 179, 558
493, 49, 279
494, 298, 527
495, 278, 822
496, 301, 697
497, 136, 375
498, 212, 478
499, 41, 577
500, 483, 777
501, 875, 967
502, 743, 888
503, 355, 815
504, 133, 270
505, 361, 541
506, 519, 899
507, 109, 478
508, 17, 840
509, 303, 818
510, 27, 56
511, 57, 409
512, 21, 990
513, 70, 658
514, 211, 976
515, 547, 762
516, 4, 405
517, 517, 669
518, 457, 782
519, 177, 264
520, 19, 868
521, 107, 401
522, 646, 764
523, 342, 741
524, 710, 887
525, 328, 627
526, 385, 528
527, 447, 831
528, 326, 917
529, 66, 156
530, 426, 724
531, 694, 841
532, 243, 532
533, 168, 417
534, 463, 615
535, 635, 715
536, 35, 283
537, 256, 596
538, 229, 397
539, 218, 771
540, 654, 738
541, 398, 452
542, 539, 736
543, 601, 878
544, 413, 515
545, 134, 324
546, 230, 531
547, 190, 529
548, 7, 648
549, 268, 664
550, 30, 371
551, 365, 734
552, 291, 527
553, 779, 788
554, 813, 971
555, 322, 585
556, 199, 994
557, 253, 626
558, 221, 825
559, 245, 657
560, 574, 965
561, 20, 130
562, 882, 937
563, 583, 610
564, 241, 353
565, 773, 908
566, 555, 860
567, 38, 314
568, 337, 575
569, 41, 54
570, 502, 644
571, 299, 689
572, 653, 957
573, 80, 459
574, 150, 797
575, 153, 391
576, 275, 458
577, 148, 462
578, 296, 651
579, 414, 430
580, 89, 461
581, 187, 822
582, 486, 811
583, 901, 906
584, 360, 631
585, 376, 607
586, 6, 691
587, 573, 931
588, 722, 789
589, 1, 285
590, 176, 979
591, 624, 918
592, 266, 381
593, 434, 826
594, 203, 625
595, 141, 313
596, 704, 836
597, 287, 929
598, 294, 302
599, 233, 435
600, 525, 982
601, 621, 678
602, 260, 468
603, 578, 791
604, 113, 877
605, 60, 479
606, 144, 589
607, 411, 431
608, 140, 340
609, 442, 692
610, 331, 821
611, 480, 765
612, 378, 702
613, 182, 775
614, 81, 208
615, 679, 879
616, 64, 792
617, 425, 436
618, 281, 956
619, 506, 948
620, 717, 981
621, 810, 845
622, 257, 509
623, 24, 905
624, 198, 535
625, 31, 991
626, 320, 445
627, 518, 538
628, 375, 602
629, 39, 708
630, 62, 496
631, 139, 558
632, 248, 306
633, 714, 728
634, 513, 725
635, 29, 172
636, 212, 661
637, 201, 705
638, 383, 752
639, 591, 598
640, 188, 713
641, 192, 939
642, 94, 207
643, 307, 924
644, 721, 891
645, 251, 870
646, 300, 874
647, 623, 656
648, 474, 977
649, 232, 754
650, 898, 975
651, 321, 926
652, 90, 581
653, 274, 571
654, 88, 116
655, 384, 392
656, 800, 998
657, 456, 989
658, 259, 763
659, 195, 210
660, 58, 662
661, 755, 978
662, 600, 632
663, 336, 466
664, 484, 807
665, 73, 949
666, 132, 358
667, 149, 514
668, 483, 952
669, 318, 727
670, 390, 562
671, 552, 667
672, 46, 796
673, 304, 685
674, 223, 987
675, 185, 785
676, 739, 984
677, 467, 932
678, 224, 861
679, 108, 152
680, 388, 613
681, 428, 900
682, 265, 412
683, 202, 277
684, 163, 561
685, 61, 351
686, 42, 161
687, 438, 673
688, 820, 904
689, 489, 925
690, 121, 359
691, 343, 364
692, 345, 849
693, 709, 992
694, 204, 643
695, 171, 641
696, 720, 806
697, 128, 162
698, 11, 420
699, 235, 250
700, 609, 784
701, 330, 671
702, 614, 997
703, 379, 819
704, 399, 606
705, 745, 896
706, 599, 817
707, 37, 407
708, 649, 938
709, 516, 980
710, 12, 711
711, 449, 732
712, 312, 951
713, 98, 663
714, 460, 572
715, 10, 655
716, 138, 634
717, 370, 465
718, 546, 940
719, 842, 846
720, 577, 848
721, 404, 912
722, 25, 217
723, 672, 816
724, 220, 769
725, 137, 808
726, 354, 719
727, 86, 751
728, 129, 419
729, 5, 996
730, 329, 954
731, 334, 349
732, 33, 566
733, 410, 933
734, 352, 427
735, 105, 228
736, 293, 936
737, 222, 338
738, 569, 638
739, 437, 487
740, 280, 292
741, 499, 639
742, 363, 960
743, 120, 748
744, 22, 603
745, 55, 500
746, 473, 731
747, 522, 974
748, 290, 650
749, 295, 683
750, 13, 907
751, 194, 533
752, 99, 934
753, 231, 824
754, 95, 557
755, 284, 357
756, 16, 373
757, 564, 962
758, 524, 942
759, 146, 554
760, 18, 215
761, 922, 973
762, 794, 884
763, 255, 282
764, 444, 674
765, 867, 945
766, 760, 809
767, 666, 735
768, 622, 787
769, 476, 742
770, 271, 341
771, 191, 403
772, 226, 911
773, 424, 537
774, 3, 795
775, 628, 706
776, 548, 935
777, 279, 642
778, 155, 749
779, 32, 857
780, 688, 853
781, 72, 895
782, 697, 726
783, 269, 871
784, 48, 814
785, 297, 955
786, 236, 389
787, 49, 544
788, 53, 488
789, 273, 909
790, 126, 183
791, 453, 827
792, 396, 565
793, 332, 422
794, 716, 944
795, 158, 852
796, 382, 470
797, 238, 681
798, 154, 783
799, 246, 605
800, 157, 675
801, 308, 801
802, 76, 327
803, 118, 125
804, 579, 780
805, 497, 503
806, 946, 970
807, 505, 652
808, 214, 647
809, 620, 668
810, 267, 530
811, 346, 660
812, 169, 983
813, 213, 386
814, 590, 923
815, 79, 712
816, 136, 400
817, 237, 686
818, 216, 670
819, 423, 737
820, 372, 567
821, 446, 766
822, 495, 774
823, 240, 258
824, 676, 740
825, 174, 881
826, 549, 851
827, 117, 482
828, 339, 563
829, 92, 894
830, 317, 777
831, 93, 803
832, 44, 770
833, 68, 504
834, 580, 893
835, 492, 690
836, 570, 659
837, 640, 776
838, 833, 897
839, 78, 812
840, 189, 197
841, 747, 885
842, 254, 512
843, 433, 838
844, 288, 854
845, 830, 972
846, 51, 485
847, 455, 950
848, 122, 225
849, 832, 947
850, 52, 890
851, 348, 718
852, 393, 767
853, 790, 798
854, 560, 1000
855, 262, 335
856, 406, 928
857, 170, 394
858, 151, 165
859, 582, 750
860, 111, 588
861, 272, 432
862, 333, 799
863, 490, 768
864, 205, 451
865, 469, 757
866, 759, 847
867, 301, 556
868, 181, 985
869, 311, 597
870, 23, 75
871, 234, 536
872, 510, 968
873, 309, 520
874, 74, 180
875, 356, 416
876, 693, 862
877, 687, 778
878, 440, 568
879, 619, 988
880, 83, 943
881, 593, 753
882, 247, 855
883, 34, 276
884, 617, 892
885, 184, 611
886, 14, 839
887, 418, 729
888, 263, 595
889, 100, 915
890, 636, 858
891, 239, 491
892, 804, 913
893, 114, 869
894, 59, 252
895, 612, 986
896, 521, 958
897, 26, 196
898, 443, 930
899, 534, 941
900, 97, 464
901, 415, 498
902, 542, 864
903, 106, 733
904, 40, 834
905, 167, 395
906, 828, 963
907, 85, 793
908, 325, 477
909, 772, 919
910, 507, 576
911, 135, 159
912, 903, 995
913, 286, 380
914, 67, 186
915, 249, 402
916, 454, 592
917, 110, 999
918, 698, 850
919, 206, 872
920, 119, 594
921, 45, 475
922, 665, 865
923, 173, 441
924, 559, 889
925, 209, 551
926, 219, 242
927, 8, 127
928, 633, 961
929, 543, 880
930, 244, 873
931, 69, 175
932, 350, 927
933, 145, 178
934, 47, 677
935, 63, 696
936, 43, 377
937, 71, 227
938, 494, 699
939, 805, 863
940, 289, 367
941, 142, 618
942, 374, 630
943, 629, 829
944, 369, 604
945, 84, 471
946, 9, 608
947, 193, 584
948, 15, 781
949, 344, 695
950, 310, 993
951, 680, 921
952, 82, 966
953, 305, 953
954, 143, 746
955, 147, 448
956, 91, 450
957, 101, 421
958, 65, 102
959, 756, 886
960, 124, 707
961, 645, 969
962, 837, 844
963, 103, 616
964, 261, 553
965, 730, 744
966, 362, 508
967, 823, 876
968, 859, 959
969, 316, 761
970, 315, 481
971, 200, 387
972, 50, 587
973, 112, 700
974, 408, 703
975, 368, 523
976, 278, 910
977, 526, 701
978, 77, 684
979, 96, 914
980, 439, 883
981, 501, 856
982, 36, 916
983, 160, 472
984, 2, 786
985, 104, 115
986, 179, 802
987, 166, 637
988, 366, 511
989, 298, 545
990, 123, 902
991, 28, 323
992, 550, 586
993, 87, 866
994, 131, 164
995, 682, 723
996, 758, 843
997, 835, 964
998, 319, 429
999, 347, 920
1000, 493, 540
1001, 261, 604
1002, 86, 755
1003, 351, 522
1004, 233, 958
1005, 559, 955
1006, 278, 601
1007, 826, 884
1008, 116, 284
1009, 214, 836
1010, 589, 616
1011, 186, 626
1012, 483, 735
1013, 285, 889
1014, 138, 294
1015, 150, 508
1016, 50, 439
1017, 334, 719
1018, 93, 95
1019, 178, 829
1020, 557, 934
1021, 97, 624
1022, 434, 871
1023, 92, 963
1024, 60, 776
1025, 844, 849
1026, 427, 569
1027, 543, 602
1028, 399, 417
1029, 4, 161
1030, 819, 881
1031, 253, 767
1032, 325, 491
1033, 305, 964
1034, 295, 445
1035, 488, 851
1036, 131, 754
1037, 366, 989
1038, 935, 971
1039, 11, 590
1040, 110, 961
1041, 54, 280
1042, 105, 311
1043, 148, 322
1044, 57, 320
1045, 561, 800
1046, 251, 446
1047, 207, 485
1048, 610, 903
1049, 72, 753
1050, 421, 920
1051, 331, 636
1052, 31, 99
1053, 737, 933
1054, 304, 893
1055, 464, 553
1056, 415, 622
1057, 154, 874
1058, 750, 848
1059, 744, 978
1060, 448, 728
1061, 38, 695
1062, 894, 1000
1063, 619, 734
1064, 477, 775
1065, 177, 523
1066, 32, 262
1067, 166, 494
1068, 637, 727
1069, 239, 482
1070, 511, 717
1071, 530, 669
1072, 80, 465
1073, 9, 450
1074, 34, 321
1075, 85, 768
1076, 357, 724
1077, 234, 456
1078, 424, 741
1079, 196, 235
1080, 264, 458
1081, 378, 433
1082, 256, 869
1083, 502, 598
1084, 510, 950
1085, 222, 808
1086, 406, 860
1087, 219, 360
1088, 109, 905
1089, 121, 497
1090, 566, 608
1091, 575, 661
1092, 203, 795
1093, 307, 679
1094, 407, 818
1095, 444, 773
1096, 90, 806
1097, 455, 782
1098, 671, 688
1099, 229, 269
1100, 69, 210
1101, 106, 870
1102, 631, 834
1103, 722, 915
1104, 654, 864
1105, 291, 707
1106, 142, 356
1107, 141, 691
1108, 181, 504
1109, 245, 544
1110, 231, 380
1111, 746, 760
1112, 711, 791
1113, 648, 928
1114, 314, 997
1115, 861, 936
1116, 327, 715
1117, 179, 193
1118, 383, 771
1119, 260, 842
1120, 772, 906
1121, 300, 641
1122, 578, 976
1123, 638, 783
1124, 748, 882
1125, 75, 153
1126, 236, 723
1127, 642, 705
1128, 487, 751
1129, 156, 816
1130, 365, 799
1131, 694, 896
1132, 432, 813
1133, 267, 992
1134, 195, 492
1135, 531, 974
1136, 749, 824
1137, 516, 837
1138, 35, 678
1139, 471, 721
1140, 78, 342
1141, 7, 823
1142, 607, 697
1143, 556, 857
1144, 392, 633
1145, 506, 696
1146, 111, 923
1147, 65, 965
1148, 157, 240
1149, 287, 668
1150, 173, 914
1151, 672, 942
1152, 469, 572
1153, 281, 451
1154, 496, 761
1155, 474, 854
1156, 328, 725
1157, 568, 579
1158, 188, 532
1159, 435, 438
1160, 242, 443
1161, 51, 348
1162, 134, 690
1163, 120, 968
1164, 665, 726
1165, 317, 828
1166, 479, 982
1167, 283, 814
1168, 519, 533
1169, 265, 929
1170, 102, 686
1171, 597, 986
1172, 252, 916
1173, 94, 625
1174, 358, 364
1175, 74, 330
1176, 595, 810
1177, 41, 339
1178, 30, 591
1179, 461, 653
1180, 127, 213
1181, 459, 478
1182, 581, 912
1183, 549, 973
1184, 586, 706
1185, 412, 835
1186, 947, 991
1187, 171, 583
1188, 555, 630
1189, 200, 514
1190, 130, 480
1191, 429, 606
1192, 272, 952
1193, 197, 538
1194, 13, 801
1195, 839, 866
1196, 431, 681
1197, 100, 422
1198, 88, 248
1199, 108, 811
1200, 147, 212
1201, 462, 580
1202, 499, 547
1203, 297, 716
1204, 145, 684
1205, 361, 384
1206, 17, 921
1207, 16, 605
1208, 856, 917
1209, 627, 674
1210, 39, 89
1211, 263, 354
1212, 312, 990
1213, 659, 798
1214, 738, 904
1215, 540, 774
1216, 453, 603
1217, 389, 486
1218, 29, 548
1219, 442, 640
1220, 785, 907
1221, 501, 845
1222, 266, 983
1223, 703, 930
1224, 447, 786
1225, 899, 970
1226, 379, 890
1227, 124, 887
1228, 609, 880
1229, 323, 470
1230, 460, 876
1231, 338, 567
1232, 908, 956
1233, 152, 913
1234, 362, 463
1235, 419, 714
1236, 777, 900
1237, 44, 184
1238, 228, 423
1239, 223, 441
1240, 309, 368
1241, 535, 747
1242, 512, 922
1243, 437, 518
1244, 571, 888
1245, 481, 937
1246, 182, 931
1247, 326, 409
1248, 769, 872
1249, 125, 614
1250, 527, 909
1251, 277, 670
1252, 846, 901
1253, 91, 910
1254, 2, 650
1255, 43, 517
1256, 162, 268
1257, 82, 617
1258, 273, 804
1259, 898, 944
1260, 333, 393
1261, 292, 315
1262, 353, 742
1263, 254, 825
1264, 293, 702
1265, 185, 259
1266, 198, 428
1267, 639, 704
1268, 98, 994
1269, 712, 858
1270, 359, 664
1271, 394, 651
1272, 133, 805
1273, 143, 758
1274, 925, 984
1275, 374, 550
1276, 274, 329
1277, 37, 163
1278, 237, 390
1279, 26, 313
1280, 306, 367
1281, 61, 337
1282, 155, 945
1283, 217, 408
1284, 226, 398
1285, 585, 815
1286, 426, 895
1287, 151, 612
1288, 10, 225
1289, 302, 977
1290, 164, 191
1291, 498, 563
1292, 276, 793
1293, 489, 960
1294, 135, 967
1295, 113, 739
1296, 634, 918
1297, 201, 250
1298, 355, 656
1299, 257, 683
1300, 194, 649
1301, 81, 139
1302, 476, 667
1303, 545, 618
1304, 554, 822
1305, 349, 699
1306, 128, 189
1307, 47, 205
1308, 794, 919
1309, 180, 698
1310, 8, 112
1311, 336, 756
1312, 55, 833
1313, 76, 878
1314, 227, 658
1315, 104, 340
1316, 174, 319
1317, 770, 843
1318, 70, 940
1319, 420, 644
1320, 615, 827
1321, 58, 68
1322, 352, 838
1323, 158, 230
1324, 246, 503
1325, 562, 623
1326, 577, 802
1327, 243, 720
1328, 172, 560
1329, 710, 840
1330, 303, 924
1331, 436, 847
1332, 764, 996
1333, 49, 565
1334, 27, 675
1335, 397, 677
1336, 48, 564
1337, 576, 998
1338, 52, 587
1339, 803, 862
1340, 301, 892
1341, 103, 286
1342, 126, 159
1343, 258, 271
1344, 541, 574
1345, 546, 841
1346, 440, 493
1347, 778, 949
1348, 452, 500
1349, 119, 855
1350, 42, 879
1351, 402, 812
1352, 867, 993
1353, 33, 388
1354, 56, 853
1355, 275, 762
1356, 53, 344
1357, 199, 663
1358, 509, 946
1359, 137, 215
1360, 211, 852
1361, 238, 457
1362, 146, 821
1363, 62, 244
1364, 985, 987
1365, 140, 387
1366, 20, 621
1367, 709, 966
1368, 64, 932
1369, 413, 948
1370, 12, 395
1371, 107, 680
1372, 241, 513
1373, 6, 515
1374, 28, 594
1375, 558, 953
1376, 101, 136
1377, 1, 780
1378, 520, 868
1379, 249, 467
1380, 484, 708
1381, 183, 282
1382, 809, 830
1383, 114, 766
1384, 117, 382
1385, 160, 897
1386, 218, 740
1387, 345, 400
1388, 123, 938
1389, 743, 902
1390, 310, 979
1391, 526, 692
1392, 347, 539
1393, 689, 873
1394, 46, 144
1395, 18, 376
1396, 430, 941
1397, 475, 613
1398, 170, 534
1399, 169, 190
1400, 298, 596
1401, 77, 270
1402, 204, 885
1403, 629, 701
1404, 385, 713
1405, 375, 411
1406, 542, 643
1407, 635, 969
1408, 341, 528
1409, 620, 792
1410, 132, 789
1411, 167, 891
1412, 66, 255
1413, 736, 883
1414, 192, 247
1415, 5, 820
1416, 425, 655
1417, 316, 729
1418, 588, 632
1419, 25, 666
1420, 87, 980
1421, 381, 733
1422, 410, 495
1423, 628, 988
1424, 401, 600
1425, 129, 757
1426, 308, 730
1427, 386, 954
1428, 67, 405
1429, 208, 573
1430, 14, 391
1431, 687, 796
1432, 371, 975
1433, 187, 645
1434, 373, 673
1435, 718, 972
1436, 490, 647
1437, 324, 350
1438, 537, 926
1439, 584, 787
1440, 79, 911
1441, 790, 886
1442, 84, 832
1443, 536, 999
1444, 593, 797
1445, 318, 863
1446, 24, 96
1447, 288, 468
1448, 36, 206
1449, 332, 570
1450, 335, 346
1451, 363, 784
1452, 165, 927
1453, 22, 149
1454, 765, 831
1455, 454, 959
1456, 343, 404
1457, 660, 685
1458, 449, 962
1459, 40, 745
1460, 216, 232
1461, 369, 943
1462, 763, 865
1463, 700, 779
1464, 118, 279
1465, 45, 524
1466, 63, 552
1467, 83, 396
1468, 676, 957
1469, 122, 507
1470, 15, 877
1471, 418, 592
1472, 693, 731
1473, 59, 176
1474, 175, 652
1475, 505, 521
1476, 220, 377
1477, 3, 372
1478, 19, 939
1479, 611, 662
1480, 71, 657
1481, 221, 951
1482, 414, 525
1483, 296, 817
1484, 202, 224
1485, 472, 752
1486, 781, 807
1487, 115, 299
1488, 73, 370
1489, 209, 290
1490, 289, 646
1491, 850, 995
1492, 416, 875
1493, 582, 981
1494, 466, 473
1495, 21, 23
1496, 168, 759
1497, 403, 682
1498, 529, 788
1499, 599, 859
1500, 551, 732
1501, 202, 618
1502, 39, 840
1503, 326, 539
1504, 311, 975
1505, 733, 772
1506, 364, 472
1507, 368, 411
1508, 164, 387
1509, 166, 377
1510, 156, 331
1511, 791, 868
1512, 106, 444
1513, 767, 817
1514, 11, 688
1515, 10, 459
1516, 870, 881
1517, 252, 282
1518, 146, 251
1519, 526, 806
1520, 98, 165
1521, 436, 710
1522, 125, 765
1523, 198, 206
1524, 567, 914
1525, 75, 173
1526, 351, 786
1527, 573, 723
1528, 7, 971
1529, 68, 636
1530, 535, 553
1531, 676, 713
1532, 448, 785
1533, 554, 695
1534, 31, 976
1535, 477, 498
1536, 308, 606
1537, 433, 848
1538, 37, 886
1539, 597, 830
1540, 15, 86
1541, 692, 983
1542, 135, 373
1543, 36, 419
1544, 21, 103
1545, 471, 835
1546, 152, 515
1547, 414, 885
1548, 247, 966
1549, 451, 507
1550, 19, 65
1551, 335, 656
1552, 697, 879
1553, 281, 374
1554, 465, 913
1555, 512, 810
1556, 834, 958
1557, 235, 271
1558, 522, 947
1559, 667, 903
1560, 965, 973
1561, 108, 277
1562, 1, 663
1563, 519, 935
1564, 612, 937
1565, 904, 994
1566, 84, 353
1567, 225, 820
1568, 361, 633
1569, 313, 892
1570, 94, 936
1571, 640, 670
1572, 102, 210
1573, 69, 691
1574, 30, 382
1575, 265, 470
1576, 161, 955
1577, 651, 968
1578, 613, 980
1579, 117, 523
1580, 139, 236
1581, 608, 724
1582, 257, 524
1583, 324, 700
1584, 807, 833
1585, 454, 628
1586, 2, 789
1587, 493, 777
1588, 18, 131
1589, 828, 916
1590, 653, 970
1591, 389, 934
1592, 746, 888
1593, 285, 543
1594, 639, 838
1595, 392, 984
1596, 475, 492
1597, 337, 673
1598, 29, 679
1599, 273, 730
1600, 505, 823
1601, 432, 502
1602, 328, 861
1603, 604, 851
1604, 462, 899
1605, 336, 548
1606, 136, 317
1607, 829, 839
1608, 568, 854
1609, 154, 957
1610, 231, 960
1611, 722, 928
1612, 158, 171
1613, 532, 782
1614, 360, 386
1615, 3, 338
1616, 620, 744
1617, 78, 804
1618, 441, 659
1619, 369, 399
1620, 354, 867
1621, 396, 819
1622, 193, 607
1623, 266, 594
1624, 318, 931
1625, 137, 245
1626, 112, 345
1627, 358, 398
1628, 814, 871
1629, 590, 790
1630, 734, 800
1631, 491, 944
1632, 70, 97
1633, 370, 487
1634, 160, 274
1635, 28, 310
1636, 483, 721
1637, 565, 625
1638, 391, 858
1639, 660, 836
1640, 301, 912
1641, 43, 58
1642, 219, 329
1643, 278, 932
1644, 297, 894
1645, 701, 855
1646, 246, 909
1647, 681, 977
1648, 263, 404
1649, 232, 480
1650, 227, 446
1651, 305, 726
1652, 599, 631
1653, 77, 911
1654, 48, 951
1655, 513, 647
1656, 302, 518
1657, 703, 738
1658, 179, 779
1659, 57, 319
1660, 41, 657
1661, 226, 797
1662, 83, 623
1663, 405, 805
1664, 417, 680
1665, 222, 272
1666, 429, 575
1667, 66, 211
1668, 170, 643
1669, 80, 129
1670, 352, 581
1671, 426, 923
1672, 168, 704
1673, 453, 762
1674, 549, 824
1675, 482, 991
1676, 551, 857
1677, 172, 964
1678, 82, 650
1679, 430, 818
1680, 183, 826
1681, 22, 220
1682, 17, 99
1683, 8, 199
1684, 466, 542
1685, 214, 739
1686, 412, 489
1687, 884, 906
1688, 525, 569
1689, 728, 933
1690, 445, 511
1691, 116, 485
1692, 380, 418
1693, 150, 585
1694, 737, 953
1695, 755, 992
1696, 12, 416
1697, 32, 478
1698, 801, 985
1699, 349, 674
1700, 769, 890
1701, 126, 153
1702, 147, 393
1703, 79, 705
1704, 224, 661
1705, 23, 121
1706, 229, 550
1707, 87, 130
1708, 434, 690
1709, 157, 397
1710, 107, 799
1711, 300, 463
1712, 645, 942
1713, 580, 999
1714, 188, 332
1715, 666, 776
1716, 330, 388
1717, 552, 684
1718, 677, 969
1719, 9, 561
1720, 54, 155
1721, 14, 303
1722, 437, 770
1723, 256, 946
1724, 45, 181
1725, 142, 787
1726, 516, 895
1727, 591, 863
1728, 371, 619
1729, 452, 896
1730, 449, 468
1731, 100, 948
1732, 712, 763
1733, 347, 662
1734, 212, 435
1735, 50, 279
1736, 44, 334
1737, 6, 586
1738, 740, 982
1739, 238, 343
1740, 379, 752
1741, 217, 979
1742, 286, 893
1743, 509, 843
1744, 304, 862
1745, 240, 579
1746, 127, 191
1747, 5, 221
1748, 228, 642
1749, 510, 972
1750, 244, 536
1751, 309, 736
1752, 258, 261
1753, 27, 230
1754, 837, 988
1755, 242, 557
1756, 687, 720
1757, 342, 929
1758, 190, 254
1759, 556, 714
1760, 177, 357
1761, 133, 162
1762, 92, 534
1763, 243, 438
1764, 218, 741
1765, 296, 920
1766, 683, 816
1767, 729, 959
1768, 731, 941
1769, 381, 456
1770, 564, 750
1771, 508, 796
1772, 355, 758
1773, 745, 792
1774, 189, 306
1775, 766, 809
1776, 187, 280
1777, 128, 822
1778, 132, 773
1779, 34, 395
1780, 344, 531
1781, 383, 403
1782, 113, 423
1783, 35, 962
1784, 283, 587
1785, 288, 780
1786, 233, 747
1787, 241, 464
1788, 408, 600
1789, 62, 831
1790, 175, 486
1791, 40, 201
1792, 341, 413
1793, 96, 442
1794, 138, 474
1795, 205, 927
1796, 51, 707
1797, 123, 322
1798, 195, 207
1799, 394, 410
1800, 431, 813
1801, 234, 385
1802, 815, 852
1803, 118, 908
1804, 601, 627
1805, 262, 995
1806, 159, 253
1807, 299, 794
1808, 540, 655
1809, 239, 506
1810, 294, 841
1811, 174, 632
1812, 104, 788
1813, 115, 390
1814, 605, 865
1815, 617, 771
1816, 46, 874
1817, 759, 974
1818, 134, 706
1819, 652, 925
1820, 546, 603
1821, 73, 538
1822, 846, 880
1823, 481, 574
1824, 406, 717
1825, 180, 897
1826, 346, 961
1827, 461, 873
1828, 458, 529
1829, 367, 682
1830, 169, 749
1831, 67, 952
1832, 56, 443
1833, 325, 592
1834, 151, 314
1835, 503, 699
1836, 609, 921
1837, 359, 402
1838, 795, 950
1839, 185, 898
1840, 71, 203
1841, 25, 588
1842, 143, 876
1843, 49, 719
1844, 333, 845
1845, 376, 917
1846, 276, 930
1847, 101, 732
1848, 149, 497
1849, 124, 275
1850, 365, 996
1851, 204, 685
1852, 91, 339
1853, 163, 315
1854, 33, 114
1855, 42, 409
1856, 849, 905
1857, 563, 924
1858, 560, 669
1859, 267, 484
1860, 802, 856
1861, 384, 768
1862, 186, 293
1863, 269, 812
1864, 90, 784
1865, 520, 793
1866, 407, 602
1867, 882, 978
1868, 259, 450
1869, 81, 926
1870, 698, 825
1871, 578, 718
1872, 499, 872
1873, 249, 555
1874, 120, 544
1875, 63, 781
1876, 289, 495
1877, 460, 675
1878, 624, 694
1879, 74, 197
1880, 610, 727
1881, 60, 918
1882, 537, 689
1883, 213, 427
1884, 708, 821
1885, 356, 756
1886, 584, 987
1887, 494, 875
1888, 182, 425
1889, 295, 853
1890, 327, 614
1891, 298, 428
1892, 715, 753
1893, 248, 490
1894, 89, 287
1895, 626, 742
1896, 589, 939
1897, 558, 850
1898, 366, 889
1899, 64, 900
1900, 545, 798
1901, 26, 864
1902, 945, 956
1903, 424, 764
1904, 844, 949
1905, 375, 514
1906, 145, 646
1907, 260, 596
1908, 13, 216
1909, 176, 533
1910, 422, 637
1911, 593, 634
1912, 4, 577
1913, 954, 986
1914, 52, 105
1915, 209, 611
1916, 709, 919
1917, 583, 671
1918, 743, 774
1919, 321, 455
1920, 110, 811
1921, 59, 878
1922, 237, 340
1923, 566, 664
1924, 504, 678
1925, 95, 140
1926, 668, 735
1927, 629, 860
1928, 562, 751
1929, 16, 312
1930, 907, 943
1931, 47, 501
1932, 148, 421
1933, 672, 877
1934, 292, 517
1935, 621, 641
1936, 192, 571
1937, 223, 902
1938, 616, 869
1939, 200, 378
1940, 488, 500
1941, 55, 208
1942, 109, 808
1943, 61, 622
1944, 141, 582
1945, 72, 859
1946, 997, 998
1947, 598, 866
1948, 250, 595
1949, 401, 989
1950, 363, 693
1951, 144, 748
1952, 963, 967
1953, 644, 832
1954, 215, 922
1955, 702, 783
1956, 93, 716
1957, 184, 527
1958, 439, 547
1959, 469, 760
1960, 53, 348
1961, 290, 940
1962, 323, 496
1963, 572, 630
1964, 20, 635
1965, 38, 891
1966, 362, 1000
1967, 268, 521
1968, 400, 775
1969, 615, 761
1970, 320, 648
1971, 570, 686
1972, 119, 167
1973, 372, 665
1974, 178, 420
1975, 270, 649
1976, 194, 467
1977, 757, 827
1978, 530, 842
1979, 24, 284
1980, 76, 264
1981, 847, 883
1982, 111, 447
1983, 316, 638
1984, 196, 476
1985, 541, 696
1986, 559, 576
1987, 440, 754
1988, 307, 350
1989, 415, 479
1990, 457, 528
1991, 654, 993
1992, 122, 981
1993, 88, 658
1994, 473, 901
1995, 85, 990
1996, 255, 910
1997, 803, 887
1998, 778, 938
1999, 711, 915
2000, 291, 725
2001, 513, 974
2002, 183, 374
2003, 139, 765
2004, 536, 563
2005, 197, 903
2006, 734, 799
2007, 99, 721
2008, 818, 865
2009, 15, 410
2010, 60, 298
2011, 66, 762
2012, 321, 337
2013, 417, 706
2014, 76, 808
2015, 546, 944
2016, 138, 649
2017, 146, 176
2018, 83, 448
2019, 766, 921
2020, 344, 964
2021, 264, 628
2022, 686, 722
2023, 520, 612
2024, 733, 752
2025, 150, 338
2026, 194, 390
2027, 594, 993
2028, 507, 568
2029, 132, 826
2030, 118, 666
2031, 241, 297
2032, 346, 810
2033, 483, 985
2034, 608, 901
2035, 159, 580
2036, 835, 963
2037, 2, 286
2038, 696, 968
2039, 175, 408
2040, 52, 125
2041, 461, 656
2042, 485, 639
2043, 617, 900
2044, 698, 802
2045, 434, 593
2046, 283, 515
2047, 548, 959
2048, 228, 261
2049, 635, 843
2050, 92, 969
2051, 59, 615
2052, 11, 479
2053, 630, 736
2054, 31, 439
2055, 5, 161
2056, 400, 914
2057, 444, 543
2058, 271, 811
2059, 642, 738
2060, 218, 860
2061, 206, 357
2062, 20, 119
2063, 349, 749
2064, 658, 892
2065, 509, 583
2066, 544, 545
2067, 632, 854
2068, 523, 525
2069, 263, 674
2070, 368, 389
2071, 657, 957
2072, 533, 941
2073, 442, 531
2074, 641, 803
2075, 81, 369
2076, 55, 784
2077, 425, 450
2078, 177, 475
2079, 327, 754
2080, 426, 670
2081, 317, 602
2082, 841, 891
2083, 392, 567
2084, 202, 578
2085, 18, 807
2086, 776, 955
2087, 48, 399
2088, 361, 431
2089, 136, 284
2090, 484, 694
2091, 645, 690
2092, 108, 795
2093, 253, 849
2094, 446, 492
2095, 592, 683
2096, 45, 398
2097, 409, 781
2098, 586, 777
2099, 23, 758
2100, 438, 714
2101, 538, 884
2102, 190, 919
2103, 69, 252
2104, 343, 502
2105, 359, 391
2106, 906, 977
2107, 724, 895
2108, 508, 570
2109, 127, 748
2110, 857, 943
2111, 415, 505
2112, 832, 915
2113, 322, 345
2114, 158, 443
2115, 34, 489
2116, 28, 530
2117, 221, 723
2118, 376, 419
2119, 126, 825
2120, 547, 711
2121, 960, 986
2122, 231, 796
2123, 406, 646
2124, 768, 988
2125, 157, 991
2126, 24, 46
2127, 643, 719
2128, 142, 291
2129, 73, 244
2130, 582, 948
2131, 471, 676
2132, 654, 756
2133, 272, 973
2134, 185, 265
2135, 491, 604
2136, 828, 966
2137, 316, 440
2138, 433, 512
2139, 382, 687
2140, 413, 725
2141, 143, 498
2142, 171, 310
2143, 51, 659
2144, 787, 925
2145, 549, 889
2146, 39, 44
2147, 246, 572
2148, 201, 613
2149, 107, 394
2150, 383, 597
2151, 165, 529
2152, 333, 772
2153, 701, 897
2154, 388, 449
2155, 753, 872
2156, 147, 716
2157, 311, 876
2158, 514, 664
2159, 22, 43
2160, 222, 441
2161, 135, 842
2162, 204, 584
2163, 314, 465
2164, 32, 556
2165, 315, 486
2166, 468, 490
2167, 230, 699
2168, 12, 712
2169, 4, 353
2170, 196, 342
2171, 58, 121
2172, 89, 249
2173, 797, 1000
2174, 195, 678
2175, 29, 85
2176, 270, 689
2177, 219, 362
2178, 137, 773
2179, 156, 354
2180, 396, 838
2181, 166, 702
2182, 575, 707
2183, 668, 887
2184, 329, 972
2185, 605, 824
2186, 436, 518
2187, 116, 718
2188, 17, 67
2189, 732, 954
2190, 141, 554
2191, 319, 370
2192, 305, 786
2193, 387, 907
2194, 477, 541
2195, 245, 259
2196, 167, 924
2197, 365, 633
2198, 77, 423
2199, 49, 154
2200, 372, 606
2201, 227, 577
2202, 91, 347
2203, 188, 488
2204, 534, 894
2205, 920, 927
2206, 243, 774
2207, 287, 459
2208, 282, 864
2209, 831, 999
2210, 168, 695
2211, 412, 653
2212, 72, 148
2213, 727, 917
2214, 351, 822
2215, 414, 845
2216, 660, 809
2217, 644, 692
2218, 652, 708
2219, 268, 770
2220, 510, 610
2221, 7, 435
2222, 620, 931
2223, 114, 638
2224, 98, 260
2225, 3, 561
2226, 609, 861
2227, 911, 952
2228, 910, 933
2229, 36, 496
2230, 191, 793
2231, 285, 560
2232, 211, 579
2233, 93, 445
2234, 193, 302
2235, 112, 226
2236, 427, 996
2237, 235, 292
2238, 97, 124
2239, 318, 618
2240, 145, 215
2241, 102, 395
2242, 684, 855
2243, 662, 979
2244, 13, 454
2245, 274, 989
2246, 71, 216
2247, 403, 962
2248, 801, 853
2249, 173, 205
2250, 53, 601
2251, 209, 619
2252, 110, 671
2253, 232, 883
2254, 552, 569
2255, 79, 402
2256, 251, 913
2257, 21, 998
2258, 240, 418
2259, 234, 503
2260, 495, 763
2261, 379, 779
2262, 339, 421
2263, 313, 882
2264, 16, 458
2265, 111, 499
2266, 88, 869
2267, 117, 675
2268, 836, 862
2269, 355, 785
2270, 358, 951
2271, 90, 821
2272, 35, 38
2273, 380, 682
2274, 476, 730
2275, 647, 850
2276, 844, 877
2277, 637, 912
2278, 41, 688
2279, 50, 133
2280, 37, 457
2281, 189, 553
2282, 10, 565
2283, 6, 576
2284, 293, 511
2285, 813, 890
2286, 341, 588
2287, 932, 984
2288, 26, 971
2289, 881, 928
2290, 295, 599
2291, 324, 532
2292, 9, 859
2293, 164, 566
2294, 75, 257
2295, 312, 805
2296, 306, 874
2297, 95, 819
2298, 63, 501
2299, 603, 946
2300, 497, 956
2301, 428, 713
2302, 87, 987
2303, 207, 239
2304, 140, 667
2305, 47, 709
2306, 223, 335
2307, 74, 225
2308, 300, 751
2309, 767, 899
2310, 540, 823
2311, 220, 967
2312, 539, 938
2313, 144, 806
2314, 474, 929
2315, 262, 571
2316, 115, 340
2317, 266, 661
2318, 591, 878
2319, 103, 939
2320, 747, 937
2321, 172, 332
2322, 905, 975
2323, 623, 704
2324, 78, 466
2325, 162, 258
2326, 149, 463
2327, 462, 506
2328, 25, 990
2329, 521, 923
2330, 393, 829
2331, 54, 160
2332, 267, 983
2333, 296, 693
2334, 68, 798
2335, 868, 871
2336, 248, 898
2337, 627, 700
2338, 367, 375
2339, 480, 940
2340, 122, 625
2341, 771, 816
2342, 381, 847
2343, 422, 804
2344, 56, 614
2345, 104, 581
2346, 82, 958
2347, 236, 254
2348, 80, 934
2349, 155, 788
2350, 288, 524
2351, 123, 867
2352, 464, 481
2353, 40, 848
2354, 269, 715
2355, 420, 710
2356, 833, 904
2357, 304, 866
2358, 356, 681
2359, 27, 590
2360, 109, 970
2361, 70, 330
2362, 401, 537
2363, 86, 200
2364, 181, 742
2365, 178, 437
2366, 703, 761
2367, 152, 174
2368, 677, 896
2369, 740, 743
2370, 256, 789
2371, 309, 739
2372, 214, 386
2373, 62, 953
2374, 151, 830
2375, 364, 482
2376, 237, 978
2377, 42, 430
2378, 336, 982
2379, 163, 255
2380, 886, 916
2381, 198, 587
2382, 334, 589
2383, 281, 308
2384, 131, 378
2385, 717, 846
2386, 128, 663
2387, 30, 277
2388, 629, 875
2389, 180, 573
2390, 750, 812
2391, 557, 651
2392, 493, 852
2393, 229, 233
2394, 607, 755
2395, 455, 673
2396, 134, 596
2397, 611, 922
2398, 301, 551
2399, 278, 760
2400, 494, 783
2401, 516, 791
2402, 331, 595
2403, 885, 994
2404, 626, 837
2405, 100, 976
2406, 729, 817
2407, 120, 360
2408, 129, 411
2409, 600, 827
2410, 170, 562
2411, 325, 945
2412, 460, 517
2413, 741, 879
2414, 8, 373
2415, 208, 685
2416, 377, 870
2417, 636, 992
2418, 289, 746
2419, 186, 947
2420, 64, 720
2421, 224, 800
2422, 101, 585
2423, 14, 323
2424, 169, 757
2425, 326, 447
2426, 65, 621
2427, 564, 691
2428, 275, 469
2429, 500, 744
2430, 622, 745
2431, 192, 550
2432, 735, 792
2433, 105, 782
2434, 33, 407
2435, 130, 965
2436, 456, 634
2437, 210, 648
2438, 184, 238
2439, 19, 212
2440, 294, 371
2441, 655, 790
2442, 416, 858
2443, 303, 961
2444, 470, 522
2445, 250, 705
2446, 528, 909
2447, 61, 839
2448, 290, 726
2449, 429, 527
2450, 384, 640
2451, 363, 863
2452, 555, 820
2453, 558, 624
2454, 307, 472
2455, 273, 759
2456, 404, 840
2457, 242, 478
2458, 187, 452
2459, 526, 731
2460, 213, 598
2461, 96, 179
2462, 451, 814
2463, 153, 453
2464, 728, 888
2465, 203, 467
2466, 299, 432
2467, 519, 950
2468, 834, 980
2469, 851, 936
2470, 669, 949
2471, 542, 631
2472, 405, 737
2473, 217, 780
2474, 397, 880
2475, 113, 935
2476, 247, 672
2477, 328, 873
2478, 794, 942
2479, 893, 997
2480, 320, 902
2481, 504, 679
2482, 616, 908
2483, 764, 930
2484, 1, 385
2485, 279, 574
2486, 350, 856
2487, 276, 650
2488, 84, 697
2489, 94, 424
2490, 182, 926
2491, 769, 995
2492, 665, 981
2493, 487, 918
2494, 280, 352
2495, 680, 778
2496, 57, 199
2497, 775, 815
2498, 535, 559
2499, 348, 473
2500, 106, 366
2501, 165, 421
2502, 328, 566
2503, 14, 498
2504, 315, 823
2505, 552, 810
2506, 179, 887
2507, 273, 703
2508, 94, 882
2509, 664, 938
2510, 402, 556
2511, 459, 659
2512, 561, 716
2513, 207, 403
2514, 139, 507
2515, 356, 788
2516, 107, 563
2517, 11, 174
2518, 138, 565
2519, 306, 690
2520, 373, 906
2521, 241, 314
2522, 82, 478
2523, 303, 862
2524, 312, 580
2525, 99, 554
2526, 223, 528
2527, 63, 638
2528, 487, 976
2529, 144, 950
2530, 256, 936
2531, 28, 975
2532, 217, 337
2533, 222, 969
2534, 457, 786
2535, 135, 386
2536, 836, 848
2537, 204, 803
2538, 270, 433
2539, 504, 648
2540, 41, 170
2541, 43, 766
2542, 594, 605
2543, 634, 865
2544, 10, 880
2545, 910, 925
2546, 178, 531
2547, 66, 967
2548, 367, 990
2549, 200, 456
2550, 344, 415
2551, 577, 902
2552, 288, 516
2553, 38, 940
2554, 13, 362
2555, 227, 276
2556, 180, 781
2557, 382, 696
2558, 543, 688
2559, 224, 361
2560, 423, 996
2561, 62, 920
2562, 150, 997
2563, 149, 546
2564, 364, 984
2565, 117, 304
2566, 317, 532
2567, 723, 777
2568, 352, 955
2569, 259, 570
2570, 48, 476
2571, 396, 747
2572, 576, 782
2573, 44, 751
2574, 569, 896
2575, 527, 873
2576, 93, 778
2577, 216, 432
2578, 697, 866
2579, 26, 588
2580, 389, 593
2581, 922, 923
2582, 266, 607
2583, 37, 252
2584, 69, 726
2585, 682, 756
2586, 173, 591
2587, 54, 557
2588, 105, 219
2589, 185, 672
2590, 146, 666
2591, 281, 655
2592, 166, 679
2593, 115, 210
2594, 844, 907
2595, 665, 769
2596, 545, 669
2597, 413, 513
2598, 737, 799
2599, 168, 768
2600, 29, 657
2601, 334, 641
2602, 123, 327
2603, 244, 699
2604, 102, 738
2605, 393, 986
2606, 110, 336
2607, 153, 521
2608, 157, 343
2609, 448, 701
2610, 547, 818
2611, 255, 414
2612, 182, 318
2613, 201, 894
2614, 202, 760
2615, 130, 226
2616, 462, 944
2617, 536, 601
2618, 12, 21
2619, 46, 392
2620, 693, 881
2621, 391, 458
2622, 326, 437
2623, 258, 674
2624, 581, 992
2625, 16, 407
2626, 825, 965
2627, 50, 988
2628, 349, 592
2629, 237, 700
2630, 45, 819
2631, 126, 952
2632, 206, 212
2633, 17, 732
2634, 235, 246
2635, 129, 995
2636, 729, 879
2637, 79, 537
2638, 380, 989
2639, 92, 564
2640, 169, 466
2641, 53, 623
2642, 172, 298
2643, 33, 330
2644, 302, 956
2645, 42, 764
2646, 147, 239
2647, 440, 994
2648, 27, 961
2649, 502, 740
2650, 490, 691
2651, 84, 324
2652, 245, 933
2653, 826, 883
2654, 692, 822
2655, 264, 934
2656, 444, 966
2657, 6, 230
2658, 347, 474
2659, 158, 470
2660, 637, 978
2661, 627, 721
2662, 472, 930
2663, 243, 971
2664, 71, 617
2665, 116, 785
2666, 125, 261
2667, 59, 962
2668, 240, 443
2669, 103, 401
2670, 25, 653
2671, 90, 939
2672, 286, 1000
2673, 34, 598
2674, 275, 287
2675, 542, 613
2676, 131, 780
2677, 171, 363
2678, 746, 982
2679, 814, 973
2680, 323, 614
2681, 573, 717
2682, 551, 954
2683, 394, 884
2684, 370, 918
2685, 293, 385
2686, 320, 381
2687, 523, 832
2688, 161, 722
2689, 181, 779
2690, 7, 471
2691, 56, 280
2692, 308, 500
2693, 430, 681
2694, 332, 562
2695, 346, 455
2696, 479, 520
2697, 359, 993
2698, 473, 579
2699, 483, 770
2700, 51, 572
2701, 683, 957
2702, 77, 295
2703, 109, 249
2704, 231, 808
2705, 60, 541
2706, 211, 698
2707, 870, 946
2708, 410, 830
2709, 309, 469
2710, 141, 673
2711, 186, 452
2712, 429, 515
2713, 465, 677
2714, 76, 795
2715, 291, 493
2716, 575, 644
2717, 184, 341
2718, 449, 710
2719, 96, 454
2720, 300, 604
2721, 4, 517
2722, 451, 839
2723, 811, 845
2724, 39, 558
2725, 35, 162
2726, 167, 260
2727, 22, 618
2728, 750, 899
2729, 620, 974
2730, 481, 544
2731, 247, 792
2732, 9, 32
2733, 64, 228
2734, 57, 354
2735, 78, 398
2736, 101, 296
2737, 608, 793
2738, 95, 427
2739, 305, 383
2740, 366, 684
2741, 525, 890
2742, 271, 663
2743, 152, 480
2744, 112, 526
2745, 164, 872
2746, 18, 878
2747, 377, 519
2748, 909, 960
2749, 654, 945
2750, 85, 794
2751, 191, 889
2752, 118, 833
2753, 510, 518
2754, 3, 560
2755, 263, 871
2756, 636, 924
2757, 322, 589
2758, 220, 893
2759, 375, 908
2760, 702, 963
2761, 111, 335
2762, 849, 850
2763, 52, 143
2764, 104, 365
2765, 159, 522
2766, 122, 236
2767, 100, 816
2768, 898, 987
2769, 329, 446
2770, 74, 820
2771, 106, 708
2772, 505, 728
2773, 658, 776
2774, 15, 555
2775, 411, 539
2776, 268, 514
2777, 119, 868
2778, 741, 891
2779, 290, 790
2780, 292, 422
2781, 190, 959
2782, 599, 852
2783, 861, 979
2784, 272, 351
2785, 205, 229
2786, 610, 857
2787, 91, 345
2788, 250, 798
2789, 571, 704
2790, 73, 705
2791, 23, 867
2792, 804, 877
2793, 540, 744
2794, 297, 886
2795, 2, 175
2796, 108, 325
2797, 418, 583
2798, 233, 632
2799, 817, 919
2800, 55, 885
2801, 265, 742
2802, 289, 431
2803, 177, 194
2804, 388, 863
2805, 145, 188
2806, 409, 929
2807, 86, 439
2808, 331, 436
2809, 399, 991
2810, 595, 633
2811, 549, 911
2812, 358, 972
2813, 485, 875
2814, 36, 121
2815, 574, 854
2816, 97, 621
2817, 435, 530
2818, 40, 360
2819, 8, 731
2820, 639, 724
2821, 417, 932
2822, 128, 720
2823, 19, 176
2824, 647, 787
2825, 400, 538
2826, 30, 743
2827, 232, 234
2828, 65, 136
2829, 372, 840
2830, 267, 486
2831, 140, 467
2832, 582, 640
2833, 441, 757
2834, 390, 445
2835, 262, 802
2836, 98, 656
2837, 378, 901
2838, 434, 948
2839, 251, 274
2840, 196, 667
2841, 24, 319
2842, 928, 981
2843, 189, 678
2844, 160, 163
2845, 192, 492
2846, 203, 931
2847, 484, 586
2848, 584, 712
2849, 215, 643
2850, 197, 307
2851, 397, 869
2852, 348, 847
2853, 464, 749
2854, 813, 953
2855, 895, 915
2856, 269, 694
2857, 660, 759
2858, 183, 284
2859, 342, 603
2860, 535, 824
2861, 646, 860
2862, 645, 937
2863, 321, 951
2864, 461, 775
2865, 509, 631
2866, 853, 927
2867, 75, 821
2868, 1, 338
2869, 494, 730
2870, 650, 707
2871, 733, 807
2872, 611, 695
2873, 313, 412
2874, 718, 829
2875, 70, 856
2876, 285, 548
2877, 88, 503
2878, 376, 606
2879, 420, 628
2880, 488, 812
2881, 495, 626
2882, 114, 916
2883, 80, 619
2884, 652, 680
2885, 47, 676
2886, 279, 468
2887, 624, 828
2888, 72, 311
2889, 553, 711
2890, 534, 727
2891, 447, 689
2892, 587, 859
2893, 198, 585
2894, 5, 49
2895, 616, 905
2896, 333, 340
2897, 460, 783
2898, 83, 316
2899, 199, 949
2900, 339, 772
2901, 120, 831
2902, 61, 649
2903, 155, 837
2904, 209, 242
2905, 630, 713
2906, 379, 888
2907, 355, 913
2908, 58, 533
2909, 254, 755
2910, 491, 550
2911, 225, 675
2912, 876, 977
2913, 661, 864
2914, 218, 477
2915, 350, 964
2916, 622, 635
2917, 450, 758
2918, 299, 511
2919, 87, 489
2920, 482, 612
2921, 714, 765
2922, 395, 496
2923, 89, 921
2924, 214, 734
2925, 113, 753
2926, 133, 958
2927, 154, 796
2928, 912, 947
2929, 148, 156
2930, 374, 903
2931, 578, 715
2932, 127, 784
2933, 651, 935
2934, 368, 419
2935, 257, 943
2936, 68, 213
2937, 283, 499
2938, 277, 671
2939, 151, 662
2940, 357, 719
2941, 387, 843
2942, 142, 497
2943, 193, 597
2944, 739, 941
2945, 20, 767
2946, 384, 838
2947, 686, 800
2948, 221, 642
2949, 424, 842
2950, 405, 685
2951, 670, 980
2952, 512, 797
2953, 774, 815
2954, 425, 771
2955, 369, 834
2956, 132, 809
2957, 442, 855
2958, 124, 851
2959, 668, 983
2960, 687, 763
2961, 735, 835
2962, 195, 904
2963, 567, 615
2964, 208, 706
2965, 81, 559
2966, 725, 761
2967, 524, 590
2968, 827, 968
2969, 301, 985
2970, 709, 801
2971, 426, 917
2972, 805, 897
2973, 475, 596
2974, 253, 609
2975, 629, 806
2976, 67, 438
2977, 31, 926
2978, 187, 278
2979, 773, 914
2980, 408, 841
2981, 238, 754
2982, 789, 970
2983, 625, 858
2984, 745, 892
2985, 282, 294
2986, 600, 752
2987, 453, 942
2988, 748, 874
2989, 900, 999
2990, 248, 762
2991, 416, 568
2992, 310, 736
2993, 508, 846
2994, 404, 529
2995, 506, 791
2996, 501, 998
2997, 371, 602
2998, 353, 463
2999, 134, 406
3000, 137, 428
3001, 210, 859
3002, 73, 374
3003, 778, 910
3004, 195, 998
3005, 918, 986
3006, 221, 450
3007, 571, 668
3008, 666, 959
3009, 313, 369
3010, 265, 775
3011, 202, 948
3012, 678, 894
3013, 548, 907
3014, 20, 60
3015, 336, 618
3016, 114, 762
3017, 18, 676
3018, 141, 654
3019, 641, 960
3020, 376, 768
3021, 207, 690
3022, 303, 624
3023, 335, 419
3024, 330, 679
3025, 466, 846
3026, 29, 451
3027, 939, 965
3028, 74, 877
3029, 382, 669
3030, 647, 927
3031, 607, 674
3032, 424, 887
3033, 240, 540
3034, 469, 528
3035, 87, 486
3036, 698, 795
3037, 707, 738
3038, 499, 557
3039, 95, 558
3040, 515, 575
3041, 323, 438
3042, 110, 543
3043, 348, 929
3044, 136, 493
3045, 168, 686
3046, 427, 932
3047, 332, 416
3048, 149, 520
3049, 428, 693
3050, 42, 268
3051, 239, 587
3052, 726, 823
3053, 201, 403
3054, 619, 630
3055, 263, 728
3056, 225, 1000
3057, 653, 725
3058, 563, 953
3059, 896, 911
3060, 15, 535
3061, 639, 785
3062, 19, 120
3063, 396, 532
3064, 227, 789
3065, 345, 479
3066, 633, 689
3067, 359, 667
3068, 71, 76
3069, 295, 481
3070, 467, 550
3071, 108, 836
3072, 83, 599
3073, 234, 508
3074, 326, 893
3075, 88, 612
3076, 527, 919
3077, 186, 488
3078, 552, 664
3079, 54, 151
3080, 194, 320
3081, 483, 734
3082, 97, 764
3083, 319, 867
3084, 208, 681
3085, 736, 961
3086, 182, 243
3087, 173, 213
3088, 771, 826
3089, 100, 111
3090, 292, 621
3091, 72, 402
3092, 169, 283
3093, 23, 371
3094, 373, 944
3095, 478, 981
3096, 2, 252
3097, 343, 903
3098, 412, 916
3099, 158, 699
3100, 355, 950
3101, 392, 489
3102, 258, 288
3103, 99, 779
3104, 90, 274
3105, 573, 697
3106, 390, 721
3107, 358, 597
3108, 473, 670
3109, 316, 547
3110, 50, 943
3111, 448, 620
3112, 75, 506
3113, 441, 507
3114, 391, 531
3115, 92, 973
3116, 580, 745
3117, 171, 766
3118, 490, 980
3119, 224, 372
3120, 616, 625
3121, 715, 869
3122, 253, 464
3123, 694, 829
3124, 457, 888
3125, 673, 956
3126, 211, 914
3127, 809, 989
3128, 131, 891
3129, 36, 958
3130, 704, 711
3131, 454, 931
3132, 657, 827
3133, 276, 278
3134, 96, 982
3135, 257, 706
3136, 360, 556
3137, 34, 628
3138, 538, 945
3139, 122, 349
3140, 566, 655
3141, 357, 432
3142, 512, 791
3143, 44, 683
3144, 498, 727
3145, 39, 567
3146, 232, 465
3147, 281, 993
3148, 47, 329
3149, 37, 853
3150, 422, 926
3151, 235, 682
3152, 577, 741
3153, 146, 237
3154, 401, 773
3155, 485, 636
3156, 205, 814
3157, 46, 753
3158, 262, 638
3159, 204, 298
3160, 105, 344
3161, 17, 282
3162, 417, 545
3163, 691, 763
3164, 271, 909
3165, 724, 886
3166, 605, 987
3167, 418, 895
3168, 446, 461
3169, 495, 606
3170, 406, 420
3171, 687, 752
3172, 220, 799
3173, 452, 582
3174, 203, 675
3175, 385, 408
3176, 786, 905
3177, 250, 524
3178, 781, 968
3179, 119, 285
3180, 447, 866
3181, 565, 898
3182, 286, 439
3183, 118, 405
3184, 251, 578
3185, 127, 967
3186, 177, 560
3187, 7, 456
3188, 496, 537
3189, 459, 568
3190, 49, 106
3191, 109, 236
3192, 380, 581
3193, 123, 155
3194, 680, 774
3195, 154, 834
3196, 346, 822
3197, 386, 389
3198, 206, 710
3199, 219, 579
3200, 414, 471
3201, 407, 703
3202, 230, 398
3203, 22, 321
3204, 57, 849
3205, 356, 602
3206, 362, 876
3207, 43, 191
3208, 816, 921
3209, 387, 426
3210, 14, 491
3211, 610, 685
3212, 228, 395
3213, 179, 758
3214, 339, 503
3215, 783, 807
3216, 409, 831
3217, 453, 776
3218, 477, 609
3219, 222, 564
3220, 377, 404
3221, 425, 740
3222, 134, 166
3223, 646, 663
3224, 170, 212
3225, 629, 662
3226, 472, 626
3227, 244, 327
3228, 792, 840
3229, 24, 862
3230, 648, 709
3231, 140, 156
3232, 45, 572
3233, 193, 289
3234, 845, 966
3235, 183, 614
3236, 839, 901
3237, 85, 125
3238, 55, 553
3239, 8, 445
3240, 113, 518
3241, 53, 324
3242, 413, 922
3243, 592, 915
3244, 297, 984
3245, 325, 947
3246, 214, 437
3247, 305, 940
3248, 400, 714
3249, 755, 930
3250, 509, 858
3251, 415, 873
3252, 229, 761
3253, 164, 167
3254, 138, 261
3255, 129, 209
3256, 811, 830
3257, 31, 494
3258, 68, 192
3259, 615, 872
3260, 5, 175
3261, 121, 937
3262, 69, 798
3263, 142, 810
3264, 796, 962
3265, 280, 684
3266, 130, 233
3267, 705, 713
3268, 368, 394
3269, 81, 388
3270, 157, 215
3271, 188, 651
3272, 468, 569
3273, 94, 290
3274, 594, 729
3275, 200, 463
3276, 598, 659
3277, 370, 892
3278, 314, 864
3279, 719, 861
3280, 411, 925
3281, 40, 153
3282, 6, 35
3283, 116, 994
3284, 241, 595
3285, 107, 590
3286, 421, 585
3287, 1, 26
3288, 190, 748
3289, 82, 338
3290, 322, 754
3291, 64, 197
3292, 855, 985
3293, 516, 749
3294, 671, 743
3295, 868, 954
3296, 103, 482
3297, 32, 502
3298, 178, 275
3299, 546, 742
3300, 342, 519
3301, 652, 938
3302, 649, 692
3303, 238, 695
3304, 21, 551
3305, 137, 172
3306, 601, 883
3307, 77, 848
3308, 782, 825
3309, 143, 511
3310, 101, 899
3311, 70, 80
3312, 147, 180
3313, 66, 152
3314, 399, 824
3315, 306, 635
3316, 700, 850
3317, 293, 790
3318, 813, 997
3319, 847, 884
3320, 337, 363
3321, 48, 256
3322, 79, 750
3323, 245, 976
3324, 133, 393
3325, 294, 341
3326, 334, 367
3327, 460, 746
3328, 67, 584
3329, 299, 627
3330, 176, 632
3331, 517, 631
3332, 500, 856
3333, 102, 656
3334, 529, 808
3335, 132, 819
3336, 497, 832
3337, 309, 852
3338, 128, 476
3339, 644, 906
3340, 89, 522
3341, 431, 570
3342, 434, 995
3343, 272, 559
3344, 41, 661
3345, 216, 381
3346, 187, 812
3347, 712, 970
3348, 117, 952
3349, 61, 900
3350, 521, 526
3351, 843, 990
3352, 722, 865
3353, 139, 747
3354, 218, 603
3355, 126, 165
3356, 677, 874
3357, 279, 875
3358, 184, 254
3359, 475, 964
3360, 28, 86
3361, 744, 844
3362, 270, 879
3363, 160, 189
3364, 38, 536
3365, 3, 788
3366, 800, 935
3367, 318, 716
3368, 637, 767
3369, 444, 665
3370, 4, 838
3371, 623, 974
3372, 51, 731
3373, 27, 608
3374, 642, 988
3375, 310, 885
3376, 784, 801
3377, 739, 917
3378, 311, 410
3379, 328, 957
3380, 25, 231
3381, 33, 145
3382, 622, 870
3383, 510, 955
3384, 397, 604
3385, 350, 971
3386, 284, 999
3387, 301, 542
3388, 217, 304
3389, 16, 300
3390, 480, 820
3391, 84, 992
3392, 78, 333
3393, 65, 880
3394, 159, 949
3395, 162, 287
3396, 259, 317
3397, 181, 660
3398, 842, 942
3399, 541, 787
3400, 52, 163
3401, 525, 803
3402, 112, 723
3403, 429, 611
3404, 474, 539
3405, 9, 174
3406, 247, 912
3407, 379, 818
3408, 13, 650
3409, 59, 708
3410, 361, 941
3411, 730, 751
3412, 264, 972
3413, 223, 589
3414, 351, 591
3415, 296, 302
3416, 375, 586
3417, 530, 733
3418, 185, 851
3419, 62, 435
3420, 353, 951
3421, 104, 487
3422, 492, 854
3423, 249, 770
3424, 514, 996
3425, 430, 837
3426, 277, 696
3427, 777, 821
3428, 93, 267
3429, 384, 544
3430, 443, 804
3431, 242, 593
3432, 364, 802
3433, 658, 963
3434, 878, 923
3435, 732, 772
3436, 913, 920
3437, 717, 889
3438, 98, 871
3439, 30, 936
3440, 881, 924
3441, 484, 718
3442, 135, 596
3443, 904, 928
3444, 513, 561
3445, 352, 737
3446, 863, 978
3447, 11, 248
3448, 273, 760
3449, 617, 933
3450, 331, 817
3451, 890, 983
3452, 63, 588
3453, 196, 757
3454, 347, 759
3455, 672, 991
3456, 436, 769
3457, 458, 505
3458, 688, 828
3459, 91, 794
3460, 720, 805
3461, 640, 902
3462, 600, 797
3463, 115, 634
3464, 56, 423
3465, 340, 835
3466, 440, 815
3467, 10, 841
3468, 312, 365
3469, 378, 501
3470, 266, 574
3471, 12, 860
3472, 455, 643
3473, 315, 534
3474, 144, 554
3475, 433, 523
3476, 756, 882
3477, 307, 504
3478, 555, 934
3479, 161, 833
3480, 291, 977
3481, 308, 533
3482, 255, 645
3483, 562, 969
3484, 354, 780
3485, 198, 576
3486, 199, 366
3487, 549, 946
3488, 260, 462
3489, 765, 897
3490, 58, 442
3491, 449, 735
3492, 470, 583
3493, 246, 383
3494, 701, 702
3495, 150, 975
3496, 269, 793
3497, 124, 148
3498, 226, 908
3499, 857, 979
3500, 613, 806
3501, 301, 442
3502, 101, 568
3503, 489, 786
3504, 331, 929
3505, 241, 799
3506, 114, 179
3507, 168, 539
3508, 250, 736
3509, 386, 565
3510, 57, 785
3511, 273, 350
3512, 202, 631
3513, 295, 465
3514, 94, 569
3515, 243, 382
3516, 403, 861
3517, 136, 348
3518, 37, 774
3519, 433, 874
3520, 235, 647
3521, 22, 788
3522, 599, 990
3523, 7, 28
3524, 305, 689
3525, 224, 648
3526, 281, 696
3527, 97, 432
3528, 9, 507
3529, 14, 955
3530, 685, 921
3531, 641, 973
3532, 21, 423
3533, 181, 522
3534, 373, 607
3535, 404, 823
3536, 128, 178
3537, 270, 278
3538, 215, 370
3539, 477, 513
3540, 694, 957
3541, 740, 805
3542, 184, 653
3543, 112, 264
3544, 68, 150
3545, 342, 714
3546, 222, 339
3547, 53, 797
3548, 24, 220
3549, 525, 894
3550, 211, 444
3551, 891, 925
3552, 144, 483
3553, 521, 819
3554, 307, 407
3555, 469, 978
3556, 666, 697
3557, 733, 953
3558, 515, 531
3559, 199, 643
3560, 446, 840
3561, 71, 572
3562, 385, 612
3563, 30, 959
3564, 656, 665
3565, 471, 582
3566, 120, 131
3567, 481, 945
3568, 450, 777
3569, 190, 890
3570, 76, 559
3571, 421, 595
3572, 577, 718
3573, 424, 554
3574, 470, 747
3575, 34, 353
3576, 473, 906
3577, 400, 947
3578, 210, 388
3579, 13, 983
3580, 55, 536
3581, 340, 908
3582, 165, 855
3583, 1, 164
3584, 189, 869
3585, 504, 608
3586, 499, 611
3587, 233, 969
3588, 231, 646
3589, 23, 753
3590, 462, 464
3591, 413, 571
3592, 832, 992
3593, 379, 704
3594, 897, 923
3595, 596, 759
3596, 657, 693
3597, 236, 669
3598, 576, 727
3599, 311, 745
3600, 345, 453
3601, 216, 603
3602, 321, 636
3603, 524, 659
3604, 758, 818
3605, 154, 624
3606, 239, 932
3607, 744, 914
3608, 167, 606
3609, 312, 679
3610, 391, 410
3611, 261, 463
3612, 440, 497
3613, 602, 980
3614, 316, 965
3615, 585, 748
3616, 725, 796
3617, 271, 761
3618, 287, 651
3619, 488, 708
3620, 228, 389
3621, 95, 482
3622, 115, 808
3623, 459, 936
3624, 276, 723
3625, 223, 731
3626, 159, 317
3627, 121, 175
3628, 10, 625
3629, 896, 958
3630, 729, 846
3631, 237, 437
3632, 204, 478
3633, 728, 807
3634, 82, 889
3635, 92, 806
3636, 742, 830
3637, 257, 709
3638, 187, 349
3639, 88, 147
3640, 378, 408
3641, 622, 730
3642, 123, 296
3643, 655, 681
3644, 96, 584
3645, 575, 695
3646, 54, 793
3647, 39, 705
3648, 290, 492
3649, 6, 66
3650, 687, 904
3651, 282, 324
3652, 262, 950
3653, 792, 991
3654, 329, 716
3655, 885, 935
3656, 578, 827
3657, 357, 644
3658, 44, 185
3659, 90, 384
3660, 518, 684
3661, 63, 141
3662, 381, 627
3663, 293, 652
3664, 308, 868
3665, 360, 941
3666, 441, 919
3667, 194, 337
3668, 416, 804
3669, 70, 844
3670, 191, 429
3671, 480, 673
3672, 516, 790
3673, 529, 591
3674, 875, 901
3675, 84, 789
3676, 817, 880
3677, 336, 917
3678, 172, 302
3679, 314, 363
3680, 304, 968
3681, 726, 845
3682, 579, 816
3683, 171, 993
3684, 876, 878
3685, 98, 294
3686, 177, 226
3687, 372, 498
3688, 73, 279
3689, 713, 757
3690, 149, 454
3691, 85, 200
3692, 711, 821
3693, 124, 892
3694, 65, 984
3695, 206, 537
3696, 230, 668
3697, 245, 405
3698, 422, 999
3699, 130, 738
3700, 502, 970
3701, 45, 383
3702, 335, 841
3703, 8, 457
3704, 31, 994
3705, 781, 915
3706, 151, 538
3707, 822, 987
3708, 374, 877
3709, 361, 940
3710, 633, 886
3711, 253, 623
3712, 102, 859
3713, 916, 997
3714, 161, 214
3715, 108, 487
3716, 129, 564
3717, 192, 217
3718, 265, 1000
3719, 303, 494
3720, 43, 755
3721, 229, 907
3722, 99, 542
3723, 766, 858
3724, 16, 104
3725, 166, 549
3726, 712, 741
3727, 60, 769
3728, 33, 116
3729, 661, 884
3730, 406, 460
3731, 170, 208
3732, 555, 922
3733, 251, 903
3734, 443, 466
3735, 574, 972
3736, 347, 387
3737, 547, 570
3738, 949, 956
3739, 162, 418
3740, 67, 642
3741, 173, 798
3742, 42, 715
3743, 721, 881
3744, 247, 962
3745, 289, 556
3746, 275, 751
3747, 319, 484
3748, 197, 352
3749, 414, 879
3750, 330, 814
3751, 426, 594
3752, 5, 338
3753, 438, 526
3754, 427, 701
3755, 12, 975
3756, 367, 394
3757, 399, 430
3758, 27, 428
3759, 91, 180
3760, 610, 800
3761, 600, 794
3762, 402, 734
3763, 218, 677
3764, 393, 722
3765, 259, 946
3766, 238, 910
3767, 64, 280
3768, 52, 672
3769, 320, 396
3770, 475, 898
3771, 140, 286
3772, 358, 392
3773, 671, 739
3774, 420, 717
3775, 550, 986
3776, 455, 456
3777, 318, 663
3778, 38, 89
3779, 509, 900
3780, 196, 724
3781, 326, 937
3782, 125, 135
3783, 48, 609
3784, 787, 834
3785, 616, 862
3786, 343, 778
3787, 268, 411
3788, 145, 452
3789, 35, 476
3790, 767, 976
3791, 18, 158
3792, 142, 505
3793, 461, 510
3794, 118, 495
3795, 820, 833
3796, 686, 707
3797, 662, 964
3798, 143, 678
3799, 75, 451
3800, 40, 325
3801, 32, 298
3802, 227, 322
3803, 401, 581
3804, 83, 589
3805, 826, 963
3806, 315, 710
3807, 246, 365
3808, 371, 770
3809, 375, 783
3810, 532, 882
3811, 2, 448
3812, 80, 924
3813, 288, 866
3814, 540, 735
3815, 474, 617
3816, 614, 809
3817, 775, 951
3818, 332, 628
3819, 346, 557
3820, 244, 310
3821, 20, 209
3822, 134, 248
3823, 107, 639
3824, 213, 552
3825, 746, 765
3826, 583, 743
3827, 78, 604
3828, 773, 971
3829, 232, 634
3830, 249, 853
3831, 4, 952
3832, 645, 899
3833, 225, 366
3834, 485, 784
3835, 255, 573
3836, 436, 930
3837, 26, 447
3838, 163, 545
3839, 425, 703
3840, 491, 801
3841, 333, 854
3842, 356, 850
3843, 117, 344
3844, 419, 501
3845, 839, 872
3846, 772, 782
3847, 632, 856
3848, 234, 254
3849, 49, 902
3850, 563, 649
3851, 543, 682
3852, 762, 954
3853, 467, 812
3854, 435, 619
3855, 354, 960
3856, 111, 368
3857, 802, 911
3858, 362, 512
3859, 138, 660
3860, 688, 883
3861, 72, 920
3862, 59, 109
3863, 74, 895
3864, 272, 300
3865, 838, 849
3866, 29, 580
3867, 263, 629
3868, 341, 527
3869, 157, 221
3870, 193, 252
3871, 58, 764
3872, 25, 299
3873, 17, 909
3874, 417, 737
3875, 988, 996
3876, 508, 926
3877, 359, 776
3878, 62, 852
3879, 519, 961
3880, 395, 888
3881, 458, 857
3882, 690, 795
3883, 203, 760
3884, 297, 635
3885, 79, 205
3886, 351, 630
3887, 127, 863
3888, 848, 871
3889, 46, 376
3890, 377, 560
3891, 948, 985
3892, 284, 887
3893, 113, 613
3894, 931, 934
3895, 593, 864
3896, 364, 548
3897, 670, 763
3898, 50, 676
3899, 126, 553
3900, 544, 933
3901, 56, 989
3902, 93, 327
3903, 242, 274
3904, 266, 439
3905, 11, 81
3906, 334, 355
3907, 156, 750
3908, 146, 292
3909, 47, 811
3910, 186, 398
3911, 277, 771
3912, 732, 842
3913, 434, 637
3914, 122, 530
3915, 828, 939
3916, 667, 810
3917, 139, 546
3918, 86, 160
3919, 779, 943
3920, 283, 698
3921, 77, 486
3922, 110, 267
3923, 152, 449
3924, 562, 873
3925, 520, 893
3926, 195, 258
3927, 137, 598
3928, 791, 913
3929, 756, 865
3930, 188, 514
3931, 638, 995
3932, 87, 285
3933, 51, 61
3934, 212, 517
3935, 105, 918
3936, 103, 851
3937, 586, 664
3938, 566, 692
3939, 219, 847
3940, 148, 640
3941, 675, 829
3942, 369, 928
3943, 706, 938
3944, 41, 588
3945, 415, 835
3946, 749, 942
3947, 183, 380
3948, 506, 587
3949, 153, 567
3950, 328, 699
3951, 182, 967
3952, 511, 836
3953, 291, 691
3954, 658, 867
3955, 240, 590
3956, 561, 620
3957, 269, 528
3958, 412, 966
3959, 119, 974
3960, 69, 824
3961, 36, 825
3962, 535, 831
3963, 720, 977
3964, 15, 176
3965, 207, 309
3966, 601, 654
3967, 390, 650
3968, 496, 719
3969, 490, 493
3970, 260, 323
3971, 409, 981
3972, 534, 700
3973, 680, 870
3974, 174, 615
3975, 533, 683
3976, 256, 431
3977, 558, 780
3978, 621, 979
3979, 803, 944
3980, 905, 982
3981, 3, 618
3982, 605, 674
3983, 754, 860
3984, 198, 201
3985, 468, 626
3986, 523, 768
3987, 133, 837
3988, 106, 169
3989, 503, 815
3990, 313, 479
3991, 500, 998
3992, 155, 752
3993, 592, 927
3994, 132, 397
3995, 306, 597
3996, 813, 843
3997, 19, 472
3998, 100, 702
3999, 445, 551
4000, 541, 912
