id, img1, img2
1, 851, 972
2, 182, 237
3, 700, 893
4, 900, 938
5, 606, 989
6, 333, 429
7, 316, 393
8, 23, 480
9, 567, 937
10, 132, 705
11, 432, 559
12, 84, 308
13, 235, 447
14, 77, 817
15, 192, 486
16, 446, 913
17, 633, 730
18, 71, 370
19, 230, 702
20, 462, 617
21, 566, 663
22, 222, 895
23, 253, 765
24, 482, 984
25, 307, 976
26, 242, 560
27, 464, 887
28, 254, 389
29, 320, 762
30, 83, 675
31, 478, 522
32, 141, 719
33, 672, 715
34, 577, 693
35, 130, 363
36, 410, 583
37, 34, 468
38, 87, 546
39, 104, 172
40, 582, 792
41, 479, 607
42, 664, 859
43, 152, 856
44, 128, 746
45, 600, 854
46, 436, 761
47, 496, 670
48, 94, 556
49, 122, 518
50, 105, 724
51, 698, 786
52, 140, 450
53, 848, 884
54, 99, 116
55, 256, 683
56, 167, 273
57, 401, 737
58, 64, 718
59, 185, 830
60, 284, 348
61, 270, 657
62, 97, 897
63, 449, 492
64, 220, 806
65, 150, 891
66, 525, 867
67, 350, 853
68, 98, 699
69, 163, 563
70, 321, 420
71, 287, 626
72, 735, 999
73, 149, 248
74, 618, 747
75, 729, 836
76, 137, 959
77, 805, 868
78, 407, 793
79, 636, 800
80, 322, 926
81, 346, 638
82, 110, 261
83, 58, 276
84, 411, 608
85, 861, 916
86, 457, 865
87, 654, 764
88, 395, 677
89, 73, 505
90, 351, 816
91, 203, 697
92, 259, 996
93, 540, 710
94, 80, 707
95, 517, 951
96, 838, 924
97, 844, 923
98, 303, 962
99, 267, 318
100, 155, 885
101, 826, 862
102, 637, 877
103, 151, 466
104, 773, 943
105, 427, 695
106, 195, 708
107, 85, 268
108, 2, 570
109, 209, 965
110, 48, 511
111, 81, 948
112, 286, 847
113, 315, 353
114, 354, 649
115, 54, 381
116, 852, 869
117, 371, 435
118, 359, 645
119, 521, 741
120, 8, 956
121, 635, 934
122, 763, 874
123, 265, 920
124, 292, 630
125, 126, 547
126, 297, 624
127, 455, 604
128, 250, 313
129, 277, 441
130, 382, 469
131, 17, 530
132, 596, 973
133, 79, 755
134, 573, 901
135, 108, 390
136, 879, 978
137, 188, 319
138, 186, 497
139, 263, 753
140, 295, 917
141, 233, 651
142, 49, 519
143, 687, 863
144, 133, 709
145, 520, 971
146, 311, 625
147, 78, 614
148, 605, 979
149, 355, 949
150, 481, 564
151, 89, 866
152, 50, 855
153, 177, 245
154, 338, 704
155, 214, 613
156, 30, 616
157, 280, 425
158, 279, 576
159, 656, 881
160, 498, 533
161, 686, 914
162, 352, 760
163, 631, 992
164, 818, 871
165, 208, 362
166, 889, 980
167, 75, 147
168, 345, 711
169, 41, 65
170, 380, 696
171, 219, 912
172, 394, 476
173, 148, 324
174, 418, 963
175, 463, 752
176, 291, 602
177, 721, 878
178, 179, 988
179, 206, 803
180, 187, 804
181, 309, 892
182, 448, 903
183, 456, 584
184, 136, 215
185, 376, 723
186, 484, 551
187, 679, 772
188, 275, 590
189, 106, 706
190, 266, 467
191, 174, 981
192, 591, 945
193, 119, 216
194, 473, 586
195, 135, 581
196, 131, 987
197, 118, 815
198, 145, 684
199, 112, 660
200, 445, 565
201, 302, 751
202, 113, 440
203, 166, 385
204, 35, 296
205, 231, 967
206, 422, 907
207, 274, 653
208, 38, 739
209, 758, 930
210, 340, 843
211, 170, 397
212, 19, 784
213, 628, 655
214, 634, 692
215, 225, 712
216, 790, 904
217, 513, 597
218, 46, 343
219, 31, 262
220, 662, 998
221, 528, 619
222, 603, 728
223, 379, 568
224, 312, 541
225, 207, 289
226, 217, 246
227, 162, 199
228, 731, 831
229, 283, 835
230, 691, 933
231, 68, 894
232, 841, 995
233, 232, 300
234, 117, 674
235, 127, 285
236, 134, 939
237, 241, 334
238, 143, 812
239, 111, 548
240, 946, 994
241, 223, 527
242, 201, 579
243, 757, 827
244, 257, 809
245, 175, 725
246, 142, 437
247, 339, 796
248, 332, 717
249, 3, 659
250, 40, 115
251, 252, 813
252, 298, 667
253, 477, 734
254, 160, 678
255, 795, 921
256, 451, 748
257, 7, 516
258, 367, 777
259, 592, 727
260, 378, 849
261, 153, 842
262, 342, 366
263, 327, 459
264, 45, 402
265, 144, 969
266, 433, 794
267, 107, 109
268, 629, 974
269, 238, 399
270, 553, 787
271, 543, 749
272, 759, 975
273, 539, 936
274, 146, 676
275, 452, 958
276, 419, 502
277, 413, 811
278, 594, 982
279, 271, 778
280, 328, 487
281, 876, 983
282, 294, 396
283, 18, 902
284, 375, 738
285, 829, 947
286, 63, 872
287, 224, 574
288, 101, 325
289, 264, 858
290, 644, 952
291, 139, 814
292, 88, 824
293, 883, 954
294, 536, 648
295, 125, 544
296, 288, 627
297, 138, 383
298, 249, 329
299, 55, 732
300, 623, 714
301, 51, 661
302, 176, 789
303, 196, 545
304, 123, 341
305, 562, 833
306, 62, 680
307, 102, 444
308, 335, 510
309, 500, 970
310, 202, 819
311, 53, 475
312, 323, 453
313, 589, 880
314, 93, 840
315, 218, 538
316, 234, 722
317, 622, 985
318, 171, 685
319, 720, 953
320, 228, 552
321, 507, 621
322, 239, 643
323, 169, 442
324, 70, 823
325, 236, 305
326, 828, 932
327, 485, 782
328, 688, 767
329, 16, 42
330, 918, 929
331, 247, 935
332, 426, 950
333, 745, 770
334, 310, 910
335, 210, 357
336, 57, 438
337, 20, 404
338, 4, 243
339, 282, 365
340, 769, 896
341, 408, 839
342, 356, 400
343, 535, 588
344, 184, 571
345, 21, 733
346, 168, 986
347, 5, 470
348, 82, 124
349, 173, 491
350, 406, 609
351, 358, 768
352, 799, 822
353, 430, 756
354, 96, 194
355, 24, 331
356, 37, 905
357, 754, 821
358, 120, 514
359, 197, 857
360, 593, 779
361, 554, 964
362, 178, 601
363, 368, 807
364, 158, 780
365, 572, 875
366, 66, 713
367, 726, 774
368, 439, 488
369, 788, 957
370, 561, 927
371, 281, 580
372, 56, 701
373, 100, 198
374, 421, 681
375, 740, 860
376, 129, 458
377, 504, 797
378, 542, 612
379, 6, 925
380, 205, 364
381, 417, 909
382, 434, 585
383, 587, 620
384, 52, 154
385, 229, 326
386, 347, 966
387, 337, 515
388, 306, 899
389, 825, 991
390, 555, 669
391, 668, 961
392, 317, 443
393, 301, 673
394, 13, 213
395, 387, 864
396, 44, 499
397, 221, 388
398, 33, 703
399, 164, 494
400, 86, 922
401, 808, 834
402, 67, 610
403, 314, 369
404, 76, 837
405, 181, 428
406, 506, 689
407, 156, 873
408, 472, 776
409, 403, 750
410, 509, 529
411, 386, 534
412, 766, 931
413, 90, 384
414, 372, 919
415, 258, 928
416, 121, 569
417, 28, 598
418, 10, 886
419, 299, 890
420, 665, 743
421, 114, 461
422, 183, 474
423, 180, 415
424, 260, 537
425, 1, 189
426, 360, 532
427, 666, 850
428, 60, 716
429, 398, 423
430, 416, 615
431, 74, 870
432, 694, 820
433, 59, 524
434, 431, 646
435, 781, 801
436, 161, 454
437, 374, 557
438, 240, 409
439, 22, 377
440, 611, 736
441, 742, 802
442, 304, 639
443, 882, 908
444, 405, 508
445, 39, 578
446, 810, 955
447, 501, 915
448, 204, 671
449, 95, 193
450, 392, 632
451, 9, 503
452, 550, 911
453, 278, 1000
454, 798, 990
455, 32, 960
456, 599, 942
457, 212, 414
458, 47, 783
459, 43, 993
460, 575, 690
461, 906, 977
462, 14, 29
463, 269, 940
464, 25, 227
465, 200, 658
466, 69, 330
467, 190, 483
468, 336, 424
469, 191, 941
470, 226, 647
471, 11, 251
472, 349, 898
473, 159, 558
474, 27, 465
475, 493, 997
476, 272, 460
477, 26, 72
478, 531, 682
479, 12, 344
480, 165, 595
481, 211, 771
482, 744, 944
483, 157, 490
484, 61, 832
485, 91, 92
486, 290, 526
487, 373, 549
488, 641, 785
489, 361, 391
490, 36, 846
491, 15, 775
492, 244, 640
493, 471, 523
494, 489, 888
495, 412, 512
496, 293, 652
497, 495, 642
498, 255, 650
499, 791, 845
500, 103, 968
501, 602, 745
502, 796, 937
503, 502, 632
504, 562, 589
505, 237, 535
506, 112, 932
507, 74, 287
508, 151, 690
509, 314, 916
510, 412, 928
511, 424, 987
512, 351, 691
513, 33, 764
514, 47, 201
515, 11, 239
516, 118, 207
517, 109, 457
518, 177, 945
519, 235, 989
520, 687, 717
521, 614, 741
522, 10, 466
523, 738, 759
524, 315, 426
525, 227, 253
526, 434, 564
527, 34, 125
528, 218, 611
529, 18, 61
530, 107, 512
531, 262, 960
532, 40, 324
533, 44, 885
534, 143, 269
535, 172, 940
536, 263, 689
537, 751, 900
538, 4, 110
539, 22, 339
540, 448, 827
541, 198, 942
542, 202, 757
543, 130, 349
544, 59, 973
545, 411, 560
546, 94, 610
547, 959, 999
548, 19, 639
549, 166, 421
550, 513, 763
551, 160, 638
552, 541, 769
553, 585, 787
554, 566, 672
555, 384, 683
556, 753, 913
557, 27, 267
558, 525, 965
559, 126, 922
560, 373, 456
561, 319, 459
562, 17, 64
563, 508, 735
564, 300, 979
565, 251, 533
566, 677, 951
567, 295, 752
568, 587, 955
569, 363, 572
570, 241, 600
571, 89, 659
572, 272, 844
573, 679, 977
574, 406, 760
575, 73, 561
576, 55, 403
577, 386, 455
578, 5, 75
579, 240, 824
580, 57, 621
581, 249, 343
582, 245, 789
583, 571, 931
584, 162, 187
585, 576, 649
586, 365, 758
587, 393, 700
588, 553, 747
589, 234, 773
590, 228, 762
591, 474, 661
592, 461, 862
593, 48, 554
594, 460, 684
595, 129, 465
596, 427, 615
597, 371, 774
598, 400, 417
599, 841, 994
600, 812, 829
601, 430, 712
602, 62, 355
603, 78, 91
604, 229, 816
605, 270, 971
606, 223, 786
607, 39, 696
608, 87, 146
609, 333, 701
610, 254, 552
611, 435, 579
612, 122, 195
613, 730, 799
614, 616, 908
615, 255, 357
616, 313, 869
617, 570, 729
618, 71, 877
619, 494, 831
620, 529, 652
621, 332, 641
622, 135, 938
623, 401, 505
624, 206, 350
625, 2, 293
626, 170, 792
627, 153, 967
628, 344, 646
629, 144, 375
630, 358, 840
631, 852, 923
632, 385, 907
633, 329, 376
634, 842, 894
635, 82, 692
636, 414, 631
637, 204, 676
638, 246, 328
639, 449, 924
640, 668, 873
641, 6, 260
642, 68, 382
643, 472, 486
644, 63, 310
645, 132, 768
646, 50, 219
647, 352, 419
648, 451, 882
649, 182, 583
650, 425, 633
651, 278, 892
652, 593, 807
653, 35, 662
654, 697, 848
655, 408, 558
656, 128, 133
657, 625, 976
658, 348, 870
659, 318, 748
660, 217, 847
661, 183, 413
662, 623, 890
663, 941, 981
664, 149, 721
665, 322, 833
666, 791, 904
667, 66, 957
668, 115, 244
669, 405, 909
670, 556, 636
671, 650, 947
672, 209, 897
673, 539, 754
674, 609, 845
675, 100, 703
676, 711, 949
677, 38, 288
678, 387, 880
679, 612, 986
680, 43, 655
681, 139, 464
682, 147, 962
683, 114, 197
684, 7, 507
685, 530, 540
686, 165, 368
687, 415, 608
688, 354, 522
689, 208, 899
690, 123, 782
691, 391, 482
692, 599, 886
693, 440, 485
694, 446, 720
695, 497, 565
696, 399, 952
697, 155, 1000
698, 142, 903
699, 596, 859
700, 480, 603
701, 422, 806
702, 793, 860
703, 330, 578
704, 592, 698
705, 225, 372
706, 29, 866
707, 238, 366
708, 409, 742
709, 307, 542
710, 13, 468
711, 140, 203
712, 16, 765
713, 194, 902
714, 467, 719
715, 620, 898
716, 727, 776
717, 58, 629
718, 710, 978
719, 56, 423
720, 28, 704
721, 9, 582
722, 915, 925
723, 503, 855
724, 342, 706
725, 640, 858
726, 316, 846
727, 693, 705
728, 574, 895
729, 713, 920
730, 52, 416
731, 734, 970
732, 808, 874
733, 594, 756
734, 336, 420
735, 264, 410
736, 499, 534
737, 42, 794
738, 103, 402
739, 158, 327
740, 95, 519
741, 46, 86
742, 119, 781
743, 257, 680
744, 83, 171
745, 462, 619
746, 24, 772
747, 581, 943
748, 176, 323
749, 723, 802
750, 347, 471
751, 927, 933
752, 45, 374
753, 308, 778
754, 25, 634
755, 974, 991
756, 88, 889
757, 26, 555
758, 671, 726
759, 850, 985
760, 120, 500
761, 3, 919
762, 226, 912
763, 181, 969
764, 212, 740
765, 67, 185
766, 258, 453
767, 856, 934
768, 141, 788
769, 36, 510
770, 179, 775
771, 96, 356
772, 54, 654
773, 273, 819
774, 127, 271
775, 381, 686
776, 298, 392
777, 148, 193
778, 37, 861
779, 404, 643
780, 818, 993
781, 577, 731
782, 192, 953
783, 189, 567
784, 280, 930
785, 665, 929
786, 178, 213
787, 828, 954
788, 797, 966
789, 252, 914
790, 501, 714
791, 918, 992
792, 14, 65
793, 121, 883
794, 549, 851
795, 60, 678
796, 569, 785
797, 164, 906
798, 167, 990
799, 8, 854
800, 591, 660
801, 490, 606
802, 340, 463
803, 744, 926
804, 102, 835
805, 303, 388
806, 491, 580
807, 32, 370
808, 21, 618
809, 335, 961
810, 259, 341
811, 236, 518
812, 383, 798
813, 345, 887
814, 30, 996
815, 547, 732
816, 481, 524
817, 247, 767
818, 242, 550
819, 49, 910
820, 484, 644
821, 230, 321
822, 134, 283
823, 364, 708
824, 724, 728
825, 108, 681
826, 256, 766
827, 584, 950
828, 211, 458
829, 274, 452
830, 186, 817
831, 514, 843
832, 1, 658
833, 429, 863
834, 428, 826
835, 598, 988
836, 439, 627
837, 145, 338
838, 41, 624
839, 626, 695
840, 483, 746
841, 395, 737
842, 531, 537
843, 23, 968
844, 106, 964
845, 261, 506
846, 97, 771
847, 152, 304
848, 131, 276
849, 137, 523
850, 516, 755
851, 161, 645
852, 69, 685
853, 277, 984
854, 169, 694
855, 20, 175
856, 282, 707
857, 545, 871
858, 715, 716
859, 397, 702
860, 174, 390
861, 515, 532
862, 265, 367
863, 478, 881
864, 70, 511
865, 81, 199
866, 124, 921
867, 90, 232
868, 488, 544
869, 359, 878
870, 173, 301
871, 184, 306
872, 450, 834
873, 248, 498
874, 216, 820
875, 320, 637
876, 98, 190
877, 479, 736
878, 750, 836
879, 159, 722
880, 210, 865
881, 431, 675
882, 105, 667
883, 670, 795
884, 290, 473
885, 867, 980
886, 92, 433
887, 436, 838
888, 487, 864
889, 526, 853
890, 663, 815
891, 617, 743
892, 233, 901
893, 205, 917
894, 557, 595
895, 469, 891
896, 302, 630
897, 317, 770
898, 588, 825
899, 657, 849
900, 597, 622
901, 607, 837
902, 389, 956
903, 536, 868
904, 224, 520
905, 84, 543
906, 299, 647
907, 586, 604
908, 809, 975
909, 441, 492
910, 250, 311
911, 396, 823
912, 673, 832
913, 168, 936
914, 548, 896
915, 475, 628
916, 517, 601
917, 876, 995
918, 138, 222
919, 80, 214
920, 407, 575
921, 378, 559
922, 296, 948
923, 394, 477
924, 12, 438
925, 605, 653
926, 196, 279
927, 489, 779
928, 116, 266
929, 281, 294
930, 220, 360
931, 470, 590
932, 200, 811
933, 93, 875
934, 432, 496
935, 443, 635
936, 76, 437
937, 377, 839
938, 656, 699
939, 136, 284
940, 99, 946
941, 521, 893
942, 309, 648
943, 215, 800
944, 188, 527
945, 51, 72
946, 163, 803
947, 814, 905
948, 154, 493
949, 418, 682
950, 337, 805
951, 821, 879
952, 312, 379
953, 749, 784
954, 111, 291
955, 380, 911
956, 221, 777
957, 292, 454
958, 688, 801
959, 156, 191
960, 476, 642
961, 297, 445
962, 504, 963
963, 331, 709
964, 568, 733
965, 369, 872
966, 326, 935
967, 305, 325
968, 85, 830
969, 243, 495
970, 718, 804
971, 117, 972
972, 231, 444
973, 398, 857
974, 286, 997
975, 53, 551
976, 157, 664
977, 113, 651
978, 31, 150
979, 268, 813
980, 982, 983
981, 613, 958
982, 353, 666
983, 780, 944
984, 101, 822
985, 563, 888
986, 362, 538
987, 674, 810
988, 15, 285
989, 346, 739
990, 334, 939
991, 528, 783
992, 669, 761
993, 180, 361
994, 573, 998
995, 77, 79
996, 275, 442
997, 104, 509
998, 289, 884
999, 546, 725
1000, 447, 790
1001, 217, 710
1002, 11, 245
1003, 554, 966
1004, 628, 709
1005, 68, 564
1006, 622, 995
1007, 103, 741
1008, 466, 955
1009, 16, 259
1010, 319, 429
1011, 315, 727
1012, 116, 404
1013, 118, 257
1014, 414, 448
1015, 866, 968
1016, 187, 384
1017, 238, 253
1018, 106, 786
1019, 230, 997
1020, 716, 860
1021, 540, 830
1022, 173, 723
1023, 862, 919
1024, 482, 956
1025, 64, 790
1026, 626, 660
1027, 242, 549
1028, 423, 934
1029, 134, 330
1030, 226, 623
1031, 526, 834
1032, 704, 998
1033, 435, 947
1034, 4, 822
1035, 152, 504
1036, 72, 833
1037, 859, 904
1038, 868, 973
1039, 329, 358
1040, 261, 807
1041, 471, 496
1042, 909, 954
1043, 729, 733
1044, 521, 879
1045, 355, 975
1046, 295, 949
1047, 562, 767
1048, 325, 596
1049, 349, 773
1050, 201, 454
1051, 436, 638
1052, 254, 359
1053, 185, 576
1054, 611, 760
1055, 302, 923
1056, 917, 944
1057, 168, 770
1058, 377, 907
1059, 223, 227
1060, 235, 817
1061, 107, 263
1062, 176, 353
1063, 27, 702
1064, 285, 980
1065, 52, 678
1066, 592, 901
1067, 161, 821
1068, 237, 422
1069, 411, 918
1070, 383, 829
1071, 15, 510
1072, 212, 927
1073, 191, 891
1074, 162, 883
1075, 492, 738
1076, 232, 286
1077, 229, 850
1078, 279, 771
1079, 180, 558
1080, 109, 272
1081, 100, 921
1082, 313, 972
1083, 788, 851
1084, 117, 221
1085, 382, 731
1086, 394, 836
1087, 114, 987
1088, 6, 350
1089, 515, 747
1090, 22, 573
1091, 150, 557
1092, 71, 989
1093, 381, 659
1094, 49, 488
1095, 913, 974
1096, 356, 650
1097, 324, 352
1098, 33, 267
1099, 138, 985
1100, 689, 732
1101, 739, 764
1102, 393, 670
1103, 598, 889
1104, 375, 878
1105, 175, 604
1106, 317, 779
1107, 553, 950
1108, 300, 800
1109, 321, 425
1110, 58, 693
1111, 398, 473
1112, 455, 936
1113, 701, 910
1114, 361, 924
1115, 231, 370
1116, 640, 649
1117, 46, 336
1118, 197, 618
1119, 154, 419
1120, 439, 648
1121, 216, 937
1122, 632, 657
1123, 865, 911
1124, 707, 925
1125, 82, 303
1126, 470, 899
1127, 589, 658
1128, 219, 418
1129, 584, 813
1130, 535, 608
1131, 690, 977
1132, 320, 831
1133, 357, 570
1134, 62, 247
1135, 688, 746
1136, 289, 459
1137, 78, 244
1138, 643, 874
1139, 25, 590
1140, 734, 884
1141, 412, 811
1142, 7, 405
1143, 135, 941
1144, 132, 214
1145, 651, 740
1146, 70, 533
1147, 522, 772
1148, 20, 260
1149, 824, 854
1150, 567, 876
1151, 262, 342
1152, 177, 391
1153, 600, 893
1154, 199, 728
1155, 139, 457
1156, 228, 613
1157, 128, 577
1158, 202, 988
1159, 266, 311
1160, 677, 962
1161, 5, 57
1162, 56, 337
1163, 14, 293
1164, 189, 427
1165, 225, 631
1166, 437, 692
1167, 695, 994
1168, 354, 401
1169, 715, 722
1170, 348, 601
1171, 115, 933
1172, 108, 593
1173, 67, 163
1174, 453, 629
1175, 441, 581
1176, 81, 754
1177, 63, 388
1178, 602, 847
1179, 449, 805
1180, 157, 307
1181, 73, 544
1182, 565, 616
1183, 532, 699
1184, 372, 585
1185, 684, 761
1186, 110, 903
1187, 122, 828
1188, 265, 736
1189, 79, 309
1190, 687, 803
1191, 234, 566
1192, 13, 646
1193, 520, 871
1194, 51, 271
1195, 456, 963
1196, 186, 756
1197, 248, 469
1198, 574, 896
1199, 367, 612
1200, 124, 717
1201, 54, 642
1202, 203, 326
1203, 299, 379
1204, 636, 814
1205, 98, 662
1206, 572, 624
1207, 88, 922
1208, 125, 131
1209, 213, 462
1210, 287, 753
1211, 77, 501
1212, 347, 679
1213, 113, 149
1214, 126, 802
1215, 514, 694
1216, 363, 620
1217, 200, 867
1218, 145, 812
1219, 148, 395
1220, 475, 827
1221, 210, 241
1222, 605, 825
1223, 39, 387
1224, 464, 964
1225, 406, 928
1226, 344, 768
1227, 275, 832
1228, 546, 844
1229, 334, 653
1230, 476, 991
1231, 545, 759
1232, 137, 769
1233, 112, 528
1234, 198, 619
1235, 444, 914
1236, 633, 931
1237, 53, 408
1238, 819, 888
1239, 389, 912
1240, 645, 849
1241, 192, 256
1242, 280, 673
1243, 270, 870
1244, 101, 875
1245, 239, 445
1246, 18, 480
1247, 606, 762
1248, 452, 591
1249, 89, 296
1250, 563, 986
1251, 204, 766
1252, 586, 703
1253, 80, 461
1254, 151, 724
1255, 292, 474
1256, 130, 783
1257, 725, 960
1258, 460, 635
1259, 94, 489
1260, 92, 205
1261, 2, 781
1262, 374, 713
1263, 84, 712
1264, 502, 935
1265, 705, 799
1266, 29, 548
1267, 93, 637
1268, 120, 428
1269, 166, 873
1270, 815, 858
1271, 26, 939
1272, 123, 481
1273, 268, 676
1274, 400, 498
1275, 837, 887
1276, 246, 534
1277, 487, 969
1278, 222, 294
1279, 75, 614
1280, 183, 539
1281, 55, 792
1282, 184, 333
1283, 652, 675
1284, 525, 905
1285, 8, 505
1286, 823, 880
1287, 38, 121
1288, 312, 345
1289, 537, 776
1290, 171, 641
1291, 797, 842
1292, 85, 399
1293, 190, 664
1294, 111, 559
1295, 76, 569
1296, 30, 430
1297, 665, 708
1298, 47, 503
1299, 463, 816
1300, 251, 990
1301, 700, 795
1302, 365, 671
1303, 23, 930
1304, 174, 195
1305, 28, 274
1306, 196, 582
1307, 360, 610
1308, 90, 755
1309, 233, 961
1310, 547, 571
1311, 417, 597
1312, 95, 512
1313, 19, 278
1314, 69, 252
1315, 178, 433
1316, 169, 946
1317, 60, 775
1318, 527, 758
1319, 310, 1000
1320, 277, 580
1321, 211, 932
1322, 396, 672
1323, 556, 609
1324, 364, 579
1325, 806, 981
1326, 328, 668
1327, 410, 711
1328, 10, 869
1329, 666, 840
1330, 96, 984
1331, 87, 338
1332, 397, 443
1333, 335, 595
1334, 215, 953
1335, 37, 343
1336, 153, 519
1337, 434, 864
1338, 536, 897
1339, 339, 607
1340, 1, 906
1341, 523, 791
1342, 218, 730
1343, 144, 798
1344, 369, 697
1345, 495, 841
1346, 468, 780
1347, 102, 742
1348, 273, 843
1349, 276, 644
1350, 133, 634
1351, 305, 483
1352, 331, 491
1353, 45, 957
1354, 497, 735
1355, 630, 951
1356, 12, 983
1357, 50, 993
1358, 209, 424
1359, 159, 314
1360, 165, 318
1361, 160, 863
1362, 421, 696
1363, 855, 942
1364, 91, 996
1365, 655, 970
1366, 529, 915
1367, 181, 409
1368, 48, 403
1369, 182, 438
1370, 327, 940
1371, 65, 341
1372, 647, 751
1373, 224, 654
1374, 450, 979
1375, 493, 617
1376, 506, 774
1377, 340, 560
1378, 698, 744
1379, 86, 784
1380, 442, 615
1381, 34, 141
1382, 804, 967
1383, 206, 291
1384, 140, 373
1385, 290, 978
1386, 882, 945
1387, 323, 380
1388, 680, 926
1389, 61, 929
1390, 243, 856
1391, 603, 808
1392, 147, 509
1393, 41, 810
1394, 3, 220
1395, 583, 682
1396, 97, 451
1397, 346, 674
1398, 407, 458
1399, 83, 413
1400, 446, 661
1401, 172, 818
1402, 43, 416
1403, 516, 999
1404, 447, 599
1405, 368, 720
1406, 208, 809
1407, 639, 908
1408, 820, 892
1409, 167, 588
1410, 378, 748
1411, 440, 494
1412, 44, 943
1413, 530, 777
1414, 886, 890
1415, 745, 826
1416, 281, 757
1417, 575, 793
1418, 718, 789
1419, 17, 691
1420, 288, 750
1421, 236, 420
1422, 683, 881
1423, 376, 656
1424, 785, 848
1425, 542, 959
1426, 255, 853
1427, 158, 304
1428, 170, 555
1429, 301, 587
1430, 146, 249
1431, 99, 835
1432, 706, 726
1433, 681, 898
1434, 861, 992
1435, 552, 801
1436, 155, 938
1437, 74, 900
1438, 297, 392
1439, 66, 188
1440, 513, 719
1441, 306, 787
1442, 9, 24
1443, 36, 119
1444, 282, 920
1445, 432, 663
1446, 40, 976
1447, 59, 490
1448, 250, 982
1449, 752, 782
1450, 164, 478
1451, 625, 669
1452, 621, 667
1453, 386, 508
1454, 385, 524
1455, 129, 568
1456, 156, 486
1457, 35, 402
1458, 105, 551
1459, 845, 877
1460, 839, 952
1461, 627, 852
1462, 362, 958
1463, 465, 838
1464, 594, 765
1465, 778, 902
1466, 21, 298
1467, 136, 714
1468, 308, 538
1469, 32, 269
1470, 284, 366
1471, 264, 507
1472, 543, 872
1473, 499, 948
1474, 426, 965
1475, 485, 578
1476, 194, 685
1477, 207, 531
1478, 283, 743
1479, 479, 518
1480, 142, 258
1481, 127, 467
1482, 894, 895
1483, 431, 686
1484, 143, 763
1485, 390, 415
1486, 541, 796
1487, 550, 721
1488, 472, 794
1489, 42, 561
1490, 240, 737
1491, 517, 846
1492, 484, 885
1493, 371, 500
1494, 332, 971
1495, 104, 193
1496, 322, 749
1497, 179, 316
1498, 477, 916
1499, 511, 857
1500, 31, 351
1501, 83, 960
1502, 325, 474
1503, 91, 864
1504, 646, 917
1505, 259, 294
1506, 47, 916
1507, 465, 698
1508, 454, 787
1509, 409, 919
1510, 724, 761
1511, 45, 46
1512, 509, 822
1513, 155, 558
1514, 453, 985
1515, 355, 402
1516, 483, 615
1517, 378, 556
1518, 12, 152
1519, 21, 186
1520, 857, 991
1521, 689, 909
1522, 336, 403
1523, 118, 918
1524, 129, 389
1525, 141, 776
1526, 732, 881
1527, 866, 994
1528, 419, 931
1529, 247, 564
1530, 780, 996
1531, 423, 913
1532, 194, 695
1533, 16, 173
1534, 448, 706
1535, 324, 431
1536, 590, 786
1537, 53, 660
1538, 339, 405
1539, 125, 705
1540, 267, 643
1541, 554, 798
1542, 317, 781
1543, 156, 185
1544, 637, 853
1545, 375, 393
1546, 169, 679
1547, 471, 627
1548, 460, 952
1549, 665, 954
1550, 553, 635
1551, 331, 498
1552, 80, 363
1553, 464, 589
1554, 107, 683
1555, 85, 104
1556, 243, 396
1557, 150, 897
1558, 41, 93
1559, 96, 838
1560, 766, 992
1561, 277, 883
1562, 444, 729
1563, 670, 984
1564, 115, 309
1565, 51, 443
1566, 34, 966
1567, 597, 892
1568, 159, 373
1569, 920, 967
1570, 385, 990
1571, 210, 951
1572, 428, 818
1573, 192, 253
1574, 451, 815
1575, 232, 482
1576, 489, 796
1577, 183, 736
1578, 499, 904
1579, 116, 347
1580, 328, 775
1581, 318, 440
1582, 167, 771
1583, 569, 618
1584, 452, 652
1585, 572, 777
1586, 386, 611
1587, 723, 877
1588, 477, 545
1589, 11, 730
1590, 62, 435
1591, 529, 573
1592, 819, 959
1593, 122, 146
1594, 360, 657
1595, 131, 720
1596, 299, 926
1597, 163, 888
1598, 38, 685
1599, 52, 128
1600, 307, 956
1601, 220, 869
1602, 543, 810
1603, 251, 855
1604, 641, 758
1605, 846, 964
1606, 158, 814
1607, 467, 965
1608, 522, 808
1609, 257, 763
1610, 184, 266
1611, 470, 594
1612, 73, 612
1613, 3, 144
1614, 123, 457
1615, 105, 910
1616, 2, 578
1617, 92, 551
1618, 39, 1000
1619, 174, 258
1620, 311, 512
1621, 566, 906
1622, 148, 955
1623, 519, 570
1624, 484, 709
1625, 224, 262
1626, 27, 36
1627, 743, 811
1628, 168, 420
1629, 188, 353
1630, 187, 341
1631, 701, 833
1632, 557, 582
1633, 57, 124
1634, 140, 505
1635, 359, 937
1636, 506, 871
1637, 276, 298
1638, 132, 270
1639, 65, 342
1640, 520, 969
1641, 230, 900
1642, 493, 542
1643, 680, 988
1644, 675, 734
1645, 717, 875
1646, 432, 770
1647, 412, 559
1648, 534, 907
1649, 180, 923
1650, 221, 744
1651, 828, 862
1652, 715, 944
1653, 656, 995
1654, 348, 638
1655, 365, 941
1656, 111, 676
1657, 147, 884
1658, 366, 830
1659, 754, 799
1660, 8, 896
1661, 806, 993
1662, 681, 880
1663, 84, 738
1664, 166, 845
1665, 481, 891
1666, 721, 847
1667, 516, 874
1668, 760, 868
1669, 361, 408
1670, 86, 970
1671, 406, 599
1672, 364, 620
1673, 68, 617
1674, 538, 607
1675, 367, 691
1676, 767, 858
1677, 208, 735
1678, 234, 609
1679, 934, 974
1680, 59, 779
1681, 401, 671
1682, 66, 321
1683, 112, 840
1684, 503, 762
1685, 860, 925
1686, 278, 946
1687, 740, 826
1688, 120, 196
1689, 468, 759
1690, 574, 586
1691, 462, 837
1692, 242, 914
1693, 195, 588
1694, 773, 842
1695, 240, 608
1696, 127, 172
1697, 6, 958
1698, 795, 879
1699, 437, 628
1700, 175, 742
1701, 898, 982
1702, 5, 812
1703, 222, 911
1704, 101, 784
1705, 252, 605
1706, 182, 450
1707, 32, 800
1708, 379, 693
1709, 659, 741
1710, 64, 279
1711, 58, 928
1712, 466, 513
1713, 241, 640
1714, 697, 834
1715, 71, 160
1716, 491, 986
1717, 357, 816
1718, 703, 844
1719, 774, 790
1720, 117, 255
1721, 382, 852
1722, 335, 711
1723, 473, 584
1724, 372, 592
1725, 488, 908
1726, 308, 344
1727, 119, 722
1728, 48, 624
1729, 696, 893
1730, 472, 719
1731, 726, 912
1732, 287, 633
1733, 329, 963
1734, 285, 797
1735, 77, 863
1736, 193, 708
1737, 179, 876
1738, 371, 532
1739, 74, 398
1740, 377, 648
1741, 75, 575
1742, 560, 848
1743, 110, 938
1744, 197, 983
1745, 645, 727
1746, 18, 824
1747, 424, 501
1748, 19, 684
1749, 235, 517
1750, 461, 583
1751, 138, 803
1752, 272, 555
1753, 647, 980
1754, 10, 211
1755, 30, 284
1756, 411, 663
1757, 565, 593
1758, 94, 392
1759, 133, 692
1760, 226, 415
1761, 463, 725
1762, 289, 832
1763, 164, 854
1764, 438, 445
1765, 313, 562
1766, 502, 903
1767, 688, 947
1768, 621, 687
1769, 43, 820
1770, 600, 606
1771, 145, 549
1772, 9, 343
1773, 25, 929
1774, 137, 737
1775, 425, 927
1776, 236, 515
1777, 70, 817
1778, 610, 764
1779, 442, 750
1780, 54, 261
1781, 533, 682
1782, 368, 961
1783, 44, 972
1784, 202, 427
1785, 199, 374
1786, 521, 739
1787, 383, 537
1788, 346, 699
1789, 203, 218
1790, 87, 531
1791, 433, 577
1792, 458, 782
1793, 302, 400
1794, 841, 953
1795, 106, 206
1796, 434, 836
1797, 807, 849
1798, 524, 890
1799, 157, 310
1800, 273, 369
1801, 60, 227
1802, 56, 596
1803, 861, 889
1804, 508, 932
1805, 149, 579
1806, 205, 785
1807, 42, 492
1808, 254, 380
1809, 249, 479
1810, 55, 669
1811, 404, 987
1812, 397, 598
1813, 22, 395
1814, 304, 793
1815, 4, 547
1816, 97, 510
1817, 223, 528
1818, 323, 337
1819, 7, 563
1820, 40, 350
1821, 455, 486
1822, 905, 989
1823, 429, 449
1824, 35, 930
1825, 410, 653
1826, 225, 504
1827, 487, 567
1828, 121, 631
1829, 334, 391
1830, 283, 591
1831, 29, 239
1832, 23, 354
1833, 102, 176
1834, 290, 316
1835, 200, 238
1836, 497, 585
1837, 478, 823
1838, 490, 801
1839, 358, 843
1840, 215, 305
1841, 204, 587
1842, 282, 568
1843, 293, 677
1844, 209, 623
1845, 161, 634
1846, 109, 296
1847, 527, 757
1848, 26, 216
1849, 664, 839
1850, 356, 394
1851, 352, 667
1852, 90, 602
1853, 362, 387
1854, 314, 882
1855, 678, 887
1856, 301, 518
1857, 414, 661
1858, 292, 459
1859, 178, 295
1860, 388, 971
1861, 151, 322
1862, 219, 945
1863, 14, 710
1864, 265, 976
1865, 421, 901
1866, 49, 650
1867, 413, 525
1868, 82, 753
1869, 135, 246
1870, 351, 792
1871, 480, 973
1872, 399, 902
1873, 320, 604
1874, 191, 228
1875, 207, 540
1876, 636, 979
1877, 134, 233
1878, 217, 297
1879, 99, 733
1880, 286, 716
1881, 936, 957
1882, 33, 439
1883, 69, 825
1884, 327, 831
1885, 201, 899
1886, 89, 968
1887, 654, 975
1888, 580, 998
1889, 829, 895
1890, 622, 756
1891, 256, 430
1892, 418, 672
1893, 485, 783
1894, 601, 700
1895, 745, 827
1896, 552, 791
1897, 212, 674
1898, 98, 154
1899, 662, 746
1900, 747, 865
1901, 407, 977
1902, 268, 476
1903, 291, 535
1904, 61, 997
1905, 100, 523
1906, 867, 921
1907, 511, 915
1908, 142, 707
1909, 712, 922
1910, 390, 651
1911, 417, 495
1912, 694, 835
1913, 274, 755
1914, 189, 626
1915, 28, 935
1916, 713, 789
1917, 15, 949
1918, 315, 666
1919, 81, 275
1920, 469, 496
1921, 603, 859
1922, 704, 999
1923, 312, 475
1924, 153, 981
1925, 136, 422
1926, 658, 778
1927, 108, 613
1928, 416, 456
1929, 17, 500
1930, 536, 943
1931, 546, 950
1932, 190, 581
1933, 113, 514
1934, 530, 544
1935, 447, 548
1936, 269, 446
1937, 939, 978
1938, 248, 629
1939, 595, 794
1940, 550, 768
1941, 673, 749
1942, 130, 165
1943, 332, 370
1944, 63, 948
1945, 50, 804
1946, 250, 384
1947, 338, 649
1948, 702, 821
1949, 143, 765
1950, 245, 644
1951, 788, 872
1952, 260, 772
1953, 805, 962
1954, 20, 181
1955, 170, 870
1956, 95, 639
1957, 571, 642
1958, 88, 886
1959, 288, 940
1960, 126, 856
1961, 263, 885
1962, 751, 851
1963, 632, 752
1964, 231, 809
1965, 214, 690
1966, 630, 769
1967, 229, 333
1968, 924, 933
1969, 37, 103
1970, 244, 813
1971, 1, 303
1972, 619, 728
1973, 340, 894
1974, 526, 539
1975, 873, 942
1976, 330, 507
1977, 114, 300
1978, 271, 718
1979, 714, 748
1980, 850, 878
1981, 139, 668
1982, 281, 326
1983, 31, 376
1984, 67, 237
1985, 213, 280
1986, 78, 306
1987, 24, 319
1988, 171, 381
1989, 79, 426
1990, 686, 802
1991, 264, 349
1992, 177, 436
1993, 561, 616
1994, 13, 441
1995, 72, 76
1996, 541, 614
1997, 494, 576
1998, 625, 731
1999, 162, 198
2000, 345, 655
2001, 348, 621
2002, 81, 90
2003, 481, 962
2004, 363, 974
2005, 633, 650
2006, 46, 143
2007, 270, 277
2008, 126, 682
2009, 282, 437
2010, 55, 952
2011, 766, 780
2012, 394, 779
2013, 185, 641
2014, 888, 929
2015, 139, 473
2016, 466, 569
2017, 676, 830
2018, 290, 811
2019, 459, 523
2020, 37, 956
2021, 131, 681
2022, 209, 578
2023, 115, 552
2024, 804, 898
2025, 366, 549
2026, 48, 322
2027, 454, 818
2028, 161, 299
2029, 44, 513
2030, 293, 961
2031, 356, 835
2032, 174, 573
2033, 526, 967
2034, 16, 630
2035, 673, 941
2036, 154, 346
2037, 597, 814
2038, 684, 927
2039, 199, 474
2040, 397, 489
2041, 211, 506
2042, 182, 995
2043, 183, 303
2044, 34, 892
2045, 622, 695
2046, 391, 855
2047, 284, 421
2048, 723, 775
2049, 58, 129
2050, 19, 369
2051, 300, 792
2052, 73, 176
2053, 134, 712
2054, 164, 269
2055, 593, 611
2056, 765, 834
2057, 374, 678
2058, 514, 762
2059, 138, 616
2060, 86, 840
2061, 14, 267
2062, 901, 951
2063, 20, 580
2064, 471, 628
2065, 463, 810
2066, 242, 774
2067, 92, 916
2068, 865, 887
2069, 78, 368
2070, 140, 858
2071, 88, 433
2072, 518, 706
2073, 79, 240
2074, 234, 561
2075, 373, 400
2076, 63, 150
2077, 527, 654
2078, 13, 256
2079, 401, 589
2080, 80, 412
2081, 423, 711
2082, 487, 524
2083, 133, 586
2084, 76, 295
2085, 104, 297
2086, 480, 742
2087, 390, 551
2088, 214, 966
2089, 416, 624
2090, 582, 813
2091, 224, 700
2092, 315, 330
2093, 743, 972
2094, 891, 945
2095, 156, 548
2096, 98, 564
2097, 357, 920
2098, 40, 692
2099, 444, 883
2100, 703, 870
2101, 18, 812
2102, 957, 986
2103, 343, 993
2104, 326, 341
2105, 405, 702
2106, 158, 715
2107, 716, 955
2108, 141, 964
2109, 679, 760
2110, 496, 501
2111, 35, 948
2112, 229, 668
2113, 169, 722
2114, 101, 554
2115, 819, 871
2116, 96, 425
2117, 757, 987
2118, 30, 410
2119, 32, 436
2120, 6, 377
2121, 555, 753
2122, 127, 355
2123, 136, 787
2124, 198, 727
2125, 393, 546
2126, 739, 820
2127, 113, 878
2128, 404, 949
2129, 65, 741
2130, 309, 499
2131, 71, 124
2132, 181, 566
2133, 615, 969
2134, 298, 439
2135, 799, 906
2136, 203, 494
2137, 93, 943
2138, 431, 663
2139, 636, 688
2140, 119, 395
2141, 202, 537
2142, 752, 968
2143, 338, 824
2144, 823, 831
2145, 782, 842
2146, 567, 588
2147, 362, 606
2148, 307, 685
2149, 495, 768
2150, 545, 660
2151, 472, 608
2152, 938, 1000
2153, 189, 413
2154, 38, 317
2155, 614, 627
2156, 786, 904
2157, 460, 767
2158, 28, 828
2159, 329, 926
2160, 598, 773
2161, 280, 635
2162, 334, 512
2163, 132, 749
2164, 84, 547
2165, 178, 806
2166, 39, 426
2167, 661, 999
2168, 116, 944
2169, 148, 456
2170, 192, 617
2171, 36, 440
2172, 130, 281
2173, 407, 864
2174, 946, 998
2175, 172, 252
2176, 577, 939
2177, 107, 155
2178, 603, 710
2179, 521, 697
2180, 157, 179
2181, 455, 662
2182, 817, 918
2183, 493, 784
2184, 505, 975
2185, 449, 940
2186, 306, 427
2187, 87, 271
2188, 207, 981
2189, 173, 965
2190, 801, 869
2191, 103, 278
2192, 27, 218
2193, 95, 728
2194, 265, 979
2195, 9, 461
2196, 560, 838
2197, 429, 923
2198, 323, 790
2199, 613, 876
2200, 222, 328
2201, 638, 853
2202, 177, 693
2203, 142, 212
2204, 538, 599
2205, 165, 565
2206, 581, 666
2207, 579, 745
2208, 772, 829
2209, 68, 477
2210, 205, 648
2211, 149, 713
2212, 591, 908
2213, 162, 441
2214, 17, 791
2215, 365, 705
2216, 821, 854
2217, 221, 316
2218, 531, 570
2219, 276, 620
2220, 146, 899
2221, 208, 254
2222, 180, 867
2223, 118, 259
2224, 61, 533
2225, 45, 452
2226, 246, 388
2227, 690, 900
2228, 907, 982
2229, 610, 783
2230, 769, 894
2231, 771, 844
2232, 485, 913
2233, 639, 704
2234, 62, 574
2235, 200, 725
2236, 49, 333
2237, 532, 640
2238, 351, 984
2239, 52, 571
2240, 724, 770
2241, 553, 677
2242, 33, 219
2243, 77, 453
2244, 550, 802
2245, 114, 902
2246, 175, 873
2247, 85, 848
2248, 291, 631
2249, 29, 846
2250, 655, 669
2251, 418, 756
2252, 847, 935
2253, 491, 729
2254, 227, 243
2255, 69, 976
2256, 590, 833
2257, 402, 925
2258, 596, 605
2259, 204, 486
2260, 313, 671
2261, 272, 667
2262, 325, 375
2263, 296, 751
2264, 41, 120
2265, 507, 718
2266, 105, 163
2267, 301, 575
2268, 657, 845
2269, 53, 190
2270, 717, 997
2271, 91, 517
2272, 287, 973
2273, 419, 520
2274, 261, 415
2275, 4, 217
2276, 353, 519
2277, 166, 386
2278, 57, 568
2279, 1, 283
2280, 294, 488
2281, 145, 959
2282, 339, 509
2283, 241, 244
2284, 97, 304
2285, 367, 807
2286, 360, 587
2287, 311, 424
2288, 408, 852
2289, 147, 686
2290, 292, 340
2291, 245, 447
2292, 102, 826
2293, 414, 893
2294, 352, 469
2295, 3, 721
2296, 288, 837
2297, 319, 468
2298, 720, 928
2299, 860, 978
2300, 511, 634
2301, 359, 747
2302, 250, 483
2303, 500, 816
2304, 2, 465
2305, 361, 618
2306, 403, 963
2307, 302, 601
2308, 194, 406
2309, 451, 977
2310, 260, 274
2311, 21, 737
2312, 26, 159
2313, 327, 857
2314, 125, 754
2315, 25, 919
2316, 188, 559
2317, 123, 470
2318, 310, 781
2319, 144, 991
2320, 541, 761
2321, 109, 850
2322, 344, 479
2323, 354, 372
2324, 184, 699
2325, 320, 516
2326, 849, 922
2327, 475, 482
2328, 99, 497
2329, 47, 66
2330, 160, 954
2331, 135, 886
2332, 230, 384
2333, 215, 911
2334, 56, 364
2335, 42, 912
2336, 875, 917
2337, 645, 795
2338, 380, 683
2339, 800, 931
2340, 803, 880
2341, 89, 167
2342, 738, 896
2343, 430, 909
2344, 528, 885
2345, 312, 602
2346, 543, 764
2347, 171, 687
2348, 206, 450
2349, 515, 557
2350, 347, 503
2351, 658, 862
2352, 151, 637
2353, 744, 937
2354, 649, 734
2355, 836, 866
2356, 379, 659
2357, 210, 350
2358, 882, 960
2359, 815, 915
2360, 262, 953
2361, 100, 216
2362, 464, 583
2363, 632, 789
2364, 399, 457
2365, 121, 623
2366, 67, 442
2367, 59, 934
2368, 740, 796
2369, 432, 652
2370, 664, 714
2371, 825, 856
2372, 238, 529
2373, 237, 371
2374, 476, 643
2375, 70, 305
2376, 758, 843
2377, 23, 832
2378, 235, 675
2379, 64, 195
2380, 755, 890
2381, 788, 868
2382, 187, 798
2383, 629, 759
2384, 231, 435
2385, 236, 609
2386, 263, 994
2387, 43, 108
2388, 106, 626
2389, 778, 942
2390, 122, 970
2391, 337, 701
2392, 220, 443
2393, 74, 793
2394, 719, 732
2395, 275, 889
2396, 448, 585
2397, 289, 376
2398, 168, 378
2399, 111, 805
2400, 15, 342
2401, 458, 542
2402, 233, 980
2403, 191, 498
2404, 7, 989
2405, 239, 332
2406, 417, 985
2407, 255, 897
2408, 248, 428
2409, 859, 903
2410, 530, 827
2411, 389, 841
2412, 763, 851
2413, 264, 748
2414, 314, 895
2415, 653, 691
2416, 228, 872
2417, 5, 665
2418, 94, 170
2419, 642, 680
2420, 914, 933
2421, 60, 223
2422, 193, 777
2423, 201, 563
2424, 785, 877
2425, 213, 387
2426, 382, 746
2427, 539, 544
2428, 345, 932
2429, 736, 996
2430, 592, 863
2431, 576, 822
2432, 905, 990
2433, 510, 924
2434, 258, 422
2435, 82, 708
2436, 392, 462
2437, 128, 508
2438, 153, 594
2439, 266, 971
2440, 285, 884
2441, 72, 694
2442, 117, 279
2443, 612, 730
2444, 268, 445
2445, 381, 535
2446, 467, 983
2447, 534, 861
2448, 411, 672
2449, 656, 794
2450, 50, 707
2451, 197, 251
2452, 398, 536
2453, 8, 54
2454, 484, 874
2455, 604, 647
2456, 232, 809
2457, 383, 726
2458, 438, 992
2459, 10, 644
2460, 152, 321
2461, 24, 910
2462, 358, 750
2463, 492, 808
2464, 196, 698
2465, 607, 879
2466, 110, 112
2467, 646, 958
2468, 286, 572
2469, 186, 257
2470, 625, 936
2471, 733, 797
2472, 600, 776
2473, 331, 696
2474, 137, 947
2475, 273, 584
2476, 31, 409
2477, 308, 385
2478, 336, 562
2479, 490, 709
2480, 75, 735
2481, 540, 558
2482, 226, 731
2483, 22, 670
2484, 225, 446
2485, 434, 930
2486, 522, 651
2487, 420, 502
2488, 318, 478
2489, 556, 674
2490, 396, 950
2491, 370, 525
2492, 247, 335
2493, 324, 921
2494, 83, 619
2495, 11, 988
2496, 253, 595
2497, 12, 51
2498, 349, 839
2499, 689, 881
2500, 249, 504
2501, 424, 465
2502, 677, 741
2503, 713, 989
2504, 466, 699
2505, 127, 836
2506, 41, 405
2507, 440, 859
2508, 27, 352
2509, 146, 494
2510, 211, 762
2511, 107, 831
2512, 519, 727
2513, 324, 895
2514, 735, 930
2515, 573, 961
2516, 493, 940
2517, 749, 771
2518, 384, 512
2519, 331, 333
2520, 35, 709
2521, 459, 591
2522, 18, 487
2523, 511, 516
2524, 724, 777
2525, 524, 593
2526, 525, 543
2527, 327, 368
2528, 55, 838
2529, 746, 799
2530, 149, 546
2531, 94, 678
2532, 655, 840
2533, 806, 951
2534, 177, 296
2535, 114, 418
2536, 160, 780
2537, 766, 975
2538, 116, 834
2539, 280, 529
2540, 812, 839
2541, 509, 537
2542, 583, 784
2543, 143, 728
2544, 821, 947
2545, 198, 348
2546, 670, 979
2547, 16, 751
2548, 365, 711
2549, 232, 259
2550, 64, 896
2551, 547, 911
2552, 933, 943
2553, 33, 501
2554, 486, 679
2555, 224, 955
2556, 548, 756
2557, 28, 291
2558, 419, 463
2559, 810, 874
2560, 111, 819
2561, 275, 293
2562, 110, 236
2563, 235, 640
2564, 176, 370
2565, 32, 811
2566, 106, 615
2567, 363, 960
2568, 385, 869
2569, 69, 958
2570, 639, 860
2571, 44, 626
2572, 559, 885
2573, 667, 973
2574, 312, 383
2575, 148, 730
2576, 849, 872
2577, 369, 527
2578, 136, 845
2579, 549, 924
2580, 15, 128
2581, 578, 658
2582, 47, 938
2583, 558, 718
2584, 497, 818
2585, 72, 515
2586, 3, 288
2587, 223, 397
2588, 299, 439
2589, 399, 630
2590, 53, 967
2591, 907, 953
2592, 40, 998
2593, 742, 970
2594, 244, 854
2595, 52, 241
2596, 226, 744
2597, 789, 850
2598, 86, 411
2599, 125, 772
2600, 752, 921
2601, 13, 103
2602, 364, 431
2603, 59, 105
2604, 30, 692
2605, 446, 761
2606, 218, 266
2607, 760, 901
2608, 130, 620
2609, 937, 984
2610, 750, 976
2611, 22, 142
2612, 373, 798
2613, 269, 857
2614, 702, 876
2615, 185, 712
2616, 657, 690
2617, 687, 764
2618, 479, 669
2619, 250, 829
2620, 376, 577
2621, 356, 737
2622, 556, 601
2623, 892, 1000
2624, 197, 344
2625, 426, 948
2626, 871, 926
2627, 178, 680
2628, 61, 234
2629, 306, 571
2630, 23, 822
2631, 273, 935
2632, 319, 790
2633, 643, 706
2634, 532, 602
2635, 468, 612
2636, 228, 395
2637, 934, 981
2638, 773, 868
2639, 57, 315
2640, 311, 707
2641, 45, 205
2642, 24, 996
2643, 476, 740
2644, 124, 349
2645, 77, 622
2646, 89, 122
2647, 922, 983
2648, 387, 508
2649, 279, 800
2650, 19, 671
2651, 579, 781
2652, 277, 600
2653, 732, 844
2654, 166, 541
2655, 582, 731
2656, 786, 991
2657, 231, 391
2658, 242, 651
2659, 646, 720
2660, 623, 923
2661, 499, 978
2662, 441, 993
2663, 632, 942
2664, 76, 647
2665, 672, 675
2666, 536, 642
2667, 133, 261
2668, 638, 905
2669, 496, 683
2670, 46, 108
2671, 112, 450
2672, 302, 913
2673, 87, 137
2674, 552, 768
2675, 400, 745
2676, 118, 155
2677, 238, 906
2678, 636, 776
2679, 153, 210
2680, 474, 739
2681, 436, 985
2682, 350, 950
2683, 101, 322
2684, 31, 881
2685, 237, 814
2686, 378, 726
2687, 606, 929
2688, 284, 650
2689, 310, 409
2690, 489, 510
2691, 229, 555
2692, 150, 590
2693, 85, 894
2694, 151, 188
2695, 182, 599
2696, 355, 774
2697, 70, 321
2698, 530, 779
2699, 569, 782
2700, 362, 521
2701, 604, 861
2702, 404, 518
2703, 20, 264
2704, 567, 897
2705, 189, 614
2706, 815, 898
2707, 380, 833
2708, 858, 887
2709, 214, 767
2710, 161, 502
2711, 184, 220
2712, 471, 693
2713, 371, 992
2714, 526, 965
2715, 281, 421
2716, 338, 914
2717, 309, 456
2718, 460, 793
2719, 339, 542
2720, 82, 576
2721, 193, 256
2722, 379, 755
2723, 627, 796
2724, 464, 971
2725, 347, 715
2726, 685, 823
2727, 290, 890
2728, 34, 104
2729, 170, 230
2730, 96, 201
2731, 432, 674
2732, 792, 999
2733, 187, 361
2734, 389, 974
2735, 928, 963
2736, 36, 624
2737, 26, 278
2738, 498, 725
2739, 174, 505
2740, 375, 826
2741, 455, 676
2742, 51, 173
2743, 6, 406
2744, 75, 163
2745, 337, 495
2746, 608, 855
2747, 430, 700
2748, 17, 550
2749, 759, 919
2750, 867, 944
2751, 98, 918
2752, 697, 893
2753, 367, 563
2754, 206, 531
2755, 1, 402
2756, 533, 783
2757, 195, 239
2758, 84, 276
2759, 323, 343
2760, 252, 427
2761, 733, 957
2762, 334, 462
2763, 191, 485
2764, 283, 805
2765, 270, 801
2766, 551, 866
2767, 540, 597
2768, 848, 875
2769, 609, 686
2770, 668, 990
2771, 592, 842
2772, 25, 959
2773, 330, 785
2774, 416, 802
2775, 351, 949
2776, 607, 932
2777, 199, 758
2778, 340, 954
2779, 625, 691
2780, 123, 257
2781, 688, 817
2782, 328, 966
2783, 90, 477
2784, 192, 554
2785, 289, 757
2786, 255, 307
2787, 292, 297
2788, 204, 506
2789, 186, 393
2790, 572, 664
2791, 268, 377
2792, 71, 473
2793, 208, 213
2794, 545, 705
2795, 433, 653
2796, 326, 564
2797, 557, 633
2798, 207, 353
2799, 645, 972
2800, 294, 787
2801, 138, 329
2802, 95, 263
2803, 62, 641
2804, 2, 945
2805, 156, 889
2806, 654, 813
2807, 74, 447
2808, 388, 909
2809, 139, 415
2810, 317, 621
2811, 507, 714
2812, 60, 847
2813, 8, 946
2814, 580, 661
2815, 49, 392
2816, 157, 267
2817, 9, 21
2818, 899, 941
2819, 162, 864
2820, 282, 382
2821, 729, 734
2822, 634, 904
2823, 117, 452
2824, 320, 738
2825, 354, 538
2826, 265, 794
2827, 617, 827
2828, 260, 475
2829, 490, 852
2830, 517, 797
2831, 247, 939
2832, 54, 689
2833, 457, 977
2834, 181, 212
2835, 862, 980
2836, 81, 986
2837, 113, 144
2838, 304, 828
2839, 544, 635
2840, 172, 179
2841, 243, 920
2842, 141, 891
2843, 129, 816
2844, 610, 684
2845, 295, 716
2846, 88, 248
2847, 5, 769
2848, 135, 407
2849, 10, 719
2850, 196, 274
2851, 48, 631
2852, 131, 775
2853, 723, 903
2854, 663, 808
2855, 504, 619
2856, 308, 736
2857, 66, 221
2858, 7, 203
2859, 332, 396
2860, 444, 698
2861, 448, 461
2862, 795, 952
2863, 222, 832
2864, 596, 662
2865, 305, 451
2866, 158, 233
2867, 420, 846
2868, 743, 912
2869, 4, 165
2870, 180, 246
2871, 618, 763
2872, 152, 394
2873, 91, 458
2874, 37, 701
2875, 628, 888
2876, 79, 778
2877, 73, 770
2878, 251, 413
2879, 50, 422
2880, 109, 603
2881, 216, 217
2882, 863, 987
2883, 381, 522
2884, 134, 681
2885, 366, 710
2886, 63, 594
2887, 437, 995
2888, 126, 386
2889, 318, 637
2890, 408, 613
2891, 99, 253
2892, 171, 988
2893, 132, 147
2894, 92, 841
2895, 830, 851
2896, 445, 472
2897, 747, 856
2898, 202, 492
2899, 358, 803
2900, 587, 629
2901, 513, 665
2902, 102, 877
2903, 287, 788
2904, 417, 882
2905, 660, 825
2906, 346, 616
2907, 342, 565
2908, 65, 325
2909, 249, 503
2910, 453, 804
2911, 434, 644
2912, 902, 964
2913, 200, 313
2914, 97, 837
2915, 119, 175
2916, 164, 791
2917, 169, 682
2918, 12, 398
2919, 514, 865
2920, 423, 908
2921, 39, 523
2922, 374, 809
2923, 429, 535
2924, 560, 748
2925, 168, 575
2926, 154, 272
2927, 470, 481
2928, 534, 588
2929, 42, 562
2930, 298, 900
2931, 598, 843
2932, 648, 659
2933, 336, 695
2934, 271, 500
2935, 159, 240
2936, 56, 345
2937, 58, 878
2938, 190, 708
2939, 673, 853
2940, 483, 666
2941, 254, 925
2942, 140, 341
2943, 29, 442
2944, 520, 931
2945, 414, 765
2946, 121, 225
2947, 303, 652
2948, 314, 586
2949, 93, 482
2950, 300, 528
2951, 316, 704
2952, 209, 449
2953, 215, 286
2954, 478, 879
2955, 595, 884
2956, 696, 717
2957, 488, 997
2958, 584, 605
2959, 574, 835
2960, 403, 915
2961, 14, 968
2962, 703, 962
2963, 227, 581
2964, 435, 480
2965, 372, 410
2966, 428, 870
2967, 438, 994
2968, 219, 753
2969, 360, 566
2970, 824, 886
2971, 83, 359
2972, 649, 936
2973, 67, 425
2974, 120, 956
2975, 262, 553
2976, 68, 484
2977, 357, 721
2978, 194, 807
2979, 539, 568
2980, 390, 982
2981, 467, 880
2982, 258, 301
2983, 43, 491
2984, 245, 917
2985, 401, 754
2986, 100, 916
2987, 80, 561
2988, 335, 927
2989, 183, 443
2990, 589, 873
2991, 78, 570
2992, 38, 820
2993, 454, 611
2994, 656, 910
2995, 115, 694
2996, 145, 585
2997, 883, 969
2998, 285, 412
2999, 11, 469
3000, 167, 722
3001, 286, 470
3002, 264, 710
3003, 269, 828
3004, 600, 969
3005, 134, 169
3006, 512, 564
3007, 108, 367
3008, 696, 996
3009, 263, 829
3010, 924, 980
3011, 188, 405
3012, 79, 485
3013, 780, 894
3014, 954, 985
3015, 281, 501
3016, 98, 569
3017, 275, 791
3018, 345, 611
3019, 921, 960
3020, 200, 570
3021, 125, 330
3022, 11, 588
3023, 84, 882
3024, 706, 967
3025, 410, 837
3026, 394, 705
3027, 767, 987
3028, 234, 583
3029, 305, 717
3030, 890, 962
3031, 317, 931
3032, 37, 549
3033, 465, 619
3034, 102, 344
3035, 178, 942
3036, 572, 783
3037, 486, 662
3038, 321, 878
3039, 656, 906
3040, 76, 546
3041, 404, 913
3042, 216, 384
3043, 475, 603
3044, 86, 462
3045, 734, 941
3046, 192, 782
3047, 107, 885
3048, 18, 521
3049, 165, 625
3050, 412, 958
3051, 205, 355
3052, 193, 755
3053, 23, 785
3054, 103, 319
3055, 556, 815
3056, 301, 616
3057, 491, 617
3058, 85, 844
3059, 54, 877
3060, 347, 359
3061, 678, 774
3062, 435, 597
3063, 249, 571
3064, 119, 413
3065, 325, 482
3066, 529, 964
3067, 537, 981
3068, 186, 865
3069, 183, 507
3070, 632, 922
3071, 481, 688
3072, 417, 582
3073, 16, 217
3074, 665, 669
3075, 160, 664
3076, 131, 369
3077, 401, 948
3078, 39, 642
3079, 437, 776
3080, 695, 870
3081, 408, 463
3082, 517, 552
3083, 146, 427
3084, 388, 926
3085, 311, 849
3086, 473, 563
3087, 647, 989
3088, 255, 510
3089, 212, 634
3090, 446, 953
3091, 668, 757
3092, 357, 760
3093, 207, 288
3094, 299, 891
3095, 453, 929
3096, 351, 690
3097, 605, 875
3098, 300, 856
3099, 247, 968
3100, 92, 825
3101, 80, 387
3102, 197, 698
3103, 256, 398
3104, 753, 771
3105, 838, 935
3106, 937, 991
3107, 202, 541
3108, 273, 636
3109, 136, 152
3110, 293, 331
3111, 236, 764
3112, 817, 971
3113, 5, 973
3114, 920, 933
3115, 112, 324
3116, 100, 128
3117, 22, 349
3118, 116, 641
3119, 365, 445
3120, 118, 544
3121, 527, 612
3122, 30, 520
3123, 82, 982
3124, 943, 978
3125, 480, 631
3126, 551, 909
3127, 63, 163
3128, 218, 316
3129, 194, 539
3130, 83, 859
3131, 239, 496
3132, 230, 560
3133, 50, 712
3134, 372, 518
3135, 36, 278
3136, 508, 566
3137, 229, 393
3138, 10, 313
3139, 348, 534
3140, 737, 979
3141, 502, 802
3142, 545, 623
3143, 728, 947
3144, 523, 567
3145, 553, 726
3146, 241, 307
3147, 172, 910
3148, 66, 580
3149, 196, 732
3150, 27, 245
3151, 25, 904
3152, 784, 830
3153, 233, 804
3154, 533, 777
3155, 270, 397
3156, 385, 447
3157, 377, 416
3158, 420, 581
3159, 759, 765
3160, 498, 615
3161, 246, 927
3162, 133, 883
3163, 283, 338
3164, 87, 643
3165, 411, 822
3166, 206, 633
3167, 182, 990
3168, 857, 995
3169, 72, 898
3170, 13, 699
3171, 181, 297
3172, 190, 386
3173, 879, 892
3174, 474, 811
3175, 819, 911
3176, 471, 997
3177, 488, 590
3178, 162, 676
3179, 729, 730
3180, 624, 786
3181, 105, 599
3182, 97, 143
3183, 3, 797
3184, 173, 800
3185, 429, 685
3186, 353, 364
3187, 477, 601
3188, 327, 925
3189, 464, 907
3190, 7, 438
3191, 406, 458
3192, 524, 649
3193, 51, 96
3194, 391, 836
3195, 12, 999
3196, 686, 939
3197, 839, 912
3198, 506, 895
3199, 702, 847
3200, 187, 363
3201, 208, 237
3202, 452, 793
3203, 151, 189
3204, 156, 635
3205, 34, 561
3206, 94, 742
3207, 308, 360
3208, 45, 135
3209, 145, 584
3210, 761, 801
3211, 494, 787
3212, 713, 938
3213, 31, 380
3214, 479, 994
3215, 519, 821
3216, 646, 1000
3217, 371, 965
3218, 638, 897
3219, 32, 342
3220, 231, 671
3221, 421, 724
3222, 272, 346
3223, 576, 950
3224, 41, 658
3225, 704, 903
3226, 799, 966
3227, 174, 322
3228, 137, 896
3229, 872, 932
3230, 157, 854
3231, 61, 191
3232, 450, 666
3233, 375, 454
3234, 402, 827
3235, 73, 244
3236, 38, 961
3237, 693, 770
3238, 424, 585
3239, 179, 265
3240, 115, 587
3241, 65, 959
3242, 503, 824
3243, 362, 573
3244, 670, 743
3245, 460, 813
3246, 326, 750
3247, 127, 129
3248, 320, 809
3249, 651, 745
3250, 132, 816
3251, 542, 900
3252, 414, 594
3253, 478, 592
3254, 144, 778
3255, 492, 681
3256, 310, 863
3257, 70, 858
3258, 64, 862
3259, 88, 271
3260, 306, 476
3261, 368, 945
3262, 373, 448
3263, 210, 720
3264, 2, 240
3265, 214, 974
3266, 19, 469
3267, 243, 426
3268, 124, 251
3269, 104, 721
3270, 644, 692
3271, 248, 880
3272, 111, 329
3273, 52, 59
3274, 166, 944
3275, 74, 589
3276, 185, 908
3277, 466, 915
3278, 110, 428
3279, 703, 917
3280, 598, 715
3281, 142, 168
3282, 602, 682
3283, 262, 684
3284, 21, 701
3285, 614, 853
3286, 285, 339
3287, 312, 667
3288, 864, 930
3289, 176, 845
3290, 620, 884
3291, 295, 957
3292, 432, 887
3293, 528, 739
3294, 140, 889
3295, 277, 808
3296, 126, 511
3297, 526, 934
3298, 818, 984
3299, 14, 843
3300, 409, 650
3301, 318, 455
3302, 284, 905
3303, 543, 733
3304, 28, 226
3305, 78, 833
3306, 376, 986
3307, 227, 613
3308, 261, 803
3309, 383, 574
3310, 335, 672
3311, 274, 748
3312, 17, 155
3313, 259, 861
3314, 568, 708
3315, 235, 687
3316, 433, 746
3317, 294, 366
3318, 988, 993
3319, 422, 763
3320, 610, 851
3321, 562, 789
3322, 238, 252
3323, 57, 794
3324, 381, 899
3325, 718, 738
3326, 389, 557
3327, 114, 153
3328, 120, 792
3329, 515, 881
3330, 258, 723
3331, 161, 215
3332, 43, 122
3333, 352, 888
3334, 8, 790
3335, 451, 788
3336, 198, 963
3337, 60, 744
3338, 44, 201
3339, 700, 866
3340, 661, 752
3341, 75, 199
3342, 77, 781
3343, 467, 874
3344, 9, 876
3345, 754, 807
3346, 806, 992
3347, 69, 440
3348, 113, 622
3349, 67, 493
3350, 159, 679
3351, 26, 604
3352, 497, 731
3353, 500, 756
3354, 873, 955
3355, 538, 596
3356, 15, 257
3357, 621, 940
3358, 123, 370
3359, 223, 660
3360, 253, 645
3361, 228, 449
3362, 657, 795
3363, 276, 654
3364, 138, 203
3365, 315, 842
3366, 707, 983
3367, 530, 977
3368, 47, 639
3369, 513, 548
3370, 147, 779
3371, 653, 768
3372, 442, 629
3373, 468, 902
3374, 337, 558
3375, 167, 219
3376, 6, 893
3377, 871, 951
3378, 711, 749
3379, 525, 740
3380, 95, 832
3381, 222, 810
3382, 130, 415
3383, 400, 489
3384, 280, 735
3385, 618, 867
3386, 33, 772
3387, 204, 848
3388, 56, 630
3389, 374, 575
3390, 139, 535
3391, 499, 970
3392, 29, 591
3393, 773, 949
3394, 81, 659
3395, 812, 914
3396, 93, 855
3397, 221, 336
3398, 254, 554
3399, 505, 798
3400, 461, 840
3401, 154, 565
3402, 399, 640
3403, 396, 868
3404, 232, 835
3405, 20, 918
3406, 90, 547
3407, 55, 225
3408, 436, 456
3409, 4, 282
3410, 332, 860
3411, 121, 727
3412, 378, 555
3413, 268, 608
3414, 358, 691
3415, 626, 805
3416, 141, 577
3417, 697, 741
3418, 287, 439
3419, 35, 495
3420, 106, 341
3421, 209, 923
3422, 117, 579
3423, 694, 769
3424, 177, 652
3425, 250, 354
3426, 540, 972
3427, 1, 775
3428, 309, 689
3429, 675, 680
3430, 302, 886
3431, 628, 820
3432, 593, 928
3433, 260, 418
3434, 459, 609
3435, 361, 841
3436, 71, 852
3437, 242, 279
3438, 328, 532
3439, 224, 267
3440, 53, 655
3441, 195, 220
3442, 298, 976
3443, 58, 952
3444, 509, 663
3445, 559, 595
3446, 382, 472
3447, 444, 714
3448, 266, 516
3449, 419, 425
3450, 148, 457
3451, 296, 722
3452, 304, 395
3453, 834, 975
3454, 674, 919
3455, 487, 766
3456, 379, 441
3457, 340, 901
3458, 62, 826
3459, 158, 998
3460, 290, 522
3461, 170, 586
3462, 149, 709
3463, 164, 916
3464, 334, 606
3465, 550, 725
3466, 175, 850
3467, 407, 578
3468, 171, 434
3469, 431, 747
3470, 430, 531
3471, 49, 751
3472, 40, 89
3473, 673, 758
3474, 333, 716
3475, 68, 637
3476, 101, 869
3477, 343, 403
3478, 514, 677
3479, 99, 823
3480, 350, 831
3481, 303, 323
3482, 390, 504
3483, 291, 736
3484, 607, 762
3485, 484, 846
3486, 91, 392
3487, 814, 946
3488, 536, 627
3489, 211, 289
3490, 42, 356
3491, 180, 936
3492, 48, 109
3493, 423, 490
3494, 24, 796
3495, 292, 956
3496, 683, 719
3497, 150, 184
3498, 314, 443
3499, 46, 483
3500, 213, 648
3501, 329, 341
3502, 24, 780
3503, 452, 804
3504, 213, 375
3505, 354, 390
3506, 264, 844
3507, 43, 695
3508, 442, 530
3509, 260, 789
3510, 94, 727
3511, 662, 801
3512, 370, 877
3513, 416, 593
3514, 1, 952
3515, 682, 858
3516, 574, 753
3517, 141, 686
3518, 11, 423
3519, 400, 539
3520, 98, 320
3521, 116, 616
3522, 511, 977
3523, 47, 917
3524, 111, 678
3525, 529, 701
3526, 368, 895
3527, 307, 548
3528, 617, 719
3529, 405, 860
3530, 220, 749
3531, 344, 787
3532, 637, 850
3533, 705, 815
3534, 91, 287
3535, 184, 724
3536, 843, 980
3537, 524, 896
3538, 257, 726
3539, 131, 962
3540, 495, 989
3541, 25, 366
3542, 383, 838
3543, 517, 641
3544, 129, 558
3545, 85, 866
3546, 145, 839
3547, 376, 533
3548, 431, 821
3549, 430, 820
3550, 567, 982
3551, 441, 936
3552, 95, 807
3553, 54, 245
3554, 90, 230
3555, 21, 731
3556, 586, 747
3557, 444, 507
3558, 532, 909
3559, 204, 408
3560, 174, 852
3561, 16, 914
3562, 218, 728
3563, 302, 997
3564, 12, 110
3565, 447, 663
3566, 624, 865
3567, 82, 643
3568, 185, 294
3569, 644, 685
3570, 449, 509
3571, 169, 364
3572, 4, 497
3573, 886, 938
3574, 107, 188
3575, 222, 374
3576, 225, 465
3577, 258, 964
3578, 144, 310
3579, 88, 681
3580, 351, 506
3581, 177, 330
3582, 69, 718
3583, 846, 955
3584, 463, 650
3585, 37, 599
3586, 674, 709
3587, 573, 875
3588, 187, 970
3589, 519, 880
3590, 293, 840
3591, 813, 918
3592, 553, 934
3593, 87, 954
3594, 625, 999
3595, 621, 823
3596, 562, 594
3597, 540, 889
3598, 333, 869
3599, 956, 986
3600, 720, 910
3601, 756, 965
3602, 788, 908
3603, 439, 722
3604, 72, 648
3605, 491, 502
3606, 700, 920
3607, 461, 469
3608, 608, 827
3609, 13, 197
3610, 42, 672
3611, 588, 968
3612, 155, 181
3613, 179, 836
3614, 337, 345
3615, 490, 759
3616, 414, 499
3617, 762, 805
3618, 630, 647
3619, 899, 950
3620, 614, 785
3621, 435, 603
3622, 147, 246
3623, 688, 808
3624, 814, 987
3625, 406, 468
3626, 265, 415
3627, 139, 299
3628, 57, 217
3629, 357, 420
3630, 159, 560
3631, 359, 515
3632, 102, 601
3633, 173, 396
3634, 352, 640
3635, 80, 798
3636, 388, 514
3637, 286, 953
3638, 255, 819
3639, 166, 713
3640, 226, 828
3641, 17, 393
3642, 434, 888
3643, 201, 884
3644, 229, 657
3645, 451, 800
3646, 135, 207
3647, 321, 620
3648, 34, 462
3649, 151, 215
3650, 3, 812
3651, 79, 898
3652, 64, 966
3653, 76, 691
3654, 358, 521
3655, 378, 760
3656, 315, 503
3657, 240, 649
3658, 78, 754
3659, 638, 894
3660, 360, 710
3661, 552, 947
3662, 631, 771
3663, 100, 556
3664, 683, 857
3665, 180, 592
3666, 238, 418
3667, 399, 751
3668, 262, 298
3669, 561, 892
3670, 101, 335
3671, 96, 123
3672, 194, 652
3673, 269, 670
3674, 126, 916
3675, 44, 279
3676, 22, 403
3677, 301, 675
3678, 482, 972
3679, 622, 958
3680, 392, 694
3681, 122, 660
3682, 156, 922
3683, 19, 744
3684, 97, 871
3685, 161, 790
3686, 711, 872
3687, 870, 988
3688, 387, 432
3689, 654, 738
3690, 542, 752
3691, 140, 534
3692, 707, 778
3693, 182, 693
3694, 162, 609
3695, 347, 493
3696, 52, 81
3697, 340, 948
3698, 249, 714
3699, 61, 847
3700, 248, 743
3701, 402, 998
3702, 325, 994
3703, 280, 516
3704, 8, 63
3705, 29, 933
3706, 203, 488
3707, 62, 783
3708, 460, 661
3709, 99, 433
3710, 575, 932
3711, 71, 802
3712, 602, 676
3713, 46, 291
3714, 58, 543
3715, 377, 704
3716, 142, 547
3717, 356, 470
3718, 235, 422
3719, 251, 568
3720, 487, 930
3721, 121, 773
3722, 445, 485
3723, 772, 905
3724, 108, 477
3725, 41, 153
3726, 893, 969
3727, 117, 425
3728, 86, 944
3729, 31, 35
3730, 512, 550
3731, 627, 690
3732, 611, 868
3733, 381, 984
3734, 312, 781
3735, 369, 606
3736, 610, 768
3737, 413, 767
3738, 48, 232
3739, 270, 505
3740, 348, 733
3741, 183, 365
3742, 371, 684
3743, 362, 522
3744, 455, 572
3745, 717, 729
3746, 498, 582
3747, 228, 890
3748, 243, 716
3749, 190, 367
3750, 124, 770
3751, 456, 692
3752, 171, 817
3753, 555, 664
3754, 607, 856
3755, 278, 974
3756, 831, 904
3757, 195, 332
3758, 703, 748
3759, 128, 219
3760, 835, 961
3761, 242, 319
3762, 887, 945
3763, 254, 769
3764, 667, 873
3765, 635, 646
3766, 92, 479
3767, 239, 300
3768, 795, 885
3769, 77, 991
3770, 546, 939
3771, 168, 645
3772, 834, 940
3773, 236, 252
3774, 576, 735
3775, 113, 281
3776, 32, 957
3777, 629, 902
3778, 324, 428
3779, 27, 619
3780, 591, 825
3781, 70, 214
3782, 10, 841
3783, 30, 508
3784, 317, 928
3785, 799, 901
3786, 489, 742
3787, 136, 605
3788, 212, 794
3789, 209, 764
3790, 879, 942
3791, 306, 322
3792, 314, 363
3793, 401, 440
3794, 417, 580
3795, 66, 453
3796, 639, 925
3797, 103, 992
3798, 454, 545
3799, 118, 520
3800, 410, 809
3801, 796, 1000
3802, 564, 967
3803, 189, 578
3804, 436, 633
3805, 120, 531
3806, 56, 484
3807, 398, 959
3808, 154, 845
3809, 426, 730
3810, 20, 551
3811, 206, 565
3812, 60, 876
3813, 350, 779
3814, 569, 699
3815, 283, 861
3816, 73, 295
3817, 305, 450
3818, 244, 776
3819, 193, 669
3820, 45, 160
3821, 343, 528
3822, 6, 164
3823, 903, 926
3824, 467, 642
3825, 104, 199
3826, 277, 985
3827, 327, 687
3828, 323, 990
3829, 411, 596
3830, 372, 878
3831, 274, 282
3832, 446, 973
3833, 732, 927
3834, 379, 615
3835, 721, 786
3836, 476, 883
3837, 18, 196
3838, 28, 723
3839, 109, 907
3840, 165, 782
3841, 755, 995
3842, 273, 655
3843, 176, 671
3844, 331, 391
3845, 698, 740
3846, 504, 775
3847, 268, 458
3848, 289, 309
3849, 604, 924
3850, 304, 864
3851, 40, 474
3852, 334, 863
3853, 5, 848
3854, 233, 480
3855, 328, 481
3856, 496, 793
3857, 527, 746
3858, 55, 500
3859, 134, 626
3860, 464, 466
3861, 494, 544
3862, 167, 200
3863, 557, 951
3864, 761, 906
3865, 597, 859
3866, 538, 666
3867, 912, 913
3868, 296, 673
3869, 256, 833
3870, 172, 361
3871, 259, 349
3872, 205, 237
3873, 114, 797
3874, 152, 935
3875, 471, 492
3876, 234, 826
3877, 792, 811
3878, 178, 382
3879, 443, 677
3880, 93, 478
3881, 412, 830
3882, 549, 587
3883, 105, 612
3884, 137, 150
3885, 143, 303
3886, 276, 929
3887, 963, 981
3888, 518, 589
3889, 554, 867
3890, 271, 634
3891, 26, 541
3892, 806, 996
3893, 250, 993
3894, 191, 816
3895, 584, 628
3896, 133, 211
3897, 221, 665
3898, 36, 585
3899, 23, 874
3900, 384, 851
3901, 437, 829
3902, 313, 651
3903, 223, 791
3904, 373, 595
3905, 472, 960
3906, 170, 247
3907, 272, 386
3908, 680, 891
3909, 148, 559
3910, 656, 983
3911, 38, 618
3912, 216, 613
3913, 51, 949
3914, 49, 758
3915, 424, 757
3916, 766, 862
3917, 14, 937
3918, 157, 448
3919, 566, 818
3920, 483, 535
3921, 67, 975
3922, 353, 457
3923, 419, 784
3924, 318, 590
3925, 473, 636
3926, 74, 536
3927, 224, 513
3928, 39, 336
3929, 163, 459
3930, 526, 911
3931, 275, 311
3932, 186, 208
3933, 112, 854
3934, 385, 570
3935, 59, 138
3936, 736, 946
3937, 106, 427
3938, 7, 579
3939, 261, 659
3940, 53, 290
3941, 83, 668
3942, 326, 571
3943, 266, 777
3944, 130, 338
3945, 308, 712
3946, 149, 380
3947, 397, 881
3948, 750, 849
3949, 175, 486
3950, 409, 763
3951, 75, 689
3952, 192, 810
3953, 263, 803
3954, 231, 931
3955, 563, 915
3956, 125, 198
3957, 600, 882
3958, 127, 241
3959, 316, 523
3960, 50, 679
3961, 297, 978
3962, 267, 389
3963, 292, 394
3964, 284, 339
3965, 2, 697
3966, 15, 525
3967, 429, 734
3968, 119, 583
3969, 745, 855
3970, 475, 971
3971, 355, 537
3972, 84, 146
3973, 501, 976
3974, 68, 765
3975, 658, 741
3976, 288, 900
3977, 725, 897
3978, 853, 923
3979, 653, 822
3980, 132, 342
3981, 285, 438
3982, 395, 581
3983, 33, 943
3984, 404, 921
3985, 65, 623
3986, 702, 919
3987, 739, 842
3988, 407, 774
3989, 824, 941
3990, 202, 227
3991, 210, 510
3992, 158, 696
3993, 421, 979
3994, 89, 737
3995, 253, 598
3996, 346, 706
3997, 715, 837
3998, 9, 632
3999, 577, 708
4000, 115, 832
