id, img1, img2
1, 347, 910
2, 930, 981
3, 775, 781
4, 71, 146
5, 40, 645
6, 341, 680
7, 956, 1000
8, 636, 674
9, 230, 300
10, 507, 918
11, 520, 538
12, 567, 647
13, 779, 975
14, 293, 802
15, 258, 476
16, 129, 177
17, 611, 643
18, 393, 398
19, 216, 252
20, 558, 834
21, 463, 598
22, 343, 947
23, 238, 271
24, 667, 952
25, 4, 732
26, 54, 740
27, 264, 863
28, 733, 829
29, 91, 115
30, 467, 966
31, 137, 554
32, 581, 738
33, 86, 527
34, 101, 254
35, 20, 124
36, 366, 535
37, 11, 932
38, 655, 791
39, 749, 785
40, 525, 672
41, 857, 867
42, 430, 593
43, 687, 810
44, 212, 937
45, 32, 375
46, 888, 967
47, 574, 630
48, 426, 590
49, 159, 729
50, 336, 599
51, 587, 741
52, 306, 752
53, 441, 796
54, 87, 964
55, 754, 774
56, 143, 584
57, 333, 815
58, 283, 899
59, 118, 710
60, 274, 764
61, 517, 591
62, 479, 999
63, 111, 552
64, 887, 909
65, 713, 958
66, 602, 926
67, 803, 828
68, 911, 920
69, 432, 480
70, 158, 891
71, 140, 261
72, 387, 435
73, 3, 425
74, 149, 453
75, 29, 499
76, 49, 482
77, 356, 955
78, 110, 327
79, 134, 688
80, 447, 945
81, 288, 368
82, 600, 633
83, 460, 580
84, 360, 919
85, 855, 935
86, 5, 307
87, 697, 833
88, 409, 671
89, 792, 872
90, 411, 456
91, 14, 369
92, 370, 768
93, 224, 960
94, 769, 841
95, 439, 814
96, 183, 670
97, 117, 136
98, 239, 423
99, 565, 908
100, 48, 422
101, 62, 695
102, 380, 474
103, 338, 681
104, 178, 301
105, 309, 364
106, 166, 816
107, 93, 100
108, 197, 549
109, 57, 237
110, 206, 418
111, 109, 571
112, 250, 396
113, 148, 379
114, 53, 582
115, 37, 132
116, 78, 711
117, 200, 575
118, 325, 384
119, 209, 211
120, 12, 675
121, 122, 668
122, 417, 832
123, 164, 308
124, 1, 620
125, 628, 988
126, 726, 770
127, 215, 632
128, 56, 468
129, 566, 983
130, 344, 381
131, 294, 777
132, 616, 661
133, 226, 755
134, 793, 856
135, 727, 976
136, 345, 449
137, 371, 550
138, 448, 547
139, 279, 540
140, 102, 555
141, 612, 621
142, 421, 818
143, 434, 461
144, 519, 746
145, 222, 494
146, 513, 533
147, 610, 998
148, 328, 753
149, 321, 980
150, 363, 386
151, 98, 985
152, 154, 169
153, 350, 842
154, 669, 694
155, 712, 765
156, 203, 374
157, 415, 936
158, 355, 445
159, 13, 357
160, 207, 569
161, 275, 720
162, 127, 490
163, 595, 663
164, 34, 886
165, 25, 30
166, 707, 897
167, 526, 608
168, 35, 272
169, 163, 245
170, 246, 682
171, 64, 896
172, 414, 666
173, 529, 684
174, 385, 652
175, 202, 706
176, 536, 592
177, 509, 699
178, 854, 951
179, 543, 778
180, 320, 654
181, 800, 973
182, 256, 962
183, 220, 305
184, 182, 929
185, 174, 196
186, 881, 912
187, 218, 705
188, 304, 561
189, 789, 859
190, 277, 809
191, 502, 759
192, 269, 416
193, 352, 898
194, 673, 996
195, 113, 496
196, 944, 989
197, 747, 825
198, 776, 940
199, 221, 311
200, 138, 521
201, 475, 534
202, 119, 424
203, 290, 934
204, 335, 359
205, 289, 557
206, 97, 889
207, 478, 788
208, 160, 472
209, 125, 850
210, 205, 639
211, 185, 195
212, 156, 691
213, 734, 745
214, 284, 783
215, 96, 248
216, 458, 853
217, 192, 240
218, 845, 871
219, 346, 756
220, 38, 723
221, 407, 771
222, 223, 644
223, 260, 844
224, 68, 462
225, 491, 758
226, 318, 827
227, 317, 613
228, 466, 500
229, 716, 737
230, 498, 963
231, 242, 700
232, 365, 589
233, 9, 914
234, 372, 849
235, 505, 597
236, 171, 660
237, 324, 399
238, 451, 715
239, 287, 790
240, 173, 404
241, 214, 762
242, 155, 198
243, 121, 703
244, 391, 943
245, 66, 394
246, 735, 811
247, 231, 501
248, 243, 861
249, 181, 522
250, 395, 510
251, 108, 292
252, 831, 862
253, 79, 90
254, 560, 846
255, 114, 865
256, 51, 431
257, 80, 120
258, 588, 743
259, 890, 938
260, 420, 579
261, 92, 933
262, 607, 634
263, 176, 760
264, 298, 982
265, 88, 322
266, 27, 767
267, 244, 443
268, 440, 795
269, 576, 629
270, 189, 848
271, 286, 512
272, 331, 470
273, 241, 542
274, 353, 497
275, 7, 188
276, 150, 596
277, 481, 838
278, 210, 528
279, 175, 227
280, 128, 772
281, 8, 302
282, 19, 190
283, 72, 835
284, 103, 314
285, 312, 457
286, 614, 808
287, 852, 984
288, 145, 878
289, 172, 583
290, 530, 821
291, 89, 638
292, 342, 378
293, 330, 618
294, 903, 987
295, 255, 315
296, 679, 757
297, 191, 968
298, 82, 904
299, 28, 948
300, 624, 708
301, 382, 822
302, 273, 823
303, 392, 601
304, 334, 974
305, 228, 278
306, 95, 388
307, 85, 869
308, 627, 877
309, 953, 970
310, 42, 373
311, 201, 840
312, 266, 997
313, 157, 991
314, 730, 736
315, 161, 199
316, 692, 698
317, 806, 843
318, 902, 916
319, 438, 858
320, 268, 763
321, 168, 744
322, 235, 965
323, 74, 553
324, 578, 895
325, 564, 805
326, 2, 310
327, 295, 690
328, 826, 942
329, 41, 577
330, 515, 559
331, 650, 978
332, 262, 436
333, 208, 337
334, 664, 683
335, 465, 799
336, 751, 922
337, 419, 946
338, 17, 361
339, 617, 780
340, 469, 537
341, 285, 351
342, 81, 866
343, 83, 954
344, 696, 894
345, 648, 766
346, 217, 299
347, 18, 646
348, 406, 523
349, 232, 429
350, 348, 702
351, 570, 941
352, 99, 291
353, 16, 728
354, 69, 925
355, 43, 402
356, 123, 428
357, 52, 619
358, 26, 541
359, 493, 917
360, 376, 883
361, 659, 794
362, 572, 847
363, 253, 573
364, 219, 662
365, 107, 194
366, 234, 656
367, 487, 586
368, 130, 870
369, 23, 739
370, 488, 724
371, 508, 786
372, 229, 704
373, 50, 63
374, 812, 927
375, 518, 957
376, 180, 609
377, 830, 892
378, 152, 568
379, 44, 722
380, 45, 876
381, 503, 640
382, 329, 913
383, 893, 995
384, 427, 442
385, 67, 924
386, 606, 949
387, 47, 77
388, 546, 977
389, 689, 928
390, 326, 658
391, 247, 868
392, 257, 782
393, 126, 836
394, 303, 885
395, 204, 992
396, 603, 615
397, 60, 340
398, 84, 625
399, 165, 413
400, 390, 544
401, 94, 860
402, 483, 931
403, 532, 562
404, 485, 839
405, 170, 473
406, 332, 817
407, 141, 657
408, 233, 676
409, 112, 142
410, 144, 514
411, 33, 484
412, 10, 358
413, 76, 281
414, 731, 761
415, 349, 637
416, 265, 678
417, 263, 801
418, 556, 879
419, 167, 401
420, 106, 495
421, 105, 153
422, 405, 641
423, 725, 798
424, 225, 313
425, 58, 464
426, 548, 649
427, 437, 454
428, 446, 531
429, 851, 971
430, 915, 923
431, 410, 563
432, 162, 270
433, 444, 824
434, 605, 990
435, 604, 787
436, 24, 986
437, 135, 921
438, 193, 907
439, 236, 642
440, 21, 797
441, 22, 665
442, 516, 719
443, 276, 717
444, 259, 450
445, 709, 874
446, 389, 750
447, 452, 677
448, 506, 622
449, 626, 631
450, 213, 249
451, 61, 545
452, 251, 585
453, 362, 905
454, 880, 993
455, 179, 837
456, 39, 186
457, 339, 884
458, 354, 685
459, 104, 686
460, 6, 46
461, 539, 979
462, 397, 459
463, 280, 403
464, 433, 511
465, 455, 524
466, 296, 701
467, 377, 504
468, 864, 959
469, 187, 714
470, 36, 116
471, 151, 486
472, 819, 961
473, 70, 267
474, 471, 721
475, 282, 807
476, 408, 972
477, 55, 412
478, 65, 882
479, 635, 651
480, 323, 748
481, 492, 813
482, 75, 551
483, 594, 820
484, 489, 742
485, 59, 383
486, 901, 994
487, 939, 950
488, 316, 804
489, 873, 900
490, 297, 653
491, 15, 693
492, 400, 784
493, 131, 184
494, 73, 477
495, 319, 906
496, 875, 969
497, 31, 133
498, 147, 367
499, 139, 718
500, 623, 773
501, 356, 671
502, 149, 994
503, 5, 926
504, 496, 571
505, 94, 869
506, 146, 449
507, 54, 619
508, 584, 687
509, 182, 764
510, 447, 944
511, 96, 967
512, 825, 928
513, 460, 973
514, 265, 541
515, 291, 319
516, 459, 636
517, 301, 650
518, 294, 398
519, 126, 323
520, 202, 263
521, 100, 503
522, 199, 478
523, 297, 754
524, 441, 583
525, 93, 537
526, 4, 746
527, 45, 646
528, 454, 579
529, 330, 879
530, 131, 418
531, 22, 177
532, 404, 993
533, 613, 923
534, 508, 747
535, 114, 597
536, 397, 911
537, 334, 437
538, 544, 925
539, 656, 849
540, 230, 939
541, 77, 638
542, 327, 400
543, 11, 591
544, 211, 672
545, 534, 602
546, 843, 897
547, 165, 255
548, 940, 949
549, 557, 910
550, 838, 851
551, 160, 237
552, 467, 565
553, 127, 658
554, 18, 519
555, 666, 684
556, 693, 977
557, 545, 704
558, 243, 783
559, 71, 981
560, 68, 493
561, 2, 566
562, 62, 890
563, 130, 363
564, 238, 753
565, 107, 782
566, 261, 726
567, 27, 661
568, 359, 572
569, 208, 626
570, 174, 618
571, 124, 707
572, 357, 880
573, 37, 889
574, 283, 555
575, 227, 907
576, 7, 289
577, 354, 830
578, 78, 235
579, 727, 787
580, 417, 909
581, 193, 221
582, 10, 850
583, 72, 494
584, 187, 411
585, 59, 475
586, 341, 455
587, 196, 366
588, 25, 267
589, 511, 822
590, 156, 580
591, 320, 384
592, 947, 988
593, 276, 989
594, 116, 204
595, 314, 860
596, 110, 793
597, 53, 567
598, 382, 738
599, 207, 712
600, 32, 987
601, 365, 714
602, 407, 450
603, 316, 992
604, 368, 700
605, 102, 833
606, 50, 282
607, 817, 916
608, 135, 874
609, 369, 393
610, 216, 246
611, 507, 705
612, 201, 485
613, 336, 445
614, 744, 961
615, 604, 743
616, 623, 699
617, 492, 711
618, 296, 763
619, 405, 912
620, 570, 883
621, 303, 780
622, 70, 774
623, 295, 921
624, 735, 946
625, 501, 588
626, 223, 792
627, 556, 984
628, 500, 931
629, 326, 464
630, 108, 652
631, 251, 829
632, 169, 854
633, 97, 959
634, 206, 998
635, 121, 438
636, 371, 461
637, 167, 312
638, 12, 533
639, 426, 914
640, 34, 595
641, 157, 788
642, 231, 395
643, 446, 888
644, 178, 632
645, 292, 795
646, 480, 962
647, 20, 892
648, 147, 643
649, 325, 777
650, 409, 695
651, 353, 966
652, 154, 269
653, 627, 686
654, 118, 148
655, 103, 471
656, 373, 610
657, 513, 698
658, 730, 938
659, 762, 943
660, 563, 575
661, 573, 732
662, 348, 985
663, 444, 585
664, 489, 603
665, 385, 803
666, 173, 352
667, 47, 975
668, 440, 521
669, 87, 198
670, 228, 668
671, 111, 811
672, 290, 328
673, 164, 408
674, 484, 790
675, 380, 881
676, 329, 543
677, 827, 936
678, 428, 474
679, 466, 818
680, 229, 378
681, 197, 1000
682, 612, 683
683, 552, 676
684, 751, 871
685, 339, 374
686, 46, 186
687, 581, 759
688, 733, 960
689, 372, 891
690, 8, 89
691, 816, 864
692, 657, 835
693, 562, 929
694, 268, 495
695, 30, 257
696, 722, 982
697, 250, 742
698, 234, 611
699, 82, 523
700, 209, 389
701, 594, 857
702, 1, 13
703, 162, 599
704, 113, 321
705, 84, 119
706, 608, 832
707, 387, 421
708, 19, 443
709, 434, 549
710, 322, 734
711, 392, 768
712, 23, 828
713, 351, 801
714, 528, 781
715, 848, 970
716, 33, 249
717, 141, 355
718, 529, 976
719, 313, 995
720, 391, 798
721, 236, 639
722, 106, 875
723, 502, 859
724, 63, 242
725, 550, 808
726, 16, 899
727, 286, 868
728, 779, 794
729, 491, 786
730, 633, 649
731, 856, 908
732, 625, 681
733, 132, 172
734, 609, 806
735, 26, 253
736, 775, 900
737, 29, 577
738, 750, 958
739, 605, 872
740, 137, 685
741, 36, 697
742, 713, 767
743, 153, 416
744, 41, 64
745, 122, 694
746, 433, 535
747, 280, 670
748, 224, 476
749, 600, 718
750, 98, 624
751, 406, 524
752, 479, 606
753, 678, 898
754, 214, 739
755, 299, 866
756, 79, 679
757, 264, 423
758, 9, 852
759, 553, 784
760, 317, 882
761, 412, 934
762, 65, 836
763, 708, 863
764, 375, 470
765, 144, 903
766, 143, 922
767, 383, 574
768, 810, 964
769, 504, 809
770, 136, 663
771, 66, 539
772, 741, 797
773, 192, 906
774, 370, 778
775, 48, 804
776, 451, 526
777, 284, 288
778, 302, 771
779, 88, 823
780, 640, 834
781, 517, 701
782, 525, 904
783, 74, 933
784, 558, 867
785, 51, 894
786, 213, 842
787, 278, 865
788, 674, 887
789, 401, 425
790, 414, 536
791, 587, 821
792, 49, 259
793, 35, 306
794, 258, 560
795, 345, 442
796, 190, 886
797, 448, 819
798, 593, 682
799, 220, 506
800, 305, 728
801, 719, 731
802, 662, 807
803, 690, 845
804, 335, 660
805, 92, 217
806, 69, 463
807, 142, 720
808, 308, 540
809, 483, 717
810, 924, 930
811, 415, 512
812, 133, 665
813, 161, 622
814, 180, 271
815, 256, 287
816, 427, 664
817, 518, 651
818, 614, 839
819, 104, 413
820, 399, 785
821, 239, 896
822, 225, 396
823, 725, 855
824, 179, 307
825, 402, 884
826, 486, 905
827, 200, 338
828, 274, 680
829, 350, 815
830, 52, 215
831, 266, 645
832, 15, 125
833, 358, 677
834, 453, 641
835, 262, 472
836, 457, 952
837, 145, 277
838, 516, 942
839, 410, 799
840, 128, 990
841, 91, 918
842, 152, 362
843, 310, 847
844, 85, 853
845, 344, 957
846, 582, 954
847, 559, 669
848, 538, 749
849, 115, 554
850, 58, 647
851, 244, 347
852, 311, 497
853, 270, 379
854, 469, 772
855, 210, 978
856, 57, 578
857, 482, 706
858, 232, 630
859, 333, 598
860, 76, 86
861, 748, 991
862, 252, 477
863, 241, 689
864, 377, 709
865, 468, 895
866, 191, 723
867, 24, 696
868, 340, 935
869, 281, 561
870, 171, 858
871, 346, 986
872, 55, 621
873, 758, 824
874, 67, 592
875, 315, 601
876, 456, 814
877, 183, 367
878, 203, 527
879, 745, 862
880, 420, 430
881, 388, 659
882, 254, 826
883, 498, 715
884, 349, 820
885, 75, 755
886, 43, 548
887, 642, 766
888, 151, 752
889, 435, 532
890, 403, 917
891, 332, 877
892, 737, 773
893, 17, 724
894, 28, 95
895, 343, 648
896, 568, 702
897, 83, 361
898, 298, 617
899, 150, 776
900, 837, 885
901, 14, 805
902, 168, 941
903, 60, 800
904, 488, 531
905, 163, 576
906, 123, 188
907, 846, 876
908, 170, 919
909, 194, 980
910, 176, 551
911, 342, 765
912, 134, 381
913, 710, 757
914, 166, 175
915, 139, 222
916, 436, 951
917, 564, 969
918, 360, 729
919, 140, 761
920, 520, 607
921, 546, 616
922, 73, 615
923, 304, 675
924, 514, 760
925, 105, 789
926, 913, 955
927, 542, 979
928, 233, 285
929, 509, 953
930, 61, 840
931, 42, 999
932, 386, 841
933, 3, 703
934, 293, 547
935, 620, 716
936, 80, 596
937, 195, 212
938, 56, 770
939, 429, 635
940, 490, 996
941, 589, 937
942, 240, 974
943, 337, 510
944, 487, 688
945, 644, 796
946, 756, 812
947, 915, 920
948, 90, 971
949, 159, 901
950, 31, 569
951, 109, 481
952, 364, 945
953, 419, 873
954, 129, 667
955, 634, 902
956, 331, 439
957, 138, 813
958, 431, 530
959, 218, 505
960, 158, 769
961, 245, 692
962, 99, 247
963, 279, 462
964, 721, 997
965, 432, 844
966, 972, 983
967, 181, 932
968, 499, 802
969, 184, 965
970, 6, 21
971, 586, 691
972, 272, 831
973, 39, 390
974, 424, 590
975, 38, 458
976, 893, 950
977, 673, 948
978, 248, 522
979, 653, 791
980, 226, 740
981, 631, 956
982, 120, 473
983, 205, 628
984, 40, 275
985, 101, 318
986, 324, 736
987, 117, 300
988, 963, 968
989, 465, 655
990, 155, 861
991, 309, 870
992, 81, 260
993, 629, 654
994, 394, 927
995, 185, 422
996, 112, 878
997, 189, 637
998, 219, 376
999, 273, 515
1000, 44, 452
1001, 327, 796
1002, 16, 671
1003, 263, 630
1004, 625, 652
1005, 298, 317
1006, 709, 844
1007, 240, 380
1008, 122, 580
1009, 408, 654
1010, 509, 645
1011, 13, 829
1012, 87, 929
1013, 287, 779
1014, 176, 999
1015, 257, 666
1016, 446, 774
1017, 472, 743
1018, 710, 839
1019, 494, 642
1020, 366, 766
1021, 480, 732
1022, 252, 650
1023, 68, 590
1024, 174, 244
1025, 727, 786
1026, 854, 894
1027, 144, 405
1028, 150, 935
1029, 422, 492
1030, 301, 793
1031, 256, 983
1032, 78, 788
1033, 12, 356
1034, 413, 473
1035, 51, 463
1036, 288, 533
1037, 414, 993
1038, 875, 963
1039, 558, 734
1040, 104, 550
1041, 10, 497
1042, 235, 864
1043, 603, 877
1044, 563, 577
1045, 141, 797
1046, 678, 852
1047, 76, 443
1048, 99, 336
1049, 217, 683
1050, 194, 525
1051, 984, 1000
1052, 128, 972
1053, 184, 828
1054, 64, 881
1055, 179, 281
1056, 347, 565
1057, 355, 386
1058, 684, 952
1059, 106, 812
1060, 65, 835
1061, 596, 947
1062, 254, 266
1063, 231, 785
1064, 569, 810
1065, 906, 976
1066, 45, 598
1067, 501, 988
1068, 270, 500
1069, 214, 476
1070, 419, 961
1071, 489, 996
1072, 601, 602
1073, 390, 470
1074, 44, 506
1075, 591, 927
1076, 139, 662
1077, 11, 611
1078, 251, 721
1079, 242, 519
1080, 82, 595
1081, 399, 891
1082, 575, 634
1083, 379, 685
1084, 655, 751
1085, 720, 911
1086, 456, 621
1087, 337, 726
1088, 129, 432
1089, 111, 998
1090, 264, 979
1091, 224, 687
1092, 755, 902
1093, 101, 803
1094, 339, 798
1095, 333, 960
1096, 300, 865
1097, 587, 919
1098, 52, 546
1099, 715, 975
1100, 50, 597
1101, 233, 466
1102, 496, 886
1103, 3, 21
1104, 246, 412
1105, 299, 790
1106, 557, 600
1107, 431, 628
1108, 60, 433
1109, 442, 831
1110, 615, 918
1111, 712, 893
1112, 201, 438
1113, 148, 504
1114, 168, 749
1115, 455, 951
1116, 521, 773
1117, 58, 895
1118, 391, 982
1119, 278, 910
1120, 109, 989
1121, 137, 367
1122, 164, 260
1123, 394, 481
1124, 474, 700
1125, 1, 136
1126, 241, 548
1127, 295, 599
1128, 334, 578
1129, 190, 822
1130, 444, 845
1131, 226, 322
1132, 416, 484
1133, 345, 699
1134, 259, 868
1135, 115, 703
1136, 29, 806
1137, 437, 609
1138, 667, 942
1139, 261, 309
1140, 461, 592
1141, 771, 830
1142, 342, 764
1143, 100, 944
1144, 576, 905
1145, 269, 467
1146, 159, 705
1147, 108, 282
1148, 426, 924
1149, 81, 427
1150, 271, 512
1151, 296, 518
1152, 188, 632
1153, 716, 939
1154, 723, 973
1155, 566, 838
1156, 311, 756
1157, 92, 752
1158, 485, 916
1159, 633, 748
1160, 196, 218
1161, 488, 491
1162, 182, 460
1163, 162, 450
1164, 117, 326
1165, 292, 425
1166, 6, 529
1167, 617, 887
1168, 183, 392
1169, 211, 855
1170, 335, 765
1171, 303, 477
1172, 306, 404
1173, 885, 915
1174, 215, 644
1175, 131, 441
1176, 549, 956
1177, 537, 640
1178, 79, 670
1179, 192, 371
1180, 307, 693
1181, 314, 841
1182, 114, 468
1183, 783, 866
1184, 541, 594
1185, 659, 991
1186, 34, 409
1187, 658, 745
1188, 15, 149
1189, 205, 324
1190, 344, 964
1191, 24, 272
1192, 206, 648
1193, 167, 459
1194, 216, 728
1195, 376, 925
1196, 513, 795
1197, 321, 772
1198, 171, 319
1199, 163, 340
1200, 199, 791
1201, 258, 589
1202, 46, 397
1203, 153, 853
1204, 157, 579
1205, 41, 42
1206, 185, 950
1207, 145, 304
1208, 209, 248
1209, 374, 396
1210, 714, 946
1211, 26, 719
1212, 161, 948
1213, 284, 818
1214, 119, 826
1215, 540, 825
1216, 156, 612
1217, 717, 870
1218, 360, 517
1219, 701, 933
1220, 448, 953
1221, 305, 586
1222, 725, 922
1223, 95, 375
1224, 402, 750
1225, 711, 768
1226, 482, 794
1227, 888, 896
1228, 377, 867
1229, 851, 900
1230, 38, 221
1231, 370, 572
1232, 285, 539
1233, 523, 767
1234, 286, 490
1235, 27, 343
1236, 508, 571
1237, 341, 440
1238, 172, 547
1239, 691, 904
1240, 775, 917
1241, 73, 534
1242, 222, 742
1243, 154, 510
1244, 354, 673
1245, 120, 713
1246, 103, 781
1247, 417, 971
1248, 763, 778
1249, 267, 622
1250, 302, 664
1251, 722, 928
1252, 479, 660
1253, 66, 289
1254, 197, 636
1255, 247, 358
1256, 173, 328
1257, 61, 97
1258, 363, 704
1259, 452, 457
1260, 151, 593
1261, 107, 848
1262, 17, 583
1263, 225, 493
1264, 332, 880
1265, 152, 348
1266, 581, 827
1267, 181, 294
1268, 535, 873
1269, 140, 627
1270, 83, 536
1271, 125, 990
1272, 135, 361
1273, 368, 692
1274, 23, 63
1275, 9, 898
1276, 688, 940
1277, 362, 846
1278, 239, 439
1279, 388, 445
1280, 96, 507
1281, 37, 290
1282, 635, 981
1283, 112, 562
1284, 160, 708
1285, 72, 94
1286, 610, 994
1287, 514, 746
1288, 639, 957
1289, 403, 674
1290, 7, 421
1291, 543, 729
1292, 130, 555
1293, 67, 921
1294, 142, 954
1295, 56, 365
1296, 733, 878
1297, 57, 280
1298, 293, 520
1299, 88, 229
1300, 759, 792
1301, 462, 834
1302, 434, 574
1303, 320, 757
1304, 465, 903
1305, 357, 718
1306, 874, 949
1307, 189, 872
1308, 69, 308
1309, 372, 884
1310, 406, 694
1311, 220, 559
1312, 55, 279
1313, 70, 418
1314, 25, 350
1315, 753, 901
1316, 255, 641
1317, 297, 393
1318, 310, 856
1319, 570, 824
1320, 624, 737
1321, 531, 926
1322, 89, 637
1323, 5, 80
1324, 124, 638
1325, 495, 958
1326, 382, 800
1327, 236, 573
1328, 435, 486
1329, 706, 909
1330, 331, 987
1331, 59, 330
1332, 268, 623
1333, 626, 760
1334, 155, 588
1335, 245, 914
1336, 353, 384
1337, 8, 40
1338, 807, 943
1339, 48, 223
1340, 631, 934
1341, 208, 618
1342, 338, 967
1343, 84, 899
1344, 858, 871
1345, 538, 681
1346, 329, 941
1347, 398, 561
1348, 274, 669
1349, 544, 882
1350, 451, 676
1351, 724, 980
1352, 36, 118
1353, 147, 876
1354, 19, 690
1355, 253, 608
1356, 191, 740
1357, 527, 959
1358, 71, 407
1359, 429, 968
1360, 551, 653
1361, 230, 582
1362, 123, 762
1363, 14, 689
1364, 228, 832
1365, 387, 962
1366, 505, 945
1367, 395, 542
1368, 210, 923
1369, 77, 158
1370, 469, 515
1371, 410, 649
1372, 378, 661
1373, 143, 892
1374, 273, 532
1375, 49, 202
1376, 607, 680
1377, 731, 966
1378, 657, 801
1379, 170, 420
1380, 464, 656
1381, 686, 819
1382, 198, 802
1383, 528, 842
1384, 22, 401
1385, 373, 789
1386, 784, 820
1387, 175, 447
1388, 483, 707
1389, 364, 907
1390, 187, 863
1391, 39, 232
1392, 33, 265
1393, 369, 564
1394, 31, 883
1395, 620, 747
1396, 383, 449
1397, 530, 815
1398, 647, 847
1399, 2, 821
1400, 777, 977
1401, 502, 805
1402, 552, 869
1403, 614, 969
1404, 385, 672
1405, 132, 702
1406, 53, 814
1407, 823, 974
1408, 212, 730
1409, 323, 970
1410, 430, 754
1411, 98, 381
1412, 522, 913
1413, 352, 553
1414, 47, 665
1415, 850, 890
1416, 90, 836
1417, 813, 816
1418, 651, 985
1419, 415, 556
1420, 545, 744
1421, 85, 811
1422, 629, 780
1423, 165, 862
1424, 93, 584
1425, 186, 349
1426, 54, 698
1427, 643, 679
1428, 126, 695
1429, 18, 75
1430, 178, 207
1431, 318, 769
1432, 32, 809
1433, 4, 475
1434, 238, 758
1435, 250, 276
1436, 237, 613
1437, 180, 860
1438, 458, 817
1439, 312, 585
1440, 110, 400
1441, 138, 568
1442, 243, 604
1443, 782, 955
1444, 86, 200
1445, 277, 616
1446, 313, 889
1447, 567, 605
1448, 498, 843
1449, 787, 804
1450, 428, 908
1451, 696, 978
1452, 227, 849
1453, 739, 837
1454, 738, 912
1455, 74, 619
1456, 389, 965
1457, 20, 471
1458, 121, 213
1459, 177, 204
1460, 524, 560
1461, 195, 663
1462, 249, 682
1463, 146, 478
1464, 453, 741
1465, 840, 931
1466, 499, 736
1467, 166, 808
1468, 113, 879
1469, 986, 992
1470, 133, 193
1471, 28, 105
1472, 234, 770
1473, 134, 275
1474, 454, 487
1475, 30, 735
1476, 283, 503
1477, 325, 646
1478, 511, 677
1479, 436, 554
1480, 116, 997
1481, 359, 526
1482, 203, 936
1483, 423, 920
1484, 937, 938
1485, 606, 995
1486, 43, 897
1487, 411, 697
1488, 169, 761
1489, 859, 861
1490, 62, 316
1491, 516, 833
1492, 127, 424
1493, 91, 262
1494, 35, 675
1495, 346, 668
1496, 351, 932
1497, 315, 776
1498, 291, 930
1499, 102, 857
1500, 219, 799
1501, 815, 974
1502, 101, 697
1503, 2, 689
1504, 566, 645
1505, 727, 966
1506, 67, 759
1507, 585, 943
1508, 163, 538
1509, 552, 887
1510, 426, 487
1511, 326, 838
1512, 249, 781
1513, 268, 981
1514, 529, 770
1515, 868, 977
1516, 156, 427
1517, 76, 973
1518, 161, 280
1519, 438, 441
1520, 130, 675
1521, 831, 990
1522, 609, 834
1523, 51, 77
1524, 377, 379
1525, 40, 196
1526, 35, 731
1527, 574, 602
1528, 469, 932
1529, 682, 988
1530, 202, 472
1531, 259, 260
1532, 91, 283
1533, 398, 954
1534, 600, 745
1535, 716, 891
1536, 356, 432
1537, 497, 629
1538, 44, 323
1539, 350, 556
1540, 133, 623
1541, 165, 329
1542, 421, 978
1543, 31, 78
1544, 117, 154
1545, 721, 789
1546, 776, 782
1547, 299, 434
1548, 15, 296
1549, 315, 394
1550, 66, 884
1551, 389, 569
1552, 758, 801
1553, 313, 720
1554, 194, 407
1555, 513, 818
1556, 369, 641
1557, 577, 802
1558, 439, 757
1559, 425, 693
1560, 495, 866
1561, 48, 861
1562, 375, 987
1563, 654, 910
1564, 565, 812
1565, 190, 424
1566, 366, 827
1567, 387, 415
1568, 428, 568
1569, 503, 765
1570, 583, 700
1571, 21, 480
1572, 18, 144
1573, 595, 680
1574, 423, 726
1575, 5, 481
1576, 251, 409
1577, 446, 882
1578, 835, 985
1579, 468, 951
1580, 453, 958
1581, 853, 921
1582, 7, 701
1583, 36, 874
1584, 322, 327
1585, 176, 559
1586, 371, 724
1587, 499, 959
1588, 230, 367
1589, 193, 308
1590, 58, 730
1591, 28, 703
1592, 263, 580
1593, 555, 662
1594, 25, 663
1595, 111, 301
1596, 181, 880
1597, 520, 754
1598, 380, 412
1599, 537, 936
1600, 303, 331
1601, 725, 930
1602, 135, 489
1603, 435, 942
1604, 606, 906
1605, 4, 337
1606, 43, 212
1607, 123, 562
1608, 549, 553
1609, 62, 430
1610, 557, 854
1611, 134, 252
1612, 207, 521
1613, 460, 809
1614, 255, 893
1615, 122, 175
1616, 443, 674
1617, 690, 883
1618, 108, 819
1619, 120, 895
1620, 248, 960
1621, 582, 685
1622, 531, 660
1623, 461, 611
1624, 381, 386
1625, 506, 540
1626, 344, 525
1627, 304, 756
1628, 349, 712
1629, 126, 839
1630, 174, 628
1631, 586, 855
1632, 287, 458
1633, 824, 922
1634, 631, 909
1635, 345, 706
1636, 708, 877
1637, 74, 436
1638, 671, 728
1639, 530, 739
1640, 666, 920
1641, 90, 593
1642, 186, 741
1643, 710, 837
1644, 211, 917
1645, 220, 464
1646, 396, 879
1647, 359, 964
1648, 440, 865
1649, 413, 592
1650, 118, 184
1651, 450, 625
1652, 406, 613
1653, 561, 769
1654, 516, 643
1655, 307, 639
1656, 636, 912
1657, 486, 551
1658, 64, 132
1659, 787, 817
1660, 904, 984
1661, 368, 490
1662, 395, 504
1663, 306, 851
1664, 42, 295
1665, 171, 797
1666, 45, 845
1667, 105, 179
1668, 509, 515
1669, 298, 492
1670, 137, 277
1671, 952, 967
1672, 115, 864
1673, 199, 512
1674, 774, 944
1675, 615, 813
1676, 796, 971
1677, 213, 242
1678, 651, 717
1679, 402, 873
1680, 119, 374
1681, 288, 607
1682, 358, 463
1683, 52, 547
1684, 6, 612
1685, 189, 560
1686, 257, 722
1687, 235, 500
1688, 563, 564
1689, 238, 392
1690, 33, 543
1691, 41, 937
1692, 69, 340
1693, 70, 339
1694, 355, 451
1695, 178, 341
1696, 688, 901
1697, 779, 820
1698, 311, 872
1699, 290, 501
1700, 54, 676
1701, 128, 892
1702, 169, 650
1703, 20, 594
1704, 110, 963
1705, 448, 723
1706, 459, 578
1707, 246, 442
1708, 61, 254
1709, 335, 539
1710, 209, 926
1711, 429, 888
1712, 454, 624
1713, 97, 222
1714, 473, 968
1715, 30, 750
1716, 72, 670
1717, 261, 772
1718, 351, 517
1719, 449, 747
1720, 153, 737
1721, 364, 940
1722, 46, 908
1723, 124, 668
1724, 185, 669
1725, 57, 286
1726, 23, 309
1727, 141, 965
1728, 140, 736
1729, 157, 445
1730, 173, 767
1731, 334, 972
1732, 763, 832
1733, 138, 498
1734, 236, 544
1735, 399, 640
1736, 352, 470
1737, 383, 823
1738, 258, 532
1739, 127, 894
1740, 437, 452
1741, 604, 991
1742, 575, 907
1743, 274, 533
1744, 740, 859
1745, 85, 620
1746, 22, 39
1747, 558, 830
1748, 216, 840
1749, 683, 847
1750, 798, 983
1751, 204, 300
1752, 147, 679
1753, 684, 857
1754, 310, 465
1755, 548, 614
1756, 148, 677
1757, 598, 862
1758, 245, 691
1759, 192, 502
1760, 159, 897
1761, 93, 702
1762, 205, 457
1763, 256, 889
1764, 95, 496
1765, 385, 949
1766, 75, 844
1767, 12, 475
1768, 856, 938
1769, 223, 250
1770, 807, 976
1771, 410, 811
1772, 38, 715
1773, 164, 316
1774, 240, 821
1775, 1, 14
1776, 270, 462
1777, 232, 278
1778, 404, 826
1779, 88, 911
1780, 8, 870
1781, 50, 106
1782, 98, 233
1783, 294, 567
1784, 302, 927
1785, 17, 224
1786, 635, 644
1787, 10, 1000
1788, 692, 923
1789, 180, 986
1790, 109, 177
1791, 187, 905
1792, 217, 947
1793, 11, 73
1794, 403, 596
1795, 218, 652
1796, 231, 753
1797, 136, 955
1798, 195, 616
1799, 116, 167
1800, 282, 523
1801, 227, 993
1802, 535, 804
1803, 284, 898
1804, 92, 998
1805, 244, 939
1806, 26, 102
1807, 265, 507
1808, 234, 518
1809, 545, 863
1810, 376, 661
1811, 89, 900
1812, 139, 913
1813, 541, 791
1814, 285, 941
1815, 899, 945
1816, 707, 975
1817, 694, 719
1818, 417, 924
1819, 471, 601
1820, 262, 734
1821, 214, 269
1822, 479, 579
1823, 528, 735
1824, 771, 933
1825, 146, 272
1826, 183, 836
1827, 665, 896
1828, 149, 293
1829, 325, 869
1830, 142, 775
1831, 96, 591
1832, 279, 886
1833, 87, 253
1834, 151, 219
1835, 59, 170
1836, 221, 455
1837, 79, 994
1838, 713, 929
1839, 197, 477
1840, 766, 914
1841, 208, 696
1842, 527, 581
1843, 554, 846
1844, 762, 822
1845, 65, 825
1846, 80, 534
1847, 411, 627
1848, 3, 485
1849, 508, 885
1850, 466, 622
1851, 420, 587
1852, 646, 915
1853, 49, 226
1854, 129, 969
1855, 783, 860
1856, 228, 729
1857, 618, 656
1858, 94, 768
1859, 264, 484
1860, 742, 997
1861, 200, 619
1862, 590, 785
1863, 104, 476
1864, 422, 633
1865, 152, 760
1866, 401, 570
1867, 68, 510
1868, 718, 808
1869, 546, 786
1870, 597, 810
1871, 188, 816
1872, 210, 743
1873, 320, 400
1874, 632, 778
1875, 191, 360
1876, 317, 806
1877, 714, 980
1878, 276, 626
1879, 114, 488
1880, 225, 925
1881, 524, 829
1882, 526, 681
1883, 47, 491
1884, 795, 843
1885, 373, 788
1886, 56, 673
1887, 348, 686
1888, 705, 793
1889, 388, 764
1890, 659, 852
1891, 799, 828
1892, 266, 378
1893, 275, 903
1894, 321, 363
1895, 384, 800
1896, 494, 664
1897, 55, 950
1898, 229, 408
1899, 13, 647
1900, 657, 751
1901, 143, 970
1902, 63, 599
1903, 166, 733
1904, 155, 571
1905, 289, 390
1906, 397, 755
1907, 291, 871
1908, 746, 790
1909, 29, 281
1910, 361, 642
1911, 237, 711
1912, 182, 738
1913, 271, 931
1914, 347, 573
1915, 81, 168
1916, 505, 698
1917, 414, 761
1918, 19, 979
1919, 709, 848
1920, 318, 784
1921, 332, 431
1922, 621, 658
1923, 273, 876
1924, 305, 794
1925, 201, 241
1926, 53, 780
1927, 634, 803
1928, 617, 962
1929, 382, 919
1930, 107, 330
1931, 113, 160
1932, 744, 890
1933, 86, 992
1934, 474, 648
1935, 354, 982
1936, 16, 336
1937, 9, 198
1938, 324, 833
1939, 416, 881
1940, 841, 918
1941, 243, 999
1942, 71, 572
1943, 419, 608
1944, 121, 172
1945, 60, 158
1946, 346, 748
1947, 752, 946
1948, 125, 792
1949, 849, 953
1950, 362, 370
1951, 24, 418
1952, 353, 405
1953, 162, 365
1954, 630, 732
1955, 482, 653
1956, 215, 550
1957, 99, 333
1958, 584, 948
1959, 928, 995
1960, 150, 478
1961, 357, 989
1962, 456, 522
1963, 27, 82
1964, 687, 850
1965, 519, 637
1966, 145, 467
1967, 667, 704
1968, 292, 649
1969, 342, 773
1970, 393, 695
1971, 749, 916
1972, 239, 603
1973, 655, 699
1974, 37, 447
1975, 100, 858
1976, 605, 777
1977, 112, 875
1978, 372, 956
1979, 314, 961
1980, 433, 678
1981, 32, 328
1982, 576, 589
1983, 444, 996
1984, 319, 867
1985, 343, 935
1986, 542, 588
1987, 297, 842
1988, 511, 805
1989, 34, 83
1990, 267, 638
1991, 483, 610
1992, 338, 934
1993, 203, 312
1994, 206, 878
1995, 131, 672
1996, 902, 957
1997, 247, 391
1998, 536, 814
1999, 84, 514
2000, 103, 493
2001, 362, 932
2002, 659, 847
2003, 458, 787
2004, 80, 254
2005, 261, 430
2006, 433, 669
2007, 113, 402
2008, 108, 516
2009, 76, 106
2010, 643, 989
2011, 19, 434
2012, 655, 955
2013, 367, 780
2014, 180, 186
2015, 536, 736
2016, 194, 794
2017, 41, 241
2018, 114, 484
2019, 115, 424
2020, 207, 700
2021, 304, 389
2022, 334, 370
2023, 445, 586
2024, 270, 645
2025, 782, 925
2026, 226, 729
2027, 17, 547
2028, 97, 280
2029, 178, 403
2030, 393, 758
2031, 220, 301
2032, 163, 239
2033, 398, 981
2034, 471, 731
2035, 243, 405
2036, 143, 313
2037, 128, 369
2038, 248, 472
2039, 151, 212
2040, 156, 377
2041, 592, 860
2042, 515, 800
2043, 13, 267
2044, 47, 62
2045, 27, 204
2046, 558, 816
2047, 112, 460
2048, 601, 677
2049, 275, 541
2050, 99, 970
2051, 229, 874
2052, 770, 855
2053, 565, 616
2054, 596, 662
2055, 269, 585
2056, 199, 730
2057, 67, 355
2058, 21, 762
2059, 85, 587
2060, 98, 978
2061, 125, 903
2062, 575, 597
2063, 68, 621
2064, 594, 876
2065, 487, 506
2066, 65, 118
2067, 6, 723
2068, 611, 864
2069, 20, 908
2070, 38, 519
2071, 184, 283
2072, 772, 1000
2073, 404, 440
2074, 172, 459
2075, 66, 325
2076, 801, 809
2077, 494, 683
2078, 372, 751
2079, 314, 769
2080, 589, 964
2081, 272, 279
2082, 467, 563
2083, 159, 227
2084, 544, 759
2085, 350, 387
2086, 53, 150
2087, 295, 797
2088, 43, 533
2089, 678, 719
2090, 31, 640
2091, 507, 883
2092, 779, 977
2093, 463, 688
2094, 357, 634
2095, 823, 979
2096, 336, 920
2097, 282, 584
2098, 288, 873
2099, 55, 411
2100, 785, 854
2101, 130, 703
2102, 426, 911
2103, 48, 142
2104, 175, 422
2105, 228, 815
2106, 632, 931
2107, 345, 525
2108, 531, 934
2109, 16, 79
2110, 328, 423
2111, 94, 681
2112, 174, 521
2113, 417, 963
2114, 867, 973
2115, 182, 965
2116, 209, 744
2117, 91, 578
2118, 181, 992
2119, 169, 195
2120, 92, 375
2121, 354, 732
2122, 192, 812
2123, 244, 709
2124, 122, 821
2125, 610, 656
2126, 427, 582
2127, 96, 784
2128, 253, 258
2129, 216, 822
2130, 374, 573
2131, 327, 985
2132, 431, 502
2133, 144, 356
2134, 351, 607
2135, 245, 833
2136, 791, 905
2137, 70, 564
2138, 77, 397
2139, 286, 997
2140, 553, 653
2141, 509, 619
2142, 2, 795
2143, 933, 950
2144, 133, 771
2145, 215, 868
2146, 306, 842
2147, 384, 752
2148, 386, 571
2149, 663, 753
2150, 35, 383
2151, 493, 668
2152, 219, 392
2153, 93, 929
2154, 317, 414
2155, 124, 177
2156, 680, 693
2157, 145, 648
2158, 379, 910
2159, 10, 956
2160, 160, 557
2161, 277, 513
2162, 191, 951
2163, 391, 980
2164, 535, 995
2165, 33, 945
2166, 333, 774
2167, 853, 909
2168, 474, 618
2169, 187, 667
2170, 287, 974
2171, 331, 629
2172, 381, 967
2173, 340, 993
2174, 148, 699
2175, 468, 724
2176, 572, 740
2177, 728, 891
2178, 450, 880
2179, 176, 832
2180, 439, 630
2181, 233, 818
2182, 127, 600
2183, 363, 684
2184, 315, 749
2185, 203, 569
2186, 396, 503
2187, 298, 990
2188, 307, 741
2189, 324, 646
2190, 528, 679
2191, 469, 799
2192, 603, 949
2193, 588, 761
2194, 783, 846
2195, 862, 947
2196, 60, 562
2197, 827, 904
2198, 409, 829
2199, 477, 767
2200, 608, 917
2201, 652, 913
2202, 268, 498
2203, 410, 714
2204, 508, 722
2205, 505, 687
2206, 626, 902
2207, 831, 865
2208, 90, 123
2209, 83, 745
2210, 489, 490
2211, 75, 246
2212, 121, 188
2213, 201, 520
2214, 464, 746
2215, 161, 322
2216, 18, 716
2217, 447, 538
2218, 436, 848
2219, 5, 198
2220, 15, 568
2221, 872, 899
2222, 126, 837
2223, 293, 845
2224, 230, 968
2225, 871, 930
2226, 552, 672
2227, 78, 284
2228, 152, 173
2229, 326, 349
2230, 116, 664
2231, 437, 890
2232, 64, 641
2233, 323, 959
2234, 285, 615
2235, 465, 686
2236, 221, 898
2237, 366, 390
2238, 548, 960
2239, 567, 882
2240, 56, 906
2241, 352, 420
2242, 206, 869
2243, 537, 919
2244, 24, 138
2245, 491, 676
2246, 613, 685
2247, 446, 766
2248, 165, 590
2249, 63, 561
2250, 259, 623
2251, 155, 706
2252, 59, 136
2253, 836, 878
2254, 45, 265
2255, 747, 983
2256, 82, 311
2257, 718, 901
2258, 249, 482
2259, 100, 532
2260, 380, 756
2261, 146, 296
2262, 147, 346
2263, 23, 635
2264, 57, 924
2265, 593, 969
2266, 861, 881
2267, 329, 574
2268, 34, 647
2269, 412, 900
2270, 765, 940
2271, 551, 954
2272, 461, 923
2273, 61, 264
2274, 755, 962
2275, 271, 735
2276, 30, 429
2277, 418, 510
2278, 896, 987
2279, 273, 300
2280, 651, 711
2281, 247, 725
2282, 475, 694
2283, 260, 926
2284, 37, 81
2285, 511, 921
2286, 9, 859
2287, 88, 343
2288, 726, 928
2289, 360, 428
2290, 1, 559
2291, 542, 595
2292, 976, 984
2293, 453, 696
2294, 223, 642
2295, 309, 888
2296, 697, 885
2297, 86, 991
2298, 263, 673
2299, 941, 988
2300, 179, 889
2301, 454, 778
2302, 530, 870
2303, 111, 365
2304, 135, 252
2305, 701, 998
2306, 302, 337
2307, 72, 358
2308, 44, 691
2309, 957, 982
2310, 101, 790
2311, 149, 540
2312, 348, 622
2313, 129, 546
2314, 46, 388
2315, 185, 944
2316, 308, 808
2317, 432, 748
2318, 452, 462
2319, 22, 500
2320, 617, 654
2321, 382, 768
2322, 316, 497
2323, 364, 803
2324, 39, 524
2325, 385, 811
2326, 763, 788
2327, 754, 884
2328, 292, 534
2329, 52, 539
2330, 335, 875
2331, 190, 994
2332, 236, 757
2333, 200, 401
2334, 257, 636
2335, 496, 576
2336, 202, 415
2337, 359, 435
2338, 87, 238
2339, 7, 339
2340, 483, 698
2341, 599, 605
2342, 162, 942
2343, 413, 717
2344, 566, 591
2345, 131, 637
2346, 102, 710
2347, 543, 897
2348, 451, 996
2349, 166, 820
2350, 473, 838
2351, 394, 834
2352, 69, 278
2353, 294, 893
2354, 25, 42
2355, 742, 863
2356, 341, 887
2357, 609, 866
2358, 776, 825
2359, 628, 712
2360, 371, 918
2361, 193, 839
2362, 598, 702
2363, 319, 914
2364, 342, 512
2365, 750, 936
2366, 400, 457
2367, 330, 624
2368, 171, 262
2369, 892, 946
2370, 205, 479
2371, 109, 526
2372, 555, 579
2373, 658, 674
2374, 644, 720
2375, 211, 840
2376, 449, 666
2377, 231, 633
2378, 580, 738
2379, 650, 805
2380, 480, 877
2381, 734, 927
2382, 51, 291
2383, 168, 826
2384, 40, 299
2385, 167, 935
2386, 74, 170
2387, 103, 581
2388, 416, 443
2389, 183, 276
2390, 671, 819
2391, 154, 743
2392, 240, 807
2393, 353, 689
2394, 242, 844
2395, 196, 660
2396, 481, 549
2397, 140, 966
2398, 50, 438
2399, 713, 786
2400, 217, 470
2401, 28, 886
2402, 527, 852
2403, 8, 36
2404, 256, 344
2405, 806, 835
2406, 378, 856
2407, 604, 828
2408, 71, 841
2409, 456, 517
2410, 4, 704
2411, 421, 817
2412, 499, 560
2413, 514, 602
2414, 570, 851
2415, 661, 830
2416, 802, 916
2417, 189, 775
2418, 105, 255
2419, 408, 922
2420, 321, 478
2421, 303, 781
2422, 556, 939
2423, 318, 583
2424, 104, 665
2425, 139, 554
2426, 210, 961
2427, 26, 320
2428, 218, 850
2429, 49, 158
2430, 614, 777
2431, 501, 793
2432, 251, 347
2433, 141, 222
2434, 137, 727
2435, 54, 695
2436, 495, 789
2437, 305, 638
2438, 11, 274
2439, 110, 733
2440, 250, 952
2441, 132, 975
2442, 448, 708
2443, 485, 627
2444, 281, 361
2445, 32, 612
2446, 792, 958
2447, 289, 739
2448, 620, 690
2449, 29, 235
2450, 488, 504
2451, 225, 373
2452, 338, 518
2453, 153, 522
2454, 639, 657
2455, 682, 894
2456, 58, 297
2457, 814, 843
2458, 197, 986
2459, 14, 214
2460, 234, 550
2461, 332, 999
2462, 476, 492
2463, 545, 715
2464, 119, 486
2465, 208, 529
2466, 310, 721
2467, 134, 213
2468, 895, 943
2469, 407, 441
2470, 224, 368
2471, 813, 972
2472, 117, 577
2473, 3, 773
2474, 395, 858
2475, 442, 606
2476, 466, 912
2477, 120, 237
2478, 84, 406
2479, 737, 937
2480, 798, 907
2481, 419, 849
2482, 95, 670
2483, 625, 804
2484, 89, 649
2485, 675, 953
2486, 938, 971
2487, 399, 760
2488, 523, 948
2489, 266, 796
2490, 164, 810
2491, 12, 879
2492, 425, 764
2493, 312, 455
2494, 107, 707
2495, 376, 915
2496, 73, 232
2497, 444, 857
2498, 157, 705
2499, 631, 692
2500, 290, 824
2501, 195, 223
2502, 79, 258
2503, 795, 821
2504, 566, 766
2505, 719, 830
2506, 504, 623
2507, 132, 137
2508, 175, 732
2509, 430, 612
2510, 816, 959
2511, 46, 377
2512, 148, 698
2513, 59, 487
2514, 484, 591
2515, 409, 527
2516, 185, 914
2517, 41, 598
2518, 826, 881
2519, 229, 373
2520, 473, 555
2521, 415, 609
2522, 251, 309
2523, 120, 935
2524, 42, 100
2525, 174, 662
2526, 165, 375
2527, 215, 810
2528, 370, 814
2529, 642, 917
2530, 232, 289
2531, 153, 916
2532, 160, 836
2533, 345, 870
2534, 47, 64
2535, 73, 517
2536, 653, 797
2537, 434, 586
2538, 340, 600
2539, 78, 584
2540, 557, 933
2541, 152, 985
2542, 371, 511
2543, 212, 380
2544, 452, 847
2545, 365, 866
2546, 794, 840
2547, 315, 895
2548, 532, 760
2549, 534, 828
2550, 320, 877
2551, 319, 761
2552, 173, 705
2553, 638, 908
2554, 509, 846
2555, 514, 757
2556, 201, 247
2557, 19, 848
2558, 349, 423
2559, 331, 533
2560, 715, 901
2561, 45, 149
2562, 510, 779
2563, 572, 920
2564, 542, 879
2565, 929, 958
2566, 314, 682
2567, 221, 274
2568, 639, 986
2569, 613, 663
2570, 254, 595
2571, 362, 560
2572, 80, 89
2573, 205, 867
2574, 835, 854
2575, 317, 563
2576, 720, 812
2577, 330, 410
2578, 360, 876
2579, 508, 660
2580, 381, 416
2581, 26, 184
2582, 411, 736
2583, 187, 558
2584, 475, 512
2585, 234, 888
2586, 300, 707
2587, 845, 973
2588, 328, 978
2589, 549, 628
2590, 356, 507
2591, 422, 971
2592, 296, 525
2593, 93, 872
2594, 54, 231
2595, 34, 763
2596, 16, 157
2597, 264, 886
2598, 2, 481
2599, 225, 654
2600, 603, 966
2601, 27, 991
2602, 436, 547
2603, 520, 579
2604, 154, 898
2605, 96, 332
2606, 256, 313
2607, 651, 851
2608, 67, 329
2609, 170, 747
2610, 249, 770
2611, 253, 666
2612, 71, 334
2613, 590, 601
2614, 495, 688
2615, 10, 640
2616, 83, 687
2617, 664, 945
2618, 305, 538
2619, 374, 811
2620, 49, 969
2621, 183, 450
2622, 240, 594
2623, 30, 144
2624, 189, 776
2625, 271, 785
2626, 12, 689
2627, 104, 394
2628, 861, 922
2629, 193, 617
2630, 5, 722
2631, 518, 844
2632, 242, 477
2633, 238, 540
2634, 368, 884
2635, 119, 290
2636, 33, 364
2637, 22, 951
2638, 17, 440
2639, 276, 575
2640, 146, 841
2641, 359, 636
2642, 352, 458
2643, 50, 980
2644, 343, 997
2645, 570, 725
2646, 190, 482
2647, 178, 856
2648, 451, 496
2649, 467, 734
2650, 213, 680
2651, 323, 626
2652, 9, 899
2653, 85, 775
2654, 69, 326
2655, 413, 927
2656, 122, 426
2657, 486, 783
2658, 667, 755
2659, 457, 934
2660, 632, 756
2661, 589, 743
2662, 777, 964
2663, 704, 764
2664, 164, 905
2665, 275, 633
2666, 292, 355
2667, 625, 999
2668, 118, 635
2669, 179, 386
2670, 116, 244
2671, 573, 911
2672, 287, 295
2673, 270, 476
2674, 260, 849
2675, 494, 641
2676, 117, 307
2677, 129, 982
2678, 123, 191
2679, 940, 984
2680, 228, 337
2681, 312, 647
2682, 306, 839
2683, 407, 541
2684, 438, 696
2685, 782, 962
2686, 717, 796
2687, 453, 474
2688, 108, 803
2689, 147, 883
2690, 192, 604
2691, 217, 787
2692, 535, 919
2693, 391, 506
2694, 13, 953
2695, 936, 995
2696, 424, 925
2697, 107, 395
2698, 622, 630
2699, 163, 700
2700, 21, 607
2701, 678, 781
2702, 1, 990
2703, 134, 241
2704, 556, 921
2705, 344, 596
2706, 818, 890
2707, 401, 521
2708, 912, 977
2709, 815, 994
2710, 701, 813
2711, 267, 385
2712, 162, 456
2713, 771, 859
2714, 388, 614
2715, 166, 611
2716, 316, 874
2717, 554, 699
2718, 105, 304
2719, 339, 515
2720, 585, 772
2721, 90, 869
2722, 158, 207
2723, 124, 923
2724, 139, 806
2725, 694, 941
2726, 36, 63
2727, 347, 528
2728, 263, 643
2729, 412, 447
2730, 88, 838
2731, 113, 462
2732, 284, 498
2733, 489, 954
2734, 77, 932
2735, 902, 975
2736, 786, 892
2737, 291, 599
2738, 910, 947
2739, 592, 983
2740, 111, 531
2741, 441, 724
2742, 465, 574
2743, 968, 989
2744, 81, 807
2745, 237, 392
2746, 500, 862
2747, 48, 893
2748, 282, 708
2749, 308, 553
2750, 428, 627
2751, 68, 206
2752, 372, 661
2753, 24, 98
2754, 471, 808
2755, 691, 740
2756, 378, 552
2757, 6, 199
2758, 716, 878
2759, 101, 880
2760, 522, 744
2761, 43, 576
2762, 169, 439
2763, 896, 915
2764, 243, 341
2765, 703, 737
2766, 171, 992
2767, 92, 685
2768, 288, 714
2769, 419, 693
2770, 7, 843
2771, 210, 342
2772, 325, 469
2773, 94, 433
2774, 461, 972
2775, 257, 817
2776, 499, 690
2777, 713, 850
2778, 449, 455
2779, 568, 631
2780, 53, 686
2781, 871, 906
2782, 758, 819
2783, 102, 176
2784, 383, 677
2785, 121, 545
2786, 35, 204
2787, 937, 988
2788, 398, 418
2789, 502, 645
2790, 23, 294
2791, 38, 55
2792, 536, 943
2793, 15, 478
2794, 650, 726
2795, 114, 259
2796, 141, 580
2797, 443, 858
2798, 112, 587
2799, 897, 957
2800, 230, 800
2801, 246, 894
2802, 293, 676
2803, 403, 981
2804, 110, 493
2805, 97, 479
2806, 404, 913
2807, 644, 837
2808, 151, 648
2809, 84, 198
2810, 161, 562
2811, 669, 946
2812, 248, 624
2813, 749, 829
2814, 70, 618
2815, 488, 750
2816, 109, 865
2817, 709, 853
2818, 281, 697
2819, 483, 523
2820, 605, 670
2821, 432, 727
2822, 29, 675
2823, 710, 924
2824, 278, 445
2825, 357, 863
2826, 490, 753
2827, 138, 824
2828, 279, 652
2829, 583, 681
2830, 550, 944
2831, 168, 790
2832, 746, 930
2833, 127, 324
2834, 3, 820
2835, 60, 765
2836, 582, 942
2837, 197, 712
2838, 252, 842
2839, 82, 593
2840, 245, 728
2841, 435, 606
2842, 286, 993
2843, 167, 730
2844, 759, 889
2845, 668, 891
2846, 65, 979
2847, 741, 956
2848, 665, 692
2849, 463, 519
2850, 44, 855
2851, 266, 634
2852, 301, 791
2853, 182, 226
2854, 181, 778
2855, 272, 769
2856, 220, 437
2857, 729, 909
2858, 135, 406
2859, 227, 442
2860, 358, 597
2861, 571, 967
2862, 28, 801
2863, 784, 852
2864, 61, 702
2865, 335, 974
2866, 56, 376
2867, 52, 620
2868, 444, 950
2869, 658, 987
2870, 389, 762
2871, 39, 577
2872, 468, 551
2873, 318, 353
2874, 673, 792
2875, 75, 754
2876, 224, 425
2877, 497, 548
2878, 115, 524
2879, 188, 684
2880, 106, 367
2881, 57, 931
2882, 310, 492
2883, 95, 265
2884, 414, 875
2885, 20, 464
2886, 51, 219
2887, 327, 405
2888, 91, 804
2889, 354, 963
2890, 131, 809
2891, 384, 773
2892, 285, 780
2893, 196, 302
2894, 351, 873
2895, 4, 505
2896, 280, 565
2897, 399, 900
2898, 887, 918
2899, 831, 928
2900, 99, 659
2901, 31, 400
2902, 103, 649
2903, 200, 273
2904, 485, 907
2905, 159, 965
2906, 429, 948
2907, 346, 723
2908, 156, 657
2909, 336, 402
2910, 338, 996
2911, 218, 868
2912, 297, 350
2913, 214, 322
2914, 393, 802
2915, 186, 857
2916, 66, 311
2917, 37, 970
2918, 299, 952
2919, 564, 748
2920, 363, 544
2921, 133, 581
2922, 454, 679
2923, 209, 739
2924, 140, 646
2925, 145, 938
2926, 150, 269
2927, 491, 711
2928, 40, 745
2929, 143, 822
2930, 420, 637
2931, 277, 561
2932, 348, 567
2933, 616, 860
2934, 76, 236
2935, 706, 721
2936, 390, 798
2937, 621, 671
2938, 261, 926
2939, 503, 733
2940, 126, 516
2941, 14, 255
2942, 268, 446
2943, 18, 939
2944, 774, 788
2945, 833, 864
2946, 211, 382
2947, 431, 834
2948, 62, 526
2949, 87, 629
2950, 172, 827
2951, 530, 767
2952, 142, 208
2953, 731, 998
2954, 396, 529
2955, 11, 427
2956, 738, 805
2957, 742, 976
2958, 569, 885
2959, 421, 619
2960, 366, 955
2961, 303, 656
2962, 25, 513
2963, 74, 472
2964, 125, 546
2965, 283, 417
2966, 216, 735
2967, 194, 610
2968, 235, 718
2969, 588, 695
2970, 298, 674
2971, 823, 1000
2972, 72, 608
2973, 128, 578
2974, 130, 202
2975, 203, 262
2976, 789, 960
2977, 86, 672
2978, 8, 250
2979, 177, 466
2980, 408, 949
2981, 333, 903
2982, 58, 321
2983, 361, 559
2984, 239, 448
2985, 180, 397
2986, 655, 793
2987, 136, 459
2988, 501, 768
2989, 369, 825
2990, 539, 799
2991, 233, 882
2992, 155, 387
2993, 222, 480
2994, 460, 615
2995, 751, 904
2996, 32, 537
2997, 832, 961
2998, 543, 752
2999, 602, 683
3000, 379, 470
3001, 55, 392
3002, 832, 866
3003, 445, 936
3004, 496, 905
3005, 1, 442
3006, 520, 925
3007, 560, 951
3008, 142, 330
3009, 240, 325
3010, 815, 904
3011, 35, 547
3012, 285, 692
3013, 656, 678
3014, 386, 728
3015, 548, 797
3016, 883, 935
3017, 234, 327
3018, 229, 444
3019, 239, 812
3020, 100, 664
3021, 78, 939
3022, 150, 712
3023, 759, 818
3024, 567, 887
3025, 261, 536
3026, 367, 710
3027, 251, 703
3028, 89, 498
3029, 253, 589
3030, 736, 760
3031, 147, 161
3032, 221, 541
3033, 195, 485
3034, 401, 719
3035, 205, 789
3036, 188, 528
3037, 282, 749
3038, 578, 975
3039, 545, 640
3040, 132, 597
3041, 141, 507
3042, 258, 511
3043, 6, 57
3044, 49, 991
3045, 125, 590
3046, 566, 620
3047, 318, 362
3048, 592, 729
3049, 372, 721
3050, 113, 701
3051, 96, 717
3052, 51, 816
3053, 233, 242
3054, 23, 60
3055, 166, 359
3056, 154, 482
3057, 737, 819
3058, 80, 95
3059, 683, 914
3060, 555, 820
3061, 185, 973
3062, 389, 792
3063, 26, 954
3064, 48, 245
3065, 110, 612
3066, 137, 834
3067, 212, 854
3068, 178, 202
3069, 676, 723
3070, 29, 650
3071, 427, 929
3072, 486, 487
3073, 163, 425
3074, 92, 418
3075, 623, 838
3076, 128, 888
3077, 36, 824
3078, 340, 687
3079, 750, 978
3080, 886, 891
3081, 247, 999
3082, 73, 823
3083, 335, 761
3084, 416, 631
3085, 919, 998
3086, 628, 647
3087, 402, 982
3088, 227, 724
3089, 400, 802
3090, 505, 768
3091, 414, 909
3092, 748, 785
3093, 103, 449
3094, 281, 378
3095, 62, 291
3096, 446, 754
3097, 156, 639
3098, 189, 814
3099, 299, 725
3100, 179, 654
3101, 66, 230
3102, 467, 835
3103, 302, 480
3104, 211, 241
3105, 642, 665
3106, 210, 415
3107, 8, 641
3108, 532, 629
3109, 219, 848
3110, 168, 945
3111, 426, 690
3112, 109, 752
3113, 540, 783
3114, 346, 436
3115, 544, 996
3116, 383, 503
3117, 603, 675
3118, 657, 957
3119, 579, 899
3120, 94, 572
3121, 244, 376
3122, 275, 368
3123, 837, 889
3124, 65, 77
3125, 822, 1000
3126, 217, 850
3127, 64, 646
3128, 872, 922
3129, 305, 708
3130, 265, 468
3131, 289, 879
3132, 108, 921
3133, 111, 266
3134, 295, 931
3135, 483, 688
3136, 58, 553
3137, 576, 878
3138, 616, 758
3139, 530, 584
3140, 906, 974
3141, 373, 917
3142, 481, 702
3143, 843, 995
3144, 790, 799
3145, 2, 276
3146, 315, 890
3147, 806, 867
3148, 31, 42
3149, 767, 805
3150, 47, 868
3151, 764, 988
3152, 75, 863
3153, 431, 465
3154, 574, 813
3155, 461, 604
3156, 206, 608
3157, 216, 529
3158, 225, 363
3159, 653, 733
3160, 124, 133
3161, 181, 397
3162, 506, 953
3163, 321, 955
3164, 272, 600
3165, 594, 684
3166, 324, 409
3167, 292, 561
3168, 410, 609
3169, 248, 971
3170, 510, 793
3171, 223, 527
3172, 534, 827
3173, 756, 825
3174, 207, 807
3175, 87, 153
3176, 333, 704
3177, 74, 167
3178, 28, 514
3179, 707, 994
3180, 429, 577
3181, 34, 286
3182, 246, 757
3183, 476, 648
3184, 231, 898
3185, 52, 810
3186, 72, 980
3187, 220, 788
3188, 387, 893
3189, 116, 932
3190, 382, 633
3191, 398, 742
3192, 102, 262
3193, 300, 928
3194, 208, 689
3195, 139, 294
3196, 140, 512
3197, 342, 771
3198, 288, 841
3199, 204, 519
3200, 160, 569
3201, 565, 927
3202, 155, 894
3203, 268, 839
3204, 41, 751
3205, 254, 924
3206, 525, 651
3207, 462, 977
3208, 171, 235
3209, 200, 740
3210, 120, 290
3211, 194, 524
3212, 98, 860
3213, 613, 766
3214, 492, 968
3215, 136, 165
3216, 174, 855
3217, 440, 582
3218, 371, 983
3219, 331, 660
3220, 84, 390
3221, 15, 67
3222, 395, 556
3223, 645, 775
3224, 739, 907
3225, 187, 191
3226, 326, 858
3227, 130, 508
3228, 370, 997
3229, 438, 952
3230, 345, 391
3231, 644, 918
3232, 537, 933
3233, 912, 958
3234, 14, 232
3235, 104, 948
3236, 562, 963
3237, 46, 198
3238, 668, 743
3239, 504, 669
3240, 39, 801
3241, 68, 711
3242, 772, 784
3243, 746, 782
3244, 21, 695
3245, 114, 705
3246, 182, 273
3247, 69, 145
3248, 557, 596
3249, 934, 979
3250, 7, 115
3251, 831, 942
3252, 190, 303
3253, 587, 864
3254, 196, 479
3255, 602, 763
3256, 526, 672
3257, 117, 322
3258, 162, 913
3259, 127, 226
3260, 119, 706
3261, 800, 992
3262, 192, 509
3263, 40, 350
3264, 17, 101
3265, 152, 334
3266, 304, 680
3267, 734, 920
3268, 329, 375
3269, 619, 871
3270, 550, 849
3271, 456, 624
3272, 522, 700
3273, 313, 714
3274, 365, 452
3275, 257, 408
3276, 32, 543
3277, 595, 627
3278, 126, 317
3279, 118, 915
3280, 643, 897
3281, 61, 490
3282, 366, 670
3283, 297, 473
3284, 59, 795
3285, 215, 323
3286, 671, 959
3287, 732, 873
3288, 310, 412
3289, 874, 911
3290, 5, 570
3291, 236, 794
3292, 53, 463
3293, 488, 895
3294, 43, 940
3295, 224, 296
3296, 271, 655
3297, 33, 213
3298, 747, 969
3299, 632, 637
3300, 243, 411
3301, 811, 964
3302, 159, 885
3303, 76, 516
3304, 428, 984
3305, 344, 618
3306, 238, 614
3307, 947, 960
3308, 184, 941
3309, 622, 776
3310, 583, 808
3311, 396, 471
3312, 833, 970
3313, 515, 531
3314, 45, 259
3315, 454, 615
3316, 255, 448
3317, 22, 332
3318, 79, 458
3319, 377, 698
3320, 379, 437
3321, 131, 892
3322, 666, 986
3323, 112, 778
3324, 151, 283
3325, 846, 877
3326, 341, 419
3327, 513, 598
3328, 769, 943
3329, 722, 731
3330, 237, 859
3331, 430, 472
3332, 209, 987
3333, 267, 965
3334, 354, 478
3335, 81, 173
3336, 129, 691
3337, 83, 563
3338, 588, 780
3339, 538, 715
3340, 686, 882
3341, 269, 417
3342, 88, 252
3343, 85, 287
3344, 186, 384
3345, 148, 610
3346, 546, 989
3347, 696, 966
3348, 424, 967
3349, 30, 663
3350, 499, 694
3351, 403, 718
3352, 164, 870
3353, 180, 249
3354, 138, 798
3355, 353, 962
3356, 586, 605
3357, 71, 501
3358, 817, 946
3359, 260, 495
3360, 677, 900
3361, 459, 593
3362, 270, 601
3363, 466, 649
3364, 121, 494
3365, 803, 821
3366, 199, 441
3367, 580, 699
3368, 13, 18
3369, 279, 443
3370, 158, 451
3371, 149, 177
3372, 222, 521
3373, 406, 730
3374, 175, 765
3375, 636, 720
3376, 500, 972
3377, 413, 738
3378, 38, 280
3379, 122, 777
3380, 399, 667
3381, 70, 993
3382, 484, 571
3383, 477, 753
3384, 349, 432
3385, 361, 741
3386, 20, 902
3387, 551, 658
3388, 380, 388
3389, 360, 502
3390, 661, 869
3391, 135, 881
3392, 617, 937
3393, 450, 464
3394, 27, 355
3395, 518, 796
3396, 533, 679
3397, 143, 625
3398, 250, 938
3399, 4, 685
3400, 82, 851
3401, 99, 407
3402, 405, 781
3403, 535, 809
3404, 274, 298
3405, 552, 735
3406, 393, 884
3407, 3, 829
3408, 606, 981
3409, 24, 949
3410, 56, 144
3411, 311, 826
3412, 626, 856
3413, 10, 343
3414, 489, 517
3415, 435, 916
3416, 176, 903
3417, 599, 852
3418, 263, 493
3419, 169, 197
3420, 172, 183
3421, 54, 93
3422, 123, 634
3423, 170, 201
3424, 607, 910
3425, 306, 455
3426, 453, 573
3427, 374, 830
3428, 12, 865
3429, 337, 896
3430, 713, 745
3431, 277, 990
3432, 11, 673
3433, 284, 716
3434, 157, 875
3435, 91, 193
3436, 86, 908
3437, 107, 423
3438, 682, 985
3439, 97, 862
3440, 457, 844
3441, 336, 491
3442, 293, 433
3443, 422, 836
3444, 319, 611
3445, 474, 926
3446, 845, 857
3447, 301, 786
3448, 307, 976
3449, 352, 394
3450, 358, 475
3451, 497, 554
3452, 19, 351
3453, 559, 662
3454, 338, 542
3455, 347, 364
3456, 434, 447
3457, 146, 549
3458, 861, 950
3459, 309, 773
3460, 339, 842
3461, 638, 901
3462, 630, 693
3463, 25, 278
3464, 90, 314
3465, 256, 348
3466, 697, 956
3467, 264, 316
3468, 770, 930
3469, 203, 961
3470, 659, 726
3471, 16, 787
3472, 840, 880
3473, 523, 727
3474, 134, 681
3475, 320, 469
3476, 460, 652
3477, 106, 328
3478, 381, 923
3479, 357, 774
3480, 847, 944
3481, 404, 621
3482, 709, 804
3483, 63, 744
3484, 105, 558
3485, 308, 828
3486, 421, 876
3487, 420, 635
3488, 369, 674
3489, 214, 385
3490, 591, 762
3491, 564, 585
3492, 312, 568
3493, 9, 50
3494, 356, 853
3495, 439, 575
3496, 44, 228
3497, 470, 539
3498, 37, 581
3499, 218, 791
3500, 755, 779
3501, 50, 875
3502, 75, 430
3503, 297, 668
3504, 93, 650
3505, 654, 692
3506, 3, 681
3507, 338, 715
3508, 452, 489
3509, 56, 354
3510, 460, 865
3511, 114, 757
3512, 160, 680
3513, 144, 527
3514, 58, 691
3515, 480, 568
3516, 877, 932
3517, 81, 393
3518, 730, 889
3519, 32, 970
3520, 215, 352
3521, 224, 225
3522, 364, 558
3523, 18, 170
3524, 138, 971
3525, 330, 436
3526, 655, 858
3527, 204, 299
3528, 91, 982
3529, 267, 520
3530, 2, 147
3531, 459, 554
3532, 651, 925
3533, 161, 621
3534, 119, 722
3535, 834, 944
3536, 462, 505
3537, 376, 409
3538, 392, 524
3539, 258, 356
3540, 248, 560
3541, 162, 331
3542, 348, 579
3543, 206, 234
3544, 111, 222
3545, 421, 582
3546, 237, 284
3547, 266, 780
3548, 396, 785
3549, 306, 843
3550, 198, 995
3551, 435, 756
3552, 100, 835
3553, 103, 218
3554, 113, 446
3555, 213, 589
3556, 531, 949
3557, 63, 461
3558, 51, 242
3559, 16, 635
3560, 467, 754
3561, 25, 433
3562, 451, 685
3563, 44, 664
3564, 149, 302
3565, 442, 686
3566, 96, 869
3567, 201, 977
3568, 737, 907
3569, 190, 687
3570, 26, 346
3571, 321, 415
3572, 37, 693
3573, 252, 974
3574, 30, 866
3575, 70, 311
3576, 886, 955
3577, 20, 966
3578, 80, 285
3579, 276, 287
3580, 10, 426
3581, 819, 957
3582, 43, 919
3583, 425, 602
3584, 260, 286
3585, 139, 219
3586, 727, 887
3587, 717, 779
3588, 607, 942
3589, 494, 753
3590, 487, 805
3591, 169, 375
3592, 402, 465
3593, 4, 471
3594, 131, 645
3595, 7, 597
3596, 706, 861
3597, 277, 501
3598, 499, 923
3599, 401, 897
3600, 216, 448
3601, 508, 768
3602, 490, 624
3603, 274, 353
3604, 228, 934
3605, 97, 767
3606, 153, 193
3607, 603, 690
3608, 223, 695
3609, 65, 948
3610, 518, 750
3611, 416, 902
3612, 407, 696
3613, 333, 629
3614, 211, 870
3615, 535, 771
3616, 29, 837
3617, 374, 831
3618, 130, 933
3619, 197, 963
3620, 413, 733
3621, 455, 893
3622, 658, 726
3623, 226, 573
3624, 502, 857
3625, 522, 643
3626, 337, 740
3627, 187, 903
3628, 57, 811
3629, 141, 450
3630, 117, 894
3631, 293, 332
3632, 262, 905
3633, 335, 615
3634, 608, 784
3635, 45, 777
3636, 605, 839
3637, 438, 634
3638, 245, 623
3639, 315, 806
3640, 312, 980
3641, 239, 314
3642, 449, 673
3643, 296, 724
3644, 340, 360
3645, 232, 587
3646, 301, 860
3647, 186, 443
3648, 53, 632
3649, 95, 154
3650, 23, 859
3651, 323, 854
3652, 313, 512
3653, 182, 611
3654, 194, 764
3655, 319, 822
3656, 88, 507
3657, 534, 612
3658, 555, 670
3659, 107, 596
3660, 483, 827
3661, 165, 536
3662, 156, 882
3663, 22, 591
3664, 486, 988
3665, 172, 355
3666, 39, 157
3667, 787, 799
3668, 473, 745
3669, 310, 341
3670, 644, 871
3671, 378, 867
3672, 151, 343
3673, 532, 688
3674, 152, 368
3675, 127, 432
3676, 387, 888
3677, 437, 631
3678, 826, 880
3679, 212, 290
3680, 590, 761
3681, 550, 583
3682, 77, 87
3683, 148, 183
3684, 202, 981
3685, 377, 808
3686, 176, 960
3687, 913, 954
3688, 428, 906
3689, 42, 122
3690, 82, 265
3691, 528, 909
3692, 74, 749
3693, 121, 815
3694, 134, 292
3695, 652, 979
3696, 921, 998
3697, 412, 950
3698, 872, 996
3699, 546, 567
3700, 19, 145
3701, 427, 820
3702, 64, 594
3703, 700, 890
3704, 12, 732
3705, 40, 246
3706, 150, 422
3707, 17, 408
3708, 366, 817
3709, 289, 703
3710, 200, 964
3711, 464, 642
3712, 92, 898
3713, 168, 818
3714, 298, 482
3715, 325, 823
3716, 249, 478
3717, 241, 569
3718, 47, 689
3719, 576, 968
3720, 281, 469
3721, 404, 813
3722, 79, 937
3723, 14, 989
3724, 244, 781
3725, 359, 836
3726, 959, 999
3727, 209, 661
3728, 317, 577
3729, 708, 803
3730, 34, 62
3731, 61, 180
3732, 431, 474
3733, 511, 622
3734, 697, 841
3735, 192, 801
3736, 381, 574
3737, 463, 986
3738, 115, 214
3739, 24, 849
3740, 712, 936
3741, 339, 475
3742, 719, 945
3743, 146, 640
3744, 295, 814
3745, 345, 638
3746, 663, 878
3747, 746, 868
3748, 334, 922
3749, 694, 765
3750, 85, 931
3751, 210, 557
3752, 410, 699
3753, 124, 128
3754, 453, 856
3755, 243, 491
3756, 358, 953
3757, 72, 233
3758, 575, 676
3759, 309, 411
3760, 230, 559
3761, 48, 318
3762, 741, 918
3763, 175, 809
3764, 440, 633
3765, 840, 915
3766, 385, 515
3767, 648, 778
3768, 27, 439
3769, 636, 848
3770, 812, 951
3771, 142, 510
3772, 406, 914
3773, 1, 798
3774, 247, 743
3775, 553, 669
3776, 363, 929
3777, 166, 879
3778, 400, 852
3779, 419, 707
3780, 177, 423
3781, 67, 561
3782, 456, 711
3783, 300, 678
3784, 167, 336
3785, 731, 976
3786, 639, 653
3787, 716, 744
3788, 571, 572
3789, 320, 791
3790, 347, 516
3791, 424, 748
3792, 155, 674
3793, 71, 885
3794, 721, 751
3795, 109, 133
3796, 683, 978
3797, 253, 997
3798, 477, 584
3799, 158, 264
3800, 372, 533
3801, 578, 965
3802, 288, 684
3803, 108, 207
3804, 498, 556
3805, 188, 665
3806, 136, 365
3807, 417, 952
3808, 199, 257
3809, 762, 992
3810, 698, 917
3811, 614, 990
3812, 291, 564
3813, 8, 671
3814, 542, 804
3815, 280, 445
3816, 13, 391
3817, 83, 797
3818, 178, 600
3819, 90, 255
3820, 342, 911
3821, 89, 517
3822, 231, 504
3823, 398, 928
3824, 55, 844
3825, 9, 529
3826, 327, 506
3827, 403, 457
3828, 627, 773
3829, 509, 786
3830, 807, 961
3831, 326, 987
3832, 758, 829
3833, 41, 66
3834, 126, 994
3835, 217, 357
3836, 104, 677
3837, 544, 720
3838, 135, 580
3839, 329, 793
3840, 908, 926
3841, 441, 810
3842, 171, 585
3843, 775, 973
3844, 106, 278
3845, 94, 649
3846, 370, 736
3847, 36, 78
3848, 21, 369
3849, 184, 851
3850, 307, 838
3851, 11, 862
3852, 599, 679
3853, 49, 526
3854, 397, 458
3855, 73, 941
3856, 191, 884
3857, 173, 646
3858, 304, 794
3859, 418, 828
3860, 593, 873
3861, 116, 399
3862, 447, 657
3863, 101, 208
3864, 33, 850
3865, 324, 946
3866, 496, 549
3867, 479, 899
3868, 143, 349
3869, 86, 713
3870, 35, 940
3871, 235, 540
3872, 38, 538
3873, 833, 984
3874, 76, 275
3875, 229, 525
3876, 263, 548
3877, 468, 830
3878, 742, 916
3879, 84, 470
3880, 351, 975
3881, 641, 790
3882, 901, 958
3883, 394, 943
3884, 268, 523
3885, 240, 626
3886, 99, 472
3887, 227, 382
3888, 362, 832
3889, 238, 261
3890, 163, 891
3891, 125, 588
3892, 373, 547
3893, 660, 718
3894, 102, 825
3895, 795, 1000
3896, 562, 606
3897, 788, 962
3898, 380, 991
3899, 497, 927
3900, 195, 205
3901, 69, 521
3902, 60, 444
3903, 539, 543
3904, 185, 739
3905, 598, 701
3906, 552, 747
3907, 179, 846
3908, 269, 853
3909, 947, 993
3910, 367, 769
3911, 98, 383
3912, 371, 388
3913, 308, 682
3914, 203, 883
3915, 221, 792
3916, 551, 939
3917, 322, 384
3918, 118, 709
3919, 259, 282
3920, 414, 570
3921, 672, 802
3922, 609, 783
3923, 545, 656
3924, 316, 725
3925, 105, 924
3926, 855, 904
3927, 110, 294
3928, 283, 821
3929, 59, 519
3930, 140, 782
3931, 344, 454
3932, 28, 796
3933, 481, 513
3934, 279, 755
3935, 189, 271
3936, 379, 476
3937, 618, 702
3938, 68, 710
3939, 270, 705
3940, 54, 667
3941, 728, 874
3942, 876, 881
3943, 613, 630
3944, 541, 616
3945, 174, 816
3946, 5, 500
3947, 530, 565
3948, 31, 752
3949, 52, 604
3950, 620, 824
3951, 15, 930
3952, 735, 789
3953, 123, 196
3954, 120, 675
3955, 647, 723
3956, 637, 704
3957, 164, 389
3958, 273, 619
3959, 920, 969
3960, 405, 774
3961, 129, 967
3962, 485, 900
3963, 625, 759
3964, 610, 659
3965, 236, 537
3966, 760, 770
3967, 181, 429
3968, 112, 896
3969, 595, 763
3970, 132, 220
3971, 303, 493
3972, 492, 729
3973, 766, 864
3974, 420, 503
3975, 390, 586
3976, 251, 863
3977, 628, 714
3978, 495, 842
3979, 137, 662
3980, 159, 983
3981, 617, 935
3982, 666, 938
3983, 6, 985
3984, 514, 592
3985, 250, 272
3986, 484, 800
3987, 434, 910
3988, 581, 895
3989, 305, 847
3990, 563, 734
3991, 566, 738
3992, 395, 912
3993, 350, 466
3994, 386, 601
3995, 46, 254
3996, 256, 328
3997, 845, 972
3998, 776, 956
3999, 361, 488
4000, 772, 892
