id, img1, img2
1, 247, 874
2, 397, 871
3, 313, 381
4, 182, 739
5, 461, 627
6, 6, 294
7, 364, 732
8, 263, 902
9, 516, 761
10, 450, 549
11, 393, 965
12, 515, 722
13, 718, 828
14, 138, 275
15, 135, 802
16, 246, 290
17, 607, 772
18, 133, 326
19, 65, 830
20, 95, 561
21, 388, 972
22, 276, 636
23, 807, 821
24, 176, 835
25, 5, 890
26, 348, 493
27, 225, 610
28, 169, 637
29, 402, 661
30, 167, 173
31, 403, 714
32, 68, 314
33, 658, 988
34, 390, 849
35, 433, 528
36, 237, 680
37, 758, 948
38, 7, 841
39, 223, 770
40, 233, 939
41, 86, 161
42, 229, 960
43, 1, 954
44, 99, 269
45, 33, 359
46, 491, 933
47, 544, 763
48, 425, 894
49, 20, 282
50, 54, 810
51, 143, 293
52, 35, 170
53, 38, 400
54, 217, 514
55, 734, 869
56, 129, 297
57, 908, 994
58, 209, 380
59, 125, 354
60, 775, 989
61, 177, 881
62, 373, 679
63, 46, 228
64, 69, 621
65, 199, 242
66, 255, 660
67, 543, 970
68, 666, 860
69, 547, 646
70, 192, 485
71, 299, 598
72, 325, 942
73, 224, 615
74, 23, 556
75, 522, 870
76, 396, 483
77, 226, 530
78, 477, 567
79, 144, 805
80, 872, 961
81, 664, 715
82, 724, 876
83, 478, 864
84, 222, 332
85, 616, 768
86, 136, 848
87, 685, 787
88, 410, 690
89, 278, 605
90, 101, 622
91, 200, 357
92, 432, 524
93, 50, 180
94, 324, 635
95, 781, 993
96, 298, 655
97, 197, 243
98, 596, 620
99, 53, 66
100, 328, 329
101, 451, 812
102, 184, 434
103, 306, 376
104, 367, 898
105, 12, 386
106, 126, 765
107, 37, 71
108, 428, 537
109, 210, 669
110, 378, 611
111, 24, 592
112, 335, 486
113, 120, 260
114, 322, 790
115, 96, 798
116, 407, 789
117, 675, 855
118, 422, 684
119, 541, 838
120, 26, 521
121, 496, 886
122, 301, 737
123, 351, 975
124, 803, 813
125, 387, 499
126, 551, 957
127, 83, 303
128, 673, 788
129, 13, 93
130, 277, 558
131, 613, 624
132, 315, 699
133, 700, 704
134, 341, 973
135, 697, 915
136, 128, 300
137, 579, 949
138, 606, 747
139, 475, 820
140, 980, 996
141, 131, 347
142, 418, 777
143, 645, 953
144, 472, 591
145, 318, 767
146, 240, 330
147, 78, 214
148, 602, 759
149, 2, 738
150, 783, 901
151, 971, 976
152, 517, 686
153, 571, 895
154, 586, 952
155, 887, 984
156, 745, 819
157, 122, 919
158, 836, 899
159, 334, 395
160, 797, 945
161, 587, 816
162, 146, 609
163, 3, 532
164, 32, 72
165, 320, 421
166, 94, 762
167, 58, 134
168, 494, 879
169, 424, 482
170, 109, 926
171, 77, 265
172, 374, 779
173, 31, 319
174, 92, 205
175, 62, 847
176, 366, 626
177, 653, 865
178, 48, 947
179, 89, 831
180, 323, 921
181, 362, 507
182, 130, 442
183, 873, 932
184, 557, 638
185, 443, 726
186, 261, 858
187, 377, 935
188, 333, 566
189, 349, 459
190, 455, 588
191, 992, 1000
192, 352, 599
193, 441, 458
194, 866, 969
195, 741, 877
196, 512, 671
197, 193, 379
198, 51, 619
199, 227, 823
200, 668, 912
201, 406, 562
202, 118, 682
203, 707, 717
204, 147, 164
205, 467, 880
206, 215, 716
207, 417, 792
208, 440, 923
209, 100, 119
210, 88, 730
211, 356, 457
212, 309, 927
213, 665, 934
214, 401, 808
215, 82, 867
216, 114, 419
217, 270, 746
218, 651, 742
219, 481, 862
220, 42, 917
221, 59, 986
222, 104, 856
223, 81, 194
224, 688, 990
225, 127, 552
226, 110, 720
227, 470, 628
228, 154, 857
229, 153, 937
230, 383, 749
231, 234, 398
232, 409, 652
233, 336, 363
234, 155, 906
235, 52, 930
236, 107, 198
237, 97, 825
238, 28, 966
239, 350, 536
240, 67, 531
241, 137, 597
242, 74, 643
243, 16, 487
244, 283, 904
245, 736, 809
246, 691, 888
247, 163, 189
248, 462, 833
249, 159, 511
250, 168, 987
251, 696, 916
252, 236, 839
253, 47, 112
254, 773, 983
255, 140, 220
256, 44, 535
257, 55, 212
258, 85, 288
259, 40, 266
260, 310, 412
261, 4, 900
262, 331, 576
263, 662, 963
264, 160, 708
265, 84, 706
266, 117, 692
267, 73, 501
268, 15, 207
269, 358, 740
270, 49, 625
271, 201, 218
272, 141, 259
273, 22, 506
274, 103, 307
275, 909, 967
276, 321, 868
277, 695, 731
278, 384, 766
279, 145, 178
280, 274, 565
281, 389, 590
282, 826, 981
283, 526, 735
284, 252, 338
285, 534, 786
286, 423, 466
287, 413, 991
288, 56, 959
289, 757, 774
290, 667, 843
291, 98, 725
292, 232, 538
293, 80, 340
294, 258, 689
295, 444, 572
296, 75, 448
297, 368, 694
298, 527, 951
299, 256, 361
300, 589, 612
301, 45, 580
302, 863, 882
303, 642, 907
304, 784, 891
305, 656, 804
306, 453, 525
307, 142, 203
308, 11, 968
309, 111, 437
310, 90, 553
311, 460, 505
312, 519, 550
313, 355, 555
314, 342, 914
315, 365, 454
316, 463, 703
317, 91, 594
318, 670, 764
319, 382, 799
320, 36, 748
321, 79, 595
322, 8, 152
323, 280, 569
324, 251, 476
325, 262, 608
326, 343, 484
327, 157, 391
328, 267, 905
329, 281, 575
330, 456, 490
331, 221, 999
332, 244, 360
333, 469, 910
334, 57, 727
335, 196, 817
336, 70, 449
337, 601, 962
338, 618, 997
339, 172, 827
340, 678, 920
341, 123, 156
342, 375, 510
343, 924, 985
344, 250, 964
345, 584, 950
346, 405, 793
347, 311, 317
348, 43, 728
349, 452, 801
350, 897, 928
351, 239, 614
352, 213, 815
353, 411, 946
354, 19, 903
355, 913, 979
356, 116, 563
357, 106, 837
358, 162, 604
359, 249, 687
360, 60, 634
361, 188, 564
362, 9, 644
363, 754, 756
364, 285, 853
365, 273, 353
366, 629, 889
367, 344, 540
368, 186, 974
369, 371, 542
370, 21, 113
371, 291, 721
372, 663, 944
373, 420, 492
374, 63, 385
375, 513, 632
376, 503, 931
377, 139, 179
378, 202, 630
379, 845, 956
380, 955, 995
381, 568, 794
382, 254, 284
383, 204, 581
384, 710, 752
385, 181, 219
386, 105, 305
387, 346, 780
388, 174, 829
389, 446, 495
390, 191, 733
391, 115, 327
392, 25, 427
393, 295, 753
394, 648, 785
395, 369, 464
396, 392, 795
397, 488, 659
398, 851, 940
399, 208, 672
400, 647, 941
401, 286, 854
402, 533, 729
403, 175, 497
404, 345, 832
405, 438, 468
406, 430, 791
407, 150, 480
408, 185, 302
409, 121, 211
410, 474, 875
411, 41, 436
412, 10, 520
413, 149, 504
414, 585, 834
415, 102, 372
416, 479, 850
417, 287, 518
418, 253, 806
419, 171, 893
420, 500, 545
421, 498, 603
422, 683, 859
423, 30, 529
424, 18, 760
425, 641, 705
426, 617, 778
427, 132, 508
428, 14, 814
429, 27, 257
430, 151, 631
431, 657, 674
432, 231, 399
433, 34, 712
434, 316, 339
435, 489, 719
436, 744, 998
437, 439, 600
438, 296, 435
439, 271, 308
440, 559, 861
441, 800, 918
442, 64, 158
443, 206, 623
444, 702, 892
445, 577, 840
446, 578, 824
447, 471, 852
448, 502, 884
449, 241, 936
450, 649, 811
451, 429, 539
452, 183, 546
453, 408, 583
454, 416, 447
455, 264, 676
456, 245, 958
457, 414, 822
458, 750, 982
459, 560, 929
460, 713, 818
461, 148, 769
462, 445, 883
463, 61, 925
464, 272, 570
465, 337, 677
466, 165, 573
467, 582, 698
468, 166, 711
469, 216, 723
470, 593, 938
471, 693, 755
472, 782, 977
473, 842, 896
474, 431, 473
475, 289, 978
476, 87, 639
477, 743, 776
478, 426, 911
479, 650, 709
480, 29, 39
481, 187, 292
482, 238, 640
483, 108, 554
484, 190, 885
485, 370, 844
486, 523, 922
487, 124, 633
488, 268, 304
489, 509, 796
490, 230, 465
491, 279, 654
492, 404, 574
493, 312, 548
494, 76, 701
495, 846, 878
496, 195, 681
497, 17, 248
498, 394, 771
499, 415, 943
500, 235, 751
501, 194, 218
502, 224, 235
503, 269, 337
504, 453, 728
505, 432, 808
506, 319, 737
507, 463, 976
508, 700, 848
509, 115, 706
510, 285, 762
511, 469, 866
512, 154, 523
513, 595, 877
514, 231, 572
515, 342, 752
516, 145, 485
517, 583, 795
518, 167, 864
519, 143, 818
520, 701, 822
521, 750, 855
522, 709, 814
523, 46, 389
524, 27, 757
525, 172, 552
526, 191, 813
527, 105, 927
528, 691, 883
529, 690, 964
530, 350, 846
531, 435, 809
532, 176, 821
533, 607, 1000
534, 58, 635
535, 85, 302
536, 136, 955
537, 30, 493
538, 261, 539
539, 193, 819
540, 215, 629
541, 126, 371
542, 351, 899
543, 189, 832
544, 605, 791
545, 140, 487
546, 658, 755
547, 380, 842
548, 427, 692
549, 675, 925
550, 216, 310
551, 522, 978
552, 599, 764
553, 62, 316
554, 798, 972
555, 241, 521
556, 375, 413
557, 84, 744
558, 295, 490
559, 1, 696
560, 242, 578
561, 297, 317
562, 641, 751
563, 49, 638
564, 564, 684
565, 390, 567
566, 872, 992
567, 489, 519
568, 64, 739
569, 625, 896
570, 203, 720
571, 747, 993
572, 270, 563
573, 38, 467
574, 292, 931
575, 29, 524
576, 702, 984
577, 17, 884
578, 387, 715
579, 97, 165
580, 781, 857
581, 613, 769
582, 68, 146
583, 501, 994
584, 195, 496
585, 81, 190
586, 160, 476
587, 626, 785
588, 586, 889
589, 370, 646
590, 192, 789
591, 205, 450
592, 78, 471
593, 157, 741
594, 525, 663
595, 15, 669
596, 57, 740
597, 727, 793
598, 199, 912
599, 571, 774
600, 137, 753
601, 67, 928
602, 531, 882
603, 267, 656
604, 544, 987
605, 198, 760
606, 354, 717
607, 33, 890
608, 175, 602
609, 238, 924
610, 116, 451
611, 429, 921
612, 290, 831
613, 139, 665
614, 298, 455
615, 338, 983
616, 87, 369
617, 401, 579
618, 288, 897
619, 783, 810
620, 159, 529
621, 188, 385
622, 14, 381
623, 624, 686
624, 426, 581
625, 164, 551
626, 850, 929
627, 243, 947
628, 155, 878
629, 54, 703
630, 671, 772
631, 86, 545
632, 265, 562
633, 187, 460
634, 303, 488
635, 222, 283
636, 780, 949
637, 206, 711
638, 39, 852
639, 311, 895
640, 416, 662
641, 163, 178
642, 32, 465
643, 360, 368
644, 589, 778
645, 516, 980
646, 72, 587
647, 300, 714
648, 541, 991
649, 226, 816
650, 166, 959
651, 749, 840
652, 240, 499
653, 113, 528
654, 820, 941
655, 495, 685
656, 335, 633
657, 473, 598
658, 37, 676
659, 560, 776
660, 89, 306
661, 340, 940
662, 230, 681
663, 19, 734
664, 403, 913
665, 777, 894
666, 114, 446
667, 687, 748
668, 71, 977
669, 377, 480
670, 654, 719
671, 141, 558
672, 133, 839
673, 107, 568
674, 803, 875
675, 712, 880
676, 399, 661
677, 252, 281
678, 440, 443
679, 274, 806
680, 186, 939
681, 144, 404
682, 128, 433
683, 74, 559
684, 10, 221
685, 294, 790
686, 729, 870
687, 296, 357
688, 24, 468
689, 177, 409
690, 330, 801
691, 100, 775
692, 125, 674
693, 359, 874
694, 219, 794
695, 53, 655
696, 341, 985
697, 735, 999
698, 309, 484
699, 179, 622
700, 520, 532
701, 868, 957
702, 724, 914
703, 11, 344
704, 412, 459
705, 758, 962
706, 56, 695
707, 585, 835
708, 65, 263
709, 612, 971
710, 80, 537
711, 168, 273
712, 47, 997
713, 282, 906
714, 475, 779
715, 109, 634
716, 182, 590
717, 51, 498
718, 557, 679
719, 407, 898
720, 287, 422
721, 82, 212
722, 213, 693
723, 621, 689
724, 301, 705
725, 575, 891
726, 162, 770
727, 456, 787
728, 393, 491
729, 284, 918
730, 716, 893
731, 127, 967
732, 312, 423
733, 119, 966
734, 129, 132
735, 44, 556
736, 26, 386
737, 565, 908
738, 540, 804
739, 220, 444
740, 63, 920
741, 392, 536
742, 266, 830
743, 45, 637
744, 361, 936
745, 436, 826
746, 123, 863
747, 122, 570
748, 181, 414
749, 204, 919
750, 608, 647
751, 253, 871
752, 255, 905
753, 617, 879
754, 447, 615
755, 20, 851
756, 171, 860
757, 250, 352
758, 492, 881
759, 36, 859
760, 336, 932
761, 759, 858
762, 511, 953
763, 23, 768
764, 43, 518
765, 411, 812
766, 543, 960
767, 262, 907
768, 610, 836
769, 210, 479
770, 131, 956
771, 79, 134
772, 636, 784
773, 92, 437
774, 121, 161
775, 142, 754
776, 802, 845
777, 452, 510
778, 506, 591
779, 362, 664
780, 149, 217
781, 606, 659
782, 42, 514
783, 364, 549
784, 5, 844
785, 257, 732
786, 291, 320
787, 376, 767
788, 466, 930
789, 73, 725
790, 328, 343
791, 251, 869
792, 185, 923
793, 50, 548
794, 358, 873
795, 183, 998
796, 618, 648
797, 239, 917
798, 394, 651
799, 425, 678
800, 441, 597
801, 530, 945
802, 83, 538
803, 184, 900
804, 644, 935
805, 322, 434
806, 249, 513
807, 509, 682
808, 208, 667
809, 69, 865
810, 738, 973
811, 833, 951
812, 594, 773
813, 94, 746
814, 22, 885
815, 236, 497
816, 237, 697
817, 18, 975
818, 276, 614
819, 227, 910
820, 418, 533
821, 573, 650
822, 526, 771
823, 788, 950
824, 117, 616
825, 611, 886
826, 383, 438
827, 592, 996
828, 2, 481
829, 349, 502
830, 847, 979
831, 112, 150
832, 247, 965
833, 106, 147
834, 130, 410
835, 40, 922
836, 170, 307
837, 704, 904
838, 60, 458
839, 9, 933
840, 104, 331
841, 555, 726
842, 279, 388
843, 103, 849
844, 233, 517
845, 799, 961
846, 561, 786
847, 52, 736
848, 293, 619
849, 135, 653
850, 406, 733
851, 280, 867
852, 90, 138
853, 299, 505
854, 200, 805
855, 305, 631
856, 41, 916
857, 272, 483
858, 348, 829
859, 457, 981
860, 153, 683
861, 366, 856
862, 180, 843
863, 228, 745
864, 48, 673
865, 286, 566
866, 649, 670
867, 256, 782
868, 756, 938
869, 593, 990
870, 486, 527
871, 353, 862
872, 246, 482
873, 254, 730
874, 397, 494
875, 315, 321
876, 264, 942
877, 854, 982
878, 542, 797
879, 323, 792
880, 807, 892
881, 603, 837
882, 110, 742
883, 271, 577
884, 77, 569
885, 623, 800
886, 723, 952
887, 169, 948
888, 173, 796
889, 75, 534
890, 101, 207
891, 102, 419
892, 156, 672
893, 445, 666
894, 225, 345
895, 627, 876
896, 55, 111
897, 396, 888
898, 234, 596
899, 474, 580
900, 722, 969
901, 363, 391
902, 13, 547
903, 367, 680
904, 196, 668
905, 365, 943
906, 382, 970
907, 158, 934
908, 325, 944
909, 98, 766
910, 76, 201
911, 968, 989
912, 384, 699
913, 430, 710
914, 16, 645
915, 229, 373
916, 88, 421
917, 96, 901
918, 4, 632
919, 209, 825
920, 258, 582
921, 339, 461
922, 95, 478
923, 108, 324
924, 442, 546
925, 260, 314
926, 289, 909
927, 277, 395
928, 718, 765
929, 28, 986
930, 214, 248
931, 7, 609
932, 148, 652
933, 333, 588
934, 6, 550
935, 275, 974
936, 815, 834
937, 8, 347
938, 25, 642
939, 232, 937
940, 202, 379
941, 500, 677
942, 454, 554
943, 304, 308
944, 118, 244
945, 59, 688
946, 124, 553
947, 327, 841
948, 356, 915
949, 838, 926
950, 120, 731
951, 34, 903
952, 415, 861
953, 174, 817
954, 512, 911
955, 630, 946
956, 346, 535
957, 329, 439
958, 99, 477
959, 504, 853
960, 408, 995
961, 223, 405
962, 35, 472
963, 374, 448
964, 372, 827
965, 431, 639
966, 211, 417
967, 398, 954
968, 334, 694
969, 313, 464
970, 12, 643
971, 66, 503
972, 259, 963
973, 657, 713
974, 584, 600
975, 462, 515
976, 61, 332
977, 355, 628
978, 574, 708
979, 151, 698
980, 152, 828
981, 93, 449
982, 508, 763
983, 245, 721
984, 470, 761
985, 21, 988
986, 278, 604
987, 400, 507
988, 31, 743
989, 268, 378
990, 197, 318
991, 620, 823
992, 91, 660
993, 811, 887
994, 402, 601
995, 707, 958
996, 326, 576
997, 70, 420
998, 824, 902
999, 3, 640
1000, 424, 428
1001, 415, 532
1002, 224, 881
1003, 516, 964
1004, 58, 76
1005, 379, 549
1006, 388, 644
1007, 735, 971
1008, 568, 623
1009, 120, 669
1010, 240, 764
1011, 165, 275
1012, 947, 955
1013, 66, 758
1014, 59, 747
1015, 389, 455
1016, 141, 365
1017, 77, 756
1018, 498, 613
1019, 16, 809
1020, 13, 291
1021, 311, 990
1022, 772, 859
1023, 121, 381
1024, 112, 611
1025, 28, 599
1026, 7, 199
1027, 40, 867
1028, 132, 936
1029, 370, 787
1030, 346, 622
1031, 314, 397
1032, 398, 429
1033, 676, 748
1034, 437, 752
1035, 21, 550
1036, 41, 592
1037, 256, 928
1038, 707, 949
1039, 326, 612
1040, 635, 658
1041, 407, 640
1042, 70, 689
1043, 211, 935
1044, 730, 786
1045, 394, 620
1046, 359, 463
1047, 204, 799
1048, 182, 811
1049, 642, 826
1050, 84, 101
1051, 632, 717
1052, 56, 905
1053, 27, 343
1054, 188, 919
1055, 138, 884
1056, 160, 992
1057, 468, 478
1058, 433, 624
1059, 355, 682
1060, 234, 298
1061, 250, 259
1062, 885, 923
1063, 243, 833
1064, 169, 458
1065, 348, 485
1066, 358, 953
1067, 470, 646
1068, 6, 378
1069, 526, 559
1070, 268, 350
1071, 369, 838
1072, 411, 999
1073, 366, 639
1074, 163, 588
1075, 631, 974
1076, 438, 452
1077, 354, 604
1078, 123, 137
1079, 444, 722
1080, 261, 977
1081, 8, 882
1082, 185, 384
1083, 30, 54
1084, 687, 939
1085, 543, 713
1086, 361, 482
1087, 327, 750
1088, 295, 719
1089, 677, 706
1090, 170, 875
1091, 334, 439
1092, 166, 759
1093, 152, 814
1094, 131, 409
1095, 282, 505
1096, 692, 871
1097, 53, 506
1098, 495, 590
1099, 176, 524
1100, 496, 546
1101, 248, 308
1102, 594, 839
1103, 142, 300
1104, 81, 825
1105, 601, 790
1106, 87, 309
1107, 416, 462
1108, 800, 994
1109, 197, 664
1110, 191, 956
1111, 55, 133
1112, 434, 733
1113, 281, 480
1114, 139, 643
1115, 320, 776
1116, 19, 45
1117, 17, 390
1118, 476, 573
1119, 126, 227
1120, 296, 324
1121, 215, 844
1122, 571, 762
1123, 374, 464
1124, 241, 466
1125, 591, 625
1126, 679, 745
1127, 65, 608
1128, 509, 538
1129, 67, 610
1130, 514, 553
1131, 86, 680
1132, 598, 661
1133, 557, 988
1134, 127, 425
1135, 494, 670
1136, 258, 862
1137, 807, 929
1138, 271, 299
1139, 179, 995
1140, 445, 585
1141, 251, 737
1142, 128, 574
1143, 918, 985
1144, 34, 237
1145, 194, 203
1146, 819, 981
1147, 887, 978
1148, 97, 242
1149, 105, 667
1150, 82, 827
1151, 656, 937
1152, 113, 651
1153, 541, 852
1154, 266, 850
1155, 116, 636
1156, 193, 878
1157, 63, 177
1158, 432, 453
1159, 225, 410
1160, 214, 698
1161, 26, 442
1162, 558, 940
1163, 187, 907
1164, 218, 507
1165, 322, 866
1166, 336, 539
1167, 71, 681
1168, 406, 467
1169, 780, 941
1170, 313, 980
1171, 808, 961
1172, 125, 701
1173, 286, 649
1174, 38, 108
1175, 341, 843
1176, 111, 714
1177, 560, 593
1178, 554, 841
1179, 257, 960
1180, 382, 459
1181, 815, 818
1182, 616, 874
1183, 43, 69
1184, 273, 760
1185, 352, 525
1186, 697, 968
1187, 288, 911
1188, 563, 782
1189, 192, 196
1190, 360, 373
1191, 153, 678
1192, 174, 709
1193, 150, 325
1194, 155, 904
1195, 318, 427
1196, 376, 736
1197, 663, 710
1198, 267, 683
1199, 232, 924
1200, 535, 700
1201, 793, 846
1202, 519, 522
1203, 157, 226
1204, 278, 828
1205, 537, 547
1206, 279, 426
1207, 356, 893
1208, 860, 883
1209, 302, 372
1210, 18, 293
1211, 303, 614
1212, 792, 847
1213, 236, 247
1214, 223, 368
1215, 189, 289
1216, 144, 364
1217, 31, 584
1218, 822, 920
1219, 217, 533
1220, 148, 503
1221, 775, 890
1222, 5, 419
1223, 665, 865
1224, 795, 835
1225, 595, 724
1226, 702, 751
1227, 362, 979
1228, 198, 965
1229, 457, 744
1230, 401, 848
1231, 156, 408
1232, 158, 836
1233, 230, 897
1234, 90, 508
1235, 235, 420
1236, 14, 146
1237, 909, 957
1238, 344, 895
1239, 755, 781
1240, 213, 938
1241, 477, 991
1242, 511, 856
1243, 671, 993
1244, 219, 312
1245, 78, 483
1246, 662, 948
1247, 545, 864
1248, 899, 973
1249, 29, 436
1250, 183, 766
1251, 75, 246
1252, 515, 986
1253, 115, 162
1254, 74, 653
1255, 233, 310
1256, 645, 917
1257, 292, 566
1258, 351, 479
1259, 801, 976
1260, 102, 555
1261, 447, 501
1262, 380, 931
1263, 605, 794
1264, 749, 959
1265, 80, 244
1266, 140, 989
1267, 363, 703
1268, 424, 536
1269, 100, 265
1270, 392, 684
1271, 145, 802
1272, 37, 739
1273, 22, 891
1274, 195, 544
1275, 518, 629
1276, 723, 889
1277, 564, 659
1278, 797, 857
1279, 534, 997
1280, 110, 164
1281, 61, 180
1282, 402, 435
1283, 879, 915
1284, 854, 975
1285, 691, 842
1286, 49, 530
1287, 42, 262
1288, 35, 264
1289, 727, 922
1290, 294, 913
1291, 461, 925
1292, 109, 921
1293, 220, 465
1294, 93, 863
1295, 529, 652
1296, 245, 695
1297, 627, 726
1298, 25, 626
1299, 184, 450
1300, 414, 868
1301, 734, 820
1302, 114, 778
1303, 64, 894
1304, 178, 685
1305, 134, 531
1306, 512, 886
1307, 391, 405
1308, 103, 630
1309, 331, 763
1310, 321, 634
1311, 173, 933
1312, 788, 962
1313, 903, 932
1314, 107, 829
1315, 20, 315
1316, 208, 510
1317, 805, 942
1318, 699, 803
1319, 154, 668
1320, 740, 906
1321, 765, 770
1322, 504, 877
1323, 561, 813
1324, 840, 954
1325, 339, 741
1326, 412, 657
1327, 767, 916
1328, 517, 556
1329, 201, 523
1330, 469, 688
1331, 171, 403
1332, 33, 898
1333, 821, 969
1334, 79, 583
1335, 738, 861
1336, 200, 502
1337, 440, 943
1338, 47, 73
1339, 202, 277
1340, 769, 996
1341, 650, 705
1342, 9, 721
1343, 674, 716
1344, 297, 804
1345, 129, 873
1346, 23, 124
1347, 349, 880
1348, 51, 172
1349, 119, 798
1350, 789, 816
1351, 118, 987
1352, 48, 606
1353, 276, 367
1354, 565, 967
1355, 589, 963
1356, 4, 853
1357, 486, 575
1358, 206, 578
1359, 673, 900
1360, 15, 231
1361, 600, 912
1362, 489, 930
1363, 285, 783
1364, 377, 460
1365, 57, 316
1366, 306, 387
1367, 715, 869
1368, 731, 742
1369, 239, 253
1370, 542, 914
1371, 274, 347
1372, 743, 777
1373, 36, 181
1374, 577, 728
1375, 340, 983
1376, 252, 858
1377, 210, 333
1378, 143, 757
1379, 521, 908
1380, 221, 817
1381, 209, 473
1382, 1, 732
1383, 2, 68
1384, 418, 686
1385, 332, 896
1386, 484, 711
1387, 305, 335
1388, 284, 396
1389, 62, 966
1390, 451, 475
1391, 562, 784
1392, 647, 690
1393, 270, 280
1394, 383, 609
1395, 39, 998
1396, 417, 696
1397, 89, 492
1398, 569, 834
1399, 149, 393
1400, 12, 771
1401, 404, 551
1402, 96, 633
1403, 72, 855
1404, 323, 617
1405, 272, 581
1406, 254, 952
1407, 487, 621
1408, 168, 472
1409, 431, 845
1410, 753, 958
1411, 693, 982
1412, 46, 582
1413, 52, 597
1414, 385, 972
1415, 448, 773
1416, 910, 934
1417, 490, 774
1418, 421, 810
1419, 832, 849
1420, 345, 497
1421, 307, 694
1422, 228, 238
1423, 317, 945
1424, 260, 528
1425, 552, 796
1426, 596, 615
1427, 117, 135
1428, 548, 587
1429, 540, 812
1430, 283, 446
1431, 229, 672
1432, 474, 806
1433, 342, 712
1434, 491, 638
1435, 660, 729
1436, 443, 725
1437, 91, 222
1438, 371, 572
1439, 44, 951
1440, 50, 95
1441, 375, 823
1442, 24, 628
1443, 493, 851
1444, 791, 984
1445, 567, 637
1446, 255, 830
1447, 85, 175
1448, 130, 190
1449, 441, 580
1450, 456, 576
1451, 328, 831
1452, 60, 212
1453, 32, 675
1454, 648, 754
1455, 269, 301
1456, 357, 888
1457, 207, 399
1458, 428, 471
1459, 500, 950
1460, 83, 654
1461, 136, 400
1462, 430, 902
1463, 619, 901
1464, 708, 720
1465, 147, 944
1466, 481, 666
1467, 785, 946
1468, 159, 290
1469, 122, 603
1470, 607, 655
1471, 186, 488
1472, 454, 927
1473, 151, 970
1474, 94, 586
1475, 386, 527
1476, 330, 837
1477, 167, 395
1478, 98, 329
1479, 216, 824
1480, 746, 870
1481, 11, 641
1482, 10, 423
1483, 161, 499
1484, 602, 618
1485, 106, 761
1486, 338, 520
1487, 513, 926
1488, 263, 449
1489, 99, 872
1490, 413, 1000
1491, 249, 779
1492, 104, 579
1493, 92, 287
1494, 422, 570
1495, 768, 892
1496, 718, 876
1497, 319, 337
1498, 205, 353
1499, 3, 704
1500, 88, 304
1501, 514, 888
1502, 701, 952
1503, 196, 682
1504, 566, 568
1505, 551, 884
1506, 382, 914
1507, 238, 424
1508, 586, 904
1509, 923, 954
1510, 177, 851
1511, 258, 358
1512, 403, 718
1513, 479, 530
1514, 233, 342
1515, 14, 519
1516, 404, 746
1517, 108, 739
1518, 228, 619
1519, 387, 862
1520, 347, 388
1521, 467, 561
1522, 17, 163
1523, 146, 290
1524, 618, 826
1525, 6, 977
1526, 651, 852
1527, 259, 357
1528, 301, 789
1529, 287, 747
1530, 276, 313
1531, 540, 587
1532, 142, 436
1533, 202, 808
1534, 164, 277
1535, 52, 222
1536, 249, 509
1537, 254, 672
1538, 273, 427
1539, 212, 291
1540, 529, 960
1541, 47, 630
1542, 208, 239
1543, 711, 836
1544, 394, 548
1545, 293, 346
1546, 299, 429
1547, 692, 776
1548, 440, 841
1549, 224, 751
1550, 410, 839
1551, 374, 383
1552, 74, 735
1553, 741, 913
1554, 380, 917
1555, 275, 631
1556, 571, 800
1557, 926, 981
1558, 4, 488
1559, 307, 344
1560, 62, 266
1561, 240, 828
1562, 469, 892
1563, 119, 399
1564, 345, 422
1565, 121, 702
1566, 215, 749
1567, 369, 468
1568, 652, 693
1569, 118, 748
1570, 91, 297
1571, 439, 465
1572, 45, 448
1573, 139, 690
1574, 709, 937
1575, 713, 993
1576, 158, 763
1577, 120, 626
1578, 5, 846
1579, 72, 596
1580, 412, 719
1581, 26, 130
1582, 56, 367
1583, 352, 813
1584, 113, 456
1585, 375, 434
1586, 336, 936
1587, 873, 962
1588, 362, 389
1589, 528, 558
1590, 61, 580
1591, 245, 298
1592, 501, 966
1593, 867, 996
1594, 392, 791
1595, 274, 880
1596, 137, 609
1597, 304, 327
1598, 182, 896
1599, 28, 99
1600, 124, 385
1601, 48, 102
1602, 206, 648
1603, 122, 728
1604, 101, 617
1605, 41, 889
1606, 207, 995
1607, 247, 432
1608, 110, 319
1609, 2, 408
1610, 296, 704
1611, 243, 632
1612, 823, 859
1613, 646, 694
1614, 495, 613
1615, 343, 737
1616, 605, 720
1617, 83, 391
1618, 371, 485
1619, 560, 985
1620, 544, 865
1621, 487, 764
1622, 677, 961
1623, 400, 753
1624, 87, 707
1625, 126, 452
1626, 204, 482
1627, 123, 510
1628, 897, 978
1629, 15, 50
1630, 269, 353
1631, 135, 216
1632, 629, 716
1633, 188, 607
1634, 627, 660
1635, 825, 916
1636, 438, 827
1637, 133, 591
1638, 312, 812
1639, 90, 650
1640, 159, 396
1641, 413, 435
1642, 162, 554
1643, 152, 756
1644, 386, 444
1645, 579, 582
1646, 18, 883
1647, 37, 265
1648, 499, 674
1649, 219, 909
1650, 168, 183
1651, 310, 437
1652, 23, 861
1653, 526, 869
1654, 114, 180
1655, 210, 406
1656, 55, 460
1657, 294, 537
1658, 703, 956
1659, 523, 857
1660, 314, 653
1661, 368, 656
1662, 405, 925
1663, 417, 876
1664, 524, 920
1665, 425, 664
1666, 538, 559
1667, 195, 712
1668, 480, 796
1669, 70, 223
1670, 489, 539
1671, 608, 774
1672, 453, 844
1673, 88, 805
1674, 145, 955
1675, 44, 231
1676, 214, 963
1677, 104, 804
1678, 466, 671
1679, 532, 817
1680, 125, 324
1681, 153, 513
1682, 282, 329
1683, 105, 475
1684, 209, 492
1685, 723, 729
1686, 200, 498
1687, 490, 974
1688, 199, 226
1689, 317, 604
1690, 451, 957
1691, 156, 534
1692, 170, 185
1693, 262, 459
1694, 167, 590
1695, 58, 395
1696, 780, 787
1697, 92, 160
1698, 80, 768
1699, 815, 986
1700, 806, 807
1701, 84, 322
1702, 895, 931
1703, 181, 919
1704, 755, 773
1705, 79, 948
1706, 285, 390
1707, 112, 433
1708, 699, 959
1709, 143, 505
1710, 230, 271
1711, 151, 193
1712, 907, 976
1713, 503, 727
1714, 757, 779
1715, 186, 483
1716, 464, 654
1717, 470, 687
1718, 111, 670
1719, 533, 593
1720, 76, 793
1721, 27, 576
1722, 398, 927
1723, 705, 864
1724, 93, 348
1725, 9, 614
1726, 66, 612
1727, 42, 518
1728, 355, 901
1729, 584, 879
1730, 148, 472
1731, 98, 738
1732, 760, 809
1733, 154, 542
1734, 767, 941
1735, 628, 853
1736, 141, 476
1737, 502, 898
1738, 203, 906
1739, 261, 642
1740, 754, 881
1741, 138, 695
1742, 169, 447
1743, 53, 891
1744, 504, 645
1745, 516, 557
1746, 300, 799
1747, 661, 829
1748, 34, 691
1749, 64, 250
1750, 684, 942
1751, 303, 481
1752, 197, 237
1753, 280, 589
1754, 281, 850
1755, 129, 599
1756, 484, 930
1757, 63, 683
1758, 875, 991
1759, 802, 983
1760, 39, 882
1761, 172, 361
1762, 775, 794
1763, 288, 556
1764, 384, 536
1765, 106, 235
1766, 30, 911
1767, 640, 830
1768, 89, 717
1769, 178, 759
1770, 257, 494
1771, 333, 822
1772, 309, 573
1773, 166, 549
1774, 377, 795
1775, 198, 972
1776, 431, 621
1777, 306, 359
1778, 801, 878
1779, 491, 758
1780, 7, 59
1781, 445, 848
1782, 3, 696
1783, 461, 921
1784, 381, 958
1785, 217, 486
1786, 82, 947
1787, 339, 770
1788, 603, 854
1789, 24, 638
1790, 903, 933
1791, 922, 994
1792, 268, 270
1793, 10, 401
1794, 49, 402
1795, 25, 232
1796, 565, 731
1797, 457, 506
1798, 625, 856
1799, 595, 987
1800, 248, 744
1801, 194, 601
1802, 639, 821
1803, 894, 950
1804, 127, 736
1805, 201, 697
1806, 546, 659
1807, 51, 191
1808, 792, 997
1809, 624, 689
1810, 835, 908
1811, 190, 564
1812, 450, 885
1813, 38, 69
1814, 449, 644
1815, 455, 680
1816, 179, 771
1817, 708, 943
1818, 189, 555
1819, 477, 905
1820, 583, 939
1821, 676, 849
1822, 428, 811
1823, 131, 814
1824, 325, 979
1825, 847, 992
1826, 321, 743
1827, 11, 12
1828, 134, 874
1829, 19, 688
1830, 356, 598
1831, 220, 944
1832, 60, 840
1833, 323, 681
1834, 136, 338
1835, 95, 934
1836, 611, 685
1837, 29, 588
1838, 328, 541
1839, 581, 769
1840, 924, 928
1841, 649, 803
1842, 1, 868
1843, 360, 585
1844, 116, 552
1845, 272, 833
1846, 679, 975
1847, 416, 575
1848, 267, 415
1849, 633, 973
1850, 550, 673
1851, 117, 940
1852, 462, 788
1853, 762, 946
1854, 256, 535
1855, 100, 675
1856, 810, 831
1857, 283, 637
1858, 174, 252
1859, 668, 816
1860, 57, 71
1861, 21, 819
1862, 246, 372
1863, 8, 740
1864, 292, 512
1865, 115, 945
1866, 295, 622
1867, 340, 832
1868, 569, 870
1869, 511, 710
1870, 279, 935
1871, 726, 893
1872, 157, 335
1873, 77, 421
1874, 253, 615
1875, 244, 900
1876, 842, 860
1877, 473, 478
1878, 337, 915
1879, 286, 698
1880, 316, 765
1881, 43, 289
1882, 40, 686
1883, 107, 782
1884, 97, 545
1885, 147, 376
1886, 86, 128
1887, 724, 772
1888, 205, 929
1889, 350, 517
1890, 184, 732
1891, 54, 260
1892, 109, 623
1893, 521, 742
1894, 175, 949
1895, 667, 982
1896, 594, 967
1897, 171, 236
1898, 221, 785
1899, 553, 932
1900, 173, 834
1901, 349, 715
1902, 365, 441
1903, 678, 858
1904, 20, 745
1905, 577, 797
1906, 527, 616
1907, 213, 251
1908, 263, 373
1909, 278, 734
1910, 471, 543
1911, 176, 332
1912, 783, 989
1913, 414, 777
1914, 597, 606
1915, 16, 562
1916, 140, 354
1917, 522, 722
1918, 420, 574
1919, 149, 567
1920, 311, 474
1921, 570, 706
1922, 351, 520
1923, 161, 242
1924, 150, 778
1925, 600, 863
1926, 662, 999
1927, 13, 872
1928, 446, 572
1929, 331, 838
1930, 284, 531
1931, 305, 899
1932, 96, 647
1933, 144, 725
1934, 341, 430
1935, 525, 790
1936, 302, 370
1937, 866, 912
1938, 67, 592
1939, 155, 951
1940, 78, 752
1941, 46, 953
1942, 463, 969
1943, 458, 620
1944, 497, 984
1945, 665, 871
1946, 411, 843
1947, 641, 970
1948, 443, 655
1949, 750, 902
1950, 363, 397
1951, 730, 890
1952, 423, 818
1953, 508, 855
1954, 94, 330
1955, 454, 837
1956, 442, 547
1957, 103, 877
1958, 81, 493
1959, 378, 379
1960, 418, 781
1961, 326, 918
1962, 192, 766
1963, 318, 602
1964, 187, 1000
1965, 563, 820
1966, 31, 364
1967, 315, 886
1968, 308, 500
1969, 211, 964
1970, 73, 334
1971, 65, 409
1972, 75, 85
1973, 634, 643
1974, 68, 255
1975, 218, 700
1976, 366, 635
1977, 786, 798
1978, 33, 507
1979, 610, 824
1980, 32, 241
1981, 407, 938
1982, 234, 636
1983, 515, 980
1984, 426, 965
1985, 320, 988
1986, 657, 990
1987, 225, 721
1988, 35, 393
1989, 733, 910
1990, 663, 666
1991, 669, 784
1992, 227, 658
1993, 419, 496
1994, 714, 887
1995, 229, 578
1996, 165, 998
1997, 264, 968
1998, 36, 971
1999, 22, 761
2000, 132, 845
2001, 522, 648
2002, 29, 564
2003, 769, 854
2004, 188, 274
2005, 728, 834
2006, 545, 753
2007, 5, 829
2008, 724, 827
2009, 253, 429
2010, 271, 494
2011, 365, 945
2012, 341, 402
2013, 308, 344
2014, 544, 923
2015, 141, 182
2016, 382, 935
2017, 387, 421
2018, 178, 830
2019, 31, 112
2020, 282, 519
2021, 823, 941
2022, 540, 613
2023, 174, 774
2024, 161, 800
2025, 660, 863
2026, 693, 859
2027, 492, 875
2028, 687, 741
2029, 163, 616
2030, 664, 888
2031, 445, 976
2032, 307, 776
2033, 257, 630
2034, 798, 948
2035, 654, 879
2036, 329, 897
2037, 812, 889
2038, 41, 276
2039, 323, 773
2040, 56, 682
2041, 142, 572
2042, 67, 786
2043, 172, 381
2044, 643, 721
2045, 464, 610
2046, 105, 841
2047, 550, 965
2048, 126, 539
2049, 12, 681
2050, 316, 373
2051, 109, 273
2052, 217, 764
2053, 193, 292
2054, 313, 623
2055, 639, 980
2056, 229, 547
2057, 147, 424
2058, 315, 969
2059, 300, 362
2060, 676, 844
2061, 135, 254
2062, 157, 410
2063, 251, 680
2064, 428, 557
2065, 85, 339
2066, 807, 848
2067, 121, 944
2068, 207, 686
2069, 956, 1000
2070, 139, 968
2071, 416, 533
2072, 719, 857
2073, 28, 46
2074, 285, 955
2075, 484, 796
2076, 412, 578
2077, 507, 604
2078, 311, 633
2079, 191, 605
2080, 239, 656
2081, 290, 655
2082, 621, 683
2083, 457, 950
2084, 284, 861
2085, 125, 858
2086, 747, 791
2087, 10, 296
2088, 17, 995
2089, 96, 186
2090, 749, 951
2091, 241, 959
2092, 499, 828
2093, 57, 913
2094, 206, 521
2095, 115, 330
2096, 723, 962
2097, 3, 171
2098, 448, 461
2099, 626, 684
2100, 549, 872
2101, 495, 593
2102, 301, 675
2103, 588, 814
2104, 706, 806
2105, 102, 850
2106, 400, 930
2107, 520, 833
2108, 13, 234
2109, 483, 949
2110, 320, 794
2111, 470, 868
2112, 150, 989
2113, 318, 849
2114, 266, 904
2115, 14, 356
2116, 488, 567
2117, 590, 924
2118, 221, 937
2119, 264, 343
2120, 928, 957
2121, 607, 958
2122, 453, 502
2123, 379, 473
2124, 194, 232
2125, 847, 978
2126, 94, 183
2127, 138, 901
2128, 662, 826
2129, 322, 819
2130, 231, 530
2131, 628, 851
2132, 117, 458
2133, 446, 740
2134, 570, 667
2135, 312, 493
2136, 151, 518
2137, 37, 146
2138, 52, 657
2139, 436, 703
2140, 8, 131
2141, 176, 584
2142, 137, 283
2143, 917, 931
2144, 474, 711
2145, 226, 817
2146, 374, 797
2147, 415, 647
2148, 646, 692
2149, 713, 919
2150, 508, 869
2151, 42, 602
2152, 479, 871
2153, 152, 340
2154, 180, 321
2155, 695, 825
2156, 51, 836
2157, 309, 617
2158, 62, 673
2159, 358, 596
2160, 447, 471
2161, 397, 536
2162, 987, 997
2163, 156, 289
2164, 82, 472
2165, 267, 738
2166, 181, 644
2167, 497, 516
2168, 317, 640
2169, 7, 984
2170, 438, 896
2171, 262, 606
2172, 50, 236
2173, 230, 865
2174, 54, 855
2175, 263, 665
2176, 270, 334
2177, 197, 411
2178, 689, 718
2179, 351, 922
2180, 33, 454
2181, 926, 966
2182, 601, 996
2183, 295, 642
2184, 556, 925
2185, 39, 942
2186, 249, 352
2187, 618, 845
2188, 328, 500
2189, 701, 752
2190, 405, 576
2191, 244, 802
2192, 532, 921
2193, 27, 210
2194, 166, 595
2195, 69, 216
2196, 162, 929
2197, 637, 678
2198, 235, 260
2199, 477, 939
2200, 489, 541
2201, 398, 890
2202, 332, 512
2203, 371, 444
2204, 100, 114
2205, 406, 597
2206, 66, 960
2207, 45, 598
2208, 940, 947
2209, 813, 977
2210, 23, 74
2211, 305, 487
2212, 24, 219
2213, 672, 992
2214, 113, 331
2215, 302, 573
2216, 476, 571
2217, 127, 842
2218, 222, 443
2219, 205, 784
2220, 73, 220
2221, 44, 635
2222, 348, 726
2223, 224, 526
2224, 259, 785
2225, 99, 223
2226, 4, 347
2227, 58, 101
2228, 432, 936
2229, 84, 369
2230, 327, 498
2231, 363, 690
2232, 277, 562
2233, 659, 663
2234, 246, 568
2235, 77, 304
2236, 652, 893
2237, 337, 577
2238, 124, 837
2239, 799, 916
2240, 255, 620
2241, 468, 587
2242, 366, 731
2243, 78, 380
2244, 478, 757
2245, 1, 878
2246, 38, 325
2247, 368, 391
2248, 439, 815
2249, 409, 691
2250, 218, 696
2251, 111, 419
2252, 214, 565
2253, 119, 634
2254, 821, 902
2255, 670, 737
2256, 586, 668
2257, 20, 822
2258, 211, 899
2259, 390, 631
2260, 715, 918
2261, 18, 862
2262, 293, 790
2263, 384, 591
2264, 310, 832
2265, 574, 754
2266, 291, 342
2267, 35, 314
2268, 407, 430
2269, 880, 920
2270, 417, 874
2271, 215, 835
2272, 594, 856
2273, 698, 765
2274, 9, 988
2275, 808, 967
2276, 543, 780
2277, 195, 983
2278, 709, 974
2279, 243, 905
2280, 98, 279
2281, 465, 838
2282, 714, 933
2283, 49, 768
2284, 40, 268
2285, 336, 354
2286, 361, 367
2287, 140, 746
2288, 467, 883
2289, 272, 455
2290, 89, 242
2291, 423, 632
2292, 622, 770
2293, 653, 932
2294, 154, 816
2295, 481, 852
2296, 258, 509
2297, 72, 452
2298, 68, 707
2299, 651, 733
2300, 981, 999
2301, 177, 345
2302, 789, 927
2303, 59, 431
2304, 6, 55
2305, 514, 744
2306, 551, 910
2307, 165, 870
2308, 751, 964
2309, 335, 589
2310, 76, 903
2311, 153, 961
2312, 48, 88
2313, 885, 973
2314, 299, 722
2315, 25, 884
2316, 876, 914
2317, 404, 650
2318, 395, 480
2319, 485, 504
2320, 697, 982
2321, 490, 912
2322, 867, 900
2323, 2, 107
2324, 92, 793
2325, 149, 326
2326, 552, 702
2327, 383, 614
2328, 145, 240
2329, 227, 729
2330, 437, 767
2331, 65, 779
2332, 510, 581
2333, 422, 624
2334, 528, 629
2335, 203, 755
2336, 75, 906
2337, 123, 441
2338, 148, 167
2339, 529, 760
2340, 513, 561
2341, 265, 720
2342, 204, 378
2343, 91, 788
2344, 583, 743
2345, 627, 864
2346, 43, 401
2347, 169, 739
2348, 110, 333
2349, 554, 887
2350, 160, 360
2351, 466, 877
2352, 778, 810
2353, 196, 482
2354, 103, 433
2355, 538, 991
2356, 130, 979
2357, 129, 781
2358, 36, 537
2359, 200, 475
2360, 674, 971
2361, 579, 609
2362, 225, 456
2363, 64, 699
2364, 548, 993
2365, 238, 671
2366, 685, 717
2367, 32, 34
2368, 19, 866
2369, 208, 370
2370, 120, 450
2371, 460, 666
2372, 22, 599
2373, 386, 688
2374, 730, 963
2375, 772, 873
2376, 256, 938
2377, 47, 559
2378, 534, 535
2379, 745, 824
2380, 134, 761
2381, 531, 608
2382, 261, 759
2383, 118, 839
2384, 143, 742
2385, 496, 694
2386, 506, 763
2387, 280, 297
2388, 90, 615
2389, 164, 376
2390, 61, 252
2391, 97, 771
2392, 198, 809
2393, 346, 357
2394, 338, 725
2395, 892, 985
2396, 426, 449
2397, 250, 818
2398, 523, 704
2399, 440, 486
2400, 70, 860
2401, 661, 756
2402, 396, 399
2403, 491, 801
2404, 199, 275
2405, 414, 575
2406, 511, 625
2407, 248, 505
2408, 87, 364
2409, 645, 736
2410, 133, 403
2411, 840, 986
2412, 213, 803
2413, 525, 658
2414, 83, 425
2415, 582, 954
2416, 116, 952
2417, 237, 612
2418, 11, 894
2419, 209, 434
2420, 93, 735
2421, 63, 394
2422, 128, 212
2423, 353, 388
2424, 184, 953
2425, 192, 566
2426, 732, 787
2427, 372, 418
2428, 777, 990
2429, 515, 611
2430, 359, 563
2431, 175, 831
2432, 909, 970
2433, 638, 748
2434, 393, 420
2435, 619, 677
2436, 355, 898
2437, 158, 603
2438, 705, 727
2439, 21, 427
2440, 247, 385
2441, 132, 846
2442, 408, 820
2443, 159, 994
2444, 542, 758
2445, 170, 569
2446, 750, 943
2447, 80, 792
2448, 679, 795
2449, 463, 546
2450, 377, 710
2451, 324, 517
2452, 269, 319
2453, 201, 908
2454, 895, 907
2455, 281, 501
2456, 442, 881
2457, 882, 911
2458, 580, 804
2459, 53, 108
2460, 294, 805
2461, 95, 179
2462, 245, 775
2463, 60, 392
2464, 79, 782
2465, 503, 716
2466, 233, 915
2467, 286, 451
2468, 155, 190
2469, 303, 558
2470, 298, 998
2471, 16, 86
2472, 187, 946
2473, 389, 524
2474, 783, 891
2475, 202, 641
2476, 106, 700
2477, 375, 669
2478, 189, 853
2479, 26, 712
2480, 560, 734
2481, 81, 762
2482, 287, 975
2483, 349, 636
2484, 122, 278
2485, 469, 600
2486, 527, 649
2487, 168, 766
2488, 15, 435
2489, 288, 811
2490, 30, 555
2491, 144, 462
2492, 350, 972
2493, 708, 843
2494, 136, 413
2495, 228, 585
2496, 185, 553
2497, 71, 306
2498, 459, 934
2499, 173, 886
2500, 104, 592
2501, 259, 396
2502, 635, 693
2503, 97, 672
2504, 323, 711
2505, 277, 991
2506, 322, 341
2507, 136, 303
2508, 734, 752
2509, 189, 751
2510, 102, 992
2511, 33, 945
2512, 68, 830
2513, 72, 432
2514, 117, 914
2515, 175, 654
2516, 260, 860
2517, 337, 351
2518, 540, 560
2519, 800, 971
2520, 270, 997
2521, 121, 785
2522, 444, 642
2523, 287, 646
2524, 395, 728
2525, 490, 791
2526, 517, 718
2527, 380, 512
2528, 943, 998
2529, 207, 985
2530, 515, 861
2531, 437, 819
2532, 183, 748
2533, 3, 258
2534, 119, 565
2535, 88, 150
2536, 23, 415
2537, 153, 957
2538, 420, 669
2539, 174, 926
2540, 697, 712
2541, 254, 372
2542, 101, 550
2543, 126, 510
2544, 197, 615
2545, 181, 864
2546, 494, 755
2547, 82, 661
2548, 455, 937
2549, 142, 850
2550, 421, 577
2551, 344, 730
2552, 137, 769
2553, 328, 465
2554, 335, 952
2555, 476, 701
2556, 438, 928
2557, 45, 868
2558, 179, 950
2559, 583, 717
2560, 55, 846
2561, 114, 526
2562, 493, 695
2563, 724, 742
2564, 582, 978
2565, 6, 293
2566, 496, 908
2567, 13, 596
2568, 407, 980
2569, 276, 462
2570, 267, 631
2571, 343, 352
2572, 86, 167
2573, 135, 472
2574, 587, 657
2575, 311, 910
2576, 236, 571
2577, 290, 716
2578, 686, 817
2579, 120, 892
2580, 376, 605
2581, 30, 363
2582, 439, 877
2583, 4, 637
2584, 147, 451
2585, 44, 169
2586, 210, 671
2587, 427, 941
2588, 296, 989
2589, 131, 503
2590, 578, 879
2591, 382, 931
2592, 87, 798
2593, 925, 934
2594, 64, 481
2595, 486, 689
2596, 394, 625
2597, 622, 859
2598, 852, 967
2599, 63, 644
2600, 265, 643
2601, 763, 874
2602, 255, 873
2603, 90, 799
2604, 27, 491
2605, 12, 811
2606, 195, 651
2607, 263, 784
2608, 557, 620
2609, 597, 973
2610, 362, 602
2611, 217, 441
2612, 24, 37
2613, 283, 471
2614, 640, 923
2615, 81, 297
2616, 157, 862
2617, 584, 893
2618, 318, 348
2619, 25, 534
2620, 204, 358
2621, 545, 988
2622, 374, 423
2623, 65, 443
2624, 687, 983
2625, 18, 903
2626, 740, 930
2627, 251, 461
2628, 166, 744
2629, 144, 949
2630, 94, 658
2631, 10, 961
2632, 54, 608
2633, 185, 688
2634, 127, 253
2635, 279, 457
2636, 378, 841
2637, 79, 972
2638, 681, 825
2639, 561, 793
2640, 242, 381
2641, 130, 360
2642, 36, 632
2643, 47, 291
2644, 675, 754
2645, 475, 835
2646, 621, 685
2647, 463, 851
2648, 422, 810
2649, 556, 933
2650, 230, 353
2651, 139, 659
2652, 39, 220
2653, 238, 275
2654, 759, 966
2655, 727, 918
2656, 468, 535
2657, 369, 516
2658, 211, 440
2659, 604, 842
2660, 245, 390
2661, 714, 901
2662, 268, 624
2663, 52, 780
2664, 15, 921
2665, 168, 777
2666, 51, 316
2667, 99, 161
2668, 89, 894
2669, 326, 684
2670, 356, 389
2671, 172, 833
2672, 312, 663
2673, 361, 733
2674, 518, 611
2675, 559, 606
2676, 289, 984
2677, 808, 824
2678, 551, 809
2679, 38, 215
2680, 570, 761
2681, 781, 990
2682, 537, 946
2683, 492, 736
2684, 96, 543
2685, 199, 616
2686, 682, 813
2687, 170, 773
2688, 738, 840
2689, 9, 623
2690, 295, 812
2691, 138, 280
2692, 327, 757
2693, 129, 549
2694, 511, 520
2695, 614, 696
2696, 588, 618
2697, 80, 965
2698, 221, 911
2699, 502, 678
2700, 274, 317
2701, 668, 807
2702, 454, 865
2703, 630, 758
2704, 73, 223
2705, 524, 626
2706, 269, 723
2707, 123, 963
2708, 531, 843
2709, 574, 858
2710, 125, 400
2711, 113, 797
2712, 53, 226
2713, 591, 898
2714, 32, 140
2715, 508, 666
2716, 416, 849
2717, 458, 820
2718, 464, 958
2719, 538, 650
2720, 92, 222
2721, 182, 509
2722, 330, 576
2723, 346, 815
2724, 75, 919
2725, 1, 134
2726, 704, 750
2727, 40, 519
2728, 664, 676
2729, 854, 916
2730, 105, 354
2731, 231, 411
2732, 178, 320
2733, 16, 368
2734, 59, 333
2735, 398, 995
2736, 449, 834
2737, 324, 436
2738, 309, 956
2739, 410, 482
2740, 532, 977
2741, 619, 827
2742, 580, 831
2743, 487, 749
2744, 176, 920
2745, 141, 173
2746, 187, 391
2747, 206, 442
2748, 164, 480
2749, 707, 895
2750, 414, 529
2751, 924, 951
2752, 349, 786
2753, 252, 788
2754, 85, 191
2755, 200, 982
2756, 313, 359
2757, 445, 698
2758, 762, 953
2759, 19, 304
2760, 417, 960
2761, 209, 219
2762, 156, 710
2763, 610, 680
2764, 239, 907
2765, 459, 474
2766, 450, 804
2767, 307, 713
2768, 225, 796
2769, 285, 325
2770, 321, 932
2771, 402, 870
2772, 706, 823
2773, 746, 828
2774, 401, 656
2775, 426, 847
2776, 216, 573
2777, 315, 539
2778, 133, 500
2779, 66, 533
2780, 403, 435
2781, 264, 993
2782, 109, 546
2783, 599, 787
2784, 670, 883
2785, 306, 513
2786, 310, 722
2787, 128, 857
2788, 78, 996
2789, 448, 881
2790, 495, 771
2791, 505, 633
2792, 882, 917
2793, 942, 975
2794, 392, 912
2795, 244, 447
2796, 470, 726
2797, 212, 466
2798, 652, 904
2799, 154, 233
2800, 699, 767
2801, 84, 899
2802, 301, 731
2803, 342, 691
2804, 213, 737
2805, 645, 1000
2806, 26, 507
2807, 93, 589
2808, 95, 405
2809, 329, 601
2810, 302, 305
2811, 690, 775
2812, 34, 108
2813, 145, 563
2814, 554, 567
2815, 159, 314
2816, 355, 627
2817, 257, 647
2818, 146, 795
2819, 49, 896
2820, 467, 987
2821, 856, 885
2822, 425, 536
2823, 271, 974
2824, 77, 776
2825, 319, 855
2826, 165, 592
2827, 964, 976
2828, 143, 677
2829, 69, 76
2830, 375, 429
2831, 35, 891
2832, 227, 888
2833, 188, 719
2834, 379, 790
2835, 48, 413
2836, 334, 679
2837, 789, 999
2838, 523, 607
2839, 237, 347
2840, 246, 332
2841, 373, 431
2842, 768, 818
2843, 17, 292
2844, 715, 735
2845, 612, 753
2846, 278, 869
2847, 100, 884
2848, 31, 959
2849, 247, 674
2850, 122, 294
2851, 528, 772
2852, 497, 747
2853, 43, 863
2854, 240, 298
2855, 569, 887
2856, 629, 848
2857, 272, 594
2858, 845, 889
2859, 98, 194
2860, 104, 430
2861, 514, 692
2862, 385, 653
2863, 649, 935
2864, 779, 954
2865, 424, 479
2866, 22, 193
2867, 386, 897
2868, 8, 853
2869, 256, 484
2870, 243, 673
2871, 205, 336
2872, 575, 906
2873, 350, 613
2874, 384, 927
2875, 805, 902
2876, 365, 404
2877, 434, 572
2878, 202, 506
2879, 281, 832
2880, 208, 970
2881, 112, 794
2882, 57, 875
2883, 590, 778
2884, 149, 235
2885, 530, 541
2886, 939, 979
2887, 110, 876
2888, 764, 890
2889, 366, 969
2890, 163, 456
2891, 552, 683
2892, 234, 558
2893, 83, 218
2894, 581, 628
2895, 339, 542
2896, 21, 553
2897, 595, 880
2898, 67, 803
2899, 579, 940
2900, 522, 703
2901, 56, 782
2902, 702, 878
2903, 41, 184
2904, 900, 955
2905, 370, 720
2906, 477, 756
2907, 106, 872
2908, 250, 639
2909, 74, 783
2910, 58, 732
2911, 155, 489
2912, 501, 938
2913, 224, 504
2914, 816, 886
2915, 162, 837
2916, 377, 739
2917, 408, 641
2918, 203, 839
2919, 617, 802
2920, 357, 871
2921, 241, 741
2922, 70, 452
2923, 709, 774
2924, 7, 705
2925, 266, 406
2926, 364, 634
2927, 367, 743
2928, 46, 555
2929, 71, 662
2930, 548, 636
2931, 171, 667
2932, 50, 418
2933, 60, 806
2934, 867, 947
2935, 14, 124
2936, 111, 383
2937, 148, 412
2938, 446, 609
2939, 284, 371
2940, 11, 228
2941, 288, 844
2942, 273, 564
2943, 152, 198
2944, 655, 962
2945, 547, 994
2946, 331, 836
2947, 600, 766
2948, 249, 725
2949, 729, 922
2950, 29, 593
2951, 485, 499
2952, 20, 521
2953, 229, 909
2954, 116, 286
2955, 340, 745
2956, 28, 61
2957, 91, 585
2958, 177, 190
2959, 399, 829
2960, 300, 433
2961, 913, 944
2962, 186, 981
2963, 814, 821
2964, 638, 936
2965, 248, 760
2966, 5, 770
2967, 192, 262
2968, 419, 915
2969, 409, 603
2970, 115, 665
2971, 158, 694
2972, 397, 483
2973, 338, 721
2974, 42, 660
2975, 453, 929
2976, 905, 968
2977, 648, 708
2978, 282, 568
2979, 345, 700
2980, 261, 388
2981, 214, 527
2982, 308, 393
2983, 103, 151
2984, 544, 948
2985, 62, 566
2986, 132, 473
2987, 478, 838
2988, 428, 826
2989, 201, 866
2990, 160, 196
2991, 488, 562
2992, 232, 387
2993, 118, 460
2994, 299, 586
2995, 107, 986
2996, 469, 792
2997, 2, 822
2998, 498, 525
2999, 180, 598
3000, 765, 801
3001, 10, 812
3002, 211, 547
3003, 40, 981
3004, 16, 310
3005, 408, 516
3006, 283, 953
3007, 716, 917
3008, 90, 646
3009, 92, 670
3010, 80, 102
3011, 144, 810
3012, 459, 464
3013, 63, 613
3014, 177, 719
3015, 43, 175
3016, 276, 672
3017, 345, 732
3018, 72, 813
3019, 367, 623
3020, 295, 909
3021, 106, 708
3022, 611, 616
3023, 104, 385
3024, 251, 671
3025, 199, 721
3026, 524, 761
3027, 527, 750
3028, 747, 967
3029, 165, 866
3030, 445, 715
3031, 304, 553
3032, 169, 396
3033, 70, 383
3034, 412, 803
3035, 101, 578
3036, 124, 280
3037, 254, 794
3038, 523, 804
3039, 206, 499
3040, 200, 841
3041, 493, 919
3042, 392, 406
3043, 456, 535
3044, 871, 876
3045, 743, 999
3046, 342, 994
3047, 874, 970
3048, 368, 625
3049, 17, 939
3050, 266, 808
3051, 139, 485
3052, 52, 398
3053, 247, 640
3054, 916, 921
3055, 248, 657
3056, 374, 985
3057, 83, 375
3058, 486, 541
3059, 674, 711
3060, 569, 635
3061, 268, 695
3062, 737, 740
3063, 827, 856
3064, 303, 779
3065, 134, 543
3066, 67, 608
3067, 564, 889
3068, 258, 755
3069, 192, 741
3070, 509, 652
3071, 50, 913
3072, 346, 595
3073, 622, 769
3074, 514, 566
3075, 123, 993
3076, 888, 983
3077, 2, 37
3078, 238, 369
3079, 44, 938
3080, 188, 589
3081, 41, 504
3082, 306, 596
3083, 440, 777
3084, 312, 775
3085, 73, 842
3086, 387, 619
3087, 404, 976
3088, 75, 799
3089, 205, 253
3090, 242, 875
3091, 466, 495
3092, 591, 907
3093, 121, 325
3094, 720, 865
3095, 350, 532
3096, 15, 484
3097, 660, 662
3098, 27, 600
3099, 143, 615
3100, 896, 936
3101, 462, 525
3102, 113, 217
3103, 181, 768
3104, 617, 940
3105, 316, 718
3106, 150, 497
3107, 215, 457
3108, 170, 686
3109, 844, 942
3110, 85, 931
3111, 673, 793
3112, 196, 331
3113, 267, 425
3114, 362, 723
3115, 64, 654
3116, 225, 819
3117, 24, 651
3118, 358, 448
3119, 638, 759
3120, 219, 877
3121, 79, 420
3122, 846, 890
3123, 612, 785
3124, 71, 960
3125, 141, 388
3126, 194, 895
3127, 281, 941
3128, 93, 118
3129, 76, 417
3130, 349, 707
3131, 490, 946
3132, 13, 929
3133, 117, 703
3134, 734, 954
3135, 81, 128
3136, 648, 818
3137, 579, 730
3138, 356, 995
3139, 78, 576
3140, 390, 905
3141, 864, 988
3142, 224, 568
3143, 583, 927
3144, 744, 956
3145, 207, 221
3146, 333, 577
3147, 191, 323
3148, 391, 460
3149, 847, 869
3150, 240, 352
3151, 3, 539
3152, 453, 828
3153, 99, 237
3154, 694, 778
3155, 294, 977
3156, 176, 458
3157, 6, 678
3158, 184, 783
3159, 66, 186
3160, 418, 772
3161, 439, 958
3162, 180, 233
3163, 30, 321
3164, 481, 593
3165, 7, 601
3166, 410, 534
3167, 714, 870
3168, 222, 900
3169, 386, 508
3170, 431, 771
3171, 130, 153
3172, 20, 126
3173, 105, 255
3174, 129, 162
3175, 122, 515
3176, 57, 434
3177, 394, 451
3178, 187, 536
3179, 18, 62
3180, 676, 787
3181, 36, 738
3182, 503, 551
3183, 46, 544
3184, 659, 665
3185, 409, 692
3186, 28, 586
3187, 98, 668
3188, 94, 679
3189, 496, 705
3190, 209, 684
3191, 86, 736
3192, 148, 151
3193, 174, 528
3194, 149, 272
3195, 549, 791
3196, 278, 366
3197, 403, 631
3198, 426, 592
3199, 178, 839
3200, 232, 513
3201, 22, 915
3202, 239, 474
3203, 512, 880
3204, 131, 765
3205, 39, 301
3206, 376, 989
3207, 49, 713
3208, 213, 384
3209, 260, 405
3210, 29, 262
3211, 555, 830
3212, 821, 843
3213, 58, 699
3214, 193, 381
3215, 911, 952
3216, 606, 882
3217, 259, 851
3218, 91, 725
3219, 100, 746
3220, 797, 948
3221, 54, 700
3222, 558, 923
3223, 277, 647
3224, 132, 912
3225, 563, 903
3226, 371, 766
3227, 891, 966
3228, 444, 664
3229, 109, 274
3230, 584, 722
3231, 480, 487
3232, 5, 945
3233, 554, 590
3234, 159, 571
3235, 809, 837
3236, 179, 675
3237, 25, 421
3238, 411, 820
3239, 32, 629
3240, 380, 479
3241, 598, 997
3242, 195, 800
3243, 689, 801
3244, 572, 805
3245, 320, 402
3246, 501, 691
3247, 119, 580
3248, 344, 739
3249, 419, 636
3250, 69, 502
3251, 450, 735
3252, 21, 163
3253, 204, 792
3254, 327, 788
3255, 351, 861
3256, 475, 784
3257, 319, 947
3258, 489, 650
3259, 531, 968
3260, 218, 731
3261, 370, 754
3262, 389, 914
3263, 644, 893
3264, 511, 726
3265, 95, 538
3266, 307, 964
3267, 296, 476
3268, 298, 603
3269, 23, 61
3270, 286, 587
3271, 437, 840
3272, 322, 477
3273, 4, 786
3274, 483, 724
3275, 26, 287
3276, 236, 314
3277, 228, 469
3278, 655, 887
3279, 309, 973
3280, 68, 257
3281, 770, 868
3282, 328, 934
3283, 432, 683
3284, 11, 610
3285, 157, 969
3286, 500, 853
3287, 42, 335
3288, 340, 666
3289, 482, 507
3290, 282, 681
3291, 347, 760
3292, 88, 712
3293, 357, 685
3294, 214, 885
3295, 397, 570
3296, 621, 748
3297, 557, 971
3298, 540, 858
3299, 348, 986
3300, 836, 975
3301, 60, 857
3302, 19, 311
3303, 823, 918
3304, 661, 780
3305, 364, 872
3306, 373, 717
3307, 624, 825
3308, 378, 602
3309, 546, 626
3310, 160, 229
3311, 529, 789
3312, 749, 897
3313, 35, 628
3314, 77, 361
3315, 269, 441
3316, 223, 488
3317, 656, 826
3318, 161, 173
3319, 115, 894
3320, 424, 879
3321, 704, 943
3322, 138, 428
3323, 330, 492
3324, 275, 980
3325, 168, 288
3326, 317, 881
3327, 709, 859
3328, 669, 974
3329, 120, 208
3330, 137, 838
3331, 136, 436
3332, 802, 962
3333, 189, 226
3334, 33, 599
3335, 84, 146
3336, 334, 663
3337, 560, 834
3338, 172, 998
3339, 416, 690
3340, 545, 884
3341, 216, 413
3342, 47, 822
3343, 74, 950
3344, 38, 243
3345, 633, 742
3346, 521, 904
3347, 190, 336
3348, 285, 991
3349, 696, 908
3350, 142, 393
3351, 573, 627
3352, 202, 559
3353, 145, 581
3354, 299, 618
3355, 318, 435
3356, 430, 697
3357, 108, 855
3358, 337, 472
3359, 273, 698
3360, 302, 363
3361, 634, 645
3362, 449, 835
3363, 510, 745
3364, 688, 922
3365, 9, 996
3366, 641, 883
3367, 498, 533
3368, 164, 574
3369, 447, 886
3370, 135, 506
3371, 324, 862
3372, 140, 832
3373, 246, 443
3374, 423, 811
3375, 230, 817
3376, 798, 806
3377, 824, 829
3378, 414, 944
3379, 112, 873
3380, 446, 774
3381, 353, 658
3382, 284, 382
3383, 355, 429
3384, 166, 575
3385, 379, 831
3386, 702, 727
3387, 116, 183
3388, 235, 455
3389, 56, 815
3390, 854, 892
3391, 422, 951
3392, 110, 343
3393, 152, 710
3394, 1, 167
3395, 729, 959
3396, 14, 415
3397, 680, 807
3398, 407, 850
3399, 291, 984
3400, 289, 313
3401, 562, 782
3402, 701, 860
3403, 210, 1000
3404, 114, 764
3405, 234, 762
3406, 522, 906
3407, 51, 639
3408, 653, 878
3409, 395, 526
3410, 332, 637
3411, 111, 154
3412, 244, 597
3413, 53, 548
3414, 401, 427
3415, 359, 542
3416, 203, 955
3417, 249, 377
3418, 34, 753
3419, 127, 241
3420, 59, 470
3421, 265, 751
3422, 263, 795
3423, 463, 649
3424, 133, 517
3425, 604, 756
3426, 733, 763
3427, 158, 465
3428, 399, 728
3429, 261, 932
3430, 550, 565
3431, 48, 341
3432, 816, 863
3433, 125, 987
3434, 292, 585
3435, 315, 561
3436, 758, 776
3437, 518, 899
3438, 279, 990
3439, 12, 833
3440, 757, 796
3441, 609, 752
3442, 290, 473
3443, 212, 630
3444, 567, 898
3445, 372, 924
3446, 467, 494
3447, 519, 594
3448, 452, 867
3449, 433, 957
3450, 97, 505
3451, 329, 845
3452, 252, 902
3453, 677, 682
3454, 687, 933
3455, 147, 491
3456, 339, 365
3457, 231, 632
3458, 89, 920
3459, 556, 979
3460, 96, 326
3461, 198, 201
3462, 185, 220
3463, 256, 530
3464, 461, 605
3465, 468, 643
3466, 338, 965
3467, 227, 852
3468, 65, 773
3469, 293, 706
3470, 45, 55
3471, 781, 972
3472, 271, 442
3473, 264, 693
3474, 767, 814
3475, 103, 935
3476, 270, 454
3477, 82, 978
3478, 910, 928
3479, 155, 982
3480, 197, 588
3481, 642, 667
3482, 250, 438
3483, 963, 992
3484, 156, 471
3485, 849, 926
3486, 308, 790
3487, 360, 620
3488, 614, 925
3489, 31, 937
3490, 171, 961
3491, 182, 245
3492, 297, 552
3493, 87, 107
3494, 305, 354
3495, 8, 848
3496, 400, 478
3497, 901, 930
3498, 300, 582
3499, 520, 607
3500, 537, 949
3501, 102, 737
3502, 12, 63
3503, 621, 732
3504, 226, 426
3505, 150, 500
3506, 185, 718
3507, 145, 482
3508, 176, 862
3509, 730, 851
3510, 561, 632
3511, 48, 573
3512, 93, 406
3513, 392, 628
3514, 662, 824
3515, 493, 677
3516, 353, 659
3517, 872, 981
3518, 53, 558
3519, 18, 997
3520, 257, 458
3521, 50, 923
3522, 103, 407
3523, 297, 469
3524, 369, 966
3525, 263, 457
3526, 114, 376
3527, 249, 539
3528, 478, 744
3529, 589, 776
3530, 517, 739
3531, 78, 867
3532, 311, 770
3533, 547, 736
3534, 473, 964
3535, 819, 850
3536, 611, 843
3537, 94, 994
3538, 327, 700
3539, 703, 944
3540, 667, 812
3541, 681, 803
3542, 543, 668
3543, 388, 871
3544, 171, 810
3545, 73, 105
3546, 137, 948
3547, 636, 868
3548, 684, 891
3549, 804, 839
3550, 538, 904
3551, 61, 318
3552, 268, 459
3553, 108, 418
3554, 98, 760
3555, 279, 1000
3556, 435, 557
3557, 160, 995
3558, 115, 742
3559, 542, 599
3560, 302, 678
3561, 46, 672
3562, 546, 719
3563, 455, 848
3564, 367, 875
3565, 24, 987
3566, 724, 920
3567, 952, 978
3568, 598, 969
3569, 312, 616
3570, 169, 170
3571, 787, 909
3572, 179, 447
3573, 419, 450
3574, 437, 845
3575, 149, 778
3576, 292, 660
3577, 13, 405
3578, 111, 385
3579, 400, 540
3580, 317, 779
3581, 858, 895
3582, 676, 729
3583, 442, 686
3584, 191, 225
3585, 71, 262
3586, 261, 663
3587, 155, 694
3588, 229, 772
3589, 121, 704
3590, 657, 863
3591, 189, 449
3592, 604, 666
3593, 164, 371
3594, 133, 479
3595, 623, 970
3596, 212, 951
3597, 460, 650
3598, 886, 963
3599, 276, 752
3600, 506, 751
3601, 554, 597
3602, 609, 639
3603, 42, 242
3604, 159, 294
3605, 625, 960
3606, 237, 870
3607, 568, 915
3608, 134, 899
3609, 84, 525
3610, 239, 462
3611, 235, 631
3612, 288, 541
3613, 389, 619
3614, 374, 807
3615, 444, 927
3616, 22, 44
3617, 217, 390
3618, 608, 794
3619, 544, 797
3620, 346, 731
3621, 470, 483
3622, 337, 620
3623, 157, 551
3624, 165, 230
3625, 227, 415
3626, 590, 805
3627, 355, 372
3628, 445, 512
3629, 285, 359
3630, 224, 413
3631, 266, 765
3632, 885, 930
3633, 402, 513
3634, 138, 644
3635, 296, 481
3636, 77, 792
3637, 701, 712
3638, 233, 531
3639, 120, 874
3640, 310, 749
3641, 576, 773
3642, 456, 800
3643, 501, 919
3644, 75, 283
3645, 569, 746
3646, 205, 717
3647, 30, 661
3648, 136, 758
3649, 219, 299
3650, 464, 627
3651, 222, 814
3652, 89, 112
3653, 738, 822
3654, 492, 607
3655, 28, 357
3656, 141, 565
3657, 711, 853
3658, 622, 974
3659, 178, 497
3660, 640, 888
3661, 187, 494
3662, 272, 774
3663, 362, 601
3664, 200, 705
3665, 291, 466
3666, 490, 884
3667, 617, 775
3668, 378, 591
3669, 70, 699
3670, 56, 381
3671, 5, 932
3672, 27, 92
3673, 516, 992
3674, 1, 461
3675, 485, 526
3676, 467, 943
3677, 72, 720
3678, 307, 391
3679, 352, 550
3680, 240, 360
3681, 4, 780
3682, 193, 366
3683, 256, 519
3684, 410, 480
3685, 425, 654
3686, 109, 167
3687, 293, 610
3688, 143, 972
3689, 231, 931
3690, 929, 976
3691, 186, 584
3692, 101, 596
3693, 503, 880
3694, 106, 368
3695, 664, 669
3696, 124, 828
3697, 142, 707
3698, 8, 996
3699, 255, 745
3700, 331, 757
3701, 91, 562
3702, 81, 330
3703, 280, 377
3704, 834, 917
3705, 264, 515
3706, 383, 682
3707, 116, 635
3708, 579, 673
3709, 356, 906
3710, 893, 940
3711, 123, 723
3712, 251, 688
3713, 252, 324
3714, 254, 733
3715, 118, 559
3716, 365, 830
3717, 560, 910
3718, 859, 903
3719, 82, 438
3720, 140, 486
3721, 153, 316
3722, 533, 896
3723, 35, 214
3724, 220, 308
3725, 199, 949
3726, 887, 918
3727, 218, 795
3728, 427, 825
3729, 759, 982
3730, 119, 380
3731, 213, 587
3732, 422, 651
3733, 144, 489
3734, 161, 430
3735, 588, 634
3736, 304, 852
3737, 245, 532
3738, 431, 495
3739, 204, 856
3740, 104, 446
3741, 394, 767
3742, 197, 333
3743, 683, 989
3744, 62, 615
3745, 274, 351
3746, 166, 926
3747, 11, 522
3748, 195, 802
3749, 290, 696
3750, 126, 468
3751, 130, 364
3752, 638, 788
3753, 241, 916
3754, 113, 228
3755, 409, 840
3756, 451, 535
3757, 196, 465
3758, 188, 334
3759, 563, 695
3760, 211, 900
3761, 236, 921
3762, 791, 975
3763, 463, 549
3764, 689, 826
3765, 146, 999
3766, 404, 769
3767, 95, 713
3768, 139, 572
3769, 286, 679
3770, 17, 363
3771, 301, 764
3772, 524, 612
3773, 345, 881
3774, 37, 350
3775, 271, 548
3776, 328, 646
3777, 41, 321
3778, 808, 947
3779, 641, 782
3780, 428, 680
3781, 630, 955
3782, 536, 925
3783, 349, 988
3784, 741, 820
3785, 382, 898
3786, 750, 815
3787, 743, 990
3788, 107, 624
3789, 40, 210
3790, 23, 414
3791, 674, 993
3792, 653, 954
3793, 174, 897
3794, 51, 474
3795, 361, 488
3796, 838, 866
3797, 771, 846
3798, 2, 221
3799, 768, 937
3800, 322, 375
3801, 248, 273
3802, 354, 973
3803, 476, 647
3804, 766, 879
3805, 208, 453
3806, 370, 511
3807, 7, 991
3808, 244, 818
3809, 861, 928
3810, 309, 487
3811, 835, 936
3812, 605, 710
3813, 399, 697
3814, 613, 716
3815, 3, 423
3816, 429, 637
3817, 173, 393
3818, 777, 950
3819, 202, 575
3820, 305, 844
3821, 433, 912
3822, 496, 790
3823, 403, 600
3824, 379, 945
3825, 34, 76
3826, 21, 665
3827, 441, 706
3828, 574, 781
3829, 47, 645
3830, 556, 585
3831, 471, 953
3832, 335, 396
3833, 386, 939
3834, 19, 922
3835, 162, 614
3836, 564, 692
3837, 184, 798
3838, 168, 198
3839, 177, 924
3840, 151, 816
3841, 553, 934
3842, 154, 655
3843, 656, 685
3844, 434, 823
3845, 207, 709
3846, 14, 799
3847, 215, 715
3848, 373, 523
3849, 783, 847
3850, 387, 902
3851, 529, 722
3852, 300, 968
3853, 64, 580
3854, 477, 671
3855, 593, 755
3856, 182, 793
3857, 860, 878
3858, 127, 156
3859, 877, 961
3860, 86, 192
3861, 9, 287
3862, 452, 864
3863, 99, 618
3864, 183, 942
3865, 595, 747
3866, 26, 577
3867, 514, 527
3868, 36, 763
3869, 571, 652
3870, 43, 603
3871, 52, 980
3872, 20, 602
3873, 49, 833
3874, 721, 911
3875, 914, 956
3876, 15, 633
3877, 484, 907
3878, 74, 440
3879, 243, 432
3880, 250, 278
3881, 454, 753
3882, 857, 957
3883, 265, 837
3884, 892, 958
3885, 315, 528
3886, 54, 504
3887, 181, 206
3888, 534, 965
3889, 358, 935
3890, 281, 397
3891, 408, 436
3892, 33, 216
3893, 583, 984
3894, 65, 727
3895, 395, 756
3896, 754, 784
3897, 180, 521
3898, 59, 323
3899, 87, 890
3900, 306, 578
3901, 726, 979
3902, 491, 869
3903, 319, 340
3904, 129, 508
3905, 295, 416
3906, 806, 905
3907, 117, 813
3908, 855, 986
3909, 88, 693
3910, 125, 606
3911, 128, 581
3912, 29, 342
3913, 320, 555
3914, 172, 259
3915, 698, 873
3916, 10, 32
3917, 277, 702
3918, 275, 740
3919, 325, 691
3920, 505, 977
3921, 152, 201
3922, 190, 348
3923, 135, 643
3924, 270, 520
3925, 45, 439
3926, 83, 648
3927, 421, 690
3928, 417, 967
3929, 326, 832
3930, 329, 831
3931, 148, 343
3932, 347, 537
3933, 80, 96
3934, 332, 642
3935, 785, 985
3936, 817, 901
3937, 472, 582
3938, 708, 865
3939, 475, 518
3940, 267, 499
3941, 303, 841
3942, 97, 675
3943, 238, 854
3944, 282, 420
3945, 567, 796
3946, 629, 894
3947, 339, 827
3948, 58, 132
3949, 110, 131
3950, 670, 842
3951, 849, 889
3952, 147, 728
3953, 829, 971
3954, 16, 66
3955, 502, 959
3956, 313, 789
3957, 344, 658
3958, 57, 938
3959, 60, 983
3960, 175, 247
3961, 85, 510
3962, 401, 570
3963, 786, 809
3964, 253, 735
3965, 69, 811
3966, 234, 566
3967, 725, 882
3968, 158, 592
3969, 258, 649
3970, 412, 998
3971, 398, 908
3972, 223, 443
3973, 298, 687
3974, 90, 594
3975, 163, 530
3976, 67, 260
3977, 25, 762
3978, 509, 545
3979, 836, 962
3980, 68, 498
3981, 338, 933
3982, 38, 801
3983, 289, 876
3984, 507, 913
3985, 39, 384
3986, 55, 336
3987, 31, 761
3988, 341, 626
3989, 209, 821
3990, 6, 883
3991, 552, 586
3992, 284, 714
3993, 194, 946
3994, 269, 411
3995, 79, 734
3996, 424, 941
3997, 122, 448
3998, 100, 314
3999, 232, 748
4000, 203, 246
