id, img1, img2
1, 474, 624
2, 46, 536
3, 403, 901
4, 254, 472
5, 242, 324
6, 86, 187
7, 943, 980
8, 286, 996
9, 679, 940
10, 229, 331
11, 9, 411
12, 74, 146
13, 27, 824
14, 432, 987
15, 164, 751
16, 163, 315
17, 180, 819
18, 269, 311
19, 595, 840
20, 718, 862
21, 81, 397
22, 606, 894
23, 491, 769
24, 33, 139
25, 76, 505
26, 517, 682
27, 116, 122
28, 281, 507
29, 607, 780
30, 99, 185
31, 414, 436
32, 96, 711
33, 362, 534
34, 484, 707
35, 284, 767
36, 409, 746
37, 88, 799
38, 147, 918
39, 255, 416
40, 391, 413
41, 82, 739
42, 79, 167
43, 22, 521
44, 612, 981
45, 157, 291
46, 264, 786
47, 860, 984
48, 425, 665
49, 154, 433
50, 697, 977
51, 408, 452
52, 652, 676
53, 121, 518
54, 818, 886
55, 334, 404
56, 785, 881
57, 310, 672
58, 610, 912
59, 8, 293
60, 582, 935
61, 42, 573
62, 481, 791
63, 653, 925
64, 395, 905
65, 308, 696
66, 613, 703
67, 50, 668
68, 485, 957
69, 808, 944
70, 126, 644
71, 302, 545
72, 138, 632
73, 375, 916
74, 939, 973
75, 191, 238
76, 85, 196
77, 24, 252
78, 84, 369
79, 49, 202
80, 430, 705
81, 348, 726
82, 171, 353
83, 431, 942
84, 174, 890
85, 304, 326
86, 98, 574
87, 442, 460
88, 501, 805
89, 756, 853
90, 287, 628
91, 699, 816
92, 289, 428
93, 589, 717
94, 143, 945
95, 205, 300
96, 422, 681
97, 800, 877
98, 65, 498
99, 561, 911
100, 542, 609
101, 356, 602
102, 713, 839
103, 389, 852
104, 190, 789
105, 100, 497
106, 379, 778
107, 149, 949
108, 77, 845
109, 419, 535
110, 813, 834
111, 352, 817
112, 434, 954
113, 492, 680
114, 91, 648
115, 228, 773
116, 915, 931
117, 294, 446
118, 522, 969
119, 103, 897
120, 236, 410
121, 515, 706
122, 111, 298
123, 165, 627
124, 349, 953
125, 520, 656
126, 332, 455
127, 61, 531
128, 329, 669
129, 477, 873
130, 359, 787
131, 188, 213
132, 12, 903
133, 618, 955
134, 169, 482
135, 511, 933
136, 774, 836
137, 728, 968
138, 226, 313
139, 220, 909
140, 346, 400
141, 439, 864
142, 762, 796
143, 855, 923
144, 231, 926
145, 622, 775
146, 354, 972
147, 272, 557
148, 51, 509
149, 519, 692
150, 1, 278
151, 959, 965
152, 503, 978
153, 130, 667
154, 15, 478
155, 54, 736
156, 101, 251
157, 761, 837
158, 201, 368
159, 487, 846
160, 31, 581
161, 591, 758
162, 78, 603
163, 601, 982
164, 844, 913
165, 357, 883
166, 983, 995
167, 470, 489
168, 295, 642
169, 849, 882
170, 620, 660
171, 468, 690
172, 21, 393
173, 198, 794
174, 59, 189
175, 134, 339
176, 102, 565
177, 714, 766
178, 358, 599
179, 137, 872
180, 75, 734
181, 435, 928
182, 151, 271
183, 26, 112
184, 129, 553
185, 623, 961
186, 292, 372
187, 449, 907
188, 350, 802
189, 687, 826
190, 380, 792
191, 423, 754
192, 506, 874
193, 781, 797
194, 237, 934
195, 93, 659
196, 685, 884
197, 7, 123
198, 456, 932
199, 314, 755
200, 552, 782
201, 64, 737
202, 136, 991
203, 110, 473
204, 257, 453
205, 159, 285
206, 722, 908
207, 502, 812
208, 327, 902
209, 567, 645
210, 420, 604
211, 779, 938
212, 494, 764
213, 396, 554
214, 469, 657
215, 232, 378
216, 388, 662
217, 160, 614
218, 212, 543
219, 655, 857
220, 496, 526
221, 172, 989
222, 52, 585
223, 166, 888
224, 461, 647
225, 225, 783
226, 771, 960
227, 173, 303
228, 729, 936
229, 192, 858
230, 104, 317
231, 540, 889
232, 551, 772
233, 390, 464
234, 32, 384
235, 132, 831
236, 275, 615
237, 693, 702
238, 532, 878
239, 524, 590
240, 546, 658
241, 544, 605
242, 194, 784
243, 80, 459
244, 20, 732
245, 87, 556
246, 97, 730
247, 638, 640
248, 152, 695
249, 161, 974
250, 559, 950
251, 306, 398
252, 72, 265
253, 109, 806
254, 224, 641
255, 458, 891
256, 183, 633
257, 370, 809
258, 500, 694
259, 208, 994
260, 708, 941
261, 210, 424
262, 538, 750
263, 360, 650
264, 577, 830
265, 34, 701
266, 277, 571
267, 663, 988
268, 239, 510
269, 336, 445
270, 207, 575
271, 343, 463
272, 530, 807
273, 83, 223
274, 119, 483
275, 41, 629
276, 448, 724
277, 177, 270
278, 227, 268
279, 43, 798
280, 200, 715
281, 392, 450
282, 753, 795
283, 710, 861
284, 23, 114
285, 338, 700
286, 38, 698
287, 274, 914
288, 444, 856
289, 125, 742
290, 757, 929
291, 235, 320
292, 576, 643
293, 319, 427
294, 243, 827
295, 759, 770
296, 596, 822
297, 13, 118
298, 421, 568
299, 583, 885
300, 946, 992
301, 219, 804
302, 735, 962
303, 4, 979
304, 593, 921
305, 58, 689
306, 899, 920
307, 457, 793
308, 725, 748
309, 825, 919
310, 57, 924
311, 406, 760
312, 53, 325
313, 361, 630
314, 418, 550
315, 206, 814
316, 10, 952
317, 175, 279
318, 133, 893
319, 863, 930
320, 716, 765
321, 273, 523
322, 572, 850
323, 731, 895
324, 967, 971
325, 558, 947
326, 299, 309
327, 709, 879
328, 37, 70
329, 144, 649
330, 35, 588
331, 62, 512
332, 73, 374
333, 259, 948
334, 437, 898
335, 745, 768
336, 569, 721
337, 841, 904
338, 465, 479
339, 55, 683
340, 347, 906
341, 363, 727
342, 513, 876
343, 45, 548
344, 371, 626
345, 142, 335
346, 670, 673
347, 426, 580
348, 140, 387
349, 131, 999
350, 241, 869
351, 106, 842
352, 253, 747
353, 16, 337
354, 490, 611
355, 262, 866
356, 156, 636
357, 462, 835
358, 145, 261
359, 377, 537
360, 493, 887
361, 407, 454
362, 135, 868
363, 467, 900
364, 480, 829
365, 451, 704
366, 344, 499
367, 296, 740
368, 182, 566
369, 383, 671
370, 246, 486
371, 48, 440
372, 25, 367
373, 94, 738
374, 471, 820
375, 539, 975
376, 127, 570
377, 40, 547
378, 322, 560
379, 865, 937
380, 155, 176
381, 364, 763
382, 619, 744
383, 141, 584
384, 815, 910
385, 838, 859
386, 67, 723
387, 549, 586
388, 280, 443
389, 89, 108
390, 193, 720
391, 158, 712
392, 218, 578
393, 290, 475
394, 233, 579
395, 95, 250
396, 307, 749
397, 247, 248
398, 128, 674
399, 216, 258
400, 563, 597
401, 115, 282
402, 399, 528
403, 412, 438
404, 179, 256
405, 621, 986
406, 186, 592
407, 60, 870
408, 71, 245
409, 654, 847
410, 376, 634
411, 90, 209
412, 651, 966
413, 777, 832
414, 646, 733
415, 153, 312
416, 92, 323
417, 688, 854
418, 221, 260
419, 162, 875
420, 316, 828
421, 341, 985
422, 514, 664
423, 197, 639
424, 366, 637
425, 249, 635
426, 3, 684
427, 417, 848
428, 29, 355
429, 917, 997
430, 6, 529
431, 871, 958
432, 415, 976
433, 267, 527
434, 56, 600
435, 330, 447
436, 240, 351
437, 525, 811
438, 68, 266
439, 107, 666
440, 17, 215
441, 288, 562
442, 301, 993
443, 39, 963
444, 401, 790
445, 148, 927
446, 18, 810
447, 211, 555
448, 318, 892
449, 63, 851
450, 405, 476
451, 382, 631
452, 821, 970
453, 69, 504
454, 181, 195
455, 184, 990
456, 244, 661
457, 328, 386
458, 686, 743
459, 199, 333
460, 204, 394
461, 30, 429
462, 594, 608
463, 11, 124
464, 441, 776
465, 230, 691
466, 178, 321
467, 170, 234
468, 402, 678
469, 381, 719
470, 5, 263
471, 488, 564
472, 150, 951
473, 203, 214
474, 168, 896
475, 541, 752
476, 36, 867
477, 297, 598
478, 345, 823
479, 516, 1000
480, 105, 113
481, 19, 843
482, 342, 365
483, 533, 616
484, 66, 373
485, 217, 880
486, 276, 508
487, 677, 801
488, 28, 964
489, 47, 675
490, 305, 956
491, 283, 625
492, 120, 466
493, 340, 741
494, 117, 222
495, 788, 998
496, 44, 385
497, 587, 617
498, 2, 833
499, 14, 922
500, 495, 803
501, 825, 981
502, 729, 918
503, 735, 779
504, 443, 843
505, 249, 496
506, 645, 988
507, 627, 857
508, 294, 527
509, 63, 450
510, 602, 973
511, 295, 768
512, 785, 858
513, 377, 579
514, 141, 802
515, 468, 821
516, 87, 109
517, 75, 673
518, 319, 927
519, 44, 583
520, 297, 557
521, 824, 962
522, 169, 668
523, 30, 741
524, 172, 689
525, 92, 448
526, 348, 619
527, 666, 770
528, 91, 787
529, 793, 891
530, 45, 76
531, 304, 432
532, 309, 835
533, 1, 438
534, 126, 488
535, 37, 570
536, 159, 311
537, 540, 868
538, 104, 844
539, 66, 743
540, 609, 813
541, 808, 984
542, 611, 649
543, 135, 533
544, 635, 647
545, 205, 864
546, 265, 745
547, 416, 719
548, 103, 257
549, 712, 736
550, 658, 758
551, 272, 581
552, 827, 1000
553, 7, 369
554, 282, 956
555, 744, 913
556, 208, 726
557, 242, 535
558, 228, 289
559, 136, 292
560, 379, 961
561, 485, 567
562, 229, 893
563, 42, 941
564, 32, 906
565, 670, 714
566, 394, 911
567, 312, 976
568, 131, 425
569, 260, 385
570, 268, 566
571, 364, 960
572, 760, 836
573, 122, 476
574, 57, 702
575, 150, 475
576, 375, 481
577, 828, 854
578, 342, 596
579, 591, 648
580, 18, 26
581, 101, 286
582, 672, 706
583, 84, 494
584, 41, 899
585, 892, 920
586, 125, 850
587, 81, 334
588, 433, 748
589, 306, 996
590, 300, 931
591, 8, 526
592, 121, 983
593, 426, 774
594, 250, 542
595, 209, 344
596, 525, 982
597, 624, 894
598, 324, 849
599, 225, 861
600, 935, 964
601, 383, 447
602, 327, 460
603, 440, 621
604, 255, 563
605, 227, 933
606, 223, 498
607, 139, 810
608, 50, 315
609, 642, 882
610, 317, 713
611, 367, 675
612, 862, 863
613, 459, 710
614, 739, 975
615, 243, 777
616, 132, 885
617, 322, 497
618, 176, 873
619, 617, 928
620, 5, 144
621, 21, 724
622, 49, 681
623, 15, 898
624, 253, 284
625, 519, 951
626, 308, 477
627, 420, 474
628, 12, 618
629, 56, 558
630, 692, 759
631, 556, 872
632, 446, 492
633, 46, 582
634, 118, 738
635, 378, 656
636, 180, 772
637, 684, 852
638, 310, 917
639, 78, 430
640, 790, 839
641, 529, 916
642, 93, 652
643, 70, 419
644, 23, 638
645, 350, 945
646, 686, 694
647, 152, 888
648, 248, 404
649, 776, 797
650, 219, 623
651, 640, 954
652, 615, 848
653, 921, 952
654, 418, 603
655, 167, 507
656, 221, 453
657, 408, 541
658, 97, 657
659, 388, 669
660, 157, 185
661, 457, 798
662, 693, 731
663, 792, 800
664, 218, 904
665, 71, 407
666, 840, 890
667, 299, 751
668, 10, 191
669, 256, 881
670, 376, 820
671, 565, 884
672, 783, 878
673, 329, 520
674, 38, 177
675, 397, 940
676, 690, 778
677, 89, 865
678, 365, 910
679, 202, 660
680, 31, 445
681, 346, 998
682, 184, 537
683, 653, 700
684, 61, 455
685, 545, 972
686, 241, 987
687, 559, 662
688, 664, 680
689, 855, 980
690, 303, 417
691, 711, 822
692, 461, 901
693, 514, 991
694, 107, 613
695, 908, 912
696, 466, 594
697, 528, 794
698, 124, 869
699, 175, 194
700, 641, 734
701, 34, 990
702, 413, 887
703, 201, 766
704, 168, 464
705, 62, 749
706, 244, 359
707, 134, 578
708, 166, 925
709, 524, 532
710, 48, 536
711, 64, 343
712, 462, 966
713, 799, 886
714, 36, 412
715, 354, 631
716, 197, 661
717, 146, 234
718, 29, 605
719, 296, 874
720, 809, 965
721, 80, 761
722, 405, 676
723, 119, 805
724, 331, 601
725, 94, 815
726, 39, 362
727, 129, 470
728, 401, 444
729, 511, 723
730, 54, 486
731, 4, 755
732, 19, 590
733, 51, 370
734, 699, 947
735, 105, 363
736, 513, 633
737, 232, 534
738, 795, 986
739, 531, 968
740, 351, 780
741, 74, 321
742, 182, 442
743, 33, 95
744, 192, 431
745, 722, 967
746, 637, 707
747, 644, 937
748, 99, 216
749, 90, 382
750, 88, 683
751, 437, 516
752, 298, 720
753, 6, 301
754, 276, 281
755, 212, 663
756, 589, 994
757, 163, 740
758, 280, 573
759, 584, 586
760, 11, 866
761, 235, 688
762, 651, 674
763, 671, 721
764, 347, 650
765, 335, 510
766, 471, 877
767, 140, 328
768, 60, 395
769, 82, 179
770, 35, 196
771, 682, 907
772, 151, 206
773, 345, 963
774, 13, 679
775, 53, 784
776, 198, 349
777, 837, 974
778, 727, 807
779, 245, 279
780, 9, 428
781, 186, 763
782, 98, 989
783, 424, 539
784, 77, 222
785, 357, 360
786, 473, 612
787, 393, 708
788, 469, 499
789, 47, 133
790, 79, 552
791, 170, 847
792, 423, 949
793, 353, 756
794, 113, 465
795, 43, 165
796, 339, 811
797, 145, 938
798, 114, 924
799, 574, 592
800, 415, 521
801, 479, 818
802, 149, 155
803, 897, 992
804, 451, 643
805, 217, 737
806, 128, 944
807, 96, 765
808, 173, 819
809, 549, 598
810, 595, 677
811, 161, 806
812, 372, 846
813, 585, 826
814, 203, 704
815, 187, 512
816, 86, 502
817, 164, 267
818, 190, 271
819, 137, 616
820, 318, 341
821, 302, 757
822, 240, 336
823, 230, 860
824, 441, 867
825, 275, 320
826, 384, 620
827, 472, 691
828, 127, 210
829, 554, 969
830, 380, 625
831, 102, 120
832, 703, 919
833, 398, 842
834, 390, 926
835, 72, 277
836, 411, 632
837, 406, 493
838, 561, 725
839, 285, 553
840, 188, 330
841, 548, 870
842, 628, 915
843, 85, 358
844, 274, 530
845, 254, 478
846, 28, 323
847, 391, 902
848, 293, 803
849, 646, 841
850, 58, 942
851, 629, 909
852, 340, 946
853, 562, 957
854, 160, 505
855, 750, 804
856, 68, 875
857, 220, 730
858, 251, 332
859, 636, 769
860, 422, 788
861, 154, 575
862, 174, 791
863, 495, 518
864, 14, 258
865, 781, 876
866, 775, 838
867, 547, 971
868, 480, 564
869, 355, 427
870, 116, 593
871, 614, 685
872, 709, 732
873, 25, 773
874, 138, 948
875, 123, 604
876, 65, 515
877, 237, 543
878, 551, 831
879, 403, 883
880, 435, 900
881, 73, 337
882, 484, 718
883, 414, 764
884, 717, 733
885, 143, 701
886, 705, 771
887, 224, 325
888, 16, 226
889, 587, 978
890, 111, 156
891, 588, 959
892, 576, 817
893, 399, 754
894, 316, 789
895, 607, 939
896, 600, 936
897, 368, 762
898, 503, 747
899, 204, 746
900, 333, 580
901, 110, 361
902, 373, 905
903, 52, 263
904, 305, 955
905, 117, 270
906, 83, 922
907, 410, 501
908, 171, 695
909, 665, 687
910, 247, 463
911, 195, 715
912, 162, 236
913, 178, 489
914, 338, 934
915, 491, 752
916, 509, 698
917, 538, 979
918, 59, 830
919, 608, 678
920, 238, 326
921, 290, 434
922, 599, 958
923, 147, 523
924, 215, 504
925, 69, 314
926, 261, 833
927, 859, 895
928, 851, 930
929, 313, 449
930, 158, 993
931, 183, 626
932, 246, 997
933, 452, 782
934, 233, 517
935, 812, 871
936, 482, 816
937, 436, 550
938, 148, 970
939, 153, 634
940, 429, 880
941, 193, 200
942, 211, 458
943, 483, 697
944, 40, 995
945, 27, 999
946, 356, 845
947, 506, 571
948, 17, 655
949, 22, 639
950, 829, 923
951, 889, 953
952, 352, 606
953, 252, 291
954, 283, 716
955, 454, 914
956, 67, 115
957, 112, 409
958, 278, 832
959, 266, 374
960, 421, 522
961, 55, 654
962, 130, 977
963, 24, 667
964, 231, 903
965, 546, 856
966, 181, 814
967, 2, 307
968, 371, 742
969, 269, 728
970, 786, 932
971, 767, 896
972, 287, 879
973, 288, 487
974, 108, 985
975, 389, 400
976, 439, 597
977, 264, 950
978, 696, 853
979, 262, 508
980, 610, 659
981, 189, 568
982, 199, 622
983, 239, 577
984, 366, 490
985, 106, 500
986, 3, 572
987, 207, 560
988, 386, 823
989, 214, 381
990, 555, 801
991, 142, 402
992, 213, 544
993, 467, 753
994, 929, 943
995, 396, 796
996, 392, 569
997, 100, 273
998, 20, 456
999, 387, 834
1000, 259, 630
1001, 24, 448
1002, 487, 584
1003, 72, 180
1004, 112, 518
1005, 171, 972
1006, 462, 777
1007, 394, 464
1008, 259, 572
1009, 41, 603
1010, 756, 771
1011, 183, 779
1012, 254, 534
1013, 162, 791
1014, 438, 497
1015, 251, 755
1016, 283, 732
1017, 378, 542
1018, 286, 384
1019, 905, 934
1020, 292, 309
1021, 246, 422
1022, 38, 535
1023, 59, 592
1024, 844, 856
1025, 202, 746
1026, 273, 770
1027, 92, 833
1028, 140, 549
1029, 457, 623
1030, 482, 891
1031, 751, 764
1032, 191, 865
1033, 502, 598
1034, 520, 832
1035, 599, 686
1036, 84, 426
1037, 449, 653
1038, 491, 496
1039, 175, 877
1040, 587, 703
1041, 243, 616
1042, 543, 919
1043, 152, 725
1044, 147, 925
1045, 289, 984
1046, 655, 747
1047, 541, 646
1048, 287, 476
1049, 360, 871
1050, 130, 407
1051, 397, 793
1052, 196, 412
1053, 684, 700
1054, 296, 927
1055, 155, 875
1056, 301, 560
1057, 317, 500
1058, 399, 558
1059, 680, 823
1060, 239, 538
1061, 111, 281
1062, 284, 837
1063, 215, 672
1064, 638, 839
1065, 571, 772
1066, 345, 531
1067, 90, 581
1068, 514, 658
1069, 329, 621
1070, 122, 377
1071, 351, 928
1072, 346, 944
1073, 240, 288
1074, 228, 530
1075, 268, 864
1076, 278, 348
1077, 443, 948
1078, 444, 634
1079, 812, 846
1080, 258, 885
1081, 195, 881
1082, 207, 743
1083, 65, 774
1084, 907, 932
1085, 203, 954
1086, 66, 481
1087, 69, 609
1088, 166, 786
1089, 253, 986
1090, 96, 211
1091, 227, 290
1092, 461, 468
1093, 248, 825
1094, 136, 787
1095, 37, 132
1096, 173, 744
1097, 315, 551
1098, 641, 656
1099, 280, 554
1100, 765, 935
1101, 778, 924
1102, 866, 878
1103, 382, 540
1104, 466, 809
1105, 83, 817
1106, 436, 893
1107, 936, 942
1108, 690, 940
1109, 46, 713
1110, 364, 406
1111, 186, 402
1112, 257, 814
1113, 548, 605
1114, 657, 863
1115, 583, 909
1116, 882, 978
1117, 740, 970
1118, 331, 463
1119, 512, 982
1120, 144, 956
1121, 420, 805
1122, 44, 217
1123, 545, 912
1124, 79, 98
1125, 359, 945
1126, 619, 651
1127, 341, 997
1128, 235, 473
1129, 565, 730
1130, 40, 698
1131, 452, 776
1132, 181, 197
1133, 113, 442
1134, 256, 926
1135, 586, 602
1136, 575, 721
1137, 14, 220
1138, 216, 876
1139, 101, 579
1140, 17, 250
1141, 485, 561
1142, 390, 459
1143, 505, 868
1144, 52, 552
1145, 238, 375
1146, 471, 727
1147, 760, 831
1148, 131, 666
1149, 475, 971
1150, 302, 404
1151, 383, 537
1152, 75, 77
1153, 224, 347
1154, 742, 857
1155, 91, 432
1156, 749, 906
1157, 81, 630
1158, 654, 665
1159, 102, 392
1160, 419, 933
1161, 484, 671
1162, 198, 767
1163, 606, 963
1164, 555, 589
1165, 372, 870
1166, 18, 674
1167, 517, 855
1168, 614, 834
1169, 129, 557
1170, 16, 269
1171, 245, 900
1172, 51, 796
1173, 139, 405
1174, 160, 326
1175, 325, 435
1176, 806, 873
1177, 28, 187
1178, 333, 642
1179, 114, 826
1180, 495, 528
1181, 434, 880
1182, 319, 425
1183, 29, 71
1184, 31, 886
1185, 275, 800
1186, 600, 723
1187, 45, 340
1188, 88, 524
1189, 106, 915
1190, 650, 818
1191, 167, 242
1192, 421, 640
1193, 213, 361
1194, 299, 676
1195, 30, 385
1196, 519, 816
1197, 94, 917
1198, 336, 423
1199, 639, 947
1200, 55, 371
1201, 222, 995
1202, 312, 930
1203, 338, 712
1204, 177, 707
1205, 13, 988
1206, 50, 415
1207, 441, 815
1208, 773, 836
1209, 86, 785
1210, 110, 964
1211, 107, 783
1212, 263, 608
1213, 400, 918
1214, 627, 961
1215, 178, 578
1216, 192, 884
1217, 330, 729
1218, 368, 474
1219, 214, 430
1220, 321, 386
1221, 428, 652
1222, 119, 445
1223, 151, 332
1224, 472, 845
1225, 237, 293
1226, 123, 647
1227, 427, 804
1228, 339, 403
1229, 490, 782
1230, 306, 539
1231, 612, 761
1232, 232, 701
1233, 498, 507
1234, 10, 955
1235, 127, 595
1236, 408, 887
1237, 976, 993
1238, 210, 516
1239, 223, 757
1240, 234, 501
1241, 219, 274
1242, 324, 590
1243, 467, 901
1244, 824, 966
1245, 511, 734
1246, 182, 899
1247, 568, 588
1248, 8, 699
1249, 99, 225
1250, 788, 872
1251, 36, 323
1252, 82, 644
1253, 229, 401
1254, 103, 447
1255, 366, 591
1256, 97, 894
1257, 138, 850
1258, 908, 920
1259, 556, 953
1260, 33, 962
1261, 562, 980
1262, 509, 521
1263, 193, 567
1264, 230, 731
1265, 454, 913
1266, 546, 706
1267, 76, 643
1268, 169, 987
1269, 70, 983
1270, 513, 685
1271, 373, 802
1272, 355, 829
1273, 515, 569
1274, 93, 675
1275, 564, 799
1276, 153, 204
1277, 185, 897
1278, 766, 990
1279, 179, 792
1280, 133, 282
1281, 150, 370
1282, 663, 813
1283, 194, 594
1284, 67, 267
1285, 416, 862
1286, 720, 738
1287, 582, 724
1288, 7, 960
1289, 981, 996
1290, 4, 645
1291, 477, 861
1292, 21, 35
1293, 367, 722
1294, 145, 295
1295, 526, 973
1296, 303, 662
1297, 728, 748
1298, 525, 923
1299, 305, 1000
1300, 43, 762
1301, 6, 758
1302, 53, 343
1303, 100, 715
1304, 116, 649
1305, 241, 252
1306, 184, 801
1307, 49, 154
1308, 22, 848
1309, 244, 417
1310, 60, 615
1311, 206, 759
1312, 307, 830
1313, 188, 451
1314, 344, 628
1315, 311, 431
1316, 350, 566
1317, 291, 754
1318, 469, 822
1319, 379, 821
1320, 63, 977
1321, 593, 794
1322, 54, 636
1323, 854, 985
1324, 349, 424
1325, 739, 807
1326, 318, 576
1327, 704, 911
1328, 506, 626
1329, 56, 635
1330, 270, 780
1331, 648, 851
1332, 795, 959
1333, 176, 499
1334, 527, 624
1335, 108, 157
1336, 146, 170
1337, 708, 853
1338, 968, 999
1339, 683, 835
1340, 64, 979
1341, 226, 320
1342, 58, 952
1343, 374, 938
1344, 249, 661
1345, 5, 483
1346, 607, 694
1347, 135, 840
1348, 681, 889
1349, 492, 682
1350, 709, 841
1351, 125, 711
1352, 61, 896
1353, 126, 892
1354, 89, 803
1355, 354, 860
1356, 437, 969
1357, 205, 859
1358, 233, 768
1359, 342, 741
1360, 314, 503
1361, 158, 544
1362, 300, 391
1363, 271, 460
1364, 508, 946
1365, 439, 922
1366, 376, 597
1367, 631, 842
1368, 124, 678
1369, 601, 613
1370, 128, 161
1371, 19, 943
1372, 414, 719
1373, 433, 669
1374, 34, 304
1375, 547, 929
1376, 39, 910
1377, 753, 810
1378, 310, 596
1379, 717, 888
1380, 387, 453
1381, 327, 410
1382, 285, 429
1383, 74, 156
1384, 32, 563
1385, 11, 164
1386, 272, 939
1387, 838, 921
1388, 143, 797
1389, 380, 486
1390, 48, 260
1391, 637, 781
1392, 775, 916
1393, 20, 574
1394, 455, 553
1395, 118, 847
1396, 3, 716
1397, 163, 369
1398, 446, 883
1399, 279, 843
1400, 165, 660
1401, 328, 949
1402, 218, 849
1403, 236, 398
1404, 109, 363
1405, 137, 322
1406, 148, 294
1407, 199, 726
1408, 622, 784
1409, 879, 950
1410, 494, 957
1411, 393, 620
1412, 664, 763
1413, 308, 697
1414, 570, 604
1415, 115, 297
1416, 190, 261
1417, 42, 255
1418, 611, 992
1419, 117, 536
1420, 134, 693
1421, 335, 450
1422, 689, 931
1423, 265, 687
1424, 413, 529
1425, 389, 827
1426, 533, 867
1427, 73, 358
1428, 12, 974
1429, 465, 550
1430, 149, 941
1431, 745, 965
1432, 47, 679
1433, 488, 633
1434, 231, 396
1435, 26, 789
1436, 105, 670
1437, 142, 668
1438, 895, 991
1439, 989, 994
1440, 362, 737
1441, 510, 937
1442, 365, 718
1443, 356, 667
1444, 141, 277
1445, 632, 902
1446, 221, 418
1447, 456, 610
1448, 411, 752
1449, 409, 696
1450, 504, 811
1451, 478, 967
1452, 78, 174
1453, 858, 951
1454, 200, 898
1455, 688, 828
1456, 2, 869
1457, 808, 975
1458, 316, 820
1459, 57, 998
1460, 388, 659
1461, 85, 334
1462, 1, 489
1463, 201, 352
1464, 523, 559
1465, 381, 702
1466, 172, 735
1467, 189, 710
1468, 15, 903
1469, 247, 692
1470, 168, 276
1471, 25, 298
1472, 733, 958
1473, 714, 750
1474, 580, 890
1475, 458, 705
1476, 313, 736
1477, 80, 629
1478, 104, 798
1479, 159, 479
1480, 262, 480
1481, 395, 673
1482, 353, 617
1483, 209, 573
1484, 790, 852
1485, 68, 120
1486, 264, 532
1487, 9, 904
1488, 266, 819
1489, 212, 357
1490, 677, 691
1491, 618, 914
1492, 208, 522
1493, 121, 337
1494, 577, 769
1495, 585, 874
1496, 440, 695
1497, 87, 95
1498, 470, 625
1499, 62, 493
1500, 23, 27
1501, 53, 185
1502, 68, 252
1503, 89, 139
1504, 778, 888
1505, 296, 636
1506, 204, 802
1507, 454, 966
1508, 198, 478
1509, 74, 115
1510, 374, 666
1511, 535, 590
1512, 473, 863
1513, 242, 655
1514, 99, 755
1515, 611, 748
1516, 107, 319
1517, 194, 254
1518, 555, 678
1519, 597, 733
1520, 284, 363
1521, 593, 968
1522, 371, 469
1523, 56, 986
1524, 179, 699
1525, 543, 823
1526, 175, 233
1527, 608, 873
1528, 675, 957
1529, 702, 962
1530, 558, 718
1531, 350, 915
1532, 659, 738
1533, 356, 519
1534, 212, 747
1535, 541, 627
1536, 272, 870
1537, 403, 622
1538, 312, 560
1539, 392, 615
1540, 438, 838
1541, 484, 821
1542, 245, 422
1543, 563, 845
1544, 78, 357
1545, 440, 533
1546, 81, 477
1547, 843, 912
1548, 368, 969
1549, 505, 998
1550, 69, 315
1551, 275, 904
1552, 509, 978
1553, 237, 827
1554, 444, 893
1555, 92, 800
1556, 131, 906
1557, 8, 370
1558, 121, 948
1559, 22, 85
1560, 360, 491
1561, 806, 831
1562, 83, 701
1563, 584, 788
1564, 885, 933
1565, 614, 910
1566, 426, 662
1567, 693, 956
1568, 496, 708
1569, 585, 857
1570, 792, 924
1571, 531, 544
1572, 202, 375
1573, 255, 652
1574, 499, 687
1575, 5, 147
1576, 523, 844
1577, 129, 858
1578, 697, 940
1579, 236, 625
1580, 280, 871
1581, 76, 343
1582, 427, 739
1583, 200, 291
1584, 605, 641
1585, 458, 490
1586, 620, 988
1587, 657, 842
1588, 71, 866
1589, 58, 457
1590, 415, 941
1591, 645, 1000
1592, 805, 841
1593, 436, 696
1594, 796, 798
1595, 234, 305
1596, 219, 902
1597, 521, 973
1598, 369, 720
1599, 732, 824
1600, 205, 897
1601, 135, 265
1602, 171, 480
1603, 450, 513
1604, 557, 683
1605, 408, 443
1606, 17, 570
1607, 124, 972
1608, 456, 609
1609, 551, 719
1610, 43, 300
1611, 117, 742
1612, 803, 895
1613, 268, 881
1614, 604, 971
1615, 635, 681
1616, 311, 654
1617, 487, 689
1618, 381, 735
1619, 216, 596
1620, 172, 997
1621, 161, 776
1622, 302, 561
1623, 725, 867
1624, 162, 976
1625, 40, 468
1626, 130, 382
1627, 386, 916
1628, 227, 448
1629, 307, 333
1630, 138, 166
1631, 714, 754
1632, 507, 947
1633, 492, 791
1634, 257, 366
1635, 453, 911
1636, 149, 760
1637, 309, 974
1638, 295, 306
1639, 445, 922
1640, 46, 151
1641, 365, 476
1642, 623, 945
1643, 146, 852
1644, 711, 740
1645, 229, 761
1646, 591, 799
1647, 223, 626
1648, 694, 712
1649, 466, 576
1650, 668, 793
1651, 713, 914
1652, 100, 671
1653, 13, 111
1654, 7, 775
1655, 658, 677
1656, 24, 980
1657, 79, 211
1658, 197, 281
1659, 510, 781
1660, 203, 825
1661, 467, 550
1662, 12, 206
1663, 28, 927
1664, 500, 649
1665, 248, 530
1666, 27, 617
1667, 232, 562
1668, 3, 94
1669, 876, 977
1670, 417, 923
1671, 455, 632
1672, 221, 612
1673, 389, 907
1674, 231, 869
1675, 80, 891
1676, 676, 782
1677, 102, 354
1678, 196, 228
1679, 884, 983
1680, 282, 944
1681, 266, 743
1682, 106, 347
1683, 398, 771
1684, 290, 501
1685, 361, 753
1686, 199, 813
1687, 277, 400
1688, 595, 706
1689, 208, 648
1690, 372, 769
1691, 18, 817
1692, 241, 790
1693, 274, 326
1694, 483, 765
1695, 716, 855
1696, 807, 898
1697, 67, 656
1698, 15, 288
1699, 63, 762
1700, 70, 526
1701, 218, 294
1702, 339, 524
1703, 338, 539
1704, 108, 573
1705, 38, 643
1706, 142, 263
1707, 310, 818
1708, 104, 109
1709, 345, 638
1710, 244, 383
1711, 439, 766
1712, 155, 952
1713, 388, 828
1714, 917, 942
1715, 169, 569
1716, 25, 661
1717, 840, 874
1718, 267, 506
1719, 428, 929
1720, 336, 525
1721, 298, 926
1722, 836, 848
1723, 113, 335
1724, 61, 586
1725, 358, 908
1726, 119, 745
1727, 686, 822
1728, 434, 757
1729, 629, 918
1730, 270, 958
1731, 447, 634
1732, 396, 431
1733, 52, 959
1734, 682, 889
1735, 64, 780
1736, 173, 546
1737, 181, 691
1738, 264, 610
1739, 35, 514
1740, 96, 132
1741, 118, 900
1742, 235, 405
1743, 97, 148
1744, 190, 670
1745, 349, 503
1746, 9, 601
1747, 865, 925
1748, 463, 688
1749, 674, 767
1750, 16, 214
1751, 152, 812
1752, 690, 887
1753, 42, 847
1754, 103, 482
1755, 323, 416
1756, 2, 91
1757, 261, 565
1758, 485, 532
1759, 95, 286
1760, 391, 752
1761, 259, 950
1762, 243, 763
1763, 73, 850
1764, 19, 992
1765, 182, 640
1766, 191, 905
1767, 794, 987
1768, 321, 731
1769, 213, 651
1770, 301, 571
1771, 222, 322
1772, 120, 633
1773, 163, 946
1774, 251, 984
1775, 164, 709
1776, 377, 433
1777, 137, 951
1778, 84, 935
1779, 554, 698
1780, 402, 938
1781, 156, 258
1782, 644, 715
1783, 337, 621
1784, 429, 559
1785, 66, 975
1786, 26, 749
1787, 552, 829
1788, 574, 669
1789, 136, 380
1790, 384, 488
1791, 465, 772
1792, 412, 901
1793, 230, 246
1794, 787, 856
1795, 355, 994
1796, 189, 932
1797, 116, 936
1798, 65, 432
1799, 134, 710
1800, 217, 253
1801, 359, 859
1802, 77, 797
1803, 150, 324
1804, 664, 692
1805, 20, 728
1806, 127, 777
1807, 30, 556
1808, 60, 159
1809, 250, 303
1810, 14, 328
1811, 62, 624
1812, 989, 990
1813, 123, 581
1814, 475, 810
1815, 122, 419
1816, 34, 187
1817, 773, 999
1818, 653, 729
1819, 939, 949
1820, 577, 589
1821, 240, 903
1822, 140, 963
1823, 861, 964
1824, 548, 684
1825, 549, 967
1826, 4, 695
1827, 101, 420
1828, 352, 502
1829, 851, 890
1830, 316, 464
1831, 32, 943
1832, 271, 594
1833, 29, 522
1834, 616, 995
1835, 545, 877
1836, 481, 498
1837, 256, 879
1838, 225, 553
1839, 449, 528
1840, 583, 854
1841, 418, 425
1842, 387, 540
1843, 529, 547
1844, 537, 832
1845, 452, 637
1846, 292, 630
1847, 567, 872
1848, 39, 348
1849, 47, 497
1850, 518, 700
1851, 437, 930
1852, 397, 401
1853, 486, 961
1854, 736, 996
1855, 875, 882
1856, 367, 704
1857, 459, 598
1858, 472, 542
1859, 44, 868
1860, 378, 734
1861, 441, 921
1862, 707, 960
1863, 317, 385
1864, 105, 894
1865, 207, 451
1866, 167, 920
1867, 650, 727
1868, 260, 815
1869, 679, 750
1870, 353, 564
1871, 283, 837
1872, 390, 660
1873, 75, 158
1874, 215, 527
1875, 154, 517
1876, 48, 811
1877, 393, 508
1878, 88, 774
1879, 413, 991
1880, 410, 512
1881, 534, 764
1882, 411, 672
1883, 51, 442
1884, 421, 886
1885, 49, 54
1886, 304, 965
1887, 144, 184
1888, 176, 723
1889, 578, 982
1890, 87, 180
1891, 210, 931
1892, 647, 830
1893, 318, 721
1894, 128, 619
1895, 332, 489
1896, 247, 566
1897, 110, 165
1898, 376, 705
1899, 72, 362
1900, 55, 57
1901, 33, 746
1902, 423, 860
1903, 588, 703
1904, 536, 955
1905, 188, 795
1906, 344, 520
1907, 568, 786
1908, 642, 846
1909, 461, 839
1910, 603, 970
1911, 474, 833
1912, 479, 783
1913, 11, 804
1914, 125, 770
1915, 511, 928
1916, 170, 470
1917, 495, 579
1918, 177, 239
1919, 435, 446
1920, 1, 409
1921, 23, 126
1922, 133, 680
1923, 201, 896
1924, 395, 864
1925, 587, 913
1926, 279, 862
1927, 293, 663
1928, 379, 722
1929, 289, 820
1930, 10, 178
1931, 313, 724
1932, 269, 516
1933, 37, 878
1934, 308, 406
1935, 226, 979
1936, 299, 814
1937, 325, 759
1938, 6, 330
1939, 143, 639
1940, 262, 717
1941, 320, 741
1942, 160, 835
1943, 112, 572
1944, 342, 849
1945, 685, 726
1946, 618, 751
1947, 600, 784
1948, 45, 276
1949, 157, 462
1950, 145, 238
1951, 340, 373
1952, 153, 758
1953, 399, 789
1954, 36, 826
1955, 494, 816
1956, 575, 892
1957, 346, 768
1958, 602, 801
1959, 909, 919
1960, 297, 834
1961, 394, 953
1962, 86, 779
1963, 183, 809
1964, 82, 407
1965, 631, 954
1966, 327, 883
1967, 50, 285
1968, 606, 737
1969, 220, 538
1970, 41, 404
1971, 114, 934
1972, 471, 853
1973, 334, 592
1974, 414, 785
1975, 460, 515
1976, 21, 31
1977, 364, 493
1978, 174, 430
1979, 224, 730
1980, 613, 756
1981, 278, 665
1982, 59, 341
1983, 607, 673
1984, 329, 599
1985, 273, 667
1986, 193, 314
1987, 98, 249
1988, 937, 993
1989, 186, 331
1990, 195, 209
1991, 141, 351
1992, 580, 582
1993, 819, 899
1994, 192, 985
1995, 168, 504
1996, 628, 880
1997, 90, 808
1998, 287, 981
1999, 93, 424
2000, 646, 744
2001, 457, 969
2002, 526, 659
2003, 53, 483
2004, 347, 703
2005, 58, 151
2006, 251, 679
2007, 402, 704
2008, 524, 817
2009, 383, 731
2010, 520, 949
2011, 107, 256
2012, 305, 993
2013, 255, 555
2014, 682, 896
2015, 396, 975
2016, 780, 784
2017, 130, 593
2018, 106, 192
2019, 311, 890
2020, 769, 926
2021, 326, 649
2022, 188, 345
2023, 332, 486
2024, 494, 692
2025, 446, 498
2026, 319, 877
2027, 201, 723
2028, 818, 918
2029, 230, 418
2030, 772, 810
2031, 428, 927
2032, 491, 531
2033, 105, 919
2034, 40, 129
2035, 92, 562
2036, 463, 511
2037, 150, 343
2038, 530, 664
2039, 693, 728
2040, 266, 802
2041, 11, 369
2042, 27, 36
2043, 409, 811
2044, 239, 379
2045, 670, 884
2046, 42, 454
2047, 38, 684
2048, 203, 609
2049, 141, 197
2050, 52, 270
2051, 346, 824
2052, 149, 882
2053, 13, 576
2054, 110, 534
2055, 540, 705
2056, 481, 968
2057, 434, 497
2058, 54, 518
2059, 779, 873
2060, 173, 357
2061, 254, 388
2062, 160, 869
2063, 527, 862
2064, 552, 709
2065, 48, 951
2066, 564, 611
2067, 588, 848
2068, 404, 492
2069, 186, 988
2070, 473, 711
2071, 440, 972
2072, 569, 768
2073, 349, 921
2074, 70, 317
2075, 60, 167
2076, 83, 333
2077, 680, 932
2078, 477, 879
2079, 80, 439
2080, 895, 920
2081, 390, 834
2082, 221, 566
2083, 366, 974
2084, 529, 922
2085, 273, 362
2086, 808, 995
2087, 208, 971
2088, 561, 842
2089, 4, 961
2090, 163, 750
2091, 220, 485
2092, 137, 415
2093, 655, 708
2094, 604, 781
2095, 169, 839
2096, 51, 376
2097, 601, 950
2098, 775, 791
2099, 78, 748
2100, 246, 909
2101, 398, 814
2102, 145, 244
2103, 68, 488
2104, 293, 487
2105, 181, 844
2106, 185, 866
2107, 183, 206
2108, 416, 504
2109, 35, 400
2110, 765, 819
2111, 12, 226
2112, 308, 560
2113, 643, 856
2114, 15, 472
2115, 252, 730
2116, 302, 368
2117, 484, 513
2118, 285, 471
2119, 324, 658
2120, 694, 885
2121, 482, 989
2122, 735, 956
2123, 193, 279
2124, 227, 570
2125, 240, 387
2126, 142, 438
2127, 102, 228
2128, 992, 997
2129, 805, 813
2130, 223, 954
2131, 253, 348
2132, 114, 459
2133, 237, 344
2134, 422, 548
2135, 861, 952
2136, 480, 955
2137, 312, 443
2138, 313, 953
2139, 5, 878
2140, 495, 640
2141, 623, 893
2142, 512, 967
2143, 314, 603
2144, 653, 794
2145, 589, 722
2146, 547, 635
2147, 144, 736
2148, 371, 538
2149, 23, 847
2150, 361, 641
2151, 45, 626
2152, 16, 325
2153, 503, 544
2154, 549, 785
2155, 26, 870
2156, 656, 702
2157, 448, 606
2158, 123, 401
2159, 853, 912
2160, 478, 600
2161, 112, 469
2162, 898, 999
2163, 633, 908
2164, 50, 90
2165, 292, 625
2166, 109, 776
2167, 508, 617
2168, 284, 517
2169, 280, 424
2170, 44, 867
2171, 25, 830
2172, 350, 662
2173, 619, 845
2174, 607, 710
2175, 315, 522
2176, 87, 674
2177, 128, 331
2178, 451, 836
2179, 89, 825
2180, 514, 835
2181, 22, 501
2182, 290, 342
2183, 557, 777
2184, 868, 979
2185, 21, 301
2186, 165, 724
2187, 263, 849
2188, 634, 860
2189, 172, 756
2190, 373, 747
2191, 370, 378
2192, 574, 701
2193, 320, 358
2194, 338, 605
2195, 101, 539
2196, 880, 940
2197, 91, 116
2198, 746, 788
2199, 84, 645
2200, 213, 630
2201, 354, 937
2202, 666, 828
2203, 897, 936
2204, 294, 792
2205, 380, 742
2206, 596, 976
2207, 75, 247
2208, 751, 900
2209, 453, 500
2210, 268, 673
2211, 624, 685
2212, 140, 166
2213, 712, 888
2214, 287, 800
2215, 257, 479
2216, 66, 88
2217, 94, 551
2218, 190, 846
2219, 49, 425
2220, 2, 321
2221, 322, 970
2222, 176, 355
2223, 732, 757
2224, 191, 660
2225, 46, 384
2226, 523, 613
2227, 316, 437
2228, 86, 413
2229, 573, 899
2230, 158, 572
2231, 155, 946
2232, 93, 300
2233, 182, 628
2234, 95, 339
2235, 377, 536
2236, 250, 449
2237, 691, 960
2238, 296, 935
2239, 33, 614
2240, 272, 901
2241, 29, 637
2242, 476, 854
2243, 462, 903
2244, 389, 579
2245, 798, 915
2246, 17, 758
2247, 218, 795
2248, 801, 983
2249, 826, 832
2250, 187, 985
2251, 429, 586
2252, 408, 414
2253, 913, 947
2254, 392, 889
2255, 568, 646
2256, 771, 958
2257, 713, 923
2258, 773, 852
2259, 212, 381
2260, 233, 519
2261, 260, 447
2262, 204, 793
2263, 831, 872
2264, 286, 395
2265, 330, 829
2266, 759, 774
2267, 209, 283
2268, 238, 470
2269, 211, 264
2270, 467, 537
2271, 20, 56
2272, 31, 698
2273, 812, 820
2274, 928, 933
2275, 565, 874
2276, 651, 753
2277, 98, 706
2278, 3, 902
2279, 554, 632
2280, 729, 931
2281, 787, 881
2282, 397, 590
2283, 423, 738
2284, 715, 841
2285, 420, 475
2286, 543, 965
2287, 229, 622
2288, 804, 815
2289, 411, 556
2290, 10, 452
2291, 103, 650
2292, 8, 374
2293, 159, 934
2294, 375, 957
2295, 714, 823
2296, 558, 948
2297, 148, 615
2298, 241, 274
2299, 309, 891
2300, 1, 32
2301, 69, 96
2302, 135, 340
2303, 337, 506
2304, 7, 67
2305, 465, 585
2306, 583, 647
2307, 304, 515
2308, 525, 636
2309, 97, 234
2310, 584, 790
2311, 431, 616
2312, 131, 363
2313, 47, 627
2314, 535, 822
2315, 119, 859
2316, 73, 118
2317, 196, 687
2318, 76, 269
2319, 281, 719
2320, 507, 991
2321, 809, 939
2322, 726, 945
2323, 99, 261
2324, 577, 741
2325, 410, 435
2326, 64, 81
2327, 55, 291
2328, 71, 595
2329, 336, 699
2330, 215, 217
2331, 546, 620
2332, 356, 904
2333, 430, 944
2334, 156, 612
2335, 205, 509
2336, 222, 474
2337, 214, 892
2338, 9, 621
2339, 41, 202
2340, 152, 563
2341, 295, 707
2342, 198, 770
2343, 580, 917
2344, 594, 688
2345, 386, 602
2346, 783, 905
2347, 341, 786
2348, 493, 875
2349, 59, 147
2350, 120, 581
2351, 178, 393
2352, 219, 364
2353, 639, 966
2354, 104, 980
2355, 669, 766
2356, 464, 510
2357, 126, 157
2358, 121, 468
2359, 132, 942
2360, 236, 667
2361, 242, 303
2362, 432, 929
2363, 57, 778
2364, 262, 677
2365, 360, 767
2366, 906, 990
2367, 700, 796
2368, 174, 638
2369, 421, 981
2370, 458, 618
2371, 18, 177
2372, 335, 764
2373, 117, 164
2374, 62, 427
2375, 161, 460
2376, 610, 642
2377, 184, 752
2378, 505, 567
2379, 224, 727
2380, 973, 986
2381, 189, 232
2382, 654, 925
2383, 718, 721
2384, 419, 661
2385, 288, 996
2386, 490, 533
2387, 100, 855
2388, 79, 367
2389, 442, 740
2390, 171, 963
2391, 657, 672
2392, 243, 436
2393, 318, 668
2394, 394, 982
2395, 578, 678
2396, 725, 745
2397, 63, 124
2398, 248, 310
2399, 265, 365
2400, 24, 28
2401, 179, 883
2402, 180, 195
2403, 553, 977
2404, 671, 827
2405, 754, 978
2406, 406, 629
2407, 139, 249
2408, 598, 675
2409, 14, 72
2410, 278, 631
2411, 385, 863
2412, 382, 455
2413, 82, 833
2414, 289, 910
2415, 444, 1000
2416, 154, 943
2417, 258, 696
2418, 686, 858
2419, 789, 843
2420, 405, 907
2421, 199, 456
2422, 39, 857
2423, 30, 587
2424, 433, 871
2425, 146, 838
2426, 599, 761
2427, 559, 821
2428, 644, 720
2429, 663, 717
2430, 61, 837
2431, 259, 359
2432, 65, 282
2433, 6, 133
2434, 353, 797
2435, 582, 840
2436, 323, 592
2437, 403, 850
2438, 108, 962
2439, 74, 441
2440, 122, 681
2441, 760, 998
2442, 162, 299
2443, 450, 816
2444, 115, 924
2445, 307, 865
2446, 77, 153
2447, 235, 695
2448, 245, 749
2449, 528, 886
2450, 19, 914
2451, 329, 689
2452, 351, 994
2453, 391, 426
2454, 85, 271
2455, 516, 541
2456, 461, 984
2457, 194, 399
2458, 676, 799
2459, 571, 739
2460, 352, 499
2461, 803, 930
2462, 542, 941
2463, 125, 412
2464, 716, 938
2465, 306, 911
2466, 175, 916
2467, 168, 665
2468, 143, 959
2469, 521, 734
2470, 591, 887
2471, 127, 134
2472, 297, 608
2473, 231, 372
2474, 806, 894
2475, 138, 864
2476, 496, 550
2477, 755, 851
2478, 210, 334
2479, 807, 964
2480, 407, 987
2481, 575, 697
2482, 690, 876
2483, 34, 170
2484, 532, 683
2485, 111, 762
2486, 200, 327
2487, 267, 545
2488, 733, 763
2489, 216, 225
2490, 277, 652
2491, 275, 744
2492, 276, 328
2493, 37, 43
2494, 597, 782
2495, 113, 136
2496, 298, 502
2497, 207, 445
2498, 489, 737
2499, 466, 648
2500, 417, 743
2501, 844, 889
2502, 254, 389
2503, 238, 772
2504, 453, 760
2505, 723, 984
2506, 353, 780
2507, 191, 404
2508, 57, 333
2509, 269, 766
2510, 878, 993
2511, 178, 412
2512, 106, 796
2513, 399, 643
2514, 19, 35
2515, 30, 759
2516, 17, 529
2517, 241, 956
2518, 95, 571
2519, 64, 440
2520, 62, 377
2521, 491, 958
2522, 293, 741
2523, 40, 54
2524, 463, 652
2525, 44, 579
2526, 24, 717
2527, 105, 719
2528, 151, 428
2529, 782, 791
2530, 87, 229
2531, 527, 580
2532, 1, 630
2533, 80, 387
2534, 90, 680
2535, 321, 447
2536, 501, 738
2537, 880, 962
2538, 130, 465
2539, 69, 537
2540, 443, 917
2541, 304, 842
2542, 252, 594
2543, 915, 996
2544, 528, 714
2545, 402, 623
2546, 473, 848
2547, 167, 887
2548, 456, 891
2549, 256, 982
2550, 478, 480
2551, 653, 989
2552, 666, 765
2553, 115, 362
2554, 119, 863
2555, 662, 855
2556, 657, 896
2557, 207, 421
2558, 226, 789
2559, 690, 781
2560, 498, 713
2561, 3, 998
2562, 865, 968
2563, 209, 605
2564, 38, 235
2565, 266, 422
2566, 322, 632
2567, 693, 805
2568, 96, 345
2569, 384, 446
2570, 118, 131
2571, 635, 639
2572, 92, 954
2573, 790, 950
2574, 468, 879
2575, 77, 471
2576, 31, 907
2577, 60, 93
2578, 211, 704
2579, 2, 26
2580, 150, 403
2581, 683, 746
2582, 99, 128
2583, 604, 886
2584, 601, 750
2585, 124, 731
2586, 285, 732
2587, 444, 467
2588, 459, 483
2589, 261, 317
2590, 223, 411
2591, 217, 858
2592, 764, 873
2593, 208, 941
2594, 486, 668
2595, 148, 513
2596, 170, 850
2597, 187, 267
2598, 45, 642
2599, 423, 928
2600, 147, 983
2601, 700, 866
2602, 416, 438
2603, 320, 414
2604, 508, 628
2605, 48, 834
2606, 386, 926
2607, 497, 659
2608, 366, 631
2609, 673, 897
2610, 388, 712
2611, 298, 776
2612, 641, 743
2613, 28, 259
2614, 156, 779
2615, 277, 634
2616, 646, 1000
2617, 127, 951
2618, 190, 354
2619, 143, 392
2620, 32, 351
2621, 255, 636
2622, 27, 355
2623, 110, 745
2624, 654, 744
2625, 260, 872
2626, 427, 877
2627, 214, 523
2628, 809, 810
2629, 55, 678
2630, 107, 300
2631, 553, 747
2632, 715, 967
2633, 755, 893
2634, 103, 923
2635, 67, 799
2636, 142, 284
2637, 749, 969
2638, 228, 761
2639, 340, 576
2640, 144, 359
2641, 817, 885
2642, 46, 319
2643, 615, 722
2644, 644, 999
2645, 74, 820
2646, 245, 273
2647, 250, 655
2648, 139, 193
2649, 415, 994
2650, 113, 577
2651, 352, 685
2652, 622, 927
2653, 475, 942
2654, 168, 448
2655, 482, 638
2656, 153, 914
2657, 83, 572
2658, 41, 797
2659, 63, 767
2660, 457, 803
2661, 247, 301
2662, 519, 677
2663, 86, 360
2664, 292, 557
2665, 793, 905
2666, 224, 316
2667, 439, 836
2668, 66, 212
2669, 385, 963
2670, 560, 931
2671, 155, 904
2672, 727, 763
2673, 437, 934
2674, 587, 814
2675, 185, 431
2676, 305, 859
2677, 222, 274
2678, 166, 231
2679, 505, 602
2680, 280, 990
2681, 173, 195
2682, 608, 751
2683, 240, 786
2684, 75, 902
2685, 665, 909
2686, 37, 903
2687, 174, 676
2688, 58, 581
2689, 310, 323
2690, 487, 845
2691, 98, 718
2692, 177, 286
2693, 129, 535
2694, 584, 882
2695, 564, 974
2696, 596, 686
2697, 539, 558
2698, 47, 770
2699, 34, 419
2700, 598, 600
2701, 123, 562
2702, 336, 694
2703, 165, 696
2704, 626, 987
2705, 346, 939
2706, 400, 671
2707, 516, 898
2708, 154, 966
2709, 894, 978
2710, 158, 670
2711, 109, 372
2712, 413, 945
2713, 691, 856
2714, 251, 656
2715, 270, 906
2716, 541, 986
2717, 152, 591
2718, 554, 647
2719, 265, 816
2720, 145, 548
2721, 7, 563
2722, 239, 343
2723, 381, 574
2724, 606, 922
2725, 122, 973
2726, 169, 800
2727, 395, 708
2728, 291, 868
2729, 433, 932
2730, 171, 522
2731, 49, 819
2732, 186, 618
2733, 458, 988
2734, 39, 769
2735, 23, 474
2736, 420, 550
2737, 688, 843
2738, 11, 441
2739, 603, 792
2740, 196, 200
2741, 97, 306
2742, 531, 949
2743, 454, 540
2744, 794, 964
2745, 613, 947
2746, 100, 995
2747, 21, 22
2748, 332, 449
2749, 822, 840
2750, 409, 841
2751, 161, 503
2752, 12, 312
2753, 201, 407
2754, 132, 506
2755, 303, 784
2756, 243, 629
2757, 88, 493
2758, 295, 687
2759, 10, 373
2760, 589, 910
2761, 79, 555
2762, 4, 418
2763, 466, 839
2764, 455, 911
2765, 220, 827
2766, 689, 847
2767, 176, 517
2768, 861, 980
2769, 828, 895
2770, 331, 398
2771, 181, 674
2772, 138, 325
2773, 380, 445
2774, 450, 489
2775, 329, 935
2776, 6, 84
2777, 121, 952
2778, 369, 890
2779, 552, 651
2780, 279, 393
2781, 180, 225
2782, 462, 590
2783, 494, 846
2784, 401, 876
2785, 857, 892
2786, 570, 711
2787, 230, 739
2788, 410, 970
2789, 257, 658
2790, 692, 985
2791, 183, 672
2792, 114, 663
2793, 849, 924
2794, 188, 633
2795, 8, 512
2796, 282, 774
2797, 314, 593
2798, 61, 566
2799, 278, 812
2800, 263, 547
2801, 134, 198
2802, 337, 472
2803, 56, 307
2804, 20, 324
2805, 184, 368
2806, 586, 729
2807, 675, 783
2808, 112, 543
2809, 234, 308
2810, 496, 777
2811, 82, 378
2812, 899, 938
2813, 429, 617
2814, 59, 807
2815, 573, 753
2816, 679, 733
2817, 189, 852
2818, 89, 908
2819, 205, 716
2820, 202, 408
2821, 521, 684
2822, 477, 752
2823, 111, 975
2824, 460, 740
2825, 157, 888
2826, 383, 913
2827, 108, 133
2828, 592, 831
2829, 25, 318
2830, 367, 854
2831, 334, 698
2832, 435, 826
2833, 210, 221
2834, 179, 875
2835, 126, 614
2836, 500, 961
2837, 313, 918
2838, 434, 725
2839, 525, 595
2840, 583, 681
2841, 70, 869
2842, 339, 664
2843, 645, 937
2844, 149, 637
2845, 376, 773
2846, 116, 244
2847, 137, 585
2848, 268, 533
2849, 216, 705
2850, 436, 504
2851, 85, 929
2852, 13, 900
2853, 944, 960
2854, 135, 246
2855, 405, 509
2856, 213, 735
2857, 616, 669
2858, 104, 276
2859, 350, 470
2860, 141, 851
2861, 701, 883
2862, 237, 884
2863, 640, 912
2864, 160, 833
2865, 29, 290
2866, 620, 811
2867, 287, 358
2868, 311, 823
2869, 71, 650
2870, 396, 864
2871, 511, 916
2872, 65, 955
2873, 734, 758
2874, 425, 451
2875, 289, 660
2876, 921, 930
2877, 50, 565
2878, 648, 824
2879, 391, 871
2880, 490, 649
2881, 515, 972
2882, 338, 607
2883, 442, 695
2884, 271, 597
2885, 218, 867
2886, 549, 788
2887, 344, 682
2888, 561, 742
2889, 52, 568
2890, 611, 710
2891, 117, 510
2892, 365, 925
2893, 578, 832
2894, 94, 140
2895, 730, 771
2896, 36, 417
2897, 361, 874
2898, 330, 726
2899, 348, 485
2900, 627, 946
2901, 469, 481
2902, 215, 599
2903, 146, 707
2904, 101, 461
2905, 288, 754
2906, 502, 757
2907, 342, 815
2908, 588, 785
2909, 619, 901
2910, 302, 737
2911, 33, 709
2912, 762, 830
2913, 136, 699
2914, 804, 953
2915, 9, 192
2916, 825, 979
2917, 249, 621
2918, 76, 545
2919, 801, 870
2920, 81, 375
2921, 194, 940
2922, 357, 706
2923, 371, 424
2924, 78, 933
2925, 125, 981
2926, 253, 697
2927, 163, 787
2928, 394, 959
2929, 53, 73
2930, 72, 390
2931, 236, 948
2932, 262, 736
2933, 182, 476
2934, 275, 518
2935, 484, 837
2936, 374, 756
2937, 206, 624
2938, 569, 661
2939, 479, 778
2940, 612, 703
2941, 172, 965
2942, 341, 829
2943, 546, 808
2944, 495, 524
2945, 272, 299
2946, 51, 724
2947, 14, 281
2948, 16, 219
2949, 432, 514
2950, 328, 582
2951, 721, 936
2952, 464, 835
2953, 233, 258
2954, 551, 768
2955, 15, 992
2956, 296, 335
2957, 556, 957
2958, 204, 575
2959, 347, 806
2960, 720, 943
2961, 363, 430
2962, 452, 775
2963, 68, 538
2964, 227, 283
2965, 370, 976
2966, 536, 838
2967, 120, 534
2968, 248, 795
2969, 542, 559
2970, 971, 997
2971, 199, 242
2972, 667, 853
2973, 164, 818
2974, 364, 881
2975, 91, 544
2976, 203, 349
2977, 42, 397
2978, 315, 728
2979, 197, 294
2980, 499, 748
2981, 520, 567
2982, 18, 264
2983, 526, 821
2984, 532, 609
2985, 702, 813
2986, 43, 802
2987, 406, 920
2988, 159, 426
2989, 102, 862
2990, 297, 860
2991, 232, 530
2992, 488, 798
2993, 175, 507
2994, 5, 162
2995, 309, 625
2996, 356, 919
2997, 610, 991
2998, 326, 382
2999, 327, 379
3000, 492, 977
3001, 652, 908
3002, 726, 728
3003, 176, 383
3004, 317, 562
3005, 310, 422
3006, 53, 801
3007, 472, 597
3008, 382, 490
3009, 341, 402
3010, 835, 978
3011, 279, 654
3012, 159, 300
3013, 125, 232
3014, 353, 657
3015, 218, 879
3016, 725, 883
3017, 245, 630
3018, 130, 681
3019, 716, 889
3020, 471, 513
3021, 64, 281
3022, 294, 924
3023, 165, 303
3024, 161, 321
3025, 314, 832
3026, 32, 67
3027, 178, 713
3028, 448, 501
3029, 617, 809
3030, 624, 995
3031, 457, 666
3032, 57, 129
3033, 424, 768
3034, 447, 587
3035, 610, 920
3036, 606, 623
3037, 226, 884
3038, 659, 869
3039, 246, 948
3040, 20, 459
3041, 181, 677
3042, 173, 415
3043, 653, 857
3044, 201, 645
3045, 356, 582
3046, 469, 709
3047, 291, 689
3048, 289, 590
3049, 651, 688
3050, 215, 697
3051, 737, 866
3052, 319, 774
3053, 312, 888
3054, 17, 843
3055, 58, 208
3056, 290, 802
3057, 187, 486
3058, 66, 306
3059, 225, 680
3060, 118, 732
3061, 292, 621
3062, 203, 295
3063, 137, 222
3064, 199, 593
3065, 625, 961
3066, 408, 419
3067, 48, 328
3068, 200, 278
3069, 642, 683
3070, 946, 996
3071, 193, 432
3072, 97, 547
3073, 366, 380
3074, 213, 951
3075, 79, 498
3076, 748, 981
3077, 729, 841
3078, 359, 936
3079, 362, 931
3080, 10, 150
3081, 76, 534
3082, 39, 252
3083, 189, 619
3084, 543, 573
3085, 217, 618
3086, 700, 776
3087, 12, 738
3088, 207, 810
3089, 22, 773
3090, 538, 548
3091, 718, 990
3092, 298, 790
3093, 404, 506
3094, 168, 717
3095, 596, 604
3096, 561, 909
3097, 211, 567
3098, 468, 519
3099, 615, 917
3100, 220, 309
3101, 442, 663
3102, 439, 541
3103, 16, 355
3104, 658, 796
3105, 148, 1000
3106, 108, 126
3107, 55, 438
3108, 107, 166
3109, 325, 454
3110, 446, 485
3111, 784, 786
3112, 235, 640
3113, 361, 647
3114, 715, 880
3115, 236, 445
3116, 45, 520
3117, 83, 644
3118, 124, 285
3119, 109, 894
3120, 342, 665
3121, 84, 724
3122, 340, 602
3123, 38, 160
3124, 535, 814
3125, 436, 558
3126, 102, 123
3127, 77, 778
3128, 578, 668
3129, 499, 935
3130, 522, 704
3131, 9, 264
3132, 44, 391
3133, 326, 414
3134, 46, 692
3135, 330, 992
3136, 628, 816
3137, 783, 825
3138, 120, 999
3139, 299, 864
3140, 425, 745
3141, 146, 315
3142, 339, 589
3143, 223, 950
3144, 611, 799
3145, 34, 214
3146, 830, 862
3147, 433, 973
3148, 42, 244
3149, 655, 851
3150, 28, 546
3151, 195, 633
3152, 272, 607
3153, 503, 711
3154, 52, 145
3155, 839, 953
3156, 202, 470
3157, 357, 759
3158, 143, 958
3159, 271, 820
3160, 925, 927
3161, 302, 749
3162, 155, 434
3163, 345, 895
3164, 461, 583
3165, 114, 435
3166, 580, 660
3167, 144, 620
3168, 631, 753
3169, 350, 673
3170, 710, 847
3171, 712, 910
3172, 430, 452
3173, 308, 392
3174, 239, 369
3175, 747, 777
3176, 91, 554
3177, 188, 960
3178, 463, 827
3179, 959, 987
3180, 132, 219
3181, 170, 475
3182, 863, 933
3183, 336, 687
3184, 384, 994
3185, 158, 460
3186, 379, 675
3187, 105, 247
3188, 826, 957
3189, 169, 781
3190, 47, 167
3191, 458, 563
3192, 750, 998
3193, 152, 257
3194, 85, 641
3195, 60, 372
3196, 407, 736
3197, 386, 901
3198, 267, 865
3199, 21, 453
3200, 348, 721
3201, 258, 670
3202, 87, 333
3203, 420, 634
3204, 27, 794
3205, 73, 518
3206, 196, 526
3207, 1, 90
3208, 249, 789
3209, 450, 661
3210, 5, 585
3211, 198, 381
3212, 770, 852
3213, 3, 943
3214, 18, 474
3215, 426, 859
3216, 80, 282
3217, 385, 405
3218, 177, 872
3219, 100, 842
3220, 41, 136
3221, 406, 854
3222, 49, 549
3223, 367, 902
3224, 451, 544
3225, 514, 705
3226, 62, 465
3227, 389, 608
3228, 676, 807
3229, 368, 565
3230, 156, 473
3231, 265, 591
3232, 36, 823
3233, 233, 648
3234, 206, 560
3235, 488, 769
3236, 88, 836
3237, 288, 942
3238, 572, 929
3239, 743, 997
3240, 216, 707
3241, 248, 287
3242, 371, 553
3243, 479, 512
3244, 570, 962
3245, 510, 581
3246, 393, 791
3247, 75, 694
3248, 742, 897
3249, 667, 913
3250, 455, 874
3251, 327, 976
3252, 212, 780
3253, 410, 627
3254, 254, 876
3255, 629, 886
3256, 205, 803
3257, 71, 723
3258, 399, 782
3259, 318, 636
3260, 139, 970
3261, 157, 775
3262, 527, 614
3263, 174, 787
3264, 637, 730
3265, 779, 882
3266, 444, 727
3267, 175, 944
3268, 374, 772
3269, 210, 649
3270, 413, 795
3271, 632, 881
3272, 403, 947
3273, 209, 334
3274, 755, 761
3275, 539, 542
3276, 846, 905
3277, 111, 858
3278, 916, 938
3279, 6, 850
3280, 234, 284
3281, 313, 845
3282, 476, 586
3283, 411, 966
3284, 122, 969
3285, 297, 467
3286, 94, 530
3287, 184, 598
3288, 365, 529
3289, 797, 837
3290, 764, 867
3291, 69, 276
3292, 489, 568
3293, 848, 855
3294, 337, 941
3295, 571, 885
3296, 756, 928
3297, 29, 377
3298, 140, 817
3299, 224, 964
3300, 8, 240
3301, 14, 500
3302, 349, 409
3303, 569, 989
3304, 261, 703
3305, 352, 754
3306, 556, 856
3307, 127, 584
3308, 363, 699
3309, 56, 574
3310, 116, 595
3311, 511, 988
3312, 400, 758
3313, 40, 926
3314, 592, 919
3315, 387, 395
3316, 785, 818
3317, 135, 635
3318, 346, 993
3319, 112, 600
3320, 609, 762
3321, 230, 975
3322, 119, 956
3323, 72, 480
3324, 323, 679
3325, 31, 320
3326, 335, 515
3327, 63, 808
3328, 331, 517
3329, 800, 853
3330, 221, 706
3331, 416, 566
3332, 622, 740
3333, 626, 986
3334, 805, 844
3335, 269, 714
3336, 162, 260
3337, 104, 557
3338, 147, 849
3339, 93, 482
3340, 373, 974
3341, 194, 815
3342, 263, 965
3343, 26, 268
3344, 15, 151
3345, 283, 824
3346, 305, 980
3347, 4, 497
3348, 7, 61
3349, 822, 833
3350, 98, 523
3351, 449, 757
3352, 722, 903
3353, 51, 788
3354, 250, 915
3355, 507, 616
3356, 24, 437
3357, 524, 533
3358, 30, 702
3359, 78, 550
3360, 274, 971
3361, 900, 972
3362, 141, 307
3363, 477, 878
3364, 65, 891
3365, 54, 685
3366, 293, 662
3367, 456, 914
3368, 138, 871
3369, 322, 672
3370, 329, 682
3371, 11, 861
3372, 428, 464
3373, 301, 354
3374, 241, 698
3375, 186, 656
3376, 133, 930
3377, 552, 949
3378, 376, 577
3379, 509, 588
3380, 275, 594
3381, 358, 991
3382, 106, 708
3383, 68, 793
3384, 50, 760
3385, 579, 671
3386, 493, 977
3387, 739, 921
3388, 131, 564
3389, 375, 441
3390, 316, 494
3391, 82, 937
3392, 253, 860
3393, 412, 601
3394, 59, 394
3395, 163, 873
3396, 481, 733
3397, 179, 229
3398, 720, 840
3399, 242, 898
3400, 191, 967
3401, 92, 638
3402, 344, 491
3403, 390, 603
3404, 431, 767
3405, 101, 142
3406, 555, 650
3407, 338, 811
3408, 121, 417
3409, 360, 955
3410, 273, 378
3411, 99, 197
3412, 81, 164
3413, 149, 262
3414, 103, 228
3415, 286, 979
3416, 804, 896
3417, 505, 766
3418, 172, 912
3419, 605, 752
3420, 33, 904
3421, 2, 70
3422, 154, 899
3423, 185, 227
3424, 74, 939
3425, 134, 324
3426, 427, 765
3427, 537, 696
3428, 484, 819
3429, 396, 508
3430, 812, 831
3431, 192, 559
3432, 183, 421
3433, 575, 963
3434, 678, 806
3435, 576, 952
3436, 95, 495
3437, 536, 834
3438, 35, 734
3439, 343, 868
3440, 238, 370
3441, 364, 771
3442, 695, 887
3443, 23, 86
3444, 691, 934
3445, 115, 540
3446, 664, 940
3447, 204, 982
3448, 89, 613
3449, 639, 892
3450, 182, 251
3451, 153, 171
3452, 180, 332
3453, 890, 983
3454, 19, 643
3455, 440, 751
3456, 296, 932
3457, 347, 401
3458, 504, 599
3459, 483, 525
3460, 462, 893
3461, 684, 693
3462, 231, 798
3463, 741, 829
3464, 237, 418
3465, 256, 945
3466, 443, 545
3467, 744, 813
3468, 280, 423
3469, 397, 968
3470, 351, 686
3471, 551, 821
3472, 516, 954
3473, 110, 311
3474, 531, 870
3475, 478, 521
3476, 13, 735
3477, 690, 877
3478, 731, 792
3479, 907, 922
3480, 113, 674
3481, 492, 612
3482, 266, 277
3483, 763, 984
3484, 304, 828
3485, 37, 128
3486, 96, 270
3487, 117, 528
3488, 190, 701
3489, 911, 985
3490, 43, 719
3491, 502, 838
3492, 496, 669
3493, 243, 746
3494, 25, 918
3495, 255, 487
3496, 429, 875
3497, 906, 923
3498, 398, 466
3499, 259, 388
3500, 532, 646
3501, 118, 355
3502, 26, 973
3503, 361, 627
3504, 721, 782
3505, 140, 772
3506, 42, 289
3507, 507, 750
3508, 64, 521
3509, 69, 85
3510, 282, 655
3511, 741, 742
3512, 630, 674
3513, 657, 708
3514, 432, 704
3515, 775, 849
3516, 59, 652
3517, 485, 899
3518, 262, 315
3519, 160, 956
3520, 277, 864
3521, 252, 1000
3522, 303, 437
3523, 73, 525
3524, 185, 725
3525, 377, 576
3526, 107, 156
3527, 701, 826
3528, 45, 484
3529, 131, 275
3530, 298, 410
3531, 604, 862
3532, 547, 822
3533, 537, 601
3534, 91, 842
3535, 543, 618
3536, 61, 357
3537, 125, 575
3538, 767, 777
3539, 561, 766
3540, 174, 569
3541, 80, 593
3542, 641, 855
3543, 392, 639
3544, 221, 290
3545, 513, 989
3546, 408, 488
3547, 173, 886
3548, 20, 371
3549, 838, 928
3550, 120, 445
3551, 522, 921
3552, 274, 677
3553, 181, 848
3554, 97, 853
3555, 227, 811
3556, 171, 448
3557, 349, 389
3558, 327, 829
3559, 520, 609
3560, 573, 649
3561, 60, 728
3562, 126, 753
3563, 658, 691
3564, 645, 727
3565, 177, 758
3566, 533, 738
3567, 326, 670
3568, 226, 752
3569, 405, 531
3570, 92, 549
3571, 152, 819
3572, 381, 792
3573, 378, 779
3574, 466, 773
3575, 352, 482
3576, 684, 879
3577, 67, 391
3578, 241, 294
3579, 154, 807
3580, 539, 988
3581, 283, 760
3582, 470, 557
3583, 112, 567
3584, 24, 863
3585, 673, 746
3586, 122, 751
3587, 248, 566
3588, 497, 498
3589, 509, 972
3590, 300, 740
3591, 491, 572
3592, 439, 553
3593, 858, 911
3594, 688, 693
3595, 235, 319
3596, 23, 880
3597, 308, 804
3598, 34, 54
3599, 783, 895
3600, 98, 457
3601, 267, 907
3602, 590, 969
3603, 587, 894
3604, 193, 529
3605, 597, 865
3606, 363, 637
3607, 801, 809
3608, 266, 305
3609, 595, 806
3610, 242, 387
3611, 115, 375
3612, 137, 909
3613, 62, 937
3614, 256, 888
3615, 329, 612
3616, 78, 238
3617, 71, 127
3618, 148, 442
3619, 260, 854
3620, 611, 813
3621, 276, 941
3622, 462, 694
3623, 739, 950
3624, 393, 889
3625, 139, 444
3626, 49, 624
3627, 486, 793
3628, 594, 985
3629, 469, 868
3630, 449, 500
3631, 702, 906
3632, 386, 778
3633, 105, 337
3634, 830, 925
3635, 76, 183
3636, 324, 340
3637, 7, 898
3638, 29, 784
3639, 406, 443
3640, 511, 847
3641, 578, 633
3642, 625, 965
3643, 523, 695
3644, 87, 460
3645, 143, 145
3646, 634, 885
3647, 33, 418
3648, 541, 632
3649, 25, 995
3650, 689, 785
3651, 161, 945
3652, 291, 955
3653, 189, 992
3654, 251, 954
3655, 564, 583
3656, 580, 818
3657, 562, 671
3658, 136, 538
3659, 249, 313
3660, 58, 483
3661, 346, 713
3662, 714, 887
3663, 186, 373
3664, 38, 635
3665, 191, 495
3666, 477, 876
3667, 878, 922
3668, 709, 832
3669, 342, 459
3670, 243, 859
3671, 111, 503
3672, 388, 722
3673, 304, 396
3674, 188, 559
3675, 527, 841
3676, 808, 835
3677, 219, 526
3678, 696, 797
3679, 351, 665
3680, 302, 971
3681, 762, 861
3682, 540, 994
3683, 51, 433
3684, 299, 429
3685, 402, 817
3686, 16, 79
3687, 456, 626
3688, 453, 517
3689, 532, 763
3690, 83, 744
3691, 292, 341
3692, 254, 422
3693, 732, 799
3694, 209, 837
3695, 223, 268
3696, 32, 682
3697, 803, 820
3698, 400, 914
3699, 331, 798
3700, 372, 877
3701, 382, 997
3702, 144, 411
3703, 237, 616
3704, 589, 966
3705, 8, 472
3706, 370, 913
3707, 17, 979
3708, 255, 577
3709, 591, 787
3710, 296, 501
3711, 93, 802
3712, 184, 425
3713, 679, 999
3714, 169, 318
3715, 66, 654
3716, 623, 789
3717, 508, 560
3718, 100, 261
3719, 279, 944
3720, 403, 584
3721, 172, 646
3722, 147, 613
3723, 263, 915
3724, 190, 686
3725, 454, 530
3726, 606, 757
3727, 692, 919
3728, 271, 571
3729, 479, 952
3730, 52, 269
3731, 257, 417
3732, 202, 228
3733, 13, 90
3734, 74, 117
3735, 672, 788
3736, 285, 901
3737, 250, 908
3738, 354, 821
3739, 398, 958
3740, 28, 558
3741, 286, 827
3742, 436, 873
3743, 46, 72
3744, 640, 968
3745, 99, 465
3746, 65, 582
3747, 47, 916
3748, 133, 273
3749, 70, 316
3750, 496, 781
3751, 335, 412
3752, 440, 605
3753, 669, 867
3754, 831, 982
3755, 450, 815
3756, 434, 774
3757, 245, 934
3758, 208, 461
3759, 360, 733
3760, 619, 628
3761, 168, 492
3762, 314, 715
3763, 426, 636
3764, 534, 851
3765, 109, 345
3766, 195, 599
3767, 516, 519
3768, 383, 404
3769, 791, 943
3770, 568, 678
3771, 419, 475
3772, 210, 574
3773, 617, 990
3774, 196, 846
3775, 43, 205
3776, 103, 309
3777, 232, 602
3778, 776, 845
3779, 203, 729
3780, 468, 734
3781, 9, 427
3782, 134, 306
3783, 40, 334
3784, 810, 964
3785, 430, 947
3786, 473, 499
3787, 96, 421
3788, 199, 390
3789, 200, 207
3790, 663, 840
3791, 11, 180
3792, 330, 518
3793, 451, 768
3794, 108, 554
3795, 343, 961
3796, 563, 598
3797, 149, 680
3798, 307, 536
3799, 353, 487
3800, 369, 401
3801, 681, 933
3802, 218, 471
3803, 212, 735
3804, 53, 399
3805, 362, 930
3806, 114, 759
3807, 224, 897
3808, 39, 896
3809, 167, 368
3810, 163, 542
3811, 467, 622
3812, 101, 924
3813, 57, 217
3814, 281, 676
3815, 1, 77
3816, 585, 659
3817, 642, 814
3818, 344, 903
3819, 151, 615
3820, 535, 870
3821, 310, 435
3822, 259, 703
3823, 551, 884
3824, 301, 384
3825, 135, 726
3826, 380, 648
3827, 258, 720
3828, 754, 960
3829, 552, 631
3830, 211, 984
3831, 170, 698
3832, 287, 794
3833, 481, 700
3834, 182, 431
3835, 179, 220
3836, 687, 823
3837, 365, 932
3838, 175, 675
3839, 192, 683
3840, 178, 379
3841, 162, 872
3842, 37, 311
3843, 50, 857
3844, 621, 946
3845, 153, 970
3846, 36, 706
3847, 82, 347
3848, 764, 843
3849, 88, 743
3850, 724, 839
3851, 246, 293
3852, 423, 596
3853, 515, 664
3854, 494, 723
3855, 89, 662
3856, 438, 927
3857, 106, 736
3858, 407, 638
3859, 84, 489
3860, 874, 983
3861, 474, 710
3862, 19, 592
3863, 124, 415
3864, 230, 712
3865, 510, 938
3866, 748, 948
3867, 409, 668
3868, 512, 546
3869, 980, 986
3870, 717, 825
3871, 749, 923
3872, 902, 936
3873, 653, 795
3874, 104, 949
3875, 236, 871
3876, 643, 918
3877, 81, 502
3878, 424, 608
3879, 12, 951
3880, 644, 833
3881, 225, 322
3882, 18, 68
3883, 75, 651
3884, 336, 929
3885, 647, 780
3886, 123, 890
3887, 588, 905
3888, 581, 920
3889, 213, 321
3890, 550, 620
3891, 95, 150
3892, 312, 458
3893, 272, 328
3894, 113, 204
3895, 264, 856
3896, 194, 852
3897, 229, 565
3898, 15, 548
3899, 385, 394
3900, 206, 685
3901, 129, 661
3902, 110, 940
3903, 27, 278
3904, 138, 556
3905, 414, 505
3906, 201, 660
3907, 761, 836
3908, 215, 332
3909, 166, 755
3910, 119, 233
3911, 358, 987
3912, 116, 716
3913, 455, 790
3914, 165, 607
3915, 198, 446
3916, 157, 975
3917, 130, 981
3918, 214, 397
3919, 374, 719
3920, 935, 991
3921, 94, 452
3922, 2, 892
3923, 56, 718
3924, 586, 860
3925, 441, 747
3926, 882, 998
3927, 528, 614
3928, 570, 603
3929, 265, 900
3930, 731, 957
3931, 891, 926
3932, 231, 850
3933, 10, 413
3934, 41, 824
3935, 323, 667
3936, 800, 974
3937, 629, 737
3938, 247, 910
3939, 164, 297
3940, 280, 881
3941, 796, 978
3942, 158, 545
3943, 176, 240
3944, 463, 478
3945, 244, 942
3946, 295, 579
3947, 86, 367
3948, 253, 464
3949, 187, 317
3950, 5, 904
3951, 234, 493
3952, 504, 769
3953, 338, 816
3954, 348, 350
3955, 132, 600
3956, 524, 697
3957, 490, 962
3958, 770, 993
3959, 514, 844
3960, 828, 834
3961, 21, 102
3962, 339, 428
3963, 875, 953
3964, 128, 376
3965, 30, 447
3966, 288, 707
3967, 141, 959
3968, 63, 480
3969, 650, 711
3970, 44, 476
3971, 705, 786
3972, 6, 555
3973, 35, 977
3974, 765, 866
3975, 805, 963
3976, 3, 544
3977, 239, 745
3978, 333, 939
3979, 121, 284
3980, 48, 142
3981, 159, 222
3982, 146, 690
3983, 730, 996
3984, 22, 155
3985, 31, 666
3986, 197, 506
3987, 359, 364
3988, 14, 416
3989, 4, 917
3990, 610, 893
3991, 320, 356
3992, 883, 976
3993, 55, 216
3994, 366, 420
3995, 699, 869
3996, 325, 812
3997, 656, 771
3998, 756, 912
3999, 395, 967
4000, 270, 931
