id, img1, img2
1, 319, 831
2, 56, 948
3, 449, 594
4, 657, 690
5, 564, 930
6, 183, 880
7, 557, 727
8, 634, 646
9, 630, 844
10, 206, 905
11, 169, 895
12, 348, 980
13, 431, 477
14, 442, 898
15, 156, 468
16, 773, 953
17, 494, 635
18, 63, 896
19, 104, 889
20, 200, 221
21, 356, 791
22, 614, 771
23, 44, 474
24, 57, 871
25, 766, 843
26, 36, 402
27, 195, 632
28, 241, 445
29, 120, 514
30, 48, 103
31, 115, 419
32, 282, 853
33, 38, 563
34, 237, 883
35, 47, 531
36, 573, 592
37, 425, 566
38, 382, 937
39, 43, 876
40, 216, 735
41, 891, 910
42, 440, 696
43, 60, 211
44, 639, 920
45, 691, 805
46, 625, 769
47, 59, 230
48, 74, 287
49, 596, 737
50, 550, 672
51, 153, 281
52, 651, 945
53, 82, 496
54, 785, 973
55, 209, 228
56, 834, 847
57, 128, 906
58, 375, 819
59, 149, 950
60, 22, 173
61, 520, 723
62, 138, 537
63, 866, 955
64, 250, 413
65, 158, 740
66, 110, 162
67, 459, 731
68, 278, 899
69, 412, 833
70, 464, 867
71, 95, 135
72, 530, 721
73, 260, 611
74, 9, 131
75, 81, 159
76, 5, 780
77, 269, 656
78, 359, 961
79, 127, 541
80, 161, 417
81, 245, 358
82, 108, 181
83, 220, 641
84, 649, 754
85, 717, 753
86, 238, 824
87, 19, 373
88, 423, 841
89, 18, 105
90, 512, 821
91, 294, 745
92, 505, 768
93, 259, 488
94, 309, 529
95, 146, 487
96, 708, 952
97, 24, 283
98, 231, 345
99, 12, 170
100, 222, 636
101, 85, 967
102, 581, 583
103, 575, 781
104, 207, 681
105, 157, 621
106, 789, 956
107, 177, 803
108, 353, 545
109, 296, 839
110, 204, 799
111, 406, 881
112, 469, 733
113, 223, 338
114, 229, 697
115, 77, 710
116, 268, 502
117, 213, 946
118, 461, 572
119, 273, 914
120, 688, 856
121, 500, 588
122, 242, 337
123, 555, 818
124, 376, 918
125, 627, 711
126, 325, 660
127, 692, 776
128, 700, 718
129, 689, 729
130, 604, 855
131, 658, 890
132, 392, 779
133, 310, 316
134, 117, 129
135, 51, 224
136, 371, 465
137, 275, 985
138, 88, 767
139, 372, 489
140, 208, 925
141, 586, 939
142, 327, 665
143, 124, 478
144, 311, 668
145, 272, 456
146, 495, 509
147, 133, 313
148, 409, 928
149, 357, 638
150, 175, 854
151, 559, 686
152, 140, 466
153, 547, 872
154, 277, 904
155, 507, 612
156, 626, 947
157, 293, 933
158, 435, 942
159, 518, 720
160, 347, 874
161, 118, 243
162, 40, 540
163, 467, 897
164, 288, 705
165, 515, 772
166, 197, 569
167, 427, 662
168, 602, 738
169, 185, 395
170, 613, 987
171, 873, 995
172, 109, 764
173, 957, 964
174, 390, 580
175, 180, 549
176, 179, 811
177, 186, 292
178, 73, 652
179, 622, 826
180, 265, 923
181, 29, 33
182, 497, 624
183, 171, 806
184, 164, 969
185, 235, 331
186, 122, 808
187, 485, 571
188, 393, 677
189, 254, 360
190, 703, 863
191, 684, 775
192, 299, 551
193, 715, 783
194, 198, 548
195, 426, 882
196, 20, 664
197, 809, 810
198, 685, 752
199, 539, 543
200, 42, 130
201, 335, 463
202, 719, 732
203, 78, 139
204, 125, 318
205, 191, 877
206, 460, 750
207, 326, 878
208, 263, 535
209, 49, 722
210, 343, 682
211, 349, 351
212, 443, 704
213, 190, 619
214, 258, 394
215, 178, 182
216, 194, 504
217, 595, 709
218, 11, 836
219, 39, 701
220, 526, 562
221, 655, 849
222, 91, 813
223, 410, 453
224, 142, 253
225, 533, 861
226, 901, 909
227, 534, 644
228, 1, 167
229, 26, 214
230, 391, 687
231, 89, 346
232, 65, 448
233, 295, 481
234, 163, 587
235, 266, 838
236, 37, 804
237, 800, 959
238, 653, 661
239, 255, 807
240, 239, 249
241, 490, 842
242, 340, 527
243, 525, 823
244, 86, 284
245, 21, 210
246, 384, 798
247, 511, 921
248, 523, 845
249, 79, 305
250, 434, 988
251, 150, 846
252, 886, 907
253, 524, 603
254, 286, 369
255, 407, 570
256, 553, 743
257, 97, 607
258, 631, 726
259, 199, 968
260, 83, 401
261, 424, 742
262, 8, 922
263, 7, 610
264, 998, 1000
265, 107, 379
266, 302, 960
267, 670, 790
268, 233, 683
269, 498, 760
270, 25, 368
271, 915, 917
272, 486, 857
273, 482, 885
274, 72, 667
275, 516, 693
276, 991, 999
277, 304, 848
278, 383, 908
279, 306, 927
280, 438, 993
281, 517, 938
282, 92, 850
283, 457, 560
284, 387, 458
285, 148, 749
286, 126, 385
287, 102, 975
288, 270, 712
289, 528, 982
290, 792, 941
291, 134, 728
292, 312, 698
293, 615, 645
294, 342, 674
295, 80, 212
296, 759, 926
297, 248, 328
298, 879, 894
299, 261, 339
300, 446, 532
301, 452, 990
302, 244, 584
303, 112, 650
304, 476, 801
305, 256, 858
306, 576, 865
307, 513, 977
308, 17, 851
309, 377, 825
310, 136, 758
311, 676, 943
312, 100, 400
313, 187, 418
314, 428, 919
315, 454, 784
316, 519, 669
317, 35, 165
318, 257, 962
319, 70, 114
320, 193, 396
321, 421, 473
322, 398, 795
323, 430, 724
324, 317, 499
325, 307, 408
326, 66, 597
327, 58, 852
328, 152, 591
329, 593, 972
330, 321, 590
331, 271, 884
332, 116, 552
333, 774, 827
334, 354, 663
335, 154, 996
336, 414, 875
337, 362, 814
338, 366, 935
339, 341, 629
340, 290, 816
341, 205, 762
342, 34, 251
343, 201, 744
344, 69, 963
345, 322, 480
346, 374, 929
347, 542, 666
348, 227, 870
349, 333, 822
350, 298, 455
351, 725, 747
352, 397, 633
353, 111, 679
354, 15, 608
355, 84, 951
356, 680, 787
357, 815, 944
358, 176, 420
359, 746, 829
360, 188, 840
361, 145, 934
362, 113, 332
363, 32, 53
364, 314, 577
365, 174, 334
366, 218, 399
367, 756, 830
368, 219, 782
369, 217, 416
370, 147, 770
371, 538, 605
372, 364, 508
373, 386, 574
374, 567, 707
375, 27, 303
376, 132, 912
377, 192, 544
378, 98, 802
379, 415, 958
380, 483, 620
381, 55, 285
382, 429, 598
383, 94, 565
384, 101, 864
385, 479, 714
386, 240, 361
387, 10, 196
388, 236, 777
389, 330, 422
390, 404, 695
391, 280, 739
392, 859, 986
393, 388, 981
394, 589, 730
395, 484, 694
396, 378, 970
397, 470, 493
398, 99, 793
399, 860, 893
400, 64, 450
401, 736, 913
402, 579, 673
403, 491, 757
404, 554, 911
405, 13, 637
406, 623, 741
407, 344, 578
408, 16, 748
409, 492, 600
410, 52, 556
411, 90, 363
412, 462, 546
413, 61, 300
414, 868, 984
415, 4, 796
416, 234, 832
417, 121, 324
418, 62, 734
419, 451, 892
420, 370, 648
421, 352, 828
422, 226, 949
423, 276, 887
424, 329, 965
425, 439, 640
426, 96, 902
427, 203, 751
428, 3, 862
429, 835, 900
430, 279, 931
431, 144, 536
432, 521, 522
433, 389, 966
434, 76, 936
435, 350, 601
436, 31, 647
437, 365, 837
438, 264, 323
439, 202, 628
440, 41, 989
441, 599, 786
442, 106, 437
443, 30, 252
444, 411, 659
445, 46, 432
446, 172, 561
447, 28, 315
448, 119, 501
449, 137, 289
450, 54, 93
451, 160, 706
452, 763, 976
453, 675, 916
454, 558, 609
455, 308, 713
456, 168, 336
457, 405, 510
458, 471, 699
459, 671, 812
460, 606, 954
461, 143, 155
462, 68, 983
463, 247, 444
464, 447, 974
465, 380, 403
466, 75, 778
467, 50, 151
468, 436, 503
469, 643, 978
470, 45, 166
471, 225, 997
472, 14, 678
473, 472, 924
474, 2, 568
475, 232, 888
476, 355, 642
477, 6, 817
478, 141, 994
479, 274, 761
480, 433, 820
481, 246, 262
482, 184, 716
483, 67, 869
484, 582, 765
485, 71, 617
486, 23, 367
487, 585, 616
488, 123, 267
489, 475, 979
490, 320, 506
491, 297, 940
492, 291, 797
493, 381, 992
494, 87, 618
495, 215, 654
496, 903, 932
497, 702, 755
498, 189, 788
499, 441, 794
500, 301, 971
501, 588, 637
502, 281, 915
503, 12, 542
504, 7, 624
505, 555, 900
506, 149, 312
507, 155, 324
508, 627, 662
509, 294, 467
510, 356, 537
511, 309, 790
512, 265, 855
513, 400, 541
514, 581, 726
515, 397, 493
516, 561, 871
517, 48, 446
518, 120, 564
519, 113, 861
520, 358, 403
521, 481, 719
522, 297, 758
523, 940, 991
524, 444, 494
525, 111, 801
526, 93, 105
527, 533, 629
528, 381, 851
529, 223, 948
530, 416, 784
531, 520, 823
532, 134, 850
533, 398, 604
534, 342, 352
535, 248, 652
536, 551, 670
537, 56, 927
538, 195, 442
539, 464, 706
540, 552, 887
541, 169, 594
542, 435, 989
543, 374, 864
544, 478, 560
545, 257, 283
546, 431, 472
547, 513, 979
548, 84, 126
549, 727, 730
550, 311, 934
551, 844, 879
552, 295, 452
553, 543, 605
554, 438, 945
555, 173, 516
556, 175, 716
557, 75, 660
558, 590, 783
559, 331, 731
560, 40, 164
561, 340, 653
562, 503, 943
563, 6, 253
564, 974, 990
565, 636, 997
566, 882, 955
567, 262, 568
568, 82, 705
569, 176, 575
570, 199, 694
571, 916, 993
572, 191, 288
573, 177, 475
574, 49, 58
575, 60, 972
576, 161, 862
577, 385, 724
578, 350, 491
579, 33, 796
580, 38, 144
581, 485, 950
582, 240, 846
583, 386, 420
584, 110, 599
585, 315, 484
586, 390, 941
587, 432, 785
588, 459, 910
589, 197, 505
590, 715, 971
591, 37, 153
592, 419, 611
593, 136, 751
594, 338, 508
595, 504, 949
596, 141, 646
597, 76, 479
598, 114, 707
599, 544, 770
600, 496, 506
601, 407, 795
602, 86, 767
603, 150, 901
604, 378, 527
605, 683, 772
606, 186, 196
607, 115, 771
608, 85, 919
609, 98, 139
610, 756, 906
611, 410, 462
612, 132, 229
613, 220, 371
614, 30, 92
615, 634, 966
616, 377, 983
617, 412, 849
618, 230, 562
619, 238, 710
620, 4, 233
621, 418, 569
622, 74, 748
623, 187, 639
624, 20, 45
625, 566, 845
626, 301, 369
627, 73, 439
628, 303, 951
629, 597, 688
630, 401, 402
631, 578, 626
632, 83, 890
633, 27, 423
634, 250, 959
635, 22, 603
636, 26, 361
637, 116, 206
638, 52, 258
639, 325, 980
640, 665, 686
641, 59, 571
642, 645, 648
643, 180, 970
644, 170, 944
645, 579, 1000
646, 317, 476
647, 808, 902
648, 394, 680
649, 79, 119
650, 205, 869
651, 642, 986
652, 209, 965
653, 596, 775
654, 158, 474
655, 272, 741
656, 365, 675
657, 362, 878
658, 19, 573
659, 88, 778
660, 214, 788
661, 630, 876
662, 123, 222
663, 837, 923
664, 267, 793
665, 156, 395
666, 231, 831
667, 221, 638
668, 32, 713
669, 595, 776
670, 457, 545
671, 615, 743
672, 346, 366
673, 81, 460
674, 99, 376
675, 497, 601
676, 674, 786
677, 226, 477
678, 106, 313
679, 799, 818
680, 807, 960
681, 34, 939
682, 699, 746
683, 559, 798
684, 9, 225
685, 333, 360
686, 676, 800
687, 678, 709
688, 492, 860
689, 815, 921
690, 147, 912
691, 46, 359
692, 234, 511
693, 620, 954
694, 300, 969
695, 835, 853
696, 142, 738
697, 441, 814
698, 363, 469
699, 417, 908
700, 17, 69
701, 24, 243
702, 100, 698
703, 649, 734
704, 54, 501
705, 171, 740
706, 15, 973
707, 583, 928
708, 277, 804
709, 188, 200
710, 810, 938
711, 278, 995
712, 108, 212
713, 237, 415
714, 322, 896
715, 722, 936
716, 355, 898
717, 306, 829
718, 244, 461
719, 256, 483
720, 78, 640
721, 44, 697
722, 308, 789
723, 711, 870
724, 621, 631
725, 339, 838
726, 632, 791
727, 168, 284
728, 232, 834
729, 682, 909
730, 347, 883
731, 122, 616
732, 404, 811
733, 167, 608
734, 414, 696
735, 51, 291
736, 42, 310
737, 68, 752
738, 255, 922
739, 318, 825
740, 11, 780
741, 981, 996
742, 286, 430
743, 668, 917
744, 91, 961
745, 685, 745
746, 606, 681
747, 348, 427
748, 749, 868
749, 443, 889
750, 572, 768
751, 293, 747
752, 276, 613
753, 43, 227
754, 166, 663
755, 104, 179
756, 118, 282
757, 62, 183
758, 28, 453
759, 296, 821
760, 769, 899
761, 66, 617
762, 266, 856
763, 327, 336
764, 372, 384
765, 488, 510
766, 321, 777
767, 468, 942
768, 482, 918
769, 357, 992
770, 370, 409
771, 349, 368
772, 373, 964
773, 447, 672
774, 535, 659
775, 72, 764
776, 524, 744
777, 451, 554
778, 913, 932
779, 619, 779
780, 241, 509
781, 218, 553
782, 280, 827
783, 14, 689
784, 433, 677
785, 190, 987
786, 31, 217
787, 854, 914
788, 2, 813
789, 335, 515
790, 63, 888
791, 449, 470
792, 103, 803
793, 817, 877
794, 558, 881
795, 285, 684
796, 246, 354
797, 87, 525
798, 264, 873
799, 364, 623
800, 211, 530
801, 473, 609
802, 518, 976
803, 201, 406
804, 548, 647
805, 500, 691
806, 326, 958
807, 735, 886
808, 655, 723
809, 124, 344
810, 64, 584
811, 643, 931
812, 463, 661
813, 556, 930
814, 129, 236
815, 29, 926
816, 39, 314
817, 194, 819
818, 145, 538
819, 528, 651
820, 455, 586
821, 353, 577
822, 204, 436
823, 192, 388
824, 448, 644
825, 379, 382
826, 219, 866
827, 820, 952
828, 18, 963
829, 425, 720
830, 249, 582
831, 486, 650
832, 107, 612
833, 391, 760
834, 405, 522
835, 67, 304
836, 140, 490
837, 160, 289
838, 181, 628
839, 224, 585
840, 259, 754
841, 307, 383
842, 765, 885
843, 633, 884
844, 53, 408
845, 426, 874
846, 422, 641
847, 207, 929
848, 208, 279
849, 654, 816
850, 121, 614
851, 454, 763
852, 163, 242
853, 536, 737
854, 337, 625
855, 216, 857
856, 330, 550
857, 127, 602
858, 275, 299
859, 109, 125
860, 375, 592
861, 499, 957
862, 739, 956
863, 428, 794
864, 80, 759
865, 274, 875
866, 35, 252
867, 298, 907
868, 389, 671
869, 437, 679
870, 174, 842
871, 570, 687
872, 320, 380
873, 826, 872
874, 762, 975
875, 10, 292
876, 112, 489
877, 57, 635
878, 61, 833
879, 251, 894
880, 137, 172
881, 13, 507
882, 269, 721
883, 71, 693
884, 434, 523
885, 89, 157
886, 152, 773
887, 101, 858
888, 702, 809
889, 316, 920
890, 95, 757
891, 94, 235
892, 895, 982
893, 392, 480
894, 247, 725
895, 591, 733
896, 130, 189
897, 495, 593
898, 143, 202
899, 367, 622
900, 700, 946
901, 305, 690
902, 290, 865
903, 25, 984
904, 450, 925
905, 669, 937
906, 341, 532
907, 21, 933
908, 607, 935
909, 271, 998
910, 565, 836
911, 892, 962
912, 736, 802
913, 36, 329
914, 323, 947
915, 90, 210
916, 421, 994
917, 213, 563
918, 193, 774
919, 133, 618
920, 703, 841
921, 859, 880
922, 714, 967
923, 345, 458
924, 1, 574
925, 471, 519
926, 332, 782
927, 498, 797
928, 717, 863
929, 182, 787
930, 128, 742
931, 55, 806
932, 154, 904
933, 97, 245
934, 539, 666
935, 263, 517
936, 328, 600
937, 830, 978
938, 781, 847
939, 905, 953
940, 547, 750
941, 117, 718
942, 215, 755
943, 260, 897
944, 228, 701
945, 268, 396
946, 343, 440
947, 334, 658
948, 465, 587
949, 239, 512
950, 704, 840
951, 502, 867
952, 77, 812
953, 728, 852
954, 549, 761
955, 589, 999
956, 695, 712
957, 413, 567
958, 526, 529
959, 729, 766
960, 102, 178
961, 70, 184
962, 41, 988
963, 445, 487
964, 135, 203
965, 148, 387
966, 159, 531
967, 466, 521
968, 96, 656
969, 65, 162
970, 657, 839
971, 5, 198
972, 8, 843
973, 287, 557
974, 254, 824
975, 399, 732
976, 16, 580
977, 514, 692
978, 673, 903
979, 456, 708
980, 911, 985
981, 664, 828
982, 151, 977
983, 319, 598
984, 146, 610
985, 23, 924
986, 429, 805
987, 667, 891
988, 138, 393
989, 165, 185
990, 534, 792
991, 424, 822
992, 50, 351
993, 546, 753
994, 3, 540
995, 47, 893
996, 302, 576
997, 848, 968
998, 273, 832
999, 261, 270
1000, 131, 411
1001, 13, 904
1002, 418, 878
1003, 62, 537
1004, 468, 843
1005, 39, 367
1006, 131, 321
1007, 32, 709
1008, 135, 258
1009, 122, 544
1010, 886, 966
1011, 46, 860
1012, 450, 905
1013, 310, 909
1014, 256, 952
1015, 456, 511
1016, 443, 683
1017, 459, 812
1018, 664, 777
1019, 320, 561
1020, 721, 722
1021, 157, 727
1022, 189, 365
1023, 807, 957
1024, 38, 202
1025, 467, 548
1026, 45, 943
1027, 209, 343
1028, 259, 945
1029, 226, 645
1030, 24, 315
1031, 630, 922
1032, 170, 861
1033, 600, 850
1034, 390, 501
1035, 207, 474
1036, 779, 933
1037, 512, 549
1038, 293, 946
1039, 61, 513
1040, 268, 658
1041, 692, 720
1042, 162, 425
1043, 671, 755
1044, 300, 457
1045, 309, 679
1046, 165, 350
1047, 72, 688
1048, 8, 451
1049, 26, 833
1050, 795, 993
1051, 370, 629
1052, 532, 867
1053, 705, 870
1054, 92, 665
1055, 297, 791
1056, 687, 915
1057, 5, 781
1058, 383, 808
1059, 199, 378
1060, 160, 543
1061, 399, 601
1062, 522, 950
1063, 289, 935
1064, 50, 113
1065, 565, 662
1066, 173, 775
1067, 68, 389
1068, 716, 875
1069, 357, 550
1070, 28, 404
1071, 524, 979
1072, 588, 929
1073, 415, 610
1074, 96, 373
1075, 614, 897
1076, 290, 785
1077, 593, 663
1078, 554, 835
1079, 273, 403
1080, 275, 424
1081, 778, 910
1082, 99, 186
1083, 83, 862
1084, 280, 401
1085, 212, 366
1086, 176, 333
1087, 651, 869
1088, 303, 741
1089, 222, 996
1090, 151, 711
1091, 98, 618
1092, 677, 949
1093, 354, 566
1094, 74, 505
1095, 492, 763
1096, 138, 885
1097, 678, 770
1098, 6, 719
1099, 704, 753
1100, 581, 955
1101, 500, 632
1102, 181, 926
1103, 743, 827
1104, 305, 831
1105, 95, 761
1106, 233, 582
1107, 265, 708
1108, 413, 944
1109, 539, 921
1110, 748, 931
1111, 108, 723
1112, 806, 989
1113, 437, 810
1114, 654, 756
1115, 134, 937
1116, 84, 717
1117, 187, 621
1118, 638, 951
1119, 371, 924
1120, 420, 918
1121, 731, 784
1122, 252, 462
1123, 58, 981
1124, 153, 780
1125, 201, 710
1126, 263, 997
1127, 327, 673
1128, 525, 695
1129, 211, 982
1130, 713, 845
1131, 363, 829
1132, 56, 823
1133, 469, 746
1134, 589, 978
1135, 60, 445
1136, 239, 583
1137, 2, 635
1138, 325, 682
1139, 12, 767
1140, 158, 836
1141, 691, 849
1142, 355, 988
1143, 81, 476
1144, 633, 893
1145, 175, 899
1146, 65, 334
1147, 774, 814
1148, 285, 760
1149, 379, 540
1150, 225, 465
1151, 298, 586
1152, 615, 730
1153, 817, 992
1154, 154, 640
1155, 9, 166
1156, 18, 591
1157, 858, 991
1158, 21, 559
1159, 344, 360
1160, 494, 696
1161, 218, 485
1162, 103, 737
1163, 34, 439
1164, 328, 938
1165, 557, 859
1166, 90, 769
1167, 152, 264
1168, 117, 385
1169, 482, 686
1170, 244, 639
1171, 611, 612
1172, 184, 215
1173, 361, 969
1174, 100, 919
1175, 786, 995
1176, 578, 821
1177, 127, 888
1178, 217, 736
1179, 594, 608
1180, 35, 497
1181, 453, 776
1182, 174, 386
1183, 672, 794
1184, 51, 180
1185, 487, 876
1186, 822, 846
1187, 177, 178
1188, 675, 894
1189, 245, 597
1190, 284, 699
1191, 740, 968
1192, 330, 434
1193, 257, 580
1194, 480, 526
1195, 14, 266
1196, 681, 715
1197, 429, 854
1198, 718, 962
1199, 255, 276
1200, 70, 864
1201, 30, 866
1202, 227, 887
1203, 140, 428
1204, 444, 514
1205, 179, 387
1206, 27, 714
1207, 433, 884
1208, 248, 750
1209, 551, 732
1210, 656, 983
1211, 191, 374
1212, 124, 680
1213, 40, 965
1214, 484, 547
1215, 279, 288
1216, 85, 302
1217, 422, 446
1218, 395, 637
1219, 97, 410
1220, 517, 706
1221, 167, 913
1222, 44, 228
1223, 577, 587
1224, 301, 667
1225, 606, 977
1226, 381, 847
1227, 29, 908
1228, 41, 655
1229, 114, 349
1230, 109, 314
1231, 650, 668
1232, 86, 206
1233, 394, 834
1234, 568, 984
1235, 742, 747
1236, 375, 857
1237, 250, 523
1238, 427, 447
1239, 851, 940
1240, 22, 832
1241, 684, 712
1242, 251, 970
1243, 431, 623
1244, 481, 508
1245, 571, 883
1246, 42, 107
1247, 369, 455
1248, 75, 283
1249, 190, 400
1250, 53, 317
1251, 213, 840
1252, 605, 739
1253, 793, 927
1254, 106, 787
1255, 295, 990
1256, 55, 553
1257, 182, 802
1258, 306, 493
1259, 490, 825
1260, 49, 73
1261, 624, 1000
1262, 435, 934
1263, 277, 999
1264, 408, 987
1265, 205, 486
1266, 210, 707
1267, 159, 319
1268, 171, 322
1269, 76, 340
1270, 531, 626
1271, 148, 702
1272, 491, 980
1273, 324, 348
1274, 412, 837
1275, 617, 765
1276, 20, 346
1277, 54, 661
1278, 607, 660
1279, 634, 782
1280, 104, 729
1281, 196, 575
1282, 142, 916
1283, 590, 985
1284, 169, 936
1285, 917, 961
1286, 198, 619
1287, 286, 432
1288, 214, 811
1289, 813, 828
1290, 391, 958
1291, 66, 115
1292, 396, 975
1293, 585, 669
1294, 164, 452
1295, 234, 641
1296, 613, 848
1297, 231, 751
1298, 382, 643
1299, 803, 819
1300, 94, 659
1301, 871, 912
1302, 71, 237
1303, 414, 536
1304, 405, 953
1305, 509, 592
1306, 278, 898
1307, 16, 976
1308, 463, 703
1309, 351, 752
1310, 504, 907
1311, 274, 282
1312, 562, 824
1313, 223, 269
1314, 188, 458
1315, 128, 478
1316, 11, 816
1317, 292, 826
1318, 93, 967
1319, 110, 155
1320, 411, 726
1321, 466, 529
1322, 489, 911
1323, 528, 733
1324, 338, 631
1325, 477, 768
1326, 59, 262
1327, 479, 903
1328, 734, 830
1329, 200, 567
1330, 77, 901
1331, 287, 627
1332, 754, 796
1333, 249, 648
1334, 33, 172
1335, 235, 994
1336, 261, 939
1337, 406, 440
1338, 359, 516
1339, 149, 376
1340, 4, 599
1341, 79, 533
1342, 238, 865
1343, 603, 892
1344, 161, 902
1345, 576, 799
1346, 555, 563
1347, 685, 815
1348, 139, 243
1349, 342, 728
1350, 143, 818
1351, 10, 541
1352, 307, 316
1353, 311, 449
1354, 335, 441
1355, 530, 573
1356, 120, 805
1357, 102, 598
1358, 116, 700
1359, 25, 552
1360, 36, 622
1361, 253, 920
1362, 595, 881
1363, 352, 789
1364, 574, 906
1365, 380, 527
1366, 855, 891
1367, 3, 356
1368, 150, 423
1369, 130, 304
1370, 192, 299
1371, 87, 820
1372, 725, 972
1373, 67, 874
1374, 19, 515
1375, 132, 384
1376, 313, 558
1377, 195, 224
1378, 842, 873
1379, 17, 193
1380, 471, 657
1381, 63, 232
1382, 254, 788
1383, 925, 930
1384, 436, 890
1385, 88, 229
1386, 241, 323
1387, 129, 472
1388, 642, 738
1389, 308, 698
1390, 377, 652
1391, 358, 666
1392, 689, 882
1393, 318, 473
1394, 208, 670
1395, 137, 364
1396, 676, 895
1397, 260, 694
1398, 216, 534
1399, 105, 900
1400, 246, 757
1401, 602, 804
1402, 80, 625
1403, 118, 856
1404, 123, 880
1405, 569, 879
1406, 407, 971
1407, 146, 345
1408, 203, 421
1409, 535, 963
1410, 194, 448
1411, 545, 974
1412, 221, 372
1413, 470, 564
1414, 219, 560
1415, 230, 889
1416, 442, 852
1417, 584, 914
1418, 111, 112
1419, 758, 928
1420, 119, 620
1421, 197, 628
1422, 125, 942
1423, 270, 853
1424, 89, 800
1425, 291, 331
1426, 91, 964
1427, 43, 762
1428, 616, 801
1429, 347, 398
1430, 121, 502
1431, 503, 783
1432, 240, 296
1433, 23, 37
1434, 332, 416
1435, 388, 636
1436, 7, 542
1437, 126, 144
1438, 475, 499
1439, 281, 426
1440, 724, 809
1441, 236, 872
1442, 145, 430
1443, 646, 798
1444, 15, 31
1445, 674, 693
1446, 409, 772
1447, 745, 773
1448, 368, 496
1449, 488, 749
1450, 48, 506
1451, 163, 402
1452, 572, 932
1453, 247, 841
1454, 362, 868
1455, 47, 764
1456, 498, 735
1457, 69, 312
1458, 336, 948
1459, 454, 759
1460, 136, 538
1461, 792, 986
1462, 101, 242
1463, 596, 923
1464, 419, 464
1465, 133, 185
1466, 337, 460
1467, 82, 790
1468, 57, 168
1469, 267, 797
1470, 461, 546
1471, 183, 397
1472, 483, 973
1473, 896, 959
1474, 1, 647
1475, 341, 766
1476, 147, 744
1477, 495, 556
1478, 438, 570
1479, 204, 649
1480, 156, 941
1481, 220, 644
1482, 294, 393
1483, 604, 954
1484, 697, 863
1485, 52, 329
1486, 877, 998
1487, 947, 956
1488, 690, 701
1489, 579, 609
1490, 838, 960
1491, 78, 141
1492, 417, 510
1493, 271, 326
1494, 520, 771
1495, 653, 839
1496, 518, 521
1497, 353, 844
1498, 507, 519
1499, 64, 339
1500, 272, 392
1501, 30, 76
1502, 336, 455
1503, 329, 615
1504, 533, 890
1505, 740, 848
1506, 32, 638
1507, 388, 721
1508, 77, 554
1509, 485, 658
1510, 80, 361
1511, 337, 621
1512, 179, 371
1513, 7, 619
1514, 552, 709
1515, 422, 625
1516, 791, 940
1517, 346, 353
1518, 478, 895
1519, 926, 999
1520, 23, 266
1521, 794, 809
1522, 517, 868
1523, 110, 961
1524, 151, 587
1525, 129, 716
1526, 73, 662
1527, 207, 447
1528, 476, 854
1529, 530, 583
1530, 359, 715
1531, 142, 230
1532, 748, 762
1533, 844, 992
1534, 624, 894
1535, 463, 860
1536, 291, 522
1537, 301, 391
1538, 247, 416
1539, 414, 891
1540, 556, 695
1541, 754, 768
1542, 191, 415
1543, 44, 643
1544, 131, 545
1545, 317, 534
1546, 135, 801
1547, 377, 436
1548, 675, 746
1549, 137, 696
1550, 298, 811
1551, 474, 706
1552, 6, 103
1553, 91, 826
1554, 16, 349
1555, 849, 959
1556, 25, 60
1557, 344, 719
1558, 471, 909
1559, 128, 717
1560, 407, 981
1561, 937, 942
1562, 1, 120
1563, 55, 896
1564, 78, 760
1565, 323, 397
1566, 435, 973
1567, 671, 834
1568, 287, 685
1569, 246, 320
1570, 470, 758
1571, 14, 134
1572, 133, 186
1573, 15, 864
1574, 206, 870
1575, 689, 931
1576, 677, 793
1577, 265, 543
1578, 404, 606
1579, 603, 927
1580, 22, 833
1581, 85, 802
1582, 34, 214
1583, 540, 934
1584, 326, 980
1585, 577, 611
1586, 491, 822
1587, 88, 724
1588, 538, 687
1589, 399, 846
1590, 328, 564
1591, 557, 649
1592, 49, 766
1593, 570, 683
1594, 150, 515
1595, 727, 779
1596, 663, 731
1597, 107, 117
1598, 497, 593
1599, 127, 492
1600, 18, 840
1601, 29, 648
1602, 228, 688
1603, 823, 857
1604, 223, 481
1605, 118, 690
1606, 752, 907
1607, 102, 175
1608, 669, 839
1609, 529, 537
1610, 290, 901
1611, 439, 881
1612, 205, 819
1613, 500, 837
1614, 664, 813
1615, 405, 653
1616, 488, 767
1617, 154, 887
1618, 50, 234
1619, 444, 789
1620, 203, 445
1621, 364, 646
1622, 319, 613
1623, 431, 738
1624, 338, 916
1625, 313, 563
1626, 629, 639
1627, 921, 929
1628, 576, 861
1629, 21, 278
1630, 348, 645
1631, 626, 882
1632, 204, 710
1633, 9, 292
1634, 201, 238
1635, 356, 610
1636, 112, 998
1637, 249, 681
1638, 148, 342
1639, 36, 389
1640, 509, 952
1641, 231, 744
1642, 477, 627
1643, 579, 914
1644, 4, 893
1645, 158, 318
1646, 302, 358
1647, 167, 726
1648, 64, 100
1649, 160, 218
1650, 678, 932
1651, 386, 580
1652, 277, 783
1653, 58, 832
1654, 451, 908
1655, 168, 387
1656, 418, 835
1657, 67, 440
1658, 271, 863
1659, 450, 702
1660, 31, 209
1661, 275, 598
1662, 61, 672
1663, 982, 986
1664, 546, 993
1665, 612, 972
1666, 281, 825
1667, 385, 464
1668, 636, 786
1669, 227, 933
1670, 166, 217
1671, 56, 755
1672, 138, 777
1673, 221, 224
1674, 312, 900
1675, 10, 322
1676, 394, 670
1677, 618, 946
1678, 261, 572
1679, 316, 904
1680, 321, 915
1681, 195, 741
1682, 226, 262
1683, 327, 655
1684, 489, 511
1685, 108, 917
1686, 634, 963
1687, 86, 236
1688, 375, 384
1689, 38, 116
1690, 210, 333
1691, 708, 943
1692, 180, 950
1693, 294, 684
1694, 652, 749
1695, 442, 962
1696, 459, 665
1697, 66, 395
1698, 233, 765
1699, 425, 465
1700, 139, 967
1701, 508, 773
1702, 293, 886
1703, 586, 977
1704, 123, 162
1705, 161, 251
1706, 539, 637
1707, 739, 902
1708, 532, 747
1709, 185, 213
1710, 289, 438
1711, 70, 280
1712, 513, 578
1713, 122, 284
1714, 642, 737
1715, 46, 424
1716, 74, 125
1717, 20, 360
1718, 90, 686
1719, 72, 910
1720, 357, 531
1721, 79, 845
1722, 267, 582
1723, 800, 966
1724, 797, 928
1725, 63, 382
1726, 971, 995
1727, 600, 838
1728, 95, 820
1729, 244, 490
1730, 250, 661
1731, 155, 691
1732, 101, 905
1733, 345, 368
1734, 143, 458
1735, 181, 559
1736, 104, 372
1737, 68, 393
1738, 81, 187
1739, 69, 883
1740, 682, 725
1741, 370, 988
1742, 222, 449
1743, 17, 728
1744, 248, 494
1745, 553, 635
1746, 334, 574
1747, 132, 704
1748, 3, 472
1749, 146, 605
1750, 573, 723
1751, 84, 193
1752, 274, 775
1753, 263, 640
1754, 53, 589
1755, 12, 976
1756, 549, 558
1757, 536, 713
1758, 406, 487
1759, 245, 885
1760, 396, 567
1761, 903, 924
1762, 40, 561
1763, 524, 769
1764, 177, 484
1765, 96, 550
1766, 305, 742
1767, 113, 945
1768, 71, 98
1769, 83, 493
1770, 173, 432
1771, 65, 430
1772, 208, 996
1773, 140, 551
1774, 526, 871
1775, 922, 974
1776, 378, 499
1777, 99, 272
1778, 483, 501
1779, 408, 659
1780, 282, 503
1781, 194, 668
1782, 780, 847
1783, 19, 591
1784, 198, 919
1785, 92, 978
1786, 273, 482
1787, 434, 498
1788, 241, 656
1789, 51, 300
1790, 855, 951
1791, 37, 215
1792, 237, 654
1793, 520, 772
1794, 468, 745
1795, 314, 667
1796, 94, 697
1797, 350, 701
1798, 367, 829
1799, 412, 680
1800, 609, 841
1801, 269, 735
1802, 152, 994
1803, 332, 975
1804, 57, 369
1805, 202, 588
1806, 184, 970
1807, 242, 660
1808, 628, 707
1809, 947, 958
1810, 62, 153
1811, 776, 874
1812, 279, 641
1813, 211, 419
1814, 423, 718
1815, 475, 542
1816, 35, 875
1817, 409, 944
1818, 548, 781
1819, 109, 585
1820, 52, 989
1821, 457, 528
1822, 865, 948
1823, 124, 877
1824, 39, 991
1825, 859, 879
1826, 460, 676
1827, 229, 804
1828, 421, 938
1829, 446, 657
1830, 89, 373
1831, 307, 456
1832, 480, 507
1833, 411, 620
1834, 299, 913
1835, 212, 736
1836, 121, 366
1837, 774, 939
1838, 172, 898
1839, 413, 581
1840, 362, 983
1841, 852, 955
1842, 190, 403
1843, 379, 936
1844, 276, 354
1845, 560, 763
1846, 751, 830
1847, 514, 843
1848, 790, 957
1849, 566, 965
1850, 803, 1000
1851, 732, 888
1852, 347, 862
1853, 28, 156
1854, 590, 787
1855, 26, 810
1856, 178, 225
1857, 303, 884
1858, 770, 960
1859, 383, 402
1860, 453, 878
1861, 599, 617
1862, 157, 216
1863, 352, 614
1864, 260, 899
1865, 171, 544
1866, 502, 805
1867, 254, 925
1868, 159, 930
1869, 174, 433
1870, 232, 733
1871, 496, 720
1872, 796, 812
1873, 315, 630
1874, 243, 256
1875, 339, 666
1876, 59, 785
1877, 48, 856
1878, 828, 906
1879, 325, 541
1880, 429, 743
1881, 130, 897
1882, 495, 562
1883, 164, 355
1884, 880, 911
1885, 798, 990
1886, 753, 816
1887, 607, 807
1888, 340, 920
1889, 11, 441
1890, 5, 196
1891, 286, 778
1892, 255, 985
1893, 365, 997
1894, 239, 842
1895, 115, 788
1896, 87, 547
1897, 479, 584
1898, 712, 722
1899, 448, 623
1900, 467, 935
1901, 310, 674
1902, 183, 622
1903, 192, 956
1904, 2, 426
1905, 259, 392
1906, 309, 575
1907, 462, 818
1908, 188, 437
1909, 141, 817
1910, 469, 730
1911, 604, 923
1912, 644, 869
1913, 799, 892
1914, 136, 827
1915, 295, 876
1916, 199, 518
1917, 632, 867
1918, 601, 616
1919, 380, 836
1920, 42, 330
1921, 54, 969
1922, 163, 872
1923, 170, 815
1924, 264, 734
1925, 145, 527
1926, 592, 602
1927, 147, 504
1928, 13, 853
1929, 417, 987
1930, 308, 363
1931, 219, 650
1932, 111, 873
1933, 565, 631
1934, 376, 851
1935, 27, 571
1936, 693, 949
1937, 410, 756
1938, 82, 831
1939, 521, 850
1940, 45, 692
1941, 126, 918
1942, 258, 750
1943, 220, 759
1944, 105, 555
1945, 452, 964
1946, 97, 673
1947, 335, 792
1948, 679, 954
1949, 149, 694
1950, 400, 941
1951, 486, 784
1952, 523, 647
1953, 381, 814
1954, 189, 235
1955, 119, 764
1956, 8, 165
1957, 535, 700
1958, 114, 512
1959, 311, 824
1960, 268, 714
1961, 401, 698
1962, 257, 374
1963, 240, 270
1964, 144, 525
1965, 24, 443
1966, 705, 953
1967, 466, 711
1968, 285, 454
1969, 93, 968
1970, 519, 858
1971, 331, 979
1972, 252, 806
1973, 296, 390
1974, 505, 516
1975, 169, 253
1976, 41, 984
1977, 351, 761
1978, 398, 428
1979, 304, 651
1980, 771, 795
1981, 197, 821
1982, 43, 506
1983, 608, 757
1984, 595, 729
1985, 283, 594
1986, 297, 306
1987, 33, 633
1988, 341, 699
1989, 288, 808
1990, 47, 568
1991, 200, 889
1992, 510, 596
1993, 473, 912
1994, 75, 176
1995, 324, 782
1996, 343, 597
1997, 420, 427
1998, 106, 569
1999, 461, 866
2000, 182, 703
2001, 136, 677
2002, 788, 979
2003, 106, 568
2004, 285, 381
2005, 185, 887
2006, 351, 444
2007, 57, 483
2008, 364, 882
2009, 295, 561
2010, 17, 216
2011, 866, 960
2012, 591, 947
2013, 74, 458
2014, 709, 777
2015, 271, 749
2016, 612, 810
2017, 67, 471
2018, 130, 619
2019, 468, 517
2020, 277, 727
2021, 49, 356
2022, 217, 735
2023, 396, 607
2024, 489, 933
2025, 161, 428
2026, 51, 289
2027, 115, 556
2028, 651, 834
2029, 966, 969
2030, 100, 365
2031, 415, 417
2032, 823, 879
2033, 3, 586
2034, 578, 950
2035, 186, 708
2036, 367, 808
2037, 522, 668
2038, 34, 413
2039, 502, 968
2040, 375, 876
2041, 363, 852
2042, 173, 913
2043, 93, 403
2044, 608, 667
2045, 146, 935
2046, 792, 880
2047, 54, 944
2048, 98, 420
2049, 37, 729
2050, 24, 210
2051, 213, 737
2052, 279, 496
2053, 62, 389
2054, 251, 626
2055, 232, 310
2056, 360, 909
2057, 361, 681
2058, 118, 738
2059, 78, 598
2060, 215, 917
2061, 504, 639
2062, 223, 696
2063, 528, 686
2064, 532, 873
2065, 434, 482
2066, 597, 831
2067, 314, 964
2068, 406, 448
2069, 769, 827
2070, 748, 956
2071, 156, 565
2072, 102, 554
2073, 521, 848
2074, 564, 695
2075, 40, 322
2076, 44, 577
2077, 110, 595
2078, 53, 579
2079, 25, 805
2080, 665, 872
2081, 258, 683
2082, 386, 412
2083, 500, 587
2084, 288, 682
2085, 316, 942
2086, 69, 75
2087, 18, 907
2088, 13, 890
2089, 139, 219
2090, 675, 736
2091, 662, 883
2092, 206, 293
2093, 692, 918
2094, 191, 256
2095, 109, 229
2096, 345, 712
2097, 638, 691
2098, 160, 238
2099, 99, 243
2100, 41, 487
2101, 338, 884
2102, 321, 642
2103, 751, 958
2104, 199, 830
2105, 670, 851
2106, 368, 721
2107, 319, 445
2108, 245, 988
2109, 137, 945
2110, 509, 992
2111, 391, 867
2112, 630, 888
2113, 247, 664
2114, 254, 812
2115, 785, 915
2116, 195, 843
2117, 31, 449
2118, 278, 390
2119, 596, 770
2120, 635, 657
2121, 370, 739
2122, 259, 897
2123, 385, 775
2124, 188, 447
2125, 474, 849
2126, 167, 557
2127, 362, 904
2128, 400, 511
2129, 192, 408
2130, 204, 733
2131, 73, 761
2132, 50, 523
2133, 119, 169
2134, 59, 296
2135, 301, 824
2136, 304, 653
2137, 253, 760
2138, 96, 971
2139, 291, 600
2140, 189, 643
2141, 222, 881
2142, 164, 353
2143, 732, 821
2144, 282, 983
2145, 650, 744
2146, 324, 395
2147, 910, 996
2148, 228, 548
2149, 494, 773
2150, 313, 919
2151, 22, 436
2152, 197, 430
2153, 747, 930
2154, 753, 756
2155, 200, 497
2156, 787, 898
2157, 153, 513
2158, 68, 240
2159, 529, 560
2160, 306, 624
2161, 234, 298
2162, 262, 631
2163, 45, 790
2164, 853, 943
2165, 226, 957
2166, 203, 380
2167, 392, 698
2168, 147, 602
2169, 573, 993
2170, 553, 679
2171, 689, 953
2172, 178, 242
2173, 479, 914
2174, 936, 965
2175, 473, 481
2176, 327, 409
2177, 441, 530
2178, 559, 951
2179, 405, 531
2180, 20, 669
2181, 128, 566
2182, 711, 864
2183, 690, 815
2184, 239, 508
2185, 269, 637
2186, 201, 814
2187, 325, 646
2188, 176, 840
2189, 8, 312
2190, 424, 426
2191, 615, 844
2192, 23, 644
2193, 589, 832
2194, 539, 636
2195, 166, 804
2196, 32, 149
2197, 145, 274
2198, 724, 741
2199, 423, 442
2200, 451, 885
2201, 141, 998
2202, 218, 248
2203, 543, 961
2204, 817, 941
2205, 623, 818
2206, 863, 937
2207, 214, 593
2208, 536, 655
2209, 498, 701
2210, 227, 480
2211, 562, 771
2212, 407, 633
2213, 317, 889
2214, 46, 124
2215, 355, 985
2216, 196, 357
2217, 101, 505
2218, 398, 980
2219, 107, 472
2220, 286, 704
2221, 28, 264
2222, 315, 857
2223, 892, 920
2224, 52, 280
2225, 126, 776
2226, 26, 801
2227, 95, 246
2228, 158, 611
2229, 116, 439
2230, 21, 187
2231, 88, 617
2232, 343, 702
2233, 198, 290
2234, 519, 970
2235, 309, 384
2236, 275, 893
2237, 545, 978
2238, 373, 435
2239, 162, 903
2240, 65, 84
2241, 550, 717
2242, 230, 673
2243, 283, 699
2244, 138, 684
2245, 715, 793
2246, 190, 781
2247, 77, 207
2248, 86, 984
2249, 574, 666
2250, 311, 997
2251, 7, 766
2252, 419, 954
2253, 516, 797
2254, 518, 555
2255, 220, 524
2256, 120, 328
2257, 117, 774
2258, 869, 974
2259, 157, 859
2260, 140, 906
2261, 125, 534
2262, 877, 982
2263, 829, 963
2264, 332, 842
2265, 35, 765
2266, 427, 601
2267, 649, 838
2268, 610, 836
2269, 475, 875
2270, 184, 620
2271, 366, 693
2272, 421, 977
2273, 678, 894
2274, 590, 764
2275, 860, 901
2276, 446, 755
2277, 122, 874
2278, 614, 862
2279, 454, 707
2280, 56, 440
2281, 300, 825
2282, 38, 131
2283, 671, 703
2284, 575, 839
2285, 376, 377
2286, 358, 924
2287, 780, 870
2288, 437, 627
2289, 348, 928
2290, 194, 674
2291, 92, 986
2292, 61, 151
2293, 470, 990
2294, 16, 418
2295, 594, 932
2296, 47, 113
2297, 85, 108
2298, 182, 382
2299, 336, 515
2300, 464, 784
2301, 33, 63
2302, 605, 813
2303, 450, 492
2304, 431, 949
2305, 266, 845
2306, 48, 991
2307, 179, 719
2308, 422, 846
2309, 55, 710
2310, 132, 544
2311, 344, 410
2312, 270, 900
2313, 2, 66
2314, 224, 267
2315, 455, 694
2316, 661, 926
2317, 170, 676
2318, 80, 855
2319, 175, 878
2320, 11, 104
2321, 383, 916
2322, 819, 854
2323, 27, 923
2324, 127, 303
2325, 168, 231
2326, 159, 225
2327, 501, 622
2328, 687, 723
2329, 14, 809
2330, 342, 786
2331, 154, 987
2332, 569, 895
2333, 193, 414
2334, 925, 975
2335, 36, 443
2336, 268, 486
2337, 221, 329
2338, 333, 476
2339, 648, 716
2340, 404, 581
2341, 520, 629
2342, 252, 697
2343, 672, 972
2344, 388, 466
2345, 705, 722
2346, 249, 734
2347, 260, 563
2348, 241, 795
2349, 816, 911
2350, 369, 372
2351, 209, 656
2352, 477, 688
2353, 202, 981
2354, 97, 706
2355, 507, 850
2356, 60, 584
2357, 71, 551
2358, 211, 330
2359, 759, 803
2360, 452, 871
2361, 155, 465
2362, 645, 740
2363, 339, 588
2364, 9, 30
2365, 89, 273
2366, 387, 746
2367, 714, 743
2368, 461, 490
2369, 438, 955
2370, 134, 305
2371, 416, 934
2372, 378, 572
2373, 142, 865
2374, 493, 538
2375, 323, 525
2376, 72, 754
2377, 394, 835
2378, 462, 720
2379, 81, 297
2380, 112, 856
2381, 828, 833
2382, 510, 940
2383, 347, 783
2384, 121, 546
2385, 503, 807
2386, 592, 798
2387, 402, 571
2388, 537, 652
2389, 235, 302
2390, 411, 609
2391, 6, 618
2392, 255, 730
2393, 460, 654
2394, 582, 725
2395, 533, 726
2396, 728, 758
2397, 802, 826
2398, 294, 433
2399, 425, 459
2400, 772, 967
2401, 236, 542
2402, 371, 541
2403, 558, 962
2404, 181, 660
2405, 205, 976
2406, 346, 779
2407, 393, 896
2408, 39, 484
2409, 745, 806
2410, 19, 567
2411, 172, 641
2412, 320, 929
2413, 359, 994
2414, 512, 800
2415, 83, 183
2416, 334, 337
2417, 15, 948
2418, 718, 742
2419, 257, 905
2420, 129, 331
2421, 308, 791
2422, 5, 527
2423, 87, 713
2424, 123, 292
2425, 307, 599
2426, 150, 171
2427, 233, 276
2428, 931, 938
2429, 632, 927
2430, 341, 354
2431, 463, 506
2432, 640, 989
2433, 580, 685
2434, 70, 731
2435, 143, 401
2436, 540, 952
2437, 399, 922
2438, 768, 891
2439, 549, 861
2440, 163, 1000
2441, 90, 547
2442, 514, 616
2443, 103, 576
2444, 79, 488
2445, 265, 763
2446, 180, 767
2447, 43, 837
2448, 114, 659
2449, 478, 535
2450, 10, 495
2451, 177, 457
2452, 526, 908
2453, 1, 326
2454, 64, 902
2455, 583, 899
2456, 634, 752
2457, 212, 757
2458, 379, 841
2459, 456, 999
2460, 4, 299
2461, 135, 820
2462, 318, 335
2463, 148, 921
2464, 350, 858
2465, 58, 912
2466, 349, 750
2467, 261, 621
2468, 467, 604
2469, 94, 340
2470, 663, 794
2471, 352, 485
2472, 105, 603
2473, 700, 886
2474, 281, 613
2475, 111, 397
2476, 432, 762
2477, 76, 647
2478, 12, 152
2479, 144, 244
2480, 585, 946
2481, 29, 82
2482, 789, 822
2483, 272, 782
2484, 174, 847
2485, 680, 811
2486, 628, 796
2487, 237, 606
2488, 374, 570
2489, 133, 658
2490, 778, 959
2491, 287, 973
2492, 263, 491
2493, 250, 284
2494, 552, 995
2495, 429, 453
2496, 91, 799
2497, 499, 868
2498, 208, 469
2499, 42, 625
2500, 165, 939
2501, 8, 567
2502, 530, 921
2503, 92, 776
2504, 700, 785
2505, 335, 803
2506, 376, 564
2507, 46, 725
2508, 22, 538
2509, 302, 685
2510, 57, 509
2511, 139, 494
2512, 318, 334
2513, 405, 747
2514, 663, 677
2515, 595, 837
2516, 144, 210
2517, 177, 499
2518, 495, 673
2519, 507, 580
2520, 211, 930
2521, 871, 942
2522, 137, 423
2523, 200, 576
2524, 59, 650
2525, 619, 811
2526, 292, 843
2527, 338, 435
2528, 399, 838
2529, 515, 975
2530, 77, 396
2531, 58, 602
2532, 748, 802
2533, 316, 322
2534, 197, 814
2535, 112, 915
2536, 17, 745
2537, 234, 703
2538, 416, 632
2539, 193, 438
2540, 44, 295
2541, 786, 788
2542, 288, 956
2543, 277, 822
2544, 252, 824
2545, 624, 805
2546, 39, 131
2547, 337, 757
2548, 876, 979
2549, 99, 887
2550, 74, 157
2551, 380, 789
2552, 173, 551
2553, 598, 961
2554, 212, 740
2555, 372, 678
2556, 269, 349
2557, 14, 427
2558, 357, 679
2559, 48, 558
2560, 682, 926
2561, 187, 582
2562, 422, 614
2563, 5, 521
2564, 136, 537
2565, 162, 400
2566, 878, 940
2567, 406, 618
2568, 31, 133
2569, 100, 156
2570, 36, 723
2571, 125, 354
2572, 344, 672
2573, 689, 920
2574, 728, 889
2575, 684, 702
2576, 188, 369
2577, 185, 336
2578, 303, 965
2579, 331, 359
2580, 827, 893
2581, 12, 718
2582, 37, 508
2583, 152, 991
2584, 172, 891
2585, 807, 850
2586, 491, 906
2587, 215, 476
2588, 408, 775
2589, 448, 710
2590, 194, 831
2591, 417, 953
2592, 543, 654
2593, 32, 451
2594, 7, 204
2595, 589, 810
2596, 209, 481
2597, 81, 340
2598, 153, 730
2599, 426, 894
2600, 274, 594
2601, 79, 158
2602, 657, 862
2603, 320, 755
2604, 9, 840
2605, 62, 711
2606, 483, 888
2607, 34, 546
2608, 478, 601
2609, 135, 350
2610, 286, 628
2611, 758, 826
2612, 216, 363
2613, 365, 464
2614, 634, 643
2615, 367, 739
2616, 361, 696
2617, 306, 938
2618, 72, 597
2619, 25, 205
2620, 720, 969
2621, 502, 929
2622, 640, 848
2623, 241, 477
2624, 324, 881
2625, 202, 568
2626, 51, 963
2627, 449, 865
2628, 312, 896
2629, 223, 639
2630, 317, 388
2631, 544, 611
2632, 593, 825
2633, 283, 683
2634, 374, 967
2635, 413, 760
2636, 661, 794
2637, 13, 519
2638, 833, 882
2639, 259, 774
2640, 348, 791
2641, 165, 430
2642, 552, 781
2643, 213, 403
2644, 88, 712
2645, 297, 415
2646, 124, 245
2647, 91, 853
2648, 232, 890
2649, 222, 761
2650, 813, 995
2651, 666, 857
2652, 167, 434
2653, 294, 844
2654, 346, 636
2655, 45, 419
2656, 164, 662
2657, 30, 132
2658, 505, 769
2659, 52, 615
2660, 98, 319
2661, 257, 527
2662, 454, 941
2663, 10, 694
2664, 389, 955
2665, 467, 625
2666, 109, 932
2667, 97, 104
2668, 238, 524
2669, 327, 750
2670, 281, 999
2671, 323, 574
2672, 722, 800
2673, 60, 647
2674, 446, 913
2675, 371, 394
2676, 332, 652
2677, 145, 343
2678, 514, 531
2679, 184, 645
2680, 247, 261
2681, 506, 627
2682, 108, 983
2683, 424, 836
2684, 642, 899
2685, 293, 570
2686, 484, 549
2687, 669, 714
2688, 43, 492
2689, 526, 600
2690, 328, 687
2691, 2, 764
2692, 441, 808
2693, 113, 485
2694, 258, 487
2695, 646, 655
2696, 333, 854
2697, 183, 797
2698, 122, 937
2699, 746, 976
2700, 18, 584
2701, 707, 736
2702, 119, 780
2703, 651, 656
2704, 120, 984
2705, 442, 664
2706, 540, 947
2707, 753, 970
2708, 196, 716
2709, 180, 828
2710, 93, 717
2711, 565, 959
2712, 68, 936
2713, 455, 721
2714, 264, 706
2715, 249, 356
2716, 428, 914
2717, 161, 480
2718, 280, 609
2719, 54, 308
2720, 146, 904
2721, 536, 699
2722, 64, 226
2723, 817, 950
2724, 443, 729
2725, 592, 897
2726, 754, 790
2727, 842, 912
2728, 373, 948
2729, 617, 900
2730, 176, 869
2731, 329, 398
2732, 610, 653
2733, 370, 578
2734, 20, 168
2735, 6, 296
2736, 588, 732
2737, 713, 855
2738, 518, 563
2739, 198, 939
2740, 466, 493
2741, 230, 557
2742, 868, 933
2743, 860, 879
2744, 117, 966
2745, 469, 795
2746, 313, 622
2747, 276, 555
2748, 770, 919
2749, 242, 916
2750, 246, 885
2751, 456, 562
2752, 244, 285
2753, 414, 559
2754, 237, 270
2755, 866, 880
2756, 225, 553
2757, 630, 667
2758, 103, 858
2759, 561, 626
2760, 248, 289
2761, 192, 486
2762, 870, 957
2763, 629, 735
2764, 123, 829
2765, 620, 867
2766, 763, 958
2767, 311, 927
2768, 262, 724
2769, 208, 989
2770, 353, 517
2771, 15, 623
2772, 150, 325
2773, 190, 529
2774, 489, 709
2775, 63, 243
2776, 143, 665
2777, 330, 604
2778, 693, 841
2779, 75, 945
2780, 301, 658
2781, 266, 796
2782, 751, 849
2783, 856, 911
2784, 773, 988
2785, 528, 641
2786, 140, 974
2787, 203, 542
2788, 560, 579
2789, 29, 221
2790, 432, 548
2791, 171, 326
2792, 395, 816
2793, 73, 278
2794, 214, 971
2795, 71, 155
2796, 386, 992
2797, 439, 605
2798, 520, 766
2799, 440, 801
2800, 65, 644
2801, 154, 362
2802, 27, 474
2803, 412, 471
2804, 556, 708
2805, 35, 943
2806, 497, 931
2807, 377, 749
2808, 847, 907
2809, 69, 591
2810, 90, 429
2811, 33, 977
2812, 360, 585
2813, 11, 633
2814, 272, 460
2815, 233, 522
2816, 355, 616
2817, 118, 256
2818, 38, 901
2819, 498, 698
2820, 49, 874
2821, 175, 898
2822, 201, 875
2823, 358, 554
2824, 550, 581
2825, 342, 863
2826, 310, 1000
2827, 465, 762
2828, 534, 637
2829, 482, 606
2830, 128, 779
2831, 110, 409
2832, 107, 823
2833, 384, 539
2834, 83, 368
2835, 535, 586
2836, 541, 778
2837, 3, 935
2838, 67, 587
2839, 421, 431
2840, 401, 436
2841, 189, 902
2842, 169, 341
2843, 533, 659
2844, 114, 964
2845, 621, 680
2846, 115, 470
2847, 102, 391
2848, 23, 686
2849, 511, 986
2850, 87, 468
2851, 80, 972
2852, 315, 572
2853, 385, 719
2854, 181, 239
2855, 525, 743
2856, 390, 783
2857, 111, 141
2858, 690, 994
2859, 450, 472
2860, 392, 918
2861, 219, 253
2862, 475, 503
2863, 159, 973
2864, 402, 479
2865, 147, 674
2866, 734, 886
2867, 96, 126
2868, 411, 923
2869, 86, 255
2870, 84, 835
2871, 138, 704
2872, 504, 688
2873, 105, 726
2874, 457, 523
2875, 512, 985
2876, 473, 571
2877, 638, 834
2878, 404, 872
2879, 793, 839
2880, 24, 299
2881, 41, 962
2882, 129, 607
2883, 275, 668
2884, 351, 545
2885, 818, 925
2886, 166, 978
2887, 309, 990
2888, 339, 352
2889, 952, 987
2890, 228, 569
2891, 265, 701
2892, 425, 671
2893, 291, 648
2894, 407, 496
2895, 516, 981
2896, 461, 676
2897, 148, 631
2898, 101, 199
2899, 151, 314
2900, 1, 767
2901, 206, 944
2902, 130, 695
2903, 742, 924
2904, 364, 566
2905, 134, 820
2906, 347, 968
2907, 182, 980
2908, 681, 731
2909, 812, 873
2910, 445, 752
2911, 16, 697
2912, 298, 393
2913, 304, 830
2914, 85, 462
2915, 590, 727
2916, 217, 379
2917, 47, 284
2918, 121, 488
2919, 227, 660
2920, 447, 744
2921, 4, 287
2922, 792, 982
2923, 224, 892
2924, 852, 877
2925, 40, 231
2926, 649, 993
2927, 381, 951
2928, 453, 821
2929, 305, 759
2930, 229, 500
2931, 235, 905
2932, 321, 806
2933, 76, 383
2934, 42, 458
2935, 149, 433
2936, 250, 675
2937, 61, 142
2938, 55, 861
2939, 463, 832
2940, 116, 127
2941, 218, 771
2942, 366, 670
2943, 19, 282
2944, 501, 715
2945, 532, 613
2946, 268, 599
2947, 307, 804
2948, 903, 908
2949, 95, 437
2950, 765, 846
2951, 94, 174
2952, 397, 692
2953, 170, 263
2954, 819, 883
2955, 66, 573
2956, 178, 382
2957, 56, 738
2958, 418, 635
2959, 577, 845
2960, 186, 612
2961, 300, 954
2962, 26, 575
2963, 768, 928
2964, 547, 910
2965, 596, 782
2966, 787, 815
2967, 195, 240
2968, 387, 420
2969, 106, 375
2970, 220, 490
2971, 89, 946
2972, 179, 207
2973, 254, 452
2974, 279, 998
2975, 345, 784
2976, 378, 809
2977, 273, 922
2978, 271, 960
2979, 53, 799
2980, 859, 996
2981, 191, 909
2982, 21, 267
2983, 78, 777
2984, 510, 756
2985, 583, 864
2986, 82, 934
2987, 251, 895
2988, 608, 997
2989, 163, 737
2990, 290, 798
2991, 410, 917
2992, 513, 691
2993, 50, 705
2994, 236, 733
2995, 444, 851
2996, 459, 603
2997, 70, 160
2998, 260, 949
2999, 772, 884
3000, 28, 741
3001, 772, 970
3002, 316, 387
3003, 28, 619
3004, 11, 571
3005, 908, 914
3006, 4, 452
3007, 537, 547
3008, 381, 706
3009, 154, 164
3010, 181, 456
3011, 503, 735
3012, 93, 630
3013, 628, 895
3014, 393, 958
3015, 653, 853
3016, 315, 578
3017, 311, 350
3018, 144, 669
3019, 306, 432
3020, 32, 377
3021, 272, 642
3022, 457, 732
3023, 444, 638
3024, 166, 774
3025, 442, 563
3026, 294, 512
3027, 205, 409
3028, 924, 985
3029, 417, 665
3030, 9, 338
3031, 165, 692
3032, 875, 912
3033, 180, 866
3034, 613, 917
3035, 477, 615
3036, 868, 893
3037, 427, 553
3038, 793, 963
3039, 480, 810
3040, 388, 430
3041, 108, 213
3042, 729, 796
3043, 139, 146
3044, 564, 872
3045, 370, 870
3046, 183, 334
3047, 150, 648
3048, 2, 761
3049, 339, 792
3050, 392, 639
3051, 589, 750
3052, 220, 831
3053, 201, 352
3054, 96, 923
3055, 621, 696
3056, 55, 610
3057, 330, 892
3058, 234, 540
3059, 287, 626
3060, 77, 587
3061, 120, 777
3062, 559, 987
3063, 337, 880
3064, 486, 570
3065, 129, 580
3066, 841, 903
3067, 106, 586
3068, 95, 341
3069, 398, 531
3070, 198, 260
3071, 26, 678
3072, 557, 787
3073, 620, 835
3074, 188, 378
3075, 428, 496
3076, 524, 933
3077, 182, 943
3078, 368, 624
3079, 131, 384
3080, 438, 712
3081, 478, 815
3082, 102, 278
3083, 471, 812
3084, 362, 445
3085, 601, 728
3086, 390, 885
3087, 508, 878
3088, 561, 767
3089, 558, 608
3090, 52, 163
3091, 660, 937
3092, 219, 911
3093, 34, 38
3094, 88, 666
3095, 386, 659
3096, 839, 888
3097, 58, 426
3098, 313, 971
3099, 114, 389
3100, 404, 910
3101, 135, 218
3102, 644, 926
3103, 906, 936
3104, 241, 285
3105, 454, 679
3106, 651, 738
3107, 518, 865
3108, 82, 494
3109, 840, 955
3110, 39, 125
3111, 152, 324
3112, 319, 686
3113, 226, 915
3114, 274, 778
3115, 360, 788
3116, 939, 997
3117, 460, 954
3118, 526, 786
3119, 710, 994
3120, 637, 869
3121, 448, 752
3122, 19, 672
3123, 236, 290
3124, 245, 502
3125, 425, 595
3126, 40, 412
3127, 90, 296
3128, 65, 140
3129, 160, 607
3130, 554, 757
3131, 76, 860
3132, 248, 472
3133, 453, 576
3134, 345, 952
3135, 543, 606
3136, 64, 691
3137, 43, 989
3138, 211, 649
3139, 611, 794
3140, 130, 758
3141, 326, 688
3142, 482, 769
3143, 473, 851
3144, 3, 33
3145, 598, 973
3146, 705, 734
3147, 8, 928
3148, 340, 485
3149, 391, 969
3150, 307, 741
3151, 79, 623
3152, 262, 826
3153, 335, 783
3154, 413, 980
3155, 663, 820
3156, 216, 356
3157, 74, 275
3158, 72, 539
3159, 542, 565
3160, 325, 718
3161, 242, 715
3162, 401, 668
3163, 372, 909
3164, 479, 517
3165, 244, 374
3166, 80, 100
3167, 54, 111
3168, 367, 818
3169, 567, 695
3170, 500, 594
3171, 247, 833
3172, 415, 459
3173, 161, 284
3174, 228, 863
3175, 206, 602
3176, 14, 489
3177, 121, 443
3178, 87, 437
3179, 162, 261
3180, 225, 801
3181, 959, 1000
3182, 41, 158
3183, 965, 972
3184, 199, 376
3185, 29, 254
3186, 646, 821
3187, 264, 967
3188, 449, 852
3189, 207, 510
3190, 633, 838
3191, 423, 930
3192, 670, 874
3193, 329, 721
3194, 42, 83
3195, 355, 881
3196, 126, 291
3197, 147, 184
3198, 552, 941
3199, 402, 548
3200, 200, 957
3201, 132, 514
3202, 50, 133
3203, 128, 149
3204, 451, 791
3205, 292, 450
3206, 511, 683
3207, 107, 354
3208, 431, 975
3209, 399, 593
3210, 536, 896
3211, 321, 581
3212, 582, 822
3213, 488, 905
3214, 127, 827
3215, 538, 697
3216, 562, 711
3217, 465, 795
3218, 63, 516
3219, 6, 124
3220, 151, 781
3221, 172, 751
3222, 643, 764
3223, 78, 394
3224, 233, 898
3225, 153, 333
3226, 265, 684
3227, 327, 992
3228, 84, 113
3229, 942, 998
3230, 116, 197
3231, 178, 349
3232, 664, 850
3233, 440, 513
3234, 560, 807
3235, 137, 282
3236, 227, 873
3237, 98, 716
3238, 69, 640
3239, 217, 414
3240, 584, 889
3241, 439, 622
3242, 279, 948
3243, 515, 654
3244, 447, 549
3245, 685, 999
3246, 235, 544
3247, 86, 675
3248, 175, 322
3249, 263, 717
3250, 305, 919
3251, 416, 652
3252, 92, 429
3253, 433, 662
3254, 117, 446
3255, 85, 528
3256, 44, 288
3257, 592, 984
3258, 635, 849
3259, 636, 671
3260, 616, 673
3261, 600, 867
3262, 142, 441
3263, 468, 829
3264, 37, 371
3265, 238, 574
3266, 886, 904
3267, 204, 634
3268, 730, 877
3269, 476, 768
3270, 568, 846
3271, 505, 719
3272, 699, 907
3273, 749, 935
3274, 344, 988
3275, 271, 753
3276, 223, 832
3277, 277, 655
3278, 834, 845
3279, 24, 410
3280, 110, 364
3281, 395, 978
3282, 312, 365
3283, 203, 991
3284, 708, 744
3285, 57, 246
3286, 545, 650
3287, 509, 921
3288, 879, 949
3289, 36, 492
3290, 382, 951
3291, 458, 918
3292, 357, 546
3293, 91, 351
3294, 436, 762
3295, 657, 763
3296, 301, 396
3297, 112, 529
3298, 173, 408
3299, 210, 490
3300, 689, 824
3301, 704, 913
3302, 405, 700
3303, 240, 844
3304, 347, 836
3305, 48, 647
3306, 239, 871
3307, 229, 243
3308, 119, 977
3309, 899, 934
3310, 532, 605
3311, 604, 733
3312, 61, 103
3313, 16, 222
3314, 67, 864
3315, 302, 323
3316, 251, 591
3317, 230, 731
3318, 342, 900
3319, 168, 507
3320, 661, 990
3321, 59, 938
3322, 304, 979
3323, 780, 802
3324, 10, 932
3325, 627, 804
3326, 369, 782
3327, 681, 805
3328, 156, 177
3329, 25, 667
3330, 45, 403
3331, 397, 723
3332, 419, 982
3333, 214, 249
3334, 702, 897
3335, 109, 931
3336, 385, 521
3337, 7, 497
3338, 23, 286
3339, 209, 724
3340, 157, 331
3341, 353, 424
3342, 51, 739
3343, 253, 746
3344, 21, 332
3345, 703, 966
3346, 97, 842
3347, 191, 556
3348, 475, 950
3349, 259, 916
3350, 171, 297
3351, 303, 366
3352, 882, 887
3353, 318, 629
3354, 71, 857
3355, 300, 922
3356, 714, 797
3357, 534, 588
3358, 400, 572
3359, 20, 960
3360, 314, 891
3361, 17, 194
3362, 583, 825
3363, 115, 280
3364, 215, 224
3365, 346, 837
3366, 12, 484
3367, 155, 631
3368, 167, 814
3369, 62, 854
3370, 612, 614
3371, 22, 298
3372, 819, 861
3373, 73, 964
3374, 289, 808
3375, 68, 192
3376, 343, 759
3377, 145, 694
3378, 141, 176
3379, 138, 252
3380, 470, 803
3381, 267, 748
3382, 136, 467
3383, 5, 953
3384, 122, 550
3385, 1, 945
3386, 258, 760
3387, 523, 974
3388, 359, 573
3389, 281, 674
3390, 270, 618
3391, 455, 533
3392, 603, 859
3393, 221, 947
3394, 328, 463
3395, 375, 579
3396, 70, 698
3397, 380, 575
3398, 962, 983
3399, 358, 422
3400, 466, 765
3401, 755, 876
3402, 784, 901
3403, 462, 520
3404, 255, 541
3405, 461, 481
3406, 170, 599
3407, 101, 202
3408, 75, 208
3409, 469, 483
3410, 373, 996
3411, 501, 625
3412, 53, 519
3413, 193, 799
3414, 105, 257
3415, 336, 421
3416, 363, 858
3417, 383, 535
3418, 658, 687
3419, 566, 809
3420, 434, 790
3421, 726, 811
3422, 491, 771
3423, 609, 894
3424, 15, 693
3425, 464, 883
3426, 310, 727
3427, 196, 682
3428, 123, 632
3429, 848, 993
3430, 99, 179
3431, 18, 813
3432, 268, 776
3433, 527, 968
3434, 237, 745
3435, 641, 743
3436, 309, 320
3437, 645, 884
3438, 148, 348
3439, 190, 940
3440, 677, 742
3441, 569, 902
3442, 785, 800
3443, 418, 956
3444, 30, 779
3445, 308, 676
3446, 134, 283
3447, 770, 773
3448, 143, 981
3449, 94, 506
3450, 35, 722
3451, 89, 656
3452, 493, 498
3453, 551, 890
3454, 299, 585
3455, 577, 855
3456, 13, 174
3457, 709, 856
3458, 266, 555
3459, 293, 789
3460, 487, 737
3461, 775, 986
3462, 317, 817
3463, 49, 60
3464, 187, 740
3465, 232, 596
3466, 617, 847
3467, 189, 747
3468, 185, 269
3469, 407, 504
3470, 47, 276
3471, 27, 186
3472, 250, 499
3473, 195, 212
3474, 56, 736
3475, 231, 590
3476, 843, 976
3477, 81, 104
3478, 474, 690
3479, 754, 925
3480, 756, 920
3481, 169, 295
3482, 816, 944
3483, 273, 525
3484, 720, 961
3485, 361, 927
3486, 411, 435
3487, 379, 420
3488, 256, 766
3489, 31, 713
3490, 46, 946
3491, 701, 806
3492, 680, 725
3493, 118, 707
3494, 530, 862
3495, 823, 995
3496, 522, 798
3497, 495, 830
3498, 406, 929
3499, 66, 159
3500, 597, 828
3501, 388, 845
3502, 627, 895
3503, 233, 405
3504, 412, 727
3505, 588, 928
3506, 799, 821
3507, 350, 765
3508, 776, 816
3509, 310, 953
3510, 445, 862
3511, 367, 613
3512, 46, 316
3513, 527, 916
3514, 81, 494
3515, 41, 645
3516, 236, 286
3517, 595, 626
3518, 901, 915
3519, 153, 611
3520, 17, 537
3521, 777, 856
3522, 206, 351
3523, 87, 548
3524, 356, 370
3525, 161, 990
3526, 716, 725
3527, 702, 846
3528, 114, 287
3529, 63, 833
3530, 435, 826
3531, 79, 402
3532, 15, 875
3533, 734, 879
3534, 282, 681
3535, 308, 987
3536, 278, 972
3537, 465, 696
3538, 70, 157
3539, 29, 638
3540, 76, 288
3541, 36, 919
3542, 510, 988
3543, 330, 860
3544, 238, 738
3545, 28, 908
3546, 2, 430
3547, 201, 603
3548, 148, 447
3549, 42, 876
3550, 298, 929
3551, 489, 763
3552, 229, 960
3553, 11, 261
3554, 152, 592
3555, 249, 970
3556, 19, 25
3557, 179, 487
3558, 355, 795
3559, 531, 640
3560, 353, 501
3561, 868, 976
3562, 329, 658
3563, 173, 320
3564, 390, 969
3565, 221, 407
3566, 624, 758
3567, 16, 279
3568, 145, 533
3569, 208, 506
3570, 322, 802
3571, 273, 543
3572, 317, 789
3573, 909, 925
3574, 159, 512
3575, 226, 231
3576, 884, 993
3577, 348, 717
3578, 64, 394
3579, 770, 924
3580, 523, 941
3581, 93, 892
3582, 109, 809
3583, 49, 890
3584, 12, 839
3585, 667, 711
3586, 604, 701
3587, 139, 811
3588, 609, 886
3589, 3, 384
3590, 671, 822
3591, 141, 566
3592, 391, 562
3593, 82, 836
3594, 516, 522
3595, 525, 950
3596, 133, 174
3597, 395, 998
3598, 423, 772
3599, 285, 433
3600, 315, 363
3601, 246, 648
3602, 214, 891
3603, 244, 668
3604, 302, 466
3605, 893, 934
3606, 187, 920
3607, 526, 636
3608, 341, 995
3609, 344, 863
3610, 462, 803
3611, 399, 690
3612, 306, 607
3613, 374, 503
3614, 452, 828
3615, 280, 649
3616, 528, 699
3617, 600, 966
3618, 9, 558
3619, 589, 851
3620, 248, 295
3621, 733, 760
3622, 572, 952
3623, 492, 743
3624, 251, 698
3625, 258, 629
3626, 739, 958
3627, 551, 571
3628, 334, 870
3629, 968, 978
3630, 631, 871
3631, 13, 324
3632, 369, 737
3633, 304, 682
3634, 646, 938
3635, 264, 852
3636, 134, 376
3637, 623, 896
3638, 20, 364
3639, 404, 949
3640, 722, 750
3641, 8, 965
3642, 762, 955
3643, 4, 293
3644, 470, 583
3645, 78, 994
3646, 735, 927
3647, 227, 318
3648, 565, 866
3649, 473, 663
3650, 387, 745
3651, 823, 996
3652, 210, 247
3653, 683, 807
3654, 271, 835
3655, 26, 544
3656, 378, 460
3657, 102, 618
3658, 357, 616
3659, 957, 999
3660, 176, 230
3661, 377, 644
3662, 240, 382
3663, 481, 796
3664, 270, 545
3665, 35, 559
3666, 137, 766
3667, 181, 213
3668, 431, 575
3669, 71, 467
3670, 652, 674
3671, 111, 837
3672, 85, 101
3673, 451, 662
3674, 311, 806
3675, 475, 654
3676, 499, 914
3677, 121, 570
3678, 34, 761
3679, 643, 697
3680, 670, 894
3681, 596, 748
3682, 438, 831
3683, 756, 930
3684, 434, 546
3685, 7, 530
3686, 424, 688
3687, 484, 637
3688, 478, 989
3689, 290, 362
3690, 209, 471
3691, 142, 752
3692, 118, 590
3693, 69, 224
3694, 163, 774
3695, 116, 602
3696, 517, 847
3697, 44, 918
3698, 406, 974
3699, 457, 461
3700, 437, 619
3701, 115, 274
3702, 168, 584
3703, 297, 605
3704, 135, 409
3705, 23, 397
3706, 540, 586
3707, 14, 746
3708, 664, 834
3709, 536, 838
3710, 200, 642
3711, 420, 937
3712, 386, 913
3713, 77, 449
3714, 194, 778
3715, 578, 684
3716, 31, 483
3717, 672, 817
3718, 314, 580
3719, 62, 713
3720, 666, 829
3721, 380, 911
3722, 30, 96
3723, 844, 897
3724, 40, 724
3725, 195, 755
3726, 90, 665
3727, 167, 529
3728, 97, 347
3729, 502, 985
3730, 171, 904
3731, 561, 956
3732, 352, 444
3733, 216, 874
3734, 234, 705
3735, 156, 257
3736, 371, 587
3737, 67, 887
3738, 309, 358
3739, 155, 337
3740, 131, 482
3741, 68, 321
3742, 450, 515
3743, 849, 873
3744, 112, 332
3745, 94, 464
3746, 597, 639
3747, 127, 392
3748, 442, 784
3749, 119, 440
3750, 490, 691
3751, 43, 848
3752, 593, 882
3753, 319, 793
3754, 905, 954
3755, 567, 864
3756, 736, 808
3757, 130, 232
3758, 880, 945
3759, 669, 917
3760, 299, 877
3761, 728, 888
3762, 122, 813
3763, 524, 622
3764, 92, 305
3765, 729, 982
3766, 507, 825
3767, 150, 926
3768, 56, 771
3769, 164, 601
3770, 549, 612
3771, 942, 951
3772, 360, 538
3773, 560, 585
3774, 223, 932
3775, 154, 787
3776, 146, 429
3777, 266, 944
3778, 454, 788
3779, 718, 902
3780, 476, 824
3781, 436, 534
3782, 242, 673
3783, 598, 653
3784, 815, 923
3785, 59, 610
3786, 446, 881
3787, 326, 373
3788, 74, 820
3789, 186, 753
3790, 55, 113
3791, 441, 759
3792, 403, 427
3793, 547, 694
3794, 189, 349
3795, 336, 361
3796, 498, 695
3797, 100, 508
3798, 123, 751
3799, 647, 764
3800, 415, 798
3801, 277, 865
3802, 132, 861
3803, 205, 933
3804, 218, 903
3805, 479, 539
3806, 255, 267
3807, 39, 707
3808, 222, 625
3809, 239, 898
3810, 197, 372
3811, 747, 899
3812, 66, 621
3813, 228, 557
3814, 52, 292
3815, 95, 183
3816, 105, 678
3817, 832, 1000
3818, 151, 301
3819, 21, 190
3820, 54, 841
3821, 144, 730
3822, 106, 931
3823, 241, 385
3824, 659, 943
3825, 198, 840
3826, 579, 792
3827, 375, 959
3828, 58, 379
3829, 138, 781
3830, 541, 857
3831, 354, 439
3832, 61, 830
3833, 162, 946
3834, 426, 935
3835, 204, 400
3836, 117, 740
3837, 518, 657
3838, 38, 712
3839, 581, 692
3840, 24, 843
3841, 577, 814
3842, 99, 912
3843, 432, 853
3844, 272, 661
3845, 263, 964
3846, 235, 842
3847, 212, 785
3848, 591, 614
3849, 775, 984
3850, 91, 283
3851, 594, 804
3852, 509, 709
3853, 715, 940
3854, 84, 219
3855, 343, 443
3856, 108, 505
3857, 327, 488
3858, 27, 184
3859, 721, 749
3860, 196, 368
3861, 676, 767
3862, 401, 477
3863, 191, 300
3864, 281, 396
3865, 496, 967
3866, 520, 992
3867, 51, 706
3868, 89, 704
3869, 126, 243
3870, 805, 948
3871, 262, 408
3872, 782, 797
3873, 656, 687
3874, 217, 719
3875, 660, 872
3876, 532, 757
3877, 744, 922
3878, 149, 563
3879, 346, 981
3880, 323, 535
3881, 497, 650
3882, 801, 971
3883, 651, 779
3884, 411, 693
3885, 10, 786
3886, 65, 225
3887, 88, 800
3888, 22, 307
3889, 500, 790
3890, 606, 620
3891, 83, 366
3892, 553, 582
3893, 182, 418
3894, 140, 172
3895, 211, 977
3896, 325, 635
3897, 365, 381
3898, 291, 910
3899, 519, 859
3900, 188, 448
3901, 425, 991
3902, 550, 855
3903, 73, 421
3904, 193, 773
3905, 237, 521
3906, 617, 679
3907, 5, 289
3908, 608, 723
3909, 177, 854
3910, 275, 939
3911, 1, 850
3912, 416, 491
3913, 276, 818
3914, 265, 268
3915, 410, 419
3916, 554, 921
3917, 393, 980
3918, 103, 708
3919, 98, 900
3920, 312, 769
3921, 158, 867
3922, 18, 556
3923, 185, 641
3924, 417, 573
3925, 48, 175
3926, 107, 389
3927, 57, 511
3928, 128, 975
3929, 459, 714
3930, 202, 655
3931, 869, 961
3932, 60, 628
3933, 120, 472
3934, 463, 878
3935, 569, 720
3936, 542, 568
3937, 260, 480
3938, 33, 906
3939, 37, 552
3940, 741, 997
3941, 827, 889
3942, 703, 768
3943, 428, 514
3944, 253, 485
3945, 256, 986
3946, 170, 685
3947, 143, 398
3948, 340, 883
3949, 215, 780
3950, 468, 632
3951, 453, 504
3952, 75, 858
3953, 599, 686
3954, 732, 791
3955, 564, 973
3956, 455, 783
3957, 254, 333
3958, 124, 259
3959, 342, 983
3960, 129, 166
3961, 677, 979
3962, 72, 284
3963, 576, 754
3964, 328, 962
3965, 335, 513
3966, 726, 812
3967, 160, 963
3968, 169, 199
3969, 180, 422
3970, 6, 303
3971, 486, 742
3972, 45, 675
3973, 178, 495
3974, 269, 313
3975, 331, 555
3976, 731, 936
3977, 220, 810
3978, 110, 207
3979, 339, 345
3980, 680, 885
3981, 32, 165
3982, 147, 383
3983, 47, 947
3984, 338, 700
3985, 414, 689
3986, 192, 250
3987, 252, 633
3988, 458, 615
3989, 104, 294
3990, 203, 296
3991, 474, 630
3992, 710, 907
3993, 80, 634
3994, 456, 794
3995, 359, 574
3996, 493, 819
3997, 50, 53
3998, 125, 245
3999, 86, 136
4000, 413, 469
