id, img1, img2
1, 121, 440
2, 686, 934
3, 671, 713
4, 646, 926
5, 230, 790
6, 515, 862
7, 654, 681
8, 396, 668
9, 113, 699
10, 456, 612
11, 859, 995
12, 287, 434
13, 452, 594
14, 603, 648
15, 6, 332
16, 156, 923
17, 310, 774
18, 103, 508
19, 235, 525
20, 470, 717
21, 316, 763
22, 179, 393
23, 101, 909
24, 442, 461
25, 536, 980
26, 20, 519
27, 700, 838
28, 387, 954
29, 333, 824
30, 39, 343
31, 518, 975
32, 51, 495
33, 586, 927
34, 23, 459
35, 135, 656
36, 401, 965
37, 556, 688
38, 128, 992
39, 71, 738
40, 170, 835
41, 202, 274
42, 45, 726
43, 266, 298
44, 186, 240
45, 81, 204
46, 446, 869
47, 690, 757
48, 79, 137
49, 14, 658
50, 277, 739
51, 210, 295
52, 133, 889
53, 388, 490
54, 177, 472
55, 97, 753
56, 438, 997
57, 503, 697
58, 788, 987
59, 64, 104
60, 117, 509
61, 111, 331
62, 482, 575
63, 361, 787
64, 584, 943
65, 212, 506
66, 933, 993
67, 473, 550
68, 591, 858
69, 110, 407
70, 55, 474
71, 604, 693
72, 267, 673
73, 894, 979
74, 335, 721
75, 229, 914
76, 112, 378
77, 36, 75
78, 850, 960
79, 157, 823
80, 651, 743
81, 66, 983
82, 252, 554
83, 225, 483
84, 460, 613
85, 92, 762
86, 63, 283
87, 357, 830
88, 419, 725
89, 336, 548
90, 160, 804
91, 450, 585
92, 257, 487
93, 674, 768
94, 553, 842
95, 372, 848
96, 136, 632
97, 17, 661
98, 868, 875
99, 220, 891
100, 234, 328
101, 742, 958
102, 360, 398
103, 28, 338
104, 232, 351
105, 215, 618
106, 76, 998
107, 244, 777
108, 1, 451
109, 185, 382
110, 306, 457
111, 89, 905
112, 95, 964
113, 397, 593
114, 449, 819
115, 149, 410
116, 41, 947
117, 436, 466
118, 565, 672
119, 286, 854
120, 494, 841
121, 190, 816
122, 545, 938
123, 72, 929
124, 364, 820
125, 94, 534
126, 392, 423
127, 491, 766
128, 172, 737
129, 432, 728
130, 636, 801
131, 25, 605
132, 371, 855
133, 773, 784
134, 262, 665
135, 195, 617
136, 749, 825
137, 271, 849
138, 615, 701
139, 303, 741
140, 664, 962
141, 24, 183
142, 324, 746
143, 917, 982
144, 376, 935
145, 196, 904
146, 199, 752
147, 86, 977
148, 8, 67
149, 551, 619
150, 620, 750
151, 167, 546
152, 329, 720
153, 155, 832
154, 420, 608
155, 93, 533
156, 587, 592
157, 424, 637
158, 84, 642
159, 403, 703
160, 795, 895
161, 275, 633
162, 249, 676
163, 528, 948
164, 304, 623
165, 290, 767
166, 145, 810
167, 369, 821
168, 511, 682
169, 899, 971
170, 597, 655
171, 818, 833
172, 74, 641
173, 610, 779
174, 710, 772
175, 263, 813
176, 193, 882
177, 106, 578
178, 269, 569
179, 114, 760
180, 238, 543
181, 194, 201
182, 595, 715
183, 406, 624
184, 109, 549
185, 458, 865
186, 9, 611
187, 375, 920
188, 649, 653
189, 3, 313
190, 48, 913
191, 38, 780
192, 579, 931
193, 961, 999
194, 389, 1000
195, 98, 346
196, 130, 631
197, 577, 878
198, 56, 568
199, 504, 670
200, 42, 827
201, 203, 352
202, 566, 808
203, 217, 696
204, 486, 761
205, 317, 794
206, 173, 826
207, 69, 563
208, 278, 867
209, 542, 630
210, 430, 724
211, 723, 822
212, 224, 588
213, 129, 874
214, 10, 123
215, 65, 988
216, 31, 957
217, 228, 986
218, 634, 881
219, 118, 607
220, 439, 871
221, 189, 353
222, 233, 657
223, 356, 765
224, 662, 984
225, 107, 496
226, 462, 501
227, 955, 963
228, 754, 953
229, 322, 831
230, 119, 134
231, 52, 524
232, 242, 258
233, 521, 950
234, 151, 922
235, 191, 485
236, 394, 433
237, 606, 990
238, 638, 896
239, 53, 946
240, 100, 426
241, 301, 952
242, 19, 705
243, 529, 802
244, 498, 669
245, 480, 484
246, 443, 924
247, 315, 698
248, 576, 590
249, 478, 815
250, 4, 786
251, 248, 921
252, 558, 771
253, 46, 514
254, 530, 847
255, 792, 893
256, 564, 776
257, 412, 864
258, 285, 886
259, 366, 583
260, 589, 614
261, 626, 650
262, 16, 797
263, 153, 910
264, 350, 455
265, 241, 942
266, 435, 814
267, 602, 758
268, 11, 785
269, 639, 840
270, 347, 386
271, 791, 860
272, 231, 341
273, 251, 712
274, 254, 973
275, 571, 991
276, 581, 660
277, 416, 513
278, 667, 775
279, 678, 885
280, 57, 897
281, 126, 616
282, 349, 390
283, 148, 708
284, 200, 368
285, 729, 941
286, 520, 645
287, 218, 778
288, 77, 888
289, 141, 756
290, 171, 296
291, 562, 994
292, 441, 714
293, 59, 691
294, 598, 863
295, 856, 887
296, 444, 748
297, 291, 502
298, 280, 300
299, 207, 600
300, 162, 236
301, 120, 702
302, 139, 557
303, 687, 967
304, 187, 259
305, 512, 643
306, 340, 809
307, 44, 339
308, 679, 969
309, 226, 379
310, 115, 265
311, 12, 264
312, 395, 956
313, 555, 722
314, 414, 499
315, 166, 532
316, 209, 902
317, 289, 974
318, 161, 168
319, 223, 908
320, 309, 408
321, 400, 877
322, 247, 906
323, 216, 544
324, 789, 939
325, 2, 522
326, 131, 481
327, 138, 911
328, 49, 399
329, 256, 675
330, 88, 370
331, 227, 559
332, 796, 916
333, 60, 919
334, 374, 463
335, 192, 250
336, 326, 507
337, 154, 540
338, 312, 989
339, 561, 635
340, 32, 621
341, 294, 314
342, 26, 373
343, 37, 475
344, 288, 966
345, 783, 945
346, 35, 880
347, 718, 976
348, 492, 531
349, 299, 404
350, 552, 764
351, 477, 596
352, 213, 683
353, 132, 663
354, 68, 751
355, 391, 731
356, 405, 640
357, 180, 367
358, 734, 873
359, 40, 692
360, 652, 981
361, 800, 985
362, 169, 261
363, 297, 744
364, 27, 73
365, 769, 937
366, 354, 959
367, 205, 516
368, 208, 574
369, 176, 622
370, 567, 685
371, 116, 733
372, 305, 884
373, 320, 570
374, 427, 870
375, 467, 883
376, 292, 517
377, 237, 828
378, 152, 949
379, 62, 709
380, 7, 659
381, 307, 706
382, 142, 861
383, 122, 803
384, 308, 936
385, 198, 740
386, 489, 747
387, 15, 599
388, 704, 846
389, 488, 735
390, 447, 857
391, 539, 628
392, 21, 707
393, 609, 781
394, 58, 500
395, 159, 523
396, 54, 85
397, 164, 165
398, 817, 918
399, 29, 365
400, 535, 538
401, 268, 928
402, 279, 793
403, 377, 505
404, 380, 843
405, 143, 181
406, 837, 932
407, 422, 811
408, 163, 711
409, 150, 362
410, 219, 344
411, 384, 469
412, 537, 799
413, 158, 358
414, 381, 852
415, 732, 898
416, 206, 872
417, 311, 580
418, 319, 968
419, 526, 866
420, 627, 684
421, 245, 647
422, 78, 270
423, 70, 318
424, 243, 493
425, 33, 890
426, 175, 182
427, 221, 730
428, 87, 465
429, 246, 719
430, 13, 829
431, 273, 900
432, 629, 812
433, 327, 736
434, 385, 445
435, 448, 915
436, 572, 940
437, 125, 127
438, 527, 677
439, 144, 839
440, 99, 418
441, 907, 996
442, 417, 468
443, 694, 798
444, 464, 680
445, 260, 454
446, 188, 901
447, 806, 978
448, 330, 497
449, 43, 745
450, 18, 834
451, 147, 689
452, 30, 174
453, 47, 782
454, 80, 912
455, 239, 425
456, 82, 453
457, 272, 666
458, 479, 879
459, 510, 541
460, 560, 853
461, 284, 876
462, 334, 805
463, 302, 415
464, 383, 759
465, 222, 573
466, 146, 348
467, 844, 892
468, 140, 255
469, 83, 925
470, 355, 727
471, 91, 325
472, 411, 429
473, 770, 845
474, 197, 644
475, 61, 428
476, 281, 582
477, 96, 253
478, 276, 755
479, 342, 547
480, 282, 972
481, 105, 345
482, 124, 601
483, 5, 476
484, 50, 323
485, 413, 970
486, 716, 836
487, 34, 421
488, 22, 903
489, 178, 214
490, 471, 851
491, 437, 951
492, 695, 807
493, 402, 409
494, 102, 363
495, 321, 944
496, 108, 431
497, 359, 930
498, 90, 293
499, 337, 625
500, 184, 211
501, 122, 903
502, 54, 547
503, 101, 904
504, 527, 768
505, 108, 151
506, 679, 802
507, 323, 639
508, 747, 885
509, 261, 435
510, 519, 766
511, 146, 300
512, 414, 883
513, 721, 880
514, 57, 437
515, 164, 419
516, 658, 987
517, 423, 648
518, 30, 878
519, 371, 838
520, 850, 967
521, 273, 650
522, 433, 616
523, 546, 645
524, 135, 606
525, 91, 114
526, 182, 452
527, 649, 973
528, 25, 404
529, 142, 324
530, 809, 814
531, 78, 495
532, 290, 301
533, 467, 869
534, 354, 623
535, 503, 791
536, 627, 884
537, 203, 330
538, 287, 504
539, 245, 490
540, 412, 673
541, 456, 760
542, 249, 914
543, 6, 937
544, 161, 236
545, 234, 391
546, 487, 945
547, 422, 599
548, 163, 582
549, 8, 521
550, 195, 227
551, 209, 812
552, 509, 767
553, 94, 491
554, 513, 794
555, 156, 455
556, 783, 818
557, 413, 460
558, 48, 263
559, 40, 939
560, 2, 188
561, 194, 805
562, 226, 979
563, 530, 656
564, 266, 543
565, 251, 376
566, 506, 684
567, 217, 520
568, 655, 761
569, 65, 129
570, 174, 571
571, 754, 831
572, 706, 734
573, 787, 935
574, 113, 561
575, 83, 789
576, 165, 253
577, 118, 948
578, 478, 532
579, 380, 494
580, 260, 592
581, 447, 991
582, 157, 361
583, 51, 82
584, 415, 896
585, 200, 522
586, 563, 664
587, 847, 941
588, 205, 755
589, 396, 568
590, 578, 619
591, 668, 833
592, 130, 144
593, 293, 786
594, 76, 386
595, 343, 472
596, 709, 865
597, 87, 562
598, 365, 741
599, 199, 565
600, 581, 815
601, 221, 512
602, 171, 675
603, 19, 716
604, 732, 837
605, 444, 892
606, 208, 614
607, 584, 641
608, 496, 757
609, 38, 624
610, 405, 421
611, 84, 841
612, 4, 56
613, 636, 637
614, 105, 759
615, 93, 294
616, 17, 286
617, 583, 970
618, 168, 281
619, 280, 340
620, 132, 485
621, 170, 347
622, 112, 964
623, 318, 685
624, 145, 993
625, 793, 975
626, 193, 719
627, 774, 854
628, 744, 898
629, 488, 516
630, 159, 531
631, 840, 924
632, 5, 507
633, 589, 722
634, 202, 220
635, 120, 790
636, 615, 978
637, 617, 806
638, 367, 905
639, 137, 909
640, 100, 167
641, 218, 349
642, 368, 395
643, 322, 569
644, 123, 400
645, 539, 643
646, 523, 949
647, 20, 384
648, 730, 859
649, 50, 425
650, 33, 996
651, 366, 394
652, 277, 725
653, 466, 601
654, 186, 714
655, 155, 932
656, 628, 713
657, 34, 834
658, 28, 379
659, 59, 632
660, 356, 434
661, 745, 950
662, 828, 888
663, 442, 693
664, 66, 797
665, 96, 480
666, 252, 327
667, 776, 808
668, 535, 984
669, 436, 515
670, 125, 526
671, 173, 700
672, 385, 678
673, 204, 982
674, 148, 370
675, 18, 336
676, 416, 750
677, 134, 471
678, 119, 823
679, 248, 926
680, 465, 552
681, 177, 631
682, 292, 938
683, 71, 597
684, 428, 855
685, 15, 621
686, 355, 482
687, 150, 944
688, 492, 874
689, 407, 810
690, 191, 890
691, 377, 602
692, 11, 688
693, 551, 921
694, 315, 707
695, 304, 929
696, 610, 777
697, 196, 912
698, 618, 917
699, 73, 127
700, 925, 934
701, 201, 657
702, 306, 795
703, 402, 947
704, 198, 550
705, 133, 141
706, 344, 780
707, 74, 310
708, 473, 849
709, 329, 450
710, 138, 952
711, 553, 697
712, 265, 866
713, 31, 184
714, 392, 928
715, 897, 900
716, 738, 972
717, 360, 981
718, 228, 651
719, 207, 232
720, 166, 309
721, 505, 889
722, 398, 626
723, 609, 827
724, 555, 959
725, 288, 749
726, 464, 771
727, 185, 953
728, 97, 943
729, 717, 816
730, 229, 362
731, 595, 927
732, 240, 998
733, 689, 804
734, 178, 501
735, 629, 737
736, 302, 868
737, 219, 803
738, 62, 681
739, 652, 990
740, 307, 411
741, 233, 770
742, 43, 328
743, 420, 451
744, 665, 976
745, 149, 997
746, 333, 893
747, 374, 667
748, 247, 779
749, 211, 341
750, 270, 918
751, 80, 448
752, 418, 579
753, 440, 576
754, 285, 359
755, 548, 788
756, 739, 977
757, 410, 989
758, 257, 798
759, 316, 736
760, 143, 538
761, 672, 936
762, 1, 299
763, 653, 701
764, 481, 517
765, 692, 962
766, 223, 843
767, 32, 70
768, 764, 942
769, 45, 933
770, 289, 674
771, 393, 603
772, 282, 698
773, 899, 957
774, 244, 357
775, 154, 851
776, 243, 886
777, 13, 446
778, 12, 49
779, 570, 625
780, 388, 638
781, 46, 147
782, 213, 844
783, 364, 875
784, 16, 718
785, 117, 605
786, 680, 971
787, 183, 769
788, 22, 604
789, 670, 748
790, 152, 864
791, 121, 397
792, 556, 773
793, 358, 861
794, 463, 559
795, 746, 752
796, 241, 259
797, 585, 999
798, 403, 479
799, 497, 728
800, 338, 775
801, 242, 317
802, 829, 969
803, 116, 703
804, 169, 297
805, 634, 956
806, 429, 500
807, 35, 461
808, 785, 877
809, 206, 930
810, 269, 682
811, 237, 382
812, 231, 369
813, 44, 801
814, 424, 642
815, 235, 756
816, 710, 860
817, 85, 373
818, 192, 647
819, 296, 968
820, 103, 483
821, 262, 596
822, 432, 862
823, 622, 919
824, 68, 499
825, 230, 254
826, 852, 872
827, 271, 572
828, 106, 264
829, 525, 542
830, 881, 908
831, 676, 830
832, 102, 459
833, 477, 782
834, 320, 498
835, 222, 729
836, 24, 389
837, 41, 67
838, 342, 588
839, 475, 687
840, 502, 666
841, 72, 871
842, 10, 325
843, 128, 894
844, 558, 590
845, 796, 955
846, 533, 611
847, 179, 891
848, 335, 534
849, 64, 821
850, 3, 994
851, 331, 980
852, 256, 427
853, 387, 654
854, 312, 799
855, 758, 958
856, 89, 334
857, 518, 683
858, 291, 712
859, 124, 351
860, 175, 258
861, 58, 98
862, 26, 873
863, 75, 214
864, 187, 332
865, 23, 901
866, 743, 822
867, 131, 817
868, 308, 876
869, 375, 677
870, 895, 911
871, 704, 966
872, 554, 742
873, 39, 381
874, 441, 835
875, 111, 126
876, 694, 696
877, 311, 920
878, 279, 832
879, 439, 646
880, 276, 470
881, 593, 887
882, 246, 409
883, 348, 564
884, 510, 960
885, 115, 295
886, 21, 274
887, 372, 733
888, 537, 659
889, 753, 839
890, 305, 408
891, 189, 691
892, 445, 612
893, 489, 986
894, 417, 438
895, 92, 720
896, 278, 663
897, 109, 660
898, 544, 910
899, 63, 686
900, 61, 633
901, 139, 153
902, 255, 992
903, 560, 819
904, 508, 573
905, 549, 669
906, 210, 807
907, 99, 567
908, 772, 778
909, 268, 765
910, 352, 540
911, 225, 462
912, 715, 879
913, 915, 963
914, 363, 853
915, 557, 586
916, 326, 449
917, 224, 695
918, 486, 858
919, 541, 580
920, 613, 845
921, 346, 723
922, 591, 781
923, 267, 965
924, 577, 848
925, 95, 740
926, 524, 856
927, 406, 916
928, 594, 882
929, 160, 426
930, 545, 699
931, 283, 575
932, 55, 430
933, 29, 469
934, 272, 528
935, 69, 800
936, 27, 337
937, 824, 931
938, 735, 995
939, 484, 661
940, 587, 711
941, 77, 314
942, 727, 988
943, 36, 842
944, 751, 792
945, 630, 662
946, 574, 702
947, 180, 946
948, 104, 607
949, 172, 303
950, 216, 345
951, 468, 763
952, 825, 922
953, 176, 350
954, 476, 1000
955, 313, 726
956, 212, 906
957, 598, 620
958, 53, 640
959, 79, 954
960, 390, 443
961, 47, 250
962, 86, 724
963, 339, 813
964, 14, 600
965, 690, 867
966, 319, 857
967, 708, 846
968, 37, 383
969, 284, 820
970, 635, 644
971, 705, 974
972, 136, 453
973, 474, 907
974, 514, 826
975, 457, 863
976, 7, 90
977, 9, 784
978, 458, 951
979, 378, 902
980, 81, 566
981, 158, 298
982, 238, 923
983, 275, 985
984, 181, 913
985, 190, 239
986, 107, 762
987, 162, 511
988, 197, 671
989, 110, 401
990, 431, 836
991, 140, 870
992, 215, 529
993, 88, 983
994, 321, 961
995, 42, 454
996, 353, 536
997, 399, 608
998, 731, 811
999, 60, 940
1000, 52, 493
1001, 132, 299
1002, 59, 441
1003, 210, 276
1004, 268, 495
1005, 242, 590
1006, 202, 880
1007, 500, 538
1008, 597, 973
1009, 337, 551
1010, 45, 848
1011, 109, 846
1012, 23, 153
1013, 385, 787
1014, 667, 773
1015, 133, 435
1016, 457, 913
1017, 289, 351
1018, 320, 349
1019, 415, 534
1020, 124, 955
1021, 557, 882
1022, 742, 837
1023, 75, 458
1024, 708, 772
1025, 310, 855
1026, 637, 910
1027, 11, 393
1028, 376, 976
1029, 460, 725
1030, 232, 810
1031, 646, 896
1032, 479, 553
1033, 475, 543
1034, 300, 642
1035, 17, 710
1036, 446, 625
1037, 128, 278
1038, 749, 864
1039, 135, 699
1040, 158, 439
1041, 22, 85
1042, 56, 431
1043, 407, 515
1044, 14, 623
1045, 630, 691
1046, 665, 795
1047, 807, 937
1048, 1, 235
1049, 812, 918
1050, 41, 784
1051, 658, 964
1052, 677, 936
1053, 176, 180
1054, 467, 589
1055, 86, 616
1056, 845, 872
1057, 504, 527
1058, 296, 617
1059, 165, 334
1060, 34, 752
1061, 643, 709
1062, 42, 509
1063, 945, 968
1064, 102, 763
1065, 141, 172
1066, 502, 844
1067, 9, 163
1068, 367, 572
1069, 471, 817
1070, 797, 803
1071, 74, 270
1072, 366, 679
1073, 108, 214
1074, 917, 922
1075, 375, 775
1076, 5, 245
1077, 150, 408
1078, 295, 740
1079, 8, 281
1080, 716, 789
1081, 664, 949
1082, 559, 598
1083, 246, 711
1084, 155, 970
1085, 137, 206
1086, 713, 944
1087, 307, 965
1088, 830, 891
1089, 82, 481
1090, 76, 131
1091, 136, 712
1092, 100, 558
1093, 829, 847
1094, 208, 360
1095, 69, 814
1096, 247, 593
1097, 129, 248
1098, 631, 659
1099, 756, 977
1100, 113, 542
1101, 689, 696
1102, 364, 498
1103, 119, 401
1104, 485, 851
1105, 160, 909
1106, 40, 473
1107, 179, 297
1108, 878, 943
1109, 43, 860
1110, 672, 798
1111, 788, 828
1112, 462, 984
1113, 425, 889
1114, 365, 762
1115, 15, 255
1116, 60, 862
1117, 503, 507
1118, 533, 627
1119, 511, 873
1120, 715, 734
1121, 71, 836
1122, 199, 614
1123, 655, 867
1124, 219, 613
1125, 35, 51
1126, 898, 940
1127, 151, 554
1128, 567, 857
1129, 394, 920
1130, 522, 884
1131, 373, 770
1132, 673, 961
1133, 571, 990
1134, 387, 440
1135, 764, 996
1136, 531, 706
1137, 184, 381
1138, 344, 790
1139, 490, 536
1140, 254, 956
1141, 529, 722
1142, 79, 930
1143, 271, 314
1144, 134, 363
1145, 324, 806
1146, 95, 427
1147, 277, 541
1148, 228, 633
1149, 612, 686
1150, 181, 468
1151, 57, 931
1152, 62, 923
1153, 424, 654
1154, 377, 702
1155, 68, 833
1156, 382, 942
1157, 111, 339
1158, 16, 311
1159, 680, 871
1160, 398, 991
1161, 301, 863
1162, 273, 556
1163, 501, 959
1164, 205, 389
1165, 315, 972
1166, 506, 720
1167, 157, 919
1168, 346, 683
1169, 876, 987
1170, 46, 564
1171, 586, 746
1172, 517, 967
1173, 211, 704
1174, 513, 954
1175, 77, 800
1176, 411, 518
1177, 778, 892
1178, 218, 822
1179, 449, 747
1180, 378, 865
1181, 579, 653
1182, 492, 549
1183, 239, 989
1184, 175, 604
1185, 569, 739
1186, 251, 574
1187, 326, 985
1188, 33, 400
1189, 26, 275
1190, 72, 412
1191, 174, 303
1192, 123, 759
1193, 340, 452
1194, 231, 946
1195, 535, 588
1196, 429, 948
1197, 243, 576
1198, 3, 336
1199, 304, 651
1200, 602, 997
1201, 144, 198
1202, 207, 666
1203, 338, 681
1204, 660, 888
1205, 317, 575
1206, 566, 894
1207, 454, 581
1208, 609, 849
1209, 233, 904
1210, 203, 714
1211, 636, 768
1212, 24, 140
1213, 292, 819
1214, 38, 161
1215, 264, 396
1216, 546, 805
1217, 444, 737
1218, 332, 461
1219, 258, 306
1220, 405, 663
1221, 694, 859
1222, 253, 388
1223, 323, 370
1224, 30, 874
1225, 267, 958
1226, 548, 979
1227, 29, 750
1228, 352, 861
1229, 685, 780
1230, 647, 796
1231, 229, 877
1232, 221, 491
1233, 608, 669
1234, 256, 761
1235, 104, 325
1236, 261, 615
1237, 89, 372
1238, 580, 661
1239, 539, 966
1240, 703, 974
1241, 512, 687
1242, 94, 634
1243, 32, 280
1244, 409, 540
1245, 751, 879
1246, 70, 212
1247, 266, 684
1248, 774, 911
1249, 120, 130
1250, 13, 735
1251, 263, 265
1252, 744, 839
1253, 105, 570
1254, 257, 792
1255, 497, 883
1256, 4, 834
1257, 544, 599
1258, 605, 741
1259, 596, 799
1260, 359, 688
1261, 19, 290
1262, 166, 215
1263, 149, 450
1264, 195, 410
1265, 37, 906
1266, 671, 939
1267, 87, 146
1268, 31, 65
1269, 887, 933
1270, 287, 853
1271, 93, 472
1272, 240, 902
1273, 237, 284
1274, 154, 399
1275, 998, 999
1276, 448, 755
1277, 776, 777
1278, 390, 493
1279, 350, 657
1280, 530, 994
1281, 6, 969
1282, 52, 279
1283, 83, 866
1284, 162, 309
1285, 402, 728
1286, 545, 648
1287, 183, 422
1288, 560, 993
1289, 813, 951
1290, 73, 520
1291, 416, 494
1292, 47, 361
1293, 719, 934
1294, 84, 463
1295, 262, 438
1296, 283, 610
1297, 112, 886
1298, 476, 779
1299, 499, 941
1300, 117, 413
1301, 48, 55
1302, 395, 843
1303, 182, 357
1304, 594, 818
1305, 697, 925
1306, 442, 1000
1307, 568, 577
1308, 510, 835
1309, 67, 294
1310, 729, 820
1311, 49, 173
1312, 122, 986
1313, 125, 700
1314, 194, 209
1315, 145, 353
1316, 224, 890
1317, 27, 53
1318, 116, 963
1319, 148, 508
1320, 781, 875
1321, 189, 459
1322, 392, 437
1323, 171, 285
1324, 486, 692
1325, 36, 785
1326, 895, 992
1327, 620, 950
1328, 611, 962
1329, 478, 662
1330, 213, 850
1331, 726, 901
1332, 92, 856
1333, 50, 430
1334, 152, 226
1335, 565, 682
1336, 78, 753
1337, 139, 903
1338, 107, 626
1339, 639, 771
1340, 63, 514
1341, 369, 978
1342, 269, 526
1343, 25, 44
1344, 98, 823
1345, 592, 885
1346, 328, 638
1347, 384, 738
1348, 90, 802
1349, 474, 765
1350, 547, 870
1351, 794, 983
1352, 525, 826
1353, 103, 118
1354, 733, 754
1355, 21, 101
1356, 282, 705
1357, 260, 354
1358, 142, 374
1359, 342, 932
1360, 523, 532
1361, 391, 480
1362, 420, 732
1363, 595, 804
1364, 156, 432
1365, 216, 900
1366, 348, 838
1367, 185, 355
1368, 143, 869
1369, 197, 899
1370, 187, 622
1371, 272, 832
1372, 421, 587
1373, 563, 640
1374, 693, 957
1375, 644, 670
1376, 164, 552
1377, 852, 908
1378, 286, 521
1379, 81, 766
1380, 204, 236
1381, 477, 727
1382, 445, 793
1383, 419, 436
1384, 291, 308
1385, 97, 731
1386, 603, 995
1387, 356, 652
1388, 583, 868
1389, 362, 621
1390, 39, 809
1391, 250, 815
1392, 786, 801
1393, 585, 831
1394, 313, 345
1395, 414, 717
1396, 222, 824
1397, 312, 447
1398, 318, 383
1399, 99, 230
1400, 698, 811
1401, 7, 487
1402, 482, 952
1403, 635, 881
1404, 234, 858
1405, 91, 200
1406, 127, 736
1407, 678, 929
1408, 238, 791
1409, 470, 926
1410, 618, 757
1411, 178, 451
1412, 443, 675
1413, 298, 690
1414, 650, 924
1415, 191, 584
1416, 322, 578
1417, 293, 305
1418, 453, 988
1419, 177, 841
1420, 190, 406
1421, 186, 528
1422, 316, 386
1423, 456, 619
1424, 227, 591
1425, 10, 721
1426, 488, 916
1427, 54, 573
1428, 782, 808
1429, 745, 854
1430, 259, 331
1431, 196, 466
1432, 126, 537
1433, 606, 656
1434, 730, 893
1435, 433, 434
1436, 192, 343
1437, 628, 907
1438, 12, 748
1439, 783, 905
1440, 225, 496
1441, 188, 241
1442, 147, 816
1443, 288, 914
1444, 524, 767
1445, 484, 912
1446, 821, 921
1447, 159, 397
1448, 897, 935
1449, 321, 358
1450, 244, 379
1451, 668, 827
1452, 417, 582
1453, 80, 840
1454, 20, 980
1455, 58, 121
1456, 329, 927
1457, 505, 915
1458, 368, 418
1459, 2, 649
1460, 465, 707
1461, 217, 561
1462, 550, 718
1463, 110, 743
1464, 335, 428
1465, 371, 469
1466, 641, 676
1467, 464, 624
1468, 167, 223
1469, 327, 341
1470, 455, 760
1471, 403, 629
1472, 562, 607
1473, 330, 982
1474, 61, 758
1475, 825, 938
1476, 274, 302
1477, 724, 981
1478, 404, 960
1479, 169, 769
1480, 601, 947
1481, 600, 674
1482, 114, 695
1483, 28, 106
1484, 519, 928
1485, 64, 168
1486, 842, 975
1487, 193, 632
1488, 170, 953
1489, 115, 252
1490, 249, 483
1491, 489, 516
1492, 319, 333
1493, 347, 423
1494, 138, 645
1495, 18, 380
1496, 201, 971
1497, 426, 723
1498, 96, 555
1499, 66, 701
1500, 88, 220
1501, 290, 345
1502, 546, 657
1503, 271, 421
1504, 444, 597
1505, 114, 702
1506, 210, 617
1507, 613, 986
1508, 612, 880
1509, 79, 396
1510, 261, 567
1511, 117, 185
1512, 649, 833
1513, 658, 852
1514, 57, 101
1515, 82, 719
1516, 110, 317
1517, 375, 521
1518, 24, 717
1519, 68, 733
1520, 584, 913
1521, 735, 925
1522, 132, 741
1523, 231, 956
1524, 15, 134
1525, 147, 715
1526, 128, 463
1527, 422, 732
1528, 357, 906
1529, 125, 916
1530, 295, 829
1531, 289, 490
1532, 184, 885
1533, 304, 615
1534, 273, 637
1535, 206, 478
1536, 163, 977
1537, 364, 860
1538, 477, 655
1539, 281, 789
1540, 473, 622
1541, 652, 939
1542, 234, 344
1543, 54, 77
1544, 21, 987
1545, 517, 743
1546, 426, 952
1547, 790, 869
1548, 353, 598
1549, 760, 806
1550, 153, 786
1551, 589, 619
1552, 211, 553
1553, 69, 386
1554, 219, 791
1555, 227, 373
1556, 561, 959
1557, 846, 933
1558, 146, 946
1559, 311, 957
1560, 309, 666
1561, 19, 102
1562, 432, 653
1563, 389, 941
1564, 745, 902
1565, 37, 752
1566, 575, 841
1567, 301, 808
1568, 86, 547
1569, 461, 877
1570, 11, 255
1571, 556, 605
1572, 436, 592
1573, 762, 995
1574, 560, 716
1575, 486, 488
1576, 91, 578
1577, 634, 838
1578, 137, 679
1579, 59, 356
1580, 370, 998
1581, 95, 313
1582, 824, 834
1583, 179, 919
1584, 544, 805
1585, 699, 804
1586, 335, 397
1587, 366, 843
1588, 456, 691
1589, 176, 690
1590, 157, 355
1591, 63, 656
1592, 268, 448
1593, 61, 865
1594, 43, 452
1595, 763, 819
1596, 107, 802
1597, 320, 686
1598, 182, 772
1599, 123, 143
1600, 475, 501
1601, 1, 891
1602, 65, 984
1603, 839, 862
1604, 180, 563
1605, 374, 579
1606, 484, 756
1607, 535, 895
1608, 583, 744
1609, 497, 748
1610, 362, 820
1611, 165, 671
1612, 121, 393
1613, 233, 710
1614, 3, 20
1615, 498, 958
1616, 212, 562
1617, 174, 942
1618, 306, 904
1619, 457, 641
1620, 479, 595
1621, 542, 729
1622, 96, 237
1623, 415, 585
1624, 708, 1000
1625, 118, 216
1626, 241, 994
1627, 861, 929
1628, 238, 623
1629, 812, 927
1630, 663, 793
1631, 527, 644
1632, 326, 564
1633, 828, 973
1634, 144, 253
1635, 577, 692
1636, 98, 844
1637, 154, 217
1638, 112, 274
1639, 528, 926
1640, 818, 826
1641, 23, 425
1642, 155, 662
1643, 339, 887
1644, 516, 890
1645, 223, 871
1646, 264, 753
1647, 81, 337
1648, 279, 566
1649, 646, 810
1650, 680, 920
1651, 943, 996
1652, 74, 76
1653, 141, 664
1654, 193, 312
1655, 580, 792
1656, 138, 142
1657, 704, 897
1658, 395, 912
1659, 16, 822
1660, 418, 937
1661, 263, 935
1662, 329, 683
1663, 417, 440
1664, 424, 921
1665, 297, 922
1666, 207, 348
1667, 548, 855
1668, 228, 403
1669, 56, 602
1670, 47, 368
1671, 287, 360
1672, 149, 539
1673, 382, 688
1674, 222, 856
1675, 458, 909
1676, 22, 433
1677, 342, 707
1678, 224, 550
1679, 331, 601
1680, 706, 872
1681, 286, 797
1682, 88, 135
1683, 412, 636
1684, 380, 827
1685, 183, 736
1686, 239, 976
1687, 639, 914
1688, 106, 284
1689, 594, 722
1690, 661, 724
1691, 215, 413
1692, 93, 982
1693, 64, 192
1694, 195, 573
1695, 451, 837
1696, 196, 388
1697, 111, 847
1698, 85, 414
1699, 334, 507
1700, 25, 678
1701, 201, 894
1702, 120, 928
1703, 181, 648
1704, 315, 776
1705, 324, 466
1706, 262, 526
1707, 230, 341
1708, 51, 72
1709, 49, 582
1710, 278, 693
1711, 202, 978
1712, 152, 434
1713, 252, 379
1714, 406, 737
1715, 322, 650
1716, 285, 513
1717, 930, 932
1718, 99, 511
1719, 204, 449
1720, 325, 508
1721, 318, 343
1722, 94, 503
1723, 100, 777
1724, 225, 235
1725, 275, 351
1726, 48, 549
1727, 423, 759
1728, 12, 410
1729, 350, 674
1730, 599, 832
1731, 633, 681
1732, 242, 618
1733, 435, 694
1734, 133, 446
1735, 58, 105
1736, 276, 496
1737, 38, 198
1738, 8, 62
1739, 571, 800
1740, 73, 482
1741, 17, 923
1742, 485, 537
1743, 7, 881
1744, 620, 892
1745, 115, 985
1746, 291, 400
1747, 754, 771
1748, 178, 194
1749, 89, 842
1750, 260, 536
1751, 148, 758
1752, 259, 525
1753, 2, 969
1754, 831, 898
1755, 698, 868
1756, 703, 757
1757, 857, 879
1758, 428, 883
1759, 588, 643
1760, 695, 888
1761, 197, 363
1762, 782, 936
1763, 416, 431
1764, 606, 734
1765, 514, 569
1766, 266, 419
1767, 593, 964
1768, 136, 725
1769, 303, 997
1770, 429, 910
1771, 203, 505
1772, 519, 665
1773, 191, 950
1774, 42, 873
1775, 723, 955
1776, 190, 949
1777, 310, 587
1778, 257, 565
1779, 162, 172
1780, 129, 515
1781, 944, 992
1782, 247, 774
1783, 71, 796
1784, 87, 460
1785, 70, 816
1786, 14, 53
1787, 405, 673
1788, 591, 747
1789, 78, 685
1790, 493, 915
1791, 131, 794
1792, 269, 742
1793, 170, 437
1794, 232, 934
1795, 282, 409
1796, 381, 896
1797, 635, 640
1798, 815, 960
1799, 438, 788
1800, 875, 905
1801, 642, 761
1802, 377, 445
1803, 213, 376
1804, 18, 980
1805, 29, 145
1806, 659, 859
1807, 467, 532
1808, 4, 813
1809, 863, 901
1810, 551, 850
1811, 718, 903
1812, 755, 817
1813, 302, 668
1814, 158, 999
1815, 39, 186
1816, 214, 773
1817, 84, 738
1818, 283, 430
1819, 586, 651
1820, 543, 884
1821, 454, 972
1822, 323, 764
1823, 408, 968
1824, 171, 739
1825, 948, 970
1826, 45, 523
1827, 300, 464
1828, 50, 900
1829, 245, 899
1830, 603, 784
1831, 327, 746
1832, 616, 807
1833, 361, 394
1834, 439, 878
1835, 751, 953
1836, 122, 455
1837, 450, 990
1838, 66, 730
1839, 672, 866
1840, 28, 506
1841, 209, 840
1842, 495, 538
1843, 240, 638
1844, 221, 918
1845, 40, 962
1846, 298, 336
1847, 218, 814
1848, 533, 988
1849, 795, 835
1850, 208, 469
1851, 610, 630
1852, 392, 848
1853, 576, 854
1854, 721, 836
1855, 541, 701
1856, 319, 470
1857, 552, 628
1858, 499, 979
1859, 384, 607
1860, 750, 882
1861, 305, 989
1862, 483, 780
1863, 108, 265
1864, 10, 199
1865, 160, 358
1866, 293, 404
1867, 150, 669
1868, 459, 530
1869, 30, 558
1870, 529, 705
1871, 383, 492
1872, 130, 645
1873, 156, 472
1874, 307, 768
1875, 288, 809
1876, 113, 629
1877, 390, 778
1878, 161, 803
1879, 5, 36
1880, 614, 712
1881, 330, 557
1882, 200, 631
1883, 625, 893
1884, 349, 731
1885, 407, 961
1886, 244, 604
1887, 667, 876
1888, 9, 494
1889, 870, 966
1890, 420, 540
1891, 267, 534
1892, 401, 465
1893, 480, 867
1894, 254, 951
1895, 399, 821
1896, 280, 886
1897, 52, 187
1898, 236, 596
1899, 675, 924
1900, 682, 799
1901, 6, 453
1902, 441, 647
1903, 714, 779
1904, 767, 983
1905, 270, 487
1906, 510, 728
1907, 402, 963
1908, 249, 858
1909, 250, 974
1910, 90, 700
1911, 474, 677
1912, 103, 333
1913, 33, 188
1914, 687, 801
1915, 205, 555
1916, 524, 611
1917, 332, 676
1918, 67, 140
1919, 13, 340
1920, 385, 967
1921, 248, 294
1922, 798, 917
1923, 226, 864
1924, 92, 785
1925, 168, 462
1926, 720, 851
1927, 823, 889
1928, 328, 991
1929, 26, 709
1930, 189, 391
1931, 427, 947
1932, 75, 159
1933, 80, 697
1934, 600, 766
1935, 251, 378
1936, 354, 993
1937, 124, 369
1938, 119, 830
1939, 34, 97
1940, 504, 769
1941, 372, 398
1942, 243, 971
1943, 44, 502
1944, 387, 660
1945, 316, 853
1946, 166, 518
1947, 60, 442
1948, 347, 371
1949, 489, 783
1950, 447, 522
1951, 296, 590
1952, 41, 581
1953, 173, 520
1954, 338, 574
1955, 481, 781
1956, 770, 981
1957, 31, 945
1958, 670, 938
1959, 626, 749
1960, 139, 476
1961, 654, 954
1962, 27, 568
1963, 220, 509
1964, 308, 632
1965, 359, 727
1966, 443, 726
1967, 258, 545
1968, 468, 554
1969, 109, 299
1970, 151, 711
1971, 175, 965
1972, 272, 321
1973, 246, 277
1974, 811, 907
1975, 684, 713
1976, 256, 352
1977, 292, 608
1978, 559, 911
1979, 167, 740
1980, 411, 849
1981, 908, 931
1982, 55, 367
1983, 471, 572
1984, 116, 177
1985, 104, 229
1986, 845, 940
1987, 32, 500
1988, 83, 314
1989, 127, 689
1990, 46, 696
1991, 169, 624
1992, 491, 874
1993, 765, 825
1994, 346, 787
1995, 126, 512
1996, 570, 621
1997, 35, 609
1998, 164, 975
1999, 627, 775
2000, 365, 531
2001, 31, 952
2002, 152, 935
2003, 570, 746
2004, 361, 741
2005, 872, 956
2006, 182, 665
2007, 139, 705
2008, 615, 919
2009, 128, 410
2010, 292, 669
2011, 33, 874
2012, 147, 201
2013, 838, 933
2014, 74, 381
2015, 343, 378
2016, 26, 945
2017, 798, 808
2018, 89, 327
2019, 317, 772
2020, 720, 922
2021, 284, 388
2022, 214, 431
2023, 193, 887
2024, 757, 970
2025, 108, 993
2026, 185, 491
2027, 42, 486
2028, 3, 605
2029, 211, 536
2030, 476, 784
2031, 148, 736
2032, 98, 824
2033, 66, 346
2034, 338, 886
2035, 890, 946
2036, 153, 199
2037, 802, 856
2038, 120, 841
2039, 116, 585
2040, 451, 747
2041, 591, 597
2042, 44, 573
2043, 1, 804
2044, 172, 308
2045, 506, 904
2046, 316, 700
2047, 53, 146
2048, 5, 162
2049, 37, 173
2050, 213, 572
2051, 32, 101
2052, 425, 779
2053, 331, 453
2054, 69, 130
2055, 192, 233
2056, 23, 163
2057, 133, 932
2058, 39, 452
2059, 459, 761
2060, 561, 579
2061, 226, 780
2062, 441, 900
2063, 247, 344
2064, 508, 686
2065, 564, 894
2066, 82, 609
2067, 959, 979
2068, 683, 943
2069, 175, 232
2070, 447, 565
2071, 122, 477
2072, 295, 727
2073, 398, 535
2074, 596, 978
2075, 915, 982
2076, 367, 787
2077, 225, 834
2078, 592, 913
2079, 266, 416
2080, 15, 414
2081, 24, 950
2082, 25, 851
2083, 258, 612
2084, 27, 215
2085, 544, 777
2086, 110, 270
2087, 97, 621
2088, 315, 499
2089, 22, 557
2090, 880, 938
2091, 492, 735
2092, 633, 960
2093, 158, 910
2094, 19, 285
2095, 560, 567
2096, 135, 362
2097, 84, 721
2098, 77, 863
2099, 55, 944
2100, 490, 660
2101, 853, 875
2102, 423, 901
2103, 340, 460
2104, 102, 703
2105, 91, 454
2106, 208, 568
2107, 99, 393
2108, 194, 380
2109, 610, 883
2110, 468, 639
2111, 510, 865
2112, 164, 177
2113, 54, 488
2114, 726, 923
2115, 429, 542
2116, 49, 911
2117, 373, 645
2118, 71, 909
2119, 412, 421
2120, 197, 411
2121, 229, 558
2122, 434, 676
2123, 119, 764
2124, 406, 463
2125, 320, 805
2126, 47, 871
2127, 627, 631
2128, 376, 500
2129, 303, 682
2130, 124, 796
2131, 298, 569
2132, 50, 59
2133, 221, 323
2134, 156, 374
2135, 273, 562
2136, 888, 893
2137, 322, 729
2138, 513, 876
2139, 601, 616
2140, 220, 751
2141, 29, 427
2142, 252, 755
2143, 151, 493
2144, 623, 817
2145, 574, 624
2146, 337, 350
2147, 248, 774
2148, 538, 634
2149, 696, 987
2150, 57, 286
2151, 61, 719
2152, 104, 767
2153, 176, 397
2154, 114, 171
2155, 586, 617
2156, 224, 948
2157, 830, 968
2158, 96, 334
2159, 20, 716
2160, 435, 921
2161, 846, 848
2162, 590, 813
2163, 56, 265
2164, 353, 534
2165, 64, 290
2166, 520, 611
2167, 475, 509
2168, 88, 575
2169, 276, 924
2170, 541, 593
2171, 4, 554
2172, 93, 384
2173, 640, 656
2174, 351, 602
2175, 348, 951
2176, 456, 962
2177, 132, 260
2178, 704, 769
2179, 359, 811
2180, 684, 942
2181, 450, 644
2182, 472, 783
2183, 622, 892
2184, 178, 694
2185, 390, 963
2186, 141, 502
2187, 517, 563
2188, 440, 483
2189, 217, 708
2190, 205, 360
2191, 230, 607
2192, 169, 939
2193, 401, 897
2194, 439, 671
2195, 244, 505
2196, 635, 766
2197, 43, 438
2198, 236, 899
2199, 289, 386
2200, 445, 482
2201, 650, 754
2202, 524, 550
2203, 259, 282
2204, 168, 809
2205, 136, 496
2206, 281, 664
2207, 523, 955
2208, 800, 827
2209, 732, 989
2210, 14, 70
2211, 372, 885
2212, 65, 80
2213, 160, 498
2214, 417, 485
2215, 566, 954
2216, 479, 743
2217, 86, 837
2218, 294, 613
2219, 514, 994
2220, 839, 840
2221, 150, 674
2222, 222, 859
2223, 357, 816
2224, 255, 996
2225, 442, 797
2226, 78, 929
2227, 34, 180
2228, 137, 576
2229, 718, 724
2230, 341, 854
2231, 395, 713
2232, 330, 969
2233, 658, 930
2234, 325, 807
2235, 598, 643
2236, 72, 975
2237, 847, 855
2238, 189, 907
2239, 287, 409
2240, 511, 916
2241, 204, 795
2242, 109, 725
2243, 937, 985
2244, 48, 90
2245, 293, 733
2246, 625, 662
2247, 339, 998
2248, 73, 744
2249, 433, 444
2250, 415, 1000
2251, 759, 858
2252, 237, 525
2253, 113, 129
2254, 262, 986
2255, 709, 810
2256, 818, 928
2257, 234, 980
2258, 149, 673
2259, 314, 902
2260, 254, 532
2261, 179, 200
2262, 126, 710
2263, 831, 995
2264, 145, 762
2265, 311, 404
2266, 161, 495
2267, 246, 668
2268, 167, 363
2269, 36, 519
2270, 13, 121
2271, 134, 712
2272, 364, 971
2273, 245, 306
2274, 307, 466
2275, 823, 984
2276, 202, 256
2277, 382, 738
2278, 333, 642
2279, 552, 934
2280, 87, 326
2281, 2, 594
2282, 654, 749
2283, 170, 296
2284, 448, 646
2285, 371, 437
2286, 577, 647
2287, 18, 342
2288, 464, 545
2289, 28, 791
2290, 379, 655
2291, 319, 504
2292, 190, 889
2293, 218, 578
2294, 672, 833
2295, 522, 972
2296, 67, 111
2297, 549, 770
2298, 539, 974
2299, 866, 878
2300, 679, 778
2301, 250, 278
2302, 240, 470
2303, 396, 553
2304, 188, 690
2305, 183, 828
2306, 559, 614
2307, 717, 931
2308, 203, 775
2309, 106, 231
2310, 369, 666
2311, 588, 750
2312, 788, 868
2313, 821, 861
2314, 714, 731
2315, 157, 547
2316, 142, 687
2317, 845, 973
2318, 403, 480
2319, 501, 898
2320, 117, 670
2321, 422, 629
2322, 467, 803
2323, 689, 739
2324, 62, 402
2325, 174, 556
2326, 473, 638
2327, 740, 896
2328, 210, 430
2329, 771, 914
2330, 820, 862
2331, 551, 651
2332, 166, 953
2333, 782, 905
2334, 681, 697
2335, 332, 489
2336, 375, 413
2337, 241, 701
2338, 280, 695
2339, 478, 940
2340, 391, 641
2341, 385, 918
2342, 484, 925
2343, 494, 537
2344, 144, 870
2345, 457, 518
2346, 603, 849
2347, 648, 657
2348, 9, 40
2349, 474, 503
2350, 41, 299
2351, 21, 794
2352, 667, 806
2353, 51, 223
2354, 195, 756
2355, 620, 776
2356, 216, 785
2357, 38, 637
2358, 8, 235
2359, 789, 941
2360, 957, 991
2361, 688, 758
2362, 301, 825
2363, 659, 722
2364, 274, 965
2365, 321, 964
2366, 11, 399
2367, 7, 912
2368, 443, 692
2369, 584, 836
2370, 347, 936
2371, 587, 698
2372, 461, 653
2373, 184, 707
2374, 354, 895
2375, 723, 745
2376, 355, 966
2377, 420, 715
2378, 187, 850
2379, 583, 908
2380, 58, 790
2381, 268, 869
2382, 140, 426
2383, 752, 983
2384, 16, 799
2385, 352, 999
2386, 515, 540
2387, 632, 680
2388, 418, 949
2389, 405, 822
2390, 12, 801
2391, 377, 881
2392, 428, 711
2393, 815, 843
2394, 94, 730
2395, 123, 748
2396, 527, 877
2397, 926, 990
2398, 239, 947
2399, 181, 408
2400, 599, 618
2401, 112, 958
2402, 263, 310
2403, 652, 829
2404, 196, 264
2405, 154, 328
2406, 507, 636
2407, 63, 387
2408, 30, 302
2409, 530, 860
2410, 291, 844
2411, 606, 768
2412, 159, 992
2413, 253, 734
2414, 619, 792
2415, 400, 702
2416, 548, 760
2417, 206, 227
2418, 279, 516
2419, 419, 465
2420, 304, 555
2421, 6, 663
2422, 207, 531
2423, 891, 981
2424, 678, 873
2425, 35, 219
2426, 267, 786
2427, 335, 737
2428, 125, 424
2429, 68, 370
2430, 313, 819
2431, 521, 793
2432, 546, 581
2433, 257, 675
2434, 212, 832
2435, 852, 884
2436, 318, 571
2437, 967, 997
2438, 127, 903
2439, 481, 533
2440, 462, 685
2441, 455, 728
2442, 209, 458
2443, 324, 781
2444, 118, 358
2445, 228, 283
2446, 512, 608
2447, 626, 879
2448, 17, 691
2449, 297, 436
2450, 60, 92
2451, 661, 814
2452, 100, 198
2453, 52, 927
2454, 242, 288
2455, 155, 582
2456, 300, 867
2457, 471, 630
2458, 383, 580
2459, 191, 275
2460, 345, 389
2461, 677, 920
2462, 407, 917
2463, 10, 604
2464, 649, 706
2465, 143, 699
2466, 271, 336
2467, 742, 961
2468, 46, 81
2469, 105, 165
2470, 45, 312
2471, 251, 835
2472, 261, 812
2473, 131, 857
2474, 138, 600
2475, 329, 595
2476, 864, 906
2477, 365, 487
2478, 842, 976
2479, 115, 349
2480, 238, 528
2481, 76, 85
2482, 83, 305
2483, 269, 368
2484, 882, 988
2485, 277, 977
2486, 79, 249
2487, 75, 392
2488, 95, 394
2489, 186, 446
2490, 432, 497
2491, 449, 763
2492, 243, 753
2493, 103, 826
2494, 272, 356
2495, 543, 773
2496, 366, 469
2497, 589, 765
2498, 107, 526
2499, 529, 628
2500, 309, 693
2501, 180, 606
2502, 535, 819
2503, 122, 387
2504, 814, 925
2505, 777, 986
2506, 113, 413
2507, 97, 634
2508, 582, 935
2509, 515, 732
2510, 206, 319
2511, 724, 779
2512, 105, 421
2513, 443, 808
2514, 132, 567
2515, 248, 740
2516, 479, 642
2517, 574, 596
2518, 13, 914
2519, 21, 795
2520, 416, 857
2521, 866, 886
2522, 114, 996
2523, 454, 969
2524, 540, 615
2525, 191, 911
2526, 111, 423
2527, 656, 736
2528, 135, 613
2529, 770, 960
2530, 161, 610
2531, 379, 630
2532, 181, 252
2533, 65, 586
2534, 56, 287
2535, 437, 811
2536, 657, 711
2537, 411, 645
2538, 203, 843
2539, 435, 718
2540, 551, 581
2541, 211, 990
2542, 183, 945
2543, 701, 963
2544, 359, 560
2545, 633, 674
2546, 73, 848
2547, 82, 649
2548, 475, 910
2549, 440, 784
2550, 44, 559
2551, 490, 508
2552, 439, 652
2553, 282, 763
2554, 547, 915
2555, 297, 719
2556, 153, 678
2557, 681, 816
2558, 377, 874
2559, 631, 658
2560, 332, 593
2561, 288, 836
2562, 420, 717
2563, 527, 974
2564, 294, 939
2565, 201, 909
2566, 199, 949
2567, 374, 776
2568, 48, 942
2569, 241, 422
2570, 641, 870
2571, 803, 868
2572, 523, 614
2573, 308, 520
2574, 39, 897
2575, 40, 824
2576, 35, 733
2577, 352, 880
2578, 648, 762
2579, 751, 913
2580, 223, 967
2581, 194, 788
2582, 22, 68
2583, 8, 342
2584, 184, 501
2585, 86, 348
2586, 697, 931
2587, 81, 794
2588, 952, 989
2589, 89, 417
2590, 162, 445
2591, 176, 791
2592, 267, 873
2593, 75, 689
2594, 404, 812
2595, 200, 548
2596, 306, 328
2597, 242, 256
2598, 498, 529
2599, 357, 900
2600, 150, 190
2601, 798, 953
2602, 350, 723
2603, 60, 62
2604, 58, 973
2605, 299, 651
2606, 224, 334
2607, 156, 850
2608, 264, 905
2609, 797, 823
2610, 276, 425
2611, 91, 429
2612, 664, 708
2613, 12, 146
2614, 218, 943
2615, 272, 283
2616, 45, 624
2617, 744, 752
2618, 76, 629
2619, 407, 419
2620, 394, 806
2621, 538, 995
2622, 121, 993
2623, 148, 895
2624, 729, 735
2625, 510, 602
2626, 950, 994
2627, 587, 684
2628, 240, 904
2629, 807, 959
2630, 268, 386
2631, 790, 926
2632, 291, 494
2633, 687, 997
2634, 326, 579
2635, 104, 310
2636, 381, 859
2637, 488, 923
2638, 236, 505
2639, 412, 890
2640, 95, 709
2641, 152, 640
2642, 266, 755
2643, 70, 415
2644, 63, 487
2645, 692, 826
2646, 827, 903
2647, 173, 955
2648, 165, 849
2649, 410, 549
2650, 7, 399
2651, 247, 573
2652, 59, 734
2653, 699, 988
2654, 130, 353
2655, 316, 338
2656, 57, 67
2657, 852, 968
2658, 436, 896
2659, 5, 187
2660, 392, 842
2661, 721, 902
2662, 51, 965
2663, 244, 820
2664, 325, 492
2665, 10, 304
2666, 74, 189
2667, 144, 238
2668, 69, 854
2669, 289, 472
2670, 514, 962
2671, 677, 971
2672, 29, 822
2673, 24, 432
2674, 249, 522
2675, 402, 493
2676, 33, 867
2677, 61, 209
2678, 489, 757
2679, 20, 463
2680, 4, 541
2681, 228, 655
2682, 270, 861
2683, 951, 983
2684, 179, 856
2685, 38, 147
2686, 118, 137
2687, 367, 961
2688, 185, 364
2689, 638, 742
2690, 30, 595
2691, 172, 704
2692, 405, 484
2693, 929, 976
2694, 456, 825
2695, 217, 462
2696, 14, 621
2697, 533, 956
2698, 537, 760
2699, 476, 562
2700, 88, 761
2701, 451, 845
2702, 112, 160
2703, 220, 395
2704, 108, 970
2705, 202, 453
2706, 214, 628
2707, 251, 883
2708, 292, 841
2709, 55, 369
2710, 438, 589
2711, 115, 370
2712, 235, 245
2713, 601, 743
2714, 274, 773
2715, 821, 851
2716, 577, 834
2717, 875, 934
2718, 197, 647
2719, 486, 521
2720, 545, 840
2721, 141, 623
2722, 192, 262
2723, 346, 519
2724, 28, 142
2725, 339, 756
2726, 557, 590
2727, 455, 739
2728, 403, 727
2729, 103, 940
2730, 246, 927
2731, 212, 815
2732, 450, 617
2733, 372, 563
2734, 360, 594
2735, 361, 554
2736, 546, 616
2737, 79, 466
2738, 561, 936
2739, 654, 887
2740, 401, 626
2741, 483, 686
2742, 281, 879
2743, 208, 710
2744, 164, 726
2745, 221, 318
2746, 84, 117
2747, 171, 458
2748, 259, 636
2749, 34, 408
2750, 398, 509
2751, 167, 872
2752, 198, 804
2753, 646, 688
2754, 460, 605
2755, 227, 869
2756, 337, 555
2757, 666, 916
2758, 695, 918
2759, 16, 406
2760, 2, 672
2761, 388, 833
2762, 85, 428
2763, 592, 954
2764, 473, 477
2765, 603, 855
2766, 314, 694
2767, 231, 295
2768, 322, 707
2769, 643, 946
2770, 139, 446
2771, 542, 917
2772, 298, 312
2773, 126, 862
2774, 317, 526
2775, 279, 575
2776, 433, 912
2777, 775, 924
2778, 858, 881
2779, 215, 612
2780, 64, 938
2781, 207, 780
2782, 280, 499
2783, 41, 482
2784, 725, 837
2785, 226, 944
2786, 23, 620
2787, 485, 930
2788, 375, 571
2789, 229, 320
2790, 584, 700
2791, 9, 1000
2792, 120, 705
2793, 713, 899
2794, 106, 774
2795, 675, 749
2796, 90, 336
2797, 18, 102
2798, 277, 817
2799, 434, 906
2800, 928, 991
2801, 737, 978
2802, 284, 888
2803, 92, 123
2804, 424, 465
2805, 607, 771
2806, 232, 497
2807, 341, 783
2808, 365, 625
2809, 237, 619
2810, 155, 964
2811, 131, 891
2812, 556, 831
2813, 78, 793
2814, 52, 300
2815, 767, 892
2816, 409, 550
2817, 25, 50
2818, 151, 679
2819, 158, 894
2820, 343, 778
2821, 366, 517
2822, 572, 948
2823, 639, 715
2824, 159, 609
2825, 182, 544
2826, 170, 800
2827, 127, 920
2828, 169, 356
2829, 80, 452
2830, 305, 524
2831, 6, 83
2832, 591, 878
2833, 53, 340
2834, 552, 958
2835, 569, 683
2836, 133, 391
2837, 286, 759
2838, 470, 653
2839, 219, 766
2840, 495, 513
2841, 354, 447
2842, 101, 975
2843, 129, 331
2844, 149, 665
2845, 285, 789
2846, 792, 805
2847, 637, 746
2848, 178, 599
2849, 168, 222
2850, 351, 801
2851, 691, 893
2852, 362, 738
2853, 138, 278
2854, 932, 941
2855, 344, 632
2856, 330, 396
2857, 46, 921
2858, 261, 363
2859, 213, 307
2860, 397, 430
2861, 393, 528
2862, 663, 846
2863, 157, 225
2864, 457, 676
2865, 17, 324
2866, 323, 578
2867, 376, 380
2868, 94, 296
2869, 782, 787
2870, 329, 660
2871, 506, 731
2872, 371, 583
2873, 373, 378
2874, 588, 786
2875, 269, 898
2876, 383, 389
2877, 175, 702
2878, 255, 504
2879, 154, 234
2880, 471, 982
2881, 311, 877
2882, 98, 464
2883, 302, 384
2884, 119, 728
2885, 444, 847
2886, 745, 957
2887, 253, 682
2888, 390, 608
2889, 431, 947
2890, 107, 355
2891, 671, 753
2892, 669, 722
2893, 830, 882
2894, 301, 765
2895, 748, 781
2896, 448, 828
2897, 441, 558
2898, 193, 597
2899, 853, 907
2900, 3, 659
2901, 254, 703
2902, 143, 585
2903, 764, 863
2904, 414, 491
2905, 233, 480
2906, 186, 810
2907, 196, 598
2908, 174, 512
2909, 667, 769
2910, 77, 564
2911, 478, 553
2912, 43, 273
2913, 243, 511
2914, 568, 860
2915, 116, 580
2916, 747, 919
2917, 71, 696
2918, 333, 933
2919, 534, 673
2920, 418, 716
2921, 685, 981
2922, 459, 693
2923, 195, 698
2924, 239, 835
2925, 1, 271
2926, 124, 865
2927, 96, 469
2928, 293, 644
2929, 42, 908
2930, 260, 382
2931, 622, 802
2932, 309, 570
2933, 275, 758
2934, 258, 984
2935, 177, 750
2936, 321, 650
2937, 349, 532
2938, 99, 166
2939, 66, 263
2940, 754, 985
2941, 163, 813
2942, 661, 720
2943, 468, 635
2944, 426, 998
2945, 662, 832
2946, 15, 109
2947, 37, 706
2948, 100, 335
2949, 576, 670
2950, 449, 543
2951, 500, 772
2952, 668, 979
2953, 531, 937
2954, 26, 290
2955, 93, 313
2956, 785, 844
2957, 442, 768
2958, 36, 47
2959, 600, 972
2960, 188, 345
2961, 966, 999
2962, 54, 461
2963, 134, 303
2964, 140, 992
2965, 265, 838
2966, 481, 516
2967, 72, 145
2968, 358, 885
2969, 507, 566
2970, 809, 889
2971, 565, 839
2972, 712, 714
2973, 216, 871
2974, 31, 210
2975, 11, 611
2976, 136, 518
2977, 205, 503
2978, 49, 884
2979, 19, 987
2980, 385, 502
2981, 741, 977
2982, 368, 799
2983, 230, 347
2984, 32, 496
2985, 680, 876
2986, 427, 922
2987, 400, 467
2988, 525, 604
2989, 125, 901
2990, 474, 627
2991, 128, 257
2992, 796, 980
2993, 315, 818
2994, 27, 730
2995, 204, 530
2996, 110, 536
2997, 250, 539
2998, 690, 864
2999, 327, 829
3000, 87, 618
3001, 363, 550
3002, 20, 696
3003, 59, 599
3004, 785, 938
3005, 68, 560
3006, 119, 583
3007, 628, 968
3008, 505, 676
3009, 667, 816
3010, 270, 343
3011, 352, 954
3012, 573, 970
3013, 87, 344
3014, 22, 255
3015, 682, 845
3016, 421, 510
3017, 195, 792
3018, 268, 371
3019, 445, 901
3020, 25, 990
3021, 153, 977
3022, 149, 462
3023, 477, 827
3024, 120, 842
3025, 688, 909
3026, 90, 95
3027, 56, 311
3028, 496, 733
3029, 114, 764
3030, 309, 590
3031, 43, 626
3032, 32, 156
3033, 559, 869
3034, 39, 774
3035, 430, 605
3036, 249, 692
3037, 18, 484
3038, 50, 442
3039, 161, 698
3040, 581, 759
3041, 647, 833
3042, 203, 744
3043, 580, 710
3044, 322, 872
3045, 63, 372
3046, 504, 878
3047, 397, 988
3048, 824, 962
3049, 42, 985
3050, 60, 747
3051, 753, 771
3052, 406, 720
3053, 280, 588
3054, 79, 438
3055, 98, 226
3056, 44, 379
3057, 88, 574
3058, 408, 493
3059, 529, 654
3060, 3, 52
3061, 75, 896
3062, 501, 767
3063, 253, 683
3064, 257, 494
3065, 517, 558
3066, 112, 437
3067, 347, 749
3068, 579, 668
3069, 351, 600
3070, 258, 376
3071, 173, 730
3072, 224, 446
3073, 151, 834
3074, 246, 670
3075, 538, 986
3076, 131, 777
3077, 132, 838
3078, 373, 798
3079, 275, 645
3080, 433, 706
3081, 278, 944
3082, 424, 669
3083, 179, 655
3084, 857, 942
3085, 276, 657
3086, 687, 811
3087, 367, 405
3088, 717, 786
3089, 121, 342
3090, 861, 876
3091, 675, 881
3092, 308, 724
3093, 260, 420
3094, 512, 516
3095, 9, 157
3096, 466, 722
3097, 181, 407
3098, 778, 794
3099, 198, 856
3100, 661, 963
3101, 188, 404
3102, 320, 671
3103, 252, 779
3104, 780, 891
3105, 96, 920
3106, 110, 325
3107, 28, 947
3108, 4, 992
3109, 238, 388
3110, 207, 921
3111, 554, 809
3112, 38, 910
3113, 213, 984
3114, 192, 289
3115, 610, 873
3116, 127, 262
3117, 6, 978
3118, 330, 338
3119, 384, 577
3120, 97, 365
3121, 413, 641
3122, 528, 914
3123, 877, 960
3124, 297, 679
3125, 139, 197
3126, 489, 699
3127, 196, 781
3128, 456, 799
3129, 411, 425
3130, 448, 636
3131, 293, 561
3132, 266, 927
3133, 540, 635
3134, 206, 296
3135, 117, 523
3136, 643, 708
3137, 82, 396
3138, 282, 597
3139, 450, 727
3140, 16, 987
3141, 945, 966
3142, 23, 403
3143, 193, 855
3144, 256, 895
3145, 21, 850
3146, 40, 546
3147, 429, 769
3148, 171, 871
3149, 458, 486
3150, 728, 800
3151, 349, 741
3152, 279, 339
3153, 115, 382
3154, 189, 758
3155, 62, 492
3156, 204, 543
3157, 329, 998
3158, 77, 552
3159, 412, 530
3160, 323, 959
3161, 73, 361
3162, 229, 884
3163, 481, 967
3164, 591, 859
3165, 190, 218
3166, 317, 451
3167, 480, 815
3168, 395, 678
3169, 283, 729
3170, 707, 972
3171, 386, 917
3172, 19, 946
3173, 81, 956
3174, 576, 817
3175, 903, 936
3176, 393, 479
3177, 582, 622
3178, 211, 606
3179, 15, 145
3180, 299, 521
3181, 925, 951
3182, 452, 705
3183, 813, 899
3184, 221, 750
3185, 30, 608
3186, 24, 634
3187, 377, 742
3188, 46, 969
3189, 332, 754
3190, 324, 471
3191, 518, 912
3192, 208, 663
3193, 29, 219
3194, 122, 804
3195, 409, 695
3196, 1, 691
3197, 570, 849
3198, 618, 879
3199, 247, 508
3200, 180, 298
3201, 979, 999
3202, 41, 284
3203, 31, 531
3204, 33, 495
3205, 105, 410
3206, 303, 348
3207, 491, 564
3208, 874, 993
3209, 234, 981
3210, 331, 844
3211, 245, 345
3212, 478, 858
3213, 511, 541
3214, 54, 402
3215, 7, 823
3216, 533, 787
3217, 128, 370
3218, 443, 639
3219, 48, 85
3220, 449, 569
3221, 312, 836
3222, 233, 291
3223, 586, 900
3224, 385, 723
3225, 702, 812
3226, 394, 444
3227, 11, 953
3228, 290, 905
3229, 737, 940
3230, 715, 882
3231, 358, 980
3232, 646, 652
3233, 76, 292
3234, 166, 690
3235, 387, 474
3236, 307, 830
3237, 84, 644
3238, 839, 1000
3239, 662, 693
3240, 346, 888
3241, 398, 848
3242, 341, 509
3243, 201, 520
3244, 223, 765
3245, 212, 831
3246, 184, 301
3247, 37, 199
3248, 532, 716
3249, 894, 943
3250, 232, 261
3251, 630, 797
3252, 808, 853
3253, 129, 375
3254, 364, 843
3255, 439, 991
3256, 513, 829
3257, 902, 923
3258, 392, 459
3259, 202, 709
3260, 743, 930
3261, 236, 460
3262, 58, 685
3263, 104, 457
3264, 109, 191
3265, 113, 587
3266, 177, 649
3267, 133, 463
3268, 368, 915
3269, 416, 631
3270, 116, 357
3271, 400, 536
3272, 334, 362
3273, 650, 996
3274, 613, 826
3275, 172, 584
3276, 472, 862
3277, 746, 773
3278, 572, 846
3279, 216, 555
3280, 389, 665
3281, 35, 147
3282, 545, 892
3283, 80, 565
3284, 169, 632
3285, 94, 562
3286, 72, 751
3287, 485, 916
3288, 200, 287
3289, 461, 837
3290, 111, 637
3291, 868, 889
3292, 660, 887
3293, 507, 731
3294, 220, 498
3295, 154, 922
3296, 633, 776
3297, 162, 957
3298, 515, 673
3299, 313, 814
3300, 118, 847
3301, 26, 174
3302, 194, 502
3303, 288, 735
3304, 549, 932
3305, 51, 958
3306, 694, 890
3307, 656, 726
3308, 418, 952
3309, 55, 620
3310, 487, 919
3311, 285, 755
3312, 158, 971
3313, 53, 614
3314, 337, 937
3315, 103, 592
3316, 164, 822
3317, 66, 170
3318, 476, 524
3319, 359, 547
3320, 904, 975
3321, 469, 908
3322, 350, 672
3323, 150, 441
3324, 674, 725
3325, 93, 141
3326, 165, 534
3327, 74, 419
3328, 135, 326
3329, 64, 653
3330, 273, 851
3331, 294, 310
3332, 160, 186
3333, 231, 852
3334, 766, 997
3335, 205, 548
3336, 629, 684
3337, 475, 712
3338, 464, 885
3339, 624, 666
3340, 360, 802
3341, 2, 434
3342, 106, 745
3343, 427, 535
3344, 589, 880
3345, 638, 704
3346, 607, 615
3347, 187, 302
3348, 143, 760
3349, 499, 506
3350, 250, 271
3351, 906, 928
3352, 500, 761
3353, 399, 924
3354, 566, 886
3355, 340, 931
3356, 335, 913
3357, 228, 557
3358, 414, 994
3359, 328, 483
3360, 870, 973
3361, 305, 619
3362, 222, 609
3363, 148, 167
3364, 5, 49
3365, 314, 739
3366, 596, 640
3367, 78, 763
3368, 465, 989
3369, 92, 183
3370, 423, 864
3371, 321, 775
3372, 762, 875
3373, 318, 748
3374, 83, 965
3375, 71, 390
3376, 70, 242
3377, 124, 700
3378, 209, 259
3379, 241, 391
3380, 539, 795
3381, 176, 918
3382, 108, 907
3383, 603, 752
3384, 522, 810
3385, 163, 832
3386, 240, 770
3387, 65, 563
3388, 356, 417
3389, 102, 783
3390, 514, 818
3391, 12, 611
3392, 178, 319
3393, 182, 867
3394, 10, 300
3395, 732, 982
3396, 267, 455
3397, 354, 686
3398, 736, 784
3399, 454, 537
3400, 497, 929
3401, 585, 961
3402, 265, 369
3403, 146, 793
3404, 251, 595
3405, 436, 995
3406, 214, 865
3407, 47, 91
3408, 227, 553
3409, 277, 415
3410, 27, 86
3411, 680, 883
3412, 274, 681
3413, 374, 467
3414, 621, 642
3415, 107, 440
3416, 34, 168
3417, 556, 575
3418, 316, 623
3419, 286, 435
3420, 243, 701
3421, 355, 470
3422, 175, 835
3423, 138, 664
3424, 801, 950
3425, 659, 789
3426, 134, 327
3427, 432, 594
3428, 295, 378
3429, 57, 796
3430, 711, 934
3431, 137, 714
3432, 100, 782
3433, 627, 820
3434, 217, 840
3435, 225, 866
3436, 144, 791
3437, 126, 625
3438, 136, 353
3439, 453, 571
3440, 36, 237
3441, 602, 768
3442, 306, 431
3443, 336, 935
3444, 159, 941
3445, 519, 955
3446, 525, 734
3447, 269, 738
3448, 658, 948
3449, 264, 819
3450, 125, 828
3451, 333, 790
3452, 235, 718
3453, 152, 697
3454, 381, 648
3455, 69, 983
3456, 239, 616
3457, 617, 703
3458, 14, 898
3459, 806, 933
3460, 568, 601
3461, 482, 526
3462, 230, 567
3463, 45, 976
3464, 551, 598
3465, 304, 428
3466, 17, 380
3467, 13, 155
3468, 422, 578
3469, 897, 911
3470, 677, 689
3471, 61, 863
3472, 772, 854
3473, 756, 964
3474, 860, 926
3475, 215, 651
3476, 740, 841
3477, 366, 544
3478, 67, 974
3479, 490, 807
3480, 468, 893
3481, 503, 803
3482, 8, 713
3483, 89, 426
3484, 185, 612
3485, 281, 604
3486, 130, 244
3487, 248, 719
3488, 527, 939
3489, 99, 142
3490, 123, 757
3491, 383, 821
3492, 473, 488
3493, 254, 272
3494, 593, 825
3495, 101, 542
3496, 401, 949
3497, 721, 788
3498, 210, 263
3499, 447, 805
3500, 140, 315
3501, 26, 834
3502, 98, 390
3503, 259, 943
3504, 16, 994
3505, 387, 476
3506, 133, 747
3507, 718, 807
3508, 254, 987
3509, 177, 594
3510, 800, 824
3511, 504, 538
3512, 268, 509
3513, 46, 859
3514, 148, 238
3515, 79, 345
3516, 274, 772
3517, 516, 977
3518, 944, 971
3519, 195, 795
3520, 65, 898
3521, 95, 887
3522, 472, 819
3523, 331, 532
3524, 85, 691
3525, 32, 208
3526, 376, 401
3527, 479, 539
3528, 290, 965
3529, 459, 814
3530, 54, 560
3531, 257, 651
3532, 230, 378
3533, 53, 59
3534, 412, 498
3535, 23, 39
3536, 132, 152
3537, 295, 673
3538, 325, 570
3539, 50, 584
3540, 184, 419
3541, 324, 720
3542, 339, 485
3543, 318, 717
3544, 188, 264
3545, 471, 490
3546, 11, 804
3547, 435, 918
3548, 13, 119
3549, 160, 599
3550, 322, 912
3551, 919, 976
3552, 500, 527
3553, 34, 903
3554, 219, 665
3555, 341, 839
3556, 601, 657
3557, 389, 764
3558, 99, 457
3559, 446, 741
3560, 662, 890
3561, 216, 922
3562, 832, 995
3563, 393, 443
3564, 122, 830
3565, 234, 535
3566, 272, 901
3567, 286, 849
3568, 108, 680
3569, 590, 792
3570, 495, 757
3571, 121, 591
3572, 727, 799
3573, 759, 803
3574, 109, 337
3575, 164, 228
3576, 168, 314
3577, 455, 556
3578, 282, 374
3579, 159, 732
3580, 409, 936
3581, 559, 998
3582, 301, 511
3583, 114, 478
3584, 112, 787
3585, 779, 786
3586, 262, 607
3587, 583, 858
3588, 568, 926
3589, 222, 497
3590, 166, 755
3591, 746, 990
3592, 753, 758
3593, 744, 991
3594, 87, 735
3595, 303, 484
3596, 934, 939
3597, 619, 827
3598, 398, 842
3599, 486, 826
3600, 123, 670
3601, 38, 347
3602, 176, 270
3603, 351, 721
3604, 72, 754
3605, 146, 933
3606, 627, 931
3607, 565, 966
3608, 71, 900
3609, 357, 810
3610, 75, 664
3611, 233, 356
3612, 312, 675
3613, 232, 622
3614, 776, 873
3615, 35, 589
3616, 514, 967
3617, 89, 937
3618, 179, 448
3619, 21, 502
3620, 399, 985
3621, 187, 414
3622, 258, 820
3623, 465, 688
3624, 395, 647
3625, 736, 930
3626, 487, 676
3627, 444, 712
3628, 130, 768
3629, 120, 541
3630, 352, 439
3631, 752, 982
3632, 17, 611
3633, 161, 427
3634, 424, 847
3635, 596, 883
3636, 116, 451
3637, 429, 573
3638, 10, 896
3639, 300, 605
3640, 423, 884
3641, 677, 838
3642, 464, 488
3643, 297, 811
3644, 52, 82
3645, 433, 655
3646, 110, 658
3647, 111, 984
3648, 66, 885
3649, 407, 960
3650, 275, 285
3651, 713, 715
3652, 68, 93
3653, 24, 385
3654, 5, 880
3655, 812, 861
3656, 561, 970
3657, 388, 957
3658, 41, 942
3659, 115, 648
3660, 470, 738
3661, 316, 526
3662, 375, 641
3663, 94, 277
3664, 338, 380
3665, 769, 867
3666, 640, 761
3667, 780, 882
3668, 224, 566
3669, 685, 765
3670, 74, 620
3671, 185, 525
3672, 546, 750
3673, 178, 445
3674, 684, 739
3675, 252, 508
3676, 141, 210
3677, 728, 841
3678, 581, 818
3679, 203, 578
3680, 134, 153
3681, 489, 978
3682, 283, 704
3683, 280, 809
3684, 296, 869
3685, 55, 186
3686, 725, 876
3687, 299, 625
3688, 150, 174
3689, 659, 698
3690, 40, 572
3691, 932, 958
3692, 102, 140
3693, 816, 856
3694, 837, 878
3695, 289, 628
3696, 237, 854
3697, 391, 724
3698, 14, 924
3699, 276, 702
3700, 354, 631
3701, 142, 823
3702, 421, 945
3703, 828, 911
3704, 1, 310
3705, 813, 962
3706, 386, 603
3707, 12, 693
3708, 103, 396
3709, 403, 555
3710, 173, 458
3711, 84, 794
3712, 442, 845
3713, 249, 686
3714, 96, 106
3715, 418, 929
3716, 97, 309
3717, 371, 996
3718, 315, 946
3719, 81, 663
3720, 678, 777
3721, 154, 361
3722, 441, 983
3723, 493, 726
3724, 139, 496
3725, 198, 846
3726, 308, 344
3727, 481, 790
3728, 9, 872
3729, 692, 801
3730, 947, 986
3731, 29, 695
3732, 428, 450
3733, 463, 473
3734, 131, 400
3735, 30, 520
3736, 49, 212
3737, 522, 973
3738, 598, 770
3739, 575, 860
3740, 125, 241
3741, 951, 999
3742, 218, 271
3743, 574, 646
3744, 145, 191
3745, 394, 467
3746, 265, 798
3747, 392, 920
3748, 825, 935
3749, 358, 616
3750, 62, 499
3751, 293, 972
3752, 83, 335
3753, 348, 501
3754, 528, 652
3755, 91, 653
3756, 468, 512
3757, 597, 844
3758, 383, 690
3759, 638, 808
3760, 157, 336
3761, 48, 714
3762, 582, 857
3763, 600, 889
3764, 321, 654
3765, 353, 609
3766, 138, 223
3767, 359, 875
3768, 155, 287
3769, 221, 723
3770, 456, 569
3771, 629, 959
3772, 42, 774
3773, 587, 649
3774, 196, 327
3775, 190, 975
3776, 416, 785
3777, 236, 294
3778, 19, 745
3779, 220, 505
3780, 199, 333
3781, 821, 836
3782, 63, 415
3783, 562, 893
3784, 44, 513
3785, 305, 550
3786, 742, 766
3787, 269, 632
3788, 895, 927
3789, 200, 531
3790, 243, 402
3791, 364, 434
3792, 57, 731
3793, 452, 997
3794, 92, 147
3795, 311, 593
3796, 588, 907
3797, 45, 789
3798, 521, 624
3799, 226, 668
3800, 701, 989
3801, 250, 917
3802, 189, 831
3803, 180, 334
3804, 422, 796
3805, 163, 623
3806, 267, 874
3807, 143, 537
3808, 406, 888
3809, 215, 613
3810, 80, 156
3811, 829, 855
3812, 171, 227
3813, 6, 137
3814, 369, 436
3815, 167, 645
3816, 656, 763
3817, 107, 553
3818, 366, 373
3819, 410, 447
3820, 579, 621
3821, 475, 870
3822, 563, 992
3823, 231, 529
3824, 43, 515
3825, 51, 247
3826, 319, 482
3827, 27, 330
3828, 172, 542
3829, 7, 602
3830, 523, 864
3831, 263, 536
3832, 608, 762
3833, 897, 923
3834, 288, 771
3835, 552, 576
3836, 420, 681
3837, 672, 938
3838, 170, 449
3839, 340, 355
3840, 524, 817
3841, 256, 1000
3842, 31, 748
3843, 461, 781
3844, 169, 734
3845, 235, 643
3846, 368, 949
3847, 205, 540
3848, 197, 494
3849, 329, 411
3850, 105, 636
3851, 20, 307
3852, 193, 666
3853, 201, 941
3854, 519, 892
3855, 558, 592
3856, 612, 782
3857, 382, 694
3858, 384, 430
3859, 852, 868
3860, 86, 925
3861, 370, 877
3862, 135, 431
3863, 239, 317
3864, 617, 980
3865, 25, 733
3866, 606, 679
3867, 346, 595
3868, 260, 360
3869, 379, 510
3870, 365, 948
3871, 585, 851
3872, 719, 921
3873, 211, 332
3874, 2, 743
3875, 534, 687
3876, 58, 302
3877, 372, 557
3878, 700, 955
3879, 117, 245
3880, 70, 630
3881, 73, 544
3882, 18, 635
3883, 217, 408
3884, 78, 367
3885, 100, 586
3886, 192, 706
3887, 699, 954
3888, 61, 507
3889, 90, 397
3890, 149, 969
3891, 480, 909
3892, 551, 815
3893, 618, 835
3894, 902, 904
3895, 8, 697
3896, 614, 928
3897, 136, 229
3898, 343, 952
3899, 56, 67
3900, 460, 564
3901, 47, 661
3902, 788, 881
3903, 709, 722
3904, 266, 425
3905, 101, 671
3906, 604, 913
3907, 547, 760
3908, 183, 284
3909, 206, 610
3910, 894, 916
3911, 362, 740
3912, 165, 853
3913, 36, 696
3914, 181, 974
3915, 60, 843
3916, 129, 660
3917, 104, 151
3918, 644, 783
3919, 437, 773
3920, 281, 802
3921, 255, 961
3922, 242, 822
3923, 567, 674
3924, 626, 705
3925, 793, 886
3926, 805, 848
3927, 313, 571
3928, 3, 530
3929, 113, 905
3930, 682, 730
3931, 244, 381
3932, 689, 710
3933, 253, 634
3934, 64, 639
3935, 162, 209
3936, 729, 950
3937, 580, 906
3938, 124, 438
3939, 469, 506
3940, 4, 577
3941, 865, 979
3942, 517, 862
3943, 320, 462
3944, 158, 453
3945, 404, 708
3946, 637, 988
3947, 76, 144
3948, 533, 968
3949, 683, 751
3950, 225, 642
3951, 214, 326
3952, 910, 915
3953, 291, 956
3954, 737, 953
3955, 128, 615
3956, 545, 981
3957, 261, 775
3958, 477, 483
3959, 633, 850
3960, 251, 426
3961, 202, 899
3962, 543, 879
3963, 328, 405
3964, 240, 891
3965, 204, 806
3966, 33, 413
3967, 37, 914
3968, 182, 474
3969, 492, 667
3970, 548, 791
3971, 88, 194
3972, 118, 127
3973, 440, 749
3974, 77, 417
3975, 175, 349
3976, 278, 518
3977, 491, 549
3978, 840, 871
3979, 28, 716
3980, 350, 707
3981, 323, 964
3982, 69, 246
3983, 363, 797
3984, 454, 703
3985, 213, 711
3986, 767, 863
3987, 279, 778
3988, 466, 833
3989, 207, 756
3990, 306, 503
3991, 432, 669
3992, 784, 963
3993, 940, 993
3994, 292, 304
3995, 298, 866
3996, 342, 908
3997, 248, 273
3998, 15, 126
3999, 22, 650
4000, 377, 554
