id, img1, img2
1, 261, 903
2, 238, 638
3, 683, 812
4, 340, 369
5, 754, 979
6, 142, 955
7, 206, 791
8, 291, 494
9, 34, 513
10, 776, 931
11, 491, 876
12, 232, 269
13, 563, 694
14, 247, 384
15, 308, 558
16, 210, 331
17, 673, 742
18, 116, 728
19, 605, 775
20, 222, 256
21, 267, 569
22, 117, 183
23, 362, 849
24, 433, 916
25, 115, 209
26, 41, 141
27, 233, 733
28, 182, 549
29, 236, 871
30, 372, 420
31, 31, 755
32, 520, 777
33, 921, 980
34, 173, 604
35, 347, 470
36, 748, 875
37, 515, 659
38, 314, 692
39, 657, 894
40, 622, 710
41, 495, 508
42, 55, 71
43, 169, 651
44, 763, 829
45, 289, 925
46, 303, 824
47, 443, 529
48, 234, 295
49, 492, 665
50, 719, 961
51, 826, 957
52, 253, 330
53, 101, 414
54, 448, 956
55, 77, 392
56, 564, 781
57, 64, 477
58, 78, 758
59, 122, 211
60, 138, 439
61, 587, 825
62, 143, 419
63, 282, 324
64, 297, 438
65, 207, 279
66, 890, 970
67, 191, 591
68, 747, 895
69, 559, 862
70, 9, 69
71, 229, 338
72, 840, 941
73, 446, 645
74, 524, 960
75, 378, 687
76, 484, 635
77, 337, 817
78, 290, 937
79, 25, 61
80, 52, 913
81, 359, 950
82, 3, 431
83, 441, 548
84, 127, 739
85, 160, 502
86, 248, 690
87, 531, 856
88, 307, 335
89, 474, 666
90, 35, 252
91, 405, 897
92, 409, 707
93, 450, 583
94, 865, 912
95, 620, 678
96, 66, 639
97, 123, 522
98, 626, 939
99, 29, 436
100, 103, 908
101, 590, 932
102, 79, 730
103, 415, 526
104, 811, 870
105, 698, 873
106, 155, 725
107, 154, 434
108, 511, 889
109, 284, 594
110, 393, 616
111, 130, 855
112, 597, 973
113, 501, 544
114, 482, 557
115, 241, 917
116, 632, 843
117, 46, 764
118, 219, 663
119, 293, 416
120, 296, 342
121, 327, 647
122, 213, 402
123, 407, 752
124, 561, 910
125, 406, 760
126, 668, 814
127, 45, 217
128, 144, 242
129, 354, 688
130, 99, 952
131, 85, 86
132, 189, 445
133, 18, 533
134, 121, 355
135, 111, 458
136, 165, 298
137, 348, 517
138, 53, 664
139, 736, 780
140, 367, 546
141, 599, 627
142, 653, 773
143, 463, 987
144, 88, 265
145, 190, 850
146, 118, 857
147, 193, 662
148, 176, 914
149, 49, 535
150, 555, 581
151, 353, 904
152, 8, 146
153, 250, 507
154, 391, 981
155, 5, 149
156, 80, 868
157, 629, 761
158, 376, 905
159, 42, 743
160, 254, 677
161, 485, 696
162, 11, 368
163, 100, 560
164, 162, 947
165, 145, 882
166, 174, 343
167, 230, 251
168, 44, 765
169, 552, 978
170, 106, 427
171, 589, 836
172, 364, 429
173, 472, 807
174, 709, 801
175, 459, 778
176, 68, 321
177, 750, 922
178, 818, 906
179, 469, 959
180, 421, 933
181, 198, 830
182, 243, 672
183, 437, 909
184, 516, 948
185, 349, 989
186, 390, 428
187, 218, 346
188, 422, 841
189, 239, 656
190, 205, 998
191, 40, 196
192, 381, 907
193, 521, 813
194, 255, 274
195, 684, 962
196, 23, 878
197, 98, 462
198, 408, 990
199, 630, 797
200, 401, 945
201, 266, 658
202, 39, 294
203, 886, 986
204, 67, 345
205, 81, 802
206, 827, 968
207, 12, 245
208, 51, 311
209, 26, 769
210, 28, 235
211, 315, 853
212, 202, 988
213, 395, 798
214, 534, 993
215, 140, 212
216, 228, 734
217, 385, 706
218, 181, 554
219, 166, 299
220, 310, 848
221, 158, 175
222, 375, 671
223, 374, 926
224, 30, 76
225, 16, 163
226, 283, 808
227, 496, 885
228, 156, 861
229, 642, 866
230, 223, 715
231, 366, 844
232, 530, 603
233, 363, 783
234, 424, 845
235, 17, 593
236, 460, 514
237, 782, 954
238, 179, 453
239, 129, 281
240, 108, 380
241, 536, 637
242, 473, 580
243, 4, 151
244, 132, 322
245, 96, 148
246, 107, 942
247, 498, 716
248, 880, 929
249, 89, 570
250, 22, 819
251, 403, 731
252, 309, 545
253, 551, 566
254, 37, 457
255, 186, 869
256, 214, 325
257, 565, 699
258, 975, 1000
259, 738, 772
260, 312, 800
261, 240, 723
262, 152, 676
263, 63, 553
264, 365, 708
265, 197, 793
266, 767, 788
267, 623, 839
268, 360, 902
269, 136, 220
270, 300, 333
271, 383, 680
272, 271, 976
273, 21, 373
274, 341, 413
275, 200, 792
276, 1, 983
277, 928, 969
278, 313, 977
279, 187, 610
280, 113, 787
281, 83, 617
282, 575, 607
283, 357, 794
284, 168, 992
285, 613, 846
286, 58, 900
287, 815, 852
288, 577, 809
289, 389, 796
290, 82, 803
291, 216, 579
292, 479, 539
293, 837, 919
294, 2, 231
295, 74, 133
296, 480, 602
297, 649, 726
298, 430, 924
299, 449, 804
300, 972, 995
301, 387, 509
302, 15, 702
303, 137, 263
304, 400, 712
305, 611, 727
306, 705, 953
307, 399, 669
308, 486, 820
309, 525, 724
310, 237, 455
311, 102, 600
312, 120, 178
313, 489, 578
314, 576, 823
315, 105, 417
316, 316, 838
317, 832, 867
318, 126, 958
319, 20, 451
320, 582, 821
321, 60, 766
322, 789, 974
323, 139, 260
324, 965, 991
325, 278, 971
326, 24, 751
327, 831, 898
328, 125, 382
329, 540, 542
330, 262, 887
331, 404, 859
332, 7, 301
333, 497, 523
334, 157, 465
335, 615, 640
336, 351, 785
337, 10, 881
338, 97, 667
339, 468, 670
340, 224, 386
341, 571, 951
342, 32, 768
343, 806, 943
344, 277, 562
345, 124, 332
346, 180, 194
347, 73, 816
348, 318, 718
349, 504, 749
350, 606, 713
351, 344, 442
352, 134, 938
353, 701, 753
354, 500, 636
355, 499, 574
356, 184, 746
357, 112, 934
358, 33, 784
359, 159, 946
360, 177, 893
361, 50, 379
362, 48, 170
363, 682, 879
364, 423, 585
365, 305, 475
366, 114, 426
367, 483, 619
368, 732, 985
369, 729, 854
370, 573, 646
371, 358, 735
372, 275, 923
373, 188, 478
374, 614, 833
375, 75, 847
376, 203, 377
377, 447, 888
378, 56, 225
379, 119, 685
380, 388, 884
381, 435, 505
382, 317, 398
383, 167, 547
384, 466, 863
385, 199, 596
386, 27, 693
387, 43, 541
388, 47, 87
389, 6, 774
390, 104, 717
391, 38, 704
392, 320, 595
393, 276, 795
394, 268, 920
395, 624, 741
396, 326, 842
397, 519, 660
398, 110, 287
399, 454, 891
400, 411, 634
401, 339, 874
402, 319, 586
403, 432, 532
404, 249, 538
405, 487, 550
406, 681, 927
407, 512, 686
408, 567, 872
409, 493, 695
410, 467, 892
411, 128, 689
412, 280, 285
413, 488, 911
414, 19, 643
415, 679, 994
416, 631, 633
417, 62, 711
418, 901, 963
419, 506, 944
420, 153, 722
421, 304, 799
422, 444, 935
423, 518, 650
424, 90, 221
425, 204, 984
426, 226, 691
427, 745, 964
428, 164, 481
429, 208, 674
430, 258, 896
431, 95, 537
432, 272, 618
433, 150, 899
434, 527, 621
435, 195, 396
436, 394, 997
437, 70, 883
438, 771, 949
439, 185, 999
440, 244, 412
441, 744, 790
442, 286, 592
443, 456, 464
444, 612, 835
445, 598, 996
446, 201, 858
447, 328, 805
448, 410, 628
449, 72, 703
450, 288, 323
451, 543, 625
452, 584, 641
453, 270, 779
454, 675, 851
455, 94, 655
456, 608, 770
457, 350, 982
458, 568, 860
459, 93, 652
460, 588, 810
461, 57, 471
462, 172, 370
463, 257, 877
464, 461, 936
465, 476, 918
466, 273, 528
467, 503, 966
468, 84, 192
469, 418, 756
470, 302, 352
471, 65, 215
472, 361, 425
473, 264, 452
474, 131, 720
475, 661, 786
476, 109, 397
477, 171, 648
478, 510, 609
479, 329, 490
480, 356, 601
481, 36, 259
482, 572, 714
483, 161, 700
484, 59, 762
485, 336, 644
486, 92, 759
487, 737, 940
488, 334, 822
489, 227, 721
490, 440, 864
491, 697, 915
492, 13, 292
493, 246, 306
494, 147, 930
495, 828, 834
496, 91, 654
497, 54, 967
498, 14, 757
499, 135, 556
500, 371, 740
501, 368, 555
502, 446, 823
503, 59, 250
504, 177, 778
505, 68, 140
506, 295, 650
507, 308, 519
508, 670, 907
509, 591, 628
510, 579, 999
511, 212, 747
512, 420, 720
513, 527, 943
514, 316, 881
515, 174, 247
516, 12, 963
517, 246, 872
518, 48, 987
519, 580, 888
520, 347, 608
521, 164, 853
522, 657, 983
523, 656, 901
524, 522, 955
525, 550, 655
526, 669, 988
527, 198, 675
528, 338, 900
529, 410, 945
530, 600, 887
531, 50, 303
532, 168, 423
533, 118, 533
534, 468, 967
535, 131, 317
536, 395, 856
537, 241, 825
538, 287, 310
539, 121, 846
540, 184, 815
541, 7, 743
542, 237, 705
543, 29, 157
544, 294, 593
545, 453, 894
546, 245, 521
547, 278, 427
548, 191, 417
549, 53, 587
550, 135, 803
551, 238, 756
552, 197, 960
553, 122, 534
554, 292, 950
555, 332, 730
556, 51, 406
557, 419, 992
558, 330, 712
559, 16, 957
560, 349, 551
561, 125, 360
562, 271, 545
563, 495, 786
564, 785, 953
565, 155, 289
566, 81, 126
567, 256, 558
568, 194, 484
569, 511, 691
570, 88, 532
571, 130, 710
572, 134, 611
573, 202, 210
574, 74, 682
575, 951, 998
576, 90, 935
577, 231, 274
578, 936, 938
579, 463, 666
580, 583, 804
581, 300, 664
582, 728, 981
583, 409, 932
584, 680, 768
585, 110, 606
586, 239, 939
587, 211, 470
588, 19, 113
589, 69, 422
590, 268, 291
591, 235, 877
592, 401, 499
593, 215, 405
594, 622, 732
595, 20, 718
596, 376, 381
597, 154, 753
598, 371, 844
599, 334, 972
600, 357, 488
601, 208, 429
602, 225, 428
603, 510, 946
604, 389, 451
605, 116, 599
606, 115, 799
607, 280, 638
608, 71, 412
609, 67, 509
610, 123, 578
611, 65, 737
612, 668, 898
613, 508, 612
614, 520, 627
615, 694, 770
616, 248, 654
617, 11, 80
618, 699, 736
619, 199, 515
620, 105, 964
621, 165, 763
622, 403, 837
623, 137, 595
624, 176, 464
625, 187, 766
626, 725, 738
627, 217, 980
628, 834, 923
629, 576, 625
630, 592, 602
631, 380, 861
632, 75, 172
633, 337, 968
634, 148, 500
635, 333, 620
636, 44, 213
637, 570, 839
638, 281, 790
639, 2, 679
640, 365, 882
641, 299, 969
642, 482, 553
643, 58, 285
644, 84, 734
645, 30, 450
646, 480, 490
647, 435, 441
648, 713, 866
649, 162, 404
650, 93, 233
651, 394, 909
652, 569, 751
653, 309, 845
654, 160, 260
655, 153, 392
656, 111, 993
657, 719, 765
658, 377, 686
659, 86, 886
660, 73, 698
661, 189, 574
662, 922, 926
663, 826, 889
664, 277, 566
665, 56, 808
666, 466, 832
667, 141, 659
668, 270, 352
669, 344, 613
670, 320, 460
671, 60, 180
672, 560, 749
673, 66, 473
674, 722, 905
675, 229, 556
676, 221, 750
677, 94, 536
678, 442, 525
679, 561, 590
680, 37, 425
681, 640, 757
682, 288, 884
683, 492, 870
684, 46, 735
685, 161, 497
686, 178, 615
687, 652, 779
688, 498, 709
689, 538, 726
690, 329, 685
691, 623, 876
692, 120, 398
693, 97, 432
694, 607, 947
695, 243, 658
696, 474, 852
697, 124, 817
698, 89, 496
699, 618, 928
700, 147, 244
701, 158, 257
702, 15, 139
703, 261, 323
704, 382, 792
705, 207, 411
706, 49, 331
707, 716, 759
708, 364, 783
709, 973, 977
710, 6, 373
711, 485, 598
712, 689, 849
713, 128, 814
714, 142, 929
715, 557, 903
716, 42, 860
717, 585, 731
718, 107, 108
719, 407, 784
720, 102, 524
721, 399, 426
722, 437, 575
723, 21, 196
724, 542, 644
725, 79, 528
726, 588, 789
727, 563, 918
728, 91, 673
729, 145, 433
730, 693, 787
731, 549, 921
732, 76, 253
733, 348, 745
734, 586, 934
735, 70, 1000
736, 387, 516
737, 758, 991
738, 99, 151
739, 478, 895
740, 662, 984
741, 326, 843
742, 163, 363
743, 645, 777
744, 264, 755
745, 353, 415
746, 596, 873
747, 146, 234
748, 636, 717
749, 57, 397
750, 541, 863
751, 788, 829
752, 179, 634
753, 14, 265
754, 688, 822
755, 375, 531
756, 54, 64
757, 175, 471
758, 665, 781
759, 230, 690
760, 3, 897
761, 170, 739
762, 472, 917
763, 594, 782
764, 865, 961
765, 216, 461
766, 24, 948
767, 617, 684
768, 475, 797
769, 486, 597
770, 601, 812
771, 144, 565
772, 206, 424
773, 773, 830
774, 52, 255
775, 195, 455
776, 4, 752
777, 1, 760
778, 723, 966
779, 13, 204
780, 831, 904
781, 449, 971
782, 43, 603
783, 305, 413
784, 512, 526
785, 98, 396
786, 26, 465
787, 513, 941
788, 259, 523
789, 114, 796
790, 908, 985
791, 62, 188
792, 226, 629
793, 284, 810
794, 493, 667
795, 378, 702
796, 273, 336
797, 205, 715
798, 33, 190
799, 864, 890
800, 40, 647
801, 548, 637
802, 919, 976
803, 127, 171
804, 494, 819
805, 302, 651
806, 605, 931
807, 714, 902
808, 296, 833
809, 366, 643
810, 630, 927
811, 672, 793
812, 631, 913
813, 27, 891
814, 706, 746
815, 661, 767
816, 258, 350
817, 582, 646
818, 421, 910
819, 311, 879
820, 362, 374
821, 544, 906
822, 201, 456
823, 703, 727
824, 223, 327
825, 543, 874
826, 436, 859
827, 806, 847
828, 193, 402
829, 306, 540
830, 136, 912
831, 952, 990
832, 780, 965
833, 379, 795
834, 203, 838
835, 869, 979
836, 487, 762
837, 529, 581
838, 385, 648
839, 87, 518
840, 841, 997
841, 345, 711
842, 431, 624
843, 297, 354
844, 290, 733
845, 96, 301
846, 18, 821
847, 92, 339
848, 707, 920
849, 106, 642
850, 676, 915
851, 100, 251
852, 372, 836
853, 173, 653
854, 440, 704
855, 568, 893
856, 503, 649
857, 632, 880
858, 10, 949
859, 32, 132
860, 721, 962
861, 351, 491
862, 393, 445
863, 708, 835
864, 249, 286
865, 341, 674
866, 219, 408
867, 501, 754
868, 439, 444
869, 35, 619
870, 307, 318
871, 55, 458
872, 109, 481
873, 34, 242
874, 232, 462
875, 687, 875
876, 724, 896
877, 159, 370
878, 577, 761
879, 616, 858
880, 149, 741
881, 681, 982
882, 535, 697
883, 166, 742
884, 639, 820
885, 546, 878
886, 228, 695
887, 775, 811
888, 683, 813
889, 361, 794
890, 621, 871
891, 9, 995
892, 430, 986
893, 85, 916
894, 434, 914
895, 400, 857
896, 119, 552
897, 562, 641
898, 272, 313
899, 930, 970
900, 447, 572
901, 150, 254
902, 138, 744
903, 848, 868
904, 502, 802
905, 356, 805
906, 322, 772
907, 283, 346
908, 220, 978
909, 321, 855
910, 633, 867
911, 101, 764
912, 584, 589
913, 610, 854
914, 156, 182
915, 263, 489
916, 103, 827
917, 47, 304
918, 479, 800
919, 23, 275
920, 477, 729
921, 340, 384
922, 312, 517
923, 82, 414
924, 143, 457
925, 192, 571
926, 17, 677
927, 36, 454
928, 335, 925
929, 227, 262
930, 31, 200
931, 325, 885
932, 95, 671
933, 369, 692
934, 505, 807
935, 22, 117
936, 252, 828
937, 696, 892
938, 276, 851
939, 112, 314
940, 391, 483
941, 791, 942
942, 279, 452
943, 152, 358
944, 8, 604
945, 25, 266
946, 701, 974
947, 240, 776
948, 185, 842
949, 388, 850
950, 41, 390
951, 507, 530
952, 467, 933
953, 61, 609
954, 186, 635
955, 224, 539
956, 573, 798
957, 367, 989
958, 28, 39
959, 269, 678
960, 38, 700
961, 167, 386
962, 448, 459
963, 343, 418
964, 342, 559
965, 514, 740
966, 209, 438
967, 771, 809
968, 78, 944
969, 298, 469
970, 626, 899
971, 5, 883
972, 506, 937
973, 443, 660
974, 956, 994
975, 267, 547
976, 77, 133
977, 72, 774
978, 476, 911
979, 214, 315
980, 416, 801
981, 564, 769
982, 324, 816
983, 236, 840
984, 355, 940
985, 129, 504
986, 293, 663
987, 282, 319
988, 554, 924
989, 537, 975
990, 567, 748
991, 222, 359
992, 383, 862
993, 183, 958
994, 818, 824
995, 45, 614
996, 104, 169
997, 83, 218
998, 328, 954
999, 181, 959
1000, 63, 996
1001, 275, 832
1002, 252, 738
1003, 379, 679
1004, 313, 857
1005, 745, 983
1006, 78, 630
1007, 6, 434
1008, 764, 943
1009, 88, 583
1010, 361, 686
1011, 139, 719
1012, 634, 730
1013, 241, 552
1014, 444, 447
1015, 84, 691
1016, 31, 442
1017, 214, 492
1018, 133, 636
1019, 314, 394
1020, 148, 712
1021, 522, 950
1022, 698, 773
1023, 560, 788
1024, 490, 713
1025, 687, 927
1026, 204, 454
1027, 488, 744
1028, 861, 870
1029, 63, 459
1030, 535, 845
1031, 236, 273
1032, 649, 913
1033, 232, 869
1034, 238, 751
1035, 306, 348
1036, 196, 990
1037, 445, 677
1038, 818, 885
1039, 260, 557
1040, 711, 884
1041, 220, 643
1042, 538, 663
1043, 5, 272
1044, 377, 398
1045, 71, 428
1046, 74, 406
1047, 105, 258
1048, 270, 946
1049, 234, 419
1050, 967, 978
1051, 512, 693
1052, 772, 804
1053, 380, 831
1054, 651, 688
1055, 113, 205
1056, 657, 836
1057, 329, 866
1058, 554, 572
1059, 529, 901
1060, 22, 934
1061, 156, 254
1062, 274, 601
1063, 81, 403
1064, 68, 793
1065, 573, 702
1066, 263, 597
1067, 415, 860
1068, 191, 304
1069, 395, 539
1070, 591, 703
1071, 511, 999
1072, 349, 747
1073, 363, 408
1074, 521, 985
1075, 104, 768
1076, 20, 280
1077, 696, 976
1078, 58, 338
1079, 463, 786
1080, 599, 994
1081, 366, 953
1082, 203, 841
1083, 456, 584
1084, 509, 835
1085, 674, 838
1086, 566, 603
1087, 167, 900
1088, 307, 536
1089, 73, 614
1090, 15, 381
1091, 291, 817
1092, 298, 516
1093, 134, 393
1094, 39, 75
1095, 716, 779
1096, 418, 894
1097, 319, 678
1098, 476, 968
1099, 128, 391
1100, 278, 952
1101, 477, 889
1102, 37, 586
1103, 262, 987
1104, 277, 759
1105, 432, 917
1106, 354, 449
1107, 704, 961
1108, 193, 929
1109, 568, 926
1110, 792, 945
1111, 25, 752
1112, 430, 656
1113, 594, 798
1114, 506, 758
1115, 347, 389
1116, 300, 731
1117, 646, 992
1118, 129, 794
1119, 540, 669
1120, 499, 575
1121, 421, 671
1122, 551, 907
1123, 38, 385
1124, 176, 588
1125, 255, 384
1126, 735, 808
1127, 608, 784
1128, 28, 533
1129, 276, 426
1130, 715, 886
1131, 387, 996
1132, 183, 785
1133, 330, 868
1134, 342, 484
1135, 376, 605
1136, 41, 635
1137, 881, 964
1138, 502, 803
1139, 809, 903
1140, 355, 762
1141, 453, 542
1142, 806, 933
1143, 24, 604
1144, 35, 569
1145, 108, 732
1146, 312, 631
1147, 462, 979
1148, 723, 914
1149, 23, 602
1150, 222, 749
1151, 50, 125
1152, 1, 251
1153, 497, 932
1154, 226, 409
1155, 457, 513
1156, 7, 326
1157, 62, 471
1158, 163, 942
1159, 197, 965
1160, 629, 770
1161, 461, 970
1162, 317, 724
1163, 42, 221
1164, 352, 469
1165, 95, 412
1166, 299, 360
1167, 821, 954
1168, 231, 975
1169, 466, 963
1170, 102, 612
1171, 284, 937
1172, 224, 331
1173, 159, 427
1174, 493, 849
1175, 771, 787
1176, 111, 351
1177, 555, 940
1178, 87, 402
1179, 16, 202
1180, 27, 82
1181, 440, 709
1182, 375, 765
1183, 168, 235
1184, 208, 431
1185, 13, 984
1186, 69, 825
1187, 181, 607
1188, 310, 339
1189, 315, 616
1190, 151, 370
1191, 424, 802
1192, 228, 478
1193, 158, 345
1194, 144, 819
1195, 864, 908
1196, 390, 997
1197, 67, 341
1198, 247, 328
1199, 727, 811
1200, 80, 726
1201, 246, 405
1202, 140, 830
1203, 179, 623
1204, 143, 897
1205, 507, 658
1206, 211, 790
1207, 579, 887
1208, 212, 452
1209, 364, 638
1210, 309, 637
1211, 116, 350
1212, 248, 596
1213, 812, 958
1214, 267, 905
1215, 257, 918
1216, 264, 416
1217, 253, 325
1218, 60, 85
1219, 29, 33
1220, 142, 173
1221, 302, 464
1222, 400, 761
1223, 534, 728
1224, 54, 100
1225, 135, 487
1226, 782, 916
1227, 741, 780
1228, 79, 980
1229, 169, 898
1230, 842, 909
1231, 225, 653
1232, 184, 840
1233, 645, 873
1234, 475, 874
1235, 177, 694
1236, 439, 844
1237, 692, 947
1238, 175, 921
1239, 36, 126
1240, 625, 685
1241, 613, 695
1242, 53, 797
1243, 981, 995
1244, 621, 858
1245, 120, 587
1246, 190, 436
1247, 17, 344
1248, 198, 936
1249, 52, 311
1250, 9, 94
1251, 21, 233
1252, 448, 775
1253, 131, 558
1254, 215, 640
1255, 446, 733
1256, 64, 353
1257, 165, 318
1258, 323, 592
1259, 219, 805
1260, 18, 61
1261, 468, 689
1262, 619, 725
1263, 633, 902
1264, 250, 369
1265, 618, 642
1266, 655, 883
1267, 585, 664
1268, 665, 739
1269, 164, 359
1270, 340, 373
1271, 118, 615
1272, 546, 617
1273, 47, 1000
1274, 145, 867
1275, 98, 500
1276, 420, 766
1277, 893, 906
1278, 210, 259
1279, 574, 754
1280, 295, 501
1281, 628, 654
1282, 514, 673
1283, 986, 998
1284, 545, 776
1285, 137, 223
1286, 19, 121
1287, 750, 875
1288, 333, 740
1289, 14, 972
1290, 11, 989
1291, 386, 396
1292, 112, 928
1293, 101, 287
1294, 147, 769
1295, 753, 935
1296, 51, 155
1297, 570, 941
1298, 367, 834
1299, 316, 846
1300, 86, 153
1301, 195, 411
1302, 460, 647
1303, 141, 662
1304, 895, 955
1305, 528, 553
1306, 357, 948
1307, 639, 743
1308, 303, 451
1309, 470, 670
1310, 458, 508
1311, 482, 924
1312, 59, 789
1313, 290, 951
1314, 826, 925
1315, 55, 781
1316, 186, 799
1317, 565, 823
1318, 97, 563
1319, 417, 600
1320, 2, 109
1321, 30, 372
1322, 8, 450
1323, 305, 668
1324, 491, 904
1325, 152, 422
1326, 399, 676
1327, 505, 922
1328, 717, 791
1329, 495, 660
1330, 26, 661
1331, 281, 879
1332, 810, 876
1333, 532, 541
1334, 160, 816
1335, 576, 774
1336, 70, 180
1337, 524, 530
1338, 166, 564
1339, 666, 800
1340, 266, 746
1341, 230, 392
1342, 401, 567
1343, 170, 899
1344, 46, 862
1345, 56, 609
1346, 271, 706
1347, 106, 199
1348, 877, 939
1349, 127, 465
1350, 132, 438
1351, 189, 795
1352, 496, 783
1353, 589, 944
1354, 245, 707
1355, 249, 827
1356, 89, 796
1357, 292, 923
1358, 12, 910
1359, 138, 150
1360, 192, 699
1361, 648, 755
1362, 91, 279
1363, 174, 718
1364, 244, 414
1365, 207, 435
1366, 720, 859
1367, 606, 748
1368, 801, 813
1369, 66, 820
1370, 531, 850
1371, 44, 503
1372, 171, 737
1373, 237, 757
1374, 256, 429
1375, 368, 829
1376, 194, 425
1377, 346, 443
1378, 206, 993
1379, 441, 969
1380, 308, 322
1381, 216, 362
1382, 474, 498
1383, 382, 683
1384, 40, 413
1385, 32, 767
1386, 472, 912
1387, 154, 182
1388, 481, 681
1389, 4, 157
1390, 49, 763
1391, 48, 494
1392, 863, 919
1393, 853, 890
1394, 672, 736
1395, 99, 632
1396, 114, 378
1397, 227, 872
1398, 200, 356
1399, 611, 931
1400, 282, 778
1401, 286, 930
1402, 515, 598
1403, 72, 115
1404, 580, 807
1405, 217, 467
1406, 332, 486
1407, 938, 956
1408, 966, 988
1409, 624, 828
1410, 404, 433
1411, 57, 261
1412, 269, 705
1413, 146, 293
1414, 855, 856
1415, 34, 977
1416, 162, 504
1417, 622, 891
1418, 684, 708
1419, 92, 620
1420, 544, 627
1421, 65, 973
1422, 550, 700
1423, 650, 722
1424, 43, 136
1425, 96, 243
1426, 185, 556
1427, 562, 971
1428, 321, 335
1429, 483, 527
1430, 397, 756
1431, 423, 848
1432, 268, 437
1433, 374, 517
1434, 473, 667
1435, 3, 714
1436, 851, 892
1437, 285, 760
1438, 161, 283
1439, 90, 543
1440, 103, 510
1441, 485, 865
1442, 519, 847
1443, 407, 644
1444, 358, 537
1445, 365, 582
1446, 525, 610
1447, 294, 571
1448, 652, 815
1449, 296, 920
1450, 854, 949
1451, 578, 814
1452, 188, 697
1453, 122, 626
1454, 337, 682
1455, 172, 561
1456, 218, 229
1457, 187, 526
1458, 548, 690
1459, 130, 288
1460, 124, 896
1461, 149, 327
1462, 777, 880
1463, 178, 888
1464, 837, 974
1465, 581, 852
1466, 833, 915
1467, 410, 878
1468, 383, 520
1469, 734, 982
1470, 239, 336
1471, 343, 675
1472, 110, 871
1473, 334, 742
1474, 590, 960
1475, 523, 701
1476, 213, 320
1477, 117, 911
1478, 710, 882
1479, 201, 547
1480, 77, 595
1481, 45, 76
1482, 301, 388
1483, 83, 839
1484, 324, 480
1485, 455, 577
1486, 119, 209
1487, 479, 962
1488, 518, 721
1489, 549, 843
1490, 371, 641
1491, 593, 680
1492, 489, 822
1493, 559, 824
1494, 123, 289
1495, 93, 242
1496, 240, 265
1497, 107, 991
1498, 297, 957
1499, 729, 959
1500, 10, 659
1501, 156, 397
1502, 117, 217
1503, 260, 619
1504, 516, 834
1505, 416, 979
1506, 103, 331
1507, 180, 856
1508, 31, 889
1509, 83, 902
1510, 30, 787
1511, 280, 408
1512, 190, 967
1513, 57, 940
1514, 713, 906
1515, 406, 896
1516, 287, 705
1517, 1, 445
1518, 322, 864
1519, 347, 556
1520, 4, 118
1521, 276, 608
1522, 589, 750
1523, 285, 496
1524, 467, 586
1525, 59, 187
1526, 182, 592
1527, 41, 151
1528, 263, 492
1529, 186, 895
1530, 793, 850
1531, 320, 413
1532, 443, 735
1533, 266, 440
1534, 53, 379
1535, 348, 924
1536, 56, 571
1537, 544, 611
1538, 297, 786
1539, 569, 841
1540, 113, 956
1541, 61, 860
1542, 8, 946
1543, 238, 465
1544, 73, 232
1545, 435, 844
1546, 522, 636
1547, 363, 602
1548, 545, 645
1549, 756, 942
1550, 176, 196
1551, 360, 500
1552, 727, 767
1553, 3, 886
1554, 44, 802
1555, 643, 742
1556, 962, 1000
1557, 642, 885
1558, 23, 938
1559, 552, 749
1560, 303, 878
1561, 404, 428
1562, 220, 915
1563, 580, 656
1564, 274, 323
1565, 58, 310
1566, 96, 442
1567, 7, 90
1568, 546, 948
1569, 335, 512
1570, 129, 505
1571, 574, 624
1572, 52, 506
1573, 74, 195
1574, 692, 941
1575, 595, 861
1576, 70, 959
1577, 610, 638
1578, 65, 487
1579, 321, 729
1580, 299, 930
1581, 572, 913
1582, 448, 471
1583, 203, 723
1584, 304, 954
1585, 740, 929
1586, 29, 277
1587, 106, 822
1588, 200, 731
1589, 75, 992
1590, 142, 292
1591, 258, 288
1592, 307, 964
1593, 362, 399
1594, 402, 785
1595, 689, 972
1596, 430, 939
1597, 163, 381
1598, 659, 853
1599, 11, 510
1600, 282, 474
1601, 133, 289
1602, 486, 538
1603, 28, 101
1604, 66, 125
1605, 293, 632
1606, 46, 48
1607, 95, 371
1608, 393, 754
1609, 50, 654
1610, 68, 631
1611, 94, 468
1612, 353, 997
1613, 361, 669
1614, 575, 966
1615, 354, 470
1616, 630, 780
1617, 475, 484
1618, 779, 857
1619, 255, 539
1620, 562, 882
1621, 412, 897
1622, 831, 870
1623, 194, 968
1624, 858, 914
1625, 54, 875
1626, 479, 726
1627, 119, 982
1628, 525, 881
1629, 109, 131
1630, 449, 908
1631, 100, 469
1632, 391, 872
1633, 63, 155
1634, 446, 955
1635, 707, 771
1636, 598, 807
1637, 60, 663
1638, 614, 684
1639, 734, 975
1640, 687, 788
1641, 245, 308
1642, 6, 130
1643, 249, 418
1644, 166, 355
1645, 350, 493
1646, 173, 832
1647, 192, 733
1648, 137, 365
1649, 159, 781
1650, 140, 748
1651, 170, 236
1652, 78, 701
1653, 218, 447
1654, 380, 627
1655, 168, 674
1656, 33, 993
1657, 183, 336
1658, 690, 715
1659, 262, 639
1660, 269, 699
1661, 342, 461
1662, 797, 978
1663, 104, 135
1664, 275, 719
1665, 286, 893
1666, 153, 298
1667, 164, 343
1668, 478, 652
1669, 88, 764
1670, 193, 922
1671, 40, 961
1672, 162, 702
1673, 655, 823
1674, 295, 567
1675, 768, 810
1676, 229, 845
1677, 490, 851
1678, 498, 625
1679, 313, 485
1680, 270, 958
1681, 16, 803
1682, 134, 375
1683, 382, 451
1684, 228, 524
1685, 122, 520
1686, 240, 495
1687, 410, 671
1688, 126, 223
1689, 38, 138
1690, 601, 633
1691, 32, 311
1692, 211, 824
1693, 862, 986
1694, 377, 876
1695, 89, 222
1696, 458, 724
1697, 565, 879
1698, 82, 178
1699, 305, 816
1700, 593, 900
1701, 18, 998
1702, 146, 898
1703, 883, 892
1704, 10, 80
1705, 259, 422
1706, 42, 622
1707, 387, 617
1708, 179, 847
1709, 188, 529
1710, 92, 547
1711, 55, 62
1712, 513, 990
1713, 72, 239
1714, 450, 693
1715, 69, 910
1716, 531, 541
1717, 145, 855
1718, 573, 808
1719, 206, 621
1720, 210, 765
1721, 169, 472
1722, 2, 390
1723, 325, 357
1724, 35, 884
1725, 9, 330
1726, 294, 401
1727, 507, 843
1728, 235, 791
1729, 191, 374
1730, 606, 753
1731, 329, 828
1732, 224, 345
1733, 476, 491
1734, 233, 296
1735, 216, 620
1736, 581, 626
1737, 231, 504
1738, 905, 985
1739, 398, 550
1740, 214, 384
1741, 561, 774
1742, 392, 577
1743, 47, 502
1744, 127, 887
1745, 317, 917
1746, 587, 680
1747, 43, 369
1748, 677, 837
1749, 207, 995
1750, 351, 944
1751, 67, 555
1752, 640, 813
1753, 511, 519
1754, 268, 400
1755, 530, 668
1756, 201, 899
1757, 306, 963
1758, 114, 326
1759, 629, 718
1760, 202, 283
1761, 653, 871
1762, 314, 466
1763, 221, 637
1764, 84, 743
1765, 132, 309
1766, 34, 835
1767, 386, 874
1768, 738, 760
1769, 464, 801
1770, 683, 950
1771, 165, 284
1772, 453, 570
1773, 433, 947
1774, 128, 312
1775, 244, 613
1776, 136, 607
1777, 246, 999
1778, 333, 483
1779, 563, 578
1780, 219, 817
1781, 139, 480
1782, 482, 730
1783, 226, 712
1784, 199, 662
1785, 559, 745
1786, 551, 649
1787, 116, 994
1788, 147, 795
1789, 86, 673
1790, 441, 903
1791, 585, 658
1792, 481, 557
1793, 230, 281
1794, 185, 243
1795, 709, 739
1796, 71, 694
1797, 778, 932
1798, 695, 704
1799, 124, 866
1800, 647, 736
1801, 93, 594
1802, 91, 396
1803, 679, 880
1804, 45, 540
1805, 144, 356
1806, 339, 364
1807, 419, 599
1808, 457, 698
1809, 421, 670
1810, 389, 936
1811, 494, 826
1812, 105, 344
1813, 22, 352
1814, 174, 949
1815, 21, 700
1816, 24, 776
1817, 87, 388
1818, 609, 721
1819, 431, 508
1820, 112, 796
1821, 215, 755
1822, 102, 527
1823, 177, 685
1824, 564, 912
1825, 20, 81
1826, 407, 667
1827, 110, 969
1828, 19, 459
1829, 838, 996
1830, 681, 965
1831, 150, 385
1832, 120, 349
1833, 425, 432
1834, 36, 865
1835, 15, 691
1836, 39, 651
1837, 302, 675
1838, 849, 983
1839, 213, 300
1840, 189, 373
1841, 848, 988
1842, 696, 836
1843, 115, 809
1844, 319, 532
1845, 250, 751
1846, 279, 688
1847, 799, 920
1848, 79, 273
1849, 827, 970
1850, 566, 974
1851, 603, 916
1852, 426, 798
1853, 51, 821
1854, 27, 676
1855, 14, 646
1856, 549, 635
1857, 427, 716
1858, 588, 784
1859, 160, 818
1860, 523, 661
1861, 225, 762
1862, 247, 921
1863, 417, 829
1864, 372, 720
1865, 257, 454
1866, 76, 682
1867, 383, 394
1868, 665, 757
1869, 252, 839
1870, 514, 869
1871, 758, 811
1872, 424, 686
1873, 752, 868
1874, 111, 338
1875, 161, 533
1876, 741, 877
1877, 782, 783
1878, 367, 984
1879, 615, 648
1880, 198, 278
1881, 358, 634
1882, 526, 558
1883, 509, 953
1884, 722, 759
1885, 515, 842
1886, 703, 708
1887, 17, 945
1888, 604, 833
1889, 415, 911
1890, 148, 792
1891, 528, 657
1892, 644, 890
1893, 616, 933
1894, 420, 429
1895, 181, 227
1896, 403, 584
1897, 628, 976
1898, 37, 553
1899, 560, 814
1900, 315, 489
1901, 711, 746
1902, 158, 251
1903, 794, 919
1904, 175, 395
1905, 234, 576
1906, 12, 706
1907, 212, 455
1908, 641, 805
1909, 334, 980
1910, 618, 937
1911, 534, 678
1912, 623, 840
1913, 184, 341
1914, 926, 977
1915, 107, 460
1916, 49, 477
1917, 154, 405
1918, 340, 359
1919, 167, 918
1920, 172, 414
1921, 517, 744
1922, 761, 873
1923, 157, 378
1924, 672, 951
1925, 456, 583
1926, 108, 501
1927, 462, 888
1928, 272, 444
1929, 204, 324
1930, 256, 737
1931, 143, 804
1932, 291, 928
1933, 5, 318
1934, 728, 894
1935, 290, 612
1936, 328, 411
1937, 497, 867
1938, 666, 763
1939, 370, 596
1940, 591, 907
1941, 271, 554
1942, 26, 989
1943, 241, 766
1944, 368, 852
1945, 254, 376
1946, 846, 901
1947, 99, 927
1948, 171, 463
1949, 548, 777
1950, 957, 987
1951, 265, 488
1952, 346, 931
1953, 152, 366
1954, 248, 710
1955, 64, 769
1956, 141, 590
1957, 316, 436
1958, 267, 452
1959, 650, 773
1960, 337, 535
1961, 121, 197
1962, 13, 825
1963, 327, 518
1964, 237, 503
1965, 261, 717
1966, 579, 925
1967, 790, 812
1968, 97, 264
1969, 775, 789
1970, 660, 772
1971, 209, 891
1972, 205, 991
1973, 600, 747
1974, 806, 859
1975, 732, 904
1976, 242, 770
1977, 77, 935
1978, 123, 423
1979, 434, 537
1980, 85, 568
1981, 253, 725
1982, 521, 854
1983, 815, 981
1984, 25, 923
1985, 98, 582
1986, 664, 863
1987, 149, 909
1988, 543, 952
1989, 438, 971
1990, 437, 473
1991, 697, 820
1992, 332, 439
1993, 714, 819
1994, 943, 960
1995, 301, 542
1996, 605, 800
1997, 536, 830
1998, 409, 597
1999, 934, 973
2000, 208, 499
2001, 549, 748
2002, 179, 898
2003, 284, 759
2004, 344, 438
2005, 794, 983
2006, 482, 720
2007, 521, 852
2008, 909, 947
2009, 69, 142
2010, 719, 885
2011, 350, 408
2012, 137, 484
2013, 409, 856
2014, 435, 798
2015, 364, 807
2016, 638, 905
2017, 150, 381
2018, 226, 376
2019, 536, 726
2020, 590, 820
2021, 153, 434
2022, 92, 474
2023, 396, 955
2024, 42, 488
2025, 497, 790
2026, 612, 830
2027, 66, 261
2028, 182, 403
2029, 190, 238
2030, 789, 870
2031, 239, 629
2032, 602, 729
2033, 608, 774
2034, 103, 952
2035, 369, 944
2036, 33, 154
2037, 4, 906
2038, 132, 139
2039, 297, 980
2040, 75, 305
2041, 564, 676
2042, 292, 539
2043, 262, 302
2044, 173, 523
2045, 821, 992
2046, 8, 294
2047, 706, 735
2048, 146, 702
2049, 189, 252
2050, 160, 887
2051, 148, 764
2052, 692, 834
2053, 246, 597
2054, 333, 731
2055, 620, 669
2056, 495, 752
2057, 119, 437
2058, 143, 505
2059, 338, 640
2060, 673, 756
2061, 236, 693
2062, 63, 550
2063, 772, 918
2064, 386, 392
2065, 636, 650
2066, 218, 410
2067, 198, 577
2068, 339, 919
2069, 192, 784
2070, 70, 891
2071, 45, 684
2072, 191, 994
2073, 478, 875
2074, 269, 424
2075, 215, 632
2076, 101, 548
2077, 23, 54
2078, 6, 266
2079, 240, 293
2080, 27, 711
2081, 123, 979
2082, 37, 733
2083, 17, 812
2084, 309, 815
2085, 64, 273
2086, 442, 670
2087, 147, 251
2088, 129, 501
2089, 713, 942
2090, 202, 473
2091, 97, 695
2092, 38, 311
2093, 633, 892
2094, 60, 404
2095, 451, 988
2096, 13, 943
2097, 288, 691
2098, 122, 237
2099, 318, 912
2100, 365, 649
2101, 320, 594
2102, 390, 902
2103, 326, 797
2104, 624, 953
2105, 828, 861
2106, 525, 647
2107, 171, 580
2108, 196, 509
2109, 420, 837
2110, 319, 814
2111, 65, 681
2112, 349, 439
2113, 399, 863
2114, 586, 796
2115, 686, 705
2116, 249, 723
2117, 667, 757
2118, 85, 222
2119, 81, 257
2120, 882, 931
2121, 250, 976
2122, 43, 904
2123, 194, 948
2124, 306, 771
2125, 187, 407
2126, 77, 641
2127, 431, 753
2128, 183, 578
2129, 290, 522
2130, 117, 946
2131, 116, 506
2132, 956, 985
2133, 181, 728
2134, 86, 859
2135, 195, 517
2136, 460, 736
2137, 551, 858
2138, 510, 581
2139, 41, 125
2140, 400, 963
2141, 468, 840
2142, 356, 610
2143, 126, 449
2144, 220, 781
2145, 389, 674
2146, 445, 742
2147, 360, 782
2148, 228, 780
2149, 53, 616
2150, 105, 962
2151, 395, 556
2152, 76, 623
2153, 366, 489
2154, 256, 880
2155, 120, 412
2156, 601, 850
2157, 106, 316
2158, 172, 773
2159, 138, 368
2160, 9, 862
2161, 352, 642
2162, 15, 281
2163, 285, 694
2164, 332, 436
2165, 152, 452
2166, 130, 716
2167, 363, 928
2168, 56, 675
2169, 2, 330
2170, 104, 970
2171, 68, 169
2172, 234, 502
2173, 25, 193
2174, 628, 922
2175, 135, 446
2176, 406, 769
2177, 155, 823
2178, 467, 572
2179, 357, 989
2180, 57, 844
2181, 10, 165
2182, 867, 973
2183, 107, 685
2184, 877, 883
2185, 267, 432
2186, 168, 661
2187, 454, 678
2188, 289, 563
2189, 871, 964
2190, 265, 483
2191, 159, 926
2192, 843, 846
2193, 653, 677
2194, 141, 648
2195, 889, 975
2196, 301, 545
2197, 96, 277
2198, 22, 876
2199, 242, 826
2200, 351, 696
2201, 24, 714
2202, 485, 740
2203, 230, 683
2204, 52, 596
2205, 708, 809
2206, 512, 950
2207, 456, 479
2208, 213, 532
2209, 144, 542
2210, 275, 984
2211, 777, 778
2212, 260, 524
2213, 83, 600
2214, 110, 935
2215, 98, 637
2216, 385, 990
2217, 18, 140
2218, 461, 907
2219, 490, 974
2220, 197, 377
2221, 428, 441
2222, 248, 296
2223, 656, 951
2224, 343, 462
2225, 370, 414
2226, 494, 745
2227, 127, 481
2228, 717, 811
2229, 47, 604
2230, 136, 651
2231, 383, 565
2232, 188, 227
2233, 354, 987
2234, 520, 722
2235, 440, 560
2236, 492, 793
2237, 308, 367
2238, 186, 668
2239, 698, 743
2240, 583, 725
2241, 39, 496
2242, 585, 949
2243, 803, 890
2244, 145, 654
2245, 762, 896
2246, 108, 546
2247, 554, 995
2248, 219, 849
2249, 124, 458
2250, 244, 245
2251, 379, 516
2252, 416, 480
2253, 278, 543
2254, 744, 967
2255, 519, 701
2256, 133, 860
2257, 855, 961
2258, 417, 507
2259, 486, 561
2260, 527, 751
2261, 46, 429
2262, 282, 413
2263, 49, 328
2264, 818, 957
2265, 427, 937
2266, 448, 644
2267, 286, 337
2268, 134, 199
2269, 36, 932
2270, 775, 894
2271, 1, 115
2272, 210, 792
2273, 40, 207
2274, 664, 940
2275, 453, 476
2276, 829, 835
2277, 291, 996
2278, 911, 945
2279, 378, 799
2280, 118, 847
2281, 174, 813
2282, 279, 732
2283, 204, 810
2284, 272, 611
2285, 217, 393
2286, 205, 680
2287, 214, 958
2288, 229, 965
2289, 335, 362
2290, 11, 573
2291, 361, 613
2292, 7, 180
2293, 555, 853
2294, 167, 254
2295, 111, 475
2296, 314, 934
2297, 839, 916
2298, 770, 971
2299, 35, 724
2300, 121, 614
2301, 241, 659
2302, 313, 609
2303, 607, 886
2304, 55, 487
2305, 276, 755
2306, 51, 466
2307, 232, 477
2308, 342, 595
2309, 157, 295
2310, 776, 910
2311, 61, 315
2312, 660, 874
2313, 355, 749
2314, 819, 866
2315, 569, 619
2316, 299, 739
2317, 102, 156
2318, 177, 203
2319, 450, 991
2320, 531, 831
2321, 235, 418
2322, 533, 672
2323, 779, 836
2324, 709, 785
2325, 164, 253
2326, 223, 924
2327, 82, 84
2328, 19, 58
2329, 79, 391
2330, 298, 470
2331, 268, 606
2332, 274, 671
2333, 579, 848
2334, 323, 936
2335, 28, 972
2336, 208, 547
2337, 511, 817
2338, 625, 800
2339, 336, 552
2340, 329, 841
2341, 663, 982
2342, 630, 939
2343, 666, 687
2344, 469, 960
2345, 270, 576
2346, 499, 786
2347, 529, 746
2348, 340, 645
2349, 26, 528
2350, 465, 816
2351, 682, 872
2352, 247, 734
2353, 264, 914
2354, 93, 704
2355, 158, 662
2356, 255, 750
2357, 91, 599
2358, 387, 941
2359, 21, 808
2360, 5, 224
2361, 73, 700
2362, 707, 761
2363, 622, 977
2364, 112, 185
2365, 225, 899
2366, 20, 538
2367, 491, 688
2368, 3, 787
2369, 62, 221
2370, 359, 444
2371, 833, 993
2372, 374, 534
2373, 334, 921
2374, 31, 322
2375, 78, 419
2376, 754, 897
2377, 151, 283
2378, 259, 869
2379, 372, 388
2380, 741, 978
2381, 161, 908
2382, 345, 605
2383, 737, 865
2384, 347, 566
2385, 425, 544
2386, 163, 421
2387, 718, 881
2388, 109, 537
2389, 459, 568
2390, 443, 827
2391, 12, 29
2392, 888, 923
2393, 760, 768
2394, 50, 657
2395, 71, 184
2396, 557, 851
2397, 415, 857
2398, 263, 766
2399, 14, 615
2400, 216, 280
2401, 44, 966
2402, 67, 646
2403, 457, 498
2404, 200, 553
2405, 575, 999
2406, 401, 588
2407, 176, 968
2408, 380, 981
2409, 371, 508
2410, 727, 929
2411, 540, 767
2412, 201, 325
2413, 324, 423
2414, 341, 353
2415, 166, 397
2416, 574, 747
2417, 211, 471
2418, 162, 969
2419, 430, 541
2420, 87, 212
2421, 34, 854
2422, 635, 758
2423, 806, 1000
2424, 584, 927
2425, 627, 917
2426, 631, 697
2427, 312, 346
2428, 175, 243
2429, 652, 920
2430, 271, 783
2431, 287, 703
2432, 515, 930
2433, 358, 493
2434, 626, 658
2435, 422, 938
2436, 131, 233
2437, 535, 730
2438, 72, 398
2439, 598, 879
2440, 88, 178
2441, 621, 900
2442, 464, 933
2443, 375, 643
2444, 331, 699
2445, 587, 901
2446, 89, 903
2447, 689, 832
2448, 114, 913
2449, 710, 765
2450, 411, 805
2451, 206, 617
2452, 100, 925
2453, 582, 842
2454, 893, 997
2455, 455, 986
2456, 348, 472
2457, 795, 802
2458, 864, 868
2459, 307, 690
2460, 426, 998
2461, 394, 634
2462, 721, 801
2463, 48, 300
2464, 59, 170
2465, 99, 128
2466, 503, 513
2467, 258, 570
2468, 95, 303
2469, 16, 231
2470, 32, 562
2471, 113, 873
2472, 571, 655
2473, 665, 679
2474, 514, 954
2475, 304, 715
2476, 433, 845
2477, 74, 558
2478, 447, 788
2479, 373, 822
2480, 592, 791
2481, 149, 884
2482, 639, 915
2483, 504, 603
2484, 712, 895
2485, 567, 589
2486, 530, 824
2487, 402, 463
2488, 327, 526
2489, 94, 500
2490, 90, 405
2491, 559, 618
2492, 838, 878
2493, 317, 738
2494, 518, 593
2495, 804, 959
2496, 30, 209
2497, 591, 763
2498, 310, 384
2499, 80, 825
2500, 321, 382
2501, 494, 602
2502, 164, 449
2503, 530, 684
2504, 270, 665
2505, 208, 836
2506, 107, 290
2507, 220, 246
2508, 378, 758
2509, 586, 813
2510, 284, 893
2511, 65, 204
2512, 686, 963
2513, 183, 317
2514, 689, 773
2515, 623, 939
2516, 119, 340
2517, 71, 598
2518, 128, 352
2519, 1, 500
2520, 191, 990
2521, 269, 460
2522, 343, 495
2523, 131, 616
2524, 153, 523
2525, 82, 768
2526, 330, 396
2527, 681, 843
2528, 304, 974
2529, 126, 356
2530, 155, 200
2531, 778, 874
2532, 846, 924
2533, 393, 753
2534, 192, 574
2535, 165, 275
2536, 341, 643
2537, 432, 929
2538, 296, 480
2539, 734, 897
2540, 760, 969
2541, 361, 592
2542, 95, 986
2543, 810, 930
2544, 193, 823
2545, 134, 720
2546, 306, 457
2547, 281, 902
2548, 94, 209
2549, 358, 624
2550, 101, 614
2551, 39, 481
2552, 444, 751
2553, 26, 380
2554, 537, 945
2555, 529, 968
2556, 264, 717
2557, 212, 286
2558, 410, 788
2559, 136, 722
2560, 185, 797
2561, 408, 755
2562, 113, 237
2563, 436, 779
2564, 443, 979
2565, 106, 279
2566, 354, 549
2567, 61, 233
2568, 205, 970
2569, 100, 972
2570, 154, 242
2571, 89, 869
2572, 453, 883
2573, 70, 350
2574, 670, 925
2575, 321, 429
2576, 716, 920
2577, 230, 730
2578, 8, 468
2579, 591, 651
2580, 157, 880
2581, 470, 851
2582, 90, 674
2583, 542, 896
2584, 493, 528
2585, 609, 762
2586, 300, 947
2587, 678, 709
2588, 223, 669
2589, 806, 884
2590, 232, 431
2591, 376, 783
2592, 263, 932
2593, 133, 803
2594, 652, 761
2595, 149, 226
2596, 332, 383
2597, 91, 934
2598, 632, 847
2599, 825, 971
2600, 55, 629
2601, 67, 842
2602, 29, 568
2603, 73, 926
2604, 201, 997
2605, 881, 937
2606, 214, 917
2607, 57, 675
2608, 535, 655
2609, 725, 950
2610, 472, 894
2611, 326, 424
2612, 13, 373
2613, 487, 694
2614, 384, 552
2615, 355, 944
2616, 76, 856
2617, 657, 785
2618, 287, 891
2619, 370, 547
2620, 491, 658
2621, 318, 732
2622, 438, 983
2623, 349, 772
2624, 182, 958
2625, 738, 769
2626, 754, 995
2627, 818, 865
2628, 213, 824
2629, 54, 488
2630, 313, 905
2631, 166, 649
2632, 454, 786
2633, 329, 430
2634, 469, 531
2635, 789, 830
2636, 50, 911
2637, 315, 809
2638, 2, 571
2639, 390, 984
2640, 334, 445
2641, 546, 782
2642, 735, 927
2643, 534, 622
2644, 696, 980
2645, 739, 873
2646, 935, 975
2647, 250, 580
2648, 519, 635
2649, 49, 808
2650, 14, 819
2651, 96, 499
2652, 397, 685
2653, 120, 533
2654, 331, 804
2655, 604, 890
2656, 265, 862
2657, 32, 320
2658, 210, 654
2659, 236, 435
2660, 822, 906
2661, 37, 347
2662, 108, 333
2663, 521, 742
2664, 180, 541
2665, 367, 711
2666, 382, 936
2667, 353, 576
2668, 447, 599
2669, 503, 704
2670, 30, 828
2671, 667, 977
2672, 241, 288
2673, 187, 740
2674, 421, 605
2675, 109, 388
2676, 311, 524
2677, 43, 921
2678, 235, 640
2679, 871, 978
2680, 72, 863
2681, 400, 525
2682, 25, 35
2683, 34, 691
2684, 303, 569
2685, 78, 698
2686, 298, 668
2687, 513, 664
2688, 56, 240
2689, 960, 996
2690, 224, 395
2691, 45, 838
2692, 613, 853
2693, 158, 721
2694, 62, 690
2695, 570, 749
2696, 218, 946
2697, 198, 868
2698, 414, 483
2699, 18, 608
2700, 261, 496
2701, 612, 727
2702, 631, 817
2703, 471, 827
2704, 458, 636
2705, 316, 726
2706, 401, 501
2707, 116, 766
2708, 411, 475
2709, 217, 736
2710, 81, 816
2711, 124, 812
2712, 104, 770
2713, 117, 589
2714, 662, 956
2715, 422, 831
2716, 625, 792
2717, 68, 644
2718, 342, 801
2719, 673, 915
2720, 375, 572
2721, 439, 993
2722, 413, 442
2723, 280, 407
2724, 173, 554
2725, 47, 594
2726, 627, 763
2727, 87, 556
2728, 22, 861
2729, 10, 940
2730, 112, 794
2731, 504, 699
2732, 374, 697
2733, 60, 371
2734, 132, 379
2735, 452, 628
2736, 171, 756
2737, 310, 793
2738, 167, 787
2739, 52, 540
2740, 433, 811
2741, 23, 682
2742, 243, 888
2743, 606, 910
2744, 688, 759
2745, 123, 364
2746, 335, 590
2747, 323, 908
2748, 179, 305
2749, 178, 833
2750, 258, 850
2751, 151, 536
2752, 69, 74
2753, 477, 693
2754, 478, 719
2755, 283, 392
2756, 121, 849
2757, 312, 653
2758, 248, 558
2759, 745, 777
2760, 634, 826
2761, 276, 988
2762, 441, 446
2763, 40, 426
2764, 7, 450
2765, 672, 687
2766, 244, 912
2767, 852, 951
2768, 225, 991
2769, 702, 973
2770, 66, 507
2771, 44, 743
2772, 216, 451
2773, 142, 858
2774, 83, 144
2775, 339, 967
2776, 199, 419
2777, 324, 731
2778, 723, 841
2779, 680, 701
2780, 262, 583
2781, 118, 344
2782, 282, 607
2783, 196, 820
2784, 75, 798
2785, 174, 514
2786, 163, 249
2787, 559, 982
2788, 115, 372
2789, 427, 752
2790, 462, 578
2791, 337, 360
2792, 137, 176
2793, 194, 706
2794, 203, 814
2795, 64, 774
2796, 92, 784
2797, 648, 771
2798, 11, 962
2799, 85, 423
2800, 866, 923
2801, 455, 872
2802, 394, 744
2803, 630, 948
2804, 425, 707
2805, 695, 710
2806, 46, 512
2807, 197, 933
2808, 482, 981
2809, 474, 539
2810, 362, 714
2811, 138, 405
2812, 36, 509
2813, 409, 437
2814, 28, 168
2815, 543, 679
2816, 565, 875
2817, 619, 705
2818, 122, 733
2819, 145, 943
2820, 767, 959
2821, 143, 420
2822, 188, 345
2823, 638, 877
2824, 17, 998
2825, 561, 799
2826, 520, 855
2827, 58, 914
2828, 251, 295
2829, 506, 641
2830, 780, 964
2831, 161, 596
2832, 229, 781
2833, 211, 476
2834, 255, 593
2835, 238, 325
2836, 51, 621
2837, 38, 245
2838, 566, 791
2839, 148, 953
2840, 907, 949
2841, 386, 899
2842, 399, 765
2843, 77, 582
2844, 459, 463
2845, 125, 319
2846, 9, 466
2847, 86, 175
2848, 381, 526
2849, 600, 750
2850, 322, 567
2851, 416, 585
2852, 336, 985
2853, 48, 219
2854, 359, 389
2855, 253, 909
2856, 464, 741
2857, 152, 633
2858, 79, 857
2859, 363, 845
2860, 928, 957
2861, 80, 882
2862, 239, 560
2863, 573, 829
2864, 181, 366
2865, 302, 747
2866, 515, 802
2867, 292, 448
2868, 222, 703
2869, 267, 563
2870, 159, 412
2871, 473, 663
2872, 545, 650
2873, 98, 548
2874, 357, 835
2875, 522, 666
2876, 278, 484
2877, 368, 403
2878, 172, 266
2879, 595, 989
2880, 510, 999
2881, 581, 954
2882, 88, 338
2883, 832, 898
2884, 114, 790
2885, 111, 365
2886, 3, 234
2887, 369, 415
2888, 268, 406
2889, 387, 404
2890, 231, 391
2891, 746, 834
2892, 156, 247
2893, 256, 676
2894, 551, 864
2895, 307, 876
2896, 271, 775
2897, 59, 328
2898, 252, 728
2899, 377, 913
2900, 277, 577
2901, 19, 718
2902, 418, 508
2903, 700, 748
2904, 776, 839
2905, 146, 490
2906, 53, 434
2907, 207, 659
2908, 428, 642
2909, 63, 901
2910, 757, 900
2911, 97, 708
2912, 489, 955
2913, 177, 527
2914, 308, 516
2915, 93, 712
2916, 33, 671
2917, 102, 584
2918, 186, 867
2919, 215, 228
2920, 227, 486
2921, 553, 611
2922, 417, 518
2923, 919, 1000
2924, 456, 922
2925, 27, 610
2926, 398, 904
2927, 764, 892
2928, 139, 206
2929, 103, 844
2930, 141, 859
2931, 260, 297
2932, 285, 737
2933, 31, 796
2934, 16, 961
2935, 601, 713
2936, 938, 966
2937, 6, 724
2938, 169, 692
2939, 184, 346
2940, 99, 505
2941, 492, 579
2942, 729, 942
2943, 497, 637
2944, 639, 870
2945, 135, 498
2946, 479, 821
2947, 351, 976
2948, 385, 886
2949, 544, 557
2950, 259, 931
2951, 140, 564
2952, 189, 272
2953, 618, 683
2954, 647, 815
2955, 41, 273
2956, 677, 860
2957, 20, 715
2958, 5, 257
2959, 12, 575
2960, 127, 555
2961, 293, 795
2962, 309, 562
2963, 588, 879
2964, 254, 314
2965, 615, 656
2966, 511, 538
2967, 587, 903
2968, 299, 965
2969, 221, 301
2970, 195, 854
2971, 160, 597
2972, 130, 895
2973, 461, 661
2974, 21, 626
2975, 170, 840
2976, 24, 150
2977, 129, 918
2978, 532, 807
2979, 440, 994
2980, 291, 646
2981, 84, 348
2982, 800, 916
2983, 274, 837
2984, 4, 465
2985, 620, 992
2986, 202, 289
2987, 502, 941
2988, 42, 952
2989, 805, 885
2990, 485, 517
2991, 15, 467
2992, 190, 294
2993, 110, 848
2994, 147, 603
2995, 327, 617
2996, 162, 887
2997, 105, 660
2998, 878, 987
2999, 402, 889
3000, 550, 645
3001, 370, 786
3002, 112, 344
3003, 45, 135
3004, 217, 849
3005, 22, 229
3006, 111, 841
3007, 395, 975
3008, 209, 468
3009, 488, 637
3010, 206, 581
3011, 52, 483
3012, 160, 795
3013, 506, 719
3014, 8, 341
3015, 675, 693
3016, 7, 120
3017, 267, 808
3018, 302, 896
3019, 235, 553
3020, 196, 580
3021, 304, 992
3022, 993, 999
3023, 242, 572
3024, 198, 705
3025, 288, 430
3026, 109, 149
3027, 167, 171
3028, 19, 743
3029, 421, 834
3030, 417, 764
3031, 469, 788
3032, 35, 233
3033, 113, 632
3034, 11, 363
3035, 320, 600
3036, 709, 840
3037, 195, 433
3038, 254, 650
3039, 241, 541
3040, 345, 768
3041, 658, 744
3042, 493, 952
3043, 276, 965
3044, 414, 595
3045, 240, 823
3046, 537, 625
3047, 573, 757
3048, 707, 738
3049, 618, 766
3050, 146, 629
3051, 356, 947
3052, 263, 915
3053, 321, 617
3054, 357, 867
3055, 471, 777
3056, 318, 665
3057, 756, 829
3058, 31, 893
3059, 3, 889
3060, 774, 976
3061, 15, 129
3062, 53, 676
3063, 59, 633
3064, 48, 943
3065, 213, 794
3066, 51, 388
3067, 333, 749
3068, 116, 271
3069, 279, 547
3070, 503, 645
3071, 720, 921
3072, 32, 144
3073, 773, 982
3074, 616, 737
3075, 571, 736
3076, 28, 178
3077, 121, 771
3078, 87, 105
3079, 158, 917
3080, 585, 673
3081, 381, 415
3082, 588, 830
3083, 292, 839
3084, 72, 193
3085, 440, 825
3086, 99, 962
3087, 597, 847
3088, 275, 670
3089, 176, 569
3090, 4, 424
3091, 466, 897
3092, 476, 781
3093, 391, 746
3094, 243, 854
3095, 712, 931
3096, 383, 811
3097, 327, 890
3098, 899, 986
3099, 519, 911
3100, 878, 973
3101, 55, 725
3102, 536, 826
3103, 42, 831
3104, 36, 489
3105, 134, 988
3106, 510, 716
3107, 609, 672
3108, 295, 793
3109, 57, 702
3110, 268, 837
3111, 245, 412
3112, 62, 844
3113, 589, 699
3114, 533, 835
3115, 784, 901
3116, 106, 426
3117, 281, 963
3118, 394, 822
3119, 593, 851
3120, 290, 389
3121, 879, 908
3122, 76, 80
3123, 695, 913
3124, 474, 858
3125, 212, 460
3126, 714, 936
3127, 513, 560
3128, 156, 387
3129, 731, 933
3130, 325, 552
3131, 418, 610
3132, 89, 974
3133, 255, 630
3134, 592, 906
3135, 103, 179
3136, 495, 543
3137, 274, 855
3138, 462, 558
3139, 599, 877
3140, 96, 813
3141, 300, 514
3142, 143, 666
3143, 169, 443
3144, 715, 888
3145, 579, 995
3146, 494, 912
3147, 102, 886
3148, 165, 463
3149, 131, 449
3150, 284, 721
3151, 548, 729
3152, 500, 544
3153, 319, 457
3154, 184, 852
3155, 785, 815
3156, 264, 385
3157, 93, 622
3158, 56, 142
3159, 249, 853
3160, 310, 508
3161, 285, 678
3162, 150, 392
3163, 25, 686
3164, 244, 360
3165, 199, 680
3166, 47, 258
3167, 147, 559
3168, 857, 980
3169, 286, 932
3170, 783, 920
3171, 358, 798
3172, 429, 570
3173, 2, 905
3174, 657, 741
3175, 355, 929
3176, 224, 833
3177, 499, 944
3178, 95, 411
3179, 856, 869
3180, 324, 615
3181, 485, 582
3182, 65, 502
3183, 26, 173
3184, 531, 884
3185, 115, 668
3186, 293, 937
3187, 564, 753
3188, 317, 966
3189, 524, 760
3190, 239, 578
3191, 334, 819
3192, 824, 935
3193, 88, 838
3194, 828, 927
3195, 208, 525
3196, 9, 628
3197, 272, 881
3198, 470, 691
3199, 565, 909
3200, 44, 713
3201, 346, 549
3202, 397, 538
3203, 180, 790
3204, 186, 223
3205, 641, 939
3206, 10, 701
3207, 523, 799
3208, 467, 801
3209, 478, 971
3210, 631, 938
3211, 501, 526
3212, 75, 546
3213, 517, 863
3214, 428, 490
3215, 220, 446
3216, 154, 955
3217, 567, 902
3218, 182, 748
3219, 61, 189
3220, 305, 399
3221, 620, 704
3222, 68, 338
3223, 202, 661
3224, 518, 594
3225, 329, 555
3226, 231, 351
3227, 133, 148
3228, 444, 727
3229, 684, 948
3230, 278, 566
3231, 187, 895
3232, 70, 477
3233, 583, 627
3234, 332, 458
3235, 163, 562
3236, 516, 983
3237, 153, 416
3238, 92, 108
3239, 117, 870
3240, 742, 941
3241, 769, 900
3242, 528, 612
3243, 130, 882
3244, 377, 792
3245, 29, 139
3246, 942, 997
3247, 83, 362
3248, 200, 379
3249, 814, 964
3250, 687, 979
3251, 653, 710
3252, 770, 984
3253, 728, 864
3254, 161, 192
3255, 648, 796
3256, 63, 257
3257, 298, 998
3258, 94, 946
3259, 172, 953
3260, 225, 692
3261, 386, 804
3262, 419, 821
3263, 312, 859
3264, 39, 945
3265, 315, 688
3266, 197, 289
3267, 101, 554
3268, 191, 539
3269, 623, 647
3270, 155, 664
3271, 247, 378
3272, 34, 606
3273, 138, 758
3274, 718, 843
3275, 230, 396
3276, 124, 925
3277, 722, 789
3278, 49, 390
3279, 473, 635
3280, 532, 614
3281, 194, 393
3282, 18, 204
3283, 450, 914
3284, 91, 365
3285, 816, 883
3286, 137, 659
3287, 41, 868
3288, 679, 926
3289, 145, 447
3290, 437, 602
3291, 479, 845
3292, 190, 898
3293, 403, 991
3294, 425, 967
3295, 330, 677
3296, 335, 711
3297, 832, 848
3298, 219, 527
3299, 876, 958
3300, 406, 431
3301, 371, 934
3302, 454, 923
3303, 73, 422
3304, 497, 694
3305, 207, 703
3306, 266, 591
3307, 81, 561
3308, 140, 164
3309, 309, 739
3310, 598, 970
3311, 307, 441
3312, 100, 303
3313, 545, 638
3314, 98, 700
3315, 574, 860
3316, 183, 498
3317, 30, 465
3318, 246, 269
3319, 557, 639
3320, 287, 734
3321, 626, 735
3322, 690, 846
3323, 43, 535
3324, 227, 981
3325, 432, 810
3326, 82, 775
3327, 491, 662
3328, 157, 482
3329, 33, 951
3330, 136, 706
3331, 282, 507
3332, 128, 780
3333, 636, 894
3334, 423, 481
3335, 337, 350
3336, 384, 453
3337, 723, 940
3338, 126, 697
3339, 311, 373
3340, 556, 802
3341, 210, 685
3342, 372, 954
3343, 812, 918
3344, 436, 480
3345, 211, 957
3346, 683, 956
3347, 20, 646
3348, 755, 797
3349, 461, 842
3350, 12, 619
3351, 273, 445
3352, 24, 270
3353, 522, 910
3354, 90, 215
3355, 656, 752
3356, 568, 681
3357, 1, 509
3358, 260, 486
3359, 487, 763
3360, 119, 762
3361, 152, 872
3362, 313, 652
3363, 21, 237
3364, 40, 359
3365, 251, 253
3366, 54, 380
3367, 451, 587
3368, 301, 368
3369, 151, 892
3370, 442, 654
3371, 250, 452
3372, 455, 586
3373, 97, 807
3374, 236, 696
3375, 434, 916
3376, 340, 367
3377, 118, 353
3378, 408, 613
3379, 398, 772
3380, 328, 407
3381, 343, 375
3382, 361, 374
3383, 58, 504
3384, 123, 348
3385, 162, 861
3386, 924, 996
3387, 306, 778
3388, 717, 809
3389, 252, 1000
3390, 66, 949
3391, 296, 880
3392, 74, 907
3393, 484, 751
3394, 104, 634
3395, 283, 456
3396, 326, 865
3397, 232, 904
3398, 294, 331
3399, 174, 492
3400, 369, 530
3401, 922, 959
3402, 27, 402
3403, 259, 671
3404, 297, 874
3405, 817, 930
3406, 37, 584
3407, 203, 413
3408, 405, 448
3409, 596, 928
3410, 376, 475
3411, 464, 642
3412, 427, 950
3413, 218, 800
3414, 400, 529
3415, 71, 110
3416, 125, 216
3417, 651, 732
3418, 5, 38
3419, 234, 674
3420, 401, 575
3421, 205, 496
3422, 420, 511
3423, 708, 972
3424, 50, 166
3425, 23, 69
3426, 248, 438
3427, 409, 649
3428, 410, 754
3429, 604, 787
3430, 349, 866
3431, 168, 862
3432, 354, 875
3433, 521, 542
3434, 175, 887
3435, 221, 871
3436, 291, 577
3437, 64, 316
3438, 107, 550
3439, 640, 663
3440, 459, 776
3441, 352, 512
3442, 86, 342
3443, 750, 767
3444, 122, 404
3445, 505, 990
3446, 726, 761
3447, 724, 891
3448, 60, 643
3449, 67, 228
3450, 336, 590
3451, 551, 733
3452, 607, 919
3453, 181, 608
3454, 689, 820
3455, 226, 256
3456, 114, 730
3457, 472, 969
3458, 322, 439
3459, 188, 873
3460, 366, 759
3461, 84, 850
3462, 534, 605
3463, 132, 603
3464, 669, 960
3465, 141, 987
3466, 818, 961
3467, 314, 435
3468, 339, 994
3469, 520, 765
3470, 238, 624
3471, 14, 827
3472, 78, 277
3473, 177, 280
3474, 621, 791
3475, 682, 903
3476, 127, 698
3477, 85, 978
3478, 170, 515
3479, 222, 540
3480, 214, 747
3481, 803, 968
3482, 308, 985
3483, 611, 805
3484, 46, 740
3485, 576, 644
3486, 347, 382
3487, 13, 364
3488, 16, 745
3489, 79, 323
3490, 261, 655
3491, 977, 989
3492, 265, 836
3493, 262, 779
3494, 17, 299
3495, 806, 885
3496, 77, 185
3497, 660, 782
3498, 563, 601
3499, 6, 667
3500, 159, 201
3501, 516, 726
3502, 163, 235
3503, 451, 723
3504, 621, 825
3505, 713, 830
3506, 253, 894
3507, 212, 708
3508, 170, 671
3509, 175, 691
3510, 131, 635
3511, 307, 839
3512, 153, 338
3513, 19, 870
3514, 626, 846
3515, 50, 528
3516, 430, 826
3517, 40, 239
3518, 269, 613
3519, 203, 829
3520, 136, 690
3521, 276, 520
3522, 100, 463
3523, 246, 445
3524, 348, 791
3525, 724, 806
3526, 197, 911
3527, 577, 703
3528, 725, 919
3529, 3, 83
3530, 532, 705
3531, 85, 623
3532, 737, 928
3533, 926, 943
3534, 192, 515
3535, 179, 803
3536, 371, 509
3537, 464, 905
3538, 157, 593
3539, 583, 636
3540, 429, 793
3541, 31, 990
3542, 540, 638
3543, 75, 775
3544, 21, 979
3545, 280, 986
3546, 687, 966
3547, 438, 879
3548, 97, 601
3549, 54, 360
3550, 788, 913
3551, 285, 779
3552, 187, 552
3553, 65, 504
3554, 70, 669
3555, 151, 840
3556, 582, 658
3557, 243, 465
3558, 158, 925
3559, 412, 989
3560, 580, 697
3561, 404, 915
3562, 42, 247
3563, 219, 838
3564, 706, 780
3565, 226, 875
3566, 185, 858
3567, 228, 800
3568, 579, 600
3569, 410, 511
3570, 569, 940
3571, 323, 549
3572, 62, 233
3573, 133, 914
3574, 287, 391
3575, 855, 893
3576, 281, 768
3577, 469, 534
3578, 297, 343
3579, 142, 781
3580, 321, 441
3581, 9, 262
3582, 545, 596
3583, 389, 950
3584, 2, 248
3585, 525, 769
3586, 8, 418
3587, 283, 607
3588, 666, 899
3589, 103, 995
3590, 39, 647
3591, 407, 696
3592, 143, 717
3593, 472, 510
3594, 310, 751
3595, 873, 896
3596, 124, 394
3597, 110, 876
3598, 591, 714
3599, 155, 244
3600, 201, 901
3601, 446, 585
3602, 351, 797
3603, 437, 611
3604, 443, 496
3605, 754, 918
3606, 353, 944
3607, 342, 565
3608, 68, 355
3609, 23, 63
3610, 682, 929
3611, 156, 589
3612, 6, 730
3613, 676, 823
3614, 84, 731
3615, 275, 541
3616, 304, 305
3617, 160, 764
3618, 561, 827
3619, 1, 653
3620, 575, 719
3621, 332, 612
3622, 639, 931
3623, 397, 844
3624, 318, 704
3625, 38, 981
3626, 302, 667
3627, 260, 776
3628, 178, 924
3629, 930, 934
3630, 189, 198
3631, 261, 493
3632, 558, 842
3633, 556, 756
3634, 234, 837
3635, 4, 912
3636, 892, 939
3637, 168, 529
3638, 489, 904
3639, 94, 361
3640, 5, 16
3641, 183, 232
3642, 424, 576
3643, 492, 641
3644, 345, 375
3645, 264, 824
3646, 433, 644
3647, 434, 533
3648, 57, 680
3649, 786, 812
3650, 149, 497
3651, 99, 417
3652, 46, 252
3653, 145, 501
3654, 249, 645
3655, 113, 292
3656, 95, 121
3657, 267, 599
3658, 319, 655
3659, 93, 359
3660, 150, 856
3661, 739, 883
3662, 53, 948
3663, 637, 733
3664, 782, 818
3665, 213, 815
3666, 279, 998
3667, 245, 604
3668, 55, 218
3669, 622, 853
3670, 37, 778
3671, 11, 993
3672, 47, 684
3673, 420, 917
3674, 61, 922
3675, 415, 656
3676, 334, 983
3677, 477, 513
3678, 573, 718
3679, 91, 617
3680, 688, 888
3681, 303, 440
3682, 673, 762
3683, 364, 774
3684, 277, 356
3685, 336, 710
3686, 813, 845
3687, 251, 395
3688, 381, 972
3689, 51, 312
3690, 30, 295
3691, 383, 871
3692, 624, 994
3693, 631, 772
3694, 71, 535
3695, 665, 784
3696, 174, 884
3697, 711, 848
3698, 10, 736
3699, 452, 487
3700, 610, 755
3701, 692, 753
3702, 13, 77
3703, 366, 574
3704, 92, 380
3705, 33, 431
3706, 651, 866
3707, 207, 699
3708, 211, 421
3709, 120, 946
3710, 620, 712
3711, 111, 935
3712, 581, 752
3713, 459, 851
3714, 689, 767
3715, 299, 551
3716, 811, 889
3717, 301, 959
3718, 384, 964
3719, 660, 988
3720, 357, 388
3721, 405, 903
3722, 587, 785
3723, 66, 957
3724, 461, 757
3725, 204, 217
3726, 721, 886
3727, 476, 498
3728, 32, 544
3729, 340, 650
3730, 104, 148
3731, 60, 372
3732, 442, 923
3733, 628, 657
3734, 29, 64
3735, 154, 482
3736, 265, 500
3737, 41, 328
3738, 258, 832
3739, 331, 333
3740, 202, 484
3741, 98, 882
3742, 107, 125
3743, 255, 670
3744, 257, 439
3745, 26, 444
3746, 938, 977
3747, 423, 933
3748, 447, 828
3749, 390, 932
3750, 118, 941
3751, 422, 1000
3752, 695, 707
3753, 409, 982
3754, 182, 536
3755, 432, 663
3756, 86, 590
3757, 557, 745
3758, 836, 895
3759, 274, 821
3760, 367, 794
3761, 961, 984
3762, 114, 578
3763, 81, 102
3764, 567, 819
3765, 399, 530
3766, 14, 210
3767, 20, 991
3768, 58, 675
3769, 378, 804
3770, 646, 749
3771, 186, 868
3772, 634, 861
3773, 36, 822
3774, 317, 720
3775, 278, 506
3776, 344, 729
3777, 392, 449
3778, 43, 146
3779, 337, 702
3780, 393, 809
3781, 346, 491
3782, 799, 985
3783, 152, 572
3784, 193, 805
3785, 517, 758
3786, 747, 968
3787, 514, 693
3788, 385, 796
3789, 562, 807
3790, 817, 909
3791, 215, 426
3792, 341, 427
3793, 59, 683
3794, 406, 554
3795, 290, 473
3796, 7, 401
3797, 34, 862
3798, 49, 400
3799, 90, 147
3800, 618, 872
3801, 352, 900
3802, 144, 382
3803, 116, 741
3804, 863, 953
3805, 238, 997
3806, 164, 727
3807, 69, 241
3808, 209, 865
3809, 450, 598
3810, 127, 130
3811, 350, 411
3812, 396, 947
3813, 25, 850
3814, 101, 748
3815, 24, 408
3816, 403, 787
3817, 15, 194
3818, 363, 770
3819, 82, 523
3820, 652, 808
3821, 630, 937
3822, 320, 488
3823, 642, 677
3824, 135, 293
3825, 802, 954
3826, 436, 709
3827, 224, 798
3828, 316, 735
3829, 195, 849
3830, 161, 563
3831, 609, 615
3832, 413, 949
3833, 507, 602
3834, 419, 835
3835, 284, 891
3836, 237, 313
3837, 592, 810
3838, 852, 881
3839, 398, 457
3840, 456, 760
3841, 777, 971
3842, 548, 664
3843, 96, 789
3844, 455, 744
3845, 309, 963
3846, 416, 614
3847, 27, 494
3848, 885, 916
3849, 89, 761
3850, 270, 298
3851, 166, 952
3852, 296, 347
3853, 750, 831
3854, 140, 890
3855, 365, 453
3856, 467, 606
3857, 273, 542
3858, 547, 759
3859, 314, 595
3860, 44, 685
3861, 216, 833
3862, 67, 999
3863, 206, 272
3864, 225, 967
3865, 300, 910
3866, 199, 570
3867, 322, 648
3868, 227, 490
3869, 169, 325
3870, 254, 288
3871, 728, 746
3872, 485, 627
3873, 503, 678
3874, 177, 965
3875, 112, 887
3876, 478, 766
3877, 268, 387
3878, 105, 126
3879, 555, 700
3880, 190, 975
3881, 560, 955
3882, 184, 603
3883, 880, 962
3884, 56, 681
3885, 362, 546
3886, 354, 425
3887, 17, 951
3888, 128, 878
3889, 495, 715
3890, 108, 531
3891, 454, 974
3892, 474, 619
3893, 483, 518
3894, 115, 223
3895, 462, 907
3896, 324, 722
3897, 659, 857
3898, 52, 294
3899, 486, 958
3900, 266, 649
3901, 80, 181
3902, 141, 874
3903, 45, 48
3904, 537, 976
3905, 308, 571
3906, 358, 945
3907, 694, 814
3908, 74, 162
3909, 231, 633
3910, 502, 668
3911, 480, 847
3912, 35, 867
3913, 18, 263
3914, 471, 869
3915, 230, 527
3916, 134, 936
3917, 87, 386
3918, 773, 859
3919, 159, 402
3920, 129, 978
3921, 608, 902
3922, 188, 640
3923, 72, 499
3924, 172, 289
3925, 28, 123
3926, 369, 414
3927, 282, 543
3928, 173, 550
3929, 200, 539
3930, 221, 877
3931, 379, 686
3932, 448, 625
3933, 771, 860
3934, 236, 897
3935, 524, 820
3936, 479, 843
3937, 311, 662
3938, 205, 960
3939, 538, 908
3940, 330, 505
3941, 349, 765
3942, 568, 629
3943, 79, 588
3944, 117, 526
3945, 76, 921
3946, 783, 970
3947, 327, 906
3948, 742, 996
3949, 138, 740
3950, 139, 242
3951, 368, 801
3952, 854, 973
3953, 78, 763
3954, 428, 643
3955, 106, 816
3956, 196, 339
3957, 376, 521
3958, 306, 969
3959, 22, 661
3960, 222, 743
3961, 165, 716
3962, 329, 519
3963, 171, 271
3964, 864, 898
3965, 176, 481
3966, 109, 522
3967, 508, 594
3968, 214, 679
3969, 73, 374
3970, 370, 987
3971, 220, 291
3972, 208, 564
3973, 256, 315
3974, 377, 586
3975, 468, 672
3976, 167, 597
3977, 240, 326
3978, 259, 470
3979, 132, 701
3980, 119, 992
3981, 460, 942
3982, 250, 553
3983, 286, 475
3984, 698, 920
3985, 566, 792
3986, 435, 734
3987, 738, 956
3988, 88, 122
3989, 458, 841
3990, 229, 632
3991, 191, 927
3992, 12, 559
3993, 605, 616
3994, 512, 732
3995, 137, 584
3996, 335, 790
3997, 654, 674
3998, 373, 834
3999, 466, 795
4000, 180, 980
