id, img1, img2
1, 446, 693
2, 26, 320
3, 286, 677
4, 281, 766
5, 565, 748
6, 146, 202
7, 763, 911
8, 20, 755
9, 698, 750
10, 287, 983
11, 572, 676
12, 156, 918
13, 620, 706
14, 605, 697
15, 517, 533
16, 284, 471
17, 370, 452
18, 211, 530
19, 494, 916
20, 502, 987
21, 80, 200
22, 386, 781
23, 727, 819
24, 520, 612
25, 67, 800
26, 410, 969
27, 6, 828
28, 126, 357
29, 307, 310
30, 570, 804
31, 86, 927
32, 1, 432
33, 84, 895
34, 337, 724
35, 76, 204
36, 495, 908
37, 4, 776
38, 258, 947
39, 192, 525
40, 241, 774
41, 765, 783
42, 21, 737
43, 462, 752
44, 418, 840
45, 24, 578
46, 388, 491
47, 608, 703
48, 31, 326
49, 208, 385
50, 335, 365
51, 708, 894
52, 396, 961
53, 17, 198
54, 107, 185
55, 83, 980
56, 137, 477
57, 588, 884
58, 563, 857
59, 177, 833
60, 153, 304
61, 369, 921
62, 293, 851
63, 141, 720
64, 581, 723
65, 16, 233
66, 344, 985
67, 277, 933
68, 149, 267
69, 696, 823
70, 265, 751
71, 219, 316
72, 889, 899
73, 695, 728
74, 453, 817
75, 580, 596
76, 521, 805
77, 649, 945
78, 551, 801
79, 589, 682
80, 464, 862
81, 710, 782
82, 52, 124
83, 280, 408
84, 164, 231
85, 63, 375
86, 93, 806
87, 121, 773
88, 199, 498
89, 36, 78
90, 290, 617
91, 302, 411
92, 730, 991
93, 507, 618
94, 512, 654
95, 725, 905
96, 171, 237
97, 19, 85
98, 239, 685
99, 559, 701
100, 118, 317
101, 37, 599
102, 863, 974
103, 269, 628
104, 186, 272
105, 574, 660
106, 839, 960
107, 347, 490
108, 880, 912
109, 687, 795
110, 313, 531
111, 300, 962
112, 463, 897
113, 793, 997
114, 510, 891
115, 832, 937
116, 22, 641
117, 404, 892
118, 881, 978
119, 51, 560
120, 666, 964
121, 458, 848
122, 38, 768
123, 306, 886
124, 246, 352
125, 182, 409
126, 215, 822
127, 136, 417
128, 797, 943
129, 99, 243
130, 234, 956
131, 363, 623
132, 212, 331
133, 113, 537
134, 151, 877
135, 334, 553
136, 296, 465
137, 380, 712
138, 395, 939
139, 476, 518
140, 610, 648
141, 425, 568
142, 802, 955
143, 10, 322
144, 148, 595
145, 540, 952
146, 263, 353
147, 393, 650
148, 746, 981
149, 190, 604
150, 686, 809
151, 489, 815
152, 96, 798
153, 942, 957
154, 392, 606
155, 420, 790
156, 11, 630
157, 49, 579
158, 229, 350
159, 655, 966
160, 276, 339
161, 591, 913
162, 549, 875
163, 398, 509
164, 351, 445
165, 450, 882
166, 32, 139
167, 364, 738
168, 821, 988
169, 117, 301
170, 275, 338
171, 523, 917
172, 48, 305
173, 636, 709
174, 5, 713
175, 143, 226
176, 830, 948
177, 429, 807
178, 459, 829
179, 400, 924
180, 336, 524
181, 132, 575
182, 762, 982
183, 33, 678
184, 500, 864
185, 14, 732
186, 207, 646
187, 461, 984
188, 273, 977
189, 92, 689
190, 35, 652
191, 223, 274
192, 603, 842
193, 50, 105
194, 749, 926
195, 619, 845
196, 403, 567
197, 217, 470
198, 416, 544
199, 68, 97
200, 858, 868
201, 34, 421
202, 376, 923
203, 566, 975
204, 664, 861
205, 150, 836
206, 174, 722
207, 407, 552
208, 111, 639
209, 784, 820
210, 61, 855
211, 221, 929
212, 64, 91
213, 390, 615
214, 79, 554
215, 74, 481
216, 90, 876
217, 71, 127
218, 129, 779
219, 438, 448
220, 179, 920
221, 59, 546
222, 104, 638
223, 504, 872
224, 162, 903
225, 333, 772
226, 216, 571
227, 423, 786
228, 60, 998
229, 55, 846
230, 18, 651
231, 327, 480
232, 482, 718
233, 181, 914
234, 497, 726
235, 315, 907
236, 329, 944
237, 73, 373
238, 675, 940
239, 123, 262
240, 496, 534
241, 308, 791
242, 488, 590
243, 214, 930
244, 672, 827
245, 25, 900
246, 382, 925
247, 564, 834
248, 257, 377
249, 135, 228
250, 119, 893
251, 289, 499
252, 541, 721
253, 103, 665
254, 122, 733
255, 82, 468
256, 222, 487
257, 89, 332
258, 167, 238
259, 23, 753
260, 114, 825
261, 794, 922
262, 519, 522
263, 679, 735
264, 415, 865
265, 9, 125
266, 629, 906
267, 359, 707
268, 391, 419
269, 12, 816
270, 142, 427
271, 98, 341
272, 467, 837
273, 28, 169
274, 457, 835
275, 508, 811
276, 346, 760
277, 758, 860
278, 319, 361
279, 161, 506
280, 240, 529
281, 869, 967
282, 72, 844
283, 910, 959
284, 43, 543
285, 87, 360
286, 100, 158
287, 397, 741
288, 187, 995
289, 399, 989
290, 484, 538
291, 252, 387
292, 466, 614
293, 157, 874
294, 218, 561
295, 147, 224
296, 434, 788
297, 303, 602
298, 88, 931
299, 694, 719
300, 196, 401
301, 13, 838
302, 166, 831
303, 354, 473
304, 225, 358
305, 168, 714
306, 152, 384
307, 41, 996
308, 348, 691
309, 259, 428
310, 232, 545
311, 405, 731
312, 30, 195
313, 330, 562
314, 138, 188
315, 700, 971
316, 557, 653
317, 145, 455
318, 888, 941
319, 447, 826
320, 271, 932
321, 242, 742
322, 444, 555
323, 175, 953
324, 325, 668
325, 366, 789
326, 109, 890
327, 647, 684
328, 442, 785
329, 47, 270
330, 201, 203
331, 505, 963
332, 613, 754
333, 402, 902
334, 734, 769
335, 62, 761
336, 120, 318
337, 53, 321
338, 716, 870
339, 57, 328
340, 282, 576
341, 597, 616
342, 585, 627
343, 183, 583
344, 744, 949
345, 374, 593
346, 140, 740
347, 155, 681
348, 587, 808
349, 813, 883
350, 437, 609
351, 711, 898
352, 478, 542
353, 556, 688
354, 264, 729
355, 670, 756
356, 160, 739
357, 547, 919
358, 220, 994
359, 2, 852
360, 550, 999
361, 102, 297
362, 116, 253
363, 535, 850
364, 705, 928
365, 8, 324
366, 248, 993
367, 528, 577
368, 163, 309
369, 69, 311
370, 130, 979
371, 946, 1000
372, 144, 859
373, 371, 493
374, 299, 383
375, 479, 539
376, 46, 440
377, 189, 456
378, 210, 764
379, 236, 715
380, 626, 824
381, 573, 704
382, 435, 849
383, 569, 866
384, 389, 511
385, 194, 671
386, 197, 743
387, 634, 841
388, 592, 867
389, 406, 896
390, 133, 736
391, 268, 935
392, 209, 475
393, 95, 770
394, 873, 972
395, 77, 843
396, 94, 645
397, 379, 451
398, 54, 342
399, 106, 692
400, 279, 283
401, 640, 992
402, 65, 936
403, 213, 424
404, 44, 110
405, 128, 643
406, 250, 747
407, 469, 558
408, 644, 680
409, 349, 658
410, 367, 631
411, 422, 474
412, 460, 657
413, 642, 854
414, 607, 635
415, 172, 662
416, 669, 757
417, 81, 915
418, 75, 443
419, 472, 659
420, 176, 799
421, 426, 661
422, 70, 159
423, 45, 871
424, 777, 812
425, 413, 775
426, 492, 699
427, 131, 901
428, 368, 973
429, 621, 958
430, 663, 950
431, 230, 436
432, 314, 372
433, 173, 702
434, 58, 205
435, 288, 412
436, 433, 632
437, 378, 683
438, 254, 513
439, 527, 970
440, 780, 847
441, 486, 938
442, 249, 667
443, 323, 483
444, 853, 986
445, 56, 66
446, 206, 586
447, 516, 976
448, 235, 345
449, 285, 624
450, 690, 965
451, 260, 622
452, 485, 856
453, 278, 611
454, 227, 532
455, 3, 601
456, 108, 298
457, 42, 598
458, 355, 449
459, 154, 247
460, 441, 501
461, 439, 810
462, 112, 193
463, 778, 796
464, 261, 717
465, 115, 879
466, 134, 178
467, 759, 792
468, 191, 245
469, 526, 633
470, 40, 184
471, 101, 256
472, 7, 584
473, 255, 803
474, 180, 340
475, 27, 312
476, 39, 771
477, 637, 745
478, 292, 431
479, 414, 600
480, 515, 767
481, 394, 814
482, 503, 990
483, 266, 362
484, 381, 656
485, 251, 818
486, 291, 356
487, 582, 887
488, 430, 514
489, 536, 625
490, 294, 909
491, 165, 951
492, 15, 674
493, 548, 878
494, 29, 954
495, 170, 244
496, 295, 885
497, 904, 934
498, 343, 787
499, 454, 594
500, 673, 968
501, 78, 471
502, 129, 944
503, 5, 897
504, 294, 382
505, 927, 986
506, 413, 610
507, 438, 859
508, 258, 521
509, 599, 987
510, 36, 83
511, 61, 545
512, 111, 869
513, 86, 965
514, 187, 698
515, 423, 547
516, 418, 536
517, 353, 966
518, 527, 981
519, 312, 593
520, 197, 428
521, 383, 891
522, 56, 875
523, 667, 961
524, 311, 920
525, 245, 385
526, 136, 866
527, 699, 895
528, 106, 828
529, 584, 857
530, 554, 708
531, 307, 340
532, 163, 448
533, 354, 683
534, 127, 602
535, 228, 374
536, 133, 490
537, 102, 837
538, 117, 821
539, 97, 695
540, 248, 691
541, 502, 580
542, 325, 550
543, 284, 634
544, 42, 976
545, 269, 937
546, 305, 973
547, 268, 562
548, 229, 816
549, 351, 879
550, 174, 659
551, 321, 361
552, 166, 717
553, 431, 955
554, 52, 99
555, 722, 798
556, 267, 737
557, 184, 700
558, 387, 603
559, 45, 685
560, 858, 946
561, 100, 590
562, 458, 850
563, 87, 644
564, 104, 377
565, 64, 530
566, 614, 934
567, 90, 407
568, 358, 919
569, 247, 273
570, 753, 836
571, 213, 455
572, 173, 275
573, 403, 548
574, 657, 724
575, 116, 342
576, 558, 978
577, 290, 568
578, 92, 588
579, 306, 800
580, 237, 495
581, 243, 574
582, 46, 820
583, 298, 302
584, 384, 624
585, 504, 707
586, 53, 637
587, 788, 876
588, 161, 225
589, 447, 877
590, 483, 950
591, 108, 904
592, 289, 573
593, 140, 276
594, 715, 997
595, 250, 604
596, 54, 114
597, 209, 525
598, 765, 901
599, 287, 968
600, 441, 781
601, 499, 510
602, 376, 818
603, 75, 368
604, 642, 806
605, 834, 964
606, 205, 253
607, 412, 443
608, 398, 436
609, 37, 511
610, 251, 832
611, 10, 195
612, 565, 988
613, 81, 757
614, 191, 791
615, 215, 774
616, 38, 739
617, 397, 450
618, 831, 989
619, 177, 925
620, 200, 670
621, 1, 62
622, 30, 793
623, 74, 505
624, 591, 627
625, 82, 887
626, 552, 678
627, 150, 775
628, 479, 651
629, 77, 745
630, 350, 615
631, 154, 796
632, 13, 226
633, 176, 359
634, 47, 609
635, 41, 620
636, 494, 931
637, 217, 282
638, 755, 947
639, 746, 792
640, 34, 640
641, 210, 544
642, 165, 513
643, 674, 903
644, 222, 677
645, 60, 101
646, 697, 723
647, 822, 935
648, 733, 912
649, 489, 658
650, 21, 143
651, 646, 749
652, 280, 784
653, 261, 894
654, 59, 629
655, 186, 641
656, 681, 713
657, 638, 814
658, 98, 721
659, 482, 645
660, 149, 264
661, 26, 953
662, 3, 959
663, 144, 364
664, 761, 809
665, 236, 395
666, 115, 464
667, 914, 951
668, 137, 915
669, 794, 998
670, 169, 265
671, 497, 655
672, 424, 855
673, 328, 425
674, 743, 905
675, 315, 336
676, 138, 192
677, 422, 748
678, 152, 613
679, 493, 673
680, 825, 992
681, 188, 679
682, 147, 984
683, 7, 241
684, 85, 235
685, 430, 571
686, 688, 910
687, 131, 132
688, 234, 898
689, 293, 813
690, 277, 288
691, 221, 729
692, 833, 967
693, 170, 531
694, 28, 487
695, 476, 762
696, 91, 310
697, 8, 468
698, 96, 341
699, 167, 378
700, 601, 868
701, 134, 854
702, 55, 432
703, 181, 549
704, 929, 974
705, 520, 844
706, 402, 874
707, 25, 983
708, 63, 446
709, 201, 472
710, 452, 979
711, 577, 693
712, 180, 770
713, 444, 805
714, 50, 886
715, 207, 291
716, 272, 572
717, 537, 669
718, 636, 730
719, 880, 971
720, 738, 942
721, 203, 999
722, 419, 467
723, 196, 804
724, 4, 932
725, 72, 819
726, 49, 67
727, 297, 484
728, 57, 777
729, 11, 616
730, 399, 960
731, 266, 592
732, 663, 824
733, 763, 980
734, 332, 618
735, 689, 913
736, 474, 808
737, 27, 435
738, 94, 256
739, 246, 718
740, 587, 827
741, 157, 883
742, 621, 917
743, 285, 582
744, 597, 692
745, 151, 343
746, 259, 888
747, 204, 581
748, 183, 252
749, 69, 864
750, 389, 469
751, 750, 847
752, 339, 370
753, 461, 802
754, 684, 977
755, 292, 366
756, 43, 759
757, 278, 710
758, 465, 906
759, 329, 509
760, 612, 842
761, 744, 783
762, 158, 954
763, 911, 972
764, 556, 585
765, 415, 786
766, 848, 975
767, 230, 751
768, 405, 622
769, 488, 492
770, 113, 945
771, 249, 286
772, 349, 924
773, 542, 557
774, 797, 956
775, 124, 882
776, 406, 863
777, 607, 747
778, 457, 478
779, 295, 884
780, 595, 752
781, 539, 815
782, 238, 517
783, 148, 990
784, 625, 871
785, 503, 810
786, 128, 726
787, 317, 889
788, 242, 304
789, 70, 345
790, 274, 323
791, 109, 922
792, 559, 704
793, 139, 421
794, 337, 926
795, 357, 654
796, 89, 145
797, 15, 84
798, 271, 878
799, 526, 811
800, 740, 839
801, 605, 773
802, 35, 631
803, 16, 853
804, 206, 367
805, 885, 982
806, 58, 208
807, 33, 952
808, 121, 579
809, 449, 758
810, 533, 948
811, 122, 756
812, 327, 957
813, 211, 394
814, 420, 711
815, 231, 849
816, 393, 404
817, 12, 725
818, 160, 928
819, 491, 826
820, 168, 355
821, 178, 416
822, 23, 553
823, 596, 778
824, 360, 362
825, 635, 940
826, 338, 712
827, 480, 845
828, 162, 224
829, 219, 575
830, 299, 896
831, 24, 563
832, 120, 410
833, 501, 649
834, 626, 650
835, 17, 873
836, 508, 991
837, 534, 720
838, 365, 676
839, 433, 671
840, 88, 244
841, 390, 872
842, 639, 870
843, 296, 661
844, 194, 768
845, 324, 881
846, 541, 702
847, 600, 686
848, 159, 731
849, 9, 921
850, 330, 363
851, 524, 656
852, 477, 902
853, 519, 939
854, 427, 664
855, 334, 653
856, 732, 838
857, 456, 611
858, 66, 795
859, 569, 662
860, 214, 767
861, 930, 962
862, 48, 923
863, 392, 703
864, 164, 570
865, 411, 899
866, 189, 719
867, 619, 776
868, 529, 766
869, 437, 500
870, 313, 705
871, 44, 372
872, 123, 270
873, 79, 381
874, 316, 666
875, 326, 860
876, 388, 907
877, 220, 936
878, 728, 823
879, 71, 322
880, 156, 812
881, 507, 799
882, 118, 803
883, 146, 632
884, 498, 665
885, 742, 754
886, 515, 564
887, 19, 538
888, 216, 892
889, 2, 672
890, 555, 567
891, 771, 772
892, 308, 675
893, 426, 462
894, 125, 995
895, 257, 262
896, 142, 782
897, 20, 963
898, 727, 741
899, 232, 481
900, 254, 735
901, 93, 314
902, 65, 126
903, 202, 861
904, 463, 566
905, 865, 970
906, 112, 551
907, 445, 523
908, 380, 909
909, 473, 516
910, 439, 648
911, 373, 440
912, 454, 578
913, 80, 240
914, 22, 193
915, 401, 628
916, 630, 908
917, 155, 576
918, 18, 414
919, 130, 175
920, 652, 780
921, 303, 320
922, 309, 608
923, 485, 696
924, 333, 843
925, 633, 787
926, 369, 606
927, 29, 348
928, 218, 668
929, 543, 841
930, 255, 682
931, 701, 949
932, 199, 460
933, 709, 856
934, 281, 790
935, 39, 475
936, 182, 916
937, 346, 817
938, 318, 331
939, 73, 734
940, 371, 994
941, 594, 867
942, 561, 690
943, 706, 969
944, 532, 900
945, 212, 716
946, 68, 985
947, 95, 736
948, 319, 391
949, 153, 190
950, 535, 938
951, 51, 335
952, 429, 941
953, 227, 846
954, 386, 417
955, 687, 789
956, 375, 408
957, 506, 996
958, 119, 171
959, 560, 694
960, 185, 396
961, 801, 830
962, 103, 528
963, 344, 779
964, 300, 890
965, 347, 893
966, 453, 623
967, 586, 589
968, 785, 852
969, 6, 958
970, 680, 851
971, 198, 1000
972, 512, 807
973, 110, 301
974, 283, 764
975, 279, 459
976, 540, 660
977, 233, 840
978, 32, 829
979, 76, 356
980, 141, 546
981, 760, 769
982, 442, 918
983, 14, 379
984, 263, 714
985, 179, 434
986, 239, 862
987, 518, 933
988, 260, 470
989, 31, 352
990, 172, 522
991, 107, 583
992, 105, 486
993, 400, 643
994, 223, 409
995, 496, 647
996, 514, 617
997, 40, 993
998, 135, 451
999, 466, 598
1000, 835, 943
1001, 764, 906
1002, 151, 671
1003, 52, 601
1004, 386, 665
1005, 9, 813
1006, 917, 937
1007, 148, 468
1008, 326, 341
1009, 266, 271
1010, 444, 651
1011, 192, 637
1012, 311, 522
1013, 224, 749
1014, 29, 382
1015, 307, 961
1016, 7, 769
1017, 608, 778
1018, 286, 657
1019, 385, 471
1020, 181, 463
1021, 328, 808
1022, 327, 951
1023, 228, 923
1024, 309, 364
1025, 564, 640
1026, 587, 733
1027, 145, 416
1028, 194, 952
1029, 430, 825
1030, 457, 499
1031, 668, 842
1032, 315, 762
1033, 630, 795
1034, 79, 324
1035, 24, 312
1036, 1, 847
1037, 289, 586
1038, 244, 572
1039, 26, 850
1040, 439, 488
1041, 32, 265
1042, 78, 661
1043, 197, 913
1044, 402, 793
1045, 160, 794
1046, 397, 530
1047, 594, 841
1048, 481, 878
1049, 851, 964
1050, 64, 660
1051, 98, 435
1052, 285, 539
1053, 303, 549
1054, 750, 879
1055, 130, 139
1056, 300, 388
1057, 570, 943
1058, 60, 155
1059, 182, 613
1060, 293, 609
1061, 854, 976
1062, 131, 363
1063, 487, 542
1064, 163, 958
1065, 427, 968
1066, 290, 771
1067, 198, 815
1068, 44, 204
1069, 683, 870
1070, 406, 960
1071, 441, 837
1072, 560, 838
1073, 442, 869
1074, 190, 480
1075, 494, 692
1076, 744, 900
1077, 154, 330
1078, 524, 936
1079, 294, 576
1080, 71, 415
1081, 53, 824
1082, 16, 925
1083, 568, 810
1084, 528, 981
1085, 931, 979
1086, 490, 544
1087, 532, 589
1088, 109, 112
1089, 501, 902
1090, 475, 482
1091, 355, 860
1092, 706, 963
1093, 167, 422
1094, 185, 714
1095, 25, 446
1096, 252, 610
1097, 97, 752
1098, 208, 316
1099, 57, 431
1100, 138, 369
1101, 89, 541
1102, 253, 775
1103, 209, 236
1104, 162, 774
1105, 142, 745
1106, 332, 669
1107, 333, 945
1108, 115, 867
1109, 77, 1000
1110, 38, 737
1111, 134, 787
1112, 800, 886
1113, 166, 618
1114, 470, 985
1115, 94, 474
1116, 396, 993
1117, 33, 819
1118, 225, 478
1119, 467, 628
1120, 128, 546
1121, 90, 193
1122, 375, 996
1123, 249, 897
1124, 340, 497
1125, 521, 705
1126, 356, 989
1127, 217, 693
1128, 379, 529
1129, 380, 947
1130, 653, 962
1131, 42, 826
1132, 241, 679
1133, 531, 890
1134, 73, 855
1135, 581, 780
1136, 245, 288
1137, 177, 633
1138, 104, 658
1139, 425, 645
1140, 281, 508
1141, 399, 648
1142, 51, 367
1143, 214, 548
1144, 66, 792
1145, 28, 387
1146, 473, 512
1147, 2, 798
1148, 156, 607
1149, 122, 338
1150, 147, 883
1151, 113, 674
1152, 273, 412
1153, 517, 863
1154, 21, 724
1155, 605, 918
1156, 100, 696
1157, 180, 189
1158, 10, 675
1159, 368, 734
1160, 372, 978
1161, 503, 644
1162, 172, 322
1163, 11, 152
1164, 553, 680
1165, 69, 844
1166, 99, 545
1167, 65, 629
1168, 291, 578
1169, 408, 434
1170, 146, 834
1171, 407, 554
1172, 243, 965
1173, 314, 796
1174, 14, 562
1175, 454, 466
1176, 673, 956
1177, 550, 563
1178, 719, 929
1179, 50, 127
1180, 23, 839
1181, 500, 597
1182, 239, 433
1183, 141, 816
1184, 449, 832
1185, 701, 969
1186, 781, 974
1187, 713, 738
1188, 448, 760
1189, 582, 590
1190, 933, 995
1191, 279, 351
1192, 30, 513
1193, 226, 725
1194, 258, 514
1195, 135, 823
1196, 389, 626
1197, 86, 110
1198, 417, 559
1199, 642, 691
1200, 625, 634
1201, 199, 649
1202, 8, 777
1203, 267, 424
1204, 158, 830
1205, 856, 939
1206, 573, 920
1207, 144, 313
1208, 336, 453
1209, 106, 505
1210, 360, 664
1211, 116, 770
1212, 595, 624
1213, 120, 133
1214, 205, 604
1215, 659, 971
1216, 292, 948
1217, 619, 639
1218, 557, 593
1219, 91, 357
1220, 707, 722
1221, 76, 728
1222, 83, 941
1223, 484, 603
1224, 889, 959
1225, 149, 910
1226, 55, 477
1227, 588, 592
1228, 558, 866
1229, 223, 519
1230, 175, 464
1231, 350, 428
1232, 12, 904
1233, 308, 616
1234, 662, 835
1235, 535, 727
1236, 161, 848
1237, 93, 600
1238, 401, 461
1239, 222, 460
1240, 310, 940
1241, 742, 817
1242, 631, 992
1243, 39, 731
1244, 195, 877
1245, 718, 881
1246, 58, 684
1247, 63, 437
1248, 85, 702
1249, 301, 393
1250, 75, 655
1251, 682, 861
1252, 344, 712
1253, 612, 797
1254, 831, 987
1255, 458, 820
1256, 59, 650
1257, 250, 934
1258, 391, 859
1259, 227, 404
1260, 15, 527
1261, 49, 741
1262, 345, 942
1263, 615, 907
1264, 247, 914
1265, 5, 804
1266, 187, 410
1267, 257, 298
1268, 40, 82
1269, 452, 803
1270, 347, 806
1271, 511, 966
1272, 129, 537
1273, 638, 950
1274, 132, 896
1275, 31, 329
1276, 829, 972
1277, 614, 973
1278, 27, 216
1279, 237, 845
1280, 538, 916
1281, 421, 930
1282, 320, 977
1283, 173, 627
1284, 47, 62
1285, 709, 788
1286, 419, 748
1287, 13, 114
1288, 761, 779
1289, 405, 924
1290, 479, 687
1291, 171, 510
1292, 543, 596
1293, 721, 729
1294, 260, 791
1295, 690, 740
1296, 179, 677
1297, 409, 944
1298, 46, 772
1299, 652, 703
1300, 763, 988
1301, 911, 912
1302, 143, 334
1303, 184, 998
1304, 108, 666
1305, 105, 643
1306, 343, 395
1307, 678, 821
1308, 282, 715
1309, 240, 346
1310, 676, 730
1311, 84, 136
1312, 672, 903
1313, 583, 811
1314, 495, 602
1315, 318, 489
1316, 509, 957
1317, 462, 599
1318, 374, 786
1319, 323, 432
1320, 61, 178
1321, 688, 970
1322, 617, 809
1323, 325, 975
1324, 159, 485
1325, 306, 518
1326, 498, 984
1327, 297, 846
1328, 525, 935
1329, 776, 967
1330, 103, 932
1331, 598, 888
1332, 274, 717
1333, 54, 622
1334, 302, 496
1335, 476, 876
1336, 710, 857
1337, 188, 429
1338, 88, 700
1339, 371, 955
1340, 68, 891
1341, 264, 895
1342, 80, 220
1343, 370, 862
1344, 196, 635
1345, 213, 871
1346, 200, 849
1347, 36, 465
1348, 22, 335
1349, 206, 899
1350, 176, 814
1351, 354, 747
1352, 4, 681
1353, 276, 411
1354, 218, 373
1355, 413, 620
1356, 654, 994
1357, 317, 403
1358, 384, 801
1359, 785, 949
1360, 782, 928
1361, 95, 533
1362, 381, 697
1363, 43, 366
1364, 585, 873
1365, 269, 352
1366, 157, 219
1367, 641, 990
1368, 251, 438
1369, 123, 946
1370, 238, 887
1371, 6, 611
1372, 394, 921
1373, 125, 723
1374, 698, 756
1375, 242, 277
1376, 119, 919
1377, 319, 469
1378, 353, 751
1379, 101, 556
1380, 569, 606
1381, 262, 789
1382, 574, 938
1383, 48, 235
1384, 853, 980
1385, 170, 807
1386, 111, 256
1387, 18, 872
1388, 447, 754
1389, 445, 534
1390, 37, 229
1391, 552, 765
1392, 331, 565
1393, 283, 426
1394, 828, 926
1395, 81, 767
1396, 472, 540
1397, 87, 579
1398, 211, 358
1399, 362, 732
1400, 259, 567
1401, 45, 997
1402, 720, 953
1403, 321, 893
1404, 506, 865
1405, 231, 708
1406, 670, 836
1407, 203, 234
1408, 275, 365
1409, 685, 954
1410, 248, 440
1411, 183, 342
1412, 280, 894
1413, 150, 284
1414, 295, 591
1415, 272, 392
1416, 400, 986
1417, 361, 636
1418, 140, 233
1419, 663, 790
1420, 423, 566
1421, 191, 766
1422, 215, 436
1423, 17, 547
1424, 694, 908
1425, 359, 822
1426, 56, 523
1427, 491, 743
1428, 153, 735
1429, 92, 805
1430, 802, 827
1431, 34, 418
1432, 840, 922
1433, 376, 726
1434, 339, 420
1435, 232, 263
1436, 646, 858
1437, 515, 874
1438, 210, 507
1439, 875, 880
1440, 67, 378
1441, 623, 773
1442, 689, 892
1443, 278, 818
1444, 174, 999
1445, 647, 755
1446, 169, 456
1447, 230, 799
1448, 398, 758
1449, 41, 348
1450, 118, 287
1451, 270, 667
1452, 202, 632
1453, 711, 884
1454, 168, 483
1455, 759, 905
1456, 296, 520
1457, 349, 451
1458, 212, 443
1459, 201, 983
1460, 305, 450
1461, 526, 577
1462, 3, 121
1463, 246, 927
1464, 704, 852
1465, 207, 254
1466, 746, 915
1467, 165, 261
1468, 96, 580
1469, 124, 621
1470, 107, 784
1471, 35, 555
1472, 299, 739
1473, 455, 699
1474, 137, 502
1475, 74, 268
1476, 19, 536
1477, 117, 833
1478, 102, 492
1479, 126, 255
1480, 486, 868
1481, 20, 757
1482, 164, 716
1483, 686, 882
1484, 504, 901
1485, 493, 909
1486, 221, 982
1487, 516, 885
1488, 390, 584
1489, 383, 736
1490, 186, 768
1491, 753, 843
1492, 72, 898
1493, 571, 695
1494, 70, 551
1495, 656, 991
1496, 783, 864
1497, 377, 561
1498, 304, 337
1499, 414, 575
1500, 459, 812
1501, 46, 179
1502, 684, 791
1503, 268, 802
1504, 205, 275
1505, 708, 780
1506, 249, 393
1507, 85, 390
1508, 903, 910
1509, 41, 888
1510, 117, 796
1511, 204, 465
1512, 53, 376
1513, 730, 998
1514, 240, 988
1515, 68, 229
1516, 423, 619
1517, 546, 974
1518, 719, 984
1519, 206, 389
1520, 668, 729
1521, 218, 946
1522, 113, 849
1523, 473, 827
1524, 230, 530
1525, 17, 298
1526, 89, 415
1527, 378, 556
1528, 45, 49
1529, 416, 639
1530, 584, 628
1531, 147, 271
1532, 445, 701
1533, 466, 511
1534, 489, 514
1535, 661, 884
1536, 340, 405
1537, 382, 577
1538, 346, 825
1539, 670, 881
1540, 676, 966
1541, 549, 783
1542, 39, 728
1543, 149, 501
1544, 417, 985
1545, 157, 665
1546, 564, 691
1547, 26, 500
1548, 958, 996
1549, 368, 544
1550, 551, 597
1551, 342, 538
1552, 21, 294
1553, 84, 875
1554, 422, 790
1555, 38, 233
1556, 54, 643
1557, 128, 636
1558, 359, 781
1559, 496, 672
1560, 5, 457
1561, 440, 752
1562, 180, 586
1563, 203, 459
1564, 217, 363
1565, 50, 79
1566, 123, 819
1567, 244, 462
1568, 210, 795
1569, 648, 653
1570, 526, 683
1571, 674, 879
1572, 192, 620
1573, 27, 92
1574, 536, 621
1575, 892, 942
1576, 242, 623
1577, 277, 640
1578, 62, 776
1579, 267, 987
1580, 505, 947
1581, 238, 859
1582, 573, 821
1583, 196, 965
1584, 13, 927
1585, 529, 941
1586, 188, 476
1587, 826, 831
1588, 407, 981
1589, 169, 327
1590, 225, 297
1591, 377, 439
1592, 799, 822
1593, 687, 816
1594, 172, 991
1595, 156, 604
1596, 133, 381
1597, 176, 631
1598, 105, 712
1599, 186, 897
1600, 36, 512
1601, 832, 853
1602, 214, 856
1603, 309, 861
1604, 88, 864
1605, 520, 995
1606, 129, 868
1607, 495, 986
1608, 151, 833
1609, 145, 279
1610, 281, 543
1611, 343, 893
1612, 413, 609
1613, 98, 498
1614, 74, 474
1615, 312, 805
1616, 6, 87
1617, 400, 468
1618, 1, 372
1619, 288, 469
1620, 101, 955
1621, 102, 948
1622, 562, 934
1623, 20, 421
1624, 485, 812
1625, 542, 723
1626, 162, 591
1627, 304, 491
1628, 261, 873
1629, 140, 397
1630, 314, 606
1631, 626, 682
1632, 325, 453
1633, 315, 575
1634, 59, 483
1635, 659, 809
1636, 851, 930
1637, 237, 302
1638, 610, 962
1639, 557, 671
1640, 120, 956
1641, 598, 635
1642, 509, 693
1643, 114, 727
1644, 731, 973
1645, 310, 803
1646, 634, 741
1647, 308, 808
1648, 167, 787
1649, 365, 613
1650, 97, 753
1651, 697, 699
1652, 292, 801
1653, 560, 926
1654, 200, 798
1655, 976, 989
1656, 705, 837
1657, 161, 273
1658, 124, 703
1659, 857, 938
1660, 558, 813
1661, 484, 761
1662, 867, 913
1663, 8, 917
1664, 419, 638
1665, 72, 775
1666, 100, 328
1667, 622, 733
1668, 73, 602
1669, 523, 800
1670, 221, 516
1671, 208, 645
1672, 187, 550
1673, 198, 662
1674, 475, 773
1675, 616, 688
1676, 130, 548
1677, 408, 506
1678, 228, 448
1679, 33, 736
1680, 337, 424
1681, 290, 547
1682, 841, 964
1683, 679, 911
1684, 170, 185
1685, 646, 977
1686, 321, 657
1687, 70, 138
1688, 226, 245
1689, 449, 700
1690, 341, 571
1691, 553, 696
1692, 77, 900
1693, 725, 737
1694, 231, 540
1695, 939, 961
1696, 34, 924
1697, 541, 804
1698, 283, 456
1699, 99, 793
1700, 430, 464
1701, 494, 889
1702, 61, 706
1703, 82, 209
1704, 127, 220
1705, 669, 854
1706, 412, 510
1707, 508, 895
1708, 64, 160
1709, 270, 399
1710, 366, 694
1711, 257, 618
1712, 259, 667
1713, 608, 907
1714, 7, 899
1715, 269, 300
1716, 191, 265
1717, 115, 280
1718, 388, 785
1719, 23, 347
1720, 395, 574
1721, 721, 844
1722, 726, 735
1723, 247, 689
1724, 612, 764
1725, 311, 779
1726, 330, 842
1727, 807, 858
1728, 135, 471
1729, 246, 581
1730, 433, 479
1731, 243, 717
1732, 318, 654
1733, 504, 874
1734, 632, 650
1735, 644, 692
1736, 386, 578
1737, 166, 420
1738, 260, 588
1739, 215, 901
1740, 432, 436
1741, 264, 522
1742, 525, 625
1743, 344, 866
1744, 142, 482
1745, 369, 379
1746, 227, 815
1747, 299, 711
1748, 173, 940
1749, 236, 444
1750, 524, 710
1751, 615, 746
1752, 380, 583
1753, 4, 647
1754, 252, 840
1755, 513, 820
1756, 451, 852
1757, 865, 945
1758, 442, 561
1759, 754, 919
1760, 69, 354
1761, 649, 739
1762, 384, 429
1763, 387, 572
1764, 14, 929
1765, 235, 950
1766, 276, 316
1767, 552, 772
1768, 404, 539
1769, 886, 957
1770, 48, 794
1771, 284, 757
1772, 109, 949
1773, 18, 576
1774, 118, 134
1775, 107, 517
1776, 493, 817
1777, 367, 877
1778, 199, 467
1779, 566, 589
1780, 519, 570
1781, 559, 755
1782, 443, 830
1783, 282, 931
1784, 295, 565
1785, 47, 67
1786, 814, 904
1787, 9, 535
1788, 532, 834
1789, 658, 771
1790, 95, 968
1791, 272, 872
1792, 278, 763
1793, 614, 824
1794, 738, 918
1795, 111, 336
1796, 306, 681
1797, 371, 502
1798, 720, 846
1799, 86, 348
1800, 60, 887
1801, 624, 806
1802, 16, 122
1803, 103, 734
1804, 592, 863
1805, 487, 818
1806, 174, 686
1807, 65, 594
1808, 905, 906
1809, 891, 894
1810, 251, 333
1811, 66, 521
1812, 291, 828
1813, 293, 629
1814, 878, 999
1815, 58, 756
1816, 182, 431
1817, 189, 617
1818, 401, 960
1819, 195, 855
1820, 137, 709
1821, 383, 936
1822, 51, 569
1823, 374, 975
1824, 224, 951
1825, 349, 862
1826, 450, 663
1827, 880, 982
1828, 470, 969
1829, 119, 256
1830, 441, 478
1831, 758, 980
1832, 91, 253
1833, 744, 983
1834, 860, 933
1835, 262, 599
1836, 106, 767
1837, 596, 751
1838, 150, 912
1839, 446, 797
1840, 223, 345
1841, 274, 943
1842, 454, 461
1843, 769, 993
1844, 848, 923
1845, 394, 890
1846, 250, 885
1847, 438, 716
1848, 153, 313
1849, 207, 414
1850, 338, 601
1851, 254, 704
1852, 29, 765
1853, 11, 607
1854, 722, 740
1855, 289, 760
1856, 125, 296
1857, 255, 835
1858, 503, 664
1859, 568, 748
1860, 94, 266
1861, 307, 909
1862, 80, 392
1863, 132, 916
1864, 463, 627
1865, 331, 402
1866, 3, 492
1867, 43, 56
1868, 55, 582
1869, 641, 836
1870, 22, 655
1871, 319, 970
1872, 403, 786
1873, 651, 921
1874, 177, 184
1875, 595, 843
1876, 32, 563
1877, 146, 361
1878, 637, 673
1879, 455, 922
1880, 24, 452
1881, 435, 928
1882, 44, 385
1883, 35, 163
1884, 915, 997
1885, 219, 406
1886, 263, 322
1887, 110, 685
1888, 580, 778
1889, 715, 759
1890, 190, 398
1891, 567, 845
1892, 31, 528
1893, 611, 959
1894, 630, 954
1895, 42, 829
1896, 139, 411
1897, 324, 357
1898, 144, 792
1899, 10, 193
1900, 323, 334
1901, 784, 944
1902, 25, 418
1903, 83, 537
1904, 75, 902
1905, 194, 774
1906, 303, 750
1907, 932, 972
1908, 171, 766
1909, 197, 782
1910, 168, 882
1911, 141, 143
1912, 213, 497
1913, 286, 914
1914, 81, 515
1915, 216, 1000
1916, 356, 714
1917, 656, 978
1918, 745, 810
1919, 600, 992
1920, 121, 362
1921, 352, 847
1922, 159, 364
1923, 202, 287
1924, 633, 823
1925, 104, 116
1926, 90, 963
1927, 57, 603
1928, 112, 148
1929, 108, 545
1930, 234, 925
1931, 211, 971
1932, 126, 232
1933, 883, 935
1934, 534, 590
1935, 350, 410
1936, 155, 481
1937, 165, 527
1938, 937, 990
1939, 680, 698
1940, 71, 876
1941, 136, 690
1942, 370, 908
1943, 678, 967
1944, 239, 770
1945, 425, 742
1946, 499, 789
1947, 320, 554
1948, 353, 838
1949, 78, 707
1950, 391, 920
1951, 480, 850
1952, 555, 811
1953, 248, 258
1954, 447, 898
1955, 743, 952
1956, 329, 518
1957, 152, 777
1958, 30, 732
1959, 749, 869
1960, 472, 593
1961, 458, 675
1962, 52, 212
1963, 93, 339
1964, 285, 326
1965, 131, 587
1966, 164, 870
1967, 241, 358
1968, 181, 747
1969, 201, 335
1970, 426, 666
1971, 477, 660
1972, 96, 605
1973, 355, 488
1974, 15, 585
1975, 40, 677
1976, 507, 533
1977, 158, 409
1978, 301, 953
1979, 175, 768
1980, 360, 486
1981, 183, 718
1982, 154, 332
1983, 37, 979
1984, 490, 871
1985, 19, 427
1986, 222, 531
1987, 76, 839
1988, 652, 994
1989, 375, 642
1990, 434, 460
1991, 317, 695
1992, 305, 579
1993, 396, 428
1994, 12, 724
1995, 373, 762
1996, 351, 713
1997, 437, 788
1998, 178, 702
1999, 63, 896
2000, 2, 28
2001, 569, 775
2002, 786, 854
2003, 713, 795
2004, 423, 750
2005, 374, 422
2006, 236, 377
2007, 697, 831
2008, 121, 926
2009, 448, 809
2010, 5, 445
2011, 269, 503
2012, 586, 626
2013, 871, 951
2014, 687, 945
2015, 546, 963
2016, 266, 663
2017, 287, 294
2018, 149, 549
2019, 46, 554
2020, 187, 732
2021, 193, 431
2022, 208, 971
2023, 301, 701
2024, 327, 788
2025, 319, 498
2026, 120, 436
2027, 264, 995
2028, 278, 797
2029, 827, 840
2030, 155, 867
2031, 559, 653
2032, 62, 806
2033, 85, 748
2034, 637, 785
2035, 316, 389
2036, 329, 532
2037, 773, 934
2038, 139, 787
2039, 189, 994
2040, 334, 419
2041, 470, 662
2042, 261, 735
2043, 212, 674
2044, 460, 604
2045, 265, 695
2046, 384, 730
2047, 331, 712
2048, 628, 927
2049, 124, 481
2050, 281, 923
2051, 608, 868
2052, 427, 941
2053, 409, 545
2054, 259, 380
2055, 67, 176
2056, 603, 970
2057, 515, 659
2058, 476, 585
2059, 631, 853
2060, 7, 89
2061, 55, 198
2062, 51, 715
2063, 894, 947
2064, 672, 843
2065, 173, 593
2066, 106, 411
2067, 808, 921
2068, 209, 859
2069, 24, 275
2070, 72, 353
2071, 138, 829
2072, 446, 649
2073, 179, 297
2074, 11, 273
2075, 752, 811
2076, 609, 667
2077, 60, 243
2078, 256, 567
2079, 113, 997
2080, 131, 992
2081, 194, 205
2082, 656, 815
2083, 363, 690
2084, 323, 835
2085, 744, 813
2086, 517, 651
2087, 1, 595
2088, 258, 977
2089, 175, 993
2090, 539, 973
2091, 285, 709
2092, 222, 837
2093, 563, 727
2094, 117, 192
2095, 137, 965
2096, 896, 954
2097, 705, 794
2098, 111, 652
2099, 263, 798
2100, 340, 877
2101, 282, 778
2102, 157, 891
2103, 283, 693
2104, 295, 333
2105, 17, 790
2106, 167, 211
2107, 232, 555
2108, 80, 219
2109, 103, 553
2110, 407, 413
2111, 564, 708
2112, 241, 974
2113, 525, 714
2114, 474, 591
2115, 318, 477
2116, 255, 365
2117, 388, 393
2118, 207, 729
2119, 12, 435
2120, 43, 677
2121, 114, 227
2122, 491, 611
2123, 257, 486
2124, 182, 225
2125, 277, 402
2126, 135, 233
2127, 372, 676
2128, 185, 640
2129, 349, 664
2130, 382, 426
2131, 172, 858
2132, 141, 322
2133, 34, 985
2134, 126, 716
2135, 245, 979
2136, 467, 534
2137, 658, 893
2138, 347, 805
2139, 96, 733
2140, 16, 597
2141, 490, 978
2142, 161, 624
2143, 607, 726
2144, 434, 919
2145, 69, 599
2146, 694, 924
2147, 367, 935
2148, 56, 648
2149, 64, 240
2150, 698, 952
2151, 468, 519
2152, 186, 589
2153, 307, 928
2154, 244, 535
2155, 500, 638
2156, 28, 68
2157, 582, 768
2158, 305, 557
2159, 21, 613
2160, 279, 949
2161, 226, 415
2162, 524, 645
2163, 54, 565
2164, 203, 457
2165, 507, 917
2166, 20, 441
2167, 178, 747
2168, 823, 932
2169, 390, 432
2170, 15, 40
2171, 745, 903
2172, 249, 566
2173, 558, 898
2174, 438, 718
2175, 112, 174
2176, 723, 746
2177, 130, 147
2178, 52, 128
2179, 268, 416
2180, 309, 547
2181, 375, 541
2182, 635, 990
2183, 366, 825
2184, 42, 661
2185, 151, 341
2186, 925, 968
2187, 84, 587
2188, 289, 345
2189, 280, 540
2190, 675, 685
2191, 26, 378
2192, 237, 943
2193, 13, 901
2194, 213, 469
2195, 217, 271
2196, 53, 371
2197, 202, 250
2198, 23, 216
2199, 8, 439
2200, 302, 899
2201, 583, 774
2202, 3, 851
2203, 692, 944
2204, 570, 684
2205, 581, 763
2206, 719, 740
2207, 369, 683
2208, 315, 394
2209, 290, 310
2210, 221, 616
2211, 348, 864
2212, 102, 530
2213, 267, 429
2214, 430, 573
2215, 699, 915
2216, 132, 502
2217, 196, 400
2218, 518, 972
2219, 116, 154
2220, 119, 933
2221, 802, 937
2222, 97, 260
2223, 14, 561
2224, 31, 556
2225, 552, 606
2226, 544, 771
2227, 246, 704
2228, 36, 428
2229, 373, 574
2230, 292, 876
2231, 9, 18
2232, 668, 758
2233, 299, 516
2234, 442, 911
2235, 395, 452
2236, 99, 612
2237, 303, 720
2238, 359, 857
2239, 880, 887
2240, 523, 737
2241, 455, 579
2242, 605, 755
2243, 644, 710
2244, 492, 522
2245, 682, 832
2246, 458, 686
2247, 162, 214
2248, 405, 996
2249, 879, 988
2250, 908, 957
2251, 77, 107
2252, 465, 765
2253, 821, 940
2254, 397, 478
2255, 584, 856
2256, 842, 946
2257, 224, 632
2258, 881, 936
2259, 100, 592
2260, 133, 471
2261, 386, 666
2262, 90, 358
2263, 159, 639
2264, 79, 501
2265, 673, 953
2266, 487, 849
2267, 920, 991
2268, 183, 325
2269, 48, 61
2270, 506, 627
2271, 229, 619
2272, 424, 647
2273, 200, 590
2274, 529, 863
2275, 272, 818
2276, 81, 754
2277, 641, 681
2278, 576, 861
2279, 728, 848
2280, 63, 231
2281, 575, 984
2282, 146, 158
2283, 230, 975
2284, 156, 542
2285, 197, 538
2286, 27, 907
2287, 401, 959
2288, 115, 165
2289, 618, 895
2290, 37, 352
2291, 488, 955
2292, 73, 313
2293, 350, 814
2294, 143, 817
2295, 512, 998
2296, 35, 204
2297, 743, 967
2298, 38, 49
2299, 298, 526
2300, 473, 981
2301, 489, 855
2302, 82, 560
2303, 364, 702
2304, 548, 761
2305, 531, 700
2306, 742, 866
2307, 440, 706
2308, 343, 466
2309, 253, 845
2310, 398, 671
2311, 495, 889
2312, 886, 931
2313, 210, 437
2314, 404, 780
2315, 456, 836
2316, 453, 838
2317, 170, 689
2318, 76, 215
2319, 190, 736
2320, 983, 987
2321, 383, 588
2322, 454, 741
2323, 562, 982
2324, 127, 320
2325, 39, 766
2326, 44, 387
2327, 10, 852
2328, 328, 355
2329, 247, 942
2330, 885, 956
2331, 822, 912
2332, 201, 804
2333, 962, 1000
2334, 87, 105
2335, 346, 826
2336, 391, 824
2337, 41, 617
2338, 104, 679
2339, 195, 238
2340, 767, 816
2341, 596, 620
2342, 339, 463
2343, 118, 621
2344, 338, 803
2345, 731, 958
2346, 421, 425
2347, 725, 890
2348, 57, 462
2349, 177, 304
2350, 122, 276
2351, 29, 680
2352, 414, 796
2353, 370, 841
2354, 665, 883
2355, 461, 493
2356, 874, 960
2357, 655, 792
2358, 98, 847
2359, 206, 472
2360, 688, 900
2361, 160, 875
2362, 520, 846
2363, 270, 550
2364, 108, 527
2365, 417, 764
2366, 288, 314
2367, 360, 828
2368, 433, 888
2369, 514, 812
2370, 284, 810
2371, 308, 614
2372, 188, 482
2373, 381, 420
2374, 403, 753
2375, 878, 929
2376, 351, 615
2377, 83, 368
2378, 65, 356
2379, 749, 791
2380, 508, 711
2381, 326, 691
2382, 140, 594
2383, 19, 939
2384, 475, 717
2385, 2, 499
2386, 94, 220
2387, 6, 242
2388, 464, 670
2389, 449, 724
2390, 317, 882
2391, 88, 286
2392, 123, 916
2393, 74, 738
2394, 362, 782
2395, 756, 844
2396, 218, 239
2397, 505, 909
2398, 33, 335
2399, 191, 357
2400, 376, 630
2401, 293, 312
2402, 163, 860
2403, 646, 914
2404, 296, 337
2405, 629, 862
2406, 70, 905
2407, 66, 533
2408, 509, 703
2409, 496, 654
2410, 444, 760
2411, 443, 480
2412, 25, 601
2413, 142, 961
2414, 610, 800
2415, 657, 964
2416, 300, 906
2417, 451, 633
2418, 181, 262
2419, 332, 799
2420, 872, 902
2421, 145, 751
2422, 291, 494
2423, 361, 379
2424, 869, 999
2425, 95, 807
2426, 32, 602
2427, 484, 757
2428, 235, 789
2429, 948, 980
2430, 636, 669
2431, 45, 578
2432, 93, 336
2433, 223, 910
2434, 580, 770
2435, 92, 781
2436, 528, 625
2437, 125, 199
2438, 71, 989
2439, 922, 938
2440, 86, 769
2441, 254, 408
2442, 4, 850
2443, 47, 572
2444, 91, 169
2445, 274, 777
2446, 734, 897
2447, 234, 543
2448, 324, 551
2449, 101, 497
2450, 884, 918
2451, 171, 577
2452, 696, 776
2453, 306, 485
2454, 109, 986
2455, 342, 511
2456, 459, 873
2457, 75, 779
2458, 164, 330
2459, 228, 396
2460, 166, 892
2461, 30, 504
2462, 392, 707
2463, 354, 521
2464, 721, 801
2465, 479, 913
2466, 622, 772
2467, 344, 660
2468, 252, 643
2469, 784, 969
2470, 739, 950
2471, 311, 650
2472, 59, 537
2473, 568, 793
2474, 110, 976
2475, 759, 830
2476, 150, 598
2477, 450, 642
2478, 134, 144
2479, 410, 870
2480, 153, 783
2481, 600, 678
2482, 820, 865
2483, 78, 412
2484, 50, 180
2485, 483, 834
2486, 148, 510
2487, 152, 571
2488, 251, 406
2489, 129, 248
2490, 321, 536
2491, 168, 833
2492, 136, 513
2493, 623, 762
2494, 634, 819
2495, 184, 385
2496, 722, 930
2497, 22, 839
2498, 58, 447
2499, 418, 966
2500, 399, 904
2501, 7, 50
2502, 725, 908
2503, 629, 677
2504, 454, 946
2505, 332, 513
2506, 426, 752
2507, 679, 958
2508, 28, 927
2509, 312, 390
2510, 88, 151
2511, 132, 964
2512, 157, 934
2513, 19, 55
2514, 73, 319
2515, 148, 357
2516, 133, 404
2517, 532, 904
2518, 407, 582
2519, 233, 316
2520, 256, 614
2521, 103, 706
2522, 166, 271
2523, 360, 868
2524, 137, 909
2525, 206, 853
2526, 43, 379
2527, 221, 639
2528, 623, 874
2529, 799, 928
2530, 339, 855
2531, 59, 598
2532, 217, 328
2533, 539, 813
2534, 350, 482
2535, 24, 896
2536, 452, 899
2537, 464, 605
2538, 278, 594
2539, 145, 870
2540, 263, 462
2541, 351, 779
2542, 310, 473
2543, 355, 963
2544, 246, 993
2545, 183, 972
2546, 767, 789
2547, 77, 308
2548, 288, 511
2549, 817, 957
2550, 71, 359
2551, 657, 690
2552, 374, 941
2553, 449, 701
2554, 164, 935
2555, 477, 764
2556, 528, 903
2557, 292, 393
2558, 238, 257
2559, 66, 702
2560, 269, 806
2561, 412, 474
2562, 115, 716
2563, 320, 653
2564, 481, 758
2565, 64, 458
2566, 695, 907
2567, 197, 550
2568, 487, 522
2569, 427, 465
2570, 703, 982
2571, 38, 939
2572, 91, 891
2573, 689, 902
2574, 676, 784
2575, 529, 930
2576, 134, 368
2577, 123, 255
2578, 89, 602
2579, 222, 962
2580, 248, 737
2581, 9, 542
2582, 60, 519
2583, 216, 490
2584, 362, 819
2585, 333, 984
2586, 109, 162
2587, 956, 959
2588, 298, 569
2589, 818, 988
2590, 516, 537
2591, 141, 564
2592, 436, 998
2593, 279, 713
2594, 294, 572
2595, 590, 863
2596, 210, 344
2597, 220, 280
2598, 728, 965
2599, 262, 687
2600, 325, 365
2601, 445, 945
2602, 284, 467
2603, 21, 865
2604, 842, 992
2605, 229, 408
2606, 124, 135
2607, 488, 671
2608, 2, 104
2609, 224, 948
2610, 352, 961
2611, 544, 595
2612, 644, 723
2613, 785, 798
2614, 766, 829
2615, 468, 607
2616, 201, 540
2617, 129, 772
2618, 268, 543
2619, 498, 802
2620, 399, 434
2621, 672, 989
2622, 331, 673
2623, 348, 646
2624, 293, 861
2625, 190, 286
2626, 199, 924
2627, 243, 733
2628, 79, 663
2629, 44, 234
2630, 346, 685
2631, 97, 480
2632, 203, 917
2633, 463, 496
2634, 808, 815
2635, 160, 237
2636, 495, 712
2637, 112, 287
2638, 592, 944
2639, 51, 204
2640, 411, 419
2641, 705, 810
2642, 640, 756
2643, 517, 866
2644, 172, 483
2645, 61, 753
2646, 31, 555
2647, 438, 612
2648, 291, 549
2649, 313, 750
2650, 110, 587
2651, 364, 388
2652, 93, 122
2653, 240, 809
2654, 828, 971
2655, 938, 973
2656, 470, 635
2657, 315, 686
2658, 336, 526
2659, 304, 744
2660, 456, 505
2661, 213, 604
2662, 816, 825
2663, 219, 704
2664, 588, 886
2665, 8, 114
2666, 827, 951
2667, 46, 664
2668, 654, 882
2669, 700, 910
2670, 182, 591
2671, 90, 211
2672, 335, 548
2673, 493, 878
2674, 102, 738
2675, 309, 749
2676, 194, 630
2677, 442, 746
2678, 223, 811
2679, 212, 281
2680, 342, 428
2681, 512, 741
2682, 375, 533
2683, 326, 792
2684, 167, 893
2685, 174, 198
2686, 72, 314
2687, 579, 800
2688, 96, 859
2689, 881, 922
2690, 620, 768
2691, 142, 409
2692, 277, 978
2693, 33, 214
2694, 106, 416
2695, 589, 731
2696, 87, 402
2697, 596, 641
2698, 787, 923
2699, 150, 794
2700, 272, 966
2701, 433, 970
2702, 580, 618
2703, 492, 726
2704, 557, 879
2705, 6, 983
2706, 384, 790
2707, 41, 814
2708, 743, 824
2709, 247, 302
2710, 534, 698
2711, 225, 584
2712, 518, 850
2713, 295, 781
2714, 4, 149
2715, 615, 985
2716, 126, 136
2717, 636, 826
2718, 536, 724
2719, 633, 719
2720, 299, 681
2721, 139, 617
2722, 32, 401
2723, 128, 431
2724, 5, 446
2725, 242, 451
2726, 282, 497
2727, 105, 441
2728, 425, 999
2729, 227, 745
2730, 417, 860
2731, 338, 991
2732, 599, 628
2733, 341, 839
2734, 57, 208
2735, 858, 877
2736, 366, 975
2737, 423, 740
2738, 541, 925
2739, 322, 506
2740, 391, 554
2741, 655, 682
2742, 510, 969
2743, 666, 980
2744, 562, 871
2745, 387, 484
2746, 69, 369
2747, 624, 915
2748, 376, 575
2749, 600, 847
2750, 40, 997
2751, 420, 714
2752, 265, 650
2753, 18, 305
2754, 169, 675
2755, 244, 710
2756, 36, 757
2757, 235, 890
2758, 571, 574
2759, 527, 747
2760, 609, 849
2761, 228, 929
2762, 382, 837
2763, 175, 854
2764, 80, 864
2765, 443, 765
2766, 30, 34
2767, 381, 940
2768, 215, 699
2769, 736, 937
2770, 184, 581
2771, 771, 916
2772, 27, 321
2773, 159, 307
2774, 773, 793
2775, 231, 479
2776, 601, 876
2777, 98, 722
2778, 503, 531
2779, 418, 472
2780, 276, 760
2781, 290, 311
2782, 318, 632
2783, 195, 754
2784, 81, 82
2785, 68, 329
2786, 856, 931
2787, 85, 509
2788, 661, 804
2789, 862, 968
2790, 502, 986
2791, 696, 697
2792, 25, 414
2793, 783, 888
2794, 499, 683
2795, 267, 372
2796, 75, 565
2797, 343, 378
2798, 131, 273
2799, 113, 258
2800, 179, 911
2801, 440, 552
2802, 400, 717
2803, 120, 796
2804, 17, 448
2805, 347, 770
2806, 396, 524
2807, 138, 386
2808, 652, 831
2809, 42, 296
2810, 616, 776
2811, 205, 872
2812, 538, 642
2813, 942, 994
2814, 13, 748
2815, 99, 485
2816, 711, 906
2817, 833, 905
2818, 1, 769
2819, 421, 913
2820, 39, 974
2821, 16, 507
2822, 202, 708
2823, 171, 545
2824, 86, 209
2825, 270, 932
2826, 475, 556
2827, 200, 977
2828, 83, 869
2829, 821, 883
2830, 844, 936
2831, 383, 523
2832, 432, 954
2833, 651, 841
2834, 254, 918
2835, 119, 501
2836, 297, 323
2837, 693, 832
2838, 535, 955
2839, 361, 775
2840, 643, 838
2841, 437, 835
2842, 567, 960
2843, 392, 447
2844, 659, 846
2845, 153, 578
2846, 551, 885
2847, 118, 795
2848, 660, 987
2849, 236, 678
2850, 370, 884
2851, 397, 912
2852, 694, 843
2853, 803, 851
2854, 377, 949
2855, 176, 327
2856, 259, 570
2857, 274, 820
2858, 670, 967
2859, 14, 953
2860, 111, 774
2861, 367, 566
2862, 48, 665
2863, 193, 250
2864, 173, 797
2865, 466, 521
2866, 155, 356
2867, 78, 226
2868, 232, 573
2869, 324, 625
2870, 947, 950
2871, 3, 253
2872, 95, 647
2873, 140, 707
2874, 143, 403
2875, 152, 627
2876, 424, 742
2877, 101, 154
2878, 26, 751
2879, 560, 603
2880, 252, 469
2881, 283, 430
2882, 559, 919
2883, 35, 674
2884, 823, 943
2885, 300, 914
2886, 619, 709
2887, 898, 990
2888, 576, 780
2889, 92, 130
2890, 74, 547
2891, 67, 520
2892, 786, 900
2893, 406, 631
2894, 178, 389
2895, 337, 867
2896, 439, 692
2897, 58, 285
2898, 121, 729
2899, 395, 514
2900, 317, 894
2901, 897, 995
2902, 363, 852
2903, 563, 593
2904, 165, 453
2905, 471, 880
2906, 158, 801
2907, 47, 597
2908, 558, 730
2909, 189, 895
2910, 207, 621
2911, 353, 979
2912, 266, 807
2913, 125, 634
2914, 181, 875
2915, 180, 688
2916, 508, 921
2917, 340, 478
2918, 525, 763
2919, 761, 901
2920, 70, 834
2921, 156, 887
2922, 349, 626
2923, 610, 662
2924, 241, 622
2925, 230, 715
2926, 192, 667
2927, 62, 261
2928, 63, 759
2929, 422, 889
2930, 147, 553
2931, 461, 1000
2932, 107, 680
2933, 645, 648
2934, 15, 354
2935, 163, 836
2936, 845, 892
2937, 94, 429
2938, 251, 656
2939, 358, 691
2940, 191, 476
2941, 65, 777
2942, 608, 996
2943, 49, 380
2944, 330, 413
2945, 398, 515
2946, 187, 613
2947, 146, 727
2948, 306, 494
2949, 177, 196
2950, 12, 848
2951, 54, 926
2952, 22, 805
2953, 10, 29
2954, 455, 718
2955, 53, 144
2956, 264, 778
2957, 117, 873
2958, 289, 410
2959, 720, 920
2960, 491, 638
2961, 457, 684
2962, 20, 84
2963, 37, 762
2964, 840, 933
2965, 23, 952
2966, 668, 822
2967, 127, 500
2968, 45, 170
2969, 669, 782
2970, 161, 585
2971, 185, 755
2972, 334, 583
2973, 385, 405
2974, 52, 444
2975, 108, 373
2976, 791, 976
2977, 186, 460
2978, 275, 586
2979, 168, 489
2980, 116, 546
2981, 245, 788
2982, 239, 658
2983, 218, 606
2984, 415, 459
2985, 249, 371
2986, 188, 345
2987, 734, 830
2988, 260, 450
2989, 486, 530
2990, 611, 812
2991, 561, 568
2992, 11, 100
2993, 56, 649
2994, 303, 504
2995, 301, 577
2996, 76, 721
2997, 435, 739
2998, 857, 981
2999, 637, 732
3000, 394, 735
3001, 447, 810
3002, 851, 899
3003, 100, 852
3004, 451, 505
3005, 303, 972
3006, 392, 884
3007, 384, 629
3008, 155, 787
3009, 379, 778
3010, 272, 856
3011, 513, 800
3012, 242, 566
3013, 152, 622
3014, 645, 957
3015, 281, 977
3016, 325, 542
3017, 182, 732
3018, 626, 636
3019, 694, 777
3020, 232, 331
3021, 423, 698
3022, 179, 726
3023, 287, 818
3024, 32, 644
3025, 467, 754
3026, 556, 584
3027, 781, 999
3028, 568, 738
3029, 500, 821
3030, 448, 847
3031, 597, 649
3032, 461, 612
3033, 78, 153
3034, 339, 390
3035, 29, 920
3036, 185, 238
3037, 275, 997
3038, 191, 506
3039, 396, 785
3040, 561, 826
3041, 299, 788
3042, 559, 761
3043, 116, 534
3044, 385, 607
3045, 316, 802
3046, 717, 744
3047, 193, 801
3048, 73, 244
3049, 630, 974
3050, 353, 377
3051, 221, 581
3052, 123, 768
3053, 134, 563
3054, 460, 666
3055, 25, 428
3056, 9, 995
3057, 135, 591
3058, 142, 678
3059, 712, 989
3060, 406, 633
3061, 51, 354
3062, 627, 907
3063, 288, 929
3064, 209, 958
3065, 359, 387
3066, 111, 468
3067, 97, 145
3068, 481, 667
3069, 365, 936
3070, 166, 197
3071, 106, 740
3072, 222, 273
3073, 119, 350
3074, 274, 718
3075, 896, 998
3076, 252, 763
3077, 491, 885
3078, 278, 294
3079, 741, 756
3080, 618, 625
3081, 475, 812
3082, 245, 599
3083, 297, 799
3084, 181, 391
3085, 332, 606
3086, 918, 969
3087, 540, 735
3088, 376, 767
3089, 12, 774
3090, 251, 456
3091, 868, 873
3092, 560, 641
3093, 121, 229
3094, 228, 425
3095, 811, 970
3096, 46, 472
3097, 333, 595
3098, 509, 715
3099, 775, 953
3100, 39, 891
3101, 49, 747
3102, 82, 685
3103, 336, 673
3104, 56, 199
3105, 80, 634
3106, 75, 225
3107, 169, 737
3108, 190, 901
3109, 450, 988
3110, 790, 898
3111, 99, 660
3112, 194, 865
3113, 687, 859
3114, 260, 615
3115, 19, 240
3116, 346, 983
3117, 146, 173
3118, 823, 872
3119, 321, 765
3120, 48, 246
3121, 362, 808
3122, 214, 932
3123, 83, 582
3124, 265, 486
3125, 882, 967
3126, 577, 991
3127, 136, 941
3128, 587, 1000
3129, 125, 262
3130, 394, 463
3131, 98, 503
3132, 224, 368
3133, 664, 672
3134, 140, 910
3135, 11, 227
3136, 764, 804
3137, 714, 981
3138, 175, 399
3139, 90, 250
3140, 416, 769
3141, 133, 706
3142, 308, 585
3143, 33, 850
3144, 789, 867
3145, 519, 709
3146, 845, 922
3147, 231, 814
3148, 200, 620
3149, 57, 310
3150, 130, 822
3151, 93, 928
3152, 68, 875
3153, 498, 631
3154, 249, 727
3155, 14, 59
3156, 296, 824
3157, 284, 832
3158, 269, 550
3159, 162, 742
3160, 243, 934
3161, 203, 395
3162, 92, 291
3163, 578, 924
3164, 156, 894
3165, 105, 782
3166, 85, 381
3167, 50, 654
3168, 517, 979
3169, 483, 973
3170, 220, 688
3171, 522, 985
3172, 103, 541
3173, 586, 986
3174, 292, 479
3175, 72, 729
3176, 139, 279
3177, 638, 662
3178, 261, 978
3179, 208, 452
3180, 172, 628
3181, 388, 621
3182, 704, 921
3183, 198, 745
3184, 942, 952
3185, 684, 869
3186, 128, 880
3187, 237, 470
3188, 766, 866
3189, 349, 809
3190, 286, 418
3191, 207, 905
3192, 515, 876
3193, 489, 674
3194, 47, 956
3195, 437, 829
3196, 853, 950
3197, 147, 413
3198, 575, 646
3199, 494, 567
3200, 441, 518
3201, 639, 716
3202, 315, 421
3203, 576, 710
3204, 841, 916
3205, 485, 949
3206, 458, 598
3207, 253, 335
3208, 671, 930
3209, 205, 430
3210, 469, 791
3211, 215, 414
3212, 371, 492
3213, 686, 892
3214, 86, 878
3215, 529, 757
3216, 318, 946
3217, 22, 994
3218, 439, 608
3219, 301, 643
3220, 184, 753
3221, 65, 679
3222, 188, 602
3223, 651, 696
3224, 779, 846
3225, 438, 963
3226, 364, 525
3227, 96, 895
3228, 925, 926
3229, 327, 730
3230, 117, 776
3231, 196, 480
3232, 637, 877
3233, 154, 693
3234, 192, 657
3235, 101, 900
3236, 178, 604
3237, 16, 401
3238, 69, 268
3239, 668, 695
3240, 455, 533
3241, 543, 771
3242, 434, 780
3243, 7, 815
3244, 236, 524
3245, 171, 177
3246, 402, 839
3247, 264, 805
3248, 206, 271
3249, 113, 817
3250, 830, 844
3251, 495, 552
3252, 81, 386
3253, 64, 87
3254, 511, 619
3255, 367, 527
3256, 30, 230
3257, 160, 293
3258, 254, 363
3259, 400, 570
3260, 440, 762
3261, 258, 912
3262, 465, 624
3263, 10, 36
3264, 61, 831
3265, 35, 711
3266, 449, 508
3267, 257, 345
3268, 26, 45
3269, 1, 342
3270, 187, 721
3271, 375, 590
3272, 352, 906
3273, 497, 635
3274, 71, 523
3275, 217, 571
3276, 373, 843
3277, 411, 982
3278, 445, 539
3279, 2, 691
3280, 195, 397
3281, 784, 860
3282, 545, 796
3283, 132, 642
3284, 17, 70
3285, 280, 874
3286, 37, 680
3287, 888, 960
3288, 507, 849
3289, 675, 864
3290, 107, 426
3291, 493, 600
3292, 703, 803
3293, 330, 911
3294, 201, 436
3295, 477, 520
3296, 174, 951
3297, 109, 713
3298, 389, 605
3299, 555, 797
3300, 110, 356
3301, 690, 858
3302, 138, 708
3303, 94, 211
3304, 514, 677
3305, 38, 553
3306, 226, 943
3307, 328, 964
3308, 18, 583
3309, 88, 137
3310, 650, 807
3311, 488, 836
3312, 725, 750
3313, 189, 909
3314, 164, 751
3315, 913, 961
3316, 168, 569
3317, 749, 772
3318, 76, 881
3319, 183, 530
3320, 306, 914
3321, 167, 933
3322, 366, 736
3323, 180, 343
3324, 564, 755
3325, 422, 723
3326, 656, 861
3327, 551, 947
3328, 487, 908
3329, 210, 848
3330, 43, 433
3331, 944, 955
3332, 554, 792
3333, 158, 289
3334, 63, 282
3335, 317, 658
3336, 41, 940
3337, 322, 689
3338, 459, 748
3339, 127, 144
3340, 731, 923
3341, 720, 828
3342, 478, 965
3343, 77, 594
3344, 311, 959
3345, 290, 393
3346, 54, 504
3347, 681, 743
3348, 170, 655
3349, 405, 653
3350, 476, 512
3351, 31, 647
3352, 372, 613
3353, 593, 611
3354, 270, 341
3355, 415, 971
3356, 474, 980
3357, 733, 794
3358, 28, 247
3359, 699, 871
3360, 361, 838
3361, 27, 159
3362, 862, 996
3363, 267, 457
3364, 285, 616
3365, 40, 446
3366, 326, 816
3367, 314, 890
3368, 324, 773
3369, 234, 337
3370, 573, 968
3371, 420, 827
3372, 429, 596
3373, 521, 697
3374, 124, 565
3375, 603, 614
3376, 347, 632
3377, 151, 510
3378, 536, 702
3379, 313, 592
3380, 13, 464
3381, 374, 546
3382, 610, 834
3383, 351, 501
3384, 149, 233
3385, 334, 442
3386, 91, 707
3387, 20, 746
3388, 490, 813
3389, 23, 112
3390, 683, 760
3391, 62, 919
3392, 44, 904
3393, 114, 355
3394, 143, 320
3395, 532, 917
3396, 84, 283
3397, 329, 984
3398, 216, 443
3399, 89, 574
3400, 186, 665
3401, 295, 676
3402, 548, 992
3403, 58, 588
3404, 417, 835
3405, 670, 739
3406, 369, 724
3407, 52, 652
3408, 409, 410
3409, 67, 115
3410, 309, 378
3411, 223, 407
3412, 661, 722
3413, 502, 938
3414, 398, 728
3415, 255, 886
3416, 300, 462
3417, 572, 601
3418, 277, 935
3419, 338, 701
3420, 383, 719
3421, 348, 700
3422, 163, 609
3423, 131, 537
3424, 382, 879
3425, 42, 482
3426, 95, 993
3427, 8, 535
3428, 589, 659
3429, 544, 793
3430, 419, 837
3431, 6, 770
3432, 408, 931
3433, 663, 976
3434, 102, 855
3435, 528, 759
3436, 176, 312
3437, 161, 806
3438, 74, 549
3439, 496, 863
3440, 758, 893
3441, 212, 870
3442, 562, 579
3443, 15, 795
3444, 298, 819
3445, 344, 412
3446, 129, 915
3447, 118, 432
3448, 235, 538
3449, 122, 444
3450, 427, 902
3451, 120, 547
3452, 24, 854
3453, 370, 380
3454, 820, 897
3455, 358, 903
3456, 840, 887
3457, 431, 435
3458, 263, 557
3459, 126, 403
3460, 3, 526
3461, 453, 948
3462, 558, 623
3463, 340, 927
3464, 218, 842
3465, 34, 141
3466, 104, 471
3467, 150, 987
3468, 202, 466
3469, 705, 752
3470, 204, 648
3471, 692, 786
3472, 21, 66
3473, 266, 319
3474, 307, 640
3475, 276, 454
3476, 79, 484
3477, 4, 404
3478, 53, 302
3479, 734, 937
3480, 248, 939
3481, 305, 889
3482, 108, 954
3483, 259, 304
3484, 357, 990
3485, 213, 883
3486, 360, 516
3487, 424, 825
3488, 239, 580
3489, 256, 945
3490, 669, 975
3491, 60, 798
3492, 165, 241
3493, 5, 962
3494, 323, 833
3495, 531, 966
3496, 473, 499
3497, 157, 783
3498, 148, 682
3499, 55, 617
3500, 219, 857
3501, 50, 231
3502, 461, 915
3503, 288, 922
3504, 512, 827
3505, 28, 120
3506, 402, 937
3507, 92, 849
3508, 22, 263
3509, 227, 921
3510, 55, 356
3511, 53, 686
3512, 367, 407
3513, 545, 831
3514, 316, 946
3515, 454, 530
3516, 23, 507
3517, 460, 744
3518, 58, 970
3519, 42, 488
3520, 65, 805
3521, 36, 122
3522, 228, 421
3523, 587, 910
3524, 792, 987
3525, 213, 840
3526, 310, 697
3527, 114, 233
3528, 96, 503
3529, 221, 655
3530, 828, 876
3531, 75, 959
3532, 834, 856
3533, 334, 803
3534, 49, 634
3535, 494, 924
3536, 25, 192
3537, 289, 808
3538, 332, 559
3539, 431, 614
3540, 379, 762
3541, 325, 745
3542, 439, 750
3543, 632, 781
3544, 677, 741
3545, 108, 708
3546, 592, 621
3547, 755, 960
3548, 436, 988
3549, 457, 983
3550, 868, 884
3551, 770, 979
3552, 13, 995
3553, 264, 359
3554, 132, 363
3555, 147, 572
3556, 511, 809
3557, 15, 929
3558, 355, 735
3559, 198, 938
3560, 419, 835
3561, 229, 636
3562, 531, 908
3563, 157, 250
3564, 418, 852
3565, 2, 550
3566, 376, 747
3567, 435, 878
3568, 623, 848
3569, 667, 726
3570, 34, 950
3571, 448, 462
3572, 115, 499
3573, 790, 993
3574, 60, 967
3575, 265, 887
3576, 160, 765
3577, 366, 464
3578, 449, 549
3579, 533, 604
3580, 109, 280
3581, 432, 674
3582, 43, 736
3583, 423, 981
3584, 77, 729
3585, 400, 739
3586, 31, 978
3587, 154, 797
3588, 266, 869
3589, 558, 955
3590, 902, 926
3591, 347, 733
3592, 190, 358
3593, 346, 742
3594, 254, 992
3595, 194, 991
3596, 9, 980
3597, 134, 997
3598, 348, 886
3599, 490, 574
3600, 125, 732
3601, 180, 517
3602, 682, 709
3603, 631, 658
3604, 163, 832
3605, 524, 841
3606, 342, 394
3607, 89, 727
3608, 46, 411
3609, 220, 553
3610, 599, 789
3611, 18, 567
3612, 353, 374
3613, 118, 275
3614, 575, 889
3615, 138, 566
3616, 203, 913
3617, 79, 724
3618, 99, 290
3619, 426, 581
3620, 438, 713
3621, 111, 497
3622, 101, 707
3623, 306, 480
3624, 816, 907
3625, 239, 395
3626, 701, 855
3627, 169, 706
3628, 472, 853
3629, 57, 783
3630, 107, 664
3631, 415, 860
3632, 181, 474
3633, 251, 487
3634, 242, 443
3635, 97, 405
3636, 295, 653
3637, 199, 694
3638, 661, 695
3639, 276, 384
3640, 618, 693
3641, 214, 874
3642, 535, 843
3643, 611, 780
3644, 610, 958
3645, 641, 646
3646, 6, 373
3647, 76, 936
3648, 554, 864
3649, 737, 932
3650, 547, 639
3651, 188, 204
3652, 130, 752
3653, 315, 544
3654, 216, 591
3655, 388, 532
3656, 452, 953
3657, 253, 333
3658, 247, 371
3659, 344, 862
3660, 159, 409
3661, 483, 608
3662, 63, 404
3663, 217, 447
3664, 633, 871
3665, 182, 985
3666, 804, 951
3667, 150, 486
3668, 167, 590
3669, 670, 969
3670, 83, 386
3671, 525, 628
3672, 59, 829
3673, 195, 702
3674, 482, 895
3675, 44, 323
3676, 127, 563
3677, 467, 647
3678, 32, 626
3679, 230, 510
3680, 302, 994
3681, 286, 475
3682, 420, 917
3683, 70, 73
3684, 212, 671
3685, 121, 546
3686, 352, 390
3687, 153, 417
3688, 33, 925
3689, 131, 764
3690, 243, 945
3691, 557, 775
3692, 416, 446
3693, 329, 548
3694, 202, 338
3695, 807, 947
3696, 793, 990
3697, 189, 297
3698, 54, 616
3699, 246, 723
3700, 193, 704
3701, 281, 740
3702, 493, 711
3703, 21, 705
3704, 471, 796
3705, 746, 791
3706, 259, 465
3707, 360, 879
3708, 612, 730
3709, 129, 777
3710, 343, 685
3711, 410, 700
3712, 12, 481
3713, 534, 940
3714, 48, 319
3715, 434, 812
3716, 7, 137
3717, 469, 485
3718, 179, 651
3719, 721, 901
3720, 414, 756
3721, 543, 948
3722, 71, 468
3723, 478, 772
3724, 749, 858
3725, 219, 703
3726, 541, 883
3727, 30, 184
3728, 26, 536
3729, 84, 624
3730, 110, 906
3731, 146, 854
3732, 861, 943
3733, 113, 336
3734, 14, 313
3735, 196, 523
3736, 187, 931
3737, 786, 899
3738, 637, 715
3739, 237, 838
3740, 274, 339
3741, 529, 998
3742, 324, 714
3743, 556, 986
3744, 38, 935
3745, 430, 580
3746, 135, 509
3747, 389, 914
3748, 40, 774
3749, 424, 649
3750, 605, 857
3751, 569, 846
3752, 689, 996
3753, 98, 642
3754, 140, 542
3755, 675, 863
3756, 95, 800
3757, 17, 269
3758, 600, 911
3759, 141, 625
3760, 100, 873
3761, 897, 956
3762, 593, 638
3763, 330, 660
3764, 172, 501
3765, 208, 568
3766, 123, 335
3767, 397, 500
3768, 260, 681
3769, 540, 934
3770, 731, 806
3771, 640, 965
3772, 429, 514
3773, 794, 928
3774, 403, 743
3775, 16, 268
3776, 164, 322
3777, 218, 383
3778, 606, 716
3779, 668, 688
3780, 277, 850
3781, 162, 225
3782, 261, 795
3783, 577, 817
3784, 126, 152
3785, 491, 962
3786, 589, 942
3787, 309, 312
3788, 451, 657
3789, 3, 930
3790, 178, 754
3791, 387, 692
3792, 696, 877
3793, 492, 683
3794, 267, 562
3795, 412, 767
3796, 520, 753
3797, 272, 291
3798, 191, 888
3799, 311, 479
3800, 68, 565
3801, 61, 293
3802, 603, 974
3803, 699, 782
3804, 620, 787
3805, 183, 257
3806, 161, 294
3807, 102, 880
3808, 201, 585
3809, 433, 923
3810, 156, 444
3811, 222, 684
3812, 798, 847
3813, 155, 919
3814, 5, 825
3815, 422, 551
3816, 375, 865
3817, 331, 377
3818, 112, 207
3819, 320, 328
3820, 273, 337
3821, 321, 659
3822, 173, 891
3823, 327, 954
3824, 300, 613
3825, 650, 656
3826, 119, 898
3827, 303, 691
3828, 232, 717
3829, 679, 718
3830, 381, 473
3831, 573, 768
3832, 351, 380
3833, 802, 818
3834, 893, 939
3835, 47, 413
3836, 234, 598
3837, 51, 927
3838, 602, 619
3839, 174, 617
3840, 103, 814
3841, 238, 759
3842, 91, 516
3843, 629, 801
3844, 19, 93
3845, 725, 885
3846, 318, 596
3847, 584, 968
3848, 4, 811
3849, 124, 350
3850, 635, 851
3851, 555, 785
3852, 88, 528
3853, 52, 666
3854, 245, 648
3855, 144, 368
3856, 361, 971
3857, 455, 720
3858, 168, 810
3859, 408, 597
3860, 369, 944
3861, 496, 833
3862, 526, 867
3863, 240, 896
3864, 476, 538
3865, 69, 609
3866, 477, 578
3867, 215, 594
3868, 393, 972
3869, 90, 662
3870, 506, 984
3871, 508, 837
3872, 279, 773
3873, 364, 615
3874, 527, 680
3875, 579, 964
3876, 165, 844
3877, 283, 401
3878, 72, 909
3879, 349, 441
3880, 582, 698
3881, 365, 769
3882, 117, 989
3883, 779, 976
3884, 710, 819
3885, 185, 427
3886, 166, 751
3887, 284, 963
3888, 211, 982
3889, 80, 262
3890, 151, 176
3891, 105, 560
3892, 690, 771
3893, 81, 622
3894, 197, 977
3895, 258, 738
3896, 86, 502
3897, 372, 799
3898, 463, 513
3899, 450, 784
3900, 824, 961
3901, 760, 761
3902, 823, 941
3903, 378, 949
3904, 382, 571
3905, 645, 826
3906, 673, 719
3907, 1, 87
3908, 458, 728
3909, 177, 905
3910, 133, 308
3911, 29, 676
3912, 116, 537
3913, 56, 665
3914, 82, 453
3915, 672, 933
3916, 85, 148
3917, 362, 872
3918, 170, 285
3919, 248, 515
3920, 583, 586
3921, 45, 669
3922, 205, 999
3923, 278, 519
3924, 104, 890
3925, 255, 522
3926, 143, 894
3927, 37, 652
3928, 385, 678
3929, 27, 518
3930, 643, 920
3931, 241, 830
3932, 64, 206
3933, 341, 687
3934, 456, 595
3935, 236, 317
3936, 326, 505
3937, 440, 484
3938, 186, 370
3939, 139, 142
3940, 35, 314
3941, 106, 128
3942, 459, 763
3943, 916, 918
3944, 788, 952
3945, 299, 644
3946, 8, 301
3947, 822, 957
3948, 425, 836
3949, 912, 1000
3950, 398, 766
3951, 74, 601
3952, 287, 498
3953, 521, 815
3954, 66, 442
3955, 41, 428
3956, 78, 712
3957, 252, 345
3958, 249, 552
3959, 94, 821
3960, 226, 307
3961, 136, 813
3962, 576, 757
3963, 892, 975
3964, 271, 445
3965, 539, 630
3966, 296, 776
3967, 292, 966
3968, 210, 470
3969, 304, 437
3970, 145, 904
3971, 495, 734
3972, 62, 209
3973, 235, 820
3974, 223, 722
3975, 171, 256
3976, 244, 466
3977, 305, 354
3978, 200, 900
3979, 10, 564
3980, 396, 842
3981, 11, 399
3982, 654, 903
3983, 340, 504
3984, 561, 570
3985, 607, 859
3986, 392, 489
3987, 67, 663
3988, 24, 778
3989, 224, 357
3990, 627, 973
3991, 149, 391
3992, 282, 882
3993, 39, 270
3994, 845, 881
3995, 298, 406
3996, 158, 175
3997, 839, 875
3998, 20, 866
3999, 588, 870
4000, 748, 758
